,review_tokens,retrieved_vectors,missed
0,140,135,5
1,439,435,4
2,150,144,6
3,124,124,0
4,121,119,2
5,174,173,1
6,106,105,1
7,334,320,14
8,439,418,21
9,324,320,4
10,278,275,3
11,84,84,0
12,283,275,8
13,221,218,3
14,148,148,0
15,162,159,3
16,194,189,5
17,329,316,13
18,128,127,1
19,151,151,0
20,220,218,2
21,567,561,6
22,173,171,2
23,186,166,20
24,140,140,0
25,100,95,5
26,107,104,3
27,316,303,13
28,150,150,0
29,145,142,3
30,247,240,7
31,114,113,1
32,166,166,0
33,164,160,4
34,447,438,9
35,402,398,4
36,54,53,1
37,299,296,3
38,221,220,1
39,336,328,8
40,359,353,6
41,163,163,0
42,537,536,1
43,248,247,1
44,111,109,2
45,337,335,2
46,983,973,10
47,541,525,16
48,89,88,1
49,1841,1818,23
50,452,445,7
51,541,532,9
52,185,183,2
53,537,525,12
54,199,197,2
55,723,711,12
56,185,183,2
57,163,162,1
58,57,56,1
59,274,272,2
60,88,87,1
61,176,174,2
62,134,134,0
63,215,211,4
64,323,313,10
65,168,163,5
66,107,106,1
67,223,219,4
68,103,99,4
69,90,86,4
70,126,123,3
71,194,191,3
72,287,284,3
73,324,319,5
74,43,43,0
75,149,147,2
76,105,103,2
77,335,332,3
78,74,73,1
79,220,216,4
80,111,111,0
81,260,260,0
82,112,101,11
83,117,116,1
84,55,55,0
85,57,56,1
86,271,266,5
87,129,128,1
88,178,178,0
89,158,158,0
90,250,249,1
91,78,77,1
92,198,194,4
93,118,117,1
94,161,161,0
95,56,55,1
96,60,59,1
97,102,102,0
98,139,138,1
99,161,159,2
100,173,167,6
101,215,214,1
102,115,112,3
103,165,162,3
104,593,585,8
105,166,165,1
106,270,266,4
107,248,244,4
108,143,142,1
109,513,501,12
110,228,225,3
111,347,342,5
112,194,193,1
113,56,55,1
114,165,164,1
115,122,121,1
116,267,245,22
117,381,364,17
118,282,270,12
119,353,341,12
120,178,174,4
121,110,92,18
122,218,216,2
123,188,172,16
124,149,144,5
125,228,227,1
126,511,507,4
127,158,157,1
128,110,109,1
129,109,107,2
130,158,155,3
131,145,143,2
132,231,223,8
133,154,152,2
134,331,315,16
135,168,166,2
136,146,144,2
137,212,205,7
138,670,646,24
139,240,232,8
140,320,307,13
141,205,205,0
142,341,327,14
143,138,138,0
144,308,303,5
145,102,101,1
146,129,129,0
147,162,159,3
148,113,110,3
149,642,632,10
150,144,141,3
151,177,173,4
152,421,412,9
153,301,299,2
154,496,491,5
155,339,330,9
156,399,383,16
157,154,150,4
158,156,150,6
159,190,188,2
160,185,184,1
161,137,134,3
162,138,138,0
163,285,282,3
164,505,501,4
165,88,84,4
166,408,406,2
167,343,338,5
168,154,152,2
169,146,144,2
170,95,93,2
171,167,161,6
172,143,142,1
173,182,181,1
174,75,75,0
175,107,105,2
176,116,116,0
177,134,133,1
178,114,113,1
179,396,388,8
180,151,150,1
181,123,123,0
182,134,132,2
183,147,145,2
184,160,160,0
185,219,216,3
186,132,130,2
187,153,153,0
188,130,129,1
189,145,144,1
190,204,199,5
191,139,135,4
192,464,456,8
193,273,270,3
194,165,159,6
195,425,415,10
196,398,388,10
197,165,159,6
198,162,155,7
199,162,161,1
200,274,255,19
201,188,177,11
202,132,126,6
203,137,132,5
204,649,611,38
205,496,477,19
206,142,138,4
207,122,118,4
208,541,515,26
209,427,407,20
210,54,54,0
211,521,499,22
212,152,150,2
213,154,153,1
214,590,583,7
215,102,101,1
216,263,262,1
217,92,84,8
218,259,251,8
219,171,156,15
220,355,347,8
221,953,940,13
222,125,123,2
223,133,131,2
224,139,139,0
225,160,160,0
226,152,151,1
227,158,153,5
228,94,92,2
229,192,191,1
230,44,42,2
231,375,368,7
232,189,179,10
233,630,626,4
234,208,205,3
235,530,525,5
236,81,81,0
237,324,316,8
238,212,210,2
239,430,418,12
240,88,84,4
241,128,126,2
242,365,364,1
243,475,452,23
244,159,156,3
245,302,295,7
246,180,180,0
247,367,363,4
248,219,214,5
249,232,224,8
250,78,78,0
251,103,103,0
252,413,383,30
253,473,468,5
254,330,318,12
255,154,152,2
256,203,198,5
257,746,728,18
258,122,119,3
259,215,213,2
260,138,138,0
261,198,198,0
262,81,81,0
263,401,396,5
264,139,138,1
265,118,118,0
266,227,227,0
267,193,184,9
268,366,359,7
269,433,424,9
270,167,162,5
271,174,170,4
272,117,115,2
273,330,327,3
274,239,237,2
275,264,262,2
276,306,303,3
277,749,738,11
278,138,138,0
279,73,70,3
280,217,210,7
281,130,127,3
282,63,63,0
283,135,135,0
284,214,208,6
285,92,88,4
286,471,465,6
287,386,380,6
288,300,298,2
289,156,154,2
290,162,160,2
291,38,36,2
292,279,277,2
293,63,62,1
294,68,64,4
295,133,132,1
296,133,128,5
297,157,154,3
298,74,69,5
299,528,522,6
300,41,41,0
301,81,81,0
302,120,120,0
303,394,386,8
304,117,114,3
305,247,244,3
306,143,140,3
307,108,108,0
308,226,217,9
309,164,159,5
310,297,296,1
311,498,494,4
312,648,636,12
313,259,253,6
314,324,317,7
315,441,429,12
316,570,562,8
317,259,258,1
318,99,98,1
319,37,37,0
320,56,55,1
321,346,346,0
322,338,333,5
323,194,192,2
324,123,121,2
325,226,214,12
326,154,151,3
327,65,65,0
328,75,74,1
329,110,107,3
330,177,176,1
331,153,151,2
332,156,155,1
333,299,293,6
334,55,55,0
335,84,84,0
336,132,131,1
337,148,148,0
338,239,236,3
339,69,67,2
340,163,160,3
341,408,402,6
342,135,130,5
343,292,285,7
344,300,298,2
345,439,430,9
346,1300,1293,7
347,46,45,1
348,190,184,6
349,125,124,1
350,625,619,6
351,204,201,3
352,208,205,3
353,1004,989,15
354,357,354,3
355,477,463,14
356,263,262,1
357,122,121,1
358,373,356,17
359,234,233,1
360,207,196,11
361,175,174,1
362,106,106,0
363,684,665,19
364,191,184,7
365,116,115,1
366,167,166,1
367,184,181,3
368,495,474,21
369,195,191,4
370,352,351,1
371,247,242,5
372,250,248,2
373,172,169,3
374,236,231,5
375,267,263,4
376,917,894,23
377,336,331,5
378,178,175,3
379,183,180,3
380,148,146,2
381,188,182,6
382,249,245,4
383,179,176,3
384,191,189,2
385,260,250,10
386,30,30,0
387,237,236,1
388,321,316,5
389,139,139,0
390,229,229,0
391,137,137,0
392,356,352,4
393,569,564,5
394,187,185,2
395,845,822,23
396,711,701,10
397,201,201,0
398,164,163,1
399,153,152,1
400,338,333,5
401,217,217,0
402,352,346,6
403,363,361,2
404,346,343,3
405,185,184,1
406,154,151,3
407,207,206,1
408,144,143,1
409,134,131,3
410,62,62,0
411,186,185,1
412,118,116,2
413,176,176,0
414,170,165,5
415,208,203,5
416,164,159,5
417,132,131,1
418,114,113,1
419,123,122,1
420,187,185,2
421,787,753,34
422,142,140,2
423,147,147,0
424,153,150,3
425,159,159,0
426,185,183,2
427,143,141,2
428,164,163,1
429,302,292,10
430,251,249,2
431,139,135,4
432,184,184,0
433,249,244,5
434,125,124,1
435,48,48,0
436,67,64,3
437,164,156,8
438,245,239,6
439,508,492,16
440,452,440,12
441,180,179,1
442,314,306,8
443,424,422,2
444,95,93,2
445,100,96,4
446,246,237,9
447,136,136,0
448,299,279,20
449,73,72,1
450,291,287,4
451,475,460,15
452,901,868,33
453,93,92,1
454,738,734,4
455,124,123,1
456,163,158,5
457,408,390,18
458,265,263,2
459,86,81,5
460,283,281,2
461,228,223,5
462,184,181,3
463,225,218,7
464,392,378,14
465,145,143,2
466,660,636,24
467,143,140,3
468,207,206,1
469,565,555,10
470,135,132,3
471,434,431,3
472,255,252,3
473,270,269,1
474,152,149,3
475,135,134,1
476,111,110,1
477,321,316,5
478,625,617,8
479,156,155,1
480,193,192,1
481,173,170,3
482,113,112,1
483,244,240,4
484,370,365,5
485,263,257,6
486,543,524,19
487,410,406,4
488,239,236,3
489,229,229,0
490,777,769,8
491,253,251,2
492,91,88,3
493,258,256,2
494,271,265,6
495,183,179,4
496,239,239,0
497,73,73,0
498,146,146,0
499,511,501,10
500,141,138,3
501,176,176,0
502,251,248,3
503,183,177,6
504,631,625,6
505,256,254,2
506,216,215,1
507,100,99,1
508,96,95,1
509,89,89,0
510,444,429,15
511,119,119,0
512,119,119,0
513,36,36,0
514,708,706,2
515,313,308,5
516,137,137,0
517,208,207,1
518,170,167,3
519,106,103,3
520,269,263,6
521,123,121,2
522,479,466,13
523,208,207,1
524,152,150,2
525,83,82,1
526,216,213,3
527,156,154,2
528,192,188,4
529,170,169,1
530,218,215,3
531,124,122,2
532,259,257,2
533,49,49,0
534,203,199,4
535,110,107,3
536,214,210,4
537,431,419,12
538,141,141,0
539,166,162,4
540,164,164,0
541,148,145,3
542,106,105,1
543,198,196,2
544,129,123,6
545,91,87,4
546,124,120,4
547,75,74,1
548,122,120,2
549,180,178,2
550,106,104,2
551,118,118,0
552,102,97,5
553,51,51,0
554,119,118,1
555,159,158,1
556,130,130,0
557,151,149,2
558,153,152,1
559,377,374,3
560,132,131,1
561,87,87,0
562,149,147,2
563,129,129,0
564,250,248,2
565,250,249,1
566,124,123,1
567,146,141,5
568,278,272,6
569,63,61,2
570,117,117,0
571,185,181,4
572,74,74,0
573,814,797,17
574,124,120,4
575,280,269,11
576,154,151,3
577,181,181,0
578,295,292,3
579,410,401,9
580,193,190,3
581,189,184,5
582,101,99,2
583,278,272,6
584,891,873,18
585,140,135,5
586,328,324,4
587,110,106,4
588,329,324,5
589,267,260,7
590,132,131,1
591,170,169,1
592,123,123,0
593,111,105,6
594,124,121,3
595,167,167,0
596,148,145,3
597,129,129,0
598,127,127,0
599,198,195,3
600,139,138,1
601,113,113,0
602,409,406,3
603,218,216,2
604,301,298,3
605,510,504,6
606,187,184,3
607,144,142,2
608,788,780,8
609,113,111,2
610,146,145,1
611,282,282,0
612,279,274,5
613,652,641,11
614,116,113,3
615,252,248,4
616,1206,1198,8
617,88,87,1
618,127,126,1
619,99,99,0
620,205,205,0
621,65,65,0
622,388,382,6
623,486,476,10
624,47,45,2
625,332,330,2
626,51,51,0
627,278,269,9
628,130,128,2
629,91,87,4
630,107,105,2
631,144,141,3
632,114,114,0
633,805,779,26
634,389,387,2
635,312,301,11
636,216,212,4
637,75,72,3
638,138,137,1
639,561,553,8
640,120,117,3
641,228,220,8
642,461,439,22
643,60,60,0
644,136,134,2
645,529,512,17
646,180,177,3
647,439,426,13
648,332,330,2
649,291,280,11
650,493,482,11
651,77,74,3
652,370,353,17
653,107,107,0
654,45,45,0
655,119,119,0
656,236,236,0
657,174,174,0
658,115,114,1
659,500,491,9
660,971,962,9
661,126,124,2
662,176,175,1
663,44,44,0
664,249,247,2
665,81,78,3
666,374,369,5
667,169,169,0
668,152,149,3
669,127,126,1
670,354,350,4
671,36,35,1
672,42,39,3
673,142,137,5
674,96,96,0
675,57,56,1
676,156,154,2
677,127,126,1
678,137,132,5
679,81,80,1
680,190,188,2
681,332,320,12
682,186,182,4
683,81,79,2
684,435,425,10
685,215,204,11
686,764,744,20
687,232,209,23
688,94,93,1
689,189,189,0
690,64,62,2
691,96,94,2
692,210,197,13
693,176,175,1
694,263,261,2
695,191,189,2
696,463,451,12
697,88,84,4
698,142,141,1
699,60,59,1
700,132,132,0
701,142,141,1
702,260,257,3
703,150,150,0
704,211,211,0
705,107,104,3
706,122,119,3
707,68,62,6
708,93,89,4
709,637,609,28
710,49,49,0
711,493,463,30
712,146,137,9
713,222,218,4
714,490,486,4
715,190,185,5
716,317,315,2
717,219,217,2
718,177,175,2
719,137,136,1
720,107,107,0
721,65,65,0
722,72,69,3
723,146,145,1
724,131,128,3
725,189,189,0
726,192,190,2
727,154,150,4
728,167,161,6
729,135,131,4
730,126,124,2
731,138,135,3
732,143,142,1
733,126,125,1
734,395,383,12
735,349,333,16
736,498,482,16
737,147,146,1
738,228,225,3
739,661,654,7
740,283,283,0
741,296,294,2
742,22,22,0
743,60,57,3
744,50,50,0
745,56,56,0
746,274,272,2
747,80,77,3
748,410,400,10
749,120,118,2
750,284,279,5
751,480,467,13
752,118,116,2
753,266,259,7
754,563,556,7
755,169,161,8
756,234,232,2
757,555,539,16
758,315,312,3
759,106,105,1
760,159,153,6
761,114,114,0
762,123,123,0
763,132,129,3
764,52,51,1
765,178,174,4
766,48,46,2
767,92,91,1
768,133,133,0
769,385,380,5
770,358,349,9
771,48,48,0
772,134,132,2
773,108,107,1
774,297,290,7
775,375,370,5
776,162,159,3
777,187,183,4
778,100,100,0
779,127,126,1
780,182,182,0
781,131,130,1
782,321,320,1
783,116,116,0
784,132,132,0
785,162,161,1
786,180,179,1
787,436,430,6
788,59,55,4
789,215,212,3
790,455,447,8
791,124,124,0
792,182,181,1
793,539,529,10
794,133,132,1
795,317,312,5
796,208,208,0
797,235,232,3
798,357,346,11
799,176,175,1
800,115,113,2
801,131,126,5
802,138,134,4
803,224,219,5
804,164,163,1
805,110,110,0
806,168,161,7
807,217,214,3
808,132,130,2
809,167,167,0
810,131,128,3
811,211,207,4
812,93,93,0
813,146,144,2
814,107,107,0
815,182,180,2
816,63,61,2
817,51,51,0
818,81,81,0
819,293,291,2
820,150,149,1
821,267,265,2
822,137,135,2
823,148,146,2
824,146,144,2
825,379,377,2
826,110,107,3
827,213,213,0
828,67,65,2
829,234,230,4
830,153,152,1
831,128,127,1
832,55,54,1
833,467,459,8
834,984,964,20
835,239,239,0
836,328,322,6
837,144,141,3
838,127,127,0
839,54,54,0
840,362,356,6
841,599,576,23
842,520,514,6
843,64,63,1
844,43,42,1
845,739,738,1
846,472,468,4
847,124,122,2
848,60,58,2
849,105,92,13
850,118,115,3
851,135,132,3
852,234,232,2
853,129,125,4
854,493,479,14
855,49,49,0
856,150,146,4
857,47,47,0
858,162,152,10
859,55,53,2
860,66,64,2
861,206,197,9
862,231,226,5
863,160,160,0
864,121,121,0
865,141,140,1
866,121,119,2
867,114,113,1
868,277,268,9
869,158,155,3
870,71,71,0
871,129,111,18
872,138,135,3
873,142,140,2
874,153,151,2
875,128,127,1
876,586,564,22
877,125,125,0
878,142,139,3
879,54,54,0
880,258,257,1
881,61,61,0
882,126,125,1
883,127,127,0
884,280,250,30
885,186,178,8
886,290,277,13
887,100,100,0
888,119,117,2
889,109,108,1
890,180,180,0
891,114,113,1
892,142,141,1
893,195,190,5
894,48,47,1
895,70,69,1
896,172,171,1
897,50,50,0
898,83,79,4
899,227,214,13
900,73,71,2
901,133,132,1
902,624,616,8
903,195,194,1
904,236,235,1
905,96,95,1
906,170,167,3
907,84,83,1
908,371,363,8
909,153,151,2
910,58,58,0
911,487,485,2
912,133,131,2
913,218,216,2
914,308,303,5
915,136,133,3
916,95,92,3
917,122,120,2
918,133,130,3
919,32,32,0
920,59,59,0
921,150,142,8
922,88,88,0
923,108,108,0
924,74,73,1
925,174,169,5
926,129,128,1
927,139,138,1
928,116,113,3
929,102,99,3
930,147,143,4
931,238,234,4
932,91,90,1
933,390,386,4
934,37,36,1
935,168,167,1
936,382,376,6
937,77,74,3
938,160,157,3
939,382,350,32
940,130,129,1
941,284,276,8
942,119,117,2
943,185,180,5
944,143,143,0
945,249,247,2
946,384,374,10
947,311,295,16
948,381,371,10
949,152,146,6
950,187,186,1
951,151,148,3
952,124,123,1
953,173,170,3
954,90,90,0
955,129,128,1
956,691,683,8
957,253,252,1
958,622,618,4
959,412,408,4
960,136,135,1
961,172,169,3
962,154,154,0
963,135,133,2
964,138,138,0
965,135,133,2
966,144,144,0
967,177,173,4
968,350,345,5
969,194,193,1
970,253,249,4
971,304,293,11
972,167,166,1
973,157,152,5
974,166,164,2
975,132,131,1
976,234,228,6
977,113,112,1
978,241,239,2
979,101,100,1
980,343,336,7
981,389,380,9
982,432,430,2
983,486,480,6
984,181,179,2
985,216,212,4
986,156,152,4
987,125,125,0
988,123,121,2
989,164,158,6
990,145,145,0
991,142,140,2
992,104,103,1
993,132,130,2
994,195,193,2
995,348,337,11
996,155,155,0
997,150,148,2
998,127,127,0
999,79,78,1
1000,187,179,8
1001,128,125,3
1002,182,180,2
1003,147,147,0
1004,150,149,1
1005,188,180,8
1006,137,135,2
1007,165,162,3
1008,134,134,0
1009,1011,985,26
1010,355,350,5
1011,181,175,6
1012,180,179,1
1013,187,183,4
1014,354,350,4
1015,145,141,4
1016,277,271,6
1017,149,145,4
1018,172,169,3
1019,57,54,3
1020,129,118,11
1021,81,78,3
1022,110,109,1
1023,233,231,2
1024,220,215,5
1025,120,119,1
1026,82,82,0
1027,184,182,2
1028,120,119,1
1029,113,109,4
1030,417,415,2
1031,366,361,5
1032,503,492,11
1033,523,514,9
1034,228,223,5
1035,562,553,9
1036,300,293,7
1037,138,136,2
1038,201,200,1
1039,240,238,2
1040,368,360,8
1041,220,217,3
1042,157,152,5
1043,68,68,0
1044,621,616,5
1045,139,136,3
1046,123,119,4
1047,159,154,5
1048,111,111,0
1049,131,127,4
1050,176,171,5
1051,288,288,0
1052,176,173,3
1053,135,135,0
1054,114,111,3
1055,344,343,1
1056,171,166,5
1057,203,200,3
1058,137,131,6
1059,161,155,6
1060,311,306,5
1061,156,154,2
1062,179,175,4
1063,264,262,2
1064,135,134,1
1065,43,43,0
1066,163,161,2
1067,90,89,1
1068,350,343,7
1069,106,102,4
1070,444,439,5
1071,256,256,0
1072,190,185,5
1073,138,136,2
1074,125,122,3
1075,245,243,2
1076,120,117,3
1077,313,307,6
1078,57,53,4
1079,235,232,3
1080,65,62,3
1081,171,166,5
1082,154,154,0
1083,286,284,2
1084,181,178,3
1085,180,177,3
1086,357,353,4
1087,176,167,9
1088,368,358,10
1089,385,376,9
1090,347,309,38
1091,135,134,1
1092,465,461,4
1093,198,190,8
1094,116,114,2
1095,304,298,6
1096,187,185,2
1097,507,498,9
1098,297,290,7
1099,597,594,3
1100,132,130,2
1101,220,218,2
1102,243,239,4
1103,101,101,0
1104,116,116,0
1105,190,187,3
1106,85,82,3
1107,457,441,16
1108,265,255,10
1109,808,794,14
1110,65,64,1
1111,73,72,1
1112,224,222,2
1113,924,904,20
1114,430,412,18
1115,367,362,5
1116,203,198,5
1117,913,882,31
1118,383,379,4
1119,251,246,5
1120,346,340,6
1121,145,142,3
1122,334,327,7
1123,197,194,3
1124,179,175,4
1125,183,182,1
1126,225,222,3
1127,82,81,1
1128,125,116,9
1129,80,79,1
1130,300,293,7
1131,56,53,3
1132,66,65,1
1133,228,220,8
1134,317,301,16
1135,318,306,12
1136,200,189,11
1137,204,197,7
1138,113,111,2
1139,287,282,5
1140,635,618,17
1141,146,145,1
1142,143,141,2
1143,338,336,2
1144,247,243,4
1145,1029,1010,19
1146,133,127,6
1147,177,174,3
1148,320,309,11
1149,64,62,2
1150,404,389,15
1151,168,161,7
1152,187,185,2
1153,279,276,3
1154,165,161,4
1155,137,135,2
1156,161,160,1
1157,618,600,18
1158,209,196,13
1159,348,341,7
1160,411,397,14
1161,463,453,10
1162,703,689,14
1163,214,207,7
1164,112,110,2
1165,747,712,35
1166,342,338,4
1167,135,134,1
1168,678,650,28
1169,208,205,3
1170,531,519,12
1171,140,140,0
1172,245,242,3
1173,164,155,9
1174,126,125,1
1175,75,75,0
1176,380,376,4
1177,350,337,13
1178,46,43,3
1179,65,64,1
1180,43,43,0
1181,154,151,3
1182,73,72,1
1183,195,191,4
1184,133,131,2
1185,217,214,3
1186,720,709,11
1187,117,113,4
1188,212,210,2
1189,109,109,0
1190,204,200,4
1191,131,130,1
1192,257,256,1
1193,376,367,9
1194,259,255,4
1195,204,200,4
1196,298,291,7
1197,181,181,0
1198,146,145,1
1199,232,223,9
1200,133,133,0
1201,561,545,16
1202,91,88,3
1203,102,100,2
1204,137,137,0
1205,48,48,0
1206,145,144,1
1207,621,618,3
1208,141,138,3
1209,28,27,1
1210,166,163,3
1211,253,232,21
1212,771,743,28
1213,91,88,3
1214,119,118,1
1215,146,144,2
1216,179,172,7
1217,176,171,5
1218,582,564,18
1219,125,117,8
1220,138,134,4
1221,204,202,2
1222,44,44,0
1223,54,50,4
1224,165,161,4
1225,525,514,11
1226,259,242,17
1227,237,234,3
1228,502,480,22
1229,802,778,24
1230,205,198,7
1231,200,195,5
1232,227,222,5
1233,127,126,1
1234,339,327,12
1235,201,199,2
1236,177,165,12
1237,154,152,2
1238,434,427,7
1239,278,268,10
1240,138,138,0
1241,430,424,6
1242,186,184,2
1243,277,268,9
1244,158,156,2
1245,268,260,8
1246,185,184,1
1247,253,250,3
1248,162,160,2
1249,242,236,6
1250,204,204,0
1251,265,254,11
1252,885,867,18
1253,211,205,6
1254,579,558,21
1255,459,450,9
1256,278,273,5
1257,175,172,3
1258,682,676,6
1259,1003,989,14
1260,809,790,19
1261,149,147,2
1262,253,250,3
1263,181,174,7
1264,250,245,5
1265,242,239,3
1266,237,236,1
1267,619,603,16
1268,520,506,14
1269,273,265,8
1270,228,222,6
1271,828,813,15
1272,304,299,5
1273,146,143,3
1274,520,504,16
1275,208,205,3
1276,400,395,5
1277,267,261,6
1278,543,538,5
1279,657,649,8
1280,151,147,4
1281,177,174,3
1282,306,304,2
1283,361,355,6
1284,232,230,2
1285,1004,978,26
1286,177,175,2
1287,128,125,3
1288,142,141,1
1289,88,84,4
1290,100,100,0
1291,179,177,2
1292,142,138,4
1293,99,99,0
1294,133,133,0
1295,255,243,12
1296,195,190,5
1297,291,285,6
1298,197,196,1
1299,34,34,0
1300,169,167,2
1301,126,126,0
1302,133,130,3
1303,142,141,1
1304,295,290,5
1305,120,116,4
1306,345,336,9
1307,292,285,7
1308,187,176,11
1309,443,431,12
1310,535,531,4
1311,693,678,15
1312,363,356,7
1313,89,86,3
1314,513,507,6
1315,583,572,11
1316,167,165,2
1317,423,412,11
1318,243,239,4
1319,355,346,9
1320,57,56,1
1321,113,113,0
1322,47,47,0
1323,155,150,5
1324,143,138,5
1325,294,282,12
1326,77,73,4
1327,424,420,4
1328,350,349,1
1329,225,222,3
1330,198,197,1
1331,521,518,3
1332,857,835,22
1333,35,35,0
1334,309,308,1
1335,175,171,4
1336,108,108,0
1337,635,629,6
1338,122,121,1
1339,63,63,0
1340,123,120,3
1341,76,76,0
1342,232,230,2
1343,121,120,1
1344,391,381,10
1345,319,309,10
1346,148,148,0
1347,161,154,7
1348,356,351,5
1349,199,197,2
1350,203,198,5
1351,141,140,1
1352,246,235,11
1353,298,292,6
1354,942,912,30
1355,147,138,9
1356,357,332,25
1357,34,33,1
1358,58,58,0
1359,330,325,5
1360,57,57,0
1361,57,57,0
1362,321,316,5
1363,269,268,1
1364,166,165,1
1365,133,133,0
1366,125,123,2
1367,179,177,2
1368,136,135,1
1369,350,343,7
1370,374,369,5
1371,118,118,0
1372,383,366,17
1373,235,233,2
1374,151,150,1
1375,177,177,0
1376,188,187,1
1377,320,316,4
1378,94,94,0
1379,154,152,2
1380,124,124,0
1381,135,135,0
1382,134,131,3
1383,67,67,0
1384,155,155,0
1385,216,213,3
1386,258,250,8
1387,196,196,0
1388,118,117,1
1389,519,512,7
1390,710,693,17
1391,463,452,11
1392,157,152,5
1393,448,429,19
1394,218,212,6
1395,184,175,9
1396,126,123,3
1397,146,139,7
1398,58,55,3
1399,169,159,10
1400,65,63,2
1401,86,82,4
1402,276,265,11
1403,121,119,2
1404,136,134,2
1405,128,126,2
1406,185,184,1
1407,145,141,4
1408,205,205,0
1409,241,240,1
1410,138,137,1
1411,238,237,1
1412,414,408,6
1413,754,742,12
1414,510,497,13
1415,404,402,2
1416,473,471,2
1417,831,808,23
1418,256,253,3
1419,93,93,0
1420,48,48,0
1421,259,254,5
1422,62,61,1
1423,460,453,7
1424,570,561,9
1425,445,442,3
1426,373,367,6
1427,355,347,8
1428,277,271,6
1429,154,152,2
1430,269,266,3
1431,83,81,2
1432,110,107,3
1433,791,780,11
1434,133,130,3
1435,118,116,2
1436,285,277,8
1437,99,98,1
1438,340,339,1
1439,328,321,7
1440,577,565,12
1441,478,465,13
1442,423,414,9
1443,1005,973,32
1444,103,101,2
1445,164,155,9
1446,843,816,27
1447,300,299,1
1448,68,63,5
1449,182,177,5
1450,916,892,24
1451,452,434,18
1452,148,147,1
1453,160,153,7
1454,139,132,7
1455,120,114,6
1456,429,417,12
1457,48,48,0
1458,108,106,2
1459,160,152,8
1460,351,344,7
1461,469,445,24
1462,765,738,27
1463,495,480,15
1464,182,178,4
1465,576,540,36
1466,141,138,3
1467,61,61,0
1468,175,169,6
1469,214,211,3
1470,385,382,3
1471,260,259,1
1472,161,158,3
1473,124,123,1
1474,173,164,9
1475,59,57,2
1476,136,127,9
1477,132,126,6
1478,149,145,4
1479,392,379,13
1480,168,168,0
1481,126,125,1
1482,96,96,0
1483,162,162,0
1484,154,151,3
1485,86,86,0
1486,129,128,1
1487,143,135,8
1488,177,173,4
1489,522,506,16
1490,253,241,12
1491,263,257,6
1492,138,135,3
1493,284,275,9
1494,104,103,1
1495,170,166,4
1496,48,46,2
1497,130,126,4
1498,91,91,0
1499,149,147,2
1500,156,155,1
1501,69,68,1
1502,158,157,1
1503,143,140,3
1504,1043,981,62
1505,80,79,1
1506,150,145,5
1507,254,248,6
1508,165,164,1
1509,130,125,5
1510,140,139,1
1511,169,166,3
1512,93,92,1
1513,76,74,2
1514,154,154,0
1515,205,202,3
1516,455,435,20
1517,241,239,2
1518,641,628,13
1519,133,130,3
1520,534,529,5
1521,207,203,4
1522,184,176,8
1523,198,190,8
1524,108,104,4
1525,243,236,7
1526,322,315,7
1527,123,123,0
1528,271,268,3
1529,260,256,4
1530,410,402,8
1531,851,823,28
1532,339,331,8
1533,156,151,5
1534,119,118,1
1535,727,721,6
1536,97,96,1
1537,585,569,16
1538,283,281,2
1539,910,895,15
1540,278,275,3
1541,449,437,12
1542,237,234,3
1543,115,112,3
1544,142,136,6
1545,275,272,3
1546,74,73,1
1547,252,250,2
1548,106,104,2
1549,142,138,4
1550,73,71,2
1551,87,86,1
1552,142,142,0
1553,200,198,2
1554,233,229,4
1555,115,115,0
1556,639,633,6
1557,548,542,6
1558,217,213,4
1559,584,581,3
1560,673,655,18
1561,431,396,35
1562,524,514,10
1563,540,515,25
1564,335,329,6
1565,101,100,1
1566,121,119,2
1567,188,182,6
1568,246,241,5
1569,161,159,2
1570,65,64,1
1571,61,59,2
1572,70,70,0
1573,68,68,0
1574,249,247,2
1575,191,189,2
1576,98,98,0
1577,246,239,7
1578,117,112,5
1579,117,116,1
1580,217,216,1
1581,151,149,2
1582,441,440,1
1583,191,185,6
1584,161,161,0
1585,96,95,1
1586,282,276,6
1587,655,649,6
1588,168,164,4
1589,117,113,4
1590,210,210,0
1591,637,618,19
1592,176,165,11
1593,44,43,1
1594,54,54,0
1595,107,104,3
1596,74,73,1
1597,139,137,2
1598,280,275,5
1599,282,278,4
1600,286,285,1
1601,166,163,3
1602,132,131,1
1603,124,121,3
1604,102,102,0
1605,102,101,1
1606,101,101,0
1607,144,144,0
1608,266,264,2
1609,169,168,1
1610,483,476,7
1611,74,73,1
1612,178,177,1
1613,504,495,9
1614,73,73,0
1615,155,154,1
1616,420,419,1
1617,179,177,2
1618,649,635,14
1619,185,183,2
1620,234,227,7
1621,396,386,10
1622,553,550,3
1623,128,121,7
1624,329,328,1
1625,205,204,1
1626,173,171,2
1627,62,60,2
1628,310,306,4
1629,126,124,2
1630,309,306,3
1631,234,234,0
1632,84,83,1
1633,234,234,0
1634,129,125,4
1635,239,239,0
1636,193,193,0
1637,233,229,4
1638,972,955,17
1639,239,235,4
1640,268,267,1
1641,189,187,2
1642,174,173,1
1643,78,75,3
1644,146,142,4
1645,253,251,2
1646,159,159,0
1647,134,132,2
1648,375,366,9
1649,133,133,0
1650,52,52,0
1651,453,451,2
1652,432,431,1
1653,162,159,3
1654,113,112,1
1655,176,174,2
1656,154,153,1
1657,642,627,15
1658,117,116,1
1659,208,200,8
1660,233,232,1
1661,139,136,3
1662,108,107,1
1663,757,726,31
1664,160,158,2
1665,152,147,5
1666,58,56,2
1667,164,158,6
1668,133,133,0
1669,226,222,4
1670,107,100,7
1671,598,573,25
1672,706,679,27
1673,222,217,5
1674,195,184,11
1675,187,177,10
1676,454,430,24
1677,978,932,46
1678,606,594,12
1679,308,290,18
1680,506,489,17
1681,202,196,6
1682,70,69,1
1683,157,154,3
1684,270,261,9
1685,104,103,1
1686,90,89,1
1687,141,140,1
1688,298,291,7
1689,158,156,2
1690,81,80,1
1691,113,111,2
1692,232,226,6
1693,125,122,3
1694,211,206,5
1695,157,152,5
1696,332,325,7
1697,129,129,0
1698,338,327,11
1699,99,97,2
1700,161,159,2
1701,129,126,3
1702,124,124,0
1703,252,243,9
1704,155,154,1
1705,901,875,26
1706,683,670,13
1707,269,260,9
1708,354,345,9
1709,287,281,6
1710,596,584,12
1711,224,219,5
1712,126,124,2
1713,182,181,1
1714,114,113,1
1715,696,673,23
1716,536,525,11
1717,112,112,0
1718,105,103,2
1719,258,253,5
1720,141,140,1
1721,150,145,5
1722,111,110,1
1723,186,180,6
1724,201,198,3
1725,453,446,7
1726,541,525,16
1727,109,109,0
1728,176,172,4
1729,104,102,2
1730,135,134,1
1731,156,153,3
1732,84,84,0
1733,37,36,1
1734,275,272,3
1735,387,384,3
1736,178,174,4
1737,153,152,1
1738,348,342,6
1739,163,160,3
1740,612,602,10
1741,281,277,4
1742,279,273,6
1743,141,137,4
1744,221,212,9
1745,258,255,3
1746,451,447,4
1747,373,367,6
1748,98,95,3
1749,153,153,0
1750,159,157,2
1751,117,110,7
1752,45,45,0
1753,126,123,3
1754,75,75,0
1755,185,177,8
1756,473,463,10
1757,163,160,3
1758,307,286,21
1759,792,775,17
1760,455,447,8
1761,993,957,36
1762,156,156,0
1763,201,198,3
1764,128,126,2
1765,466,455,11
1766,144,142,2
1767,134,134,0
1768,177,176,1
1769,139,139,0
1770,146,145,1
1771,29,29,0
1772,122,122,0
1773,316,315,1
1774,53,51,2
1775,51,50,1
1776,57,57,0
1777,131,126,5
1778,160,154,6
1779,155,131,24
1780,325,322,3
1781,165,163,2
1782,318,315,3
1783,84,83,1
1784,52,52,0
1785,132,131,1
1786,155,152,3
1787,404,394,10
1788,126,125,1
1789,61,61,0
1790,215,211,4
1791,189,186,3
1792,167,165,2
1793,492,483,9
1794,536,520,16
1795,426,420,6
1796,216,199,17
1797,215,207,8
1798,137,134,3
1799,210,210,0
1800,388,385,3
1801,167,163,4
1802,350,339,11
1803,136,135,1
1804,232,226,6
1805,749,743,6
1806,204,199,5
1807,146,146,0
1808,327,318,9
1809,202,197,5
1810,65,63,2
1811,219,214,5
1812,778,764,14
1813,274,261,13
1814,296,286,10
1815,128,126,2
1816,423,418,5
1817,201,200,1
1818,546,532,14
1819,127,125,2
1820,167,162,5
1821,168,166,2
1822,178,171,7
1823,389,388,1
1824,433,432,1
1825,398,396,2
1826,166,166,0
1827,247,241,6
1828,163,163,0
1829,382,374,8
1830,247,237,10
1831,69,66,3
1832,99,97,2
1833,86,82,4
1834,147,142,5
1835,121,120,1
1836,156,147,9
1837,238,237,1
1838,117,115,2
1839,129,127,2
1840,305,298,7
1841,497,487,10
1842,254,249,5
1843,260,258,2
1844,252,245,7
1845,644,628,16
1846,213,204,9
1847,712,700,12
1848,701,684,17
1849,327,313,14
1850,207,201,6
1851,266,262,4
1852,599,575,24
1853,56,56,0
1854,240,212,28
1855,131,129,2
1856,133,131,2
1857,177,174,3
1858,148,148,0
1859,136,136,0
1860,441,427,14
1861,198,193,5
1862,122,118,4
1863,84,80,4
1864,87,86,1
1865,347,333,14
1866,150,146,4
1867,122,122,0
1868,383,374,9
1869,334,327,7
1870,399,389,10
1871,84,84,0
1872,50,48,2
1873,82,82,0
1874,59,59,0
1875,344,340,4
1876,300,278,22
1877,77,77,0
1878,127,126,1
1879,136,135,1
1880,161,161,0
1881,468,462,6
1882,233,232,1
1883,138,138,0
1884,74,74,0
1885,125,125,0
1886,142,141,1
1887,201,196,5
1888,232,226,6
1889,147,144,3
1890,288,285,3
1891,345,342,3
1892,171,171,0
1893,521,519,2
1894,64,64,0
1895,151,149,2
1896,129,129,0
1897,146,146,0
1898,208,204,4
1899,121,121,0
1900,216,214,2
1901,222,221,1
1902,94,93,1
1903,222,221,1
1904,294,291,3
1905,148,146,2
1906,346,337,9
1907,498,480,18
1908,144,141,3
1909,227,221,6
1910,129,129,0
1911,260,257,3
1912,275,271,4
1913,127,125,2
1914,825,812,13
1915,170,169,1
1916,164,153,11
1917,174,172,2
1918,49,48,1
1919,180,176,4
1920,58,57,1
1921,349,345,4
1922,196,189,7
1923,127,127,0
1924,267,261,6
1925,222,214,8
1926,295,289,6
1927,329,322,7
1928,276,270,6
1929,168,165,3
1930,356,347,9
1931,360,353,7
1932,468,461,7
1933,186,181,5
1934,150,147,3
1935,437,433,4
1936,154,151,3
1937,389,383,6
1938,129,126,3
1939,114,114,0
1940,144,139,5
1941,109,109,0
1942,226,224,2
1943,112,112,0
1944,115,115,0
1945,93,91,2
1946,309,302,7
1947,149,149,0
1948,62,61,1
1949,145,145,0
1950,120,119,1
1951,79,76,3
1952,56,56,0
1953,130,127,3
1954,2487,2382,105
1955,43,42,1
1956,97,95,2
1957,218,215,3
1958,127,124,3
1959,116,116,0
1960,72,72,0
1961,194,194,0
1962,62,62,0
1963,165,163,2
1964,125,122,3
1965,76,75,1
1966,81,78,3
1967,53,51,2
1968,128,123,5
1969,133,130,3
1970,172,167,5
1971,116,114,2
1972,181,180,1
1973,114,113,1
1974,156,153,3
1975,249,246,3
1976,693,670,23
1977,189,189,0
1978,127,127,0
1979,416,414,2
1980,153,153,0
1981,184,179,5
1982,75,72,3
1983,161,157,4
1984,172,168,4
1985,258,255,3
1986,235,229,6
1987,214,206,8
1988,71,69,2
1989,117,117,0
1990,251,243,8
1991,398,386,12
1992,136,136,0
1993,157,155,2
1994,176,168,8
1995,52,52,0
1996,77,72,5
1997,118,116,2
1998,509,495,14
1999,346,343,3
2000,46,44,2
2001,378,364,14
2002,147,146,1
2003,638,626,12
2004,166,166,0
2005,116,115,1
2006,263,249,14
2007,170,168,2
2008,490,485,5
2009,145,143,2
2010,41,41,0
2011,362,360,2
2012,332,327,5
2013,165,163,2
2014,419,409,10
2015,242,234,8
2016,147,147,0
2017,139,138,1
2018,222,218,4
2019,649,638,11
2020,156,154,2
2021,128,125,3
2022,291,289,2
2023,479,462,17
2024,228,228,0
2025,158,158,0
2026,127,127,0
2027,62,61,1
2028,279,278,1
2029,141,139,2
2030,204,199,5
2031,265,263,2
2032,51,50,1
2033,276,266,10
2034,158,157,1
2035,432,428,4
2036,143,140,3
2037,175,172,3
2038,152,150,2
2039,241,241,0
2040,169,168,1
2041,149,149,0
2042,99,98,1
2043,126,123,3
2044,410,405,5
2045,134,133,1
2046,59,59,0
2047,375,375,0
2048,213,212,1
2049,213,212,1
2050,89,88,1
2051,142,141,1
2052,135,135,0
2053,79,79,0
2054,451,449,2
2055,63,63,0
2056,83,83,0
2057,144,144,0
2058,187,181,6
2059,124,124,0
2060,158,153,5
2061,50,47,3
2062,61,61,0
2063,215,212,3
2064,138,135,3
2065,88,85,3
2066,194,189,5
2067,81,79,2
2068,80,80,0
2069,190,185,5
2070,596,589,7
2071,129,124,5
2072,98,98,0
2073,619,610,9
2074,51,51,0
2075,41,41,0
2076,214,209,5
2077,49,49,0
2078,178,176,2
2079,715,708,7
2080,931,920,11
2081,292,286,6
2082,352,349,3
2083,649,641,8
2084,128,128,0
2085,758,750,8
2086,113,107,6
2087,247,243,4
2088,520,513,7
2089,388,379,9
2090,302,302,0
2091,223,221,2
2092,90,90,0
2093,138,134,4
2094,131,130,1
2095,320,309,11
2096,125,122,3
2097,165,161,4
2098,60,60,0
2099,238,230,8
2100,126,120,6
2101,206,198,8
2102,147,143,4
2103,130,124,6
2104,130,129,1
2105,67,67,0
2106,143,142,1
2107,157,154,3
2108,627,606,21
2109,367,360,7
2110,609,592,17
2111,114,112,2
2112,128,127,1
2113,189,185,4
2114,203,200,3
2115,374,367,7
2116,542,539,3
2117,210,207,3
2118,125,125,0
2119,185,184,1
2120,192,191,1
2121,630,624,6
2122,132,125,7
2123,49,48,1
2124,226,223,3
2125,179,177,2
2126,174,172,2
2127,244,236,8
2128,179,177,2
2129,118,116,2
2130,337,336,1
2131,35,35,0
2132,144,139,5
2133,115,115,0
2134,64,64,0
2135,55,53,2
2136,55,53,2
2137,31,29,2
2138,151,150,1
2139,427,420,7
2140,130,128,2
2141,263,256,7
2142,165,165,0
2143,449,446,3
2144,116,114,2
2145,121,120,1
2146,136,136,0
2147,95,95,0
2148,94,94,0
2149,516,496,20
2150,186,186,0
2151,133,133,0
2152,183,179,4
2153,148,143,5
2154,99,98,1
2155,194,191,3
2156,323,312,11
2157,258,250,8
2158,450,442,8
2159,135,134,1
2160,113,110,3
2161,125,117,8
2162,140,138,2
2163,190,186,4
2164,251,248,3
2165,156,154,2
2166,145,142,3
2167,428,412,16
2168,313,307,6
2169,878,849,29
2170,189,189,0
2171,225,220,5
2172,131,130,1
2173,137,135,2
2174,654,632,22
2175,410,405,5
2176,191,191,0
2177,814,777,37
2178,167,164,3
2179,433,426,7
2180,103,103,0
2181,147,145,2
2182,132,128,4
2183,149,148,1
2184,151,150,1
2185,296,296,0
2186,301,294,7
2187,125,125,0
2188,175,173,2
2189,242,242,0
2190,193,193,0
2191,123,117,6
2192,726,716,10
2193,169,165,4
2194,127,125,2
2195,133,129,4
2196,159,154,5
2197,194,193,1
2198,125,124,1
2199,137,136,1
2200,183,179,4
2201,191,188,3
2202,136,128,8
2203,776,754,22
2204,255,250,5
2205,200,196,4
2206,300,296,4
2207,134,134,0
2208,369,350,19
2209,439,433,6
2210,164,157,7
2211,663,643,20
2212,129,129,0
2213,131,127,4
2214,653,635,18
2215,139,134,5
2216,467,451,16
2217,28,27,1
2218,130,130,0
2219,148,147,1
2220,324,319,5
2221,170,170,0
2222,40,39,1
2223,168,168,0
2224,107,107,0
2225,107,106,1
2226,199,195,4
2227,115,115,0
2228,144,144,0
2229,127,127,0
2230,117,116,1
2231,444,430,14
2232,152,150,2
2233,191,189,2
2234,565,562,3
2235,195,194,1
2236,190,189,1
2237,146,145,1
2238,226,226,0
2239,130,125,5
2240,107,105,2
2241,327,320,7
2242,464,437,27
2243,173,167,6
2244,313,310,3
2245,310,304,6
2246,384,379,5
2247,183,181,2
2248,244,240,4
2249,122,122,0
2250,515,504,11
2251,197,194,3
2252,136,136,0
2253,37,36,1
2254,75,73,2
2255,129,129,0
2256,163,162,1
2257,342,341,1
2258,287,285,2
2259,203,196,7
2260,102,102,0
2261,134,132,2
2262,172,169,3
2263,321,320,1
2264,117,114,3
2265,206,203,3
2266,178,172,6
2267,597,579,18
2268,145,144,1
2269,138,138,0
2270,205,204,1
2271,208,205,3
2272,200,196,4
2273,272,266,6
2274,255,250,5
2275,69,68,1
2276,240,239,1
2277,119,115,4
2278,591,585,6
2279,57,56,1
2280,119,117,2
2281,69,68,1
2282,251,247,4
2283,529,521,8
2284,430,427,3
2285,35,35,0
2286,154,154,0
2287,318,311,7
2288,193,188,5
2289,162,160,2
2290,272,268,4
2291,119,116,3
2292,257,255,2
2293,122,120,2
2294,218,216,2
2295,791,778,13
2296,586,568,18
2297,87,87,0
2298,126,125,1
2299,48,47,1
2300,479,473,6
2301,330,324,6
2302,352,340,12
2303,54,54,0
2304,269,262,7
2305,211,207,4
2306,144,138,6
2307,180,178,2
2308,366,361,5
2309,270,264,6
2310,123,123,0
2311,188,185,3
2312,263,251,12
2313,212,207,5
2314,129,125,4
2315,232,219,13
2316,198,195,3
2317,238,230,8
2318,139,138,1
2319,98,96,2
2320,241,233,8
2321,96,95,1
2322,207,202,5
2323,276,273,3
2324,291,287,4
2325,408,406,2
2326,176,176,0
2327,219,216,3
2328,122,122,0
2329,246,244,2
2330,702,684,18
2331,470,459,11
2332,123,123,0
2333,330,322,8
2334,362,359,3
2335,166,162,4
2336,183,182,1
2337,254,252,2
2338,118,117,1
2339,474,462,12
2340,136,134,2
2341,309,309,0
2342,224,218,6
2343,162,147,15
2344,86,81,5
2345,173,170,3
2346,158,156,2
2347,130,129,1
2348,88,88,0
2349,181,176,5
2350,143,140,3
2351,232,227,5
2352,171,168,3
2353,475,470,5
2354,419,410,9
2355,148,148,0
2356,694,681,13
2357,251,249,2
2358,130,130,0
2359,799,794,5
2360,422,412,10
2361,149,146,3
2362,157,157,0
2363,409,407,2
2364,357,352,5
2365,196,192,4
2366,142,137,5
2367,452,445,7
2368,229,224,5
2369,74,74,0
2370,663,657,6
2371,784,777,7
2372,598,598,0
2373,520,509,11
2374,221,218,3
2375,260,259,1
2376,176,173,3
2377,364,363,1
2378,696,687,9
2379,281,278,3
2380,537,531,6
2381,124,124,0
2382,391,388,3
2383,44,44,0
2384,423,419,4
2385,203,203,0
2386,77,77,0
2387,69,68,1
2388,312,312,0
2389,241,238,3
2390,135,134,1
2391,151,149,2
2392,54,53,1
2393,168,164,4
2394,370,359,11
2395,435,432,3
2396,308,289,19
2397,440,430,10
2398,318,313,5
2399,197,194,3
2400,161,152,9
2401,104,98,6
2402,433,426,7
2403,106,105,1
2404,227,222,5
2405,267,257,10
2406,134,133,1
2407,269,265,4
2408,158,154,4
2409,254,248,6
2410,330,329,1
2411,828,817,11
2412,474,464,10
2413,318,317,1
2414,104,101,3
2415,438,434,4
2416,336,331,5
2417,300,290,10
2418,190,188,2
2419,114,114,0
2420,274,266,8
2421,141,140,1
2422,146,145,1
2423,264,261,3
2424,367,360,7
2425,260,259,1
2426,106,105,1
2427,120,118,2
2428,997,975,22
2429,395,382,13
2430,130,129,1
2431,1007,984,23
2432,170,170,0
2433,493,489,4
2434,745,727,18
2435,250,242,8
2436,42,42,0
2437,103,101,2
2438,380,378,2
2439,267,267,0
2440,822,804,18
2441,1026,993,33
2442,539,536,3
2443,77,76,1
2444,220,219,1
2445,345,337,8
2446,233,230,3
2447,463,451,12
2448,137,129,8
2449,319,318,1
2450,686,676,10
2451,248,241,7
2452,269,263,6
2453,700,689,11
2454,123,123,0
2455,118,115,3
2456,120,120,0
2457,104,101,3
2458,115,113,2
2459,44,43,1
2460,84,81,3
2461,138,138,0
2462,288,288,0
2463,355,341,14
2464,373,357,16
2465,796,784,12
2466,364,353,11
2467,59,58,1
2468,114,111,3
2469,209,207,2
2470,202,200,2
2471,89,89,0
2472,150,150,0
2473,248,246,2
2474,337,333,4
2475,467,461,6
2476,135,131,4
2477,197,194,3
2478,397,390,7
2479,46,40,6
2480,183,180,3
2481,409,391,18
2482,688,677,11
2483,256,250,6
2484,208,207,1
2485,142,141,1
2486,454,452,2
2487,139,134,5
2488,181,180,1
2489,153,149,4
2490,532,526,6
2491,169,167,2
2492,85,82,3
2493,431,423,8
2494,350,343,7
2495,201,197,4
2496,134,130,4
2497,513,503,10
2498,129,125,4
2499,32,31,1
2500,134,129,5
2501,232,226,6
2502,269,265,4
2503,194,187,7
2504,97,94,3
2505,248,239,9
2506,206,202,4
2507,82,81,1
2508,164,159,5
2509,305,300,5
2510,134,134,0
2511,80,79,1
2512,370,363,7
2513,185,178,7
2514,115,113,2
2515,126,126,0
2516,155,154,1
2517,224,224,0
2518,121,119,2
2519,120,117,3
2520,215,199,16
2521,162,162,0
2522,193,193,0
2523,317,307,10
2524,990,959,31
2525,30,30,0
2526,63,63,0
2527,106,106,0
2528,98,96,2
2529,99,99,0
2530,121,119,2
2531,53,53,0
2532,108,108,0
2533,218,216,2
2534,50,49,1
2535,209,204,5
2536,232,229,3
2537,115,113,2
2538,342,333,9
2539,257,255,2
2540,95,91,4
2541,146,143,3
2542,297,293,4
2543,214,214,0
2544,202,200,2
2545,71,69,2
2546,84,81,3
2547,106,106,0
2548,259,246,13
2549,189,173,16
2550,812,779,33
2551,332,328,4
2552,636,609,27
2553,360,351,9
2554,84,82,2
2555,208,204,4
2556,67,67,0
2557,238,232,6
2558,637,631,6
2559,60,60,0
2560,139,138,1
2561,197,197,0
2562,274,272,2
2563,37,37,0
2564,38,38,0
2565,39,39,0
2566,122,120,2
2567,63,62,1
2568,63,62,1
2569,74,74,0
2570,49,48,1
2571,512,504,8
2572,100,100,0
2573,300,295,5
2574,211,210,1
2575,289,280,9
2576,204,199,5
2577,63,63,0
2578,392,388,4
2579,491,487,4
2580,117,115,2
2581,126,125,1
2582,64,62,2
2583,368,362,6
2584,86,86,0
2585,1076,1060,16
2586,72,72,0
2587,55,53,2
2588,137,136,1
2589,392,383,9
2590,148,145,3
2591,139,135,4
2592,500,493,7
2593,109,107,2
2594,110,105,5
2595,146,142,4
2596,212,201,11
2597,109,108,1
2598,117,117,0
2599,61,61,0
2600,230,226,4
2601,186,179,7
2602,427,412,15
2603,172,167,5
2604,140,139,1
2605,174,173,1
2606,129,129,0
2607,146,142,4
2608,115,112,3
2609,71,69,2
2610,127,127,0
2611,338,337,1
2612,444,414,30
2613,88,88,0
2614,148,147,1
2615,125,120,5
2616,138,138,0
2617,145,143,2
2618,146,143,3
2619,114,111,3
2620,130,126,4
2621,125,123,2
2622,127,127,0
2623,622,605,17
2624,315,311,4
2625,206,198,8
2626,201,198,3
2627,242,242,0
2628,129,127,2
2629,160,157,3
2630,186,177,9
2631,801,772,29
2632,102,100,2
2633,495,482,13
2634,406,390,16
2635,346,334,12
2636,180,176,4
2637,420,416,4
2638,552,536,16
2639,301,298,3
2640,697,685,12
2641,259,256,3
2642,130,126,4
2643,77,77,0
2644,375,367,8
2645,165,163,2
2646,231,228,3
2647,287,275,12
2648,855,840,15
2649,291,284,7
2650,204,201,3
2651,176,175,1
2652,164,161,3
2653,223,216,7
2654,59,59,0
2655,170,162,8
2656,396,388,8
2657,246,240,6
2658,240,238,2
2659,60,60,0
2660,72,72,0
2661,70,69,1
2662,45,45,0
2663,142,142,0
2664,582,577,5
2665,136,132,4
2666,593,592,1
2667,254,253,1
2668,474,472,2
2669,180,177,3
2670,190,187,3
2671,146,140,6
2672,113,113,0
2673,315,303,12
2674,576,566,10
2675,170,165,5
2676,382,379,3
2677,327,316,11
2678,95,94,1
2679,524,514,10
2680,520,511,9
2681,62,59,3
2682,90,86,4
2683,106,101,5
2684,56,55,1
2685,701,668,33
2686,137,131,6
2687,189,181,8
2688,296,296,0
2689,107,104,3
2690,34,33,1
2691,65,62,3
2692,57,56,1
2693,167,162,5
2694,57,57,0
2695,118,114,4
2696,272,265,7
2697,58,58,0
2698,154,150,4
2699,150,148,2
2700,82,80,2
2701,99,97,2
2702,307,293,14
2703,179,176,3
2704,118,117,1
2705,150,149,1
2706,186,184,2
2707,297,295,2
2708,135,134,1
2709,141,138,3
2710,180,176,4
2711,359,353,6
2712,177,174,3
2713,148,145,3
2714,157,156,1
2715,141,138,3
2716,142,141,1
2717,165,159,6
2718,361,359,2
2719,352,349,3
2720,153,153,0
2721,206,204,2
2722,124,122,2
2723,222,220,2
2724,472,465,7
2725,281,272,9
2726,116,115,1
2727,156,156,0
2728,173,170,3
2729,466,452,14
2730,421,403,18
2731,179,171,8
2732,217,213,4
2733,246,237,9
2734,329,320,9
2735,108,100,8
2736,194,188,6
2737,149,136,13
2738,288,284,4
2739,318,308,10
2740,624,604,20
2741,195,193,2
2742,142,142,0
2743,85,85,0
2744,109,109,0
2745,232,229,3
2746,60,59,1
2747,97,93,4
2748,46,43,3
2749,50,46,4
2750,45,45,0
2751,123,118,5
2752,182,178,4
2753,63,62,1
2754,456,452,4
2755,129,120,9
2756,283,282,1
2757,184,184,0
2758,162,162,0
2759,132,131,1
2760,149,149,0
2761,262,256,6
2762,137,133,4
2763,361,358,3
2764,349,345,4
2765,105,102,3
2766,159,157,2
2767,149,148,1
2768,115,114,1
2769,232,228,4
2770,201,195,6
2771,189,187,2
2772,221,216,5
2773,130,130,0
2774,74,71,3
2775,484,484,0
2776,477,467,10
2777,478,473,5
2778,350,350,0
2779,217,214,3
2780,168,164,4
2781,344,340,4
2782,142,141,1
2783,128,126,2
2784,78,77,1
2785,341,339,2
2786,24,23,1
2787,39,38,1
2788,387,382,5
2789,51,51,0
2790,61,60,1
2791,127,125,2
2792,238,238,0
2793,684,674,10
2794,124,124,0
2795,124,122,2
2796,111,111,0
2797,324,322,2
2798,452,431,21
2799,122,122,0
2800,443,436,7
2801,316,310,6
2802,75,75,0
2803,137,135,2
2804,261,259,2
2805,245,243,2
2806,141,137,4
2807,115,109,6
2808,238,229,9
2809,98,95,3
2810,124,121,3
2811,162,160,2
2812,155,151,4
2813,110,106,4
2814,111,107,4
2815,213,210,3
2816,302,275,27
2817,226,216,10
2818,381,367,14
2819,444,440,4
2820,236,233,3
2821,265,264,1
2822,144,142,2
2823,78,78,0
2824,188,187,1
2825,210,205,5
2826,83,80,3
2827,167,164,3
2828,162,162,0
2829,125,123,2
2830,278,273,5
2831,145,142,3
2832,145,144,1
2833,39,39,0
2834,133,131,2
2835,217,217,0
2836,185,185,0
2837,238,238,0
2838,139,134,5
2839,143,141,2
2840,349,334,15
2841,64,62,2
2842,111,111,0
2843,64,62,2
2844,288,281,7
2845,538,522,16
2846,132,132,0
2847,239,234,5
2848,130,127,3
2849,76,76,0
2850,55,55,0
2851,234,230,4
2852,139,136,3
2853,300,297,3
2854,343,336,7
2855,547,543,4
2856,291,284,7
2857,1004,948,56
2858,123,122,1
2859,210,207,3
2860,277,266,11
2861,424,412,12
2862,220,218,2
2863,89,87,2
2864,163,163,0
2865,331,330,1
2866,788,766,22
2867,89,87,2
2868,456,450,6
2869,305,281,24
2870,186,183,3
2871,124,118,6
2872,374,364,10
2873,346,331,15
2874,336,311,25
2875,314,294,20
2876,434,394,40
2877,469,467,2
2878,105,105,0
2879,50,49,1
2880,64,63,1
2881,248,245,3
2882,575,565,10
2883,709,689,20
2884,99,95,4
2885,76,74,2
2886,66,66,0
2887,194,185,9
2888,261,258,3
2889,428,421,7
2890,223,214,9
2891,194,194,0
2892,334,324,10
2893,721,711,10
2894,997,991,6
2895,254,253,1
2896,200,186,14
2897,171,166,5
2898,148,148,0
2899,136,136,0
2900,81,80,1
2901,45,45,0
2902,174,167,7
2903,122,121,1
2904,166,160,6
2905,157,151,6
2906,180,176,4
2907,61,61,0
2908,87,87,0
2909,146,145,1
2910,119,119,0
2911,113,110,3
2912,376,371,5
2913,174,170,4
2914,83,83,0
2915,196,187,9
2916,582,554,28
2917,829,803,26
2918,145,142,3
2919,211,203,8
2920,710,680,30
2921,195,192,3
2922,375,370,5
2923,526,507,19
2924,102,98,4
2925,448,431,17
2926,184,184,0
2927,141,139,2
2928,324,315,9
2929,148,146,2
2930,150,149,1
2931,217,204,13
2932,140,137,3
2933,83,80,3
2934,250,245,5
2935,211,206,5
2936,321,320,1
2937,475,472,3
2938,716,708,8
2939,352,348,4
2940,128,127,1
2941,384,384,0
2942,128,128,0
2943,300,294,6
2944,202,198,4
2945,288,279,9
2946,247,246,1
2947,162,161,1
2948,132,130,2
2949,301,294,7
2950,54,53,1
2951,218,218,0
2952,698,690,8
2953,266,259,7
2954,423,418,5
2955,82,82,0
2956,156,148,8
2957,189,185,4
2958,258,249,9
2959,390,386,4
2960,484,481,3
2961,150,147,3
2962,116,116,0
2963,138,137,1
2964,178,176,2
2965,829,825,4
2966,45,44,1
2967,342,339,3
2968,174,173,1
2969,430,427,3
2970,127,125,2
2971,269,267,2
2972,355,353,2
2973,132,130,2
2974,711,697,14
2975,116,114,2
2976,323,321,2
2977,145,133,12
2978,164,163,1
2979,174,174,0
2980,251,249,2
2981,27,27,0
2982,25,25,0
2983,108,107,1
2984,170,165,5
2985,155,151,4
2986,105,103,2
2987,234,226,8
2988,477,473,4
2989,136,132,4
2990,111,105,6
2991,781,770,11
2992,591,583,8
2993,696,680,16
2994,682,661,21
2995,171,168,3
2996,411,406,5
2997,259,252,7
2998,276,267,9
2999,910,906,4
3000,111,108,3
3001,194,189,5
3002,426,413,13
3003,101,100,1
3004,241,236,5
3005,189,186,3
3006,144,143,1
3007,153,151,2
3008,332,327,5
3009,217,211,6
3010,114,112,2
3011,124,121,3
3012,211,208,3
3013,137,135,2
3014,209,207,2
3015,204,199,5
3016,125,114,11
3017,382,371,11
3018,293,287,6
3019,200,196,4
3020,212,207,5
3021,155,149,6
3022,798,782,16
3023,380,370,10
3024,143,137,6
3025,602,584,18
3026,334,326,8
3027,974,963,11
3028,119,115,4
3029,122,121,1
3030,108,108,0
3031,413,395,18
3032,178,174,4
3033,204,202,2
3034,97,94,3
3035,337,330,7
3036,130,127,3
3037,98,96,2
3038,124,122,2
3039,204,198,6
3040,114,109,5
3041,87,86,1
3042,137,127,10
3043,111,109,2
3044,352,339,13
3045,938,911,27
3046,707,648,59
3047,247,229,18
3048,121,113,8
3049,687,669,18
3050,174,173,1
3051,64,64,0
3052,217,213,4
3053,132,132,0
3054,535,532,3
3055,106,104,2
3056,145,141,4
3057,220,215,5
3058,124,122,2
3059,684,677,7
3060,127,125,2
3061,775,758,17
3062,308,304,4
3063,586,569,17
3064,316,312,4
3065,151,147,4
3066,237,229,8
3067,523,516,7
3068,344,320,24
3069,813,800,13
3070,302,301,1
3071,399,396,3
3072,233,227,6
3073,922,899,23
3074,496,483,13
3075,997,987,10
3076,265,260,5
3077,112,107,5
3078,233,231,2
3079,1079,1061,18
3080,797,784,13
3081,288,278,10
3082,124,121,3
3083,482,473,9
3084,750,733,17
3085,193,187,6
3086,132,129,3
3087,180,180,0
3088,215,212,3
3089,119,117,2
3090,477,471,6
3091,163,158,5
3092,155,153,2
3093,86,85,1
3094,159,158,1
3095,129,127,2
3096,119,119,0
3097,105,103,2
3098,121,119,2
3099,199,198,1
3100,325,323,2
3101,104,103,1
3102,94,89,5
3103,128,126,2
3104,173,172,1
3105,44,44,0
3106,122,120,2
3107,131,129,2
3108,255,254,1
3109,218,212,6
3110,297,282,15
3111,559,553,6
3112,245,244,1
3113,39,39,0
3114,45,44,1
3115,130,129,1
3116,150,148,2
3117,136,135,1
3118,16,16,0
3119,16,16,0
3120,428,414,14
3121,501,475,26
3122,143,143,0
3123,199,198,1
3124,149,148,1
3125,142,139,3
3126,184,180,4
3127,95,94,1
3128,557,548,9
3129,199,193,6
3130,281,267,14
3131,127,121,6
3132,444,429,15
3133,197,185,12
3134,115,112,3
3135,122,122,0
3136,122,120,2
3137,60,60,0
3138,190,185,5
3139,140,139,1
3140,226,221,5
3141,296,282,14
3142,275,273,2
3143,467,455,12
3144,432,419,13
3145,180,180,0
3146,881,862,19
3147,564,559,5
3148,711,686,25
3149,1210,1170,40
3150,205,199,6
3151,120,119,1
3152,176,170,6
3153,137,136,1
3154,222,216,6
3155,212,209,3
3156,132,131,1
3157,199,195,4
3158,200,199,1
3159,252,252,0
3160,156,156,0
3161,96,94,2
3162,89,89,0
3163,254,254,0
3164,99,98,1
3165,432,428,4
3166,238,238,0
3167,61,56,5
3168,278,270,8
3169,64,64,0
3170,78,75,3
3171,78,76,2
3172,88,84,4
3173,179,171,8
3174,190,187,3
3175,282,269,13
3176,151,150,1
3177,42,42,0
3178,592,571,21
3179,633,610,23
3180,306,294,12
3181,632,623,9
3182,159,153,6
3183,96,95,1
3184,140,135,5
3185,179,175,4
3186,118,116,2
3187,523,510,13
3188,68,65,3
3189,82,76,6
3190,192,190,2
3191,197,190,7
3192,148,146,2
3193,134,125,9
3194,117,112,5
3195,131,130,1
3196,151,148,3
3197,168,163,5
3198,84,80,4
3199,104,102,2
3200,162,161,1
3201,144,144,0
3202,154,147,7
3203,131,129,2
3204,155,150,5
3205,204,200,4
3206,148,144,4
3207,183,179,4
3208,114,114,0
3209,131,127,4
3210,73,72,1
3211,141,138,3
3212,217,212,5
3213,135,132,3
3214,128,126,2
3215,155,154,1
3216,83,82,1
3217,50,50,0
3218,55,55,0
3219,168,168,0
3220,811,783,28
3221,82,81,1
3222,107,103,4
3223,129,126,3
3224,252,247,5
3225,130,130,0
3226,239,236,3
3227,131,129,2
3228,125,123,2
3229,175,166,9
3230,204,199,5
3231,102,101,1
3232,27,27,0
3233,222,220,2
3234,74,72,2
3235,169,163,6
3236,146,146,0
3237,84,81,3
3238,89,85,4
3239,250,247,3
3240,581,571,10
3241,100,93,7
3242,321,309,12
3243,141,139,2
3244,195,194,1
3245,448,436,12
3246,183,173,10
3247,110,109,1
3248,288,277,11
3249,433,414,19
3250,410,399,11
3251,365,342,23
3252,425,412,13
3253,425,415,10
3254,186,179,7
3255,184,182,2
3256,137,135,2
3257,330,318,12
3258,266,262,4
3259,155,153,2
3260,265,260,5
3261,119,117,2
3262,61,61,0
3263,54,54,0
3264,116,114,2
3265,209,207,2
3266,83,81,2
3267,159,157,2
3268,233,231,2
3269,50,50,0
3270,78,78,0
3271,88,88,0
3272,128,127,1
3273,139,138,1
3274,44,42,2
3275,68,68,0
3276,503,495,8
3277,130,130,0
3278,79,77,2
3279,104,104,0
3280,87,87,0
3281,204,199,5
3282,139,138,1
3283,152,152,0
3284,47,47,0
3285,91,91,0
3286,174,168,6
3287,167,165,2
3288,223,220,3
3289,387,372,15
3290,378,354,24
3291,118,112,6
3292,197,190,7
3293,179,172,7
3294,504,480,24
3295,230,202,28
3296,473,449,24
3297,395,392,3
3298,581,570,11
3299,267,262,5
3300,204,200,4
3301,129,129,0
3302,970,959,11
3303,360,353,7
3304,436,431,5
3305,128,128,0
3306,247,244,3
3307,73,71,2
3308,130,125,5
3309,207,201,6
3310,81,79,2
3311,59,59,0
3312,152,146,6
3313,282,275,7
3314,25,25,0
3315,124,124,0
3316,185,181,4
3317,119,117,2
3318,194,189,5
3319,90,89,1
3320,176,176,0
3321,158,154,4
3322,121,118,3
3323,221,221,0
3324,117,111,6
3325,379,378,1
3326,129,123,6
3327,282,268,14
3328,204,201,3
3329,212,210,2
3330,316,311,5
3331,230,226,4
3332,209,207,2
3333,275,275,0
3334,293,287,6
3335,520,505,15
3336,773,761,12
3337,137,137,0
3338,368,363,5
3339,186,182,4
3340,622,603,19
3341,222,218,4
3342,325,322,3
3343,114,109,5
3344,216,194,22
3345,656,637,19
3346,742,722,20
3347,156,150,6
3348,215,208,7
3349,755,730,25
3350,197,194,3
3351,348,339,9
3352,185,180,5
3353,220,213,7
3354,151,144,7
3355,920,899,21
3356,151,146,5
3357,128,127,1
3358,226,223,3
3359,257,253,4
3360,143,141,2
3361,211,206,5
3362,340,329,11
3363,187,183,4
3364,144,141,3
3365,282,276,6
3366,222,220,2
3367,113,113,0
3368,471,468,3
3369,409,398,11
3370,147,147,0
3371,929,917,12
3372,504,495,9
3373,126,125,1
3374,789,779,10
3375,364,354,10
3376,93,89,4
3377,232,232,0
3378,207,203,4
3379,173,172,1
3380,136,134,2
3381,449,434,15
3382,715,700,15
3383,595,588,7
3384,586,575,11
3385,211,203,8
3386,140,136,4
3387,550,547,3
3388,893,880,13
3389,216,212,4
3390,126,125,1
3391,366,360,6
3392,563,555,8
3393,167,161,6
3394,122,120,2
3395,319,318,1
3396,144,142,2
3397,424,416,8
3398,136,131,5
3399,188,186,2
3400,272,264,8
3401,651,635,16
3402,181,178,3
3403,185,183,2
3404,95,95,0
3405,158,155,3
3406,144,144,0
3407,127,127,0
3408,304,296,8
3409,226,222,4
3410,250,247,3
3411,143,141,2
3412,159,156,3
3413,210,206,4
3414,360,353,7
3415,371,370,1
3416,251,251,0
3417,154,148,6
3418,249,249,0
3419,105,104,1
3420,229,226,3
3421,179,178,1
3422,632,611,21
3423,131,123,8
3424,319,303,16
3425,317,287,30
3426,127,115,12
3427,187,182,5
3428,670,606,64
3429,146,133,13
3430,1003,936,67
3431,70,66,4
3432,107,102,5
3433,159,154,5
3434,380,358,22
3435,129,128,1
3436,378,375,3
3437,283,274,9
3438,806,785,21
3439,221,216,5
3440,133,132,1
3441,538,529,9
3442,79,77,2
3443,264,256,8
3444,192,190,2
3445,71,69,2
3446,504,492,12
3447,87,87,0
3448,297,294,3
3449,242,232,10
3450,328,318,10
3451,55,54,1
3452,454,446,8
3453,190,189,1
3454,149,148,1
3455,71,69,2
3456,95,93,2
3457,846,826,20
3458,315,308,7
3459,125,121,4
3460,522,510,12
3461,156,154,2
3462,226,222,4
3463,115,112,3
3464,325,317,8
3465,188,183,5
3466,181,177,4
3467,365,356,9
3468,466,457,9
3469,158,151,7
3470,137,136,1
3471,197,192,5
3472,129,125,4
3473,110,109,1
3474,424,422,2
3475,208,201,7
3476,210,205,5
3477,123,120,3
3478,171,169,2
3479,199,192,7
3480,151,147,4
3481,252,247,5
3482,301,300,1
3483,173,173,0
3484,266,262,4
3485,151,151,0
3486,132,129,3
3487,181,178,3
3488,203,202,1
3489,361,351,10
3490,234,232,2
3491,134,131,3
3492,356,347,9
3493,161,157,4
3494,474,468,6
3495,209,201,8
3496,121,118,3
3497,303,297,6
3498,415,410,5
3499,123,123,0
3500,249,242,7
3501,110,106,4
3502,217,216,1
3503,57,57,0
3504,370,352,18
3505,200,196,4
3506,313,308,5
3507,157,152,5
3508,208,207,1
3509,136,131,5
3510,619,610,9
3511,136,135,1
3512,153,150,3
3513,142,142,0
3514,210,208,2
3515,313,310,3
3516,133,133,0
3517,131,131,0
3518,133,129,4
3519,162,161,1
3520,279,276,3
3521,516,509,7
3522,227,225,2
3523,119,115,4
3524,437,423,14
3525,999,972,27
3526,206,205,1
3527,211,208,3
3528,120,118,2
3529,81,80,1
3530,207,205,2
3531,141,139,2
3532,163,162,1
3533,133,130,3
3534,421,414,7
3535,179,178,1
3536,111,105,6
3537,209,208,1
3538,139,137,2
3539,244,242,2
3540,398,394,4
3541,182,180,2
3542,195,194,1
3543,755,729,26
3544,139,139,0
3545,205,205,0
3546,147,146,1
3547,387,382,5
3548,178,176,2
3549,310,300,10
3550,346,341,5
3551,130,129,1
3552,138,137,1
3553,690,678,12
3554,49,49,0
3555,145,144,1
3556,228,227,1
3557,112,110,2
3558,214,211,3
3559,198,196,2
3560,132,124,8
3561,406,395,11
3562,151,144,7
3563,438,425,13
3564,598,589,9
3565,262,255,7
3566,345,340,5
3567,125,122,3
3568,144,138,6
3569,236,235,1
3570,162,160,2
3571,126,124,2
3572,141,140,1
3573,130,128,2
3574,464,458,6
3575,252,249,3
3576,125,123,2
3577,688,680,8
3578,120,120,0
3579,224,223,1
3580,240,240,0
3581,338,331,7
3582,340,333,7
3583,100,100,0
3584,96,95,1
3585,230,217,13
3586,562,551,11
3587,762,749,13
3588,166,162,4
3589,600,594,6
3590,236,229,7
3591,190,190,0
3592,107,104,3
3593,365,362,3
3594,156,153,3
3595,133,132,1
3596,313,308,5
3597,284,281,3
3598,156,154,2
3599,493,479,14
3600,173,171,2
3601,142,139,3
3602,254,250,4
3603,956,929,27
3604,113,112,1
3605,270,264,6
3606,540,528,12
3607,115,113,2
3608,242,239,3
3609,128,127,1
3610,196,192,4
3611,119,109,10
3612,145,143,2
3613,230,227,3
3614,122,119,3
3615,257,253,4
3616,259,254,5
3617,609,591,18
3618,342,338,4
3619,169,169,0
3620,155,155,0
3621,48,48,0
3622,261,254,7
3623,90,89,1
3624,115,114,1
3625,172,165,7
3626,654,638,16
3627,137,132,5
3628,140,140,0
3629,554,542,12
3630,152,144,8
3631,130,125,5
3632,49,49,0
3633,118,114,4
3634,232,225,7
3635,343,338,5
3636,128,127,1
3637,447,437,10
3638,84,83,1
3639,119,116,3
3640,500,491,9
3641,249,246,3
3642,63,61,2
3643,138,138,0
3644,327,326,1
3645,449,435,14
3646,285,280,5
3647,39,37,2
3648,125,125,0
3649,249,244,5
3650,150,147,3
3651,339,337,2
3652,171,168,3
3653,128,126,2
3654,138,136,2
3655,294,289,5
3656,167,165,2
3657,441,426,15
3658,271,267,4
3659,259,256,3
3660,422,417,5
3661,593,584,9
3662,302,300,2
3663,181,181,0
3664,109,107,2
3665,87,87,0
3666,182,181,1
3667,330,326,4
3668,530,518,12
3669,198,198,0
3670,184,181,3
3671,518,501,17
3672,63,63,0
3673,202,200,2
3674,141,136,5
3675,133,131,2
3676,125,123,2
3677,584,573,11
3678,98,97,1
3679,32,31,1
3680,137,135,2
3681,41,39,2
3682,141,138,3
3683,226,221,5
3684,177,173,4
3685,138,135,3
3686,329,310,19
3687,48,48,0
3688,146,145,1
3689,167,161,6
3690,117,116,1
3691,98,98,0
3692,250,243,7
3693,118,117,1
3694,167,167,0
3695,140,138,2
3696,295,290,5
3697,170,166,4
3698,175,172,3
3699,224,223,1
3700,247,245,2
3701,223,221,2
3702,510,506,4
3703,220,218,2
3704,164,164,0
3705,212,210,2
3706,347,341,6
3707,298,291,7
3708,245,242,3
3709,98,98,0
3710,132,129,3
3711,274,271,3
3712,489,486,3
3713,184,181,3
3714,155,152,3
3715,199,198,1
3716,210,209,1
3717,155,154,1
3718,641,633,8
3719,658,649,9
3720,157,157,0
3721,133,131,2
3722,148,147,1
3723,183,180,3
3724,302,291,11
3725,189,183,6
3726,126,126,0
3727,182,180,2
3728,228,228,0
3729,130,125,5
3730,168,165,3
3731,275,266,9
3732,110,108,2
3733,145,144,1
3734,268,263,5
3735,521,506,15
3736,141,135,6
3737,378,361,17
3738,109,106,3
3739,127,127,0
3740,157,155,2
3741,115,113,2
3742,1178,1140,38
3743,132,129,3
3744,55,54,1
3745,124,120,4
3746,145,139,6
3747,364,350,14
3748,121,118,3
3749,156,155,1
3750,279,267,12
3751,393,373,20
3752,155,153,2
3753,169,169,0
3754,96,94,2
3755,617,610,7
3756,148,146,2
3757,297,289,8
3758,195,189,6
3759,255,239,16
3760,193,190,3
3761,137,134,3
3762,42,42,0
3763,130,130,0
3764,140,139,1
3765,206,204,2
3766,284,279,5
3767,62,62,0
3768,152,144,8
3769,88,86,2
3770,69,69,0
3771,93,89,4
3772,73,72,1
3773,444,425,19
3774,125,123,2
3775,158,157,1
3776,118,109,9
3777,249,248,1
3778,61,61,0
3779,249,244,5
3780,148,143,5
3781,128,128,0
3782,143,141,2
3783,226,208,18
3784,191,190,1
3785,207,206,1
3786,251,251,0
3787,242,241,1
3788,96,94,2
3789,230,226,4
3790,198,192,6
3791,286,280,6
3792,333,326,7
3793,260,258,2
3794,106,102,4
3795,180,179,1
3796,142,142,0
3797,201,200,1
3798,112,109,3
3799,106,102,4
3800,204,204,0
3801,121,119,2
3802,349,330,19
3803,195,192,3
3804,322,314,8
3805,527,519,8
3806,394,387,7
3807,817,791,26
3808,309,302,7
3809,613,595,18
3810,245,244,1
3811,449,440,9
3812,90,86,4
3813,125,122,3
3814,112,110,2
3815,169,168,1
3816,207,205,2
3817,114,113,1
3818,43,42,1
3819,32,30,2
3820,40,40,0
3821,333,329,4
3822,22,22,0
3823,226,221,5
3824,141,137,4
3825,59,59,0
3826,47,47,0
3827,143,141,2
3828,272,263,9
3829,405,395,10
3830,225,218,7
3831,655,628,27
3832,190,185,5
3833,228,226,2
3834,361,352,9
3835,153,150,3
3836,296,290,6
3837,168,165,3
3838,70,70,0
3839,168,150,18
3840,191,188,3
3841,300,299,1
3842,129,123,6
3843,119,119,0
3844,677,668,9
3845,346,346,0
3846,259,258,1
3847,209,207,2
3848,133,130,3
3849,205,203,2
3850,219,219,0
3851,132,132,0
3852,138,137,1
3853,244,235,9
3854,121,120,1
3855,146,144,2
3856,508,496,12
3857,151,148,3
3858,67,64,3
3859,59,59,0
3860,112,112,0
3861,94,93,1
3862,340,338,2
3863,270,265,5
3864,474,467,7
3865,189,187,2
3866,283,279,4
3867,164,163,1
3868,456,453,3
3869,165,165,0
3870,212,212,0
3871,247,244,3
3872,175,175,0
3873,115,113,2
3874,431,420,11
3875,130,130,0
3876,139,129,10
3877,122,115,7
3878,316,302,14
3879,131,125,6
3880,97,94,3
3881,240,240,0
3882,133,130,3
3883,317,299,18
3884,145,143,2
3885,135,132,3
3886,126,125,1
3887,236,236,0
3888,291,285,6
3889,341,338,3
3890,121,121,0
3891,258,258,0
3892,251,249,2
3893,323,320,3
3894,83,80,3
3895,149,146,3
3896,387,380,7
3897,163,158,5
3898,162,161,1
3899,1023,1005,18
3900,76,76,0
3901,206,203,3
3902,29,29,0
3903,44,43,1
3904,108,106,2
3905,704,688,16
3906,827,818,9
3907,231,229,2
3908,811,802,9
3909,181,180,1
3910,52,52,0
3911,59,58,1
3912,125,124,1
3913,102,101,1
3914,552,544,8
3915,237,237,0
3916,409,401,8
3917,267,266,1
3918,84,81,3
3919,247,230,17
3920,115,112,3
3921,97,96,1
3922,267,265,2
3923,298,294,4
3924,218,215,3
3925,189,186,3
3926,160,157,3
3927,190,188,2
3928,68,68,0
3929,67,65,2
3930,202,199,3
3931,115,114,1
3932,290,285,5
3933,224,221,3
3934,115,111,4
3935,197,190,7
3936,186,181,5
3937,149,145,4
3938,153,145,8
3939,237,229,8
3940,60,60,0
3941,275,266,9
3942,326,323,3
3943,127,126,1
3944,127,125,2
3945,122,120,2
3946,131,131,0
3947,131,130,1
3948,167,165,2
3949,154,154,0
3950,232,232,0
3951,243,239,4
3952,183,182,1
3953,195,192,3
3954,170,169,1
3955,194,188,6
3956,194,192,2
3957,103,101,2
3958,109,109,0
3959,166,166,0
3960,302,300,2
3961,75,75,0
3962,130,130,0
3963,54,54,0
3964,218,215,3
3965,209,203,6
3966,46,46,0
3967,155,155,0
3968,317,316,1
3969,546,524,22
3970,190,189,1
3971,81,81,0
3972,105,104,1
3973,105,105,0
3974,310,308,2
3975,191,189,2
3976,153,150,3
3977,130,129,1
3978,140,139,1
3979,195,188,7
3980,309,309,0
3981,166,166,0
3982,122,118,4
3983,176,176,0
3984,516,511,5
3985,391,389,2
3986,120,119,1
3987,162,157,5
3988,146,144,2
3989,127,127,0
3990,152,151,1
3991,234,230,4
3992,125,122,3
3993,280,280,0
3994,106,103,3
3995,199,186,13
3996,120,119,1
3997,289,284,5
3998,113,112,1
3999,137,133,4
4000,161,160,1
4001,193,190,3
4002,453,444,9
4003,819,803,16
4004,140,139,1
4005,158,155,3
4006,178,174,4
4007,437,433,4
4008,193,188,5
4009,210,210,0
4010,40,40,0
4011,156,154,2
4012,138,136,2
4013,985,968,17
4014,225,223,2
4015,119,118,1
4016,135,125,10
4017,142,140,2
4018,144,139,5
4019,132,129,3
4020,57,56,1
4021,205,199,6
4022,132,130,2
4023,147,147,0
4024,122,119,3
4025,594,588,6
4026,876,862,14
4027,111,111,0
4028,356,346,10
4029,144,143,1
4030,115,111,4
4031,168,167,1
4032,50,50,0
4033,120,118,2
4034,161,161,0
4035,172,169,3
4036,708,694,14
4037,361,357,4
4038,367,359,8
4039,490,480,10
4040,213,207,6
4041,177,172,5
4042,125,116,9
4043,340,333,7
4044,151,149,2
4045,131,129,2
4046,101,95,6
4047,55,54,1
4048,61,61,0
4049,98,96,2
4050,104,103,1
4051,231,230,1
4052,106,103,3
4053,172,171,1
4054,161,161,0
4055,172,168,4
4056,228,223,5
4057,110,106,4
4058,135,132,3
4059,456,451,5
4060,107,106,1
4061,359,353,6
4062,178,175,3
4063,118,118,0
4064,210,204,6
4065,152,151,1
4066,162,159,3
4067,138,136,2
4068,215,213,2
4069,160,158,2
4070,203,203,0
4071,139,139,0
4072,146,146,0
4073,109,107,2
4074,130,128,2
4075,156,154,2
4076,67,66,1
4077,119,119,0
4078,171,166,5
4079,403,395,8
4080,157,155,2
4081,297,292,5
4082,61,59,2
4083,157,157,0
4084,186,182,4
4085,181,178,3
4086,117,115,2
4087,162,160,2
4088,131,131,0
4089,375,356,19
4090,158,156,2
4091,238,235,3
4092,271,267,4
4093,188,188,0
4094,162,161,1
4095,144,144,0
4096,192,191,1
4097,246,246,0
4098,567,562,5
4099,103,101,2
4100,170,168,2
4101,462,458,4
4102,121,119,2
4103,280,280,0
4104,118,118,0
4105,200,196,4
4106,119,117,2
4107,154,154,0
4108,232,229,3
4109,132,131,1
4110,104,104,0
4111,158,157,1
4112,169,168,1
4113,79,76,3
4114,130,130,0
4115,126,120,6
4116,155,154,1
4117,142,141,1
4118,280,278,2
4119,306,302,4
4120,150,143,7
4121,192,189,3
4122,123,119,4
4123,289,282,7
4124,519,516,3
4125,377,372,5
4126,138,137,1
4127,622,611,11
4128,128,126,2
4129,172,167,5
4130,224,223,1
4131,17,17,0
4132,178,178,0
4133,77,77,0
4134,180,180,0
4135,51,50,1
4136,410,410,0
4137,377,375,2
4138,55,55,0
4139,998,980,18
4140,404,396,8
4141,552,552,0
4142,194,193,1
4143,147,146,1
4144,414,413,1
4145,139,139,0
4146,107,104,3
4147,522,515,7
4148,240,226,14
4149,655,647,8
4150,189,187,2
4151,199,198,1
4152,87,86,1
4153,178,170,8
4154,188,185,3
4155,249,243,6
4156,244,241,3
4157,180,180,0
4158,162,162,0
4159,196,195,1
4160,179,176,3
4161,115,113,2
4162,320,318,2
4163,304,296,8
4164,115,109,6
4165,101,101,0
4166,60,59,1
4167,258,250,8
4168,345,341,4
4169,341,335,6
4170,285,276,9
4171,129,123,6
4172,311,305,6
4173,275,273,2
4174,476,469,7
4175,169,164,5
4176,114,113,1
4177,120,117,3
4178,254,252,2
4179,187,184,3
4180,190,186,4
4181,140,138,2
4182,148,146,2
4183,252,247,5
4184,458,453,5
4185,257,244,13
4186,227,221,6
4187,369,364,5
4188,287,279,8
4189,140,137,3
4190,249,243,6
4191,150,149,1
4192,261,255,6
4193,145,144,1
4194,273,267,6
4195,179,175,4
4196,161,159,2
4197,34,34,0
4198,409,396,13
4199,163,162,1
4200,125,123,2
4201,114,109,5
4202,364,359,5
4203,464,459,5
4204,238,231,7
4205,177,173,4
4206,384,382,2
4207,80,80,0
4208,216,208,8
4209,334,331,3
4210,766,757,9
4211,302,298,4
4212,407,401,6
4213,152,150,2
4214,801,782,19
4215,979,962,17
4216,217,217,0
4217,231,230,1
4218,195,190,5
4219,527,519,8
4220,142,141,1
4221,411,410,1
4222,117,117,0
4223,205,200,5
4224,141,136,5
4225,41,41,0
4226,36,36,0
4227,95,94,1
4228,216,214,2
4229,229,227,2
4230,189,184,5
4231,421,402,19
4232,417,411,6
4233,113,113,0
4234,152,149,3
4235,304,303,1
4236,270,266,4
4237,60,60,0
4238,146,146,0
4239,184,181,3
4240,476,462,14
4241,247,242,5
4242,56,56,0
4243,530,524,6
4244,144,143,1
4245,69,67,2
4246,143,142,1
4247,258,254,4
4248,194,192,2
4249,357,351,6
4250,302,299,3
4251,139,139,0
4252,131,130,1
4253,548,533,15
4254,626,621,5
4255,137,135,2
4256,152,151,1
4257,729,709,20
4258,143,143,0
4259,224,222,2
4260,335,330,5
4261,163,159,4
4262,54,54,0
4263,155,152,3
4264,159,156,3
4265,412,407,5
4266,235,234,1
4267,126,124,2
4268,438,432,6
4269,183,183,0
4270,82,82,0
4271,142,134,8
4272,54,52,2
4273,96,96,0
4274,92,92,0
4275,225,219,6
4276,70,70,0
4277,174,172,2
4278,743,713,30
4279,486,461,25
4280,43,42,1
4281,277,269,8
4282,101,100,1
4283,68,68,0
4284,171,171,0
4285,124,121,3
4286,192,192,0
4287,172,170,2
4288,118,115,3
4289,249,243,6
4290,105,105,0
4291,131,130,1
4292,139,138,1
4293,205,201,4
4294,396,395,1
4295,158,153,5
4296,121,117,4
4297,378,367,11
4298,256,242,14
4299,66,65,1
4300,289,277,12
4301,117,109,8
4302,198,191,7
4303,153,146,7
4304,189,180,9
4305,186,184,2
4306,365,352,13
4307,424,408,16
4308,217,207,10
4309,131,129,2
4310,758,755,3
4311,129,126,3
4312,234,225,9
4313,384,374,10
4314,127,123,4
4315,413,404,9
4316,218,208,10
4317,229,222,7
4318,324,322,2
4319,81,81,0
4320,461,453,8
4321,208,203,5
4322,148,147,1
4323,136,134,2
4324,144,143,1
4325,171,170,1
4326,164,164,0
4327,171,171,0
4328,342,341,1
4329,280,278,2
4330,127,126,1
4331,76,74,2
4332,256,255,1
4333,176,175,1
4334,136,132,4
4335,268,263,5
4336,298,291,7
4337,178,172,6
4338,768,755,13
4339,925,916,9
4340,223,218,5
4341,133,128,5
4342,644,642,2
4343,373,366,7
4344,146,146,0
4345,338,333,5
4346,1598,1565,33
4347,442,433,9
4348,121,119,2
4349,676,666,10
4350,978,963,15
4351,291,285,6
4352,428,414,14
4353,69,66,3
4354,172,168,4
4355,49,48,1
4356,407,387,20
4357,123,122,1
4358,140,139,1
4359,120,119,1
4360,48,45,3
4361,157,153,4
4362,40,38,2
4363,269,268,1
4364,117,115,2
4365,159,157,2
4366,474,467,7
4367,238,232,6
4368,418,406,12
4369,137,131,6
4370,49,49,0
4371,32,32,0
4372,70,69,1
4373,155,150,5
4374,94,87,7
4375,143,141,2
4376,137,132,5
4377,104,97,7
4378,153,143,10
4379,272,262,10
4380,111,110,1
4381,166,161,5
4382,209,203,6
4383,816,799,17
4384,274,262,12
4385,34,33,1
4386,219,215,4
4387,120,118,2
4388,244,237,7
4389,591,575,16
4390,718,711,7
4391,566,552,14
4392,150,147,3
4393,211,209,2
4394,243,234,9
4395,129,129,0
4396,160,157,3
4397,258,247,11
4398,731,712,19
4399,141,135,6
4400,223,218,5
4401,385,379,6
4402,385,356,29
4403,310,296,14
4404,147,142,5
4405,231,229,2
4406,100,97,3
4407,150,149,1
4408,108,107,1
4409,506,502,4
4410,130,126,4
4411,471,469,2
4412,154,153,1
4413,108,107,1
4414,143,139,4
4415,264,262,2
4416,245,242,3
4417,76,76,0
4418,217,217,0
4419,143,143,0
4420,156,155,1
4421,161,160,1
4422,217,216,1
4423,122,121,1
4424,315,309,6
4425,698,679,19
4426,597,592,5
4427,719,707,12
4428,503,493,10
4429,284,281,3
4430,146,144,2
4431,451,441,10
4432,166,162,4
4433,195,194,1
4434,432,426,6
4435,118,117,1
4436,437,431,6
4437,585,577,8
4438,132,132,0
4439,363,358,5
4440,486,478,8
4441,59,59,0
4442,99,97,2
4443,203,198,5
4444,90,90,0
4445,39,38,1
4446,151,148,3
4447,62,59,3
4448,147,144,3
4449,62,61,1
4450,88,87,1
4451,115,112,3
4452,184,183,1
4453,179,178,1
4454,166,162,4
4455,342,336,6
4456,172,170,2
4457,147,146,1
4458,104,100,4
4459,512,503,9
4460,247,241,6
4461,467,448,19
4462,78,78,0
4463,144,140,4
4464,468,461,7
4465,130,129,1
4466,114,112,2
4467,372,363,9
4468,505,498,7
4469,420,411,9
4470,202,201,1
4471,186,182,4
4472,622,616,6
4473,649,646,3
4474,267,262,5
4475,293,289,4
4476,434,428,6
4477,122,121,1
4478,116,113,3
4479,133,133,0
4480,141,138,3
4481,125,118,7
4482,134,129,5
4483,159,155,4
4484,214,212,2
4485,245,239,6
4486,134,133,1
4487,140,139,1
4488,282,265,17
4489,233,232,1
4490,117,117,0
4491,136,129,7
4492,124,122,2
4493,142,132,10
4494,121,117,4
4495,218,212,6
4496,117,117,0
4497,443,438,5
4498,154,153,1
4499,337,319,18
4500,275,269,6
4501,380,367,13
4502,194,182,12
4503,108,107,1
4504,149,144,5
4505,266,263,3
4506,244,242,2
4507,81,81,0
4508,189,187,2
4509,474,471,3
4510,363,357,6
4511,64,64,0
4512,177,176,1
4513,177,174,3
4514,264,264,0
4515,64,63,1
4516,380,376,4
4517,346,344,2
4518,285,285,0
4519,441,434,7
4520,225,223,2
4521,69,68,1
4522,377,376,1
4523,841,829,12
4524,571,559,12
4525,500,475,25
4526,353,346,7
4527,359,352,7
4528,549,534,15
4529,169,168,1
4530,140,137,3
4531,271,265,6
4532,146,138,8
4533,58,54,4
4534,249,245,4
4535,147,145,2
4536,153,152,1
4537,129,129,0
4538,254,252,2
4539,537,529,8
4540,341,306,35
4541,138,134,4
4542,153,150,3
4543,319,317,2
4544,182,179,3
4545,296,284,12
4546,109,104,5
4547,212,211,1
4548,627,604,23
4549,738,722,16
4550,187,187,0
4551,254,247,7
4552,339,331,8
4553,341,339,2
4554,169,168,1
4555,73,71,2
4556,151,150,1
4557,262,259,3
4558,150,148,2
4559,287,281,6
4560,216,215,1
4561,170,166,4
4562,162,161,1
4563,848,833,15
4564,131,130,1
4565,122,122,0
4566,125,125,0
4567,314,303,11
4568,426,422,4
4569,354,350,4
4570,554,542,12
4571,335,329,6
4572,474,464,10
4573,202,201,1
4574,245,240,5
4575,142,138,4
4576,156,155,1
4577,125,125,0
4578,175,175,0
4579,142,141,1
4580,257,251,6
4581,224,218,6
4582,166,163,3
4583,137,136,1
4584,134,133,1
4585,318,313,5
4586,245,233,12
4587,158,156,2
4588,350,340,10
4589,808,792,16
4590,223,219,4
4591,353,345,8
4592,402,394,8
4593,169,168,1
4594,107,105,2
4595,156,156,0
4596,74,71,3
4597,133,131,2
4598,140,139,1
4599,523,508,15
4600,234,232,2
4601,186,183,3
4602,230,224,6
4603,410,402,8
4604,372,370,2
4605,423,417,6
4606,632,621,11
4607,118,115,3
4608,122,120,2
4609,147,141,6
4610,354,341,13
4611,377,373,4
4612,214,205,9
4613,636,620,16
4614,104,95,9
4615,196,192,4
4616,143,141,2
4617,150,148,2
4618,71,70,1
4619,123,121,2
4620,98,97,1
4621,138,137,1
4622,218,216,2
4623,205,201,4
4624,355,355,0
4625,205,200,5
4626,248,238,10
4627,223,215,8
4628,116,112,4
4629,63,63,0
4630,143,141,2
4631,122,121,1
4632,143,143,0
4633,44,44,0
4634,73,72,1
4635,241,239,2
4636,127,122,5
4637,119,113,6
4638,113,113,0
4639,59,58,1
4640,114,110,4
4641,134,129,5
4642,58,58,0
4643,122,121,1
4644,118,117,1
4645,148,147,1
4646,137,132,5
4647,47,47,0
4648,70,67,3
4649,149,141,8
4650,218,214,4
4651,125,124,1
4652,51,50,1
4653,144,141,3
4654,105,104,1
4655,128,125,3
4656,125,123,2
4657,115,112,3
4658,129,127,2
4659,141,140,1
4660,155,155,0
4661,75,72,3
4662,151,147,4
4663,188,186,2
4664,484,474,10
4665,230,216,14
4666,165,162,3
4667,99,98,1
4668,124,119,5
4669,42,41,1
4670,114,112,2
4671,300,297,3
4672,350,346,4
4673,46,45,1
4674,97,90,7
4675,111,109,2
4676,136,134,2
4677,237,232,5
4678,78,75,3
4679,351,342,9
4680,43,43,0
4681,117,109,8
4682,68,68,0
4683,69,66,3
4684,52,51,1
4685,58,57,1
4686,134,130,4
4687,243,241,2
4688,152,150,2
4689,171,171,0
4690,132,131,1
4691,120,119,1
4692,118,113,5
4693,152,152,0
4694,57,57,0
4695,181,180,1
4696,159,157,2
4697,210,205,5
4698,67,66,1
4699,141,138,3
4700,301,292,9
4701,213,207,6
4702,85,83,2
4703,275,273,2
4704,209,204,5
4705,157,150,7
4706,80,79,1
4707,168,163,5
4708,114,112,2
4709,81,80,1
4710,492,488,4
4711,53,52,1
4712,123,123,0
4713,84,81,3
4714,798,788,10
4715,51,51,0
4716,315,311,4
4717,226,226,0
4718,158,156,2
4719,272,268,4
4720,118,115,3
4721,682,652,30
4722,117,111,6
4723,633,613,20
4724,56,55,1
4725,93,93,0
4726,71,71,0
4727,155,153,2
4728,318,308,10
4729,256,255,1
4730,467,460,7
4731,135,133,2
4732,253,251,2
4733,332,324,8
4734,320,317,3
4735,232,228,4
4736,75,75,0
4737,252,248,4
4738,124,124,0
4739,121,120,1
4740,271,267,4
4741,220,218,2
4742,118,116,2
4743,228,228,0
4744,153,148,5
4745,462,449,13
4746,142,137,5
4747,149,147,2
4748,203,195,8
4749,147,143,4
4750,317,307,10
4751,260,254,6
4752,352,345,7
4753,460,444,16
4754,118,118,0
4755,77,76,1
4756,131,128,3
4757,246,241,5
4758,45,45,0
4759,62,61,1
4760,121,117,4
4761,224,224,0
4762,155,152,3
4763,1002,992,10
4764,776,767,9
4765,579,572,7
4766,198,195,3
4767,395,390,5
4768,942,936,6
4769,261,259,2
4770,425,410,15
4771,132,124,8
4772,197,182,15
4773,305,294,11
4774,55,53,2
4775,121,120,1
4776,454,441,13
4777,180,178,2
4778,62,62,0
4779,48,47,1
4780,106,104,2
4781,210,205,5
4782,164,161,3
4783,321,309,12
4784,152,148,4
4785,118,118,0
4786,100,99,1
4787,437,432,5
4788,137,132,5
4789,408,397,11
4790,259,257,2
4791,156,154,2
4792,187,185,2
4793,70,69,1
4794,63,62,1
4795,67,67,0
4796,187,184,3
4797,290,288,2
4798,1017,999,18
4799,88,87,1
4800,76,73,3
4801,64,62,2
4802,114,110,4
4803,177,175,2
4804,327,321,6
4805,139,138,1
4806,384,372,12
4807,123,122,1
4808,123,122,1
4809,125,124,1
4810,206,204,2
4811,117,117,0
4812,116,116,0
4813,130,130,0
4814,106,101,5
4815,232,230,2
4816,179,175,4
4817,105,100,5
4818,131,130,1
4819,137,135,2
4820,165,164,1
4821,422,418,4
4822,263,260,3
4823,273,270,3
4824,149,146,3
4825,140,140,0
4826,270,268,2
4827,272,272,0
4828,152,151,1
4829,135,133,2
4830,173,170,3
4831,99,98,1
4832,66,65,1
4833,127,122,5
4834,167,166,1
4835,576,562,14
4836,161,160,1
4837,153,152,1
4838,233,229,4
4839,399,397,2
4840,287,281,6
4841,191,186,5
4842,220,220,0
4843,336,333,3
4844,749,740,9
4845,136,135,1
4846,392,380,12
4847,714,698,16
4848,574,565,9
4849,225,221,4
4850,466,455,11
4851,279,278,1
4852,270,270,0
4853,207,204,3
4854,323,316,7
4855,484,478,6
4856,218,216,2
4857,990,983,7
4858,996,981,15
4859,118,117,1
4860,423,420,3
4861,192,191,1
4862,201,199,2
4863,139,135,4
4864,213,204,9
4865,123,122,1
4866,327,311,16
4867,305,303,2
4868,91,91,0
4869,191,189,2
4870,48,47,1
4871,115,111,4
4872,139,135,4
4873,98,97,1
4874,856,840,16
4875,294,289,5
4876,620,604,16
4877,164,161,3
4878,50,48,2
4879,309,296,13
4880,195,193,2
4881,142,142,0
4882,142,142,0
4883,593,590,3
4884,135,134,1
4885,111,109,2
4886,234,227,7
4887,425,410,15
4888,161,156,5
4889,993,956,37
4890,221,218,3
4891,122,119,3
4892,209,203,6
4893,160,156,4
4894,120,120,0
4895,202,199,3
4896,223,223,0
4897,308,303,5
4898,311,305,6
4899,128,125,3
4900,163,162,1
4901,192,192,0
4902,472,469,3
4903,433,427,6
4904,131,131,0
4905,225,219,6
4906,235,235,0
4907,334,333,1
4908,147,145,2
4909,235,233,2
4910,172,164,8
4911,127,127,0
4912,104,103,1
4913,114,114,0
4914,110,108,2
4915,134,134,0
4916,148,148,0
4917,174,172,2
4918,150,148,2
4919,121,120,1
4920,220,216,4
4921,152,135,17
4922,217,214,3
4923,115,113,2
4924,270,251,19
4925,614,596,18
4926,106,98,8
4927,124,124,0
4928,121,119,2
4929,241,237,4
4930,254,247,7
4931,322,322,0
4932,124,123,1
4933,246,243,3
4934,209,200,9
4935,125,123,2
4936,222,217,5
4937,208,204,4
4938,227,224,3
4939,228,224,4
4940,289,288,1
4941,301,296,5
4942,223,219,4
4943,34,34,0
4944,408,400,8
4945,196,193,3
4946,147,146,1
4947,104,103,1
4948,107,106,1
4949,47,47,0
4950,74,74,0
4951,59,57,2
4952,207,202,5
4953,43,41,2
4954,76,75,1
4955,925,899,26
4956,134,129,5
4957,105,103,2
4958,216,214,2
4959,118,117,1
4960,108,105,3
4961,128,126,2
4962,314,303,11
4963,228,227,1
4964,654,646,8
4965,410,407,3
4966,457,454,3
4967,136,134,2
4968,153,152,1
4969,109,107,2
4970,109,107,2
4971,268,258,10
4972,81,79,2
4973,235,230,5
4974,219,215,4
4975,244,243,1
4976,508,503,5
4977,114,113,1
4978,275,271,4
4979,230,226,4
4980,125,117,8
4981,94,88,6
4982,114,114,0
4983,111,107,4
4984,142,141,1
4985,277,276,1
4986,155,154,1
4987,437,424,13
4988,107,106,1
4989,71,71,0
4990,201,200,1
4991,124,123,1
4992,188,186,2
4993,227,223,4
4994,495,481,14
4995,204,201,3
4996,19,19,0
4997,55,55,0
4998,298,285,13
4999,241,240,1
5000,277,268,9
5001,201,199,2
5002,240,224,16
5003,65,64,1
5004,40,39,1
5005,228,225,3
5006,55,55,0
5007,249,242,7
5008,68,68,0
5009,212,208,4
5010,99,95,4
5011,108,103,5
5012,101,100,1
5013,125,125,0
5014,237,236,1
5015,423,412,11
5016,105,100,5
5017,184,182,2
5018,47,46,1
5019,139,138,1
5020,177,172,5
5021,279,273,6
5022,103,101,2
5023,187,184,3
5024,337,332,5
5025,147,144,3
5026,131,128,3
5027,652,646,6
5028,306,297,9
5029,136,134,2
5030,140,137,3
5031,291,286,5
5032,272,246,26
5033,187,186,1
5034,147,146,1
5035,67,64,3
5036,141,140,1
5037,476,461,15
5038,518,509,9
5039,88,86,2
5040,668,660,8
5041,201,198,3
5042,473,455,18
5043,206,198,8
5044,199,195,4
5045,217,211,6
5046,360,351,9
5047,229,212,17
5048,370,326,44
5049,68,66,2
5050,108,108,0
5051,146,138,8
5052,128,128,0
5053,78,75,3
5054,157,154,3
5055,436,418,18
5056,166,156,10
5057,116,111,5
5058,201,193,8
5059,39,38,1
5060,239,231,8
5061,196,185,11
5062,405,392,13
5063,201,196,5
5064,428,423,5
5065,216,212,4
5066,140,140,0
5067,196,189,7
5068,151,146,5
5069,260,258,2
5070,83,83,0
5071,35,35,0
5072,115,115,0
5073,130,129,1
5074,110,108,2
5075,217,210,7
5076,149,149,0
5077,124,123,1
5078,155,154,1
5079,115,113,2
5080,180,178,2
5081,176,175,1
5082,163,157,6
5083,162,157,5
5084,452,446,6
5085,218,213,5
5086,161,158,3
5087,283,281,2
5088,104,104,0
5089,155,151,4
5090,706,688,18
5091,445,435,10
5092,145,145,0
5093,144,144,0
5094,277,276,1
5095,974,955,19
5096,546,540,6
5097,110,108,2
5098,358,349,9
5099,154,152,2
5100,463,453,10
5101,129,126,3
5102,240,237,3
5103,158,154,4
5104,113,112,1
5105,306,295,11
5106,304,292,12
5107,225,220,5
5108,449,435,14
5109,224,221,3
5110,115,112,3
5111,218,210,8
5112,111,111,0
5113,119,117,2
5114,132,131,1
5115,156,154,2
5116,175,171,4
5117,181,178,3
5118,164,163,1
5119,150,150,0
5120,244,232,12
5121,190,190,0
5122,310,296,14
5123,375,364,11
5124,395,392,3
5125,264,260,4
5126,141,141,0
5127,432,419,13
5128,153,151,2
5129,138,137,1
5130,275,273,2
5131,137,136,1
5132,581,571,10
5133,379,365,14
5134,943,890,53
5135,347,342,5
5136,723,715,8
5137,242,241,1
5138,146,145,1
5139,120,120,0
5140,156,153,3
5141,115,115,0
5142,114,114,0
5143,421,409,12
5144,184,178,6
5145,69,69,0
5146,145,143,2
5147,214,212,2
5148,171,170,1
5149,106,106,0
5150,312,303,9
5151,160,153,7
5152,346,338,8
5153,492,489,3
5154,107,105,2
5155,257,251,6
5156,377,370,7
5157,201,199,2
5158,388,384,4
5159,215,214,1
5160,282,279,3
5161,130,130,0
5162,205,203,2
5163,300,298,2
5164,250,250,0
5165,160,155,5
5166,181,170,11
5167,237,231,6
5168,125,125,0
5169,702,682,20
5170,281,277,4
5171,406,396,10
5172,127,125,2
5173,123,123,0
5174,261,256,5
5175,224,212,12
5176,337,327,10
5177,56,55,1
5178,839,812,27
5179,110,107,3
5180,89,83,6
5181,233,230,3
5182,217,210,7
5183,136,132,4
5184,674,662,12
5185,240,235,5
5186,111,110,1
5187,229,228,1
5188,73,71,2
5189,118,117,1
5190,129,126,3
5191,551,548,3
5192,169,169,0
5193,216,215,1
5194,682,671,11
5195,206,205,1
5196,194,192,2
5197,154,153,1
5198,136,134,2
5199,56,54,2
5200,214,214,0
5201,302,288,14
5202,225,221,4
5203,157,153,4
5204,127,126,1
5205,146,144,2
5206,140,137,3
5207,170,170,0
5208,297,294,3
5209,597,585,12
5210,425,403,22
5211,189,187,2
5212,141,141,0
5213,99,96,3
5214,279,277,2
5215,555,547,8
5216,391,388,3
5217,812,804,8
5218,940,920,20
5219,170,168,2
5220,673,637,36
5221,104,101,3
5222,196,195,1
5223,183,177,6
5224,126,126,0
5225,348,343,5
5226,310,307,3
5227,345,339,6
5228,246,242,4
5229,390,386,4
5230,185,182,3
5231,214,213,1
5232,109,107,2
5233,158,157,1
5234,179,176,3
5235,556,537,19
5236,283,283,0
5237,177,175,2
5238,325,320,5
5239,152,152,0
5240,273,269,4
5241,137,136,1
5242,165,164,1
5243,162,161,1
5244,379,375,4
5245,172,171,1
5246,149,148,1
5247,98,98,0
5248,63,63,0
5249,391,388,3
5250,176,174,2
5251,191,180,11
5252,170,167,3
5253,126,122,4
5254,116,115,1
5255,131,115,16
5256,879,839,40
5257,162,159,3
5258,55,55,0
5259,187,184,3
5260,78,78,0
5261,73,73,0
5262,726,712,14
5263,913,890,23
5264,137,136,1
5265,229,224,5
5266,59,59,0
5267,68,66,2
5268,76,76,0
5269,113,113,0
5270,147,144,3
5271,37,37,0
5272,103,103,0
5273,109,107,2
5274,58,58,0
5275,171,170,1
5276,254,252,2
5277,296,290,6
5278,392,384,8
5279,103,100,3
5280,129,126,3
5281,202,194,8
5282,117,115,2
5283,206,200,6
5284,229,219,10
5285,257,245,12
5286,209,205,4
5287,127,125,2
5288,177,177,0
5289,196,193,3
5290,73,65,8
5291,41,40,1
5292,126,124,2
5293,47,46,1
5294,152,149,3
5295,124,120,4
5296,577,557,20
5297,28,28,0
5298,584,568,16
5299,126,125,1
5300,219,216,3
5301,150,141,9
5302,407,401,6
5303,132,127,5
5304,191,183,8
5305,625,611,14
5306,627,611,16
5307,366,360,6
5308,367,359,8
5309,285,276,9
5310,160,160,0
5311,475,465,10
5312,291,278,13
5313,368,360,8
5314,193,186,7
5315,232,229,3
5316,367,364,3
5317,117,117,0
5318,172,172,0
5319,905,890,15
5320,180,177,3
5321,413,399,14
5322,150,148,2
5323,293,290,3
5324,439,434,5
5325,1022,1006,16
5326,132,132,0
5327,300,299,1
5328,167,167,0
5329,140,137,3
5330,175,173,2
5331,482,476,6
5332,749,743,6
5333,108,108,0
5334,482,473,9
5335,152,150,2
5336,251,251,0
5337,126,123,3
5338,797,793,4
5339,128,124,4
5340,54,53,1
5341,120,117,3
5342,253,252,1
5343,130,128,2
5344,220,219,1
5345,260,259,1
5346,295,286,9
5347,543,533,10
5348,719,712,7
5349,289,282,7
5350,226,221,5
5351,376,371,5
5352,104,103,1
5353,67,64,3
5354,120,116,4
5355,57,56,1
5356,131,129,2
5357,421,415,6
5358,94,94,0
5359,618,611,7
5360,324,317,7
5361,519,514,5
5362,142,141,1
5363,70,67,3
5364,514,507,7
5365,129,129,0
5366,216,214,2
5367,148,146,2
5368,280,276,4
5369,63,62,1
5370,169,168,1
5371,154,154,0
5372,182,177,5
5373,110,110,0
5374,138,136,2
5375,155,153,2
5376,130,124,6
5377,72,72,0
5378,208,207,1
5379,93,91,2
5380,74,73,1
5381,171,170,1
5382,46,46,0
5383,243,240,3
5384,131,126,5
5385,107,107,0
5386,111,108,3
5387,167,165,2
5388,129,126,3
5389,177,176,1
5390,195,193,2
5391,292,289,3
5392,220,219,1
5393,155,155,0
5394,147,145,2
5395,195,195,0
5396,271,269,2
5397,230,223,7
5398,173,171,2
5399,243,239,4
5400,171,164,7
5401,137,136,1
5402,767,755,12
5403,318,316,2
5404,141,139,2
5405,251,246,5
5406,477,472,5
5407,96,94,2
5408,861,845,16
5409,107,107,0
5410,206,206,0
5411,103,102,1
5412,45,45,0
5413,156,156,0
5414,109,107,2
5415,65,65,0
5416,239,232,7
5417,175,172,3
5418,58,55,3
5419,135,135,0
5420,70,70,0
5421,256,248,8
5422,47,47,0
5423,91,91,0
5424,74,73,1
5425,48,48,0
5426,73,72,1
5427,134,134,0
5428,178,177,1
5429,158,157,1
5430,523,507,16
5431,96,96,0
5432,100,100,0
5433,180,179,1
5434,333,327,6
5435,307,300,7
5436,177,174,3
5437,227,226,1
5438,230,221,9
5439,708,704,4
5440,218,216,2
5441,135,133,2
5442,139,136,3
5443,312,304,8
5444,443,443,0
5445,317,313,4
5446,153,151,2
5447,78,76,2
5448,43,42,1
5449,164,164,0
5450,264,261,3
5451,120,114,6
5452,146,144,2
5453,213,213,0
5454,56,55,1
5455,227,217,10
5456,167,158,9
5457,194,192,2
5458,311,305,6
5459,465,456,9
5460,791,778,13
5461,490,488,2
5462,154,152,2
5463,140,136,4
5464,176,174,2
5465,70,69,1
5466,133,131,2
5467,205,204,1
5468,264,259,5
5469,575,568,7
5470,930,907,23
5471,493,467,26
5472,643,629,14
5473,263,247,16
5474,129,129,0
5475,170,168,2
5476,66,66,0
5477,253,246,7
5478,124,122,2
5479,1002,962,40
5480,455,415,40
5481,676,651,25
5482,122,120,2
5483,243,242,1
5484,233,222,11
5485,217,208,9
5486,427,417,10
5487,68,68,0
5488,326,319,7
5489,121,120,1
5490,356,352,4
5491,843,816,27
5492,175,169,6
5493,616,591,25
5494,354,354,0
5495,324,313,11
5496,142,141,1
5497,128,127,1
5498,82,79,3
5499,45,44,1
5500,74,74,0
5501,142,139,3
5502,585,563,22
5503,74,71,3
5504,99,99,0
5505,93,89,4
5506,63,62,1
5507,391,373,18
5508,114,111,3
5509,223,217,6
5510,118,117,1
5511,628,613,15
5512,669,661,8
5513,394,384,10
5514,154,151,3
5515,119,118,1
5516,181,175,6
5517,123,123,0
5518,130,125,5
5519,147,144,3
5520,74,74,0
5521,195,194,1
5522,169,165,4
5523,72,71,1
5524,219,218,1
5525,93,91,2
5526,247,243,4
5527,142,139,3
5528,169,166,3
5529,72,69,3
5530,168,166,2
5531,131,130,1
5532,403,397,6
5533,350,345,5
5534,51,48,3
5535,170,168,2
5536,175,174,1
5537,214,205,9
5538,219,215,4
5539,957,933,24
5540,212,206,6
5541,511,497,14
5542,211,203,8
5543,122,122,0
5544,227,222,5
5545,207,200,7
5546,108,106,2
5547,98,97,1
5548,142,140,2
5549,114,109,5
5550,121,118,3
5551,184,178,6
5552,154,150,4
5553,138,137,1
5554,72,70,2
5555,153,151,2
5556,148,146,2
5557,141,139,2
5558,143,141,2
5559,199,195,4
5560,121,120,1
5561,122,116,6
5562,134,129,5
5563,140,136,4
5564,211,208,3
5565,69,69,0
5566,135,130,5
5567,135,134,1
5568,182,180,2
5569,169,166,3
5570,261,256,5
5571,474,460,14
5572,381,372,9
5573,358,347,11
5574,272,263,9
5575,131,131,0
5576,185,184,1
5577,118,117,1
5578,384,381,3
5579,137,137,0
5580,100,97,3
5581,300,299,1
5582,343,340,3
5583,44,44,0
5584,104,102,2
5585,448,441,7
5586,92,90,2
5587,351,344,7
5588,201,192,9
5589,271,271,0
5590,105,103,2
5591,44,43,1
5592,150,146,4
5593,293,292,1
5594,634,603,31
5595,60,54,6
5596,86,84,2
5597,233,225,8
5598,297,290,7
5599,138,136,2
5600,312,300,12
5601,70,70,0
5602,451,441,10
5603,545,534,11
5604,245,242,3
5605,166,166,0
5606,611,605,6
5607,559,546,13
5608,762,758,4
5609,203,202,1
5610,130,125,5
5611,218,215,3
5612,331,327,4
5613,216,213,3
5614,235,227,8
5615,731,723,8
5616,185,182,3
5617,108,108,0
5618,426,414,12
5619,127,127,0
5620,351,346,5
5621,158,156,2
5622,304,303,1
5623,206,204,2
5624,145,145,0
5625,624,612,12
5626,760,729,31
5627,403,395,8
5628,273,265,8
5629,190,190,0
5630,562,537,25
5631,130,128,2
5632,139,139,0
5633,223,222,1
5634,983,972,11
5635,731,695,36
5636,143,141,2
5637,573,568,5
5638,265,262,3
5639,420,417,3
5640,136,134,2
5641,137,135,2
5642,109,107,2
5643,89,89,0
5644,582,577,5
5645,522,511,11
5646,172,166,6
5647,78,78,0
5648,164,159,5
5649,132,128,4
5650,219,214,5
5651,236,223,13
5652,253,248,5
5653,150,146,4
5654,210,206,4
5655,123,122,1
5656,49,48,1
5657,286,271,15
5658,208,201,7
5659,360,351,9
5660,87,85,2
5661,288,284,4
5662,298,290,8
5663,245,235,10
5664,122,116,6
5665,164,157,7
5666,276,275,1
5667,495,492,3
5668,687,676,11
5669,614,597,17
5670,106,99,7
5671,359,347,12
5672,220,212,8
5673,475,465,10
5674,175,171,4
5675,181,174,7
5676,501,493,8
5677,323,314,9
5678,177,172,5
5679,140,139,1
5680,159,156,3
5681,410,396,14
5682,160,157,3
5683,372,364,8
5684,44,44,0
5685,102,101,1
5686,242,241,1
5687,257,255,2
5688,288,284,4
5689,539,524,15
5690,117,110,7
5691,111,108,3
5692,162,154,8
5693,167,160,7
5694,182,173,9
5695,178,172,6
5696,479,457,22
5697,109,107,2
5698,209,204,5
5699,224,222,2
5700,199,198,1
5701,69,65,4
5702,66,66,0
5703,39,39,0
5704,109,108,1
5705,57,56,1
5706,85,85,0
5707,90,85,5
5708,176,176,0
5709,180,180,0
5710,133,133,0
5711,137,134,3
5712,116,113,3
5713,147,145,2
5714,112,112,0
5715,116,108,8
5716,212,210,2
5717,228,223,5
5718,190,181,9
5719,56,54,2
5720,243,240,3
5721,89,86,3
5722,84,82,2
5723,69,69,0
5724,175,173,2
5725,56,56,0
5726,138,137,1
5727,121,120,1
5728,54,54,0
5729,44,42,2
5730,52,51,1
5731,60,60,0
5732,223,223,0
5733,206,206,0
5734,50,48,2
5735,35,35,0
5736,70,68,2
5737,72,71,1
5738,123,123,0
5739,50,49,1
5740,161,160,1
5741,353,342,11
5742,157,152,5
5743,277,274,3
5744,90,90,0
5745,242,235,7
5746,87,85,2
5747,142,138,4
5748,147,141,6
5749,598,596,2
5750,79,78,1
5751,169,168,1
5752,269,269,0
5753,471,467,4
5754,188,186,2
5755,238,236,2
5756,285,283,2
5757,283,282,1
5758,328,326,2
5759,150,148,2
5760,161,155,6
5761,305,302,3
5762,117,117,0
5763,200,197,3
5764,311,306,5
5765,43,43,0
5766,337,332,5
5767,691,684,7
5768,621,611,10
5769,367,359,8
5770,128,126,2
5771,144,143,1
5772,187,184,3
5773,105,104,1
5774,132,130,2
5775,300,292,8
5776,237,225,12
5777,143,141,2
5778,124,122,2
5779,115,115,0
5780,127,124,3
5781,108,107,1
5782,45,44,1
5783,104,101,3
5784,168,162,6
5785,243,234,9
5786,51,50,1
5787,109,109,0
5788,98,98,0
5789,355,354,1
5790,169,169,0
5791,120,120,0
5792,116,115,1
5793,178,175,3
5794,223,223,0
5795,158,156,2
5796,202,199,3
5797,123,120,3
5798,590,581,9
5799,248,246,2
5800,463,459,4
5801,561,554,7
5802,370,359,11
5803,474,471,3
5804,130,129,1
5805,128,128,0
5806,138,137,1
5807,154,152,2
5808,188,187,1
5809,298,297,1
5810,154,152,2
5811,147,140,7
5812,214,206,8
5813,157,145,12
5814,184,181,3
5815,337,329,8
5816,132,132,0
5817,356,352,4
5818,44,44,0
5819,130,124,6
5820,69,69,0
5821,865,860,5
5822,274,272,2
5823,499,495,4
5824,233,231,2
5825,128,127,1
5826,138,132,6
5827,492,482,10
5828,430,426,4
5829,138,136,2
5830,144,141,3
5831,117,116,1
5832,123,117,6
5833,102,102,0
5834,95,92,3
5835,651,640,11
5836,437,428,9
5837,135,134,1
5838,109,109,0
5839,134,133,1
5840,551,521,30
5841,282,269,13
5842,434,424,10
5843,740,715,25
5844,154,154,0
5845,243,242,1
5846,666,645,21
5847,146,142,4
5848,508,500,8
5849,213,212,1
5850,912,883,29
5851,138,135,3
5852,360,354,6
5853,415,409,6
5854,291,287,4
5855,75,75,0
5856,254,233,21
5857,145,142,3
5858,129,122,7
5859,373,367,6
5860,144,139,5
5861,234,220,14
5862,160,155,5
5863,105,100,5
5864,533,514,19
5865,180,161,19
5866,197,197,0
5867,124,119,5
5868,193,188,5
5869,140,135,5
5870,188,182,6
5871,145,139,6
5872,196,191,5
5873,285,274,11
5874,587,576,11
5875,262,259,3
5876,273,269,4
5877,294,288,6
5878,142,140,2
5879,213,203,10
5880,426,421,5
5881,220,218,2
5882,136,135,1
5883,157,157,0
5884,134,131,3
5885,30,28,2
5886,90,88,2
5887,431,424,7
5888,84,84,0
5889,308,304,4
5890,384,382,2
5891,483,476,7
5892,193,185,8
5893,161,159,2
5894,230,224,6
5895,232,226,6
5896,426,407,19
5897,991,947,44
5898,535,516,19
5899,88,84,4
5900,27,27,0
5901,278,273,5
5902,613,602,11
5903,385,369,16
5904,79,78,1
5905,124,122,2
5906,105,104,1
5907,502,493,9
5908,149,149,0
5909,485,479,6
5910,58,58,0
5911,204,201,3
5912,151,150,1
5913,327,317,10
5914,843,831,12
5915,1015,972,43
5916,165,161,4
5917,1759,1701,58
5918,181,181,0
5919,190,188,2
5920,272,266,6
5921,138,136,2
5922,349,338,11
5923,141,137,4
5924,205,197,8
5925,55,55,0
5926,303,300,3
5927,301,295,6
5928,205,201,4
5929,318,314,4
5930,139,138,1
5931,91,87,4
5932,97,97,0
5933,131,131,0
5934,511,505,6
5935,121,119,2
5936,489,468,21
5937,176,173,3
5938,110,105,5
5939,308,303,5
5940,83,83,0
5941,1415,1396,19
5942,458,444,14
5943,206,202,4
5944,271,268,3
5945,199,186,13
5946,588,579,9
5947,52,48,4
5948,207,188,19
5949,201,193,8
5950,42,42,0
5951,132,124,8
5952,125,125,0
5953,140,138,2
5954,45,44,1
5955,256,253,3
5956,230,227,3
5957,137,136,1
5958,123,121,2
5959,505,493,12
5960,204,204,0
5961,376,369,7
5962,425,409,16
5963,157,152,5
5964,854,834,20
5965,125,123,2
5966,339,339,0
5967,217,215,2
5968,136,135,1
5969,160,158,2
5970,952,935,17
5971,119,119,0
5972,120,120,0
5973,96,96,0
5974,335,330,5
5975,108,106,2
5976,103,100,3
5977,52,52,0
5978,20,20,0
5979,44,41,3
5980,271,267,4
5981,261,260,1
5982,264,258,6
5983,104,103,1
5984,107,106,1
5985,545,538,7
5986,174,173,1
5987,117,115,2
5988,128,127,1
5989,188,185,3
5990,44,43,1
5991,169,167,2
5992,480,472,8
5993,168,165,3
5994,133,132,1
5995,122,116,6
5996,152,152,0
5997,190,181,9
5998,287,283,4
5999,125,120,5
6000,123,121,2
6001,458,453,5
6002,639,636,3
6003,131,129,2
6004,165,164,1
6005,171,168,3
6006,142,141,1
6007,318,316,2
6008,59,59,0
6009,111,108,3
6010,125,123,2
6011,94,94,0
6012,967,932,35
6013,92,91,1
6014,129,128,1
6015,359,351,8
6016,315,284,31
6017,243,236,7
6018,105,102,3
6019,99,97,2
6020,65,64,1
6021,212,210,2
6022,197,192,5
6023,603,588,15
6024,32,32,0
6025,111,109,2
6026,163,161,2
6027,226,223,3
6028,46,43,3
6029,89,89,0
6030,111,108,3
6031,81,81,0
6032,143,142,1
6033,24,23,1
6034,203,201,2
6035,83,82,1
6036,354,353,1
6037,143,142,1
6038,117,114,3
6039,115,108,7
6040,165,157,8
6041,242,235,7
6042,202,197,5
6043,164,160,4
6044,259,255,4
6045,378,367,11
6046,393,387,6
6047,190,186,4
6048,374,363,11
6049,697,686,11
6050,245,239,6
6051,553,532,21
6052,243,235,8
6053,246,238,8
6054,378,369,9
6055,274,263,11
6056,273,259,14
6057,116,110,6
6058,579,559,20
6059,315,305,10
6060,160,156,4
6061,681,664,17
6062,315,310,5
6063,202,198,4
6064,336,336,0
6065,769,758,11
6066,477,460,17
6067,141,138,3
6068,113,111,2
6069,138,132,6
6070,111,104,7
6071,258,251,7
6072,976,937,39
6073,436,428,8
6074,210,205,5
6075,290,290,0
6076,541,532,9
6077,488,480,8
6078,266,261,5
6079,118,118,0
6080,161,157,4
6081,361,359,2
6082,137,136,1
6083,60,59,1
6084,170,168,2
6085,51,51,0
6086,95,94,1
6087,127,123,4
6088,280,277,3
6089,122,122,0
6090,329,323,6
6091,350,342,8
6092,588,576,12
6093,468,462,6
6094,87,86,1
6095,104,104,0
6096,193,189,4
6097,206,202,4
6098,136,132,4
6099,141,141,0
6100,49,47,2
6101,144,144,0
6102,129,128,1
6103,366,352,14
6104,181,180,1
6105,359,353,6
6106,323,312,11
6107,242,234,8
6108,58,57,1
6109,97,92,5
6110,134,132,2
6111,123,120,3
6112,40,37,3
6113,57,54,3
6114,151,151,0
6115,45,45,0
6116,45,45,0
6117,149,146,3
6118,96,96,0
6119,192,189,3
6120,170,168,2
6121,175,175,0
6122,164,158,6
6123,334,326,8
6124,137,134,3
6125,184,181,3
6126,135,134,1
6127,143,138,5
6128,470,445,25
6129,184,181,3
6130,51,50,1
6131,51,48,3
6132,772,763,9
6133,124,121,3
6134,143,140,3
6135,107,105,2
6136,34,34,0
6137,102,99,3
6138,170,167,3
6139,488,483,5
6140,135,132,3
6141,102,94,8
6142,180,169,11
6143,62,60,2
6144,109,108,1
6145,124,124,0
6146,102,101,1
6147,43,40,3
6148,132,128,4
6149,301,281,20
6150,70,70,0
6151,202,198,4
6152,103,102,1
6153,392,388,4
6154,51,51,0
6155,134,131,3
6156,191,190,1
6157,175,174,1
6158,209,205,4
6159,246,244,2
6160,160,154,6
6161,142,140,2
6162,168,161,7
6163,206,204,2
6164,101,100,1
6165,86,86,0
6166,63,61,2
6167,195,192,3
6168,61,59,2
6169,69,69,0
6170,149,146,3
6171,191,191,0
6172,171,168,3
6173,143,142,1
6174,185,183,2
6175,531,522,9
6176,380,371,9
6177,53,51,2
6178,455,448,7
6179,267,266,1
6180,310,309,1
6181,126,126,0
6182,464,460,4
6183,119,119,0
6184,393,389,4
6185,122,121,1
6186,164,164,0
6187,147,144,3
6188,155,152,3
6189,295,294,1
6190,183,182,1
6191,302,297,5
6192,604,576,28
6193,967,940,27
6194,121,116,5
6195,583,565,18
6196,213,208,5
6197,154,145,9
6198,411,396,15
6199,56,49,7
6200,90,82,8
6201,346,341,5
6202,163,161,2
6203,119,117,2
6204,202,199,3
6205,119,118,1
6206,118,115,3
6207,133,131,2
6208,127,125,2
6209,236,235,1
6210,117,117,0
6211,137,133,4
6212,138,137,1
6213,194,192,2
6214,155,154,1
6215,94,94,0
6216,456,448,8
6217,177,171,6
6218,184,181,3
6219,294,286,8
6220,251,245,6
6221,189,189,0
6222,140,138,2
6223,142,140,2
6224,165,160,5
6225,199,197,2
6226,165,164,1
6227,148,147,1
6228,541,530,11
6229,179,177,2
6230,135,131,4
6231,62,62,0
6232,553,549,4
6233,143,141,2
6234,297,288,9
6235,707,698,9
6236,183,178,5
6237,112,109,3
6238,427,421,6
6239,729,724,5
6240,254,251,3
6241,93,91,2
6242,182,180,2
6243,138,138,0
6244,41,41,0
6245,197,196,1
6246,115,112,3
6247,241,236,5
6248,625,619,6
6249,187,186,1
6250,212,209,3
6251,250,248,2
6252,708,694,14
6253,56,54,2
6254,123,123,0
6255,140,139,1
6256,203,202,1
6257,227,222,5
6258,1823,1791,32
6259,754,747,7
6260,88,87,1
6261,188,187,1
6262,84,82,2
6263,625,615,10
6264,284,281,3
6265,162,161,1
6266,122,119,3
6267,422,415,7
6268,124,124,0
6269,169,167,2
6270,659,647,12
6271,166,162,4
6272,127,126,1
6273,88,85,3
6274,391,387,4
6275,372,364,8
6276,140,139,1
6277,68,68,0
6278,100,100,0
6279,126,125,1
6280,103,102,1
6281,178,177,1
6282,527,516,11
6283,1002,989,13
6284,111,109,2
6285,126,124,2
6286,358,346,12
6287,167,164,3
6288,119,117,2
6289,422,419,3
6290,522,520,2
6291,387,385,2
6292,125,121,4
6293,165,165,0
6294,165,162,3
6295,158,157,1
6296,187,187,0
6297,122,121,1
6298,334,328,6
6299,239,236,3
6300,79,79,0
6301,132,122,10
6302,92,86,6
6303,118,115,3
6304,288,275,13
6305,221,216,5
6306,129,128,1
6307,59,54,5
6308,187,185,2
6309,147,143,4
6310,100,100,0
6311,541,514,27
6312,496,474,22
6313,229,225,4
6314,232,230,2
6315,139,138,1
6316,149,147,2
6317,142,142,0
6318,350,344,6
6319,214,214,0
6320,225,207,18
6321,170,167,3
6322,417,413,4
6323,424,416,8
6324,167,164,3
6325,1005,989,16
6326,194,194,0
6327,182,178,4
6328,326,323,3
6329,106,99,7
6330,179,176,3
6331,49,48,1
6332,275,270,5
6333,147,147,0
6334,251,250,1
6335,149,145,4
6336,127,125,2
6337,141,137,4
6338,140,140,0
6339,43,43,0
6340,111,111,0
6341,250,242,8
6342,512,506,6
6343,136,134,2
6344,157,152,5
6345,59,59,0
6346,260,254,6
6347,188,185,3
6348,125,125,0
6349,269,265,4
6350,766,745,21
6351,127,125,2
6352,281,280,1
6353,346,343,3
6354,85,84,1
6355,127,126,1
6356,155,149,6
6357,91,88,3
6358,1009,991,18
6359,831,817,14
6360,502,485,17
6361,409,403,6
6362,159,154,5
6363,273,272,1
6364,279,277,2
6365,124,124,0
6366,688,675,13
6367,184,182,2
6368,1112,1090,22
6369,138,137,1
6370,387,382,5
6371,161,158,3
6372,314,312,2
6373,305,302,3
6374,236,228,8
6375,134,129,5
6376,129,129,0
6377,46,45,1
6378,169,166,3
6379,268,263,5
6380,64,64,0
6381,179,171,8
6382,317,308,9
6383,145,144,1
6384,188,184,4
6385,140,138,2
6386,227,223,4
6387,119,115,4
6388,149,149,0
6389,168,163,5
6390,242,233,9
6391,68,66,2
6392,118,117,1
6393,242,236,6
6394,329,327,2
6395,52,51,1
6396,146,145,1
6397,226,224,2
6398,432,423,9
6399,153,153,0
6400,178,167,11
6401,170,170,0
6402,302,302,0
6403,168,166,2
6404,132,127,5
6405,145,138,7
6406,70,67,3
6407,129,128,1
6408,12,11,1
6409,58,57,1
6410,173,171,2
6411,65,64,1
6412,65,63,2
6413,87,85,2
6414,117,113,4
6415,89,81,8
6416,41,41,0
6417,46,45,1
6418,232,225,7
6419,198,195,3
6420,308,303,5
6421,295,293,2
6422,363,360,3
6423,144,142,2
6424,314,309,5
6425,212,205,7
6426,215,213,2
6427,150,148,2
6428,126,124,2
6429,135,135,0
6430,158,157,1
6431,125,124,1
6432,126,125,1
6433,303,298,5
6434,82,81,1
6435,213,209,4
6436,327,322,5
6437,72,70,2
6438,111,109,2
6439,147,143,4
6440,76,76,0
6441,196,194,2
6442,234,233,1
6443,145,142,3
6444,271,261,10
6445,195,195,0
6446,79,77,2
6447,230,226,4
6448,662,654,8
6449,74,74,0
6450,154,153,1
6451,71,70,1
6452,133,131,2
6453,298,298,0
6454,92,92,0
6455,427,422,5
6456,116,115,1
6457,160,155,5
6458,300,292,8
6459,253,250,3
6460,824,812,12
6461,858,849,9
6462,329,322,7
6463,150,144,6
6464,368,363,5
6465,79,76,3
6466,150,150,0
6467,115,113,2
6468,59,57,2
6469,297,295,2
6470,135,132,3
6471,50,49,1
6472,123,123,0
6473,51,51,0
6474,53,53,0
6475,72,68,4
6476,139,138,1
6477,228,218,10
6478,479,470,9
6479,59,57,2
6480,72,70,2
6481,145,145,0
6482,65,65,0
6483,775,768,7
6484,146,142,4
6485,141,141,0
6486,185,184,1
6487,155,155,0
6488,120,119,1
6489,436,429,7
6490,660,645,15
6491,294,292,2
6492,71,71,0
6493,147,145,2
6494,163,159,4
6495,271,267,4
6496,87,81,6
6497,382,377,5
6498,149,148,1
6499,149,149,0
6500,133,133,0
6501,201,200,1
6502,142,139,3
6503,394,391,3
6504,342,336,6
6505,126,125,1
6506,54,53,1
6507,173,171,2
6508,547,544,3
6509,231,230,1
6510,243,237,6
6511,193,191,2
6512,371,367,4
6513,103,103,0
6514,111,109,2
6515,241,237,4
6516,163,162,1
6517,245,242,3
6518,117,116,1
6519,68,67,1
6520,203,201,2
6521,78,78,0
6522,167,165,2
6523,139,138,1
6524,226,222,4
6525,139,135,4
6526,448,445,3
6527,151,148,3
6528,804,794,10
6529,364,363,1
6530,232,228,4
6531,352,348,4
6532,118,115,3
6533,291,280,11
6534,402,388,14
6535,265,251,14
6536,231,227,4
6537,609,595,14
6538,630,611,19
6539,858,845,13
6540,469,446,23
6541,110,110,0
6542,176,172,4
6543,158,153,5
6544,156,156,0
6545,138,133,5
6546,322,319,3
6547,598,585,13
6548,168,164,4
6549,194,190,4
6550,129,129,0
6551,210,206,4
6552,336,328,8
6553,761,752,9
6554,108,104,4
6555,104,98,6
6556,80,79,1
6557,120,120,0
6558,145,145,0
6559,649,629,20
6560,342,339,3
6561,124,122,2
6562,153,153,0
6563,248,246,2
6564,156,154,2
6565,63,61,2
6566,198,193,5
6567,333,321,12
6568,219,217,2
6569,121,120,1
6570,400,395,5
6571,47,45,2
6572,153,149,4
6573,304,294,10
6574,174,173,1
6575,171,168,3
6576,99,93,6
6577,293,287,6
6578,127,124,3
6579,129,128,1
6580,133,133,0
6581,101,97,4
6582,216,212,4
6583,152,150,2
6584,157,151,6
6585,139,135,4
6586,105,104,1
6587,130,125,5
6588,104,101,3
6589,130,127,3
6590,996,980,16
6591,177,174,3
6592,228,223,5
6593,256,248,8
6594,219,217,2
6595,238,231,7
6596,164,164,0
6597,123,120,3
6598,325,311,14
6599,135,134,1
6600,37,35,2
6601,154,151,3
6602,168,162,6
6603,144,141,3
6604,119,119,0
6605,132,130,2
6606,283,277,6
6607,85,84,1
6608,67,65,2
6609,61,60,1
6610,319,315,4
6611,343,341,2
6612,115,110,5
6613,339,331,8
6614,76,73,3
6615,62,61,1
6616,93,90,3
6617,103,103,0
6618,135,134,1
6619,162,159,3
6620,312,307,5
6621,46,46,0
6622,177,173,4
6623,145,138,7
6624,100,97,3
6625,220,213,7
6626,150,144,6
6627,52,50,2
6628,65,62,3
6629,98,93,5
6630,139,137,2
6631,144,144,0
6632,169,168,1
6633,115,114,1
6634,75,74,1
6635,148,146,2
6636,116,116,0
6637,241,238,3
6638,85,82,3
6639,432,427,5
6640,133,130,3
6641,114,114,0
6642,154,153,1
6643,48,46,2
6644,63,61,2
6645,100,99,1
6646,112,106,6
6647,268,267,1
6648,109,105,4
6649,128,124,4
6650,48,48,0
6651,323,318,5
6652,63,63,0
6653,137,134,3
6654,34,34,0
6655,200,197,3
6656,551,545,6
6657,113,112,1
6658,163,163,0
6659,43,42,1
6660,171,169,2
6661,330,327,3
6662,218,207,11
6663,76,76,0
6664,196,196,0
6665,124,121,3
6666,285,284,1
6667,211,208,3
6668,350,344,6
6669,133,132,1
6670,130,127,3
6671,188,186,2
6672,137,135,2
6673,130,125,5
6674,176,174,2
6675,114,109,5
6676,122,118,4
6677,63,62,1
6678,81,78,3
6679,119,114,5
6680,208,206,2
6681,183,177,6
6682,79,78,1
6683,377,356,21
6684,151,151,0
6685,125,124,1
6686,223,221,2
6687,201,201,0
6688,102,102,0
6689,107,104,3
6690,221,221,0
6691,96,95,1
6692,54,53,1
6693,171,166,5
6694,149,147,2
6695,275,269,6
6696,128,128,0
6697,323,320,3
6698,257,248,9
6699,100,96,4
6700,84,84,0
6701,109,109,0
6702,121,118,3
6703,76,75,1
6704,397,391,6
6705,139,137,2
6706,587,580,7
6707,233,229,4
6708,312,310,2
6709,127,122,5
6710,509,500,9
6711,638,633,5
6712,82,82,0
6713,144,142,2
6714,115,112,3
6715,361,353,8
6716,434,430,4
6717,298,293,5
6718,131,127,4
6719,399,399,0
6720,325,321,4
6721,147,144,3
6722,189,187,2
6723,130,130,0
6724,281,280,1
6725,498,498,0
6726,113,109,4
6727,197,195,2
6728,206,204,2
6729,176,173,3
6730,273,269,4
6731,323,315,8
6732,307,302,5
6733,487,484,3
6734,1023,1003,20
6735,374,370,4
6736,494,488,6
6737,143,141,2
6738,238,232,6
6739,250,247,3
6740,232,231,1
6741,351,348,3
6742,524,518,6
6743,98,92,6
6744,862,855,7
6745,229,223,6
6746,604,599,5
6747,254,251,3
6748,698,690,8
6749,401,393,8
6750,205,205,0
6751,138,138,0
6752,132,131,1
6753,782,765,17
6754,104,103,1
6755,208,205,3
6756,129,128,1
6757,923,911,12
6758,678,660,18
6759,160,160,0
6760,70,68,2
6761,252,245,7
6762,109,101,8
6763,83,82,1
6764,51,51,0
6765,158,152,6
6766,153,151,2
6767,188,183,5
6768,220,216,4
6769,160,159,1
6770,115,111,4
6771,180,177,3
6772,327,323,4
6773,229,223,6
6774,174,168,6
6775,188,184,4
6776,287,280,7
6777,281,269,12
6778,86,84,2
6779,179,170,9
6780,438,437,1
6781,129,125,4
6782,156,152,4
6783,229,228,1
6784,431,428,3
6785,420,405,15
6786,450,448,2
6787,167,160,7
6788,304,296,8
6789,187,186,1
6790,153,151,2
6791,186,183,3
6792,875,859,16
6793,193,191,2
6794,331,328,3
6795,191,190,1
6796,124,122,2
6797,136,135,1
6798,134,130,4
6799,75,74,1
6800,267,265,2
6801,535,514,21
6802,246,242,4
6803,114,112,2
6804,117,115,2
6805,203,201,2
6806,152,152,0
6807,415,407,8
6808,131,128,3
6809,364,356,8
6810,736,699,37
6811,203,192,11
6812,668,644,24
6813,120,118,2
6814,189,186,3
6815,185,181,4
6816,351,347,4
6817,51,51,0
6818,92,92,0
6819,53,53,0
6820,125,123,2
6821,59,57,2
6822,88,88,0
6823,192,191,1
6824,52,51,1
6825,142,141,1
6826,110,109,1
6827,635,619,16
6828,290,280,10
6829,55,54,1
6830,122,119,3
6831,303,292,11
6832,146,146,0
6833,164,161,3
6834,109,105,4
6835,351,342,9
6836,331,328,3
6837,128,125,3
6838,273,268,5
6839,60,60,0
6840,252,244,8
6841,397,390,7
6842,109,105,4
6843,980,933,47
6844,245,235,10
6845,209,200,9
6846,485,476,9
6847,252,247,5
6848,364,350,14
6849,205,196,9
6850,388,376,12
6851,559,546,13
6852,378,372,6
6853,241,238,3
6854,137,136,1
6855,109,105,4
6856,153,147,6
6857,364,344,20
6858,588,566,22
6859,393,376,17
6860,308,298,10
6861,411,404,7
6862,122,119,3
6863,188,184,4
6864,214,212,2
6865,173,168,5
6866,223,217,6
6867,175,171,4
6868,462,453,9
6869,118,112,6
6870,245,241,4
6871,198,187,11
6872,610,603,7
6873,105,99,6
6874,968,937,31
6875,157,157,0
6876,137,134,3
6877,121,119,2
6878,140,140,0
6879,268,264,4
6880,366,365,1
6881,168,168,0
6882,611,600,11
6883,392,389,3
6884,128,127,1
6885,311,307,4
6886,179,175,4
6887,153,147,6
6888,446,440,6
6889,525,518,7
6890,505,499,6
6891,458,440,18
6892,124,124,0
6893,147,143,4
6894,209,206,3
6895,301,295,6
6896,240,235,5
6897,545,537,8
6898,359,356,3
6899,179,175,4
6900,173,173,0
6901,124,122,2
6902,157,154,3
6903,257,246,11
6904,168,167,1
6905,796,784,12
6906,417,409,8
6907,110,108,2
6908,143,132,11
6909,46,46,0
6910,106,106,0
6911,178,176,2
6912,315,301,14
6913,78,78,0
6914,119,110,9
6915,115,114,1
6916,285,276,9
6917,123,118,5
6918,150,149,1
6919,279,274,5
6920,90,90,0
6921,130,129,1
6922,345,341,4
6923,152,151,1
6924,189,184,5
6925,88,81,7
6926,477,465,12
6927,86,86,0
6928,191,186,5
6929,367,359,8
6930,260,251,9
6931,307,299,8
6932,218,209,9
6933,233,227,6
6934,203,191,12
6935,132,130,2
6936,201,197,4
6937,284,283,1
6938,190,184,6
6939,78,78,0
6940,223,220,3
6941,244,240,4
6942,185,182,3
6943,207,203,4
6944,242,239,3
6945,191,189,2
6946,159,156,3
6947,158,155,3
6948,142,141,1
6949,162,160,2
6950,317,313,4
6951,168,167,1
6952,55,55,0
6953,716,703,13
6954,343,339,4
6955,88,86,2
6956,976,965,11
6957,44,44,0
6958,78,78,0
6959,140,139,1
6960,376,367,9
6961,243,240,3
6962,95,90,5
6963,69,69,0
6964,138,135,3
6965,98,95,3
6966,109,107,2
6967,169,167,2
6968,96,96,0
6969,117,115,2
6970,69,68,1
6971,589,587,2
6972,131,131,0
6973,210,209,1
6974,65,63,2
6975,44,44,0
6976,277,272,5
6977,202,197,5
6978,71,71,0
6979,107,106,1
6980,725,724,1
6981,119,118,1
6982,467,465,2
6983,155,152,3
6984,325,316,9
6985,282,282,0
6986,120,119,1
6987,140,140,0
6988,157,154,3
6989,146,145,1
6990,288,282,6
6991,148,148,0
6992,138,133,5
6993,129,128,1
6994,245,242,3
6995,144,144,0
6996,182,177,5
6997,279,274,5
6998,143,142,1
6999,378,371,7
7000,120,118,2
7001,805,792,13
7002,100,99,1
7003,177,176,1
7004,142,138,4
7005,67,67,0
7006,148,146,2
7007,76,76,0
7008,139,138,1
7009,135,132,3
7010,142,138,4
7011,40,40,0
7012,162,162,0
7013,58,56,2
7014,100,93,7
7015,122,118,4
7016,79,79,0
7017,123,122,1
7018,111,110,1
7019,201,198,3
7020,122,121,1
7021,220,215,5
7022,326,320,6
7023,173,172,1
7024,146,145,1
7025,240,231,9
7026,708,682,26
7027,78,75,3
7028,171,151,20
7029,133,131,2
7030,223,214,9
7031,103,96,7
7032,1002,980,22
7033,185,185,0
7034,238,237,1
7035,151,143,8
7036,176,173,3
7037,135,135,0
7038,826,800,26
7039,149,148,1
7040,145,140,5
7041,182,176,6
7042,127,122,5
7043,341,322,19
7044,132,131,1
7045,155,152,3
7046,161,158,3
7047,357,350,7
7048,126,124,2
7049,256,250,6
7050,133,127,6
7051,274,271,3
7052,348,341,7
7053,160,160,0
7054,136,132,4
7055,164,160,4
7056,49,49,0
7057,133,128,5
7058,146,142,4
7059,40,40,0
7060,65,65,0
7061,399,393,6
7062,136,134,2
7063,142,137,5
7064,299,294,5
7065,169,167,2
7066,106,104,2
7067,148,145,3
7068,138,138,0
7069,148,146,2
7070,79,79,0
7071,148,146,2
7072,179,176,3
7073,65,64,1
7074,238,227,11
7075,566,558,8
7076,132,130,2
7077,150,148,2
7078,134,134,0
7079,182,180,2
7080,151,149,2
7081,445,433,12
7082,81,81,0
7083,101,96,5
7084,384,377,7
7085,151,149,2
7086,688,681,7
7087,168,167,1
7088,161,161,0
7089,121,120,1
7090,144,141,3
7091,112,111,1
7092,241,234,7
7093,111,109,2
7094,90,88,2
7095,73,73,0
7096,113,113,0
7097,212,210,2
7098,29,28,1
7099,151,149,2
7100,43,43,0
7101,122,121,1
7102,143,141,2
7103,259,250,9
7104,60,60,0
7105,303,298,5
7106,201,201,0
7107,333,330,3
7108,220,220,0
7109,197,190,7
7110,70,70,0
7111,157,154,3
7112,553,547,6
7113,232,230,2
7114,422,418,4
7115,171,168,3
7116,474,460,14
7117,569,535,34
7118,398,390,8
7119,245,244,1
7120,298,287,11
7121,172,171,1
7122,192,187,5
7123,313,309,4
7124,526,503,23
7125,502,488,14
7126,218,217,1
7127,203,199,4
7128,158,156,2
7129,247,240,7
7130,582,567,15
7131,181,179,2
7132,88,88,0
7133,167,165,2
7134,205,202,3
7135,44,43,1
7136,133,132,1
7137,86,86,0
7138,53,53,0
7139,73,73,0
7140,74,72,2
7141,173,171,2
7142,211,210,1
7143,132,128,4
7144,249,247,2
7145,132,131,1
7146,121,118,3
7147,78,77,1
7148,157,150,7
7149,99,98,1
7150,147,147,0
7151,143,142,1
7152,402,393,9
7153,101,95,6
7154,226,225,1
7155,59,58,1
7156,178,176,2
7157,213,204,9
7158,129,128,1
7159,176,174,2
7160,215,211,4
7161,136,134,2
7162,166,165,1
7163,127,122,5
7164,140,139,1
7165,114,114,0
7166,147,147,0
7167,65,63,2
7168,209,204,5
7169,897,889,8
7170,476,467,9
7171,294,291,3
7172,581,560,21
7173,150,148,2
7174,935,912,23
7175,153,149,4
7176,207,205,2
7177,237,232,5
7178,193,192,1
7179,350,345,5
7180,261,255,6
7181,135,135,0
7182,849,831,18
7183,126,126,0
7184,174,170,4
7185,107,105,2
7186,331,329,2
7187,251,250,1
7188,272,269,3
7189,720,709,11
7190,218,218,0
7191,154,154,0
7192,455,453,2
7193,138,131,7
7194,297,295,2
7195,163,162,1
7196,120,118,2
7197,144,143,1
7198,198,189,9
7199,81,81,0
7200,91,91,0
7201,97,96,1
7202,229,222,7
7203,298,285,13
7204,129,129,0
7205,144,142,2
7206,178,177,1
7207,236,230,6
7208,140,137,3
7209,60,60,0
7210,183,179,4
7211,130,125,5
7212,98,97,1
7213,115,113,2
7214,428,424,4
7215,79,78,1
7216,148,143,5
7217,198,197,1
7218,35,34,1
7219,95,93,2
7220,152,152,0
7221,164,164,0
7222,178,177,1
7223,202,197,5
7224,81,81,0
7225,124,122,2
7226,35,34,1
7227,318,311,7
7228,129,129,0
7229,139,139,0
7230,123,122,1
7231,531,517,14
7232,129,127,2
7233,138,137,1
7234,114,108,6
7235,762,753,9
7236,128,123,5
7237,255,254,1
7238,121,121,0
7239,68,62,6
7240,119,117,2
7241,79,74,5
7242,226,223,3
7243,167,164,3
7244,96,93,3
7245,454,432,22
7246,91,89,2
7247,209,204,5
7248,222,222,0
7249,120,120,0
7250,171,170,1
7251,520,492,28
7252,109,106,3
7253,130,130,0
7254,743,730,13
7255,255,251,4
7256,240,240,0
7257,367,358,9
7258,281,275,6
7259,127,127,0
7260,421,411,10
7261,163,160,3
7262,174,171,3
7263,217,215,2
7264,120,117,3
7265,514,510,4
7266,135,134,1
7267,245,237,8
7268,471,469,2
7269,141,136,5
7270,176,169,7
7271,99,97,2
7272,105,102,3
7273,161,160,1
7274,67,63,4
7275,90,89,1
7276,207,205,2
7277,123,122,1
7278,51,51,0
7279,52,52,0
7280,97,97,0
7281,136,131,5
7282,162,152,10
7283,49,48,1
7284,48,45,3
7285,198,191,7
7286,37,35,2
7287,187,178,9
7288,377,372,5
7289,240,233,7
7290,107,104,3
7291,212,206,6
7292,138,132,6
7293,132,132,0
7294,130,125,5
7295,83,82,1
7296,407,397,10
7297,427,416,11
7298,194,192,2
7299,334,332,2
7300,118,118,0
7301,184,182,2
7302,121,121,0
7303,253,244,9
7304,719,716,3
7305,263,263,0
7306,297,293,4
7307,168,163,5
7308,190,189,1
7309,114,111,3
7310,161,160,1
7311,131,130,1
7312,162,161,1
7313,459,456,3
7314,240,236,4
7315,209,208,1
7316,52,50,2
7317,153,151,2
7318,187,183,4
7319,245,242,3
7320,858,839,19
7321,509,501,8
7322,153,149,4
7323,341,337,4
7324,406,403,3
7325,505,489,16
7326,322,322,0
7327,182,181,1
7328,238,232,6
7329,150,146,4
7330,70,70,0
7331,264,253,11
7332,599,588,11
7333,158,158,0
7334,128,128,0
7335,344,343,1
7336,475,467,8
7337,136,130,6
7338,113,112,1
7339,70,69,1
7340,105,101,4
7341,156,150,6
7342,506,498,8
7343,265,262,3
7344,137,136,1
7345,215,211,4
7346,279,277,2
7347,295,293,2
7348,745,736,9
7349,867,851,16
7350,321,316,5
7351,126,124,2
7352,287,275,12
7353,284,279,5
7354,112,110,2
7355,574,564,10
7356,253,241,12
7357,300,296,4
7358,281,277,4
7359,136,133,3
7360,432,430,2
7361,669,653,16
7362,250,245,5
7363,262,253,9
7364,466,459,7
7365,148,146,2
7366,369,352,17
7367,228,228,0
7368,153,151,2
7369,142,138,4
7370,121,120,1
7371,248,244,4
7372,498,493,5
7373,336,328,8
7374,133,132,1
7375,247,238,9
7376,82,82,0
7377,178,176,2
7378,419,408,11
7379,289,279,10
7380,156,150,6
7381,90,87,3
7382,194,194,0
7383,115,114,1
7384,92,71,21
7385,39,35,4
7386,221,211,10
7387,143,143,0
7388,171,166,5
7389,308,285,23
7390,489,455,34
7391,608,563,45
7392,76,73,3
7393,133,127,6
7394,104,100,4
7395,135,133,2
7396,213,209,4
7397,200,195,5
7398,118,116,2
7399,156,154,2
7400,496,481,15
7401,137,135,2
7402,139,137,2
7403,765,739,26
7404,264,251,13
7405,63,63,0
7406,268,265,3
7407,40,39,1
7408,94,92,2
7409,66,63,3
7410,216,216,0
7411,287,278,9
7412,259,250,9
7413,451,425,26
7414,154,144,10
7415,173,164,9
7416,179,173,6
7417,285,278,7
7418,152,144,8
7419,147,142,5
7420,1105,1084,21
7421,142,142,0
7422,191,186,5
7423,210,199,11
7424,212,206,6
7425,68,66,2
7426,503,491,12
7427,123,120,3
7428,570,551,19
7429,182,177,5
7430,268,260,8
7431,210,204,6
7432,79,79,0
7433,386,370,16
7434,867,838,29
7435,160,156,4
7436,224,221,3
7437,148,145,3
7438,134,132,2
7439,189,185,4
7440,358,351,7
7441,69,68,1
7442,146,142,4
7443,157,157,0
7444,274,269,5
7445,615,598,17
7446,128,123,5
7447,61,59,2
7448,627,617,10
7449,143,137,6
7450,578,555,23
7451,315,312,3
7452,158,158,0
7453,182,170,12
7454,134,133,1
7455,156,150,6
7456,361,351,10
7457,356,355,1
7458,104,97,7
7459,165,157,8
7460,258,250,8
7461,125,123,2
7462,272,271,1
7463,270,261,9
7464,426,411,15
7465,96,96,0
7466,949,914,35
7467,226,222,4
7468,209,204,5
7469,630,601,29
7470,120,118,2
7471,493,484,9
7472,490,479,11
7473,118,115,3
7474,233,227,6
7475,246,231,15
7476,161,161,0
7477,140,140,0
7478,136,136,0
7479,141,141,0
7480,165,163,2
7481,195,192,3
7482,227,225,2
7483,156,156,0
7484,111,110,1
7485,168,168,0
7486,105,103,2
7487,149,149,0
7488,245,244,1
7489,707,700,7
7490,120,119,1
7491,388,387,1
7492,156,152,4
7493,492,485,7
7494,314,314,0
7495,170,166,4
7496,138,136,2
7497,87,83,4
7498,200,193,7
7499,250,248,2
7500,206,204,2
7501,103,103,0
7502,125,122,3
7503,230,224,6
7504,226,226,0
7505,209,205,4
7506,136,136,0
7507,184,182,2
7508,181,178,3
7509,610,602,8
7510,359,346,13
7511,546,535,11
7512,478,477,1
7513,114,114,0
7514,243,240,3
7515,279,277,2
7516,207,205,2
7517,514,504,10
7518,173,170,3
7519,527,522,5
7520,782,771,11
7521,596,583,13
7522,452,446,6
7523,796,785,11
7524,465,461,4
7525,879,867,12
7526,887,874,13
7527,149,146,3
7528,278,274,4
7529,350,349,1
7530,126,126,0
7531,181,181,0
7532,901,885,16
7533,151,151,0
7534,152,150,2
7535,154,154,0
7536,472,463,9
7537,699,690,9
7538,217,215,2
7539,134,133,1
7540,132,132,0
7541,294,292,2
7542,337,335,2
7543,64,64,0
7544,196,194,2
7545,59,57,2
7546,166,158,8
7547,53,51,2
7548,254,250,4
7549,245,244,1
7550,376,373,3
7551,148,147,1
7552,151,146,5
7553,227,220,7
7554,203,203,0
7555,189,182,7
7556,403,402,1
7557,778,768,10
7558,176,176,0
7559,343,311,32
7560,184,182,2
7561,57,57,0
7562,243,237,6
7563,147,146,1
7564,46,41,5
7565,157,157,0
7566,166,164,2
7567,213,208,5
7568,121,120,1
7569,68,68,0
7570,131,131,0
7571,156,156,0
7572,77,75,2
7573,93,93,0
7574,142,141,1
7575,199,198,1
7576,167,162,5
7577,86,85,1
7578,181,177,4
7579,76,74,2
7580,158,154,4
7581,167,162,5
7582,128,126,2
7583,145,145,0
7584,124,123,1
7585,269,264,5
7586,179,173,6
7587,250,247,3
7588,428,420,8
7589,198,196,2
7590,503,481,22
7591,184,184,0
7592,962,947,15
7593,250,245,5
7594,326,324,2
7595,547,530,17
7596,281,277,4
7597,225,223,2
7598,125,122,3
7599,541,534,7
7600,133,132,1
7601,221,214,7
7602,114,111,3
7603,611,600,11
7604,343,334,9
7605,75,74,1
7606,207,200,7
7607,751,740,11
7608,346,343,3
7609,168,165,3
7610,214,213,1
7611,147,147,0
7612,773,767,6
7613,182,177,5
7614,505,501,4
7615,290,283,7
7616,180,177,3
7617,164,161,3
7618,346,342,4
7619,244,240,4
7620,486,466,20
7621,157,154,3
7622,275,267,8
7623,297,294,3
7624,165,156,9
7625,695,687,8
7626,282,273,9
7627,180,175,5
7628,176,172,4
7629,508,495,13
7630,141,138,3
7631,336,334,2
7632,807,786,21
7633,496,482,14
7634,156,151,5
7635,45,44,1
7636,40,39,1
7637,153,152,1
7638,156,150,6
7639,238,234,4
7640,141,138,3
7641,225,220,5
7642,126,125,1
7643,910,890,20
7644,247,233,14
7645,152,146,6
7646,360,350,10
7647,185,178,7
7648,417,409,8
7649,679,667,12
7650,129,127,2
7651,169,169,0
7652,125,124,1
7653,242,239,3
7654,360,353,7
7655,127,126,1
7656,177,177,0
7657,384,380,4
7658,306,295,11
7659,285,281,4
7660,299,297,2
7661,177,174,3
7662,190,189,1
7663,178,176,2
7664,215,211,4
7665,83,78,5
7666,147,139,8
7667,143,142,1
7668,120,118,2
7669,126,123,3
7670,122,122,0
7671,185,184,1
7672,148,147,1
7673,128,126,2
7674,214,213,1
7675,168,167,1
7676,631,616,15
7677,121,118,3
7678,155,155,0
7679,129,129,0
7680,189,188,1
7681,633,625,8
7682,304,302,2
7683,241,241,0
7684,617,608,9
7685,140,139,1
7686,100,98,2
7687,281,273,8
7688,158,141,17
7689,124,123,1
7690,159,159,0
7691,157,156,1
7692,442,439,3
7693,137,137,0
7694,198,195,3
7695,113,113,0
7696,179,176,3
7697,221,221,0
7698,189,187,2
7699,165,162,3
7700,162,159,3
7701,264,256,8
7702,347,335,12
7703,174,172,2
7704,120,117,3
7705,320,312,8
7706,537,530,7
7707,152,150,2
7708,251,243,8
7709,210,204,6
7710,180,177,3
7711,363,353,10
7712,195,189,6
7713,245,244,1
7714,111,108,3
7715,264,263,1
7716,315,313,2
7717,103,103,0
7718,137,134,3
7719,278,276,2
7720,246,244,2
7721,168,168,0
7722,244,239,5
7723,569,564,5
7724,155,154,1
7725,63,62,1
7726,231,226,5
7727,114,112,2
7728,141,138,3
7729,108,106,2
7730,159,156,3
7731,193,193,0
7732,134,131,3
7733,226,225,1
7734,316,311,5
7735,368,365,3
7736,579,578,1
7737,258,255,3
7738,115,113,2
7739,208,208,0
7740,242,233,9
7741,265,262,3
7742,163,160,3
7743,189,189,0
7744,139,138,1
7745,233,231,2
7746,321,318,3
7747,204,199,5
7748,136,135,1
7749,287,282,5
7750,156,156,0
7751,828,816,12
7752,155,153,2
7753,138,130,8
7754,150,147,3
7755,122,118,4
7756,653,636,17
7757,239,233,6
7758,131,128,3
7759,214,212,2
7760,164,160,4
7761,576,568,8
7762,131,128,3
7763,122,121,1
7764,103,97,6
7765,141,137,4
7766,528,513,15
7767,130,127,3
7768,90,83,7
7769,85,83,2
7770,133,126,7
7771,913,884,29
7772,125,122,3
7773,214,208,6
7774,68,65,3
7775,199,197,2
7776,101,97,4
7777,284,277,7
7778,76,76,0
7779,50,46,4
7780,181,178,3
7781,124,124,0
7782,255,253,2
7783,297,277,20
7784,302,296,6
7785,150,150,0
7786,579,576,3
7787,105,102,3
7788,231,228,3
7789,136,135,1
7790,214,212,2
7791,229,228,1
7792,174,171,3
7793,537,533,4
7794,623,620,3
7795,410,402,8
7796,274,251,23
7797,162,161,1
7798,224,224,0
7799,48,47,1
7800,160,160,0
7801,120,115,5
7802,130,128,2
7803,244,241,3
7804,116,112,4
7805,538,487,51
7806,122,120,2
7807,124,124,0
7808,294,292,2
7809,128,127,1
7810,115,109,6
7811,182,178,4
7812,363,360,3
7813,185,179,6
7814,138,136,2
7815,170,168,2
7816,122,122,0
7817,137,137,0
7818,127,125,2
7819,189,186,3
7820,468,461,7
7821,317,314,3
7822,113,111,2
7823,76,71,5
7824,283,279,4
7825,39,39,0
7826,165,163,2
7827,790,787,3
7828,202,202,0
7829,144,143,1
7830,119,115,4
7831,320,317,3
7832,139,139,0
7833,119,115,4
7834,140,136,4
7835,38,36,2
7836,126,126,0
7837,155,154,1
7838,481,478,3
7839,63,62,1
7840,187,187,0
7841,57,56,1
7842,65,64,1
7843,192,190,2
7844,424,415,9
7845,127,126,1
7846,123,121,2
7847,345,335,10
7848,437,427,10
7849,165,164,1
7850,170,168,2
7851,142,140,2
7852,134,132,2
7853,147,145,2
7854,86,84,2
7855,749,737,12
7856,212,208,4
7857,142,135,7
7858,186,179,7
7859,46,45,1
7860,200,192,8
7861,195,195,0
7862,181,180,1
7863,136,132,4
7864,185,184,1
7865,293,292,1
7866,243,238,5
7867,390,374,16
7868,142,141,1
7869,131,130,1
7870,534,526,8
7871,194,190,4
7872,304,300,4
7873,245,237,8
7874,692,671,21
7875,148,145,3
7876,221,219,2
7877,322,319,3
7878,132,130,2
7879,243,234,9
7880,150,149,1
7881,84,82,2
7882,558,545,13
7883,122,120,2
7884,156,156,0
7885,161,159,2
7886,126,121,5
7887,60,59,1
7888,120,120,0
7889,396,377,19
7890,781,728,53
7891,203,185,18
7892,237,232,5
7893,139,139,0
7894,118,113,5
7895,156,150,6
7896,446,441,5
7897,175,170,5
7898,102,101,1
7899,62,62,0
7900,71,70,1
7901,71,70,1
7902,182,178,4
7903,233,230,3
7904,132,132,0
7905,977,946,31
7906,177,173,4
7907,187,186,1
7908,192,189,3
7909,426,417,9
7910,311,300,11
7911,115,113,2
7912,185,182,3
7913,306,293,13
7914,137,133,4
7915,151,144,7
7916,163,159,4
7917,151,144,7
7918,157,145,12
7919,127,117,10
7920,360,358,2
7921,162,148,14
7922,130,109,21
7923,112,109,3
7924,134,132,2
7925,107,107,0
7926,78,77,1
7927,80,77,3
7928,135,135,0
7929,185,184,1
7930,274,272,2
7931,306,298,8
7932,628,620,8
7933,133,132,1
7934,228,221,7
7935,273,266,7
7936,143,142,1
7937,120,120,0
7938,124,123,1
7939,148,147,1
7940,303,288,15
7941,250,239,11
7942,785,772,13
7943,148,147,1
7944,142,141,1
7945,210,200,10
7946,226,219,7
7947,118,118,0
7948,183,177,6
7949,655,617,38
7950,118,109,9
7951,117,114,3
7952,160,149,11
7953,159,156,3
7954,528,525,3
7955,179,172,7
7956,622,606,16
7957,759,742,17
7958,687,679,8
7959,314,308,6
7960,389,378,11
7961,335,322,13
7962,275,263,12
7963,93,90,3
7964,168,167,1
7965,790,777,13
7966,278,270,8
7967,191,189,2
7968,125,123,2
7969,113,111,2
7970,254,253,1
7971,60,59,1
7972,278,272,6
7973,262,259,3
7974,203,198,5
7975,107,97,10
7976,127,127,0
7977,140,132,8
7978,121,118,3
7979,121,119,2
7980,659,643,16
7981,134,134,0
7982,111,110,1
7983,96,94,2
7984,316,311,5
7985,253,246,7
7986,583,573,10
7987,165,163,2
7988,127,127,0
7989,133,129,4
7990,340,333,7
7991,128,127,1
7992,491,481,10
7993,691,679,12
7994,568,561,7
7995,187,181,6
7996,219,214,5
7997,51,51,0
7998,168,159,9
7999,132,130,2
8000,196,190,6
8001,202,196,6
8002,259,254,5
8003,215,213,2
8004,126,125,1
8005,262,259,3
8006,119,118,1
8007,161,159,2
8008,166,163,3
8009,561,551,10
8010,134,133,1
8011,114,109,5
8012,329,318,11
8013,168,166,2
8014,403,394,9
8015,154,151,3
8016,217,217,0
8017,314,300,14
8018,169,164,5
8019,68,67,1
8020,315,307,8
8021,42,42,0
8022,174,169,5
8023,60,59,1
8024,167,164,3
8025,416,413,3
8026,143,137,6
8027,244,237,7
8028,127,121,6
8029,170,167,3
8030,503,458,45
8031,950,928,22
8032,117,115,2
8033,382,361,21
8034,218,212,6
8035,136,133,3
8036,279,272,7
8037,118,117,1
8038,116,113,3
8039,319,314,5
8040,162,161,1
8041,368,362,6
8042,139,137,2
8043,191,185,6
8044,141,141,0
8045,201,201,0
8046,128,128,0
8047,215,214,1
8048,372,365,7
8049,411,403,8
8050,224,223,1
8051,168,163,5
8052,243,238,5
8053,168,167,1
8054,172,169,3
8055,235,232,3
8056,195,191,4
8057,179,177,2
8058,71,71,0
8059,105,105,0
8060,216,210,6
8061,195,194,1
8062,78,76,2
8063,118,116,2
8064,356,349,7
8065,307,299,8
8066,116,112,4
8067,278,274,4
8068,59,56,3
8069,214,207,7
8070,191,190,1
8071,193,190,3
8072,112,111,1
8073,32,32,0
8074,349,346,3
8075,107,104,3
8076,325,321,4
8077,133,130,3
8078,346,336,10
8079,210,208,2
8080,424,418,6
8081,601,594,7
8082,534,517,17
8083,954,946,8
8084,214,209,5
8085,489,473,16
8086,295,289,6
8087,817,804,13
8088,182,181,1
8089,1013,994,19
8090,338,322,16
8091,207,203,4
8092,207,202,5
8093,203,200,3
8094,308,306,2
8095,308,306,2
8096,137,134,3
8097,166,164,2
8098,161,161,0
8099,235,231,4
8100,121,119,2
8101,131,127,4
8102,114,111,3
8103,116,115,1
8104,135,134,1
8105,148,147,1
8106,158,152,6
8107,325,314,11
8108,153,150,3
8109,166,160,6
8110,160,153,7
8111,226,217,9
8112,148,146,2
8113,115,114,1
8114,178,176,2
8115,258,254,4
8116,167,162,5
8117,110,108,2
8118,128,128,0
8119,79,77,2
8120,77,77,0
8121,726,697,29
8122,57,56,1
8123,330,325,5
8124,111,110,1
8125,92,92,0
8126,170,169,1
8127,276,267,9
8128,239,234,5
8129,194,192,2
8130,113,111,2
8131,189,187,2
8132,137,134,3
8133,140,136,4
8134,193,189,4
8135,258,248,10
8136,208,203,5
8137,88,84,4
8138,462,449,13
8139,106,102,4
8140,172,171,1
8141,127,121,6
8142,129,125,4
8143,145,144,1
8144,347,333,14
8145,305,296,9
8146,165,164,1
8147,162,154,8
8148,77,76,1
8149,135,135,0
8150,166,164,2
8151,138,138,0
8152,143,142,1
8153,136,135,1
8154,161,161,0
8155,176,172,4
8156,221,216,5
8157,165,163,2
8158,315,308,7
8159,117,112,5
8160,455,447,8
8161,280,275,5
8162,136,134,2
8163,219,219,0
8164,475,465,10
8165,304,301,3
8166,577,573,4
8167,154,153,1
8168,129,127,2
8169,244,242,2
8170,141,137,4
8171,192,191,1
8172,164,160,4
8173,128,126,2
8174,79,78,1
8175,146,143,3
8176,117,114,3
8177,239,237,2
8178,288,273,15
8179,444,433,11
8180,129,129,0
8181,126,123,3
8182,123,118,5
8183,140,133,7
8184,212,209,3
8185,380,372,8
8186,113,113,0
8187,113,113,0
8188,186,181,5
8189,45,44,1
8190,68,66,2
8191,149,146,3
8192,246,245,1
8193,66,64,2
8194,198,195,3
8195,141,140,1
8196,124,124,0
8197,213,209,4
8198,344,340,4
8199,276,274,2
8200,76,73,3
8201,56,55,1
8202,129,129,0
8203,207,203,4
8204,147,146,1
8205,167,164,3
8206,129,126,3
8207,189,188,1
8208,300,287,13
8209,124,123,1
8210,262,257,5
8211,52,52,0
8212,182,180,2
8213,176,173,3
8214,148,142,6
8215,120,119,1
8216,149,143,6
8217,273,263,10
8218,150,141,9
8219,134,133,1
8220,217,210,7
8221,824,797,27
8222,171,167,4
8223,175,171,4
8224,232,225,7
8225,362,346,16
8226,627,608,19
8227,461,450,11
8228,180,174,6
8229,211,208,3
8230,158,157,1
8231,278,274,4
8232,121,118,3
8233,120,115,5
8234,231,222,9
8235,133,129,4
8236,145,144,1
8237,107,103,4
8238,162,158,4
8239,294,288,6
8240,77,73,4
8241,61,60,1
8242,112,109,3
8243,390,379,11
8244,75,75,0
8245,241,236,5
8246,425,407,18
8247,120,110,10
8248,175,169,6
8249,174,172,2
8250,207,204,3
8251,544,540,4
8252,169,164,5
8253,256,247,9
8254,239,236,3
8255,255,251,4
8256,262,256,6
8257,320,305,15
8258,286,276,10
8259,248,243,5
8260,287,281,6
8261,710,686,24
8262,229,223,6
8263,247,239,8
8264,247,243,4
8265,97,96,1
8266,295,289,6
8267,175,173,2
8268,513,509,4
8269,627,611,16
8270,298,296,2
8271,446,440,6
8272,116,111,5
8273,328,327,1
8274,472,466,6
8275,475,471,4
8276,239,232,7
8277,592,582,10
8278,191,191,0
8279,573,565,8
8280,179,174,5
8281,116,115,1
8282,454,452,2
8283,130,127,3
8284,146,143,3
8285,322,316,6
8286,345,333,12
8287,244,242,2
8288,243,241,2
8289,390,383,7
8290,176,174,2
8291,415,409,6
8292,46,46,0
8293,386,379,7
8294,248,248,0
8295,461,453,8
8296,896,890,6
8297,112,111,1
8298,743,729,14
8299,561,544,17
8300,42,40,2
8301,260,254,6
8302,226,224,2
8303,324,319,5
8304,641,619,22
8305,347,341,6
8306,172,169,3
8307,196,194,2
8308,115,114,1
8309,201,196,5
8310,249,241,8
8311,305,298,7
8312,138,138,0
8313,301,290,11
8314,358,353,5
8315,130,130,0
8316,257,252,5
8317,187,185,2
8318,239,237,2
8319,89,86,3
8320,247,239,8
8321,117,115,2
8322,100,99,1
8323,278,274,4
8324,339,339,0
8325,121,118,3
8326,324,322,2
8327,118,115,3
8328,239,234,5
8329,243,241,2
8330,298,296,2
8331,531,513,18
8332,668,660,8
8333,431,412,19
8334,110,110,0
8335,524,510,14
8336,243,237,6
8337,178,176,2
8338,171,171,0
8339,134,134,0
8340,160,159,1
8341,238,236,2
8342,111,110,1
8343,547,536,11
8344,119,118,1
8345,109,109,0
8346,116,115,1
8347,80,76,4
8348,287,284,3
8349,117,114,3
8350,115,112,3
8351,316,313,3
8352,89,87,2
8353,89,82,7
8354,528,516,12
8355,31,31,0
8356,135,134,1
8357,71,70,1
8358,112,111,1
8359,140,136,4
8360,61,58,3
8361,56,53,3
8362,62,62,0
8363,111,107,4
8364,62,62,0
8365,119,117,2
8366,220,216,4
8367,218,217,1
8368,228,221,7
8369,646,640,6
8370,822,812,10
8371,267,260,7
8372,180,180,0
8373,81,79,2
8374,650,630,20
8375,126,125,1
8376,114,112,2
8377,136,136,0
8378,518,511,7
8379,519,508,11
8380,135,132,3
8381,204,199,5
8382,61,61,0
8383,287,282,5
8384,218,215,3
8385,228,222,6
8386,94,90,4
8387,321,321,0
8388,118,117,1
8389,59,58,1
8390,72,72,0
8391,91,90,1
8392,130,130,0
8393,47,46,1
8394,76,75,1
8395,128,128,0
8396,149,147,2
8397,94,93,1
8398,278,271,7
8399,132,131,1
8400,125,124,1
8401,136,135,1
8402,333,330,3
8403,150,147,3
8404,149,148,1
8405,240,236,4
8406,116,111,5
8407,48,48,0
8408,295,292,3
8409,125,124,1
8410,103,102,1
8411,150,148,2
8412,435,427,8
8413,246,245,1
8414,242,239,3
8415,179,176,3
8416,110,110,0
8417,397,384,13
8418,38,38,0
8419,150,149,1
8420,232,226,6
8421,441,438,3
8422,407,397,10
8423,142,132,10
8424,151,150,1
8425,140,140,0
8426,209,207,2
8427,84,81,3
8428,186,184,2
8429,378,376,2
8430,100,100,0
8431,116,112,4
8432,918,903,15
8433,533,519,14
8434,262,259,3
8435,161,159,2
8436,238,234,4
8437,106,104,2
8438,101,101,0
8439,42,42,0
8440,409,406,3
8441,92,92,0
8442,51,50,1
8443,263,259,4
8444,109,109,0
8445,84,82,2
8446,60,60,0
8447,56,54,2
8448,77,77,0
8449,333,329,4
8450,150,150,0
8451,154,149,5
8452,180,169,11
8453,127,126,1
8454,192,189,3
8455,144,142,2
8456,248,246,2
8457,313,309,4
8458,133,127,6
8459,233,232,1
8460,67,66,1
8461,58,58,0
8462,89,87,2
8463,89,87,2
8464,88,88,0
8465,119,117,2
8466,158,155,3
8467,538,523,15
8468,40,40,0
8469,92,91,1
8470,92,92,0
8471,324,323,1
8472,102,101,1
8473,74,70,4
8474,117,115,2
8475,757,754,3
8476,142,139,3
8477,133,132,1
8478,364,360,4
8479,133,132,1
8480,148,148,0
8481,163,161,2
8482,105,104,1
8483,923,915,8
8484,130,129,1
8485,289,286,3
8486,137,137,0
8487,159,155,4
8488,38,37,1
8489,150,145,5
8490,298,291,7
8491,131,127,4
8492,234,228,6
8493,121,120,1
8494,121,119,2
8495,60,60,0
8496,109,106,3
8497,79,78,1
8498,179,174,5
8499,127,127,0
8500,101,101,0
8501,279,269,10
8502,73,73,0
8503,186,179,7
8504,95,93,2
8505,102,96,6
8506,63,62,1
8507,125,122,3
8508,152,149,3
8509,237,234,3
8510,123,120,3
8511,125,121,4
8512,163,159,4
8513,307,296,11
8514,312,302,10
8515,331,322,9
8516,122,120,2
8517,371,361,10
8518,254,246,8
8519,162,160,2
8520,366,362,4
8521,129,128,1
8522,134,134,0
8523,207,206,1
8524,607,590,17
8525,220,190,30
8526,161,153,8
8527,41,39,2
8528,126,118,8
8529,120,100,20
8530,37,37,0
8531,103,100,3
8532,156,155,1
8533,39,39,0
8534,74,72,2
8535,137,135,2
8536,249,247,2
8537,422,414,8
8538,188,185,3
8539,159,150,9
8540,239,236,3
8541,181,174,7
8542,157,153,4
8543,384,370,14
8544,339,331,8
8545,398,392,6
8546,115,112,3
8547,203,201,2
8548,336,330,6
8549,136,135,1
8550,176,171,5
8551,543,532,11
8552,197,197,0
8553,128,126,2
8554,205,197,8
8555,122,120,2
8556,433,431,2
8557,400,384,16
8558,180,173,7
8559,187,183,4
8560,330,328,2
8561,449,444,5
8562,690,667,23
8563,130,130,0
8564,155,155,0
8565,82,80,2
8566,116,116,0
8567,124,121,3
8568,241,236,5
8569,239,233,6
8570,119,119,0
8571,106,105,1
8572,155,154,1
8573,199,191,8
8574,229,223,6
8575,182,171,11
8576,205,197,8
8577,144,137,7
8578,90,85,5
8579,189,186,3
8580,801,784,17
8581,136,136,0
8582,131,130,1
8583,222,219,3
8584,301,298,3
8585,73,71,2
8586,215,214,1
8587,142,138,4
8588,125,123,2
8589,111,110,1
8590,155,155,0
8591,315,313,2
8592,164,162,2
8593,86,85,1
8594,98,95,3
8595,56,54,2
8596,143,142,1
8597,326,321,5
8598,372,355,17
8599,526,522,4
8600,60,60,0
8601,158,158,0
8602,167,165,2
8603,226,226,0
8604,142,141,1
8605,114,114,0
8606,122,122,0
8607,56,55,1
8608,143,142,1
8609,84,82,2
8610,663,660,3
8611,42,42,0
8612,122,122,0
8613,337,337,0
8614,374,368,6
8615,151,150,1
8616,339,334,5
8617,192,189,3
8618,399,393,6
8619,165,164,1
8620,324,321,3
8621,196,196,0
8622,353,350,3
8623,250,247,3
8624,165,159,6
8625,186,183,3
8626,121,121,0
8627,151,147,4
8628,154,147,7
8629,130,129,1
8630,213,207,6
8631,137,131,6
8632,337,331,6
8633,91,89,2
8634,156,153,3
8635,137,135,2
8636,133,126,7
8637,181,177,4
8638,502,480,22
8639,255,244,11
8640,178,177,1
8641,244,239,5
8642,170,165,5
8643,171,169,2
8644,594,577,17
8645,137,135,2
8646,299,296,3
8647,113,109,4
8648,118,116,2
8649,164,164,0
8650,146,145,1
8651,119,115,4
8652,148,147,1
8653,682,662,20
8654,929,885,44
8655,209,207,2
8656,318,309,9
8657,118,117,1
8658,118,117,1
8659,174,174,0
8660,196,194,2
8661,149,149,0
8662,323,313,10
8663,125,123,2
8664,168,165,3
8665,921,906,15
8666,280,278,2
8667,250,245,5
8668,175,175,0
8669,369,368,1
8670,178,176,2
8671,169,167,2
8672,281,280,1
8673,170,169,1
8674,149,147,2
8675,173,170,3
8676,462,456,6
8677,292,291,1
8678,134,134,0
8679,109,108,1
8680,594,585,9
8681,140,138,2
8682,257,250,7
8683,95,94,1
8684,326,323,3
8685,157,156,1
8686,320,315,5
8687,158,155,3
8688,59,58,1
8689,232,227,5
8690,300,296,4
8691,131,129,2
8692,117,113,4
8693,120,115,5
8694,493,486,7
8695,250,245,5
8696,691,682,9
8697,137,132,5
8698,119,116,3
8699,183,178,5
8700,141,138,3
8701,292,288,4
8702,283,274,9
8703,968,934,34
8704,141,140,1
8705,81,77,4
8706,282,271,11
8707,267,263,4
8708,115,115,0
8709,352,342,10
8710,205,198,7
8711,131,127,4
8712,97,95,2
8713,108,104,4
8714,325,319,6
8715,257,256,1
8716,167,163,4
8717,120,119,1
8718,171,170,1
8719,290,275,15
8720,162,159,3
8721,140,139,1
8722,205,205,0
8723,278,274,4
8724,415,409,6
8725,265,260,5
8726,449,436,13
8727,280,276,4
8728,190,184,6
8729,216,215,1
8730,117,117,0
8731,526,512,14
8732,150,143,7
8733,480,468,12
8734,425,422,3
8735,120,120,0
8736,248,242,6
8737,194,189,5
8738,553,521,32
8739,216,215,1
8740,358,356,2
8741,599,587,12
8742,126,124,2
8743,191,181,10
8744,147,146,1
8745,126,124,2
8746,269,264,5
8747,118,116,2
8748,153,149,4
8749,255,251,4
8750,701,681,20
8751,610,594,16
8752,404,401,3
8753,106,98,8
8754,108,107,1
8755,125,124,1
8756,142,137,5
8757,52,52,0
8758,265,258,7
8759,145,142,3
8760,71,71,0
8761,359,349,10
8762,457,447,10
8763,182,182,0
8764,110,110,0
8765,141,138,3
8766,155,151,4
8767,219,216,3
8768,701,686,15
8769,234,230,4
8770,181,177,4
8771,207,206,1
8772,286,272,14
8773,120,113,7
8774,637,625,12
8775,884,860,24
8776,364,357,7
8777,203,200,3
8778,234,230,4
8779,168,167,1
8780,277,266,11
8781,154,150,4
8782,121,116,5
8783,161,157,4
8784,1003,976,27
8785,168,166,2
8786,202,193,9
8787,288,286,2
8788,126,123,3
8789,454,437,17
8790,165,154,11
8791,236,227,9
8792,159,155,4
8793,56,56,0
8794,426,414,12
8795,135,130,5
8796,877,853,24
8797,370,361,9
8798,122,118,4
8799,210,208,2
8800,56,55,1
8801,161,158,3
8802,107,107,0
8803,160,156,4
8804,144,142,2
8805,994,968,26
8806,114,111,3
8807,208,206,2
8808,326,319,7
8809,410,405,5
8810,207,202,5
8811,173,170,3
8812,190,184,6
8813,163,160,3
8814,168,162,6
8815,568,555,13
8816,146,143,3
8817,161,158,3
8818,155,151,4
8819,279,271,8
8820,213,209,4
8821,80,78,2
8822,100,97,3
8823,664,645,19
8824,41,41,0
8825,117,113,4
8826,154,153,1
8827,409,405,4
8828,144,141,3
8829,247,245,2
8830,287,280,7
8831,420,416,4
8832,406,404,2
8833,206,200,6
8834,352,348,4
8835,284,281,3
8836,314,313,1
8837,312,307,5
8838,170,170,0
8839,95,93,2
8840,230,228,2
8841,139,139,0
8842,117,117,0
8843,179,177,2
8844,158,157,1
8845,733,724,9
8846,121,120,1
8847,156,153,3
8848,359,357,2
8849,121,117,4
8850,291,255,36
8851,364,363,1
8852,631,626,5
8853,260,256,4
8854,509,501,8
8855,314,308,6
8856,354,343,11
8857,273,268,5
8858,138,138,0
8859,113,113,0
8860,116,114,2
8861,119,119,0
8862,317,313,4
8863,174,173,1
8864,189,184,5
8865,135,135,0
8866,225,223,2
8867,122,120,2
8868,135,131,4
8869,131,128,3
8870,155,154,1
8871,388,381,7
8872,783,779,4
8873,275,269,6
8874,155,153,2
8875,685,671,14
8876,208,207,1
8877,182,182,0
8878,368,360,8
8879,155,155,0
8880,264,262,2
8881,106,106,0
8882,619,595,24
8883,199,199,0
8884,532,517,15
8885,634,623,11
8886,474,461,13
8887,376,372,4
8888,159,158,1
8889,285,284,1
8890,175,174,1
8891,129,126,3
8892,261,260,1
8893,443,436,7
8894,462,452,10
8895,360,354,6
8896,548,540,8
8897,250,248,2
8898,336,330,6
8899,415,410,5
8900,108,106,2
8901,444,440,4
8902,700,688,12
8903,580,566,14
8904,769,756,13
8905,355,353,2
8906,357,346,11
8907,120,118,2
8908,156,156,0
8909,350,346,4
8910,181,173,8
8911,133,128,5
8912,129,126,3
8913,132,130,2
8914,51,51,0
8915,44,44,0
8916,41,41,0
8917,407,398,9
8918,241,228,13
8919,163,157,6
8920,628,619,9
8921,224,221,3
8922,215,213,2
8923,386,383,3
8924,95,93,2
8925,442,428,14
8926,945,932,13
8927,241,235,6
8928,107,102,5
8929,128,127,1
8930,599,597,2
8931,135,132,3
8932,168,166,2
8933,122,122,0
8934,366,366,0
8935,152,151,1
8936,257,253,4
8937,188,188,0
8938,296,285,11
8939,112,110,2
8940,125,125,0
8941,308,303,5
8942,220,215,5
8943,360,356,4
8944,148,146,2
8945,144,142,2
8946,213,211,2
8947,119,117,2
8948,266,257,9
8949,195,190,5
8950,319,294,25
8951,92,91,1
8952,132,132,0
8953,132,132,0
8954,162,160,2
8955,336,335,1
8956,168,168,0
8957,778,758,20
8958,627,620,7
8959,559,556,3
8960,131,131,0
8961,487,480,7
8962,156,153,3
8963,43,43,0
8964,222,221,1
8965,562,557,5
8966,161,161,0
8967,478,469,9
8968,229,221,8
8969,191,189,2
8970,977,965,12
8971,314,309,5
8972,746,735,11
8973,136,132,4
8974,319,307,12
8975,141,134,7
8976,204,202,2
8977,238,234,4
8978,256,249,7
8979,112,110,2
8980,112,110,2
8981,176,175,1
8982,465,455,10
8983,985,956,29
8984,226,225,1
8985,648,643,5
8986,115,114,1
8987,190,185,5
8988,133,129,4
8989,161,161,0
8990,41,41,0
8991,195,194,1
8992,604,598,6
8993,122,120,2
8994,57,57,0
8995,412,407,5
8996,181,176,5
8997,500,490,10
8998,188,185,3
8999,596,593,3
9000,854,840,14
9001,691,684,7
9002,155,155,0
9003,267,262,5
9004,53,53,0
9005,348,341,7
9006,127,125,2
9007,575,562,13
9008,734,724,10
9009,149,145,4
9010,240,232,8
9011,172,166,6
9012,281,279,2
9013,216,210,6
9014,149,144,5
9015,63,62,1
9016,140,135,5
9017,105,102,3
9018,128,119,9
9019,59,57,2
9020,87,87,0
9021,117,114,3
9022,65,64,1
9023,49,49,0
9024,60,60,0
9025,83,83,0
9026,160,159,1
9027,439,429,10
9028,487,475,12
9029,146,142,4
9030,165,160,5
9031,62,61,1
9032,448,444,4
9033,165,162,3
9034,122,121,1
9035,201,199,2
9036,124,123,1
9037,160,155,5
9038,240,238,2
9039,112,112,0
9040,322,320,2
9041,144,143,1
9042,126,124,2
9043,150,148,2
9044,665,624,41
9045,174,170,4
9046,57,55,2
9047,204,189,15
9048,57,57,0
9049,739,710,29
9050,100,98,2
9051,260,246,14
9052,61,55,6
9053,88,86,2
9054,513,507,6
9055,210,194,16
9056,40,38,2
9057,389,378,11
9058,76,73,3
9059,72,71,1
9060,156,154,2
9061,142,141,1
9062,178,171,7
9063,260,251,9
9064,191,188,3
9065,163,163,0
9066,128,127,1
9067,165,163,2
9068,192,177,15
9069,232,230,2
9070,126,125,1
9071,145,141,4
9072,173,169,4
9073,553,543,10
9074,67,67,0
9075,482,473,9
9076,187,186,1
9077,37,36,1
9078,84,83,1
9079,251,244,7
9080,124,120,4
9081,314,310,4
9082,224,222,2
9083,524,518,6
9084,509,504,5
9085,416,407,9
9086,254,248,6
9087,154,151,3
9088,394,394,0
9089,143,142,1
9090,139,136,3
9091,715,705,10
9092,116,116,0
9093,176,172,4
9094,144,142,2
9095,138,133,5
9096,217,217,0
9097,193,190,3
9098,128,125,3
9099,483,470,13
9100,422,415,7
9101,267,266,1
9102,900,880,20
9103,293,286,7
9104,604,592,12
9105,183,182,1
9106,126,125,1
9107,138,137,1
9108,691,681,10
9109,159,155,4
9110,284,282,2
9111,208,203,5
9112,221,213,8
9113,175,173,2
9114,174,173,1
9115,156,153,3
9116,197,193,4
9117,160,159,1
9118,417,412,5
9119,188,185,3
9120,159,155,4
9121,150,150,0
9122,128,128,0
9123,291,290,1
9124,234,231,3
9125,610,594,16
9126,173,172,1
9127,360,351,9
9128,329,311,18
9129,260,248,12
9130,362,350,12
9131,131,127,4
9132,333,323,10
9133,165,163,2
9134,208,202,6
9135,145,141,4
9136,235,226,9
9137,199,195,4
9138,152,145,7
9139,95,91,4
9140,230,219,11
9141,189,183,6
9142,113,110,3
9143,217,205,12
9144,163,154,9
9145,301,296,5
9146,133,130,3
9147,328,313,15
9148,1004,975,29
9149,167,167,0
9150,149,147,2
9151,174,164,10
9152,164,162,2
9153,170,169,1
9154,162,160,2
9155,119,117,2
9156,215,213,2
9157,228,222,6
9158,253,248,5
9159,225,221,4
9160,140,140,0
9161,179,178,1
9162,275,274,1
9163,360,358,2
9164,162,160,2
9165,326,325,1
9166,91,90,1
9167,351,346,5
9168,148,148,0
9169,244,242,2
9170,142,142,0
9171,149,148,1
9172,194,193,1
9173,333,330,3
9174,130,129,1
9175,196,195,1
9176,180,180,0
9177,107,104,3
9178,218,218,0
9179,324,320,4
9180,116,115,1
9181,303,301,2
9182,202,201,1
9183,328,327,1
9184,146,145,1
9185,219,217,2
9186,1001,986,15
9187,592,587,5
9188,201,197,4
9189,690,690,0
9190,208,206,2
9191,167,166,1
9192,107,106,1
9193,144,144,0
9194,163,154,9
9195,234,231,3
9196,227,221,6
9197,153,151,2
9198,392,379,13
9199,420,416,4
9200,203,198,5
9201,71,69,2
9202,248,239,9
9203,301,295,6
9204,173,171,2
9205,106,103,3
9206,124,121,3
9207,112,108,4
9208,137,135,2
9209,333,319,14
9210,140,138,2
9211,122,119,3
9212,441,412,29
9213,669,659,10
9214,479,465,14
9215,442,430,12
9216,213,207,6
9217,332,322,10
9218,145,143,2
9219,441,433,8
9220,435,419,16
9221,159,157,2
9222,177,174,3
9223,216,211,5
9224,388,369,19
9225,300,287,13
9226,128,126,2
9227,101,99,2
9228,80,77,3
9229,66,64,2
9230,103,103,0
9231,115,113,2
9232,169,163,6
9233,154,153,1
9234,117,117,0
9235,397,385,12
9236,450,440,10
9237,478,470,8
9238,280,277,3
9239,210,206,4
9240,156,153,3
9241,585,575,10
9242,259,251,8
9243,125,123,2
9244,297,292,5
9245,625,618,7
9246,95,95,0
9247,185,184,1
9248,113,113,0
9249,393,388,5
9250,176,173,3
9251,118,118,0
9252,965,959,6
9253,240,239,1
9254,75,75,0
9255,128,127,1
9256,429,427,2
9257,238,238,0
9258,187,186,1
9259,472,469,3
9260,334,329,5
9261,556,540,16
9262,509,505,4
9263,958,945,13
9264,409,406,3
9265,103,103,0
9266,579,576,3
9267,198,194,4
9268,410,407,3
9269,275,273,2
9270,824,801,23
9271,157,154,3
9272,291,290,1
9273,432,430,2
9274,170,168,2
9275,489,480,9
9276,113,111,2
9277,42,42,0
9278,175,175,0
9279,528,521,7
9280,111,108,3
9281,116,112,4
9282,268,264,4
9283,653,613,40
9284,440,426,14
9285,120,119,1
9286,142,141,1
9287,248,246,2
9288,200,200,0
9289,175,174,1
9290,594,582,12
9291,130,128,2
9292,174,171,3
9293,358,353,5
9294,86,84,2
9295,674,658,16
9296,220,214,6
9297,130,127,3
9298,237,235,2
9299,223,215,8
9300,180,179,1
9301,426,420,6
9302,300,293,7
9303,356,354,2
9304,171,170,1
9305,140,135,5
9306,198,198,0
9307,185,182,3
9308,201,201,0
9309,292,286,6
9310,50,49,1
9311,142,139,3
9312,154,147,7
9313,127,122,5
9314,176,174,2
9315,97,94,3
9316,86,85,1
9317,65,64,1
9318,189,187,2
9319,159,155,4
9320,374,369,5
9321,134,131,3
9322,289,284,5
9323,161,158,3
9324,281,264,17
9325,111,110,1
9326,222,216,6
9327,102,102,0
9328,61,57,4
9329,53,53,0
9330,132,127,5
9331,61,60,1
9332,84,83,1
9333,208,204,4
9334,192,187,5
9335,71,69,2
9336,245,244,1
9337,154,151,3
9338,114,110,4
9339,204,203,1
9340,138,138,0
9341,191,185,6
9342,180,172,8
9343,120,119,1
9344,165,164,1
9345,147,142,5
9346,127,126,1
9347,123,121,2
9348,698,688,10
9349,143,141,2
9350,301,298,3
9351,158,157,1
9352,433,428,5
9353,153,151,2
9354,48,48,0
9355,147,143,4
9356,608,602,6
9357,624,614,10
9358,113,110,3
9359,99,99,0
9360,48,48,0
9361,155,148,7
9362,164,164,0
9363,668,666,2
9364,285,280,5
9365,116,113,3
9366,271,268,3
9367,130,129,1
9368,130,130,0
9369,320,317,3
9370,121,121,0
9371,325,321,4
9372,264,261,3
9373,211,210,1
9374,232,228,4
9375,122,122,0
9376,134,131,3
9377,177,176,1
9378,132,130,2
9379,257,247,10
9380,984,967,17
9381,66,65,1
9382,134,132,2
9383,488,470,18
9384,128,127,1
9385,145,143,2
9386,245,238,7
9387,169,168,1
9388,238,237,1
9389,129,128,1
9390,75,75,0
9391,112,110,2
9392,45,45,0
9393,164,157,7
9394,159,155,4
9395,88,87,1
9396,372,360,12
9397,144,138,6
9398,295,287,8
9399,202,201,1
9400,269,256,13
9401,58,57,1
9402,307,298,9
9403,806,776,30
9404,266,255,11
9405,652,637,15
9406,118,115,3
9407,141,139,2
9408,317,310,7
9409,265,255,10
9410,204,201,3
9411,262,258,4
9412,374,366,8
9413,103,99,4
9414,390,374,16
9415,330,319,11
9416,146,145,1
9417,99,98,1
9418,155,154,1
9419,105,105,0
9420,117,117,0
9421,415,408,7
9422,230,229,1
9423,134,133,1
9424,203,202,1
9425,324,322,2
9426,486,477,9
9427,171,169,2
9428,533,524,9
9429,52,52,0
9430,311,303,8
9431,195,189,6
9432,789,762,27
9433,78,76,2
9434,282,266,16
9435,133,132,1
9436,331,317,14
9437,125,125,0
9438,125,125,0
9439,135,132,3
9440,282,277,5
9441,125,114,11
9442,326,324,2
9443,330,323,7
9444,281,280,1
9445,76,74,2
9446,217,216,1
9447,222,220,2
9448,44,44,0
9449,113,113,0
9450,130,129,1
9451,237,235,2
9452,211,207,4
9453,84,83,1
9454,361,351,10
9455,357,351,6
9456,229,223,6
9457,194,191,3
9458,42,40,2
9459,84,81,3
9460,103,103,0
9461,167,164,3
9462,287,282,5
9463,145,142,3
9464,54,54,0
9465,318,312,6
9466,56,56,0
9467,165,161,4
9468,194,193,1
9469,131,128,3
9470,269,261,8
9471,179,176,3
9472,55,53,2
9473,329,327,2
9474,187,185,2
9475,116,115,1
9476,157,157,0
9477,147,146,1
9478,243,238,5
9479,371,368,3
9480,108,104,4
9481,265,263,2
9482,105,105,0
9483,215,210,5
9484,550,534,16
9485,274,268,6
9486,129,128,1
9487,142,136,6
9488,155,152,3
9489,121,119,2
9490,353,349,4
9491,327,323,4
9492,267,265,2
9493,119,119,0
9494,126,125,1
9495,124,123,1
9496,234,229,5
9497,188,185,3
9498,194,190,4
9499,129,129,0
9500,200,192,8
9501,283,281,2
9502,307,303,4
9503,137,134,3
9504,912,899,13
9505,248,243,5
9506,650,633,17
9507,133,131,2
9508,242,236,6
9509,548,536,12
9510,129,127,2
9511,162,161,1
9512,143,143,0
9513,209,209,0
9514,281,277,4
9515,229,226,3
9516,290,281,9
9517,363,359,4
9518,357,352,5
9519,525,516,9
9520,340,338,2
9521,208,202,6
9522,820,814,6
9523,136,134,2
9524,254,250,4
9525,306,301,5
9526,390,384,6
9527,115,111,4
9528,615,604,11
9529,977,967,10
9530,127,126,1
9531,181,178,3
9532,331,319,12
9533,165,162,3
9534,280,265,15
9535,390,373,17
9536,146,144,2
9537,620,601,19
9538,296,288,8
9539,302,285,17
9540,152,150,2
9541,277,272,5
9542,98,97,1
9543,202,202,0
9544,235,228,7
9545,266,258,8
9546,595,584,11
9547,92,92,0
9548,203,203,0
9549,59,57,2
9550,115,109,6
9551,251,243,8
9552,47,44,3
9553,179,161,18
9554,272,262,10
9555,289,275,14
9556,111,102,9
9557,102,100,2
9558,122,116,6
9559,180,172,8
9560,121,117,4
9561,126,123,3
9562,182,180,2
9563,212,202,10
9564,401,387,14
9565,326,312,14
9566,222,222,0
9567,185,182,3
9568,160,157,3
9569,138,132,6
9570,248,246,2
9571,138,135,3
9572,149,146,3
9573,190,189,1
9574,135,133,2
9575,146,143,3
9576,209,207,2
9577,121,119,2
9578,63,59,4
9579,264,260,4
9580,535,526,9
9581,85,83,2
9582,86,84,2
9583,77,74,3
9584,112,111,1
9585,141,138,3
9586,57,57,0
9587,215,210,5
9588,67,64,3
9589,252,241,11
9590,57,56,1
9591,230,218,12
9592,170,168,2
9593,302,294,8
9594,248,247,1
9595,233,231,2
9596,64,61,3
9597,330,329,1
9598,259,256,3
9599,40,40,0
9600,712,693,19
9601,125,123,2
9602,77,76,1
9603,119,117,2
9604,186,184,2
9605,126,123,3
9606,358,354,4
9607,255,252,3
9608,157,152,5
9609,180,174,6
9610,257,251,6
9611,59,56,3
9612,84,83,1
9613,59,58,1
9614,39,39,0
9615,71,69,2
9616,56,56,0
9617,126,126,0
9618,167,165,2
9619,166,161,5
9620,92,92,0
9621,418,408,10
9622,193,190,3
9623,303,301,2
9624,51,50,1
9625,107,103,4
9626,72,72,0
9627,160,155,5
9628,114,114,0
9629,128,128,0
9630,164,164,0
9631,201,200,1
9632,151,149,2
9633,124,123,1
9634,400,396,4
9635,130,130,0
9636,123,122,1
9637,385,382,3
9638,194,191,3
9639,195,195,0
9640,217,215,2
9641,150,150,0
9642,137,136,1
9643,223,217,6
9644,134,133,1
9645,129,128,1
9646,756,749,7
9647,89,86,3
9648,894,880,14
9649,228,227,1
9650,168,168,0
9651,517,513,4
9652,44,44,0
9653,254,253,1
9654,222,220,2
9655,120,120,0
9656,65,65,0
9657,165,163,2
9658,233,228,5
9659,52,52,0
9660,43,43,0
9661,151,151,0
9662,191,187,4
9663,105,102,3
9664,38,37,1
9665,82,81,1
9666,163,160,3
9667,161,154,7
9668,152,152,0
9669,417,407,10
9670,263,253,10
9671,305,302,3
9672,743,727,16
9673,130,130,0
9674,132,129,3
9675,446,446,0
9676,33,31,2
9677,226,223,3
9678,63,63,0
9679,298,293,5
9680,313,309,4
9681,70,70,0
9682,1527,1499,28
9683,67,65,2
9684,325,324,1
9685,173,172,1
9686,70,67,3
9687,191,189,2
9688,239,235,4
9689,221,218,3
9690,148,148,0
9691,91,90,1
9692,172,170,2
9693,240,238,2
9694,131,129,2
9695,119,118,1
9696,269,269,0
9697,155,155,0
9698,270,265,5
9699,184,182,2
9700,364,362,2
9701,134,131,3
9702,175,172,3
9703,1035,1023,12
9704,158,158,0
9705,443,441,2
9706,440,435,5
9707,355,341,14
9708,169,165,4
9709,110,109,1
9710,284,281,3
9711,323,320,3
9712,285,267,18
9713,528,511,17
9714,227,222,5
9715,63,63,0
9716,137,135,2
9717,129,128,1
9718,63,61,2
9719,124,122,2
9720,448,439,9
9721,480,469,11
9722,119,117,2
9723,57,55,2
9724,137,136,1
9725,136,136,0
9726,151,151,0
9727,322,312,10
9728,924,913,11
9729,320,310,10
9730,137,134,3
9731,529,515,14
9732,443,418,25
9733,584,561,23
9734,1004,974,30
9735,383,376,7
9736,783,758,25
9737,659,642,17
9738,425,404,21
9739,251,244,7
9740,491,468,23
9741,173,169,4
9742,699,669,30
9743,65,64,1
9744,554,535,19
9745,405,395,10
9746,651,634,17
9747,270,261,9
9748,180,176,4
9749,195,191,4
9750,225,214,11
9751,353,343,10
9752,355,341,14
9753,226,223,3
9754,211,201,10
9755,120,117,3
9756,474,469,5
9757,785,777,8
9758,181,181,0
9759,156,153,3
9760,133,133,0
9761,204,204,0
9762,160,160,0
9763,54,53,1
9764,151,151,0
9765,283,277,6
9766,117,117,0
9767,429,426,3
9768,434,430,4
9769,327,322,5
9770,211,209,2
9771,120,119,1
9772,122,121,1
9773,146,139,7
9774,369,367,2
9775,158,156,2
9776,460,459,1
9777,147,147,0
9778,181,175,6
9779,158,153,5
9780,145,145,0
9781,257,256,1
9782,174,171,3
9783,114,114,0
9784,209,204,5
9785,99,98,1
9786,78,78,0
9787,158,155,3
9788,79,77,2
9789,144,143,1
9790,434,429,5
9791,829,819,10
9792,489,483,6
9793,434,429,5
9794,473,469,4
9795,141,139,2
9796,146,145,1
9797,178,177,1
9798,131,128,3
9799,289,284,5
9800,70,69,1
9801,84,84,0
9802,71,71,0
9803,77,75,2
9804,191,183,8
9805,133,125,8
9806,143,134,9
9807,99,90,9
9808,541,513,28
9809,190,187,3
9810,243,235,8
9811,434,403,31
9812,132,118,14
9813,217,197,20
9814,174,171,3
9815,96,96,0
9816,439,435,4
9817,180,179,1
9818,731,720,11
9819,410,407,3
9820,168,160,8
9821,159,159,0
9822,371,370,1
9823,347,343,4
9824,248,246,2
9825,169,168,1
9826,189,188,1
9827,234,234,0
9828,382,378,4
9829,120,118,2
9830,158,158,0
9831,125,123,2
9832,341,328,13
9833,153,151,2
9834,129,128,1
9835,269,266,3
9836,135,135,0
9837,349,343,6
9838,185,181,4
9839,105,105,0
9840,193,190,3
9841,144,143,1
9842,129,128,1
9843,108,108,0
9844,137,135,2
9845,300,299,1
9846,149,147,2
9847,123,123,0
9848,135,134,1
9849,159,157,2
9850,227,226,1
9851,121,120,1
9852,181,177,4
9853,219,218,1
9854,96,92,4
9855,144,144,0
9856,733,726,7
9857,142,136,6
9858,424,419,5
9859,260,254,6
9860,117,116,1
9861,150,149,1
9862,234,233,1
9863,127,125,2
9864,144,144,0
9865,161,161,0
9866,135,134,1
9867,118,115,3
9868,497,491,6
9869,375,373,2
9870,93,92,1
9871,178,176,2
9872,316,315,1
9873,160,159,1
9874,287,278,9
9875,193,193,0
9876,107,106,1
9877,752,741,11
9878,80,80,0
9879,171,155,16
9880,143,143,0
9881,157,156,1
9882,145,140,5
9883,67,67,0
9884,361,356,5
9885,91,89,2
9886,66,64,2
9887,143,140,3
9888,115,113,2
9889,183,180,3
9890,241,238,3
9891,50,49,1
9892,1010,994,16
9893,181,179,2
9894,52,51,1
9895,58,58,0
9896,325,319,6
9897,98,97,1
9898,348,343,5
9899,156,154,2
9900,162,161,1
9901,311,303,8
9902,194,192,2
9903,41,41,0
9904,50,50,0
9905,78,75,3
9906,382,367,15
9907,126,124,2
9908,159,153,6
9909,119,119,0
9910,383,373,10
9911,153,142,11
9912,426,422,4
9913,945,940,5
9914,148,148,0
9915,192,191,1
9916,134,131,3
9917,152,149,3
9918,230,230,0
9919,131,129,2
9920,185,185,0
9921,141,139,2
9922,213,210,3
9923,157,152,5
9924,271,267,4
9925,144,144,0
9926,108,107,1
9927,494,492,2
9928,579,570,9
9929,126,126,0
9930,136,135,1
9931,157,143,14
9932,649,647,2
9933,351,343,8
9934,485,478,7
9935,118,118,0
9936,129,129,0
9937,182,181,1
9938,303,300,3
9939,110,109,1
9940,190,187,3
9941,147,146,1
9942,168,167,1
9943,289,283,6
9944,207,201,6
9945,307,302,5
9946,648,637,11
9947,118,113,5
9948,122,119,3
9949,204,201,3
9950,788,773,15
9951,357,352,5
9952,119,111,8
9953,220,217,3
9954,138,130,8
9955,765,741,24
9956,158,156,2
9957,127,126,1
9958,144,141,3
9959,228,224,4
9960,210,205,5
9961,431,421,10
9962,100,99,1
9963,526,504,22
9964,317,307,10
9965,205,200,5
9966,461,449,12
9967,519,513,6
9968,573,553,20
9969,186,185,1
9970,201,195,6
9971,409,403,6
9972,399,391,8
9973,134,128,6
9974,95,94,1
9975,95,94,1
9976,103,95,8
9977,183,178,5
9978,102,96,6
9979,65,63,2
9980,60,60,0
9981,159,157,2
9982,90,88,2
9983,41,40,1
9984,124,123,1
9985,537,528,9
9986,182,174,8
9987,121,120,1
9988,184,183,1
9989,135,132,3
9990,167,164,3
9991,145,139,6
9992,58,58,0
9993,187,182,5
9994,295,295,0
9995,407,406,1
9996,155,154,1
9997,168,159,9
9998,116,113,3
9999,164,162,2
10000,152,150,2
10001,368,365,3
10002,169,160,9
10003,270,268,2
10004,179,172,7
10005,150,146,4
10006,566,545,21
10007,238,235,3
10008,105,100,5
10009,343,339,4
10010,333,318,15
10011,557,534,23
10012,254,242,12
10013,287,283,4
10014,307,306,1
10015,139,133,6
10016,272,264,8
10017,159,155,4
10018,227,216,11
10019,180,178,2
10020,161,160,1
10021,330,320,10
10022,267,250,17
10023,330,326,4
10024,229,221,8
10025,387,376,11
10026,183,182,1
10027,194,190,4
10028,182,179,3
10029,1166,1135,31
10030,182,178,4
10031,653,642,11
10032,360,352,8
10033,638,611,27
10034,111,108,3
10035,159,159,0
10036,113,112,1
10037,133,133,0
10038,297,295,2
10039,146,142,4
10040,110,108,2
10041,35,35,0
10042,139,137,2
10043,48,47,1
10044,113,113,0
10045,167,166,1
10046,151,151,0
10047,153,149,4
10048,131,130,1
10049,141,138,3
10050,465,457,8
10051,156,154,2
10052,372,364,8
10053,256,240,16
10054,328,328,0
10055,124,122,2
10056,118,115,3
10057,87,83,4
10058,214,210,4
10059,166,165,1
10060,403,398,5
10061,162,158,4
10062,113,112,1
10063,256,254,2
10064,144,143,1
10065,41,41,0
10066,300,293,7
10067,280,269,11
10068,349,339,10
10069,57,57,0
10070,39,39,0
10071,98,92,6
10072,429,417,12
10073,500,489,11
10074,155,155,0
10075,518,507,11
10076,80,80,0
10077,797,778,19
10078,180,175,5
10079,207,203,4
10080,107,105,2
10081,140,134,6
10082,571,561,10
10083,111,109,2
10084,105,105,0
10085,120,118,2
10086,52,52,0
10087,127,126,1
10088,112,110,2
10089,131,123,8
10090,422,403,19
10091,490,469,21
10092,512,500,12
10093,216,214,2
10094,516,477,39
10095,316,311,5
10096,203,203,0
10097,202,198,4
10098,167,165,2
10099,204,203,1
10100,262,261,1
10101,186,186,0
10102,169,169,0
10103,219,219,0
10104,150,150,0
10105,214,213,1
10106,237,234,3
10107,222,217,5
10108,78,77,1
10109,54,52,2
10110,473,457,16
10111,154,150,4
10112,299,287,12
10113,403,394,9
10114,49,49,0
10115,301,295,6
10116,439,428,11
10117,680,672,8
10118,140,140,0
10119,449,442,7
10120,166,165,1
10121,181,180,1
10122,423,415,8
10123,262,258,4
10124,92,92,0
10125,369,355,14
10126,149,146,3
10127,441,424,17
10128,209,179,30
10129,181,167,14
10130,366,349,17
10131,303,302,1
10132,222,220,2
10133,184,173,11
10134,156,154,2
10135,202,189,13
10136,466,443,23
10137,467,441,26
10138,180,174,6
10139,585,532,53
10140,134,134,0
10141,177,176,1
10142,47,47,0
10143,187,183,4
10144,34,32,2
10145,224,222,2
10146,121,116,5
10147,306,297,9
10148,352,349,3
10149,162,159,3
10150,177,174,3
10151,228,222,6
10152,192,191,1
10153,195,189,6
10154,248,245,3
10155,357,346,11
10156,182,175,7
10157,384,373,11
10158,109,108,1
10159,192,188,4
10160,61,61,0
10161,247,245,2
10162,220,214,6
10163,164,163,1
10164,256,253,3
10165,161,158,3
10166,129,124,5
10167,268,257,11
10168,85,82,3
10169,279,275,4
10170,125,122,3
10171,166,161,5
10172,170,169,1
10173,213,213,0
10174,76,76,0
10175,170,170,0
10176,123,118,5
10177,84,84,0
10178,145,142,3
10179,126,123,3
10180,68,68,0
10181,101,101,0
10182,180,178,2
10183,284,275,9
10184,411,407,4
10185,209,203,6
10186,249,245,4
10187,194,190,4
10188,165,158,7
10189,137,134,3
10190,216,209,7
10191,757,740,17
10192,457,449,8
10193,77,76,1
10194,531,523,8
10195,736,718,18
10196,188,185,3
10197,445,440,5
10198,50,50,0
10199,264,260,4
10200,263,257,6
10201,166,164,2
10202,212,210,2
10203,312,310,2
10204,444,443,1
10205,551,543,8
10206,195,194,1
10207,278,270,8
10208,152,149,3
10209,189,188,1
10210,406,398,8
10211,430,409,21
10212,81,80,1
10213,201,192,9
10214,258,253,5
10215,213,208,5
10216,260,255,5
10217,140,140,0
10218,475,469,6
10219,670,659,11
10220,137,135,2
10221,150,147,3
10222,146,145,1
10223,160,160,0
10224,216,203,13
10225,134,132,2
10226,137,134,3
10227,126,126,0
10228,133,133,0
10229,123,121,2
10230,137,134,3
10231,224,217,7
10232,253,246,7
10233,412,395,17
10234,218,214,4
10235,48,48,0
10236,92,90,2
10237,156,154,2
10238,228,226,2
10239,297,294,3
10240,372,366,6
10241,72,69,3
10242,126,120,6
10243,82,79,3
10244,133,133,0
10245,151,146,5
10246,132,129,3
10247,167,163,4
10248,335,335,0
10249,142,140,2
10250,277,270,7
10251,262,260,2
10252,268,266,2
10253,329,321,8
10254,229,226,3
10255,235,228,7
10256,148,146,2
10257,211,209,2
10258,318,317,1
10259,999,981,18
10260,144,143,1
10261,247,246,1
10262,140,135,5
10263,442,438,4
10264,128,126,2
10265,745,739,6
10266,473,464,9
10267,418,410,8
10268,168,165,3
10269,156,155,1
10270,224,221,3
10271,188,187,1
10272,113,113,0
10273,278,276,2
10274,137,135,2
10275,134,128,6
10276,122,118,4
10277,127,127,0
10278,140,140,0
10279,136,134,2
10280,134,133,1
10281,147,141,6
10282,947,922,25
10283,258,257,1
10284,235,234,1
10285,336,335,1
10286,309,297,12
10287,311,306,5
10288,165,162,3
10289,223,219,4
10290,172,169,3
10291,124,122,2
10292,295,292,3
10293,67,66,1
10294,76,75,1
10295,141,137,4
10296,214,198,16
10297,252,247,5
10298,521,521,0
10299,177,175,2
10300,154,154,0
10301,319,309,10
10302,125,124,1
10303,708,704,4
10304,287,287,0
10305,82,82,0
10306,288,283,5
10307,123,121,2
10308,51,48,3
10309,213,211,2
10310,231,224,7
10311,95,87,8
10312,174,173,1
10313,54,53,1
10314,113,113,0
10315,72,70,2
10316,108,105,3
10317,277,271,6
10318,133,131,2
10319,154,149,5
10320,99,99,0
10321,198,193,5
10322,182,178,4
10323,234,231,3
10324,459,443,16
10325,129,125,4
10326,129,127,2
10327,190,180,10
10328,165,157,8
10329,82,75,7
10330,59,54,5
10331,79,78,1
10332,312,305,7
10333,123,121,2
10334,296,289,7
10335,597,586,11
10336,162,156,6
10337,200,193,7
10338,581,560,21
10339,164,156,8
10340,508,494,14
10341,444,434,10
10342,113,110,3
10343,249,242,7
10344,722,681,41
10345,103,101,2
10346,567,548,19
10347,227,221,6
10348,533,519,14
10349,469,454,15
10350,308,298,10
10351,179,174,5
10352,306,303,3
10353,381,373,8
10354,131,128,3
10355,562,544,18
10356,129,127,2
10357,64,64,0
10358,119,116,3
10359,310,301,9
10360,266,264,2
10361,178,164,14
10362,216,216,0
10363,120,118,2
10364,159,150,9
10365,253,246,7
10366,212,206,6
10367,23,22,1
10368,72,70,2
10369,92,91,1
10370,197,195,2
10371,239,235,4
10372,336,330,6
10373,166,157,9
10374,1013,984,29
10375,605,592,13
10376,160,157,3
10377,322,313,9
10378,935,910,25
10379,230,230,0
10380,141,137,4
10381,219,217,2
10382,414,401,13
10383,191,188,3
10384,897,892,5
10385,431,418,13
10386,560,552,8
10387,210,208,2
10388,102,99,3
10389,966,947,19
10390,369,367,2
10391,353,352,1
10392,426,419,7
10393,234,231,3
10394,453,449,4
10395,292,288,4
10396,140,136,4
10397,136,133,3
10398,133,130,3
10399,589,569,20
10400,105,103,2
10401,257,253,4
10402,173,173,0
10403,170,169,1
10404,375,375,0
10405,791,783,8
10406,636,629,7
10407,125,124,1
10408,161,159,2
10409,59,59,0
10410,249,245,4
10411,192,190,2
10412,329,324,5
10413,80,79,1
10414,769,756,13
10415,262,259,3
10416,316,309,7
10417,871,848,23
10418,134,131,3
10419,134,132,2
10420,612,596,16
10421,834,801,33
10422,53,53,0
10423,162,160,2
10424,125,125,0
10425,125,124,1
10426,58,53,5
10427,119,117,2
10428,211,204,7
10429,123,122,1
10430,170,167,3
10431,47,47,0
10432,663,633,30
10433,203,200,3
10434,66,66,0
10435,82,82,0
10436,58,57,1
10437,79,78,1
10438,78,78,0
10439,491,485,6
10440,59,58,1
10441,204,204,0
10442,323,316,7
10443,176,173,3
10444,145,142,3
10445,164,162,2
10446,163,161,2
10447,126,126,0
10448,697,681,16
10449,121,121,0
10450,46,46,0
10451,216,215,1
10452,69,65,4
10453,81,81,0
10454,650,638,12
10455,461,448,13
10456,152,150,2
10457,155,145,10
10458,291,254,37
10459,95,93,2
10460,327,309,18
10461,128,122,6
10462,49,45,4
10463,661,642,19
10464,114,109,5
10465,276,275,1
10466,174,162,12
10467,115,112,3
10468,414,410,4
10469,156,151,5
10470,154,148,6
10471,128,126,2
10472,491,479,12
10473,236,222,14
10474,427,407,20
10475,334,326,8
10476,1300,1264,36
10477,142,134,8
10478,82,79,3
10479,483,465,18
10480,551,531,20
10481,458,440,18
10482,50,49,1
10483,173,170,3
10484,131,129,2
10485,129,124,5
10486,153,152,1
10487,178,174,4
10488,159,157,2
10489,134,132,2
10490,117,115,2
10491,966,941,25
10492,177,174,3
10493,57,54,3
10494,88,87,1
10495,121,119,2
10496,95,93,2
10497,281,277,4
10498,407,396,11
10499,205,195,10
10500,241,237,4
10501,299,293,6
10502,159,153,6
10503,649,630,19
10504,235,226,9
10505,512,491,21
10506,145,142,3
10507,220,220,0
10508,262,261,1
10509,766,739,27
10510,948,919,29
10511,62,60,2
10512,87,83,4
10513,500,492,8
10514,198,189,9
10515,251,247,4
10516,536,528,8
10517,528,519,9
10518,215,214,1
10519,100,99,1
10520,132,132,0
10521,561,553,8
10522,167,160,7
10523,144,144,0
10524,1015,1001,14
10525,95,92,3
10526,141,135,6
10527,120,118,2
10528,97,93,4
10529,138,134,4
10530,151,141,10
10531,116,113,3
10532,243,240,3
10533,188,177,11
10534,251,235,16
10535,219,200,19
10536,139,138,1
10537,117,115,2
10538,392,378,14
10539,258,248,10
10540,338,336,2
10541,141,141,0
10542,456,443,13
10543,160,159,1
10544,141,141,0
10545,330,323,7
10546,154,153,1
10547,410,400,10
10548,224,220,4
10549,96,89,7
10550,577,563,14
10551,411,407,4
10552,220,215,5
10553,155,150,5
10554,497,489,8
10555,328,319,9
10556,176,176,0
10557,530,526,4
10558,175,172,3
10559,315,305,10
10560,152,151,1
10561,105,99,6
10562,366,360,6
10563,304,303,1
10564,383,378,5
10565,424,418,6
10566,209,202,7
10567,312,307,5
10568,140,137,3
10569,323,314,9
10570,152,147,5
10571,160,158,2
10572,249,235,14
10573,104,103,1
10574,340,335,5
10575,220,219,1
10576,310,304,6
10577,176,173,3
10578,239,236,3
10579,262,256,6
10580,171,167,4
10581,106,104,2
10582,297,287,10
10583,166,157,9
10584,55,53,2
10585,171,167,4
10586,53,51,2
10587,981,943,38
10588,165,157,8
10589,383,376,7
10590,342,333,9
10591,98,97,1
10592,310,306,4
10593,549,539,10
10594,339,333,6
10595,773,758,15
10596,63,62,1
10597,50,50,0
10598,239,233,6
10599,133,133,0
10600,270,268,2
10601,43,42,1
10602,268,265,3
10603,142,142,0
10604,113,112,1
10605,150,146,4
10606,195,186,9
10607,95,84,11
10608,261,253,8
10609,127,125,2
10610,333,325,8
10611,253,243,10
10612,338,319,19
10613,188,181,7
10614,93,89,4
10615,267,267,0
10616,199,197,2
10617,119,119,0
10618,160,157,3
10619,110,109,1
10620,131,127,4
10621,134,133,1
10622,51,50,1
10623,69,69,0
10624,288,281,7
10625,126,124,2
10626,150,149,1
10627,122,119,3
10628,132,128,4
10629,475,433,42
10630,76,76,0
10631,253,250,3
10632,169,168,1
10633,175,169,6
10634,97,92,5
10635,67,67,0
10636,67,67,0
10637,60,59,1
10638,227,223,4
10639,185,179,6
10640,130,127,3
10641,47,47,0
10642,55,54,1
10643,199,196,3
10644,315,304,11
10645,143,142,1
10646,149,148,1
10647,142,142,0
10648,552,543,9
10649,129,123,6
10650,89,83,6
10651,222,220,2
10652,88,87,1
10653,117,117,0
10654,178,175,3
10655,278,273,5
10656,156,150,6
10657,74,73,1
10658,328,326,2
10659,164,164,0
10660,137,137,0
10661,317,307,10
10662,156,154,2
10663,560,548,12
10664,195,182,13
10665,227,226,1
10666,163,159,4
10667,262,258,4
10668,81,80,1
10669,198,193,5
10670,145,137,8
10671,182,175,7
10672,160,158,2
10673,150,145,5
10674,173,164,9
10675,204,193,11
10676,126,125,1
10677,110,106,4
10678,313,303,10
10679,115,115,0
10680,170,160,10
10681,188,185,3
10682,670,657,13
10683,92,91,1
10684,55,55,0
10685,34,34,0
10686,253,251,2
10687,184,181,3
10688,47,47,0
10689,47,47,0
10690,119,115,4
10691,154,154,0
10692,84,83,1
10693,82,80,2
10694,143,143,0
10695,211,206,5
10696,73,72,1
10697,160,159,1
10698,424,418,6
10699,144,142,2
10700,125,125,0
10701,118,118,0
10702,352,348,4
10703,197,197,0
10704,166,162,4
10705,54,54,0
10706,151,145,6
10707,108,104,4
10708,146,143,3
10709,139,139,0
10710,77,76,1
10711,355,346,9
10712,199,199,0
10713,887,878,9
10714,817,805,12
10715,801,788,13
10716,171,168,3
10717,109,109,0
10718,177,177,0
10719,182,179,3
10720,147,144,3
10721,217,208,9
10722,131,128,3
10723,126,126,0
10724,78,77,1
10725,139,136,3
10726,118,117,1
10727,276,257,19
10728,144,142,2
10729,162,161,1
10730,108,106,2
10731,174,171,3
10732,171,170,1
10733,299,294,5
10734,139,139,0
10735,164,162,2
10736,190,189,1
10737,459,447,12
10738,151,147,4
10739,1014,966,48
10740,206,203,3
10741,196,189,7
10742,166,161,5
10743,141,140,1
10744,870,845,25
10745,137,134,3
10746,164,161,3
10747,553,547,6
10748,121,121,0
10749,114,113,1
10750,426,400,26
10751,555,529,26
10752,312,306,6
10753,160,160,0
10754,182,181,1
10755,184,179,5
10756,330,323,7
10757,205,204,1
10758,73,71,2
10759,109,109,0
10760,202,195,7
10761,93,93,0
10762,59,59,0
10763,105,101,4
10764,108,107,1
10765,172,170,2
10766,211,211,0
10767,85,84,1
10768,131,127,4
10769,97,95,2
10770,462,457,5
10771,132,132,0
10772,50,50,0
10773,281,279,2
10774,90,88,2
10775,181,177,4
10776,114,112,2
10777,600,581,19
10778,213,211,2
10779,391,377,14
10780,341,337,4
10781,424,420,4
10782,154,153,1
10783,170,170,0
10784,132,132,0
10785,412,412,0
10786,378,378,0
10787,456,447,9
10788,203,202,1
10789,757,739,18
10790,224,220,4
10791,632,630,2
10792,236,232,4
10793,240,238,2
10794,135,133,2
10795,159,158,1
10796,131,126,5
10797,105,101,4
10798,257,256,1
10799,420,416,4
10800,117,111,6
10801,147,144,3
10802,292,257,35
10803,106,105,1
10804,138,135,3
10805,165,165,0
10806,106,106,0
10807,188,186,2
10808,204,201,3
10809,662,651,11
10810,179,176,3
10811,369,365,4
10812,343,329,14
10813,126,124,2
10814,52,51,1
10815,58,56,2
10816,41,40,1
10817,178,174,4
10818,283,282,1
10819,135,135,0
10820,330,324,6
10821,129,129,0
10822,269,264,5
10823,253,246,7
10824,146,145,1
10825,411,411,0
10826,764,741,23
10827,210,208,2
10828,51,51,0
10829,79,79,0
10830,54,53,1
10831,629,624,5
10832,200,200,0
10833,185,185,0
10834,88,88,0
10835,130,122,8
10836,542,527,15
10837,248,241,7
10838,1050,1036,14
10839,143,143,0
10840,183,180,3
10841,161,158,3
10842,258,253,5
10843,131,126,5
10844,285,280,5
10845,140,136,4
10846,165,164,1
10847,209,207,2
10848,97,94,3
10849,76,76,0
10850,150,147,3
10851,239,238,1
10852,196,196,0
10853,136,133,3
10854,343,336,7
10855,142,139,3
10856,134,132,2
10857,186,184,2
10858,148,148,0
10859,141,140,1
10860,158,156,2
10861,108,107,1
10862,118,117,1
10863,130,126,4
10864,86,83,3
10865,159,157,2
10866,108,105,3
10867,126,122,4
10868,210,205,5
10869,168,165,3
10870,333,314,19
10871,106,104,2
10872,138,135,3
10873,43,42,1
10874,43,43,0
10875,86,86,0
10876,223,220,3
10877,141,139,2
10878,135,120,15
10879,210,205,5
10880,178,173,5
10881,372,365,7
10882,123,120,3
10883,145,145,0
10884,147,146,1
10885,98,96,2
10886,152,146,6
10887,528,514,14
10888,364,349,15
10889,179,173,6
10890,174,171,3
10891,140,139,1
10892,162,160,2
10893,221,220,1
10894,89,88,1
10895,327,320,7
10896,133,131,2
10897,160,160,0
10898,132,130,2
10899,116,116,0
10900,144,140,4
10901,258,251,7
10902,107,103,4
10903,259,256,3
10904,71,68,3
10905,92,85,7
10906,144,138,6
10907,165,162,3
10908,86,83,3
10909,131,130,1
10910,241,232,9
10911,171,161,10
10912,151,146,5
10913,191,182,9
10914,424,411,13
10915,246,239,7
10916,58,58,0
10917,58,56,2
10918,86,84,2
10919,244,242,2
10920,252,249,3
10921,30,30,0
10922,109,107,2
10923,106,103,3
10924,263,258,5
10925,54,52,2
10926,270,259,11
10927,171,166,5
10928,372,368,4
10929,210,207,3
10930,326,318,8
10931,264,261,3
10932,114,112,2
10933,140,140,0
10934,171,168,3
10935,136,134,2
10936,148,144,4
10937,125,123,2
10938,113,113,0
10939,314,311,3
10940,525,513,12
10941,138,134,4
10942,150,149,1
10943,204,203,1
10944,269,266,3
10945,197,194,3
10946,207,204,3
10947,343,341,2
10948,84,82,2
10949,141,130,11
10950,119,116,3
10951,164,163,1
10952,131,131,0
10953,153,153,0
10954,173,166,7
10955,114,114,0
10956,278,276,2
10957,201,199,2
10958,369,361,8
10959,127,125,2
10960,176,175,1
10961,613,588,25
10962,269,268,1
10963,311,307,4
10964,390,388,2
10965,200,198,2
10966,182,182,0
10967,19,18,1
10968,140,137,3
10969,327,316,11
10970,433,423,10
10971,250,247,3
10972,322,309,13
10973,65,63,2
10974,151,144,7
10975,488,469,19
10976,172,172,0
10977,633,611,22
10978,706,688,18
10979,80,78,2
10980,120,118,2
10981,171,169,2
10982,66,61,5
10983,113,111,2
10984,364,358,6
10985,349,346,3
10986,144,143,1
10987,196,195,1
10988,166,161,5
10989,573,569,4
10990,212,207,5
10991,93,91,2
10992,397,387,10
10993,578,561,17
10994,295,288,7
10995,76,75,1
10996,273,268,5
10997,284,277,7
10998,70,69,1
10999,79,77,2
11000,167,164,3
11001,470,462,8
11002,342,335,7
11003,169,167,2
11004,188,182,6
11005,935,917,18
11006,169,167,2
11007,421,405,16
11008,166,160,6
11009,168,166,2
11010,184,179,5
11011,167,160,7
11012,312,309,3
11013,92,89,3
11014,257,230,27
11015,216,210,6
11016,365,358,7
11017,371,363,8
11018,926,903,23
11019,190,187,3
11020,511,507,4
11021,952,916,36
11022,703,672,31
11023,329,318,11
11024,1002,980,22
11025,79,78,1
11026,195,195,0
11027,121,121,0
11028,78,78,0
11029,172,172,0
11030,179,170,9
11031,122,121,1
11032,360,358,2
11033,282,280,2
11034,167,164,3
11035,447,428,19
11036,137,130,7
11037,449,447,2
11038,84,84,0
11039,236,232,4
11040,302,296,6
11041,92,90,2
11042,84,84,0
11043,306,297,9
11044,204,196,8
11045,155,154,1
11046,172,172,0
11047,171,171,0
11048,57,56,1
11049,123,120,3
11050,143,137,6
11051,133,121,12
11052,48,45,3
11053,136,134,2
11054,131,130,1
11055,164,161,3
11056,307,305,2
11057,221,217,4
11058,139,138,1
11059,213,211,2
11060,230,225,5
11061,370,368,2
11062,345,342,3
11063,114,111,3
11064,140,139,1
11065,288,284,4
11066,130,130,0
11067,141,139,2
11068,687,663,24
11069,44,43,1
11070,37,36,1
11071,69,67,2
11072,30,30,0
11073,152,150,2
11074,58,57,1
11075,103,103,0
11076,391,378,13
11077,458,448,10
11078,129,125,4
11079,150,150,0
11080,60,59,1
11081,62,60,2
11082,87,85,2
11083,251,244,7
11084,144,144,0
11085,535,528,7
11086,152,151,1
11087,479,471,8
11088,169,167,2
11089,733,723,10
11090,534,529,5
11091,201,196,5
11092,135,133,2
11093,1031,1021,10
11094,303,301,2
11095,139,135,4
11096,66,64,2
11097,190,187,3
11098,184,180,4
11099,91,89,2
11100,129,128,1
11101,713,706,7
11102,114,114,0
11103,107,104,3
11104,244,238,6
11105,47,47,0
11106,298,284,14
11107,95,95,0
11108,184,182,2
11109,125,121,4
11110,252,248,4
11111,472,463,9
11112,301,298,3
11113,139,137,2
11114,170,169,1
11115,478,476,2
11116,211,209,2
11117,181,175,6
11118,395,388,7
11119,696,683,13
11120,173,170,3
11121,168,166,2
11122,140,137,3
11123,122,120,2
11124,119,119,0
11125,131,127,4
11126,200,194,6
11127,396,392,4
11128,199,198,1
11129,220,215,5
11130,160,157,3
11131,187,176,11
11132,157,150,7
11133,288,283,5
11134,342,338,4
11135,332,331,1
11136,329,318,11
11137,225,225,0
11138,153,150,3
11139,46,46,0
11140,482,476,6
11141,402,397,5
11142,78,78,0
11143,147,146,1
11144,296,291,5
11145,381,368,13
11146,177,172,5
11147,478,460,18
11148,831,819,12
11149,591,577,14
11150,155,151,4
11151,321,320,1
11152,32,31,1
11153,161,158,3
11154,92,92,0
11155,64,64,0
11156,194,191,3
11157,45,45,0
11158,201,196,5
11159,85,84,1
11160,652,641,11
11161,66,66,0
11162,506,504,2
11163,102,99,3
11164,809,797,12
11165,176,176,0
11166,349,347,2
11167,178,172,6
11168,195,190,5
11169,266,265,1
11170,213,209,4
11171,160,153,7
11172,381,370,11
11173,267,266,1
11174,516,509,7
11175,111,110,1
11176,290,286,4
11177,233,225,8
11178,356,348,8
11179,250,249,1
11180,170,169,1
11181,440,424,16
11182,348,333,15
11183,208,205,3
11184,552,537,15
11185,583,565,18
11186,51,51,0
11187,85,79,6
11188,154,153,1
11189,353,347,6
11190,112,110,2
11191,148,147,1
11192,115,112,3
11193,107,106,1
11194,169,165,4
11195,120,115,5
11196,137,135,2
11197,205,200,5
11198,129,125,4
11199,169,168,1
11200,374,365,9
11201,264,258,6
11202,191,191,0
11203,60,59,1
11204,295,293,2
11205,143,140,3
11206,148,147,1
11207,159,158,1
11208,282,273,9
11209,443,430,13
11210,203,200,3
11211,101,97,4
11212,711,689,22
11213,144,144,0
11214,691,679,12
11215,137,135,2
11216,139,139,0
11217,152,148,4
11218,410,408,2
11219,258,256,2
11220,263,259,4
11221,226,222,4
11222,231,229,2
11223,591,581,10
11224,364,357,7
11225,650,646,4
11226,170,170,0
11227,293,289,4
11228,219,218,1
11229,633,625,8
11230,469,460,9
11231,626,625,1
11232,970,958,12
11233,277,271,6
11234,499,493,6
11235,304,300,4
11236,577,571,6
11237,633,617,16
11238,133,133,0
11239,106,104,2
11240,101,99,2
11241,92,92,0
11242,346,343,3
11243,542,524,18
11244,145,144,1
11245,158,154,4
11246,318,308,10
11247,139,139,0
11248,50,47,3
11249,44,41,3
11250,174,171,3
11251,59,59,0
11252,83,80,3
11253,731,711,20
11254,272,272,0
11255,462,452,10
11256,231,223,8
11257,350,339,11
11258,146,145,1
11259,59,59,0
11260,129,127,2
11261,73,73,0
11262,86,84,2
11263,161,160,1
11264,251,245,6
11265,71,71,0
11266,122,122,0
11267,101,98,3
11268,123,123,0
11269,51,51,0
11270,137,136,1
11271,135,134,1
11272,130,129,1
11273,264,263,1
11274,545,544,1
11275,85,81,4
11276,168,167,1
11277,139,137,2
11278,1012,977,35
11279,126,126,0
11280,256,248,8
11281,458,452,6
11282,218,217,1
11283,161,153,8
11284,121,120,1
11285,172,172,0
11286,145,144,1
11287,116,111,5
11288,224,221,3
11289,308,306,2
11290,257,253,4
11291,99,97,2
11292,125,121,4
11293,495,487,8
11294,171,171,0
11295,197,192,5
11296,95,94,1
11297,326,308,18
11298,59,59,0
11299,282,277,5
11300,150,147,3
11301,161,159,2
11302,126,124,2
11303,127,126,1
11304,293,291,2
11305,303,300,3
11306,347,336,11
11307,775,760,15
11308,162,156,6
11309,122,118,4
11310,593,570,23
11311,300,295,5
11312,314,311,3
11313,296,294,2
11314,282,281,1
11315,514,501,13
11316,137,136,1
11317,65,65,0
11318,155,152,3
11319,160,158,2
11320,1009,985,24
11321,229,226,3
11322,168,167,1
11323,164,161,3
11324,207,203,4
11325,133,131,2
11326,129,123,6
11327,112,108,4
11328,72,68,4
11329,107,106,1
11330,74,74,0
11331,242,233,9
11332,248,247,1
11333,714,693,21
11334,252,248,4
11335,425,413,12
11336,563,541,22
11337,275,269,6
11338,119,119,0
11339,154,150,4
11340,108,108,0
11341,164,158,6
11342,139,139,0
11343,144,142,2
11344,268,265,3
11345,453,446,7
11346,270,265,5
11347,218,215,3
11348,80,78,2
11349,174,167,7
11350,394,384,10
11351,133,133,0
11352,231,228,3
11353,953,935,18
11354,256,252,4
11355,258,254,4
11356,275,269,6
11357,171,163,8
11358,124,121,3
11359,428,425,3
11360,365,359,6
11361,148,148,0
11362,723,699,24
11363,193,192,1
11364,231,209,22
11365,616,594,22
11366,300,297,3
11367,125,124,1
11368,125,122,3
11369,130,127,3
11370,125,124,1
11371,116,113,3
11372,284,274,10
11373,272,265,7
11374,454,445,9
11375,138,135,3
11376,637,622,15
11377,147,144,3
11378,146,140,6
11379,168,164,4
11380,416,405,11
11381,285,278,7
11382,617,601,16
11383,416,409,7
11384,44,43,1
11385,215,211,4
11386,455,435,20
11387,194,191,3
11388,89,88,1
11389,64,62,2
11390,52,52,0
11391,49,48,1
11392,228,226,2
11393,90,86,4
11394,44,44,0
11395,48,48,0
11396,45,45,0
11397,68,68,0
11398,133,133,0
11399,131,127,4
11400,150,145,5
11401,171,170,1
11402,483,476,7
11403,138,136,2
11404,169,168,1
11405,234,232,2
11406,47,47,0
11407,128,127,1
11408,326,325,1
11409,98,96,2
11410,122,118,4
11411,117,115,2
11412,126,125,1
11413,89,88,1
11414,82,81,1
11415,200,195,5
11416,79,78,1
11417,59,59,0
11418,77,77,0
11419,48,47,1
11420,73,72,1
11421,135,133,2
11422,112,110,2
11423,930,907,23
11424,54,52,2
11425,140,139,1
11426,127,123,4
11427,124,123,1
11428,57,57,0
11429,639,630,9
11430,125,123,2
11431,164,163,1
11432,320,287,33
11433,174,173,1
11434,374,371,3
11435,161,161,0
11436,373,369,4
11437,139,138,1
11438,218,217,1
11439,269,265,4
11440,457,454,3
11441,275,268,7
11442,538,529,9
11443,144,135,9
11444,161,157,4
11445,182,180,2
11446,214,212,2
11447,135,135,0
11448,375,371,4
11449,159,159,0
11450,115,111,4
11451,96,94,2
11452,103,102,1
11453,175,174,1
11454,962,920,42
11455,132,129,3
11456,206,203,3
11457,137,134,3
11458,444,425,19
11459,176,176,0
11460,601,589,12
11461,253,252,1
11462,154,153,1
11463,192,191,1
11464,359,356,3
11465,352,330,22
11466,370,358,12
11467,125,123,2
11468,315,312,3
11469,229,224,5
11470,162,159,3
11471,129,129,0
11472,198,194,4
11473,236,232,4
11474,120,119,1
11475,116,115,1
11476,118,116,2
11477,158,158,0
11478,96,95,1
11479,460,455,5
11480,225,222,3
11481,228,224,4
11482,126,125,1
11483,167,167,0
11484,267,259,8
11485,636,622,14
11486,986,969,17
11487,268,259,9
11488,312,303,9
11489,187,185,2
11490,126,125,1
11491,165,165,0
11492,129,128,1
11493,155,147,8
11494,143,140,3
11495,183,179,4
11496,115,112,3
11497,39,37,2
11498,255,249,6
11499,170,166,4
11500,132,130,2
11501,378,371,7
11502,343,341,2
11503,180,161,19
11504,138,137,1
11505,242,233,9
11506,170,160,10
11507,412,401,11
11508,195,192,3
11509,176,173,3
11510,193,189,4
11511,108,108,0
11512,111,107,4
11513,163,163,0
11514,195,191,4
11515,233,231,2
11516,144,142,2
11517,256,256,0
11518,123,123,0
11519,135,132,3
11520,116,116,0
11521,417,395,22
11522,135,135,0
11523,357,352,5
11524,121,119,2
11525,220,209,11
11526,109,108,1
11527,38,38,0
11528,75,75,0
11529,146,142,4
11530,213,212,1
11531,180,179,1
11532,314,300,14
11533,534,533,1
11534,127,123,4
11535,296,293,3
11536,200,198,2
11537,158,157,1
11538,174,167,7
11539,279,277,2
11540,131,129,2
11541,122,121,1
11542,145,143,2
11543,408,401,7
11544,143,143,0
11545,309,302,7
11546,134,132,2
11547,305,303,2
11548,112,111,1
11549,261,251,10
11550,363,358,5
11551,324,321,3
11552,449,440,9
11553,110,109,1
11554,201,183,18
11555,54,54,0
11556,110,107,3
11557,209,204,5
11558,181,181,0
11559,152,152,0
11560,168,163,5
11561,167,165,2
11562,130,129,1
11563,353,348,5
11564,469,455,14
11565,165,150,15
11566,60,58,2
11567,490,485,5
11568,170,165,5
11569,314,308,6
11570,418,416,2
11571,222,216,6
11572,242,241,1
11573,115,114,1
11574,158,156,2
11575,163,158,5
11576,960,879,81
11577,752,744,8
11578,366,364,2
11579,323,321,2
11580,167,167,0
11581,182,180,2
11582,1006,989,17
11583,260,259,1
11584,112,111,1
11585,72,72,0
11586,123,122,1
11587,198,197,1
11588,1008,986,22
11589,197,194,3
11590,356,350,6
11591,344,340,4
11592,551,539,12
11593,173,169,4
11594,279,263,16
11595,411,408,3
11596,216,214,2
11597,466,458,8
11598,247,241,6
11599,185,178,7
11600,449,436,13
11601,358,351,7
11602,129,127,2
11603,132,128,4
11604,351,345,6
11605,146,145,1
11606,184,178,6
11607,121,120,1
11608,268,266,2
11609,198,196,2
11610,138,138,0
11611,163,162,1
11612,159,153,6
11613,174,167,7
11614,206,200,6
11615,427,405,22
11616,337,333,4
11617,199,199,0
11618,326,311,15
11619,119,117,2
11620,237,229,8
11621,78,74,4
11622,164,164,0
11623,114,113,1
11624,142,138,4
11625,151,148,3
11626,757,746,11
11627,403,395,8
11628,62,62,0
11629,263,254,9
11630,141,140,1
11631,118,115,3
11632,773,748,25
11633,147,144,3
11634,268,266,2
11635,699,674,25
11636,307,301,6
11637,152,151,1
11638,113,112,1
11639,626,617,9
11640,306,300,6
11641,690,674,16
11642,477,456,21
11643,292,291,1
11644,346,340,6
11645,212,205,7
11646,313,302,11
11647,176,170,6
11648,150,141,9
11649,371,360,11
11650,176,164,12
11651,128,126,2
11652,139,139,0
11653,185,184,1
11654,152,150,2
11655,129,124,5
11656,138,136,2
11657,277,273,4
11658,189,188,1
11659,155,153,2
11660,245,244,1
11661,249,244,5
11662,205,204,1
11663,306,306,0
11664,205,203,2
11665,124,121,3
11666,196,195,1
11667,122,120,2
11668,43,41,2
11669,142,136,6
11670,156,146,10
11671,158,154,4
11672,58,58,0
11673,148,147,1
11674,436,434,2
11675,127,127,0
11676,425,422,3
11677,259,249,10
11678,1005,992,13
11679,165,163,2
11680,175,175,0
11681,636,624,12
11682,362,356,6
11683,320,308,12
11684,150,148,2
11685,418,417,1
11686,294,292,2
11687,100,99,1
11688,185,184,1
11689,264,262,2
11690,133,131,2
11691,176,175,1
11692,302,299,3
11693,849,827,22
11694,168,166,2
11695,222,216,6
11696,135,131,4
11697,207,203,4
11698,151,149,2
11699,145,142,3
11700,261,259,2
11701,134,133,1
11702,468,456,12
11703,329,320,9
11704,141,135,6
11705,667,660,7
11706,228,224,4
11707,407,400,7
11708,352,348,4
11709,255,252,3
11710,562,555,7
11711,127,126,1
11712,128,126,2
11713,115,115,0
11714,293,289,4
11715,242,239,3
11716,182,181,1
11717,48,48,0
11718,64,62,2
11719,335,312,23
11720,240,235,5
11721,101,99,2
11722,212,203,9
11723,249,245,4
11724,120,119,1
11725,135,133,2
11726,135,133,2
11727,102,95,7
11728,110,110,0
11729,153,151,2
11730,130,129,1
11731,130,128,2
11732,184,183,1
11733,127,127,0
11734,142,141,1
11735,154,153,1
11736,166,164,2
11737,113,113,0
11738,131,124,7
11739,333,323,10
11740,159,156,3
11741,113,111,2
11742,189,187,2
11743,227,222,5
11744,196,194,2
11745,104,103,1
11746,143,142,1
11747,151,150,1
11748,222,213,9
11749,156,150,6
11750,426,418,8
11751,167,164,3
11752,197,196,1
11753,166,165,1
11754,258,256,2
11755,171,170,1
11756,120,119,1
11757,34,34,0
11758,303,302,1
11759,172,169,3
11760,394,373,21
11761,165,158,7
11762,135,133,2
11763,196,189,7
11764,148,139,9
11765,301,300,1
11766,151,143,8
11767,130,125,5
11768,226,217,9
11769,387,374,13
11770,505,494,11
11771,506,488,18
11772,156,150,6
11773,649,626,23
11774,763,744,19
11775,580,570,10
11776,441,430,11
11777,179,165,14
11778,526,514,12
11779,116,108,8
11780,166,155,11
11781,529,511,18
11782,563,546,17
11783,875,864,11
11784,207,199,8
11785,509,490,19
11786,168,165,3
11787,50,50,0
11788,661,650,11
11789,134,128,6
11790,334,319,15
11791,164,162,2
11792,1006,986,20
11793,190,185,5
11794,498,483,15
11795,276,269,7
11796,165,161,4
11797,90,88,2
11798,595,587,8
11799,331,325,6
11800,138,137,1
11801,92,92,0
11802,153,153,0
11803,598,589,9
11804,85,85,0
11805,28,28,0
11806,124,124,0
11807,85,82,3
11808,173,173,0
11809,248,248,0
11810,398,397,1
11811,124,122,2
11812,444,436,8
11813,418,411,7
11814,431,426,5
11815,332,327,5
11816,420,417,3
11817,222,222,0
11818,212,203,9
11819,196,193,3
11820,204,200,4
11821,95,94,1
11822,187,185,2
11823,236,235,1
11824,151,151,0
11825,506,504,2
11826,106,104,2
11827,252,249,3
11828,313,309,4
11829,249,249,0
11830,128,128,0
11831,359,354,5
11832,140,140,0
11833,300,295,5
11834,202,201,1
11835,165,160,5
11836,145,141,4
11837,296,292,4
11838,115,115,0
11839,246,244,2
11840,501,490,11
11841,446,434,12
11842,108,105,3
11843,207,207,0
11844,167,167,0
11845,150,147,3
11846,76,76,0
11847,391,388,3
11848,235,233,2
11849,668,644,24
11850,564,559,5
11851,297,280,17
11852,135,133,2
11853,144,142,2
11854,178,178,0
11855,338,336,2
11856,456,448,8
11857,68,68,0
11858,153,149,4
11859,244,239,5
11860,128,126,2
11861,113,111,2
11862,871,854,17
11863,191,188,3
11864,154,154,0
11865,77,76,1
11866,160,155,5
11867,149,148,1
11868,208,200,8
11869,152,149,3
11870,174,174,0
11871,417,412,5
11872,700,694,6
11873,677,668,9
11874,417,414,3
11875,256,251,5
11876,52,52,0
11877,155,155,0
11878,125,124,1
11879,519,509,10
11880,176,175,1
11881,906,899,7
11882,210,208,2
11883,128,127,1
11884,281,277,4
11885,172,169,3
11886,299,297,2
11887,848,833,15
11888,246,240,6
11889,149,148,1
11890,373,371,2
11891,219,215,4
11892,392,388,4
11893,690,677,13
11894,273,270,3
11895,560,551,9
11896,278,275,3
11897,185,181,4
11898,573,567,6
11899,207,205,2
11900,209,205,4
11901,123,120,3
11902,423,412,11
11903,302,291,11
11904,157,154,3
11905,344,337,7
11906,149,145,4
11907,204,202,2
11908,391,385,6
11909,375,368,7
11910,148,145,3
11911,236,228,8
11912,843,831,12
11913,167,167,0
11914,208,202,6
11915,282,276,6
11916,183,178,5
11917,143,140,3
11918,225,224,1
11919,132,131,1
11920,160,159,1
11921,38,35,3
11922,70,70,0
11923,153,145,8
11924,117,117,0
11925,59,57,2
11926,70,70,0
11927,94,94,0
11928,43,42,1
11929,169,163,6
11930,140,139,1
11931,137,135,2
11932,204,203,1
11933,144,142,2
11934,158,152,6
11935,118,112,6
11936,306,293,13
11937,379,370,9
11938,484,477,7
11939,203,198,5
11940,206,201,5
11941,95,95,0
11942,86,82,4
11943,135,135,0
11944,121,121,0
11945,167,166,1
11946,54,53,1
11947,65,64,1
11948,188,178,10
11949,50,46,4
11950,204,197,7
11951,420,408,12
11952,200,192,8
11953,171,168,3
11954,96,93,3
11955,219,210,9
11956,149,147,2
11957,167,167,0
11958,126,125,1
11959,92,92,0
11960,258,256,2
11961,174,172,2
11962,54,54,0
11963,117,116,1
11964,380,377,3
11965,187,184,3
11966,212,212,0
11967,203,203,0
11968,292,287,5
11969,242,239,3
11970,652,645,7
11971,377,374,3
11972,469,465,4
11973,135,135,0
11974,521,518,3
11975,318,312,6
11976,284,280,4
11977,161,161,0
11978,552,545,7
11979,274,274,0
11980,495,486,9
11981,384,378,6
11982,345,342,3
11983,224,223,1
11984,289,284,5
11985,411,403,8
11986,123,121,2
11987,187,184,3
11988,289,278,11
11989,244,236,8
11990,202,200,2
11991,237,231,6
11992,108,101,7
11993,274,266,8
11994,415,404,11
11995,136,128,8
11996,146,138,8
11997,159,157,2
11998,544,534,10
11999,109,105,4
12000,121,121,0
12001,44,43,1
12002,34,33,1
12003,186,184,2
12004,148,142,6
12005,167,165,2
12006,153,139,14
12007,155,155,0
12008,651,629,22
12009,56,56,0
12010,416,395,21
12011,201,183,18
12012,538,535,3
12013,119,117,2
12014,155,153,2
12015,338,335,3
12016,212,207,5
12017,369,368,1
12018,343,333,10
12019,389,389,0
12020,176,173,3
12021,805,802,3
12022,623,607,16
12023,528,521,7
12024,403,398,5
12025,126,126,0
12026,546,539,7
12027,112,111,1
12028,846,827,19
12029,80,80,0
12030,463,458,5
12031,47,47,0
12032,481,476,5
12033,111,105,6
12034,177,176,1
12035,354,351,3
12036,126,124,2
12037,150,150,0
12038,126,126,0
12039,153,144,9
12040,152,151,1
12041,247,241,6
12042,76,76,0
12043,363,363,0
12044,119,115,4
12045,270,261,9
12046,128,128,0
12047,136,132,4
12048,283,282,1
12049,121,121,0
12050,159,158,1
12051,193,193,0
12052,116,116,0
12053,292,289,3
12054,129,129,0
12055,198,198,0
12056,223,219,4
12057,244,243,1
12058,138,133,5
12059,116,115,1
12060,213,207,6
12061,169,164,5
12062,291,280,11
12063,57,53,4
12064,148,147,1
12065,152,147,5
12066,109,105,4
12067,327,317,10
12068,105,105,0
12069,180,179,1
12070,53,53,0
12071,105,104,1
12072,286,283,3
12073,381,374,7
12074,148,145,3
12075,129,128,1
12076,445,433,12
12077,136,136,0
12078,411,406,5
12079,121,119,2
12080,310,304,6
12081,126,125,1
12082,111,109,2
12083,169,165,4
12084,69,68,1
12085,236,236,0
12086,459,453,6
12087,278,270,8
12088,138,138,0
12089,98,98,0
12090,168,167,1
12091,197,191,6
12092,491,478,13
12093,69,69,0
12094,320,317,3
12095,113,112,1
12096,147,145,2
12097,69,64,5
12098,283,269,14
12099,73,72,1
12100,63,63,0
12101,113,113,0
12102,118,116,2
12103,162,161,1
12104,139,139,0
12105,137,136,1
12106,95,95,0
12107,81,80,1
12108,109,108,1
12109,331,320,11
12110,385,362,23
12111,193,191,2
12112,681,678,3
12113,573,557,16
12114,168,165,3
12115,460,457,3
12116,44,42,2
12117,632,602,30
12118,573,568,5
12119,125,124,1
12120,342,323,19
12121,233,232,1
12122,260,258,2
12123,83,83,0
12124,35,35,0
12125,115,115,0
12126,130,129,1
12127,110,108,2
12128,52,50,2
12129,81,78,3
12130,87,84,3
12131,224,217,7
12132,170,169,1
12133,154,141,13
12134,136,131,5
12135,232,223,9
12136,402,393,9
12137,344,336,8
12138,156,148,8
12139,129,126,3
12140,156,149,7
12141,57,57,0
12142,883,841,42
12143,42,39,3
12144,86,82,4
12145,175,170,5
12146,89,87,2
12147,104,101,3
12148,48,48,0
12149,193,188,5
12150,186,180,6
12151,896,855,41
12152,58,56,2
12153,917,886,31
12154,238,227,11
12155,51,47,4
12156,69,68,1
12157,127,122,5
12158,88,85,3
12159,132,126,6
12160,88,87,1
12161,87,86,1
12162,356,351,5
12163,123,115,8
12164,319,301,18
12165,181,180,1
12166,285,277,8
12167,669,664,5
12168,171,166,5
12169,169,166,3
12170,400,385,15
12171,832,819,13
12172,379,370,9
12173,140,139,1
12174,194,189,5
12175,128,125,3
12176,344,340,4
12177,120,118,2
12178,218,216,2
12179,123,122,1
12180,277,275,2
12181,614,601,13
12182,129,128,1
12183,154,152,2
12184,268,267,1
12185,259,258,1
12186,156,154,2
12187,429,421,8
12188,110,108,2
12189,128,127,1
12190,677,667,10
12191,403,402,1
12192,171,171,0
12193,291,280,11
12194,174,171,3
12195,113,113,0
12196,113,112,1
12197,313,308,5
12198,188,180,8
12199,374,361,13
12200,463,454,9
12201,240,236,4
12202,130,127,3
12203,273,271,2
12204,264,261,3
12205,175,173,2
12206,117,114,3
12207,135,134,1
12208,158,157,1
12209,188,180,8
12210,469,461,8
12211,165,163,2
12212,212,209,3
12213,600,578,22
12214,233,223,10
12215,138,135,3
12216,283,276,7
12217,221,211,10
12218,104,103,1
12219,127,126,1
12220,407,399,8
12221,76,76,0
12222,631,613,18
12223,189,187,2
12224,190,185,5
12225,72,68,4
12226,118,114,4
12227,49,49,0
12228,84,82,2
12229,153,151,2
12230,130,128,2
12231,845,810,35
12232,128,123,5
12233,108,106,2
12234,362,357,5
12235,143,140,3
12236,99,99,0
12237,171,167,4
12238,676,663,13
12239,563,540,23
12240,144,142,2
12241,109,109,0
12242,174,166,8
12243,127,125,2
12244,182,177,5
12245,194,190,4
12246,257,253,4
12247,100,99,1
12248,163,160,3
12249,573,562,11
12250,92,91,1
12251,370,368,2
12252,258,258,0
12253,803,785,18
12254,110,103,7
12255,637,628,9
12256,360,353,7
12257,312,308,4
12258,503,498,5
12259,234,234,0
12260,112,112,0
12261,180,178,2
12262,134,132,2
12263,126,123,3
12264,418,400,18
12265,371,359,12
12266,122,122,0
12267,138,137,1
12268,117,115,2
12269,179,175,4
12270,247,246,1
12271,381,370,11
12272,346,337,9
12273,521,505,16
12274,70,68,2
12275,139,137,2
12276,94,94,0
12277,563,543,20
12278,336,331,5
12279,560,553,7
12280,168,155,13
12281,272,263,9
12282,341,336,5
12283,261,259,2
12284,97,97,0
12285,692,679,13
12286,416,412,4
12287,382,376,6
12288,131,131,0
12289,410,404,6
12290,320,313,7
12291,123,112,11
12292,167,162,5
12293,74,74,0
12294,82,82,0
12295,136,135,1
12296,435,425,10
12297,143,136,7
12298,55,54,1
12299,191,190,1
12300,279,276,3
12301,186,185,1
12302,174,173,1
12303,108,106,2
12304,128,118,10
12305,367,361,6
12306,36,33,3
12307,98,98,0
12308,207,207,0
12309,122,118,4
12310,320,310,10
12311,167,151,16
12312,168,165,3
12313,313,310,3
12314,82,82,0
12315,213,209,4
12316,143,136,7
12317,491,476,15
12318,124,120,4
12319,113,112,1
12320,66,65,1
12321,304,301,3
12322,301,298,3
12323,431,420,11
12324,198,198,0
12325,91,91,0
12326,113,113,0
12327,198,194,4
12328,83,83,0
12329,88,85,3
12330,84,83,1
12331,196,193,3
12332,172,172,0
12333,91,91,0
12334,277,273,4
12335,56,55,1
12336,56,56,0
12337,123,121,2
12338,105,102,3
12339,67,67,0
12340,207,204,3
12341,152,152,0
12342,174,170,4
12343,119,118,1
12344,611,606,5
12345,258,257,1
12346,210,207,3
12347,256,255,1
12348,90,89,1
12349,123,121,2
12350,298,297,1
12351,231,228,3
12352,202,198,4
12353,137,136,1
12354,249,248,1
12355,139,135,4
12356,85,85,0
12357,239,230,9
12358,115,111,4
12359,206,206,0
12360,64,63,1
12361,191,187,4
12362,84,83,1
12363,467,457,10
12364,40,39,1
12365,204,202,2
12366,355,350,5
12367,323,313,10
12368,146,146,0
12369,305,293,12
12370,86,74,12
12371,124,123,1
12372,190,181,9
12373,183,181,2
12374,310,302,8
12375,77,77,0
12376,214,213,1
12377,434,424,10
12378,173,171,2
12379,213,205,8
12380,194,191,3
12381,294,264,30
12382,229,227,2
12383,193,190,3
12384,164,163,1
12385,537,533,4
12386,119,119,0
12387,117,117,0
12388,318,313,5
12389,570,554,16
12390,863,846,17
12391,340,332,8
12392,388,384,4
12393,292,289,3
12394,116,114,2
12395,336,327,9
12396,425,419,6
12397,231,226,5
12398,122,119,3
12399,46,46,0
12400,49,48,1
12401,128,128,0
12402,129,129,0
12403,235,223,12
12404,126,123,3
12405,359,347,12
12406,141,139,2
12407,487,480,7
12408,106,104,2
12409,324,320,4
12410,710,687,23
12411,154,151,3
12412,138,137,1
12413,1016,1008,8
12414,343,343,0
12415,146,143,3
12416,214,208,6
12417,251,240,11
12418,514,504,10
12419,218,213,5
12420,87,87,0
12421,161,159,2
12422,159,158,1
12423,307,304,3
12424,147,146,1
12425,462,450,12
12426,365,353,12
12427,127,127,0
12428,211,211,0
12429,295,293,2
12430,139,139,0
12431,158,156,2
12432,126,124,2
12433,172,170,2
12434,110,109,1
12435,165,165,0
12436,186,184,2
12437,132,132,0
12438,80,79,1
12439,66,65,1
12440,155,155,0
12441,134,131,3
12442,136,134,2
12443,55,53,2
12444,140,139,1
12445,194,189,5
12446,42,40,2
12447,86,86,0
12448,149,147,2
12449,751,737,14
12450,247,246,1
12451,245,243,2
12452,123,123,0
12453,76,72,4
12454,229,227,2
12455,226,223,3
12456,194,190,4
12457,159,157,2
12458,325,318,7
12459,193,190,3
12460,186,184,2
12461,221,217,4
12462,161,161,0
12463,208,207,1
12464,76,72,4
12465,52,51,1
12466,61,59,2
12467,198,195,3
12468,128,127,1
12469,146,143,3
12470,61,61,0
12471,132,130,2
12472,586,575,11
12473,184,182,2
12474,149,148,1
12475,127,125,2
12476,189,189,0
12477,625,609,16
12478,189,186,3
12479,161,161,0
12480,390,385,5
12481,120,117,3
12482,116,115,1
12483,150,148,2
12484,158,157,1
12485,349,344,5
12486,131,129,2
12487,305,297,8
12488,167,167,0
12489,119,117,2
12490,85,82,3
12491,153,151,2
12492,95,95,0
12493,149,149,0
12494,180,177,3
12495,117,117,0
12496,52,52,0
12497,425,417,8
12498,187,185,2
12499,171,167,4
12500,114,111,3
12501,778,769,9
12502,142,141,1
12503,153,151,2
12504,401,395,6
12505,104,100,4
12506,327,320,7
12507,159,155,4
12508,68,67,1
12509,288,288,0
12510,343,337,6
12511,146,146,0
12512,101,99,2
12513,138,136,2
12514,174,174,0
12515,134,132,2
12516,67,67,0
12517,87,84,3
12518,132,128,4
12519,181,177,4
12520,20,18,2
12521,471,446,25
12522,187,186,1
12523,174,166,8
12524,115,108,7
12525,848,810,38
12526,227,216,11
12527,192,179,13
12528,494,471,23
12529,234,223,11
12530,127,118,9
12531,321,300,21
12532,301,284,17
12533,156,154,2
12534,507,487,20
12535,342,335,7
12536,234,228,6
12537,157,151,6
12538,248,229,19
12539,110,109,1
12540,188,176,12
12541,112,107,5
12542,117,111,6
12543,225,218,7
12544,345,341,4
12545,251,241,10
12546,729,689,40
12547,214,210,4
12548,387,369,18
12549,116,112,4
12550,132,125,7
12551,157,154,3
12552,162,160,2
12553,689,678,11
12554,179,176,3
12555,245,239,6
12556,174,169,5
12557,195,195,0
12558,197,190,7
12559,171,168,3
12560,162,159,3
12561,355,349,6
12562,194,190,4
12563,978,974,4
12564,135,135,0
12565,174,168,6
12566,161,161,0
12567,115,115,0
12568,141,139,2
12569,208,203,5
12570,138,135,3
12571,143,142,1
12572,52,52,0
12573,136,130,6
12574,1037,996,41
12575,160,156,4
12576,335,326,9
12577,458,455,3
12578,141,139,2
12579,317,308,9
12580,244,243,1
12581,363,355,8
12582,54,54,0
12583,191,187,4
12584,298,290,8
12585,414,412,2
12586,134,129,5
12587,533,508,25
12588,216,216,0
12589,136,135,1
12590,129,125,4
12591,171,163,8
12592,97,95,2
12593,221,219,2
12594,105,103,2
12595,56,55,1
12596,87,85,2
12597,177,176,1
12598,693,667,26
12599,129,129,0
12600,149,146,3
12601,129,128,1
12602,322,315,7
12603,201,201,0
12604,200,199,1
12605,191,189,2
12606,127,124,3
12607,213,210,3
12608,114,110,4
12609,152,147,5
12610,327,323,4
12611,115,113,2
12612,94,93,1
12613,201,200,1
12614,228,227,1
12615,277,272,5
12616,305,300,5
12617,426,417,9
12618,250,247,3
12619,185,184,1
12620,693,667,26
12621,165,161,4
12622,204,203,1
12623,227,225,2
12624,177,177,0
12625,250,243,7
12626,150,147,3
12627,141,140,1
12628,128,128,0
12629,103,103,0
12630,192,191,1
12631,62,58,4
12632,135,135,0
12633,209,205,4
12634,145,143,2
12635,124,120,4
12636,205,204,1
12637,578,563,15
12638,140,140,0
12639,599,591,8
12640,575,562,13
12641,157,155,2
12642,349,345,4
12643,183,179,4
12644,132,131,1
12645,306,305,1
12646,157,157,0
12647,313,308,5
12648,131,128,3
12649,229,227,2
12650,164,163,1
12651,215,211,4
12652,170,169,1
12653,186,185,1
12654,211,204,7
12655,210,206,4
12656,100,98,2
12657,413,404,9
12658,577,568,9
12659,170,164,6
12660,194,190,4
12661,121,118,3
12662,189,185,4
12663,110,108,2
12664,669,655,14
12665,293,290,3
12666,105,104,1
12667,146,143,3
12668,598,580,18
12669,80,79,1
12670,203,202,1
12671,124,122,2
12672,330,326,4
12673,138,135,3
12674,185,183,2
12675,176,176,0
12676,737,722,15
12677,98,98,0
12678,189,188,1
12679,152,144,8
12680,301,296,5
12681,177,175,2
12682,134,133,1
12683,368,362,6
12684,295,288,7
12685,73,71,2
12686,67,65,2
12687,237,233,4
12688,174,172,2
12689,343,330,13
12690,188,184,4
12691,174,171,3
12692,224,215,9
12693,105,105,0
12694,351,346,5
12695,610,600,10
12696,47,47,0
12697,103,101,2
12698,122,121,1
12699,180,178,2
12700,122,121,1
12701,199,194,5
12702,141,140,1
12703,146,142,4
12704,141,140,1
12705,121,119,2
12706,201,199,2
12707,108,104,4
12708,305,298,7
12709,132,130,2
12710,233,227,6
12711,104,100,4
12712,68,66,2
12713,114,104,10
12714,244,236,8
12715,203,201,2
12716,135,135,0
12717,104,98,6
12718,391,387,4
12719,48,47,1
12720,50,49,1
12721,256,255,1
12722,228,227,1
12723,54,54,0
12724,101,101,0
12725,346,341,5
12726,274,270,4
12727,157,157,0
12728,195,190,5
12729,221,217,4
12730,184,181,3
12731,254,251,3
12732,300,296,4
12733,483,472,11
12734,177,172,5
12735,156,156,0
12736,454,448,6
12737,215,215,0
12738,181,176,5
12739,211,206,5
12740,495,492,3
12741,62,59,3
12742,311,303,8
12743,407,397,10
12744,239,237,2
12745,169,159,10
12746,1001,968,33
12747,177,174,3
12748,161,158,3
12749,179,176,3
12750,396,385,11
12751,171,168,3
12752,394,388,6
12753,187,183,4
12754,118,118,0
12755,185,182,3
12756,117,114,3
12757,143,142,1
12758,126,126,0
12759,182,173,9
12760,140,137,3
12761,122,119,3
12762,319,315,4
12763,692,685,7
12764,125,125,0
12765,109,107,2
12766,460,459,1
12767,440,435,5
12768,148,145,3
12769,328,322,6
12770,140,140,0
12771,173,169,4
12772,138,131,7
12773,268,268,0
12774,76,76,0
12775,215,210,5
12776,192,190,2
12777,230,225,5
12778,72,72,0
12779,130,130,0
12780,165,161,4
12781,59,59,0
12782,535,528,7
12783,353,347,6
12784,149,144,5
12785,232,232,0
12786,170,165,5
12787,131,131,0
12788,157,156,1
12789,72,69,3
12790,276,272,4
12791,282,279,3
12792,91,87,4
12793,170,165,5
12794,132,126,6
12795,187,184,3
12796,44,44,0
12797,126,122,4
12798,123,122,1
12799,209,207,2
12800,217,214,3
12801,182,181,1
12802,226,226,0
12803,307,305,2
12804,200,197,3
12805,132,129,3
12806,172,171,1
12807,133,131,2
12808,276,275,1
12809,115,112,3
12810,243,242,1
12811,132,130,2
12812,134,131,3
12813,139,139,0
12814,552,538,14
12815,239,234,5
12816,520,516,4
12817,185,183,2
12818,500,499,1
12819,108,107,1
12820,145,144,1
12821,622,612,10
12822,105,104,1
12823,193,188,5
12824,239,232,7
12825,177,171,6
12826,140,139,1
12827,116,114,2
12828,191,189,2
12829,960,936,24
12830,164,157,7
12831,147,143,4
12832,240,239,1
12833,177,176,1
12834,115,110,5
12835,223,220,3
12836,209,195,14
12837,259,251,8
12838,185,181,4
12839,191,188,3
12840,453,446,7
12841,328,324,4
12842,146,145,1
12843,242,238,4
12844,54,53,1
12845,189,186,3
12846,153,151,2
12847,298,289,9
12848,161,157,4
12849,209,207,2
12850,164,162,2
12851,292,287,5
12852,115,114,1
12853,268,266,2
12854,228,223,5
12855,212,205,7
12856,230,229,1
12857,202,202,0
12858,196,188,8
12859,212,211,1
12860,126,124,2
12861,141,139,2
12862,553,546,7
12863,496,488,8
12864,128,128,0
12865,124,118,6
12866,167,161,6
12867,186,183,3
12868,188,184,4
12869,128,124,4
12870,149,147,2
12871,101,98,3
12872,99,96,3
12873,45,44,1
12874,162,160,2
12875,234,228,6
12876,138,133,5
12877,180,172,8
12878,155,154,1
12879,204,201,3
12880,96,91,5
12881,138,137,1
12882,213,212,1
12883,196,191,5
12884,490,479,11
12885,420,416,4
12886,178,177,1
12887,165,163,2
12888,134,129,5
12889,1006,985,21
12890,136,135,1
12891,370,359,11
12892,218,214,4
12893,206,204,2
12894,312,310,2
12895,406,395,11
12896,135,135,0
12897,191,188,3
12898,172,171,1
12899,118,118,0
12900,149,149,0
12901,208,207,1
12902,123,123,0
12903,125,124,1
12904,124,120,4
12905,195,194,1
12906,144,143,1
12907,118,117,1
12908,248,248,0
12909,194,194,0
12910,94,91,3
12911,172,171,1
12912,370,362,8
12913,104,101,3
12914,113,110,3
12915,182,177,5
12916,54,53,1
12917,131,130,1
12918,43,43,0
12919,396,396,0
12920,257,252,5
12921,189,188,1
12922,490,485,5
12923,267,265,2
12924,650,621,29
12925,152,150,2
12926,162,162,0
12927,586,575,11
12928,240,237,3
12929,31,29,2
12930,308,306,2
12931,406,394,12
12932,121,119,2
12933,405,396,9
12934,581,577,4
12935,434,423,11
12936,570,555,15
12937,116,112,4
12938,399,386,13
12939,296,291,5
12940,122,122,0
12941,56,56,0
12942,132,127,5
12943,130,129,1
12944,103,101,2
12945,175,171,4
12946,399,393,6
12947,189,189,0
12948,47,47,0
12949,117,113,4
12950,214,209,5
12951,358,352,6
12952,158,155,3
12953,172,168,4
12954,168,166,2
12955,112,110,2
12956,255,255,0
12957,219,215,4
12958,47,43,4
12959,144,143,1
12960,220,213,7
12961,331,327,4
12962,106,105,1
12963,323,316,7
12964,109,109,0
12965,169,166,3
12966,166,164,2
12967,445,435,10
12968,213,210,3
12969,142,141,1
12970,136,135,1
12971,126,122,4
12972,175,171,4
12973,53,53,0
12974,133,131,2
12975,135,135,0
12976,140,136,4
12977,175,171,4
12978,467,455,12
12979,285,280,5
12980,137,132,5
12981,120,119,1
12982,388,381,7
12983,156,154,2
12984,541,529,12
12985,164,158,6
12986,115,114,1
12987,122,118,4
12988,135,131,4
12989,288,281,7
12990,165,165,0
12991,124,124,0
12992,151,147,4
12993,197,194,3
12994,151,150,1
12995,100,96,4
12996,171,170,1
12997,1001,981,20
12998,794,784,10
12999,428,424,4
13000,133,133,0
13001,278,275,3
13002,240,236,4
13003,150,145,5
13004,435,428,7
13005,196,188,8
13006,138,137,1
13007,228,228,0
13008,265,257,8
13009,113,109,4
13010,169,164,5
13011,44,44,0
13012,133,132,1
13013,74,73,1
13014,216,213,3
13015,214,212,2
13016,362,360,2
13017,536,522,14
13018,171,170,1
13019,103,101,2
13020,160,158,2
13021,53,48,5
13022,138,133,5
13023,422,412,10
13024,109,107,2
13025,151,148,3
13026,63,61,2
13027,104,103,1
13028,146,144,2
13029,40,40,0
13030,111,111,0
13031,416,409,7
13032,312,311,1
13033,194,189,5
13034,96,92,4
13035,245,238,7
13036,132,129,3
13037,128,125,3
13038,152,147,5
13039,291,289,2
13040,145,141,4
13041,199,189,10
13042,231,227,4
13043,1327,1295,32
13044,270,266,4
13045,57,56,1
13046,44,44,0
13047,133,132,1
13048,143,141,2
13049,117,114,3
13050,209,195,14
13051,344,338,6
13052,173,171,2
13053,234,233,1
13054,119,119,0
13055,332,324,8
13056,640,632,8
13057,623,605,18
13058,295,292,3
13059,124,123,1
13060,166,166,0
13061,176,173,3
13062,957,942,15
13063,275,267,8
13064,151,145,6
13065,187,178,9
13066,347,341,6
13067,296,289,7
13068,322,319,3
13069,125,122,3
13070,132,132,0
13071,191,187,4
13072,154,150,4
13073,609,600,9
13074,833,813,20
13075,119,115,4
13076,153,153,0
13077,247,241,6
13078,122,119,3
13079,134,134,0
13080,423,417,6
13081,163,161,2
13082,298,292,6
13083,50,46,4
13084,84,83,1
13085,223,223,0
13086,231,222,9
13087,248,245,3
13088,354,349,5
13089,193,182,11
13090,402,392,10
13091,377,369,8
13092,333,326,7
13093,56,56,0
13094,111,110,1
13095,269,257,12
13096,124,119,5
13097,190,185,5
13098,474,462,12
13099,79,78,1
13100,194,194,0
13101,631,605,26
13102,295,291,4
13103,206,203,3
13104,366,362,4
13105,42,37,5
13106,77,75,2
13107,88,88,0
13108,550,537,13
13109,177,172,5
13110,119,115,4
13111,299,295,4
13112,182,176,6
13113,126,125,1
13114,131,123,8
13115,125,120,5
13116,302,301,1
13117,298,296,2
13118,110,108,2
13119,199,192,7
13120,373,355,18
13121,220,215,5
13122,240,234,6
13123,198,198,0
13124,120,117,3
13125,200,196,4
13126,162,154,8
13127,144,140,4
13128,96,96,0
13129,155,155,0
13130,339,334,5
13131,138,137,1
13132,191,189,2
13133,55,53,2
13134,137,136,1
13135,287,286,1
13136,372,368,4
13137,191,187,4
13138,517,500,17
13139,166,165,1
13140,142,141,1
13141,361,353,8
13142,741,711,30
13143,84,83,1
13144,200,198,2
13145,136,135,1
13146,136,135,1
13147,159,155,4
13148,255,255,0
13149,76,75,1
13150,127,125,2
13151,344,337,7
13152,50,50,0
13153,181,180,1
13154,252,245,7
13155,53,53,0
13156,429,423,6
13157,470,464,6
13158,461,458,3
13159,45,45,0
13160,56,54,2
13161,114,114,0
13162,143,140,3
13163,89,86,3
13164,305,298,7
13165,247,240,7
13166,168,162,6
13167,125,124,1
13168,236,227,9
13169,129,124,5
13170,198,196,2
13171,153,150,3
13172,128,124,4
13173,365,352,13
13174,365,359,6
13175,138,136,2
13176,501,488,13
13177,238,237,1
13178,808,792,16
13179,200,198,2
13180,251,248,3
13181,92,90,2
13182,83,82,1
13183,119,116,3
13184,150,150,0
13185,125,122,3
13186,351,340,11
13187,127,123,4
13188,405,395,10
13189,134,132,2
13190,103,102,1
13191,131,127,4
13192,137,136,1
13193,311,308,3
13194,163,162,1
13195,125,124,1
13196,249,248,1
13197,349,347,2
13198,115,112,3
13199,127,123,4
13200,439,436,3
13201,341,337,4
13202,167,163,4
13203,136,135,1
13204,295,284,11
13205,153,152,1
13206,237,233,4
13207,120,119,1
13208,93,93,0
13209,115,113,2
13210,113,113,0
13211,398,394,4
13212,51,50,1
13213,135,127,8
13214,87,84,3
13215,180,176,4
13216,133,131,2
13217,121,120,1
13218,260,253,7
13219,223,222,1
13220,481,467,14
13221,117,117,0
13222,201,197,4
13223,147,147,0
13224,288,286,2
13225,231,229,2
13226,191,184,7
13227,391,378,13
13228,172,163,9
13229,244,237,7
13230,735,697,38
13231,248,238,10
13232,128,128,0
13233,93,86,7
13234,171,166,5
13235,51,49,2
13236,127,119,8
13237,95,90,5
13238,144,143,1
13239,311,308,3
13240,252,252,0
13241,134,133,1
13242,125,122,3
13243,429,420,9
13244,122,120,2
13245,131,129,2
13246,123,122,1
13247,124,124,0
13248,120,120,0
13249,125,125,0
13250,186,185,1
13251,163,161,2
13252,150,149,1
13253,203,203,0
13254,256,251,5
13255,341,334,7
13256,159,159,0
13257,217,215,2
13258,470,456,14
13259,137,129,8
13260,118,115,3
13261,210,205,5
13262,127,125,2
13263,145,145,0
13264,172,172,0
13265,651,643,8
13266,156,153,3
13267,138,138,0
13268,377,366,11
13269,236,229,7
13270,43,41,2
13271,137,137,0
13272,446,444,2
13273,260,254,6
13274,377,359,18
13275,289,281,8
13276,118,116,2
13277,162,161,1
13278,215,212,3
13279,134,126,8
13280,352,340,12
13281,91,89,2
13282,83,80,3
13283,371,360,11
13284,154,150,4
13285,166,161,5
13286,213,201,12
13287,149,147,2
13288,170,160,10
13289,221,209,12
13290,348,335,13
13291,144,141,3
13292,121,118,3
13293,157,157,0
13294,171,171,0
13295,801,788,13
13296,267,266,1
13297,234,228,6
13298,158,152,6
13299,414,403,11
13300,157,153,4
13301,200,193,7
13302,532,508,24
13303,259,254,5
13304,138,136,2
13305,144,141,3
13306,175,170,5
13307,206,203,3
13308,120,118,2
13309,259,257,2
13310,51,51,0
13311,147,147,0
13312,209,205,4
13313,171,169,2
13314,513,506,7
13315,132,129,3
13316,337,331,6
13317,205,202,3
13318,547,529,18
13319,88,87,1
13320,124,122,2
13321,126,124,2
13322,126,124,2
13323,483,476,7
13324,177,175,2
13325,73,73,0
13326,147,147,0
13327,52,51,1
13328,363,356,7
13329,287,287,0
13330,244,241,3
13331,364,361,3
13332,88,87,1
13333,866,855,11
13334,145,145,0
13335,316,312,4
13336,134,131,3
13337,118,117,1
13338,108,106,2
13339,719,712,7
13340,237,232,5
13341,137,136,1
13342,184,180,4
13343,52,50,2
13344,411,404,7
13345,191,187,4
13346,128,126,2
13347,144,144,0
13348,135,129,6
13349,397,385,12
13350,102,100,2
13351,161,157,4
13352,280,269,11
13353,134,131,3
13354,78,77,1
13355,186,184,2
13356,282,279,3
13357,125,123,2
13358,122,121,1
13359,131,127,4
13360,60,60,0
13361,189,189,0
13362,47,46,1
13363,50,50,0
13364,292,282,10
13365,102,99,3
13366,43,43,0
13367,116,115,1
13368,112,107,5
13369,61,61,0
13370,79,78,1
13371,147,144,3
13372,136,134,2
13373,160,156,4
13374,316,310,6
13375,145,139,6
13376,178,173,5
13377,257,254,3
13378,126,123,3
13379,174,168,6
13380,177,176,1
13381,49,47,2
13382,94,88,6
13383,79,79,0
13384,129,121,8
13385,509,493,16
13386,204,199,5
13387,166,165,1
13388,174,170,4
13389,130,127,3
13390,169,166,3
13391,200,191,9
13392,158,156,2
13393,836,812,24
13394,135,126,9
13395,77,75,2
13396,191,186,5
13397,212,207,5
13398,63,63,0
13399,137,136,1
13400,66,64,2
13401,59,58,1
13402,101,96,5
13403,125,124,1
13404,123,123,0
13405,172,169,3
13406,157,153,4
13407,977,957,20
13408,212,207,5
13409,191,188,3
13410,136,134,2
13411,211,206,5
13412,116,114,2
13413,155,155,0
13414,392,378,14
13415,158,154,4
13416,246,245,1
13417,196,195,1
13418,262,258,4
13419,336,322,14
13420,305,298,7
13421,178,176,2
13422,132,132,0
13423,91,91,0
13424,134,132,2
13425,126,125,1
13426,133,132,1
13427,122,111,11
13428,305,298,7
13429,154,152,2
13430,370,366,4
13431,156,156,0
13432,132,129,3
13433,201,198,3
13434,266,259,7
13435,748,737,11
13436,130,128,2
13437,371,366,5
13438,170,169,1
13439,136,134,2
13440,143,141,2
13441,343,330,13
13442,257,257,0
13443,140,137,3
13444,260,256,4
13445,495,489,6
13446,208,203,5
13447,419,416,3
13448,479,461,18
13449,401,397,4
13450,252,247,5
13451,155,151,4
13452,74,73,1
13453,140,140,0
13454,431,429,2
13455,174,172,2
13456,208,206,2
13457,226,218,8
13458,121,114,7
13459,186,184,2
13460,92,81,11
13461,249,245,4
13462,112,112,0
13463,296,289,7
13464,85,85,0
13465,355,338,17
13466,195,191,4
13467,798,752,46
13468,178,176,2
13469,173,173,0
13470,112,108,4
13471,53,51,2
13472,95,93,2
13473,51,48,3
13474,69,66,3
13475,135,126,9
13476,77,77,0
13477,113,113,0
13478,158,156,2
13479,187,186,1
13480,96,94,2
13481,261,255,6
13482,564,556,8
13483,313,302,11
13484,115,114,1
13485,118,117,1
13486,100,98,2
13487,165,162,3
13488,68,66,2
13489,125,124,1
13490,76,73,3
13491,181,177,4
13492,183,177,6
13493,87,84,3
13494,557,541,16
13495,150,149,1
13496,131,129,2
13497,110,103,7
13498,63,62,1
13499,152,145,7
13500,272,265,7
13501,243,240,3
13502,136,135,1
13503,240,237,3
13504,76,74,2
13505,128,125,3
13506,72,72,0
13507,190,184,6
13508,213,209,4
13509,165,165,0
13510,136,134,2
13511,413,398,15
13512,73,72,1
13513,180,178,2
13514,238,238,0
13515,270,264,6
13516,114,110,4
13517,237,233,4
13518,130,127,3
13519,158,139,19
13520,265,245,20
13521,418,411,7
13522,177,176,1
13523,241,241,0
13524,161,154,7
13525,114,112,2
13526,396,393,3
13527,130,128,2
13528,169,165,4
13529,160,159,1
13530,111,110,1
13531,131,126,5
13532,345,327,18
13533,172,170,2
13534,143,141,2
13535,121,120,1
13536,128,126,2
13537,234,230,4
13538,477,471,6
13539,186,183,3
13540,176,175,1
13541,181,178,3
13542,94,94,0
13543,285,278,7
13544,255,247,8
13545,139,130,9
13546,90,85,5
13547,380,374,6
13548,289,285,4
13549,112,106,6
13550,341,336,5
13551,58,56,2
13552,136,135,1
13553,116,112,4
13554,138,135,3
13555,135,130,5
13556,176,175,1
13557,221,220,1
13558,145,144,1
13559,172,169,3
13560,278,270,8
13561,139,136,3
13562,531,518,13
13563,416,407,9
13564,203,198,5
13565,417,409,8
13566,145,144,1
13567,628,612,16
13568,10,10,0
13569,134,131,3
13570,279,278,1
13571,149,147,2
13572,458,450,8
13573,283,278,5
13574,854,829,25
13575,175,174,1
13576,170,169,1
13577,278,275,3
13578,156,149,7
13579,130,127,3
13580,121,119,2
13581,343,339,4
13582,188,183,5
13583,168,166,2
13584,406,402,4
13585,141,139,2
13586,254,246,8
13587,175,169,6
13588,119,116,3
13589,218,216,2
13590,266,266,0
13591,281,276,5
13592,130,125,5
13593,166,165,1
13594,975,951,24
13595,299,296,3
13596,525,510,15
13597,416,410,6
13598,221,219,2
13599,396,391,5
13600,156,154,2
13601,209,207,2
13602,136,133,3
13603,58,58,0
13604,188,188,0
13605,134,129,5
13606,140,140,0
13607,50,50,0
13608,137,136,1
13609,140,138,2
13610,73,72,1
13611,130,130,0
13612,71,69,2
13613,76,74,2
13614,215,210,5
13615,136,134,2
13616,157,153,4
13617,208,206,2
13618,242,231,11
13619,154,153,1
13620,135,134,1
13621,157,156,1
13622,636,618,18
13623,171,171,0
13624,182,177,5
13625,873,863,10
13626,161,159,2
13627,157,154,3
13628,274,272,2
13629,137,136,1
13630,129,121,8
13631,85,85,0
13632,149,144,5
13633,186,185,1
13634,374,361,13
13635,484,479,5
13636,264,263,1
13637,687,677,10
13638,187,183,4
13639,711,703,8
13640,169,165,4
13641,551,545,6
13642,289,279,10
13643,975,948,27
13644,208,204,4
13645,198,195,3
13646,219,219,0
13647,357,355,2
13648,133,132,1
13649,164,162,2
13650,249,237,12
13651,143,142,1
13652,124,124,0
13653,386,378,8
13654,195,194,1
13655,129,129,0
13656,256,246,10
13657,139,139,0
13658,152,147,5
13659,52,52,0
13660,123,121,2
13661,46,43,3
13662,163,160,3
13663,122,121,1
13664,26,26,0
13665,373,367,6
13666,263,262,1
13667,136,135,1
13668,242,237,5
13669,236,233,3
13670,111,109,2
13671,699,678,21
13672,270,269,1
13673,165,161,4
13674,710,704,6
13675,215,205,10
13676,143,142,1
13677,215,214,1
13678,69,67,2
13679,150,148,2
13680,141,138,3
13681,121,118,3
13682,318,315,3
13683,193,192,1
13684,121,120,1
13685,80,77,3
13686,175,172,3
13687,282,282,0
13688,141,140,1
13689,67,65,2
13690,103,102,1
13691,117,117,0
13692,186,178,8
13693,56,54,2
13694,123,118,5
13695,566,547,19
13696,151,147,4
13697,174,174,0
13698,134,132,2
13699,114,114,0
13700,133,132,1
13701,424,420,4
13702,170,166,4
13703,145,144,1
13704,67,65,2
13705,212,204,8
13706,183,177,6
13707,134,130,4
13708,151,151,0
13709,89,88,1
13710,91,86,5
13711,71,70,1
13712,119,118,1
13713,557,554,3
13714,261,255,6
13715,196,192,4
13716,46,45,1
13717,232,228,4
13718,82,82,0
13719,410,402,8
13720,616,604,12
13721,267,258,9
13722,906,883,23
13723,336,326,10
13724,471,462,9
13725,621,612,9
13726,333,331,2
13727,295,291,4
13728,151,150,1
13729,473,470,3
13730,157,157,0
13731,214,210,4
13732,177,175,2
13733,180,176,4
13734,243,235,8
13735,219,217,2
13736,204,202,2
13737,145,141,4
13738,46,43,3
13739,143,142,1
13740,152,151,1
13741,82,79,3
13742,173,169,4
13743,245,242,3
13744,170,169,1
13745,365,365,0
13746,350,348,2
13747,138,138,0
13748,484,463,21
13749,335,332,3
13750,136,134,2
13751,294,291,3
13752,174,173,1
13753,516,500,16
13754,119,118,1
13755,122,118,4
13756,950,925,25
13757,248,242,6
13758,188,177,11
13759,68,68,0
13760,106,106,0
13761,179,176,3
13762,129,126,3
13763,118,117,1
13764,525,516,9
13765,101,100,1
13766,81,77,4
13767,95,94,1
13768,135,132,3
13769,120,118,2
13770,378,367,11
13771,312,305,7
13772,88,85,3
13773,160,157,3
13774,115,114,1
13775,210,205,5
13776,551,546,5
13777,94,93,1
13778,223,222,1
13779,679,664,15
13780,129,128,1
13781,266,264,2
13782,204,200,4
13783,225,218,7
13784,228,221,7
13785,434,427,7
13786,124,119,5
13787,84,83,1
13788,95,93,2
13789,171,169,2
13790,852,833,19
13791,158,154,4
13792,140,140,0
13793,112,108,4
13794,121,119,2
13795,298,287,11
13796,190,185,5
13797,190,185,5
13798,125,119,6
13799,310,302,8
13800,74,71,3
13801,184,183,1
13802,329,326,3
13803,108,108,0
13804,125,125,0
13805,125,124,1
13806,216,214,2
13807,234,226,8
13808,116,115,1
13809,142,138,4
13810,153,152,1
13811,131,129,2
13812,166,163,3
13813,198,188,10
13814,198,194,4
13815,119,117,2
13816,147,145,2
13817,159,158,1
13818,235,233,2
13819,127,126,1
13820,146,143,3
13821,121,118,3
13822,151,149,2
13823,721,706,15
13824,122,120,2
13825,297,286,11
13826,84,83,1
13827,458,453,5
13828,100,100,0
13829,357,355,2
13830,279,275,4
13831,92,87,5
13832,398,382,16
13833,82,80,2
13834,632,608,24
13835,46,46,0
13836,663,647,16
13837,354,349,5
13838,247,243,4
13839,307,296,11
13840,333,323,10
13841,372,358,14
13842,250,249,1
13843,177,171,6
13844,333,327,6
13845,133,129,4
13846,147,147,0
13847,114,114,0
13848,365,365,0
13849,172,171,1
13850,220,220,0
13851,131,129,2
13852,167,165,2
13853,211,209,2
13854,161,160,1
13855,121,115,6
13856,133,133,0
13857,89,89,0
13858,164,161,3
13859,105,104,1
13860,390,379,11
13861,234,225,9
13862,364,350,14
13863,416,409,7
13864,129,124,5
13865,153,153,0
13866,56,56,0
13867,132,132,0
13868,152,149,3
13869,124,121,3
13870,127,124,3
13871,170,169,1
13872,459,457,2
13873,116,116,0
13874,154,150,4
13875,86,85,1
13876,156,154,2
13877,54,54,0
13878,278,275,3
13879,278,274,4
13880,186,185,1
13881,669,655,14
13882,382,379,3
13883,426,423,3
13884,421,415,6
13885,260,258,2
13886,136,136,0
13887,346,342,4
13888,182,178,4
13889,147,146,1
13890,484,471,13
13891,664,657,7
13892,147,145,2
13893,119,115,4
13894,164,163,1
13895,213,210,3
13896,192,192,0
13897,327,321,6
13898,76,71,5
13899,143,141,2
13900,353,348,5
13901,145,141,4
13902,163,162,1
13903,108,106,2
13904,228,228,0
13905,196,192,4
13906,95,95,0
13907,201,200,1
13908,74,72,2
13909,96,94,2
13910,85,83,2
13911,90,85,5
13912,44,43,1
13913,125,124,1
13914,87,81,6
13915,108,106,2
13916,147,145,2
13917,306,301,5
13918,132,131,1
13919,195,193,2
13920,129,127,2
13921,44,42,2
13922,125,125,0
13923,302,296,6
13924,415,398,17
13925,156,155,1
13926,85,84,1
13927,179,172,7
13928,328,315,13
13929,365,362,3
13930,179,179,0
13931,140,138,2
13932,163,161,2
13933,150,148,2
13934,137,130,7
13935,149,145,4
13936,628,617,11
13937,205,198,7
13938,313,311,2
13939,524,514,10
13940,235,227,8
13941,442,423,19
13942,177,174,3
13943,60,60,0
13944,208,204,4
13945,220,220,0
13946,186,180,6
13947,480,450,30
13948,72,67,5
13949,150,140,10
13950,171,167,4
13951,185,180,5
13952,64,63,1
13953,86,83,3
13954,124,117,7
13955,205,205,0
13956,401,393,8
13957,172,170,2
13958,114,107,7
13959,299,282,17
13960,242,240,2
13961,50,48,2
13962,166,166,0
13963,72,72,0
13964,50,47,3
13965,259,251,8
13966,137,133,4
13967,146,144,2
13968,158,155,3
13969,87,82,5
13970,128,128,0
13971,434,420,14
13972,153,151,2
13973,120,117,3
13974,448,426,22
13975,351,349,2
13976,119,115,4
13977,161,159,2
13978,107,106,1
13979,151,138,13
13980,212,210,2
13981,231,218,13
13982,176,175,1
13983,161,157,4
13984,817,795,22
13985,808,803,5
13986,452,437,15
13987,505,490,15
13988,277,273,4
13989,132,130,2
13990,288,286,2
13991,312,311,1
13992,122,120,2
13993,189,186,3
13994,149,144,5
13995,61,60,1
13996,606,595,11
13997,877,847,30
13998,128,125,3
13999,510,501,9
14000,139,138,1
14001,220,216,4
14002,140,138,2
14003,141,138,3
14004,132,130,2
14005,361,361,0
14006,113,112,1
14007,152,145,7
14008,172,170,2
14009,194,194,0
14010,255,251,4
14011,299,289,10
14012,144,143,1
14013,193,188,5
14014,125,124,1
14015,123,122,1
14016,128,127,1
14017,199,198,1
14018,145,145,0
14019,112,109,3
14020,229,229,0
14021,161,157,4
14022,169,167,2
14023,125,123,2
14024,600,594,6
14025,365,362,3
14026,129,128,1
14027,185,181,4
14028,414,413,1
14029,135,134,1
14030,174,170,4
14031,129,126,3
14032,136,134,2
14033,129,128,1
14034,187,178,9
14035,235,227,8
14036,226,223,3
14037,201,194,7
14038,469,463,6
14039,167,166,1
14040,220,217,3
14041,297,289,8
14042,200,197,3
14043,81,80,1
14044,156,153,3
14045,149,148,1
14046,254,247,7
14047,370,367,3
14048,318,308,10
14049,160,153,7
14050,133,129,4
14051,118,117,1
14052,244,243,1
14053,125,125,0
14054,175,170,5
14055,353,341,12
14056,212,209,3
14057,187,186,1
14058,192,186,6
14059,355,347,8
14060,254,252,2
14061,140,134,6
14062,69,69,0
14063,126,124,2
14064,130,130,0
14065,380,373,7
14066,135,131,4
14067,79,78,1
14068,114,113,1
14069,362,359,3
14070,390,383,7
14071,52,52,0
14072,596,591,5
14073,245,240,5
14074,109,105,4
14075,87,83,4
14076,121,119,2
14077,127,124,3
14078,150,150,0
14079,461,444,17
14080,146,137,9
14081,573,570,3
14082,219,216,3
14083,138,132,6
14084,264,262,2
14085,179,177,2
14086,127,127,0
14087,120,119,1
14088,193,191,2
14089,213,201,12
14090,345,339,6
14091,193,189,4
14092,156,156,0
14093,729,709,20
14094,204,199,5
14095,408,394,14
14096,462,454,8
14097,201,194,7
14098,134,132,2
14099,105,101,4
14100,149,148,1
14101,206,205,1
14102,88,85,3
14103,357,343,14
14104,184,178,6
14105,125,122,3
14106,131,130,1
14107,121,118,3
14108,196,190,6
14109,451,436,15
14110,375,370,5
14111,383,375,8
14112,175,170,5
14113,138,136,2
14114,166,161,5
14115,155,152,3
14116,217,210,7
14117,128,126,2
14118,117,115,2
14119,150,148,2
14120,153,150,3
14121,51,51,0
14122,151,150,1
14123,176,174,2
14124,239,237,2
14125,276,271,5
14126,106,106,0
14127,228,225,3
14128,499,489,10
14129,593,580,13
14130,140,139,1
14131,164,163,1
14132,127,126,1
14133,814,806,8
14134,257,254,3
14135,82,82,0
14136,45,44,1
14137,127,125,2
14138,155,152,3
14139,787,785,2
14140,146,144,2
14141,181,179,2
14142,515,510,5
14143,137,131,6
14144,272,269,3
14145,174,172,2
14146,136,135,1
14147,240,237,3
14148,161,158,3
14149,412,404,8
14150,335,329,6
14151,407,401,6
14152,300,297,3
14153,254,252,2
14154,122,120,2
14155,307,306,1
14156,436,424,12
14157,124,122,2
14158,148,146,2
14159,198,197,1
14160,121,119,2
14161,136,135,1
14162,119,116,3
14163,220,216,4
14164,129,126,3
14165,628,613,15
14166,142,141,1
14167,110,109,1
14168,117,117,0
14169,133,131,2
14170,299,287,12
14171,139,134,5
14172,245,238,7
14173,96,96,0
14174,124,120,4
14175,142,139,3
14176,231,226,5
14177,743,738,5
14178,59,58,1
14179,184,181,3
14180,408,403,5
14181,354,347,7
14182,144,143,1
14183,109,107,2
14184,855,840,15
14185,89,80,9
14186,596,589,7
14187,91,89,2
14188,319,315,4
14189,178,175,3
14190,146,145,1
14191,240,238,2
14192,276,271,5
14193,239,234,5
14194,134,134,0
14195,159,154,5
14196,159,157,2
14197,166,159,7
14198,169,161,8
14199,188,187,1
14200,194,191,3
14201,189,187,2
14202,382,378,4
14203,259,258,1
14204,738,729,9
14205,293,285,8
14206,973,936,37
14207,328,327,1
14208,358,352,6
14209,122,121,1
14210,120,118,2
14211,131,127,4
14212,298,298,0
14213,304,294,10
14214,205,204,1
14215,145,145,0
14216,183,183,0
14217,1016,1006,10
14218,137,136,1
14219,176,165,11
14220,138,137,1
14221,207,199,8
14222,181,181,0
14223,117,116,1
14224,589,585,4
14225,130,128,2
14226,170,169,1
14227,198,196,2
14228,87,87,0
14229,161,158,3
14230,164,164,0
14231,502,488,14
14232,167,164,3
14233,603,589,14
14234,485,469,16
14235,109,100,9
14236,338,333,5
14237,362,353,9
14238,116,115,1
14239,119,118,1
14240,148,146,2
14241,361,349,12
14242,165,158,7
14243,337,330,7
14244,163,160,3
14245,579,575,4
14246,130,127,3
14247,293,286,7
14248,236,230,6
14249,193,192,1
14250,142,140,2
14251,130,125,5
14252,37,37,0
14253,211,206,5
14254,327,325,2
14255,73,73,0
14256,93,91,2
14257,100,97,3
14258,157,156,1
14259,87,87,0
14260,772,758,14
14261,341,336,5
14262,84,83,1
14263,45,44,1
14264,52,51,1
14265,202,200,2
14266,137,136,1
14267,193,191,2
14268,489,482,7
14269,253,252,1
14270,121,117,4
14271,178,170,8
14272,270,266,4
14273,234,233,1
14274,106,105,1
14275,178,177,1
14276,55,55,0
14277,135,127,8
14278,70,70,0
14279,337,334,3
14280,452,442,10
14281,272,266,6
14282,63,61,2
14283,274,273,1
14284,87,85,2
14285,79,77,2
14286,254,251,3
14287,239,235,4
14288,98,97,1
14289,133,133,0
14290,157,146,11
14291,238,232,6
14292,154,150,4
14293,154,151,3
14294,361,360,1
14295,338,335,3
14296,195,193,2
14297,148,147,1
14298,169,166,3
14299,143,143,0
14300,124,123,1
14301,373,372,1
14302,255,253,2
14303,124,123,1
14304,171,168,3
14305,135,130,5
14306,183,180,3
14307,132,132,0
14308,281,271,10
14309,141,131,10
14310,130,126,4
14311,100,98,2
14312,352,348,4
14313,193,186,7
14314,122,122,0
14315,181,180,1
14316,186,181,5
14317,183,181,2
14318,294,290,4
14319,554,547,7
14320,608,602,6
14321,358,340,18
14322,1028,1010,18
14323,341,338,3
14324,427,420,7
14325,136,134,2
14326,356,348,8
14327,310,301,9
14328,160,157,3
14329,143,133,10
14330,209,201,8
14331,105,97,8
14332,570,562,8
14333,300,296,4
14334,206,205,1
14335,175,174,1
14336,68,67,1
14337,62,61,1
14338,363,359,4
14339,156,150,6
14340,129,129,0
14341,138,136,2
14342,298,292,6
14343,190,183,7
14344,140,139,1
14345,227,222,5
14346,191,191,0
14347,149,146,3
14348,162,159,3
14349,236,235,1
14350,201,199,2
14351,185,183,2
14352,199,196,3
14353,253,249,4
14354,128,127,1
14355,541,531,10
14356,319,317,2
14357,174,170,4
14358,107,107,0
14359,530,526,4
14360,301,296,5
14361,373,368,5
14362,145,144,1
14363,387,385,2
14364,121,120,1
14365,232,227,5
14366,138,138,0
14367,186,186,0
14368,150,148,2
14369,201,200,1
14370,123,121,2
14371,588,586,2
14372,402,398,4
14373,293,289,4
14374,441,437,4
14375,981,968,13
14376,557,540,17
14377,131,130,1
14378,465,452,13
14379,44,43,1
14380,240,229,11
14381,140,139,1
14382,238,235,3
14383,120,119,1
14384,166,166,0
14385,258,258,0
14386,113,109,4
14387,53,51,2
14388,144,143,1
14389,131,129,2
14390,209,207,2
14391,493,467,26
14392,491,483,8
14393,87,83,4
14394,68,67,1
14395,390,376,14
14396,374,359,15
14397,143,143,0
14398,81,79,2
14399,373,363,10
14400,215,205,10
14401,187,184,3
14402,208,207,1
14403,124,124,0
14404,128,127,1
14405,514,510,4
14406,138,137,1
14407,139,139,0
14408,142,138,4
14409,106,102,4
14410,151,149,2
14411,168,165,3
14412,115,113,2
14413,367,360,7
14414,445,440,5
14415,303,292,11
14416,366,363,3
14417,212,209,3
14418,232,230,2
14419,124,121,3
14420,123,115,8
14421,270,265,5
14422,127,119,8
14423,177,173,4
14424,225,221,4
14425,126,125,1
14426,195,191,4
14427,183,182,1
14428,140,136,4
14429,417,410,7
14430,421,414,7
14431,255,243,12
14432,258,256,2
14433,93,90,3
14434,149,141,8
14435,47,46,1
14436,75,71,4
14437,306,295,11
14438,318,305,13
14439,137,131,6
14440,131,129,2
14441,152,151,1
14442,93,89,4
14443,118,114,4
14444,121,118,3
14445,155,152,3
14446,73,73,0
14447,49,48,1
14448,316,315,1
14449,53,52,1
14450,69,69,0
14451,292,287,5
14452,135,134,1
14453,146,146,0
14454,219,214,5
14455,135,131,4
14456,118,115,3
14457,205,199,6
14458,213,210,3
14459,347,338,9
14460,122,118,4
14461,499,477,22
14462,177,176,1
14463,517,510,7
14464,839,829,10
14465,171,170,1
14466,338,333,5
14467,325,313,12
14468,167,166,1
14469,377,367,10
14470,344,339,5
14471,122,120,2
14472,210,202,8
14473,248,248,0
14474,889,864,25
14475,264,264,0
14476,128,127,1
14477,907,898,9
14478,386,382,4
14479,109,105,4
14480,126,123,3
14481,63,63,0
14482,45,45,0
14483,137,135,2
14484,38,38,0
14485,175,173,2
14486,120,120,0
14487,112,111,1
14488,55,50,5
14489,125,124,1
14490,161,158,3
14491,239,236,3
14492,100,97,3
14493,59,59,0
14494,154,153,1
14495,210,205,5
14496,288,277,11
14497,139,138,1
14498,197,191,6
14499,265,260,5
14500,480,468,12
14501,154,146,8
14502,231,213,18
14503,223,213,10
14504,397,375,22
14505,170,169,1
14506,305,293,12
14507,596,573,23
14508,457,438,19
14509,138,137,1
14510,253,249,4
14511,240,235,5
14512,314,306,8
14513,227,223,4
14514,555,542,13
14515,234,224,10
14516,177,171,6
14517,238,231,7
14518,151,147,4
14519,240,231,9
14520,107,103,4
14521,149,148,1
14522,310,306,4
14523,126,125,1
14524,117,114,3
14525,231,218,13
14526,40,39,1
14527,421,411,10
14528,105,102,3
14529,210,208,2
14530,227,217,10
14531,203,197,6
14532,170,170,0
14533,162,157,5
14534,194,191,3
14535,105,105,0
14536,161,154,7
14537,148,141,7
14538,428,425,3
14539,113,112,1
14540,123,122,1
14541,145,144,1
14542,306,301,5
14543,187,184,3
14544,510,499,11
14545,95,92,3
14546,96,94,2
14547,178,177,1
14548,86,85,1
14549,116,111,5
14550,191,189,2
14551,156,153,3
14552,174,172,2
14553,464,456,8
14554,136,136,0
14555,171,168,3
14556,135,134,1
14557,248,244,4
14558,199,195,4
14559,137,131,6
14560,213,209,4
14561,146,144,2
14562,174,174,0
14563,133,131,2
14564,151,146,5
14565,346,343,3
14566,226,221,5
14567,757,749,8
14568,301,292,9
14569,360,357,3
14570,199,194,5
14571,107,102,5
14572,222,220,2
14573,199,195,4
14574,155,153,2
14575,84,84,0
14576,381,372,9
14577,182,182,0
14578,78,77,1
14579,81,78,3
14580,44,43,1
14581,396,370,26
14582,239,229,10
14583,249,247,2
14584,249,248,1
14585,140,138,2
14586,258,251,7
14587,864,837,27
14588,1027,1010,17
14589,74,71,3
14590,355,347,8
14591,325,318,7
14592,227,224,3
14593,551,542,9
14594,101,93,8
14595,124,118,6
14596,118,116,2
14597,108,102,6
14598,63,63,0
14599,667,659,8
14600,53,52,1
14601,640,632,8
14602,140,135,5
14603,253,244,9
14604,215,214,1
14605,207,206,1
14606,83,79,4
14607,223,223,0
14608,115,111,4
14609,125,124,1
14610,232,224,8
14611,178,177,1
14612,110,109,1
14613,285,284,1
14614,262,259,3
14615,214,212,2
14616,195,191,4
14617,149,148,1
14618,250,243,7
14619,904,899,5
14620,139,137,2
14621,128,123,5
14622,142,138,4
14623,331,327,4
14624,316,313,3
14625,308,304,4
14626,240,233,7
14627,135,130,5
14628,186,183,3
14629,587,583,4
14630,225,219,6
14631,146,144,2
14632,89,89,0
14633,156,152,4
14634,160,160,0
14635,96,92,4
14636,75,75,0
14637,507,487,20
14638,133,131,2
14639,186,182,4
14640,171,169,2
14641,364,357,7
14642,92,92,0
14643,147,143,4
14644,442,432,10
14645,49,47,2
14646,291,277,14
14647,230,228,2
14648,93,92,1
14649,1070,1059,11
14650,62,61,1
14651,62,61,1
14652,246,244,2
14653,414,414,0
14654,117,116,1
14655,388,385,3
14656,141,138,3
14657,194,187,7
14658,59,58,1
14659,67,66,1
14660,42,42,0
14661,424,423,1
14662,123,121,2
14663,197,196,1
14664,78,75,3
14665,132,130,2
14666,26,26,0
14667,37,37,0
14668,141,140,1
14669,190,188,2
14670,140,140,0
14671,107,104,3
14672,153,148,5
14673,850,828,22
14674,128,127,1
14675,123,122,1
14676,264,264,0
14677,299,293,6
14678,241,233,8
14679,499,480,19
14680,195,193,2
14681,139,132,7
14682,171,168,3
14683,199,195,4
14684,176,175,1
14685,219,215,4
14686,213,212,1
14687,124,122,2
14688,166,166,0
14689,390,389,1
14690,259,255,4
14691,112,111,1
14692,298,289,9
14693,122,122,0
14694,225,224,1
14695,132,127,5
14696,539,531,8
14697,969,923,46
14698,110,109,1
14699,396,385,11
14700,153,148,5
14701,226,214,12
14702,158,153,5
14703,203,198,5
14704,244,242,2
14705,143,141,2
14706,150,150,0
14707,376,372,4
14708,187,184,3
14709,673,647,26
14710,163,162,1
14711,135,135,0
14712,540,538,2
14713,786,781,5
14714,609,581,28
14715,245,235,10
14716,477,441,36
14717,105,99,6
14718,272,257,15
14719,445,433,12
14720,200,199,1
14721,504,493,11
14722,140,139,1
14723,217,211,6
14724,110,109,1
14725,402,383,19
14726,127,125,2
14727,171,164,7
14728,297,288,9
14729,349,315,34
14730,173,168,5
14731,894,844,50
14732,183,179,4
14733,72,66,6
14734,158,145,13
14735,165,161,4
14736,91,91,0
14737,81,81,0
14738,166,164,2
14739,109,105,4
14740,93,89,4
14741,374,367,7
14742,233,229,4
14743,201,194,7
14744,56,56,0
14745,133,130,3
14746,212,210,2
14747,146,146,0
14748,202,194,8
14749,100,100,0
14750,344,340,4
14751,86,86,0
14752,138,138,0
14753,101,93,8
14754,190,189,1
14755,146,144,2
14756,509,491,18
14757,130,130,0
14758,160,159,1
14759,116,113,3
14760,127,127,0
14761,162,159,3
14762,160,156,4
14763,155,154,1
14764,93,91,2
14765,480,473,7
14766,450,433,17
14767,172,172,0
14768,175,174,1
14769,177,176,1
14770,170,165,5
14771,379,376,3
14772,333,325,8
14773,223,220,3
14774,283,280,3
14775,89,88,1
14776,132,124,8
14777,192,188,4
14778,305,297,8
14779,219,218,1
14780,158,154,4
14781,291,287,4
14782,202,200,2
14783,160,157,3
14784,123,121,2
14785,275,267,8
14786,35,35,0
14787,330,322,8
14788,232,229,3
14789,711,690,21
14790,68,64,4
14791,357,350,7
14792,317,306,11
14793,379,373,6
14794,277,275,2
14795,148,147,1
14796,255,251,4
14797,142,141,1
14798,120,115,5
14799,278,273,5
14800,377,371,6
14801,70,70,0
14802,674,656,18
14803,479,475,4
14804,248,244,4
14805,113,111,2
14806,452,444,8
14807,12,11,1
14808,156,155,1
14809,112,107,5
14810,295,285,10
14811,179,177,2
14812,112,110,2
14813,150,148,2
14814,152,150,2
14815,253,251,2
14816,242,240,2
14817,86,82,4
14818,293,287,6
14819,134,131,3
14820,384,381,3
14821,93,93,0
14822,238,238,0
14823,169,167,2
14824,237,229,8
14825,157,150,7
14826,78,75,3
14827,939,898,41
14828,63,63,0
14829,130,129,1
14830,711,705,6
14831,646,640,6
14832,185,180,5
14833,304,302,2
14834,369,361,8
14835,402,398,4
14836,404,401,3
14837,414,409,5
14838,291,287,4
14839,62,60,2
14840,157,145,12
14841,698,688,10
14842,97,97,0
14843,417,406,11
14844,149,149,0
14845,200,197,3
14846,701,681,20
14847,133,133,0
14848,291,286,5
14849,174,171,3
14850,396,391,5
14851,45,45,0
14852,259,255,4
14853,195,190,5
14854,977,954,23
14855,212,207,5
14856,129,122,7
14857,448,432,16
14858,395,380,15
14859,572,563,9
14860,43,43,0
14861,192,188,4
14862,155,152,3
14863,139,136,3
14864,287,276,11
14865,223,214,9
14866,232,232,0
14867,282,281,1
14868,212,210,2
14869,170,164,6
14870,985,964,21
14871,168,168,0
14872,133,133,0
14873,178,176,2
14874,54,52,2
14875,61,61,0
14876,479,472,7
14877,186,184,2
14878,144,142,2
14879,446,434,12
14880,163,162,1
14881,489,488,1
14882,228,225,3
14883,388,386,2
14884,169,165,4
14885,158,158,0
14886,237,236,1
14887,176,175,1
14888,288,283,5
14889,222,219,3
14890,153,152,1
14891,151,146,5
14892,350,347,3
14893,140,137,3
14894,139,136,3
14895,167,162,5
14896,588,568,20
14897,164,164,0
14898,243,239,4
14899,593,584,9
14900,407,397,10
14901,248,246,2
14902,197,195,2
14903,144,136,8
14904,234,232,2
14905,565,560,5
14906,248,241,7
14907,91,89,2
14908,150,148,2
14909,476,469,7
14910,117,115,2
14911,138,136,2
14912,315,309,6
14913,71,67,4
14914,52,52,0
14915,107,103,4
14916,289,274,15
14917,460,442,18
14918,385,371,14
14919,128,125,3
14920,142,139,3
14921,458,444,14
14922,285,275,10
14923,222,217,5
14924,139,138,1
14925,134,123,11
14926,46,46,0
14927,88,84,4
14928,262,256,6
14929,140,135,5
14930,362,357,5
14931,265,258,7
14932,448,436,12
14933,124,123,1
14934,773,765,8
14935,616,591,25
14936,812,798,14
14937,366,366,0
14938,216,210,6
14939,210,206,4
14940,138,130,8
14941,180,170,10
14942,290,289,1
14943,515,511,4
14944,115,113,2
14945,101,100,1
14946,407,400,7
14947,803,789,14
14948,138,135,3
14949,790,783,7
14950,517,504,13
14951,533,516,17
14952,114,114,0
14953,190,188,2
14954,291,290,1
14955,192,188,4
14956,161,161,0
14957,184,182,2
14958,635,615,20
14959,154,151,3
14960,153,152,1
14961,128,125,3
14962,169,169,0
14963,220,217,3
14964,361,354,7
14965,146,142,4
14966,245,243,2
14967,135,132,3
14968,159,157,2
14969,488,473,15
14970,393,385,8
14971,109,107,2
14972,85,85,0
14973,217,209,8
14974,170,164,6
14975,849,825,24
14976,132,130,2
14977,127,127,0
14978,463,454,9
14979,203,192,11
14980,57,56,1
14981,390,374,16
14982,75,74,1
14983,172,165,7
14984,169,165,4
14985,156,154,2
14986,192,186,6
14987,269,262,7
14988,211,211,0
14989,352,343,9
14990,189,187,2
14991,354,350,4
14992,122,111,11
14993,227,221,6
14994,104,102,2
14995,473,467,6
14996,120,119,1
14997,151,150,1
14998,74,73,1
14999,123,120,3
15000,285,277,8
15001,500,490,10
15002,178,170,8
15003,90,89,1
15004,87,84,3
15005,186,175,11
15006,259,256,3
15007,115,114,1
15008,764,734,30
15009,233,231,2
15010,193,189,4
15011,209,206,3
15012,264,259,5
15013,332,323,9
15014,188,182,6
15015,75,73,2
15016,158,150,8
15017,245,242,3
15018,217,217,0
15019,285,284,1
15020,140,137,3
15021,309,305,4
15022,184,184,0
15023,157,156,1
15024,77,76,1
15025,318,299,19
15026,168,166,2
15027,239,236,3
15028,117,115,2
15029,63,63,0
15030,260,258,2
15031,529,520,9
15032,233,233,0
15033,138,136,2
15034,104,103,1
15035,160,156,4
15036,223,217,6
15037,616,603,13
15038,89,86,3
15039,229,227,2
15040,354,320,34
15041,149,148,1
15042,378,363,15
15043,402,393,9
15044,55,55,0
15045,111,110,1
15046,74,71,3
15047,75,74,1
15048,158,154,4
15049,52,51,1
15050,576,568,8
15051,165,157,8
15052,292,283,9
15053,606,584,22
15054,131,131,0
15055,123,120,3
15056,638,622,16
15057,368,357,11
15058,421,411,10
15059,189,185,4
15060,159,156,3
15061,138,133,5
15062,85,84,1
15063,121,118,3
15064,103,102,1
15065,68,65,3
15066,155,151,4
15067,203,199,4
15068,168,159,9
15069,392,383,9
15070,169,166,3
15071,458,444,14
15072,169,160,9
15073,128,126,2
15074,108,106,2
15075,122,121,1
15076,165,159,6
15077,363,355,8
15078,136,134,2
15079,156,155,1
15080,327,316,11
15081,164,163,1
15082,131,122,9
15083,137,131,6
15084,256,253,3
15085,159,155,4
15086,170,169,1
15087,482,477,5
15088,804,800,4
15089,674,660,14
15090,184,174,10
15091,145,142,3
15092,71,65,6
15093,127,122,5
15094,124,122,2
15095,244,238,6
15096,27,27,0
15097,170,167,3
15098,70,69,1
15099,125,125,0
15100,276,269,7
15101,259,255,4
15102,249,242,7
15103,173,167,6
15104,109,107,2
15105,680,673,7
15106,225,221,4
15107,151,148,3
15108,116,113,3
15109,286,284,2
15110,867,854,13
15111,151,148,3
15112,179,178,1
15113,79,77,2
15114,36,36,0
15115,168,167,1
15116,197,197,0
15117,98,96,2
15118,186,182,4
15119,93,93,0
15120,119,117,2
15121,116,113,3
15122,125,124,1
15123,233,227,6
15124,91,89,2
15125,118,116,2
15126,100,98,2
15127,293,289,4
15128,112,110,2
15129,481,466,15
15130,506,501,5
15131,211,204,7
15132,284,272,12
15133,192,192,0
15134,132,130,2
15135,413,408,5
15136,277,272,5
15137,151,149,2
15138,198,196,2
15139,128,126,2
15140,198,194,4
15141,129,126,3
15142,234,229,5
15143,63,62,1
15144,121,120,1
15145,172,169,3
15146,132,129,3
15147,186,179,7
15148,27,27,0
15149,62,62,0
15150,132,129,3
15151,125,124,1
15152,201,191,10
15153,268,262,6
15154,108,106,2
15155,200,198,2
15156,363,350,13
15157,148,145,3
15158,183,183,0
15159,183,183,0
15160,183,183,0
15161,277,266,11
15162,152,152,0
15163,124,124,0
15164,62,60,2
15165,119,114,5
15166,310,295,15
15167,148,144,4
15168,128,126,2
15169,261,255,6
15170,254,249,5
15171,167,166,1
15172,135,133,2
15173,323,323,0
15174,175,170,5
15175,511,498,13
15176,96,95,1
15177,77,76,1
15178,122,119,3
15179,225,225,0
15180,595,579,16
15181,442,438,4
15182,228,223,5
15183,199,191,8
15184,447,425,22
15185,135,131,4
15186,579,575,4
15187,559,551,8
15188,70,67,3
15189,148,144,4
15190,199,189,10
15191,173,171,2
15192,222,219,3
15193,158,158,0
15194,296,288,8
15195,62,62,0
15196,147,145,2
15197,86,86,0
15198,120,118,2
15199,54,54,0
15200,373,362,11
15201,361,360,1
15202,107,105,2
15203,127,126,1
15204,147,142,5
15205,187,180,7
15206,380,380,0
15207,172,170,2
15208,155,152,3
15209,161,160,1
15210,68,65,3
15211,156,156,0
15212,136,133,3
15213,209,208,1
15214,221,217,4
15215,102,97,5
15216,442,433,9
15217,55,54,1
15218,148,144,4
15219,447,435,12
15220,148,144,4
15221,85,84,1
15222,87,87,0
15223,116,113,3
15224,142,139,3
15225,114,114,0
15226,126,125,1
15227,305,303,2
15228,434,429,5
15229,115,113,2
15230,259,245,14
15231,175,174,1
15232,376,372,4
15233,139,134,5
15234,204,202,2
15235,154,153,1
15236,228,227,1
15237,119,115,4
15238,162,162,0
15239,155,155,0
15240,200,193,7
15241,182,182,0
15242,131,129,2
15243,114,111,3
15244,652,643,9
15245,112,109,3
15246,91,91,0
15247,121,119,2
15248,160,151,9
15249,87,87,0
15250,421,399,22
15251,205,202,3
15252,289,288,1
15253,222,211,11
15254,35,35,0
15255,539,521,18
15256,209,202,7
15257,341,334,7
15258,120,118,2
15259,797,774,23
15260,80,78,2
15261,262,256,6
15262,286,282,4
15263,128,126,2
15264,443,438,5
15265,375,372,3
15266,177,175,2
15267,114,113,1
15268,119,116,3
15269,63,61,2
15270,122,121,1
15271,603,592,11
15272,183,165,18
15273,239,235,4
15274,153,149,4
15275,139,138,1
15276,271,261,10
15277,118,113,5
15278,654,636,18
15279,36,36,0
15280,45,45,0
15281,76,76,0
15282,153,153,0
15283,62,62,0
15284,682,654,28
15285,915,899,16
15286,1026,964,62
15287,231,231,0
15288,91,91,0
15289,241,238,3
15290,107,106,1
15291,137,136,1
15292,129,128,1
15293,400,390,10
15294,176,167,9
15295,195,191,4
15296,140,139,1
15297,330,319,11
15298,225,214,11
15299,227,221,6
15300,136,131,5
15301,155,153,2
15302,118,117,1
15303,161,157,4
15304,199,190,9
15305,86,86,0
15306,256,255,1
15307,209,207,2
15308,70,69,1
15309,199,195,4
15310,289,288,1
15311,265,257,8
15312,445,440,5
15313,118,117,1
15314,210,208,2
15315,172,171,1
15316,117,114,3
15317,160,157,3
15318,645,636,9
15319,40,40,0
15320,87,83,4
15321,149,147,2
15322,176,171,5
15323,138,137,1
15324,424,422,2
15325,322,310,12
15326,307,305,2
15327,199,194,5
15328,485,474,11
15329,270,259,11
15330,149,141,8
15331,112,110,2
15332,182,178,4
15333,328,324,4
15334,197,195,2
15335,267,263,4
15336,261,256,5
15337,203,194,9
15338,235,231,4
15339,197,189,8
15340,319,312,7
15341,136,134,2
15342,211,209,2
15343,126,126,0
15344,786,765,21
15345,213,212,1
15346,109,106,3
15347,233,232,1
15348,82,82,0
15349,155,154,1
15350,211,211,0
15351,736,699,37
15352,263,262,1
15353,222,214,8
15354,169,163,6
15355,156,152,4
15356,177,173,4
15357,184,183,1
15358,298,296,2
15359,439,423,16
15360,111,110,1
15361,168,165,3
15362,608,602,6
15363,62,60,2
15364,145,143,2
15365,84,83,1
15366,121,116,5
15367,229,229,0
15368,73,69,4
15369,123,123,0
15370,108,105,3
15371,350,346,4
15372,77,68,9
15373,73,72,1
15374,56,56,0
15375,153,152,1
15376,329,321,8
15377,158,158,0
15378,405,398,7
15379,307,304,3
15380,191,189,2
15381,197,196,1
15382,161,159,2
15383,589,576,13
15384,133,130,3
15385,582,575,7
15386,141,140,1
15387,300,298,2
15388,232,231,1
15389,243,239,4
15390,562,542,20
15391,246,242,4
15392,159,157,2
15393,123,121,2
15394,466,466,0
15395,196,193,3
15396,566,553,13
15397,291,285,6
15398,309,296,13
15399,860,853,7
15400,145,145,0
15401,295,290,5
15402,153,151,2
15403,163,162,1
15404,201,187,14
15405,278,273,5
15406,371,364,7
15407,55,55,0
15408,122,116,6
15409,325,315,10
15410,309,305,4
15411,265,264,1
15412,138,138,0
15413,140,138,2
15414,212,209,3
15415,135,131,4
15416,53,52,1
15417,141,140,1
15418,142,139,3
15419,132,131,1
15420,132,132,0
15421,400,399,1
15422,156,155,1
15423,614,609,5
15424,68,67,1
15425,118,111,7
15426,332,330,2
15427,84,83,1
15428,52,51,1
15429,153,150,3
15430,75,75,0
15431,160,156,4
15432,93,93,0
15433,188,188,0
15434,351,344,7
15435,208,203,5
15436,191,188,3
15437,348,344,4
15438,110,107,3
15439,202,201,1
15440,128,124,4
15441,206,201,5
15442,363,359,4
15443,87,84,3
15444,111,108,3
15445,112,104,8
15446,155,154,1
15447,124,122,2
15448,138,137,1
15449,200,194,6
15450,986,970,16
15451,357,343,14
15452,121,119,2
15453,174,171,3
15454,337,329,8
15455,83,82,1
15456,260,259,1
15457,307,300,7
15458,368,367,1
15459,360,353,7
15460,130,130,0
15461,365,358,7
15462,122,121,1
15463,104,96,8
15464,88,88,0
15465,183,179,4
15466,57,56,1
15467,177,170,7
15468,847,839,8
15469,176,171,5
15470,672,660,12
15471,173,171,2
15472,229,226,3
15473,311,307,4
15474,254,251,3
15475,91,89,2
15476,470,460,10
15477,157,157,0
15478,182,181,1
15479,317,312,5
15480,43,43,0
15481,60,60,0
15482,393,384,9
15483,285,285,0
15484,139,138,1
15485,125,125,0
15486,293,285,8
15487,267,261,6
15488,121,119,2
15489,128,121,7
15490,127,123,4
15491,195,192,3
15492,213,207,6
15493,117,116,1
15494,176,168,8
15495,122,118,4
15496,146,145,1
15497,132,127,5
15498,286,286,0
15499,252,250,2
15500,283,279,4
15501,544,537,7
15502,171,169,2
15503,153,151,2
15504,302,300,2
15505,249,247,2
15506,222,219,3
15507,120,120,0
15508,240,236,4
15509,301,293,8
15510,552,541,11
15511,277,272,5
15512,190,187,3
15513,417,410,7
15514,177,174,3
15515,329,327,2
15516,337,337,0
15517,754,750,4
15518,322,316,6
15519,99,97,2
15520,110,104,6
15521,55,55,0
15522,231,227,4
15523,122,119,3
15524,136,134,2
15525,384,366,18
15526,595,582,13
15527,115,115,0
15528,70,68,2
15529,378,368,10
15530,132,128,4
15531,142,139,3
15532,209,202,7
15533,271,263,8
15534,110,109,1
15535,160,157,3
15536,126,123,3
15537,151,151,0
15538,587,575,12
15539,126,122,4
15540,92,88,4
15541,209,206,3
15542,173,171,2
15543,411,410,1
15544,137,134,3
15545,552,538,14
15546,402,391,11
15547,305,300,5
15548,431,425,6
15549,168,167,1
15550,222,220,2
15551,221,214,7
15552,731,716,15
15553,541,539,2
15554,154,153,1
15555,167,165,2
15556,218,213,5
15557,27,26,1
15558,76,76,0
15559,184,170,14
15560,418,392,26
15561,206,195,11
15562,381,377,4
15563,44,44,0
15564,127,124,3
15565,112,110,2
15566,131,129,2
15567,156,153,3
15568,838,826,12
15569,228,225,3
15570,187,183,4
15571,318,313,5
15572,166,163,3
15573,508,491,17
15574,338,338,0
15575,84,81,3
15576,67,65,2
15577,174,166,8
15578,67,67,0
15579,49,49,0
15580,93,93,0
15581,99,97,2
15582,89,89,0
15583,125,121,4
15584,123,120,3
15585,216,214,2
15586,36,36,0
15587,68,65,3
15588,314,307,7
15589,297,294,3
15590,121,119,2
15591,172,169,3
15592,144,139,5
15593,142,136,6
15594,313,312,1
15595,485,478,7
15596,182,181,1
15597,220,216,4
15598,246,240,6
15599,998,974,24
15600,39,39,0
15601,210,208,2
15602,275,272,3
15603,62,62,0
15604,65,64,1
15605,549,542,7
15606,78,75,3
15607,326,319,7
15608,195,191,4
15609,80,80,0
15610,124,123,1
15611,41,41,0
15612,149,145,4
15613,205,200,5
15614,64,63,1
15615,170,165,5
15616,294,278,16
15617,134,129,5
15618,113,112,1
15619,61,60,1
15620,138,136,2
15621,131,131,0
15622,106,104,2
15623,66,65,1
15624,52,50,2
15625,120,119,1
15626,252,248,4
15627,124,123,1
15628,139,138,1
15629,65,64,1
15630,72,66,6
15631,95,93,2
15632,322,321,1
15633,15,15,0
15634,94,94,0
15635,132,128,4
15636,122,121,1
15637,150,150,0
15638,68,68,0
15639,147,140,7
15640,397,388,9
15641,196,192,4
15642,57,57,0
15643,138,138,0
15644,94,84,10
15645,116,115,1
15646,158,151,7
15647,305,301,4
15648,128,127,1
15649,273,269,4
15650,162,160,2
15651,209,209,0
15652,157,157,0
15653,231,227,4
15654,118,115,3
15655,291,289,2
15656,505,492,13
15657,221,217,4
15658,739,701,38
15659,173,168,5
15660,144,140,4
15661,113,108,5
15662,327,325,2
15663,50,49,1
15664,94,92,2
15665,154,153,1
15666,501,499,2
15667,93,93,0
15668,106,102,4
15669,152,151,1
15670,139,135,4
15671,399,390,9
15672,267,265,2
15673,252,243,9
15674,405,404,1
15675,914,896,18
15676,398,395,3
15677,134,133,1
15678,311,303,8
15679,137,136,1
15680,116,116,0
15681,995,950,45
15682,338,333,5
15683,316,310,6
15684,184,179,5
15685,237,234,3
15686,382,379,3
15687,200,199,1
15688,158,156,2
15689,198,196,2
15690,249,239,10
15691,204,200,4
15692,170,167,3
15693,167,162,5
15694,237,229,8
15695,117,116,1
15696,494,481,13
15697,209,201,8
15698,60,59,1
15699,132,124,8
15700,121,118,3
15701,607,596,11
15702,165,159,6
15703,99,94,5
15704,149,137,12
15705,447,442,5
15706,67,66,1
15707,54,54,0
15708,459,453,6
15709,83,76,7
15710,68,65,3
15711,78,76,2
15712,135,134,1
15713,171,164,7
15714,94,93,1
15715,99,98,1
15716,206,201,5
15717,112,112,0
15718,241,239,2
15719,135,134,1
15720,257,248,9
15721,115,112,3
15722,129,124,5
15723,102,96,6
15724,143,138,5
15725,236,230,6
15726,891,876,15
15727,301,298,3
15728,402,395,7
15729,83,82,1
15730,142,142,0
15731,47,47,0
15732,489,481,8
15733,208,202,6
15734,108,105,3
15735,123,123,0
15736,218,211,7
15737,89,88,1
15738,128,127,1
15739,168,165,3
15740,135,133,2
15741,453,452,1
15742,378,365,13
15743,211,208,3
15744,111,110,1
15745,96,95,1
15746,173,172,1
15747,48,47,1
15748,95,92,3
15749,141,141,0
15750,144,143,1
15751,551,543,8
15752,168,163,5
15753,428,423,5
15754,162,159,3
15755,113,110,3
15756,120,116,4
15757,491,480,11
15758,114,113,1
15759,668,647,21
15760,185,185,0
15761,235,232,3
15762,130,129,1
15763,131,129,2
15764,134,133,1
15765,271,266,5
15766,127,123,4
15767,145,143,2
15768,158,157,1
15769,148,147,1
15770,134,131,3
15771,199,195,4
15772,520,513,7
15773,160,158,2
15774,109,107,2
15775,213,208,5
15776,183,181,2
15777,418,415,3
15778,160,160,0
15779,232,229,3
15780,215,212,3
15781,149,144,5
15782,150,146,4
15783,122,118,4
15784,150,150,0
15785,113,113,0
15786,180,178,2
15787,236,235,1
15788,473,464,9
15789,453,441,12
15790,207,206,1
15791,251,248,3
15792,200,196,4
15793,153,149,4
15794,231,229,2
15795,313,310,3
15796,109,108,1
15797,153,151,2
15798,289,273,16
15799,69,68,1
15800,123,120,3
15801,125,120,5
15802,172,166,6
15803,255,246,9
15804,236,234,2
15805,142,141,1
15806,519,506,13
15807,259,257,2
15808,595,585,10
15809,219,218,1
15810,122,120,2
15811,144,141,3
15812,172,172,0
15813,334,329,5
15814,156,149,7
15815,111,108,3
15816,324,318,6
15817,126,120,6
15818,122,115,7
15819,240,237,3
15820,280,277,3
15821,88,87,1
15822,129,127,2
15823,249,231,18
15824,383,364,19
15825,312,303,9
15826,176,166,10
15827,168,154,14
15828,108,105,3
15829,138,129,9
15830,343,332,11
15831,114,105,9
15832,657,653,4
15833,189,169,20
15834,133,131,2
15835,394,382,12
15836,262,262,0
15837,139,138,1
15838,158,155,3
15839,267,264,3
15840,109,107,2
15841,142,139,3
15842,188,184,4
15843,160,159,1
15844,125,123,2
15845,289,288,1
15846,144,139,5
15847,137,135,2
15848,134,133,1
15849,125,124,1
15850,375,369,6
15851,188,184,4
15852,225,223,2
15853,315,311,4
15854,191,185,6
15855,122,119,3
15856,68,66,2
15857,190,186,4
15858,68,68,0
15859,249,249,0
15860,410,401,9
15861,207,202,5
15862,147,144,3
15863,187,184,3
15864,213,209,4
15865,130,129,1
15866,153,151,2
15867,94,92,2
15868,225,224,1
15869,158,154,4
15870,208,206,2
15871,491,490,1
15872,609,602,7
15873,574,558,16
15874,163,160,3
15875,294,293,1
15876,202,200,2
15877,129,125,4
15878,123,123,0
15879,494,491,3
15880,196,193,3
15881,121,119,2
15882,165,165,0
15883,526,515,11
15884,121,119,2
15885,148,147,1
15886,185,175,10
15887,138,136,2
15888,47,46,1
15889,472,468,4
15890,236,233,3
15891,140,139,1
15892,151,148,3
15893,701,688,13
15894,612,600,12
15895,287,277,10
15896,231,221,10
15897,985,968,17
15898,162,152,10
15899,391,382,9
15900,115,113,2
15901,424,393,31
15902,99,99,0
15903,109,103,6
15904,174,167,7
15905,508,491,17
15906,158,155,3
15907,404,383,21
15908,98,93,5
15909,300,293,7
15910,139,137,2
15911,523,514,9
15912,43,43,0
15913,232,226,6
15914,113,106,7
15915,121,119,2
15916,143,143,0
15917,121,117,4
15918,307,299,8
15919,153,153,0
15920,128,126,2
15921,125,123,2
15922,131,131,0
15923,115,115,0
15924,480,476,4
15925,204,201,3
15926,169,168,1
15927,129,127,2
15928,140,130,10
15929,409,396,13
15930,286,280,6
15931,125,122,3
15932,158,153,5
15933,152,150,2
15934,328,327,1
15935,143,141,2
15936,224,222,2
15937,133,133,0
15938,264,260,4
15939,137,135,2
15940,349,332,17
15941,152,150,2
15942,139,139,0
15943,126,123,3
15944,135,128,7
15945,167,157,10
15946,74,72,2
15947,169,166,3
15948,45,43,2
15949,139,136,3
15950,125,122,3
15951,599,587,12
15952,171,171,0
15953,251,248,3
15954,506,500,6
15955,91,88,3
15956,107,102,5
15957,149,143,6
15958,52,52,0
15959,84,84,0
15960,162,160,2
15961,292,285,7
15962,187,181,6
15963,175,171,4
15964,295,286,9
15965,891,873,18
15966,323,321,2
15967,157,153,4
15968,276,273,3
15969,246,239,7
15970,364,347,17
15971,264,261,3
15972,384,377,7
15973,372,363,9
15974,524,518,6
15975,195,194,1
15976,42,42,0
15977,110,109,1
15978,139,136,3
15979,128,123,5
15980,458,451,7
15981,78,75,3
15982,133,132,1
15983,250,241,9
15984,323,318,5
15985,180,179,1
15986,139,136,3
15987,85,83,2
15988,137,137,0
15989,105,101,4
15990,143,136,7
15991,85,85,0
15992,219,215,4
15993,375,368,7
15994,83,83,0
15995,56,54,2
15996,100,96,4
15997,536,523,13
15998,85,85,0
15999,158,157,1
16000,320,302,18
16001,191,189,2
16002,615,607,8
16003,399,392,7
16004,292,288,4
16005,254,253,1
16006,134,132,2
16007,164,159,5
16008,133,129,4
16009,72,70,2
16010,162,162,0
16011,59,59,0
16012,99,96,3
16013,76,75,1
16014,226,219,7
16015,66,64,2
16016,217,214,3
16017,190,183,7
16018,92,90,2
16019,212,208,4
16020,219,217,2
16021,159,155,4
16022,162,162,0
16023,307,297,10
16024,124,124,0
16025,272,263,9
16026,658,637,21
16027,317,302,15
16028,272,267,5
16029,694,671,23
16030,352,350,2
16031,1507,1473,34
16032,221,219,2
16033,1539,1504,35
16034,96,96,0
16035,720,704,16
16036,329,320,9
16037,654,643,11
16038,156,154,2
16039,139,139,0
16040,186,182,4
16041,273,255,18
16042,120,117,3
16043,129,126,3
16044,230,221,9
16045,146,140,6
16046,507,502,5
16047,109,105,4
16048,131,130,1
16049,633,619,14
16050,191,189,2
16051,274,273,1
16052,130,128,2
16053,195,193,2
16054,58,58,0
16055,126,123,3
16056,697,689,8
16057,202,200,2
16058,173,171,2
16059,506,498,8
16060,154,154,0
16061,226,225,1
16062,153,153,0
16063,145,144,1
16064,137,137,0
16065,75,72,3
16066,132,128,4
16067,118,116,2
16068,203,201,2
16069,209,204,5
16070,458,448,10
16071,316,312,4
16072,145,144,1
16073,593,576,17
16074,614,608,6
16075,172,172,0
16076,154,150,4
16077,77,74,3
16078,132,130,2
16079,164,159,5
16080,117,113,4
16081,158,157,1
16082,161,159,2
16083,129,129,0
16084,182,176,6
16085,137,134,3
16086,140,136,4
16087,88,84,4
16088,495,484,11
16089,181,176,5
16090,61,60,1
16091,284,278,6
16092,167,163,4
16093,165,162,3
16094,139,137,2
16095,137,137,0
16096,142,139,3
16097,151,150,1
16098,237,235,2
16099,126,126,0
16100,128,125,3
16101,170,169,1
16102,371,363,8
16103,63,62,1
16104,156,152,4
16105,191,186,5
16106,166,163,3
16107,358,355,3
16108,145,137,8
16109,129,127,2
16110,187,180,7
16111,128,123,5
16112,120,119,1
16113,948,914,34
16114,129,127,2
16115,241,241,0
16116,180,180,0
16117,163,162,1
16118,213,213,0
16119,131,129,2
16120,214,209,5
16121,308,304,4
16122,149,148,1
16123,162,160,2
16124,182,180,2
16125,334,330,4
16126,112,111,1
16127,162,159,3
16128,160,159,1
16129,148,146,2
16130,219,210,9
16131,457,438,19
16132,95,95,0
16133,128,127,1
16134,195,193,2
16135,116,107,9
16136,149,148,1
16137,175,173,2
16138,324,321,3
16139,100,100,0
16140,285,279,6
16141,270,266,4
16142,579,576,3
16143,478,470,8
16144,83,82,1
16145,349,339,10
16146,123,120,3
16147,90,90,0
16148,215,210,5
16149,123,118,5
16150,187,186,1
16151,197,195,2
16152,129,126,3
16153,504,495,9
16154,235,234,1
16155,928,906,22
16156,470,460,10
16157,389,388,1
16158,312,307,5
16159,115,115,0
16160,154,148,6
16161,139,139,0
16162,128,128,0
16163,136,134,2
16164,183,179,4
16165,245,243,2
16166,226,220,6
16167,259,254,5
16168,260,260,0
16169,98,97,1
16170,79,77,2
16171,368,364,4
16172,124,124,0
16173,77,75,2
16174,63,61,2
16175,143,142,1
16176,162,157,5
16177,342,339,3
16178,156,151,5
16179,139,136,3
16180,333,326,7
16181,113,103,10
16182,126,125,1
16183,123,117,6
16184,165,162,3
16185,477,467,10
16186,168,167,1
16187,202,197,5
16188,142,142,0
16189,275,263,12
16190,136,133,3
16191,153,153,0
16192,256,255,1
16193,620,617,3
16194,459,455,4
16195,161,158,3
16196,120,119,1
16197,135,135,0
16198,161,154,7
16199,94,93,1
16200,370,360,10
16201,117,111,6
16202,236,233,3
16203,413,405,8
16204,128,126,2
16205,172,171,1
16206,193,185,8
16207,458,455,3
16208,121,119,2
16209,131,128,3
16210,113,113,0
16211,120,113,7
16212,213,207,6
16213,186,174,12
16214,187,185,2
16215,149,145,4
16216,244,236,8
16217,300,290,10
16218,192,185,7
16219,112,111,1
16220,990,974,16
16221,120,117,3
16222,136,136,0
16223,162,161,1
16224,334,321,13
16225,50,48,2
16226,145,145,0
16227,347,336,11
16228,98,96,2
16229,74,72,2
16230,102,99,3
16231,239,237,2
16232,103,100,3
16233,273,270,3
16234,780,771,9
16235,117,114,3
16236,330,325,5
16237,207,203,4
16238,152,146,6
16239,395,381,14
16240,141,136,5
16241,254,251,3
16242,139,137,2
16243,473,467,6
16244,265,261,4
16245,298,297,1
16246,274,270,4
16247,110,105,5
16248,169,169,0
16249,182,181,1
16250,244,240,4
16251,149,145,4
16252,145,142,3
16253,113,112,1
16254,151,147,4
16255,181,178,3
16256,395,390,5
16257,140,136,4
16258,143,139,4
16259,549,537,12
16260,136,131,5
16261,143,140,3
16262,92,90,2
16263,191,183,8
16264,365,351,14
16265,215,209,6
16266,124,122,2
16267,382,371,11
16268,118,117,1
16269,128,127,1
16270,283,280,3
16271,137,137,0
16272,150,150,0
16273,142,140,2
16274,346,339,7
16275,362,353,9
16276,223,219,4
16277,179,176,3
16278,234,229,5
16279,73,70,3
16280,424,413,11
16281,143,136,7
16282,137,136,1
16283,236,230,6
16284,193,192,1
16285,223,219,4
16286,138,135,3
16287,490,480,10
16288,308,300,8
16289,414,411,3
16290,208,201,7
16291,154,149,5
16292,292,288,4
16293,135,129,6
16294,360,353,7
16295,424,419,5
16296,148,146,2
16297,115,114,1
16298,150,147,3
16299,308,300,8
16300,226,222,4
16301,119,118,1
16302,157,154,3
16303,425,413,12
16304,133,132,1
16305,188,183,5
16306,128,122,6
16307,653,639,14
16308,141,137,4
16309,183,180,3
16310,160,157,3
16311,194,189,5
16312,69,68,1
16313,201,195,6
16314,153,153,0
16315,216,213,3
16316,314,304,10
16317,163,158,5
16318,93,91,2
16319,69,66,3
16320,46,42,4
16321,389,384,5
16322,219,212,7
16323,246,244,2
16324,123,119,4
16325,124,121,3
16326,148,144,4
16327,157,153,4
16328,317,311,6
16329,212,210,2
16330,282,278,4
16331,128,128,0
16332,163,160,3
16333,246,243,3
16334,339,333,6
16335,148,141,7
16336,132,131,1
16337,233,228,5
16338,375,371,4
16339,176,171,5
16340,139,136,3
16341,301,299,2
16342,646,627,19
16343,241,229,12
16344,262,256,6
16345,117,116,1
16346,158,154,4
16347,348,339,9
16348,454,450,4
16349,240,238,2
16350,204,200,4
16351,213,210,3
16352,473,464,9
16353,336,336,0
16354,147,144,3
16355,188,184,4
16356,121,118,3
16357,194,194,0
16358,125,118,7
16359,115,109,6
16360,172,170,2
16361,181,176,5
16362,106,94,12
16363,576,562,14
16364,180,177,3
16365,115,114,1
16366,158,157,1
16367,132,130,2
16368,148,142,6
16369,166,162,4
16370,189,187,2
16371,158,155,3
16372,59,59,0
16373,130,129,1
16374,115,113,2
16375,64,62,2
16376,141,138,3
16377,71,71,0
16378,439,430,9
16379,174,171,3
16380,385,384,1
16381,92,92,0
16382,360,356,4
16383,128,127,1
16384,138,137,1
16385,81,78,3
16386,103,100,3
16387,184,184,0
16388,148,146,2
16389,237,234,3
16390,126,125,1
16391,283,279,4
16392,843,826,17
16393,131,130,1
16394,188,183,5
16395,266,263,3
16396,778,769,9
16397,118,115,3
16398,128,125,3
16399,157,152,5
16400,157,153,4
16401,78,77,1
16402,496,488,8
16403,184,178,6
16404,344,339,5
16405,64,62,2
16406,171,169,2
16407,32,32,0
16408,66,63,3
16409,307,302,5
16410,172,168,4
16411,116,115,1
16412,120,118,2
16413,332,324,8
16414,128,128,0
16415,296,291,5
16416,124,121,3
16417,126,116,10
16418,256,249,7
16419,637,620,17
16420,417,406,11
16421,173,171,2
16422,397,378,19
16423,124,121,3
16424,166,153,13
16425,201,194,7
16426,145,145,0
16427,125,124,1
16428,510,503,7
16429,119,114,5
16430,294,283,11
16431,246,232,14
16432,252,248,4
16433,440,425,15
16434,658,637,21
16435,249,245,4
16436,219,216,3
16437,67,61,6
16438,119,112,7
16439,274,270,4
16440,159,159,0
16441,239,234,5
16442,272,265,7
16443,181,175,6
16444,283,279,4
16445,881,873,8
16446,135,135,0
16447,1012,1000,12
16448,304,302,2
16449,521,516,5
16450,186,183,3
16451,133,133,0
16452,118,116,2
16453,121,119,2
16454,153,151,2
16455,194,189,5
16456,153,146,7
16457,46,46,0
16458,150,149,1
16459,232,223,9
16460,154,153,1
16461,392,384,8
16462,151,146,5
16463,168,165,3
16464,146,146,0
16465,391,389,2
16466,148,141,7
16467,219,218,1
16468,234,233,1
16469,234,225,9
16470,63,62,1
16471,112,109,3
16472,153,153,0
16473,144,142,2
16474,349,335,14
16475,228,226,2
16476,550,548,2
16477,144,142,2
16478,218,215,3
16479,11,11,0
16480,113,110,3
16481,36,35,1
16482,197,194,3
16483,141,138,3
16484,192,191,1
16485,138,136,2
16486,168,165,3
16487,131,129,2
16488,168,163,5
16489,71,71,0
16490,712,705,7
16491,118,116,2
16492,497,492,5
16493,226,218,8
16494,127,123,4
16495,236,229,7
16496,221,220,1
16497,98,96,2
16498,244,236,8
16499,402,390,12
16500,150,149,1
16501,164,160,4
16502,160,156,4
16503,167,163,4
16504,195,192,3
16505,377,372,5
16506,129,127,2
16507,372,368,4
16508,148,142,6
16509,180,177,3
16510,143,140,3
16511,153,149,4
16512,228,226,2
16513,385,381,4
16514,131,130,1
16515,126,123,3
16516,150,148,2
16517,75,75,0
16518,60,60,0
16519,235,228,7
16520,231,221,10
16521,441,418,23
16522,823,813,10
16523,149,148,1
16524,323,314,9
16525,673,649,24
16526,612,605,7
16527,316,315,1
16528,112,111,1
16529,34,31,3
16530,147,145,2
16531,103,103,0
16532,107,107,0
16533,56,55,1
16534,71,70,1
16535,191,185,6
16536,106,102,4
16537,53,50,3
16538,176,166,10
16539,187,185,2
16540,170,169,1
16541,208,208,0
16542,189,183,6
16543,124,120,4
16544,177,175,2
16545,264,256,8
16546,234,227,7
16547,717,703,14
16548,125,121,4
16549,95,91,4
16550,96,95,1
16551,284,281,3
16552,387,377,10
16553,98,98,0
16554,181,176,5
16555,176,175,1
16556,248,243,5
16557,173,172,1
16558,59,57,2
16559,141,140,1
16560,133,127,6
16561,231,219,12
16562,138,135,3
16563,240,233,7
16564,131,130,1
16565,181,178,3
16566,156,143,13
16567,110,108,2
16568,292,289,3
16569,133,131,2
16570,737,730,7
16571,388,382,6
16572,300,297,3
16573,187,185,2
16574,751,733,18
16575,133,132,1
16576,130,130,0
16577,625,579,46
16578,196,194,2
16579,113,110,3
16580,124,124,0
16581,148,144,4
16582,507,506,1
16583,181,176,5
16584,211,206,5
16585,258,254,4
16586,321,319,2
16587,126,122,4
16588,219,215,4
16589,980,954,26
16590,118,114,4
16591,107,107,0
16592,27,26,1
16593,91,90,1
16594,203,202,1
16595,37,36,1
16596,336,332,4
16597,728,711,17
16598,136,133,3
16599,144,143,1
16600,135,132,3
16601,126,120,6
16602,264,261,3
16603,157,154,3
16604,140,137,3
16605,95,94,1
16606,220,214,6
16607,201,180,21
16608,391,372,19
16609,119,115,4
16610,50,50,0
16611,248,245,3
16612,68,68,0
16613,555,551,4
16614,162,162,0
16615,440,437,3
16616,263,261,2
16617,1031,1012,19
16618,160,158,2
16619,126,115,11
16620,1017,1012,5
16621,184,179,5
16622,151,146,5
16623,124,119,5
16624,120,116,4
16625,154,152,2
16626,139,138,1
16627,124,121,3
16628,442,432,10
16629,321,317,4
16630,384,378,6
16631,131,130,1
16632,234,229,5
16633,149,144,5
16634,217,212,5
16635,315,312,3
16636,140,139,1
16637,127,124,3
16638,116,114,2
16639,103,98,5
16640,132,129,3
16641,257,250,7
16642,140,136,4
16643,264,262,2
16644,458,451,7
16645,325,321,4
16646,342,328,14
16647,289,278,11
16648,84,84,0
16649,191,187,4
16650,49,43,6
16651,328,320,8
16652,185,182,3
16653,281,277,4
16654,75,75,0
16655,209,204,5
16656,110,108,2
16657,151,148,3
16658,182,182,0
16659,166,166,0
16660,671,667,4
16661,264,262,2
16662,186,183,3
16663,362,357,5
16664,176,171,5
16665,150,148,2
16666,240,235,5
16667,159,152,7
16668,214,205,9
16669,300,295,5
16670,301,299,2
16671,149,147,2
16672,179,177,2
16673,56,55,1
16674,275,271,4
16675,180,178,2
16676,511,494,17
16677,115,113,2
16678,197,190,7
16679,124,121,3
16680,136,133,3
16681,174,174,0
16682,151,140,11
16683,138,138,0
16684,132,129,3
16685,302,297,5
16686,186,185,1
16687,154,153,1
16688,220,214,6
16689,267,266,1
16690,123,123,0
16691,115,114,1
16692,123,115,8
16693,700,686,14
16694,126,126,0
16695,346,338,8
16696,79,76,3
16697,81,81,0
16698,127,126,1
16699,124,119,5
16700,161,155,6
16701,641,636,5
16702,292,284,8
16703,167,156,11
16704,974,937,37
16705,497,487,10
16706,152,151,1
16707,56,55,1
16708,339,330,9
16709,67,67,0
16710,311,300,11
16711,187,187,0
16712,240,238,2
16713,201,198,3
16714,163,159,4
16715,330,326,4
16716,129,125,4
16717,83,82,1
16718,153,152,1
16719,122,119,3
16720,128,128,0
16721,309,302,7
16722,201,201,0
16723,193,191,2
16724,169,169,0
16725,183,182,1
16726,228,225,3
16727,158,157,1
16728,181,178,3
16729,131,130,1
16730,106,104,2
16731,134,132,2
16732,870,847,23
16733,124,124,0
16734,536,532,4
16735,146,146,0
16736,155,152,3
16737,148,147,1
16738,366,362,4
16739,143,140,3
16740,48,46,2
16741,395,384,11
16742,115,111,4
16743,178,177,1
16744,113,111,2
16745,239,233,6
16746,106,103,3
16747,119,118,1
16748,148,146,2
16749,164,160,4
16750,538,522,16
16751,220,212,8
16752,142,140,2
16753,175,175,0
16754,223,223,0
16755,131,129,2
16756,807,794,13
16757,171,170,1
16758,122,122,0
16759,225,223,2
16760,107,106,1
16761,182,177,5
16762,132,128,4
16763,329,304,25
16764,529,522,7
16765,146,146,0
16766,148,147,1
16767,250,249,1
16768,797,791,6
16769,296,294,2
16770,142,141,1
16771,83,82,1
16772,171,169,2
16773,423,420,3
16774,130,129,1
16775,171,168,3
16776,36,34,2
16777,258,256,2
16778,209,205,4
16779,115,114,1
16780,130,128,2
16781,158,158,0
16782,250,246,4
16783,159,152,7
16784,300,291,9
16785,173,173,0
16786,59,58,1
16787,261,254,7
16788,76,76,0
16789,74,71,3
16790,43,42,1
16791,149,147,2
16792,123,121,2
16793,419,405,14
16794,361,349,12
16795,121,112,9
16796,152,151,1
16797,145,137,8
16798,103,102,1
16799,66,65,1
16800,223,219,4
16801,119,117,2
16802,126,118,8
16803,261,251,10
16804,303,293,10
16805,139,137,2
16806,137,134,3
16807,129,128,1
16808,99,96,3
16809,76,72,4
16810,121,119,2
16811,128,128,0
16812,126,123,3
16813,312,310,2
16814,309,307,2
16815,317,308,9
16816,152,149,3
16817,203,200,3
16818,108,104,4
16819,139,138,1
16820,323,321,2
16821,118,117,1
16822,357,350,7
16823,108,108,0
16824,159,158,1
16825,344,335,9
16826,312,305,7
16827,64,61,3
16828,231,226,5
16829,265,256,9
16830,291,288,3
16831,123,122,1
16832,584,575,9
16833,123,121,2
16834,106,105,1
16835,419,411,8
16836,141,139,2
16837,249,248,1
16838,318,314,4
16839,185,185,0
16840,224,223,1
16841,334,327,7
16842,116,115,1
16843,458,455,3
16844,135,134,1
16845,440,429,11
16846,44,43,1
16847,77,74,3
16848,68,61,7
16849,95,95,0
16850,127,125,2
16851,68,65,3
16852,93,90,3
16853,174,172,2
16854,13,13,0
16855,169,166,3
16856,201,194,7
16857,274,271,3
16858,138,132,6
16859,158,152,6
16860,51,50,1
16861,86,84,2
16862,197,196,1
16863,172,163,9
16864,377,376,1
16865,150,146,4
16866,136,132,4
16867,88,88,0
16868,157,151,6
16869,167,163,4
16870,82,81,1
16871,127,124,3
16872,433,425,8
16873,129,117,12
16874,693,676,17
16875,142,139,3
16876,291,287,4
16877,143,142,1
16878,56,56,0
16879,108,102,6
16880,245,239,6
16881,260,257,3
16882,676,662,14
16883,137,134,3
16884,540,533,7
16885,133,131,2
16886,212,205,7
16887,532,522,10
16888,167,164,3
16889,214,209,5
16890,185,180,5
16891,405,396,9
16892,248,246,2
16893,425,419,6
16894,130,128,2
16895,354,350,4
16896,493,472,21
16897,276,264,12
16898,131,127,4
16899,106,105,1
16900,135,134,1
16901,90,88,2
16902,221,219,2
16903,182,180,2
16904,117,112,5
16905,200,200,0
16906,460,449,11
16907,93,90,3
16908,90,88,2
16909,129,122,7
16910,277,276,1
16911,885,866,19
16912,142,140,2
16913,141,138,3
16914,353,340,13
16915,458,453,5
16916,144,133,11
16917,110,106,4
16918,127,125,2
16919,407,395,12
16920,229,223,6
16921,255,246,9
16922,724,713,11
16923,192,190,2
16924,191,189,2
16925,278,275,3
16926,124,122,2
16927,136,134,2
16928,128,128,0
16929,111,111,0
16930,132,129,3
16931,60,58,2
16932,231,222,9
16933,506,497,9
16934,191,188,3
16935,188,187,1
16936,140,137,3
16937,136,136,0
16938,150,136,14
16939,129,127,2
16940,303,303,0
16941,144,144,0
16942,122,120,2
16943,268,263,5
16944,184,181,3
16945,156,154,2
16946,170,170,0
16947,126,118,8
16948,323,317,6
16949,181,178,3
16950,336,329,7
16951,179,179,0
16952,309,307,2
16953,163,162,1
16954,294,281,13
16955,1007,983,24
16956,592,585,7
16957,480,478,2
16958,351,341,10
16959,249,248,1
16960,168,164,4
16961,399,393,6
16962,110,106,4
16963,113,111,2
16964,133,128,5
16965,83,80,3
16966,331,331,0
16967,361,356,5
16968,115,115,0
16969,238,231,7
16970,126,125,1
16971,224,221,3
16972,157,156,1
16973,328,326,2
16974,283,281,2
16975,126,124,2
16976,326,323,3
16977,373,361,12
16978,213,210,3
16979,134,134,0
16980,251,250,1
16981,183,179,4
16982,274,270,4
16983,546,525,21
16984,325,316,9
16985,285,282,3
16986,188,183,5
16987,124,118,6
16988,323,319,4
16989,620,615,5
16990,530,529,1
16991,326,321,5
16992,132,127,5
16993,185,182,3
16994,255,251,4
16995,132,131,1
16996,231,228,3
16997,108,108,0
16998,186,183,3
16999,154,150,4
17000,157,157,0
17001,197,188,9
17002,173,171,2
17003,298,292,6
17004,150,144,6
17005,150,146,4
17006,123,122,1
17007,129,126,3
17008,140,134,6
17009,309,303,6
17010,188,184,4
17011,104,104,0
17012,139,137,2
17013,251,248,3
17014,172,168,4
17015,185,183,2
17016,249,237,12
17017,167,161,6
17018,206,204,2
17019,197,188,9
17020,268,260,8
17021,128,124,4
17022,92,89,3
17023,99,97,2
17024,140,139,1
17025,209,206,3
17026,126,124,2
17027,389,385,4
17028,421,413,8
17029,163,159,4
17030,477,464,13
17031,112,109,3
17032,149,147,2
17033,226,223,3
17034,189,188,1
17035,366,357,9
17036,132,130,2
17037,283,278,5
17038,128,126,2
17039,222,215,7
17040,109,108,1
17041,103,103,0
17042,86,84,2
17043,164,163,1
17044,273,268,5
17045,192,188,4
17046,374,365,9
17047,201,198,3
17048,378,372,6
17049,116,112,4
17050,63,61,2
17051,52,51,1
17052,191,184,7
17053,97,97,0
17054,358,350,8
17055,101,99,2
17056,149,147,2
17057,207,200,7
17058,82,78,4
17059,234,231,3
17060,191,188,3
17061,588,581,7
17062,345,334,11
17063,182,181,1
17064,171,171,0
17065,234,224,10
17066,131,130,1
17067,126,125,1
17068,196,187,9
17069,148,148,0
17070,130,130,0
17071,265,262,3
17072,209,205,4
17073,140,139,1
17074,131,130,1
17075,310,303,7
17076,536,523,13
17077,119,119,0
17078,131,127,4
17079,121,118,3
17080,136,136,0
17081,295,291,4
17082,215,211,4
17083,107,105,2
17084,441,436,5
17085,119,113,6
17086,143,139,4
17087,122,117,5
17088,109,97,12
17089,121,119,2
17090,131,131,0
17091,157,157,0
17092,265,265,0
17093,144,144,0
17094,137,134,3
17095,238,234,4
17096,176,170,6
17097,135,134,1
17098,168,168,0
17099,178,172,6
17100,260,250,10
17101,148,145,3
17102,191,185,6
17103,647,623,24
17104,207,203,4
17105,127,124,3
17106,179,175,4
17107,228,225,3
17108,133,133,0
17109,115,113,2
17110,131,131,0
17111,234,230,4
17112,170,168,2
17113,243,235,8
17114,235,227,8
17115,126,124,2
17116,337,329,8
17117,417,410,7
17118,212,208,4
17119,110,104,6
17120,201,197,4
17121,84,84,0
17122,309,308,1
17123,94,91,3
17124,132,127,5
17125,361,347,14
17126,371,368,3
17127,124,123,1
17128,383,379,4
17129,450,445,5
17130,565,558,7
17131,162,160,2
17132,171,163,8
17133,93,93,0
17134,263,259,4
17135,118,117,1
17136,115,114,1
17137,167,167,0
17138,125,125,0
17139,231,228,3
17140,304,296,8
17141,411,409,2
17142,147,146,1
17143,117,116,1
17144,181,179,2
17145,453,441,12
17146,273,270,3
17147,131,131,0
17148,204,200,4
17149,622,597,25
17150,135,134,1
17151,329,321,8
17152,451,434,17
17153,187,181,6
17154,338,337,1
17155,289,278,11
17156,934,916,18
17157,54,51,3
17158,58,58,0
17159,87,86,1
17160,117,114,3
17161,257,251,6
17162,134,132,2
17163,46,45,1
17164,202,201,1
17165,433,424,9
17166,117,114,3
17167,218,213,5
17168,515,508,7
17169,359,352,7
17170,202,195,7
17171,127,126,1
17172,115,113,2
17173,65,65,0
17174,159,156,3
17175,226,224,2
17176,108,107,1
17177,241,237,4
17178,119,118,1
17179,228,226,2
17180,243,241,2
17181,133,132,1
17182,151,150,1
17183,148,145,3
17184,524,512,12
17185,342,333,9
17186,139,138,1
17187,47,45,2
17188,122,118,4
17189,163,154,9
17190,182,179,3
17191,130,130,0
17192,198,196,2
17193,397,389,8
17194,170,164,6
17195,929,904,25
17196,253,247,6
17197,267,260,7
17198,216,212,4
17199,657,638,19
17200,1362,1334,28
17201,805,785,20
17202,966,943,23
17203,260,258,2
17204,411,404,7
17205,455,440,15
17206,101,100,1
17207,110,101,9
17208,462,451,11
17209,197,189,8
17210,311,310,1
17211,385,372,13
17212,369,365,4
17213,128,128,0
17214,833,818,15
17215,132,132,0
17216,147,145,2
17217,152,145,7
17218,91,89,2
17219,88,85,3
17220,119,104,15
17221,522,516,6
17222,132,129,3
17223,307,299,8
17224,88,85,3
17225,544,534,10
17226,151,147,4
17227,160,158,2
17228,332,319,13
17229,487,479,8
17230,376,371,5
17231,100,97,3
17232,236,229,7
17233,197,192,5
17234,135,132,3
17235,147,145,2
17236,163,163,0
17237,239,237,2
17238,143,140,3
17239,137,133,4
17240,118,114,4
17241,242,237,5
17242,428,420,8
17243,133,128,5
17244,82,82,0
17245,1000,987,13
17246,424,404,20
17247,288,280,8
17248,255,248,7
17249,425,423,2
17250,173,170,3
17251,134,132,2
17252,155,153,2
17253,521,514,7
17254,334,330,4
17255,125,118,7
17256,187,187,0
17257,322,314,8
17258,79,79,0
17259,247,246,1
17260,132,132,0
17261,472,468,4
17262,151,150,1
17263,124,123,1
17264,138,135,3
17265,159,158,1
17266,181,178,3
17267,108,108,0
17268,230,225,5
17269,155,152,3
17270,102,100,2
17271,86,84,2
17272,296,287,9
17273,180,179,1
17274,286,279,7
17275,127,124,3
17276,218,217,1
17277,125,124,1
17278,279,272,7
17279,480,464,16
17280,656,640,16
17281,139,139,0
17282,148,146,2
17283,45,42,3
17284,331,326,5
17285,236,235,1
17286,241,238,3
17287,130,128,2
17288,83,82,1
17289,575,565,10
17290,81,81,0
17291,211,205,6
17292,148,146,2
17293,261,257,4
17294,149,148,1
17295,223,220,3
17296,193,189,4
17297,118,117,1
17298,149,147,2
17299,22,20,2
17300,301,296,5
17301,136,134,2
17302,341,338,3
17303,131,131,0
17304,84,83,1
17305,155,148,7
17306,256,242,14
17307,106,103,3
17308,67,66,1
17309,67,66,1
17310,50,49,1
17311,219,211,8
17312,103,100,3
17313,147,143,4
17314,57,57,0
17315,176,173,3
17316,174,171,3
17317,153,149,4
17318,201,197,4
17319,385,377,8
17320,123,120,3
17321,62,61,1
17322,226,216,10
17323,50,47,3
17324,98,92,6
17325,485,471,14
17326,173,164,9
17327,254,249,5
17328,290,277,13
17329,399,385,14
17330,98,97,1
17331,185,176,9
17332,139,131,8
17333,154,148,6
17334,156,151,5
17335,546,534,12
17336,255,244,11
17337,205,194,11
17338,179,175,4
17339,85,85,0
17340,375,370,5
17341,115,112,3
17342,182,180,2
17343,137,134,3
17344,70,67,3
17345,192,190,2
17346,125,122,3
17347,247,244,3
17348,130,129,1
17349,110,107,3
17350,189,187,2
17351,86,84,2
17352,173,173,0
17353,155,154,1
17354,284,282,2
17355,150,147,3
17356,191,188,3
17357,176,171,5
17358,317,311,6
17359,228,227,1
17360,459,449,10
17361,192,187,5
17362,119,118,1
17363,179,177,2
17364,133,132,1
17365,378,373,5
17366,124,122,2
17367,135,135,0
17368,602,595,7
17369,224,218,6
17370,138,138,0
17371,179,177,2
17372,131,128,3
17373,264,262,2
17374,173,171,2
17375,216,213,3
17376,193,193,0
17377,63,63,0
17378,443,438,5
17379,303,300,3
17380,499,493,6
17381,488,484,4
17382,42,39,3
17383,158,156,2
17384,162,162,0
17385,554,551,3
17386,147,146,1
17387,237,230,7
17388,146,143,3
17389,56,53,3
17390,151,148,3
17391,143,139,4
17392,74,73,1
17393,154,152,2
17394,20,20,0
17395,220,218,2
17396,144,140,4
17397,139,137,2
17398,200,199,1
17399,124,118,6
17400,156,155,1
17401,229,223,6
17402,150,150,0
17403,210,204,6
17404,123,119,4
17405,136,135,1
17406,190,189,1
17407,341,331,10
17408,149,146,3
17409,173,171,2
17410,128,123,5
17411,514,503,11
17412,167,166,1
17413,369,357,12
17414,158,156,2
17415,97,93,4
17416,340,329,11
17417,151,147,4
17418,368,360,8
17419,135,135,0
17420,225,222,3
17421,139,137,2
17422,128,124,4
17423,233,231,2
17424,102,102,0
17425,118,114,4
17426,214,212,2
17427,88,87,1
17428,65,64,1
17429,61,59,2
17430,96,90,6
17431,135,134,1
17432,132,130,2
17433,141,134,7
17434,183,180,3
17435,165,161,4
17436,58,58,0
17437,169,165,4
17438,530,526,4
17439,128,126,2
17440,433,428,5
17441,406,403,3
17442,211,209,2
17443,160,150,10
17444,173,158,15
17445,621,609,12
17446,226,224,2
17447,279,276,3
17448,508,495,13
17449,203,193,10
17450,376,361,15
17451,580,559,21
17452,139,137,2
17453,134,134,0
17454,103,102,1
17455,146,140,6
17456,201,195,6
17457,346,340,6
17458,172,171,1
17459,770,763,7
17460,352,348,4
17461,137,136,1
17462,976,938,38
17463,285,278,7
17464,137,137,0
17465,315,307,8
17466,293,282,11
17467,199,196,3
17468,124,123,1
17469,269,262,7
17470,214,211,3
17471,120,120,0
17472,91,90,1
17473,359,349,10
17474,207,204,3
17475,203,197,6
17476,105,105,0
17477,285,281,4
17478,176,173,3
17479,168,167,1
17480,278,277,1
17481,129,124,5
17482,252,250,2
17483,572,562,10
17484,484,479,5
17485,325,322,3
17486,175,173,2
17487,212,207,5
17488,134,133,1
17489,361,349,12
17490,186,183,3
17491,225,222,3
17492,169,164,5
17493,204,203,1
17494,650,644,6
17495,260,253,7
17496,558,544,14
17497,348,343,5
17498,441,433,8
17499,146,144,2
17500,584,582,2
17501,85,84,1
17502,54,53,1
17503,106,103,3
17504,149,147,2
17505,412,409,3
17506,753,737,16
17507,110,110,0
17508,209,204,5
17509,56,55,1
17510,185,185,0
17511,123,121,2
17512,963,945,18
17513,437,425,12
17514,100,93,7
17515,60,58,2
17516,140,133,7
17517,405,402,3
17518,616,594,22
17519,154,152,2
17520,318,309,9
17521,222,214,8
17522,146,145,1
17523,49,49,0
17524,145,139,6
17525,263,259,4
17526,244,234,10
17527,307,300,7
17528,161,155,6
17529,195,193,2
17530,218,215,3
17531,199,196,3
17532,410,400,10
17533,168,167,1
17534,142,139,3
17535,152,152,0
17536,142,141,1
17537,298,292,6
17538,212,208,4
17539,317,315,2
17540,156,153,3
17541,872,850,22
17542,176,173,3
17543,181,176,5
17544,140,137,3
17545,129,127,2
17546,204,204,0
17547,102,101,1
17548,490,488,2
17549,99,94,5
17550,387,384,3
17551,172,172,0
17552,369,363,6
17553,203,201,2
17554,94,92,2
17555,527,514,13
17556,71,69,2
17557,332,327,5
17558,198,196,2
17559,41,41,0
17560,158,152,6
17561,105,102,3
17562,239,236,3
17563,172,167,5
17564,137,136,1
17565,116,115,1
17566,145,143,2
17567,50,48,2
17568,293,288,5
17569,169,163,6
17570,139,135,4
17571,137,133,4
17572,305,295,10
17573,180,179,1
17574,129,126,3
17575,103,101,2
17576,151,146,5
17577,199,192,7
17578,384,383,1
17579,264,263,1
17580,161,160,1
17581,153,150,3
17582,208,208,0
17583,201,196,5
17584,819,783,36
17585,168,164,4
17586,399,386,13
17587,203,197,6
17588,212,204,8
17589,115,112,3
17590,133,129,4
17591,172,170,2
17592,146,143,3
17593,161,160,1
17594,162,159,3
17595,46,45,1
17596,213,209,4
17597,166,164,2
17598,201,196,5
17599,284,276,8
17600,231,229,2
17601,177,171,6
17602,325,310,15
17603,159,156,3
17604,127,122,5
17605,152,149,3
17606,280,270,10
17607,528,521,7
17608,582,571,11
17609,261,254,7
17610,242,239,3
17611,40,38,2
17612,201,197,4
17613,131,130,1
17614,113,109,4
17615,185,184,1
17616,162,160,2
17617,370,367,3
17618,932,922,10
17619,137,126,11
17620,192,190,2
17621,185,179,6
17622,500,486,14
17623,123,121,2
17624,370,367,3
17625,96,96,0
17626,233,231,2
17627,217,217,0
17628,136,134,2
17629,603,590,13
17630,103,101,2
17631,277,269,8
17632,255,248,7
17633,154,148,6
17634,110,101,9
17635,194,191,3
17636,76,75,1
17637,152,150,2
17638,246,245,1
17639,485,481,4
17640,505,504,1
17641,220,219,1
17642,119,119,0
17643,93,91,2
17644,162,158,4
17645,129,129,0
17646,130,130,0
17647,179,175,4
17648,141,139,2
17649,601,582,19
17650,220,216,4
17651,447,442,5
17652,173,171,2
17653,244,238,6
17654,185,182,3
17655,617,607,10
17656,178,177,1
17657,158,158,0
17658,304,303,1
17659,84,80,4
17660,55,54,1
17661,36,34,2
17662,196,195,1
17663,127,126,1
17664,93,92,1
17665,156,152,4
17666,112,110,2
17667,162,160,2
17668,243,242,1
17669,148,145,3
17670,263,260,3
17671,171,164,7
17672,119,119,0
17673,225,216,9
17674,171,167,4
17675,221,217,4
17676,123,122,1
17677,219,219,0
17678,253,251,2
17679,178,172,6
17680,131,124,7
17681,322,317,5
17682,261,257,4
17683,94,92,2
17684,47,47,0
17685,161,160,1
17686,454,449,5
17687,204,202,2
17688,427,413,14
17689,251,251,0
17690,242,242,0
17691,84,84,0
17692,194,190,4
17693,196,194,2
17694,137,132,5
17695,188,182,6
17696,79,79,0
17697,171,171,0
17698,141,140,1
17699,36,35,1
17700,153,150,3
17701,101,97,4
17702,352,348,4
17703,150,146,4
17704,148,145,3
17705,207,204,3
17706,187,179,8
17707,177,177,0
17708,179,178,1
17709,270,267,3
17710,250,243,7
17711,126,123,3
17712,140,139,1
17713,219,218,1
17714,317,315,2
17715,368,363,5
17716,255,253,2
17717,128,127,1
17718,133,131,2
17719,165,165,0
17720,153,148,5
17721,267,256,11
17722,378,371,7
17723,226,223,3
17724,152,150,2
17725,91,90,1
17726,342,339,3
17727,131,128,3
17728,469,458,11
17729,364,352,12
17730,128,123,5
17731,155,150,5
17732,325,317,8
17733,84,81,3
17734,115,111,4
17735,112,111,1
17736,284,281,3
17737,257,252,5
17738,31,31,0
17739,335,328,7
17740,211,209,2
17741,318,313,5
17742,907,887,20
17743,57,53,4
17744,173,172,1
17745,185,183,2
17746,141,138,3
17747,124,124,0
17748,130,124,6
17749,511,496,15
17750,222,217,5
17751,250,239,11
17752,155,149,6
17753,141,140,1
17754,104,104,0
17755,147,144,3
17756,134,131,3
17757,127,126,1
17758,129,124,5
17759,189,189,0
17760,197,191,6
17761,405,403,2
17762,517,494,23
17763,226,218,8
17764,282,277,5
17765,127,120,7
17766,153,147,6
17767,134,132,2
17768,81,81,0
17769,140,138,2
17770,141,140,1
17771,192,187,5
17772,182,180,2
17773,349,345,4
17774,125,123,2
17775,122,121,1
17776,246,239,7
17777,49,48,1
17778,137,134,3
17779,203,202,1
17780,375,367,8
17781,142,137,5
17782,129,129,0
17783,360,356,4
17784,213,207,6
17785,212,202,10
17786,370,362,8
17787,163,161,2
17788,132,129,3
17789,196,196,0
17790,213,210,3
17791,449,438,11
17792,292,288,4
17793,143,140,3
17794,265,258,7
17795,144,144,0
17796,129,129,0
17797,93,89,4
17798,159,157,2
17799,181,180,1
17800,525,514,11
17801,247,244,3
17802,186,183,3
17803,145,138,7
17804,151,149,2
17805,53,50,3
17806,87,83,4
17807,183,176,7
17808,128,126,2
17809,241,232,9
17810,100,100,0
17811,318,312,6
17812,206,200,6
17813,122,121,1
17814,348,330,18
17815,127,124,3
17816,744,729,15
17817,253,249,4
17818,472,462,10
17819,577,562,15
17820,228,220,8
17821,140,136,4
17822,184,182,2
17823,385,377,8
17824,222,218,4
17825,616,608,8
17826,353,349,4
17827,603,585,18
17828,147,143,4
17829,564,555,9
17830,493,486,7
17831,143,141,2
17832,75,71,4
17833,270,265,5
17834,69,68,1
17835,292,290,2
17836,63,62,1
17837,178,177,1
17838,237,233,4
17839,131,129,2
17840,376,373,3
17841,133,129,4
17842,414,408,6
17843,108,105,3
17844,112,110,2
17845,183,178,5
17846,192,190,2
17847,121,117,4
17848,121,114,7
17849,491,480,11
17850,265,261,4
17851,396,388,8
17852,148,143,5
17853,227,215,12
17854,159,154,5
17855,37,36,1
17856,170,163,7
17857,260,250,10
17858,365,360,5
17859,102,101,1
17860,61,58,3
17861,96,91,5
17862,180,177,3
17863,151,144,7
17864,183,183,0
17865,447,436,11
17866,472,453,19
17867,335,323,12
17868,232,230,2
17869,58,54,4
17870,266,259,7
17871,273,267,6
17872,70,70,0
17873,141,129,12
17874,124,116,8
17875,151,150,1
17876,816,806,10
17877,257,254,3
17878,1001,984,17
17879,312,308,4
17880,204,199,5
17881,107,106,1
17882,197,188,9
17883,182,181,1
17884,359,345,14
17885,335,333,2
17886,126,124,2
17887,217,214,3
17888,846,828,18
17889,189,186,3
17890,119,116,3
17891,276,272,4
17892,91,90,1
17893,372,351,21
17894,101,98,3
17895,134,131,3
17896,167,164,3
17897,127,126,1
17898,173,172,1
17899,188,184,4
17900,159,157,2
17901,884,866,18
17902,153,147,6
17903,84,82,2
17904,191,187,4
17905,191,186,5
17906,102,102,0
17907,273,273,0
17908,128,127,1
17909,133,131,2
17910,126,125,1
17911,317,307,10
17912,187,183,4
17913,139,135,4
17914,293,277,16
17915,760,728,32
17916,177,173,4
17917,241,241,0
17918,161,160,1
17919,113,106,7
17920,683,661,22
17921,89,87,2
17922,384,362,22
17923,120,113,7
17924,1034,979,55
17925,158,153,5
17926,68,65,3
17927,50,50,0
17928,152,151,1
17929,216,211,5
17930,243,238,5
17931,106,104,2
17932,185,178,7
17933,263,258,5
17934,554,533,21
17935,231,225,6
17936,422,419,3
17937,182,180,2
17938,163,158,5
17939,131,128,3
17940,121,118,3
17941,180,173,7
17942,207,201,6
17943,275,270,5
17944,212,207,5
17945,154,150,4
17946,162,160,2
17947,130,129,1
17948,248,235,13
17949,338,322,16
17950,379,365,14
17951,130,122,8
17952,186,172,14
17953,408,391,17
17954,111,108,3
17955,834,812,22
17956,131,123,8
17957,667,650,17
17958,363,351,12
17959,406,393,13
17960,235,232,3
17961,164,163,1
17962,311,309,2
17963,222,218,4
17964,81,79,2
17965,421,415,6
17966,149,148,1
17967,98,96,2
17968,102,90,12
17969,125,123,2
17970,196,195,1
17971,137,133,4
17972,150,149,1
17973,56,55,1
17974,401,388,13
17975,114,112,2
17976,91,91,0
17977,578,567,11
17978,448,438,10
17979,481,469,12
17980,752,720,32
17981,171,166,5
17982,886,874,12
17983,472,463,9
17984,128,128,0
17985,134,128,6
17986,307,289,18
17987,142,142,0
17988,126,123,3
17989,118,109,9
17990,420,406,14
17991,109,106,3
17992,342,329,13
17993,115,114,1
17994,176,170,6
17995,488,480,8
17996,108,105,3
17997,71,71,0
17998,138,137,1
17999,124,121,3
18000,135,135,0
18001,46,45,1
18002,49,49,0
18003,124,123,1
18004,166,165,1
18005,166,165,1
18006,63,63,0
18007,118,118,0
18008,133,132,1
18009,189,188,1
18010,82,80,2
18011,106,104,2
18012,206,203,3
18013,327,325,2
18014,695,680,15
18015,185,181,4
18016,218,216,2
18017,148,148,0
18018,167,164,3
18019,996,957,39
18020,314,304,10
18021,53,49,4
18022,169,169,0
18023,168,166,2
18024,87,86,1
18025,151,149,2
18026,206,204,2
18027,269,268,1
18028,133,130,3
18029,106,100,6
18030,236,235,1
18031,136,133,3
18032,251,248,3
18033,257,254,3
18034,146,145,1
18035,151,151,0
18036,77,74,3
18037,76,76,0
18038,191,189,2
18039,113,112,1
18040,420,417,3
18041,172,168,4
18042,149,145,4
18043,166,165,1
18044,231,229,2
18045,47,47,0
18046,59,58,1
18047,299,295,4
18048,327,326,1
18049,177,175,2
18050,365,357,8
18051,31,31,0
18052,115,114,1
18053,131,130,1
18054,867,852,15
18055,154,154,0
18056,133,132,1
18057,131,128,3
18058,107,105,2
18059,128,124,4
18060,162,159,3
18061,261,257,4
18062,134,132,2
18063,148,146,2
18064,204,202,2
18065,381,373,8
18066,213,209,4
18067,154,150,4
18068,393,387,6
18069,137,135,2
18070,209,205,4
18071,159,158,1
18072,126,124,2
18073,133,132,1
18074,312,300,12
18075,495,489,6
18076,192,187,5
18077,183,179,4
18078,141,139,2
18079,94,91,3
18080,204,199,5
18081,74,72,2
18082,178,178,0
18083,539,533,6
18084,175,172,3
18085,66,65,1
18086,169,169,0
18087,119,112,7
18088,891,883,8
18089,384,380,4
18090,213,212,1
18091,269,266,3
18092,441,435,6
18093,128,124,4
18094,168,167,1
18095,116,115,1
18096,172,168,4
18097,843,832,11
18098,143,142,1
18099,118,117,1
18100,175,174,1
18101,173,170,3
18102,251,247,4
18103,439,435,4
18104,1002,975,27
18105,58,58,0
18106,274,264,10
18107,375,373,2
18108,59,56,3
18109,135,133,2
18110,291,287,4
18111,289,287,2
18112,139,130,9
18113,145,140,5
18114,452,449,3
18115,147,147,0
18116,143,143,0
18117,181,177,4
18118,248,244,4
18119,646,639,7
18120,167,162,5
18121,149,143,6
18122,265,251,14
18123,122,117,5
18124,292,289,3
18125,135,133,2
18126,284,274,10
18127,117,115,2
18128,133,131,2
18129,111,109,2
18130,430,422,8
18131,199,197,2
18132,149,146,3
18133,294,287,7
18134,494,479,15
18135,1000,963,37
18136,609,606,3
18137,255,253,2
18138,623,614,9
18139,85,82,3
18140,126,125,1
18141,264,261,3
18142,166,161,5
18143,364,362,2
18144,222,213,9
18145,216,207,9
18146,435,424,11
18147,60,58,2
18148,151,146,5
18149,845,837,8
18150,189,183,6
18151,183,171,12
18152,160,157,3
18153,228,227,1
18154,147,144,3
18155,140,139,1
18156,45,42,3
18157,133,131,2
18158,554,545,9
18159,152,149,3
18160,191,189,2
18161,293,288,5
18162,204,196,8
18163,194,191,3
18164,146,142,4
18165,167,160,7
18166,164,158,6
18167,201,199,2
18168,168,168,0
18169,100,99,1
18170,90,89,1
18171,88,87,1
18172,203,200,3
18173,143,143,0
18174,154,154,0
18175,161,153,8
18176,65,63,2
18177,98,96,2
18178,98,94,4
18179,136,134,2
18180,367,364,3
18181,158,157,1
18182,148,144,4
18183,189,188,1
18184,286,279,7
18185,97,96,1
18186,348,327,21
18187,439,421,18
18188,127,119,8
18189,135,131,4
18190,110,109,1
18191,98,96,2
18192,218,215,3
18193,70,70,0
18194,58,58,0
18195,206,204,2
18196,508,503,5
18197,172,172,0
18198,110,100,10
18199,304,302,2
18200,713,707,6
18201,308,307,1
18202,557,555,2
18203,242,241,1
18204,121,121,0
18205,192,189,3
18206,186,182,4
18207,259,257,2
18208,321,314,7
18209,164,163,1
18210,56,56,0
18211,656,640,16
18212,261,260,1
18213,376,368,8
18214,203,199,4
18215,281,279,2
18216,230,220,10
18217,125,123,2
18218,132,126,6
18219,209,204,5
18220,128,124,4
18221,327,313,14
18222,277,272,5
18223,129,122,7
18224,310,302,8
18225,365,356,9
18226,306,299,7
18227,99,97,2
18228,70,69,1
18229,156,153,3
18230,236,230,6
18231,175,170,5
18232,123,122,1
18233,285,279,6
18234,32,32,0
18235,38,37,1
18236,90,89,1
18237,50,50,0
18238,102,102,0
18239,264,257,7
18240,150,149,1
18241,304,297,7
18242,63,60,3
18243,362,358,4
18244,50,49,1
18245,130,127,3
18246,53,51,2
18247,675,654,21
18248,96,94,2
18249,179,173,6
18250,134,130,4
18251,93,92,1
18252,539,527,12
18253,225,219,6
18254,48,47,1
18255,128,127,1
18256,837,826,11
18257,106,101,5
18258,139,133,6
18259,194,192,2
18260,31,30,1
18261,237,234,3
18262,242,239,3
18263,195,190,5
18264,52,51,1
18265,187,178,9
18266,166,165,1
18267,123,122,1
18268,128,124,4
18269,395,385,10
18270,178,175,3
18271,235,234,1
18272,401,401,0
18273,169,166,3
18274,243,234,9
18275,249,239,10
18276,705,680,25
18277,159,155,4
18278,463,449,14
18279,121,117,4
18280,120,117,3
18281,134,128,6
18282,592,583,9
18283,135,133,2
18284,214,208,6
18285,165,161,4
18286,225,223,2
18287,442,433,9
18288,122,121,1
18289,298,283,15
18290,196,193,3
18291,268,255,13
18292,148,146,2
18293,356,354,2
18294,94,90,4
18295,666,660,6
18296,148,146,2
18297,173,172,1
18298,196,196,0
18299,135,129,6
18300,141,141,0
18301,531,519,12
18302,318,306,12
18303,256,255,1
18304,196,192,4
18305,104,102,2
18306,234,223,11
18307,303,297,6
18308,263,258,5
18309,536,528,8
18310,169,168,1
18311,108,106,2
18312,129,129,0
18313,151,148,3
18314,144,141,3
18315,176,171,5
18316,121,119,2
18317,127,127,0
18318,324,321,3
18319,228,228,0
18320,251,250,1
18321,107,105,2
18322,240,236,4
18323,254,252,2
18324,179,178,1
18325,398,384,14
18326,373,365,8
18327,261,256,5
18328,377,371,6
18329,338,333,5
18330,553,536,17
18331,95,91,4
18332,279,273,6
18333,318,314,4
18334,283,276,7
18335,157,156,1
18336,126,124,2
18337,157,156,1
18338,116,114,2
18339,733,717,16
18340,982,971,11
18341,380,376,4
18342,135,132,3
18343,463,453,10
18344,188,183,5
18345,396,384,12
18346,405,397,8
18347,855,845,10
18348,529,521,8
18349,66,65,1
18350,127,127,0
18351,104,100,4
18352,213,210,3
18353,129,129,0
18354,127,126,1
18355,234,232,2
18356,346,312,34
18357,175,175,0
18358,160,159,1
18359,185,183,2
18360,300,293,7
18361,43,40,3
18362,55,54,1
18363,114,112,2
18364,942,921,21
18365,268,267,1
18366,132,131,1
18367,193,192,1
18368,730,717,13
18369,147,143,4
18370,145,143,2
18371,146,146,0
18372,320,317,3
18373,224,221,3
18374,130,129,1
18375,143,142,1
18376,523,516,7
18377,160,156,4
18378,167,166,1
18379,381,370,11
18380,150,146,4
18381,159,156,3
18382,147,145,2
18383,745,733,12
18384,163,163,0
18385,977,954,23
18386,146,144,2
18387,349,347,2
18388,90,88,2
18389,121,115,6
18390,180,178,2
18391,498,487,11
18392,403,397,6
18393,356,350,6
18394,385,385,0
18395,495,483,12
18396,149,149,0
18397,145,145,0
18398,105,100,5
18399,145,143,2
18400,311,293,18
18401,90,87,3
18402,116,114,2
18403,377,369,8
18404,125,124,1
18405,315,311,4
18406,305,291,14
18407,169,168,1
18408,285,280,5
18409,180,177,3
18410,295,292,3
18411,145,142,3
18412,588,579,9
18413,109,108,1
18414,99,98,1
18415,147,144,3
18416,200,198,2
18417,198,193,5
18418,197,194,3
18419,341,339,2
18420,126,126,0
18421,150,150,0
18422,101,100,1
18423,61,58,3
18424,338,334,4
18425,111,109,2
18426,258,253,5
18427,149,148,1
18428,217,215,2
18429,137,134,3
18430,139,138,1
18431,140,137,3
18432,47,47,0
18433,1005,967,38
18434,308,280,28
18435,137,134,3
18436,192,191,1
18437,452,429,23
18438,173,169,4
18439,135,132,3
18440,151,146,5
18441,228,222,6
18442,252,238,14
18443,278,268,10
18444,587,584,3
18445,321,319,2
18446,131,131,0
18447,173,170,3
18448,150,149,1
18449,563,556,7
18450,184,178,6
18451,205,194,11
18452,625,604,21
18453,117,116,1
18454,160,159,1
18455,240,238,2
18456,185,181,4
18457,300,295,5
18458,113,109,4
18459,112,111,1
18460,184,178,6
18461,132,132,0
18462,146,144,2
18463,92,90,2
18464,122,121,1
18465,93,91,2
18466,182,182,0
18467,118,110,8
18468,64,61,3
18469,54,53,1
18470,93,91,2
18471,683,665,18
18472,189,184,5
18473,132,127,5
18474,175,171,4
18475,102,102,0
18476,119,119,0
18477,1028,1017,11
18478,83,81,2
18479,125,122,3
18480,202,197,5
18481,137,136,1
18482,399,392,7
18483,162,160,2
18484,138,137,1
18485,247,240,7
18486,134,133,1
18487,95,93,2
18488,298,296,2
18489,231,229,2
18490,168,165,3
18491,125,125,0
18492,143,143,0
18493,717,707,10
18494,612,608,4
18495,170,168,2
18496,182,176,6
18497,150,150,0
18498,169,169,0
18499,308,301,7
18500,416,412,4
18501,213,211,2
18502,618,613,5
18503,386,384,2
18504,266,264,2
18505,317,314,3
18506,177,175,2
18507,440,434,6
18508,211,210,1
18509,156,152,4
18510,170,163,7
18511,136,135,1
18512,102,100,2
18513,180,177,3
18514,256,250,6
18515,298,298,0
18516,61,61,0
18517,142,138,4
18518,137,133,4
18519,143,140,3
18520,168,162,6
18521,536,526,10
18522,212,206,6
18523,323,321,2
18524,389,375,14
18525,289,283,6
18526,146,143,3
18527,159,157,2
18528,257,250,7
18529,167,162,5
18530,392,382,10
18531,132,130,2
18532,735,724,11
18533,363,358,5
18534,467,449,18
18535,335,331,4
18536,170,166,4
18537,463,446,17
18538,136,131,5
18539,183,183,0
18540,178,170,8
18541,226,221,5
18542,160,154,6
18543,331,330,1
18544,205,201,4
18545,155,149,6
18546,77,77,0
18547,591,564,27
18548,202,202,0
18549,282,275,7
18550,152,151,1
18551,158,150,8
18552,470,436,34
18553,72,70,2
18554,375,368,7
18555,270,263,7
18556,38,35,3
18557,46,43,3
18558,302,292,10
18559,251,243,8
18560,484,424,60
18561,89,86,3
18562,144,142,2
18563,661,653,8
18564,154,152,2
18565,167,164,3
18566,151,151,0
18567,106,105,1
18568,108,106,2
18569,138,138,0
18570,168,163,5
18571,130,130,0
18572,729,711,18
18573,428,425,3
18574,116,113,3
18575,207,205,2
18576,163,162,1
18577,271,269,2
18578,96,92,4
18579,129,126,3
18580,176,172,4
18581,32,32,0
18582,228,223,5
18583,166,163,3
18584,370,364,6
18585,122,120,2
18586,136,134,2
18587,173,164,9
18588,263,258,5
18589,196,192,4
18590,247,243,4
18591,160,159,1
18592,96,95,1
18593,150,147,3
18594,432,430,2
18595,314,310,4
18596,169,151,18
18597,167,166,1
18598,126,126,0
18599,142,138,4
18600,145,144,1
18601,142,141,1
18602,150,149,1
18603,204,200,4
18604,513,509,4
18605,134,129,5
18606,136,133,3
18607,402,390,12
18608,156,155,1
18609,419,412,7
18610,344,340,4
18611,82,81,1
18612,72,72,0
18613,125,123,2
18614,178,170,8
18615,114,114,0
18616,665,654,11
18617,178,176,2
18618,164,162,2
18619,322,303,19
18620,240,239,1
18621,280,276,4
18622,164,163,1
18623,205,205,0
18624,150,148,2
18625,119,114,5
18626,146,144,2
18627,115,114,1
18628,358,345,13
18629,164,163,1
18630,219,210,9
18631,214,211,3
18632,246,246,0
18633,160,151,9
18634,211,209,2
18635,340,337,3
18636,244,242,2
18637,122,122,0
18638,181,181,0
18639,608,587,21
18640,348,340,8
18641,175,172,3
18642,201,197,4
18643,68,63,5
18644,101,98,3
18645,385,362,23
18646,165,148,17
18647,244,226,18
18648,197,189,8
18649,169,164,5
18650,339,337,2
18651,135,130,5
18652,45,40,5
18653,136,133,3
18654,63,59,4
18655,367,363,4
18656,37,35,2
18657,168,165,3
18658,185,182,3
18659,538,524,14
18660,130,130,0
18661,188,185,3
18662,164,161,3
18663,89,89,0
18664,125,124,1
18665,118,114,4
18666,268,257,11
18667,65,65,0
18668,156,154,2
18669,582,572,10
18670,230,220,10
18671,293,286,7
18672,434,424,10
18673,148,143,5
18674,129,127,2
18675,46,45,1
18676,169,162,7
18677,47,46,1
18678,265,261,4
18679,249,245,4
18680,112,110,2
18681,212,208,4
18682,631,617,14
18683,450,445,5
18684,552,543,9
18685,123,121,2
18686,177,176,1
18687,210,208,2
18688,263,261,2
18689,214,209,5
18690,120,119,1
18691,169,167,2
18692,127,127,0
18693,201,195,6
18694,195,191,4
18695,489,478,11
18696,80,79,1
18697,258,242,16
18698,274,271,3
18699,225,217,8
18700,186,184,2
18701,173,170,3
18702,123,121,2
18703,141,138,3
18704,384,380,4
18705,254,251,3
18706,218,216,2
18707,257,251,6
18708,167,164,3
18709,142,142,0
18710,61,60,1
18711,256,252,4
18712,138,138,0
18713,141,137,4
18714,491,480,11
18715,132,132,0
18716,144,143,1
18717,373,369,4
18718,138,135,3
18719,183,180,3
18720,152,146,6
18721,1025,989,36
18722,498,494,4
18723,130,129,1
18724,291,291,0
18725,156,149,7
18726,207,204,3
18727,124,121,3
18728,236,230,6
18729,259,251,8
18730,394,391,3
18731,659,646,13
18732,202,194,8
18733,102,100,2
18734,126,123,3
18735,181,172,9
18736,134,133,1
18737,115,111,4
18738,140,132,8
18739,547,539,8
18740,240,238,2
18741,117,117,0
18742,353,342,11
18743,981,934,47
18744,386,371,15
18745,132,126,6
18746,264,253,11
18747,358,341,17
18748,232,229,3
18749,146,135,11
18750,135,127,8
18751,632,613,19
18752,237,234,3
18753,152,150,2
18754,128,127,1
18755,142,136,6
18756,270,264,6
18757,272,260,12
18758,67,64,3
18759,327,326,1
18760,523,518,5
18761,168,168,0
18762,779,773,6
18763,130,128,2
18764,63,58,5
18765,563,561,2
18766,182,180,2
18767,328,309,19
18768,119,119,0
18769,310,304,6
18770,119,116,3
18771,276,274,2
18772,121,118,3
18773,136,135,1
18774,146,142,4
18775,155,148,7
18776,149,146,3
18777,242,229,13
18778,71,70,1
18779,137,135,2
18780,357,352,5
18781,144,144,0
18782,613,595,18
18783,173,171,2
18784,194,192,2
18785,774,756,18
18786,386,381,5
18787,134,129,5
18788,263,256,7
18789,60,58,2
18790,301,287,14
18791,57,57,0
18792,79,73,6
18793,176,172,4
18794,187,185,2
18795,164,164,0
18796,236,236,0
18797,628,621,7
18798,381,378,3
18799,284,279,5
18800,149,144,5
18801,257,251,6
18802,169,163,6
18803,121,117,4
18804,177,174,3
18805,193,190,3
18806,37,37,0
18807,632,624,8
18808,99,99,0
18809,104,100,4
18810,119,119,0
18811,181,177,4
18812,196,193,3
18813,172,167,5
18814,176,174,2
18815,276,267,9
18816,136,132,4
18817,77,76,1
18818,166,159,7
18819,103,102,1
18820,224,216,8
18821,194,190,4
18822,350,338,12
18823,139,133,6
18824,154,152,2
18825,663,661,2
18826,263,258,5
18827,157,157,0
18828,451,448,3
18829,234,227,7
18830,322,317,5
18831,114,112,2
18832,332,328,4
18833,149,147,2
18834,149,147,2
18835,297,284,13
18836,212,209,3
18837,378,374,4
18838,318,312,6
18839,576,565,11
18840,754,734,20
18841,129,129,0
18842,172,172,0
18843,206,203,3
18844,119,118,1
18845,161,153,8
18846,149,146,3
18847,405,401,4
18848,38,38,0
18849,96,94,2
18850,38,38,0
18851,157,157,0
18852,261,257,4
18853,573,565,8
18854,332,330,2
18855,173,170,3
18856,103,100,3
18857,578,560,18
18858,134,132,2
18859,89,89,0
18860,130,130,0
18861,289,281,8
18862,197,193,4
18863,252,242,10
18864,179,179,0
18865,112,109,3
18866,449,442,7
18867,301,294,7
18868,216,198,18
18869,164,163,1
18870,352,350,2
18871,167,166,1
18872,237,229,8
18873,446,440,6
18874,42,42,0
18875,403,401,2
18876,146,136,10
18877,404,388,16
18878,191,189,2
18879,486,480,6
18880,1030,1016,14
18881,1082,1065,17
18882,766,754,12
18883,332,324,8
18884,150,147,3
18885,553,538,15
18886,138,134,4
18887,216,212,4
18888,159,154,5
18889,180,172,8
18890,129,128,1
18891,448,430,18
18892,268,262,6
18893,179,175,4
18894,299,291,8
18895,140,137,3
18896,245,242,3
18897,225,222,3
18898,388,377,11
18899,128,124,4
18900,129,123,6
18901,120,111,9
18902,133,130,3
18903,164,163,1
18904,901,863,38
18905,315,308,7
18906,237,235,2
18907,140,136,4
18908,358,353,5
18909,267,264,3
18910,94,90,4
18911,131,131,0
18912,114,113,1
18913,172,171,1
18914,249,243,6
18915,472,459,13
18916,253,247,6
18917,302,292,10
18918,557,544,13
18919,161,160,1
18920,127,126,1
18921,172,172,0
18922,104,103,1
18923,163,161,2
18924,260,250,10
18925,469,463,6
18926,143,141,2
18927,128,127,1
18928,141,140,1
18929,151,150,1
18930,128,127,1
18931,172,171,1
18932,190,184,6
18933,111,111,0
18934,760,751,9
18935,505,497,8
18936,136,133,3
18937,159,157,2
18938,215,204,11
18939,361,356,5
18940,237,236,1
18941,143,140,3
18942,126,122,4
18943,189,189,0
18944,269,266,3
18945,369,368,1
18946,749,738,11
18947,146,144,2
18948,166,160,6
18949,231,230,1
18950,164,163,1
18951,336,335,1
18952,179,179,0
18953,162,160,2
18954,446,434,12
18955,186,184,2
18956,61,60,1
18957,211,203,8
18958,344,333,11
18959,659,654,5
18960,419,409,10
18961,798,786,12
18962,179,178,1
18963,165,160,5
18964,167,165,2
18965,107,107,0
18966,255,241,14
18967,217,211,6
18968,115,112,3
18969,997,979,18
18970,257,255,2
18971,329,324,5
18972,184,179,5
18973,402,397,5
18974,154,148,6
18975,258,252,6
18976,168,168,0
18977,201,195,6
18978,342,337,5
18979,132,131,1
18980,133,131,2
18981,588,572,16
18982,113,109,4
18983,69,66,3
18984,879,869,10
18985,154,146,8
18986,138,129,9
18987,212,210,2
18988,131,128,3
18989,601,596,5
18990,222,212,10
18991,409,409,0
18992,413,413,0
18993,50,50,0
18994,181,174,7
18995,294,291,3
18996,269,265,4
18997,252,245,7
18998,175,175,0
18999,365,355,10
19000,141,138,3
19001,796,783,13
19002,242,235,7
19003,270,264,6
19004,143,141,2
19005,327,326,1
19006,500,494,6
19007,333,326,7
19008,143,143,0
19009,536,526,10
19010,128,126,2
19011,149,147,2
19012,194,190,4
19013,84,84,0
19014,153,152,1
19015,355,345,10
19016,145,142,3
19017,179,176,3
19018,430,419,11
19019,975,954,21
19020,441,437,4
19021,135,132,3
19022,41,40,1
19023,230,226,4
19024,280,277,3
19025,261,260,1
19026,180,177,3
19027,100,99,1
19028,432,430,2
19029,27,23,4
19030,141,137,4
19031,139,137,2
19032,132,132,0
19033,276,268,8
19034,142,141,1
19035,131,130,1
19036,636,627,9
19037,188,186,2
19038,489,476,13
19039,225,219,6
19040,221,218,3
19041,731,710,21
19042,144,144,0
19043,161,156,5
19044,330,323,7
19045,346,339,7
19046,162,158,4
19047,124,122,2
19048,177,175,2
19049,132,128,4
19050,104,104,0
19051,129,126,3
19052,119,118,1
19053,153,150,3
19054,143,140,3
19055,248,243,5
19056,93,88,5
19057,155,150,5
19058,157,153,4
19059,206,204,2
19060,370,364,6
19061,55,53,2
19062,253,252,1
19063,325,320,5
19064,332,331,1
19065,330,322,8
19066,261,252,9
19067,165,164,1
19068,246,244,2
19069,163,162,1
19070,123,119,4
19071,191,185,6
19072,109,108,1
19073,130,129,1
19074,179,177,2
19075,188,183,5
19076,199,198,1
19077,373,366,7
19078,45,45,0
19079,93,92,1
19080,244,238,6
19081,152,148,4
19082,343,334,9
19083,635,627,8
19084,183,179,4
19085,63,61,2
19086,117,113,4
19087,151,147,4
19088,327,317,10
19089,238,236,2
19090,95,93,2
19091,240,236,4
19092,135,133,2
19093,185,183,2
19094,89,88,1
19095,390,378,12
19096,315,315,0
19097,150,146,4
19098,365,348,17
19099,288,287,1
19100,124,122,2
19101,107,106,1
19102,225,224,1
19103,254,249,5
19104,282,277,5
19105,129,125,4
19106,124,123,1
19107,144,138,6
19108,161,159,2
19109,203,195,8
19110,138,137,1
19111,264,258,6
19112,244,244,0
19113,371,366,5
19114,144,143,1
19115,109,106,3
19116,172,166,6
19117,161,155,6
19118,120,117,3
19119,268,263,5
19120,795,781,14
19121,169,166,3
19122,241,241,0
19123,166,163,3
19124,226,222,4
19125,430,425,5
19126,193,187,6
19127,271,271,0
19128,171,169,2
19129,152,151,1
19130,759,741,18
19131,109,107,2
19132,63,62,1
19133,192,192,0
19134,159,153,6
19135,204,203,1
19136,519,514,5
19137,128,125,3
19138,362,358,4
19139,168,167,1
19140,365,359,6
19141,623,613,10
19142,134,132,2
19143,139,133,6
19144,497,483,14
19145,132,130,2
19146,350,340,10
19147,284,278,6
19148,248,244,4
19149,457,437,20
19150,327,312,15
19151,191,178,13
19152,280,264,16
19153,544,520,24
19154,660,648,12
19155,242,240,2
19156,124,123,1
19157,260,256,4
19158,162,156,6
19159,88,87,1
19160,251,247,4
19161,876,870,6
19162,125,123,2
19163,614,612,2
19164,259,255,4
19165,797,787,10
19166,185,184,1
19167,134,132,2
19168,101,101,0
19169,121,121,0
19170,194,193,1
19171,154,151,3
19172,146,141,5
19173,282,277,5
19174,495,487,8
19175,207,202,5
19176,167,167,0
19177,317,313,4
19178,447,440,7
19179,165,159,6
19180,248,241,7
19181,231,220,11
19182,170,165,5
19183,138,135,3
19184,200,199,1
19185,171,170,1
19186,130,129,1
19187,204,199,5
19188,143,140,3
19189,177,174,3
19190,147,143,4
19191,118,116,2
19192,397,396,1
19193,132,131,1
19194,239,227,12
19195,141,138,3
19196,130,124,6
19197,126,125,1
19198,147,147,0
19199,169,168,1
19200,200,194,6
19201,227,224,3
19202,88,88,0
19203,107,105,2
19204,536,520,16
19205,99,96,3
19206,60,60,0
19207,229,220,9
19208,309,295,14
19209,190,185,5
19210,212,197,15
19211,259,253,6
19212,170,165,5
19213,485,473,12
19214,255,253,2
19215,229,229,0
19216,198,194,4
19217,263,260,3
19218,540,531,9
19219,144,143,1
19220,495,492,3
19221,649,629,20
19222,241,232,9
19223,99,99,0
19224,142,139,3
19225,155,153,2
19226,172,171,1
19227,231,228,3
19228,375,366,9
19229,114,113,1
19230,282,273,9
19231,434,425,9
19232,504,496,8
19233,434,426,8
19234,364,360,4
19235,149,147,2
19236,384,373,11
19237,420,408,12
19238,333,317,16
19239,186,183,3
19240,116,115,1
19241,153,152,1
19242,228,226,2
19243,194,192,2
19244,417,416,1
19245,127,122,5
19246,55,54,1
19247,167,165,2
19248,108,106,2
19249,116,109,7
19250,159,157,2
19251,164,163,1
19252,238,235,3
19253,203,201,2
19254,526,506,20
19255,251,246,5
19256,278,276,2
19257,248,246,2
19258,137,137,0
19259,160,159,1
19260,107,106,1
19261,253,253,0
19262,316,314,2
19263,140,139,1
19264,157,157,0
19265,277,270,7
19266,115,115,0
19267,132,132,0
19268,159,156,3
19269,264,260,4
19270,155,154,1
19271,126,126,0
19272,429,428,1
19273,295,293,2
19274,604,596,8
19275,248,244,4
19276,219,216,3
19277,159,154,5
19278,222,220,2
19279,352,350,2
19280,240,239,1
19281,691,665,26
19282,524,517,7
19283,232,224,8
19284,247,238,9
19285,219,216,3
19286,227,219,8
19287,110,109,1
19288,168,167,1
19289,216,210,6
19290,136,136,0
19291,75,75,0
19292,41,41,0
19293,74,74,0
19294,50,49,1
19295,215,209,6
19296,72,72,0
19297,110,108,2
19298,191,185,6
19299,92,91,1
19300,56,55,1
19301,107,97,10
19302,71,71,0
19303,169,167,2
19304,277,277,0
19305,178,176,2
19306,119,119,0
19307,131,129,2
19308,140,137,3
19309,127,125,2
19310,139,136,3
19311,298,296,2
19312,316,316,0
19313,187,183,4
19314,246,245,1
19315,172,171,1
19316,256,254,2
19317,135,134,1
19318,166,165,1
19319,500,489,11
19320,139,137,2
19321,208,207,1
19322,408,405,3
19323,132,130,2
19324,228,225,3
19325,140,139,1
19326,101,99,2
19327,146,143,3
19328,216,209,7
19329,369,366,3
19330,126,116,10
19331,181,178,3
19332,349,343,6
19333,335,325,10
19334,564,543,21
19335,601,574,27
19336,138,135,3
19337,211,206,5
19338,162,158,4
19339,78,76,2
19340,369,364,5
19341,173,171,2
19342,112,112,0
19343,197,192,5
19344,324,324,0
19345,315,307,8
19346,271,269,2
19347,48,48,0
19348,133,131,2
19349,203,199,4
19350,365,353,12
19351,213,210,3
19352,100,94,6
19353,236,235,1
19354,100,99,1
19355,322,311,11
19356,149,145,4
19357,395,391,4
19358,186,185,1
19359,216,214,2
19360,99,96,3
19361,127,127,0
19362,130,128,2
19363,124,120,4
19364,316,310,6
19365,148,145,3
19366,56,56,0
19367,135,134,1
19368,471,461,10
19369,159,154,5
19370,498,484,14
19371,240,233,7
19372,122,121,1
19373,161,150,11
19374,157,151,6
19375,249,236,13
19376,118,113,5
19377,127,121,6
19378,199,193,6
19379,217,211,6
19380,132,129,3
19381,401,386,15
19382,131,130,1
19383,111,108,3
19384,422,414,8
19385,195,189,6
19386,978,970,8
19387,77,75,2
19388,497,491,6
19389,307,301,6
19390,151,151,0
19391,127,126,1
19392,212,211,1
19393,167,163,4
19394,253,251,2
19395,271,262,9
19396,156,152,4
19397,599,593,6
19398,31,31,0
19399,699,689,10
19400,156,154,2
19401,125,118,7
19402,227,224,3
19403,126,124,2
19404,131,130,1
19405,142,140,2
19406,337,335,2
19407,129,129,0
19408,362,360,2
19409,77,76,1
19410,106,104,2
19411,221,219,2
19412,141,140,1
19413,106,105,1
19414,169,168,1
19415,234,229,5
19416,796,784,12
19417,156,156,0
19418,178,176,2
19419,244,240,4
19420,162,160,2
19421,242,239,3
19422,393,392,1
19423,452,447,5
19424,112,112,0
19425,83,82,1
19426,295,289,6
19427,323,314,9
19428,309,307,2
19429,346,334,12
19430,270,264,6
19431,72,72,0
19432,128,126,2
19433,107,103,4
19434,126,125,1
19435,175,172,3
19436,162,162,0
19437,120,120,0
19438,129,126,3
19439,149,145,4
19440,138,138,0
19441,129,129,0
19442,333,328,5
19443,122,121,1
19444,74,74,0
19445,119,116,3
19446,228,226,2
19447,68,67,1
19448,96,95,1
19449,151,150,1
19450,112,105,7
19451,240,233,7
19452,137,136,1
19453,137,136,1
19454,121,121,0
19455,270,265,5
19456,70,70,0
19457,126,125,1
19458,279,274,5
19459,234,229,5
19460,220,217,3
19461,170,169,1
19462,226,224,2
19463,163,162,1
19464,158,158,0
19465,82,81,1
19466,742,714,28
19467,138,136,2
19468,81,78,3
19469,140,140,0
19470,314,305,9
19471,216,208,8
19472,434,424,10
19473,370,362,8
19474,432,404,28
19475,677,637,40
19476,147,137,10
19477,157,151,6
19478,300,285,15
19479,261,254,7
19480,162,157,5
19481,73,71,2
19482,116,114,2
19483,272,266,6
19484,282,272,10
19485,251,249,2
19486,43,43,0
19487,130,129,1
19488,107,102,5
19489,137,132,5
19490,294,287,7
19491,154,152,2
19492,237,236,1
19493,177,176,1
19494,213,212,1
19495,152,150,2
19496,562,555,7
19497,389,378,11
19498,189,188,1
19499,293,280,13
19500,71,68,3
19501,248,247,1
19502,191,189,2
19503,428,425,3
19504,105,99,6
19505,283,283,0
19506,247,240,7
19507,102,98,4
19508,153,149,4
19509,170,169,1
19510,280,276,4
19511,179,174,5
19512,240,215,25
19513,189,182,7
19514,154,149,5
19515,181,180,1
19516,67,66,1
19517,156,150,6
19518,130,130,0
19519,310,309,1
19520,527,524,3
19521,128,124,4
19522,155,150,5
19523,323,314,9
19524,414,409,5
19525,319,316,3
19526,152,149,3
19527,131,131,0
19528,586,562,24
19529,152,148,4
19530,123,120,3
19531,479,468,11
19532,359,353,6
19533,282,275,7
19534,335,335,0
19535,74,73,1
19536,206,202,4
19537,157,153,4
19538,115,114,1
19539,99,96,3
19540,189,180,9
19541,116,112,4
19542,122,109,13
19543,122,119,3
19544,196,188,8
19545,167,164,3
19546,221,214,7
19547,143,141,2
19548,199,198,1
19549,165,164,1
19550,278,274,4
19551,376,373,3
19552,249,238,11
19553,500,490,10
19554,149,149,0
19555,183,180,3
19556,130,126,4
19557,164,159,5
19558,153,148,5
19559,79,74,5
19560,148,144,4
19561,151,147,4
19562,210,208,2
19563,215,212,3
19564,173,169,4
19565,224,221,3
19566,153,152,1
19567,468,467,1
19568,144,141,3
19569,236,226,10
19570,51,50,1
19571,73,73,0
19572,182,182,0
19573,158,154,4
19574,244,243,1
19575,378,377,1
19576,483,473,10
19577,155,155,0
19578,335,331,4
19579,125,124,1
19580,672,668,4
19581,612,609,3
19582,790,770,20
19583,290,285,5
19584,121,121,0
19585,276,272,4
19586,245,239,6
19587,85,84,1
19588,359,346,13
19589,355,342,13
19590,154,146,8
19591,505,492,13
19592,222,211,11
19593,125,118,7
19594,120,114,6
19595,167,160,7
19596,1005,978,27
19597,504,482,22
19598,146,140,6
19599,141,138,3
19600,170,162,8
19601,281,279,2
19602,143,141,2
19603,177,172,5
19604,569,546,23
19605,51,51,0
19606,96,95,1
19607,300,295,5
19608,146,141,5
19609,225,221,4
19610,141,135,6
19611,168,167,1
19612,221,220,1
19613,53,52,1
19614,31,31,0
19615,66,66,0
19616,58,57,1
19617,135,132,3
19618,101,100,1
19619,84,82,2
19620,147,145,2
19621,272,260,12
19622,505,498,7
19623,116,116,0
19624,282,281,1
19625,704,691,13
19626,158,155,3
19627,84,84,0
19628,151,149,2
19629,146,143,3
19630,345,339,6
19631,208,199,9
19632,247,241,6
19633,166,166,0
19634,167,166,1
19635,184,179,5
19636,198,195,3
19637,419,409,10
19638,579,562,17
19639,158,153,5
19640,172,169,3
19641,193,192,1
19642,220,208,12
19643,235,227,8
19644,115,113,2
19645,220,216,4
19646,198,191,7
19647,197,197,0
19648,99,97,2
19649,361,343,18
19650,180,158,22
19651,218,217,1
19652,142,141,1
19653,176,171,5
19654,201,191,10
19655,470,459,11
19656,305,294,11
19657,311,302,9
19658,253,238,15
19659,181,173,8
19660,245,242,3
19661,115,113,2
19662,125,118,7
19663,109,107,2
19664,271,267,4
19665,165,164,1
19666,156,153,3
19667,150,150,0
19668,217,217,0
19669,279,276,3
19670,296,293,3
19671,116,114,2
19672,111,110,1
19673,228,221,7
19674,118,112,6
19675,180,175,5
19676,95,90,5
19677,130,127,3
19678,179,176,3
19679,451,447,4
19680,330,321,9
19681,416,410,6
19682,208,206,2
19683,141,139,2
19684,338,333,5
19685,305,298,7
19686,180,171,9
19687,388,373,15
19688,142,138,4
19689,313,309,4
19690,85,83,2
19691,67,67,0
19692,86,82,4
19693,39,39,0
19694,155,151,4
19695,121,119,2
19696,248,244,4
19697,154,153,1
19698,111,109,2
19699,151,151,0
19700,139,134,5
19701,54,53,1
19702,155,152,3
19703,425,416,9
19704,130,129,1
19705,230,223,7
19706,154,154,0
19707,124,113,11
19708,149,147,2
19709,319,311,8
19710,142,139,3
19711,133,130,3
19712,342,341,1
19713,199,197,2
19714,153,142,11
19715,497,485,12
19716,130,130,0
19717,341,335,6
19718,69,69,0
19719,248,246,2
19720,137,137,0
19721,183,180,3
19722,181,179,2
19723,187,185,2
19724,113,110,3
19725,163,159,4
19726,807,788,19
19727,130,129,1
19728,49,49,0
19729,145,143,2
19730,133,132,1
19731,117,114,3
19732,126,126,0
19733,143,141,2
19734,137,135,2
19735,192,188,4
19736,198,196,2
19737,670,664,6
19738,58,58,0
19739,64,64,0
19740,59,59,0
19741,59,59,0
19742,38,38,0
19743,120,117,3
19744,51,51,0
19745,404,402,2
19746,118,114,4
19747,146,140,6
19748,125,123,2
19749,396,393,3
19750,366,360,6
19751,128,123,5
19752,302,297,5
19753,168,165,3
19754,126,122,4
19755,191,182,9
19756,58,58,0
19757,250,248,2
19758,521,512,9
19759,475,467,8
19760,343,335,8
19761,189,189,0
19762,186,183,3
19763,150,149,1
19764,874,862,12
19765,181,181,0
19766,200,197,3
19767,400,390,10
19768,184,178,6
19769,212,211,1
19770,51,51,0
19771,185,182,3
19772,299,290,9
19773,289,288,1
19774,196,195,1
19775,119,117,2
19776,175,170,5
19777,120,118,2
19778,169,166,3
19779,230,213,17
19780,111,95,16
19781,415,392,23
19782,518,515,3
19783,1001,989,12
19784,130,125,5
19785,327,327,0
19786,165,156,9
19787,145,145,0
19788,157,155,2
19789,155,153,2
19790,130,128,2
19791,204,195,9
19792,601,582,19
19793,225,214,11
19794,127,122,5
19795,120,115,5
19796,248,238,10
19797,78,77,1
19798,82,81,1
19799,200,199,1
19800,136,134,2
19801,520,512,8
19802,137,134,3
19803,119,114,5
19804,135,129,6
19805,180,178,2
19806,90,88,2
19807,17,17,0
19808,237,231,6
19809,78,77,1
19810,190,181,9
19811,134,131,3
19812,27,27,0
19813,291,290,1
19814,194,185,9
19815,259,252,7
19816,201,198,3
19817,61,61,0
19818,259,257,2
19819,170,166,4
19820,68,67,1
19821,573,561,12
19822,156,154,2
19823,119,117,2
19824,162,159,3
19825,40,40,0
19826,168,165,3
19827,92,90,2
19828,220,216,4
19829,840,798,42
19830,162,156,6
19831,116,111,5
19832,151,150,1
19833,382,379,3
19834,139,137,2
19835,230,229,1
19836,215,213,2
19837,291,285,6
19838,127,125,2
19839,113,113,0
19840,355,353,2
19841,215,210,5
19842,437,419,18
19843,286,281,5
19844,158,145,13
19845,159,157,2
19846,103,101,2
19847,131,130,1
19848,137,134,3
19849,216,215,1
19850,402,395,7
19851,120,120,0
19852,301,294,7
19853,261,254,7
19854,550,548,2
19855,196,194,2
19856,151,149,2
19857,143,141,2
19858,173,171,2
19859,267,259,8
19860,413,411,2
19861,886,880,6
19862,741,735,6
19863,260,256,4
19864,239,234,5
19865,716,703,13
19866,296,291,5
19867,280,274,6
19868,269,262,7
19869,353,347,6
19870,130,129,1
19871,130,127,3
19872,200,199,1
19873,101,100,1
19874,354,348,6
19875,175,172,3
19876,116,114,2
19877,207,202,5
19878,185,182,3
19879,808,787,21
19880,74,73,1
19881,279,274,5
19882,200,193,7
19883,207,204,3
19884,119,113,6
19885,521,506,15
19886,400,396,4
19887,1007,968,39
19888,371,360,11
19889,111,110,1
19890,76,76,0
19891,123,119,4
19892,207,204,3
19893,323,322,1
19894,196,193,3
19895,133,132,1
19896,157,149,8
19897,769,754,15
19898,189,185,4
19899,218,215,3
19900,46,46,0
19901,403,398,5
19902,184,167,17
19903,231,211,20
19904,141,133,8
19905,109,105,4
19906,283,281,2
19907,187,184,3
19908,321,308,13
19909,185,182,3
19910,134,133,1
19911,155,148,7
19912,319,313,6
19913,276,272,4
19914,420,412,8
19915,178,178,0
19916,143,141,2
19917,258,247,11
19918,165,159,6
19919,828,792,36
19920,258,237,21
19921,133,128,5
19922,363,346,17
19923,156,139,17
19924,255,254,1
19925,572,557,15
19926,142,136,6
19927,311,301,10
19928,319,316,3
19929,155,147,8
19930,693,674,19
19931,513,494,19
19932,169,167,2
19933,133,133,0
19934,178,177,1
19935,50,49,1
19936,84,82,2
19937,430,420,10
19938,162,156,6
19939,116,115,1
19940,170,169,1
19941,169,164,5
19942,490,483,7
19943,365,349,16
19944,218,213,5
19945,283,273,10
19946,140,138,2
19947,132,131,1
19948,221,218,3
19949,307,301,6
19950,234,225,9
19951,370,358,12
19952,200,199,1
19953,198,198,0
19954,93,92,1
19955,271,266,5
19956,156,155,1
19957,151,147,4
19958,171,169,2
19959,40,40,0
19960,225,220,5
19961,54,52,2
19962,130,130,0
19963,104,100,4
19964,87,85,2
19965,160,155,5
19966,135,132,3
19967,330,320,10
19968,882,871,11
19969,984,965,19
19970,151,145,6
19971,678,671,7
19972,343,338,5
19973,245,241,4
19974,125,120,5
19975,215,209,6
19976,151,142,9
19977,118,114,4
19978,125,123,2
19979,392,386,6
19980,300,296,4
19981,136,135,1
19982,278,274,4
19983,249,244,5
19984,417,410,7
19985,175,170,5
19986,138,135,3
19987,456,450,6
19988,142,139,3
19989,133,133,0
19990,357,346,11
19991,34,34,0
19992,96,93,3
19993,37,36,1
19994,53,53,0
19995,45,45,0
19996,59,58,1
19997,239,230,9
19998,221,215,6
19999,121,110,11
20000,378,374,4
20001,125,124,1
20002,201,197,4
20003,130,130,0
20004,278,268,10
20005,191,184,7
20006,102,102,0
20007,101,100,1
20008,261,259,2
20009,111,111,0
20010,231,204,27
20011,175,171,4
20012,216,213,3
20013,321,320,1
20014,638,624,14
20015,136,135,1
20016,200,196,4
20017,600,579,21
20018,355,354,1
20019,205,202,3
20020,175,172,3
20021,131,129,2
20022,162,162,0
20023,174,173,1
20024,134,134,0
20025,433,426,7
20026,350,344,6
20027,252,247,5
20028,206,199,7
20029,239,238,1
20030,138,137,1
20031,405,391,14
20032,93,92,1
20033,305,303,2
20034,196,191,5
20035,168,168,0
20036,202,199,3
20037,205,203,2
20038,239,234,5
20039,256,250,6
20040,118,117,1
20041,615,600,15
20042,231,210,21
20043,153,152,1
20044,272,268,4
20045,276,273,3
20046,514,499,15
20047,138,136,2
20048,316,312,4
20049,409,405,4
20050,254,252,2
20051,224,221,3
20052,472,461,11
20053,485,471,14
20054,139,136,3
20055,298,289,9
20056,122,122,0
20057,225,224,1
20058,78,76,2
20059,366,348,18
20060,153,144,9
20061,714,682,32
20062,182,178,4
20063,137,134,3
20064,121,118,3
20065,247,244,3
20066,82,78,4
20067,134,130,4
20068,94,91,3
20069,79,73,6
20070,52,48,4
20071,505,485,20
20072,71,66,5
20073,295,289,6
20074,230,218,12
20075,128,127,1
20076,287,284,3
20077,102,100,2
20078,40,39,1
20079,138,136,2
20080,419,412,7
20081,155,153,2
20082,846,827,19
20083,265,262,3
20084,135,134,1
20085,90,88,2
20086,221,219,2
20087,260,254,6
20088,182,180,2
20089,117,112,5
20090,200,200,0
20091,460,449,11
20092,93,90,3
20093,132,130,2
20094,235,235,0
20095,282,277,5
20096,119,117,2
20097,244,240,4
20098,387,379,8
20099,195,190,5
20100,615,603,12
20101,453,442,11
20102,298,293,5
20103,500,492,8
20104,89,88,1
20105,725,715,10
20106,135,132,3
20107,111,109,2
20108,390,379,11
20109,354,348,6
20110,145,138,7
20111,107,104,3
20112,117,113,4
20113,135,134,1
20114,45,44,1
20115,177,175,2
20116,148,147,1
20117,349,347,2
20118,557,556,1
20119,273,273,0
20120,530,523,7
20121,456,439,17
20122,107,106,1
20123,114,111,3
20124,202,202,0
20125,162,160,2
20126,823,815,8
20127,304,295,9
20128,123,116,7
20129,242,239,3
20130,271,268,3
20131,359,353,6
20132,325,322,3
20133,398,396,2
20134,258,250,8
20135,239,237,2
20136,121,118,3
20137,253,247,6
20138,651,645,6
20139,143,141,2
20140,134,132,2
20141,176,175,1
20142,197,194,3
20143,176,173,3
20144,126,124,2
20145,151,149,2
20146,178,170,8
20147,430,416,14
20148,266,257,9
20149,154,154,0
20150,179,173,6
20151,283,280,3
20152,257,249,8
20153,181,178,3
20154,244,235,9
20155,165,159,6
20156,178,175,3
20157,169,166,3
20158,164,161,3
20159,240,229,11
20160,121,119,2
20161,151,148,3
20162,345,342,3
20163,229,225,4
20164,392,388,4
20165,140,139,1
20166,118,116,2
20167,125,125,0
20168,130,129,1
20169,146,139,7
20170,263,257,6
20171,130,124,6
20172,175,168,7
20173,224,220,4
20174,209,201,8
20175,126,122,4
20176,272,260,12
20177,180,172,8
20178,152,141,11
20179,234,228,6
20180,193,189,4
20181,202,196,6
20182,87,85,2
20183,712,693,19
20184,202,196,6
20185,195,191,4
20186,139,132,7
20187,51,50,1
20188,513,498,15
20189,197,195,2
20190,117,115,2
20191,269,262,7
20192,668,653,15
20193,161,160,1
20194,123,122,1
20195,573,566,7
20196,132,130,2
20197,129,128,1
20198,135,132,3
20199,393,383,10
20200,273,272,1
20201,131,130,1
20202,128,128,0
20203,145,143,2
20204,704,693,11
20205,264,261,3
20206,100,97,3
20207,448,439,9
20208,442,429,13
20209,239,236,3
20210,649,639,10
20211,853,839,14
20212,110,108,2
20213,154,149,5
20214,226,226,0
20215,120,120,0
20216,70,69,1
20217,120,118,2
20218,154,152,2
20219,146,146,0
20220,343,335,8
20221,57,55,2
20222,226,226,0
20223,124,123,1
20224,114,112,2
20225,257,255,2
20226,222,219,3
20227,626,618,8
20228,162,162,0
20229,445,437,8
20230,184,181,3
20231,803,784,19
20232,512,493,19
20233,153,150,3
20234,398,395,3
20235,272,269,3
20236,471,463,8
20237,139,137,2
20238,286,274,12
20239,197,195,2
20240,371,365,6
20241,118,116,2
20242,150,148,2
20243,107,101,6
20244,341,330,11
20245,201,196,5
20246,209,204,5
20247,249,248,1
20248,123,123,0
20249,217,216,1
20250,135,134,1
20251,359,349,10
20252,685,662,23
20253,157,155,2
20254,221,219,2
20255,148,145,3
20256,192,187,5
20257,133,130,3
20258,145,141,4
20259,148,146,2
20260,222,219,3
20261,138,138,0
20262,500,496,4
20263,161,161,0
20264,213,209,4
20265,134,134,0
20266,225,219,6
20267,191,187,4
20268,138,135,3
20269,328,321,7
20270,242,237,5
20271,319,315,4
20272,229,228,1
20273,131,126,5
20274,178,177,1
20275,57,56,1
20276,53,51,2
20277,288,283,5
20278,115,114,1
20279,98,98,0
20280,825,802,23
20281,143,141,2
20282,157,156,1
20283,153,150,3
20284,137,134,3
20285,194,193,1
20286,119,119,0
20287,105,104,1
20288,210,205,5
20289,83,83,0
20290,414,411,3
20291,108,101,7
20292,169,167,2
20293,263,262,1
20294,277,268,9
20295,273,269,4
20296,126,125,1
20297,211,209,2
20298,63,62,1
20299,188,180,8
20300,590,584,6
20301,350,349,1
20302,355,351,4
20303,183,176,7
20304,133,132,1
20305,57,56,1
20306,183,179,4
20307,214,210,4
20308,114,112,2
20309,84,84,0
20310,171,170,1
20311,212,208,4
20312,133,133,0
20313,246,240,6
20314,338,333,5
20315,346,328,18
20316,177,170,7
20317,90,87,3
20318,286,273,13
20319,132,130,2
20320,82,82,0
20321,183,182,1
20322,205,200,5
20323,187,181,6
20324,210,201,9
20325,159,154,5
20326,105,97,8
20327,88,87,1
20328,1005,996,9
20329,480,478,2
20330,260,258,2
20331,360,355,5
20332,220,216,4
20333,363,359,4
20334,166,165,1
20335,312,307,5
20336,870,841,29
20337,472,468,4
20338,155,155,0
20339,138,138,0
20340,100,99,1
20341,159,155,4
20342,125,125,0
20343,260,256,4
20344,255,245,10
20345,482,474,8
20346,266,254,12
20347,239,232,7
20348,81,81,0
20349,84,82,2
20350,146,142,4
20351,116,114,2
20352,85,78,7
20353,188,184,4
20354,307,302,5
20355,180,179,1
20356,120,117,3
20357,531,522,9
20358,322,320,2
20359,112,110,2
20360,162,160,2
20361,102,101,1
20362,206,199,7
20363,317,310,7
20364,215,213,2
20365,101,100,1
20366,827,811,16
20367,282,269,13
20368,518,506,12
20369,130,127,3
20370,169,165,4
20371,270,262,8
20372,81,80,1
20373,176,176,0
20374,123,120,3
20375,498,488,10
20376,361,356,5
20377,522,499,23
20378,514,505,9
20379,106,106,0
20380,621,607,14
20381,178,175,3
20382,179,172,7
20383,256,252,4
20384,153,148,5
20385,421,415,6
20386,121,121,0
20387,165,160,5
20388,236,233,3
20389,209,204,5
20390,271,252,19
20391,252,247,5
20392,191,186,5
20393,212,192,20
20394,193,190,3
20395,336,334,2
20396,409,397,12
20397,93,91,2
20398,167,166,1
20399,282,268,14
20400,138,135,3
20401,329,321,8
20402,110,110,0
20403,136,133,3
20404,99,99,0
20405,127,127,0
20406,52,51,1
20407,95,93,2
20408,178,178,0
20409,132,130,2
20410,245,238,7
20411,755,725,30
20412,134,133,1
20413,177,175,2
20414,106,106,0
20415,150,150,0
20416,92,91,1
20417,155,153,2
20418,126,123,3
20419,108,107,1
20420,130,127,3
20421,159,158,1
20422,158,155,3
20423,164,162,2
20424,136,136,0
20425,127,126,1
20426,425,413,12
20427,183,180,3
20428,122,117,5
20429,199,197,2
20430,303,300,3
20431,188,188,0
20432,108,107,1
20433,54,51,3
20434,124,117,7
20435,171,169,2
20436,196,191,5
20437,163,151,12
20438,151,150,1
20439,156,149,7
20440,630,617,13
20441,292,282,10
20442,356,355,1
20443,779,762,17
20444,352,343,9
20445,384,378,6
20446,162,160,2
20447,244,241,3
20448,244,241,3
20449,149,148,1
20450,160,160,0
20451,190,185,5
20452,64,64,0
20453,93,91,2
20454,183,183,0
20455,46,46,0
20456,376,366,10
20457,166,160,6
20458,57,56,1
20459,195,192,3
20460,149,147,2
20461,189,186,3
20462,340,327,13
20463,236,228,8
20464,150,149,1
20465,324,313,11
20466,120,119,1
20467,190,189,1
20468,93,90,3
20469,131,127,4
20470,188,181,7
20471,252,245,7
20472,260,254,6
20473,328,310,18
20474,137,131,6
20475,268,263,5
20476,146,140,6
20477,178,175,3
20478,298,295,3
20479,138,136,2
20480,165,162,3
20481,346,343,3
20482,323,318,5
20483,200,196,4
20484,150,145,5
20485,130,129,1
20486,129,128,1
20487,284,276,8
20488,604,598,6
20489,214,212,2
20490,327,323,4
20491,407,396,11
20492,289,281,8
20493,130,126,4
20494,144,140,4
20495,197,193,4
20496,142,136,6
20497,83,83,0
20498,125,125,0
20499,220,218,2
20500,60,58,2
20501,298,289,9
20502,122,122,0
20503,225,224,1
20504,456,454,2
20505,124,122,2
20506,357,351,6
20507,633,622,11
20508,216,216,0
20509,359,356,3
20510,271,262,9
20511,160,155,5
20512,230,222,8
20513,281,278,3
20514,415,397,18
20515,272,255,17
20516,203,201,2
20517,146,145,1
20518,57,55,2
20519,295,292,3
20520,239,237,2
20521,287,283,4
20522,68,65,3
20523,66,63,3
20524,87,85,2
20525,189,189,0
20526,311,305,6
20527,366,361,5
20528,165,158,7
20529,66,66,0
20530,147,147,0
20531,247,245,2
20532,338,333,5
20533,109,107,2
20534,217,216,1
20535,199,199,0
20536,199,199,0
20537,119,119,0
20538,807,792,15
20539,119,118,1
20540,482,478,4
20541,137,134,3
20542,248,245,3
20543,452,444,8
20544,168,166,2
20545,146,143,3
20546,149,145,4
20547,233,230,3
20548,184,181,3
20549,570,563,7
20550,496,488,8
20551,432,425,7
20552,443,430,13
20553,244,243,1
20554,79,75,4
20555,204,197,7
20556,979,964,15
20557,130,129,1
20558,160,159,1
20559,221,215,6
20560,208,204,4
20561,235,227,8
20562,327,323,4
20563,358,355,3
20564,228,222,6
20565,125,122,3
20566,125,124,1
20567,173,173,0
20568,227,220,7
20569,451,445,6
20570,186,183,3
20571,148,142,6
20572,493,489,4
20573,172,168,4
20574,100,97,3
20575,70,69,1
20576,135,134,1
20577,286,285,1
20578,147,145,2
20579,146,144,2
20580,108,106,2
20581,161,159,2
20582,193,192,1
20583,400,399,1
20584,115,112,3
20585,227,223,4
20586,439,434,5
20587,174,172,2
20588,142,139,3
20589,573,563,10
20590,729,724,5
20591,273,270,3
20592,121,117,4
20593,160,159,1
20594,145,144,1
20595,257,254,3
20596,325,317,8
20597,105,104,1
20598,936,929,7
20599,230,228,2
20600,135,133,2
20601,159,153,6
20602,684,666,18
20603,211,206,5
20604,142,137,5
20605,137,131,6
20606,179,176,3
20607,166,159,7
20608,857,828,29
20609,259,250,9
20610,294,290,4
20611,164,162,2
20612,150,145,5
20613,159,159,0
20614,138,136,2
20615,132,130,2
20616,420,417,3
20617,118,116,2
20618,106,105,1
20619,133,130,3
20620,133,133,0
20621,248,245,3
20622,179,179,0
20623,179,176,3
20624,224,219,5
20625,292,280,12
20626,221,220,1
20627,707,703,4
20628,484,481,3
20629,838,817,21
20630,127,126,1
20631,211,209,2
20632,143,139,4
20633,152,147,5
20634,47,46,1
20635,133,130,3
20636,423,410,13
20637,114,111,3
20638,132,127,5
20639,262,253,9
20640,129,127,2
20641,128,126,2
20642,115,113,2
20643,396,389,7
20644,248,242,6
20645,235,232,3
20646,354,350,4
20647,159,153,6
20648,432,429,3
20649,158,146,12
20650,371,369,2
20651,240,238,2
20652,419,407,12
20653,523,510,13
20654,482,474,8
20655,569,557,12
20656,144,141,3
20657,434,424,10
20658,340,338,2
20659,315,308,7
20660,156,154,2
20661,995,958,37
20662,192,192,0
20663,176,166,10
20664,162,161,1
20665,121,120,1
20666,139,135,4
20667,273,269,4
20668,312,305,7
20669,35,34,1
20670,183,175,8
20671,588,571,17
20672,163,161,2
20673,144,143,1
20674,55,53,2
20675,155,155,0
20676,65,64,1
20677,287,285,2
20678,172,169,3
20679,351,349,2
20680,110,108,2
20681,66,66,0
20682,378,367,11
20683,736,722,14
20684,564,558,6
20685,200,198,2
20686,134,134,0
20687,165,160,5
20688,137,133,4
20689,421,415,6
20690,491,476,15
20691,578,564,14
20692,201,200,1
20693,697,678,19
20694,125,122,3
20695,76,74,2
20696,117,115,2
20697,99,97,2
20698,244,240,4
20699,148,145,3
20700,229,226,3
20701,66,65,1
20702,251,249,2
20703,130,124,6
20704,100,97,3
20705,272,264,8
20706,98,95,3
20707,221,207,14
20708,265,260,5
20709,160,157,3
20710,148,145,3
20711,68,66,2
20712,82,81,1
20713,122,119,3
20714,194,193,1
20715,232,229,3
20716,292,282,10
20717,417,406,11
20718,131,128,3
20719,192,191,1
20720,156,152,4
20721,130,129,1
20722,140,139,1
20723,507,504,3
20724,285,279,6
20725,163,162,1
20726,100,94,6
20727,49,46,3
20728,59,58,1
20729,126,123,3
20730,421,416,5
20731,297,297,0
20732,191,187,4
20733,79,79,0
20734,128,126,2
20735,164,161,3
20736,146,144,2
20737,53,51,2
20738,160,157,3
20739,139,137,2
20740,567,552,15
20741,123,119,4
20742,323,321,2
20743,362,357,5
20744,177,177,0
20745,145,143,2
20746,357,352,5
20747,71,70,1
20748,372,367,5
20749,144,143,1
20750,193,192,1
20751,247,244,3
20752,128,125,3
20753,139,139,0
20754,162,162,0
20755,533,523,10
20756,263,252,11
20757,250,247,3
20758,311,304,7
20759,185,183,2
20760,275,272,3
20761,128,123,5
20762,206,205,1
20763,128,126,2
20764,131,129,2
20765,248,245,3
20766,990,978,12
20767,168,168,0
20768,102,100,2
20769,326,325,1
20770,272,261,11
20771,135,134,1
20772,377,376,1
20773,224,223,1
20774,229,226,3
20775,167,165,2
20776,173,173,0
20777,266,257,9
20778,210,208,2
20779,123,122,1
20780,94,94,0
20781,106,106,0
20782,403,397,6
20783,181,178,3
20784,284,278,6
20785,154,151,3
20786,373,366,7
20787,898,889,9
20788,394,388,6
20789,123,122,1
20790,631,624,7
20791,161,161,0
20792,221,218,3
20793,207,205,2
20794,137,136,1
20795,201,197,4
20796,862,843,19
20797,606,598,8
20798,144,143,1
20799,363,358,5
20800,150,149,1
20801,642,639,3
20802,487,478,9
20803,791,782,9
20804,721,709,12
20805,174,174,0
20806,222,218,4
20807,55,52,3
20808,169,163,6
20809,328,325,3
20810,95,90,5
20811,178,174,4
20812,197,195,2
20813,345,333,12
20814,58,54,4
20815,174,170,4
20816,124,121,3
20817,117,115,2
20818,267,264,3
20819,329,328,1
20820,187,186,1
20821,857,841,16
20822,206,206,0
20823,249,245,4
20824,472,464,8
20825,249,248,1
20826,160,154,6
20827,200,196,4
20828,158,158,0
20829,889,877,12
20830,256,253,3
20831,357,347,10
20832,209,206,3
20833,531,514,17
20834,186,177,9
20835,197,195,2
20836,174,173,1
20837,147,146,1
20838,49,49,0
20839,784,775,9
20840,270,262,8
20841,207,198,9
20842,1020,1010,10
20843,365,360,5
20844,111,108,3
20845,167,167,0
20846,214,211,3
20847,116,114,2
20848,314,309,5
20849,132,132,0
20850,320,316,4
20851,404,399,5
20852,68,67,1
20853,57,53,4
20854,221,220,1
20855,308,301,7
20856,204,200,4
20857,265,254,11
20858,133,132,1
20859,71,71,0
20860,114,110,4
20861,205,196,9
20862,260,258,2
20863,178,171,7
20864,279,279,0
20865,135,133,2
20866,677,675,2
20867,670,662,8
20868,465,460,5
20869,264,259,5
20870,158,157,1
20871,165,163,2
20872,440,427,13
20873,236,232,4
20874,187,186,1
20875,110,107,3
20876,244,239,5
20877,238,234,4
20878,328,325,3
20879,221,219,2
20880,143,143,0
20881,445,434,11
20882,106,103,3
20883,99,97,2
20884,150,148,2
20885,92,89,3
20886,179,174,5
20887,133,131,2
20888,359,349,10
20889,60,58,2
20890,153,148,5
20891,287,277,10
20892,125,125,0
20893,216,212,4
20894,142,142,0
20895,168,167,1
20896,150,148,2
20897,180,179,1
20898,176,174,2
20899,512,504,8
20900,197,197,0
20901,177,176,1
20902,381,377,4
20903,194,193,1
20904,213,212,1
20905,126,123,3
20906,485,481,4
20907,199,197,2
20908,43,43,0
20909,138,136,2
20910,577,558,19
20911,43,43,0
20912,233,228,5
20913,113,109,4
20914,156,156,0
20915,197,195,2
20916,416,415,1
20917,47,45,2
20918,265,263,2
20919,246,240,6
20920,166,162,4
20921,167,166,1
20922,140,140,0
20923,215,211,4
20924,140,140,0
20925,113,110,3
20926,185,185,0
20927,396,387,9
20928,199,188,11
20929,56,55,1
20930,45,45,0
20931,247,242,5
20932,118,114,4
20933,174,164,10
20934,202,198,4
20935,202,199,3
20936,114,110,4
20937,248,244,4
20938,155,153,2
20939,216,208,8
20940,137,135,2
20941,156,150,6
20942,317,315,2
20943,654,649,5
20944,337,334,3
20945,174,170,4
20946,122,121,1
20947,135,133,2
20948,189,185,4
20949,147,147,0
20950,213,210,3
20951,199,194,5
20952,201,193,8
20953,351,347,4
20954,173,173,0
20955,123,123,0
20956,71,71,0
20957,244,238,6
20958,145,144,1
20959,116,114,2
20960,265,257,8
20961,198,194,4
20962,56,55,1
20963,106,104,2
20964,159,151,8
20965,202,201,1
20966,154,149,5
20967,574,564,10
20968,136,131,5
20969,124,122,2
20970,202,193,9
20971,603,594,9
20972,123,118,5
20973,729,708,21
20974,124,121,3
20975,101,99,2
20976,153,153,0
20977,159,157,2
20978,133,130,3
20979,160,157,3
20980,166,164,2
20981,275,271,4
20982,230,228,2
20983,142,137,5
20984,226,224,2
20985,128,126,2
20986,218,215,3
20987,117,117,0
20988,75,75,0
20989,268,265,3
20990,119,115,4
20991,357,355,2
20992,318,311,7
20993,746,736,10
20994,54,54,0
20995,114,113,1
20996,142,139,3
20997,172,167,5
20998,173,166,7
20999,130,128,2
21000,241,236,5
21001,202,197,5
21002,116,114,2
21003,185,185,0
21004,110,108,2
21005,145,142,3
21006,107,106,1
21007,60,57,3
21008,292,290,2
21009,226,224,2
21010,122,118,4
21011,646,633,13
21012,163,160,3
21013,139,134,5
21014,196,196,0
21015,131,128,3
21016,126,124,2
21017,312,308,4
21018,261,259,2
21019,243,241,2
21020,106,103,3
21021,164,160,4
21022,159,155,4
21023,180,179,1
21024,442,434,8
21025,318,303,15
21026,237,229,8
21027,53,53,0
21028,116,116,0
21029,179,176,3
21030,372,365,7
21031,101,101,0
21032,194,189,5
21033,47,47,0
21034,186,182,4
21035,225,225,0
21036,439,432,7
21037,284,271,13
21038,218,214,4
21039,125,125,0
21040,271,262,9
21041,217,214,3
21042,689,674,15
21043,128,126,2
21044,317,312,5
21045,235,233,2
21046,362,349,13
21047,150,147,3
21048,181,180,1
21049,325,317,8
21050,150,149,1
21051,156,154,2
21052,203,201,2
21053,193,190,3
21054,247,242,5
21055,133,132,1
21056,271,266,5
21057,114,112,2
21058,159,156,3
21059,122,119,3
21060,219,218,1
21061,123,122,1
21062,152,148,4
21063,711,685,26
21064,124,122,2
21065,466,463,3
21066,542,536,6
21067,42,42,0
21068,115,114,1
21069,122,120,2
21070,180,173,7
21071,60,59,1
21072,193,191,2
21073,206,205,1
21074,317,315,2
21075,132,131,1
21076,142,141,1
21077,224,221,3
21078,98,97,1
21079,443,437,6
21080,188,184,4
21081,370,368,2
21082,582,569,13
21083,140,138,2
21084,470,463,7
21085,158,155,3
21086,427,409,18
21087,110,110,0
21088,71,71,0
21089,339,335,4
21090,132,130,2
21091,215,215,0
21092,1002,986,16
21093,517,502,15
21094,256,250,6
21095,311,306,5
21096,141,140,1
21097,130,127,3
21098,417,413,4
21099,426,420,6
21100,235,232,3
21101,207,207,0
21102,215,215,0
21103,152,152,0
21104,254,252,2
21105,153,151,2
21106,176,174,2
21107,136,135,1
21108,142,142,0
21109,280,275,5
21110,334,333,1
21111,132,131,1
21112,135,133,2
21113,471,465,6
21114,342,334,8
21115,150,149,1
21116,183,178,5
21117,209,204,5
21118,197,194,3
21119,127,125,2
21120,123,122,1
21121,533,522,11
21122,207,200,7
21123,42,37,5
21124,221,219,2
21125,112,109,3
21126,69,69,0
21127,175,171,4
21128,525,518,7
21129,112,108,4
21130,97,95,2
21131,109,104,5
21132,257,253,4
21133,368,357,11
21134,240,236,4
21135,276,273,3
21136,423,420,3
21137,355,344,11
21138,161,161,0
21139,145,144,1
21140,180,174,6
21141,454,440,14
21142,106,104,2
21143,152,150,2
21144,138,132,6
21145,272,269,3
21146,255,252,3
21147,73,73,0
21148,103,98,5
21149,441,438,3
21150,69,68,1
21151,120,119,1
21152,375,372,3
21153,268,258,10
21154,157,156,1
21155,153,152,1
21156,386,371,15
21157,128,127,1
21158,190,189,1
21159,136,135,1
21160,482,466,16
21161,94,90,4
21162,418,407,11
21163,297,293,4
21164,127,127,0
21165,738,732,6
21166,480,473,7
21167,100,95,5
21168,241,232,9
21169,403,394,9
21170,224,216,8
21171,196,193,3
21172,260,256,4
21173,270,263,7
21174,76,76,0
21175,80,80,0
21176,352,350,2
21177,194,190,4
21178,126,125,1
21179,493,480,13
21180,122,119,3
21181,151,146,5
21182,97,95,2
21183,152,144,8
21184,132,129,3
21185,476,470,6
21186,309,299,10
21187,804,800,4
21188,306,292,14
21189,170,167,3
21190,240,236,4
21191,213,213,0
21192,319,312,7
21193,112,112,0
21194,139,137,2
21195,71,70,1
21196,159,152,7
21197,589,573,16
21198,550,537,13
21199,39,36,3
21200,66,66,0
21201,396,393,3
21202,125,119,6
21203,279,276,3
21204,472,466,6
21205,149,144,5
21206,567,558,9
21207,160,157,3
21208,289,287,2
21209,395,389,6
21210,312,308,4
21211,601,575,26
21212,116,113,3
21213,114,105,9
21214,134,132,2
21215,236,227,9
21216,211,208,3
21217,214,209,5
21218,146,136,10
21219,549,537,12
21220,267,264,3
21221,179,178,1
21222,303,295,8
21223,58,55,3
21224,92,91,1
21225,122,114,8
21226,125,125,0
21227,148,145,3
21228,349,316,33
21229,241,229,12
21230,132,125,7
21231,356,354,2
21232,310,298,12
21233,199,191,8
21234,523,467,56
21235,207,195,12
21236,202,192,10
21237,470,448,22
21238,226,219,7
21239,342,339,3
21240,122,114,8
21241,485,453,32
21242,121,115,6
21243,789,785,4
21244,792,746,46
21245,131,131,0
21246,151,150,1
21247,319,299,20
21248,288,278,10
21249,147,138,9
21250,115,112,3
21251,313,297,16
21252,158,153,5
21253,199,188,11
21254,384,378,6
21255,232,226,6
21256,153,146,7
21257,361,345,16
21258,223,219,4
21259,145,143,2
21260,136,127,9
21261,127,125,2
21262,126,122,4
21263,209,204,5
21264,74,73,1
21265,274,271,3
21266,206,202,4
21267,157,153,4
21268,115,114,1
21269,99,96,3
21270,189,180,9
21271,116,112,4
21272,122,109,13
21273,998,978,20
21274,126,120,6
21275,201,200,1
21276,279,273,6
21277,177,176,1
21278,80,78,2
21279,129,127,2
21280,207,202,5
21281,235,231,4
21282,305,298,7
21283,141,140,1
21284,119,115,4
21285,465,446,19
21286,209,197,12
21287,191,185,6
21288,227,225,2
21289,401,385,16
21290,376,368,8
21291,436,421,15
21292,359,353,6
21293,328,321,7
21294,129,128,1
21295,154,153,1
21296,303,300,3
21297,214,214,0
21298,273,268,5
21299,194,192,2
21300,172,170,2
21301,164,163,1
21302,131,130,1
21303,351,343,8
21304,98,96,2
21305,348,345,3
21306,213,212,1
21307,151,145,6
21308,262,237,25
21309,457,456,1
21310,84,79,5
21311,56,56,0
21312,121,120,1
21313,133,132,1
21314,109,106,3
21315,121,121,0
21316,159,158,1
21317,480,475,5
21318,162,159,3
21319,193,192,1
21320,133,132,1
21321,184,184,0
21322,232,230,2
21323,162,156,6
21324,182,180,2
21325,70,68,2
21326,167,163,4
21327,737,721,16
21328,405,395,10
21329,546,528,18
21330,109,105,4
21331,304,301,3
21332,188,183,5
21333,277,268,9
21334,146,142,4
21335,49,47,2
21336,159,158,1
21337,122,121,1
21338,285,281,4
21339,108,108,0
21340,199,199,0
21341,203,201,2
21342,92,92,0
21343,306,304,2
21344,61,61,0
21345,130,130,0
21346,97,93,4
21347,124,123,1
21348,59,58,1
21349,121,119,2
21350,129,126,3
21351,257,254,3
21352,118,116,2
21353,134,131,3
21354,453,446,7
21355,281,266,15
21356,45,44,1
21357,136,131,5
21358,125,125,0
21359,188,187,1
21360,214,210,4
21361,207,202,5
21362,561,556,5
21363,57,57,0
21364,116,113,3
21365,461,451,10
21366,89,89,0
21367,162,160,2
21368,134,132,2
21369,273,259,14
21370,187,185,2
21371,279,273,6
21372,233,225,8
21373,194,193,1
21374,293,290,3
21375,256,252,4
21376,159,156,3
21377,429,425,4
21378,330,330,0
21379,211,209,2
21380,71,68,3
21381,202,199,3
21382,111,106,5
21383,447,441,6
21384,220,217,3
21385,131,129,2
21386,117,112,5
21387,112,112,0
21388,453,450,3
21389,129,128,1
21390,189,188,1
21391,646,624,22
21392,112,111,1
21393,215,207,8
21394,474,460,14
21395,217,213,4
21396,317,307,10
21397,196,191,5
21398,163,157,6
21399,100,98,2
21400,326,322,4
21401,111,108,3
21402,122,120,2
21403,559,553,6
21404,303,298,5
21405,218,218,0
21406,140,136,4
21407,340,334,6
21408,140,136,4
21409,202,197,5
21410,143,137,6
21411,189,187,2
21412,439,434,5
21413,849,824,25
21414,261,255,6
21415,315,311,4
21416,139,133,6
21417,155,155,0
21418,273,266,7
21419,237,229,8
21420,183,172,11
21421,189,188,1
21422,189,185,4
21423,206,204,2
21424,206,204,2
21425,237,232,5
21426,139,136,3
21427,593,572,21
21428,366,359,7
21429,115,113,2
21430,160,159,1
21431,77,77,0
21432,146,136,10
21433,131,129,2
21434,138,137,1
21435,119,115,4
21436,73,73,0
21437,125,124,1
21438,115,114,1
21439,115,112,3
21440,165,164,1
21441,152,150,2
21442,39,38,1
21443,212,210,2
21444,285,282,3
21445,311,306,5
21446,206,206,0
21447,238,237,1
21448,185,184,1
21449,162,161,1
21450,212,211,1
21451,754,741,13
21452,508,507,1
21453,150,143,7
21454,92,88,4
21455,141,140,1
21456,203,200,3
21457,148,147,1
21458,137,133,4
21459,427,423,4
21460,210,199,11
21461,296,295,1
21462,50,49,1
21463,187,186,1
21464,187,186,1
21465,751,742,9
21466,129,126,3
21467,149,149,0
21468,172,166,6
21469,211,209,2
21470,120,119,1
21471,252,248,4
21472,186,185,1
21473,115,113,2
21474,155,151,4
21475,74,73,1
21476,415,409,6
21477,55,55,0
21478,123,121,2
21479,147,144,3
21480,72,69,3
21481,249,246,3
21482,309,301,8
21483,97,97,0
21484,240,235,5
21485,188,183,5
21486,107,107,0
21487,198,196,2
21488,132,127,5
21489,111,105,6
21490,116,114,2
21491,125,121,4
21492,281,275,6
21493,196,187,9
21494,69,64,5
21495,165,142,23
21496,78,77,1
21497,201,195,6
21498,115,112,3
21499,122,108,14
21500,361,352,9
21501,92,88,4
21502,100,90,10
21503,33,33,0
21504,121,118,3
21505,625,619,6
21506,126,122,4
21507,314,308,6
21508,510,500,10
21509,153,152,1
21510,472,465,7
21511,104,101,3
21512,76,75,1
21513,385,378,7
21514,787,783,4
21515,234,231,3
21516,129,125,4
21517,221,216,5
21518,334,326,8
21519,424,421,3
21520,363,358,5
21521,273,270,3
21522,141,141,0
21523,102,102,0
21524,331,325,6
21525,173,172,1
21526,143,140,3
21527,286,283,3
21528,305,293,12
21529,176,176,0
21530,357,351,6
21531,294,289,5
21532,334,329,5
21533,381,370,11
21534,285,277,8
21535,105,100,5
21536,1021,985,36
21537,159,152,7
21538,115,111,4
21539,120,119,1
21540,91,86,5
21541,122,121,1
21542,273,268,5
21543,153,144,9
21544,158,155,3
21545,229,224,5
21546,105,105,0
21547,190,189,1
21548,207,201,6
21549,174,172,2
21550,131,131,0
21551,146,144,2
21552,128,127,1
21553,244,238,6
21554,51,50,1
21555,126,121,5
21556,158,154,4
21557,297,292,5
21558,80,74,6
21559,380,373,7
21560,143,141,2
21561,234,228,6
21562,59,59,0
21563,141,139,2
21564,57,55,2
21565,241,237,4
21566,175,171,4
21567,126,122,4
21568,201,200,1
21569,378,368,10
21570,147,144,3
21571,225,224,1
21572,445,440,5
21573,163,156,7
21574,168,166,2
21575,296,283,13
21576,134,133,1
21577,175,172,3
21578,188,183,5
21579,105,105,0
21580,368,361,7
21581,134,132,2
21582,145,144,1
21583,437,424,13
21584,158,158,0
21585,184,182,2
21586,253,250,3
21587,221,215,6
21588,165,165,0
21589,369,365,4
21590,171,169,2
21591,109,109,0
21592,200,193,7
21593,958,952,6
21594,100,99,1
21595,281,265,16
21596,206,201,5
21597,259,245,14
21598,293,286,7
21599,222,215,7
21600,68,67,1
21601,144,137,7
21602,174,173,1
21603,141,139,2
21604,177,172,5
21605,222,221,1
21606,91,89,2
21607,188,180,8
21608,388,365,23
21609,185,180,5
21610,554,546,8
21611,888,874,14
21612,157,154,3
21613,639,634,5
21614,407,391,16
21615,165,159,6
21616,153,147,6
21617,117,116,1
21618,47,45,2
21619,154,154,0
21620,297,294,3
21621,140,129,11
21622,153,147,6
21623,78,76,2
21624,111,109,2
21625,344,334,10
21626,46,46,0
21627,691,676,15
21628,90,89,1
21629,262,253,9
21630,121,119,2
21631,207,206,1
21632,206,203,3
21633,205,195,10
21634,135,132,3
21635,369,362,7
21636,102,101,1
21637,90,89,1
21638,190,188,2
21639,123,121,2
21640,628,610,18
21641,142,140,2
21642,161,157,4
21643,78,74,4
21644,640,637,3
21645,204,196,8
21646,167,166,1
21647,174,173,1
21648,570,558,12
21649,312,304,8
21650,389,373,16
21651,137,136,1
21652,69,67,2
21653,72,71,1
21654,118,109,9
21655,107,104,3
21656,160,158,2
21657,154,144,10
21658,141,141,0
21659,296,295,1
21660,595,590,5
21661,140,138,2
21662,231,229,2
21663,541,524,17
21664,182,177,5
21665,123,120,3
21666,145,145,0
21667,319,306,13
21668,50,49,1
21669,152,151,1
21670,314,311,3
21671,737,728,9
21672,646,640,6
21673,150,148,2
21674,138,136,2
21675,119,117,2
21676,461,449,12
21677,137,134,3
21678,382,376,6
21679,112,108,4
21680,130,128,2
21681,73,71,2
21682,73,73,0
21683,149,145,4
21684,373,369,4
21685,536,516,20
21686,166,165,1
21687,346,334,12
21688,462,454,8
21689,271,255,16
21690,408,389,19
21691,165,163,2
21692,110,107,3
21693,138,137,1
21694,365,361,4
21695,146,144,2
21696,409,389,20
21697,490,445,45
21698,477,474,3
21699,174,170,4
21700,160,157,3
21701,123,119,4
21702,223,217,6
21703,284,276,8
21704,904,876,28
21705,141,137,4
21706,182,181,1
21707,136,135,1
21708,153,149,4
21709,44,44,0
21710,171,168,3
21711,143,139,4
21712,152,152,0
21713,90,90,0
21714,231,229,2
21715,165,160,5
21716,122,119,3
21717,170,168,2
21718,96,96,0
21719,118,116,2
21720,257,255,2
21721,178,166,12
21722,411,407,4
21723,173,173,0
21724,135,133,2
21725,148,130,18
21726,129,114,15
21727,323,306,17
21728,167,161,6
21729,164,163,1
21730,189,186,3
21731,448,443,5
21732,279,276,3
21733,127,125,2
21734,176,173,3
21735,453,451,2
21736,117,116,1
21737,348,344,4
21738,226,223,3
21739,146,136,10
21740,154,150,4
21741,677,654,23
21742,252,239,13
21743,168,163,5
21744,148,144,4
21745,374,367,7
21746,174,169,5
21747,166,159,7
21748,193,185,8
21749,150,150,0
21750,266,256,10
21751,422,402,20
21752,219,215,4
21753,74,72,2
21754,706,698,8
21755,356,348,8
21756,73,73,0
21757,133,131,2
21758,123,119,4
21759,155,153,2
21760,242,237,5
21761,247,237,10
21762,172,172,0
21763,71,70,1
21764,152,147,5
21765,168,163,5
21766,194,191,3
21767,247,237,10
21768,167,158,9
21769,149,147,2
21770,589,570,19
21771,116,112,4
21772,152,150,2
21773,103,101,2
21774,141,134,7
21775,47,47,0
21776,259,255,4
21777,143,143,0
21778,60,60,0
21779,188,182,6
21780,291,290,1
21781,223,223,0
21782,76,75,1
21783,48,48,0
21784,258,253,5
21785,172,168,4
21786,123,122,1
21787,258,254,4
21788,118,117,1
21789,122,115,7
21790,291,290,1
21791,140,138,2
21792,242,240,2
21793,182,181,1
21794,161,160,1
21795,117,115,2
21796,294,289,5
21797,231,225,6
21798,167,163,4
21799,188,187,1
21800,78,78,0
21801,218,212,6
21802,307,299,8
21803,161,160,1
21804,248,246,2
21805,332,318,14
21806,145,145,0
21807,213,209,4
21808,101,97,4
21809,167,164,3
21810,195,195,0
21811,152,150,2
21812,343,333,10
21813,860,827,33
21814,212,208,4
21815,283,271,12
21816,260,254,6
21817,127,126,1
21818,173,173,0
21819,156,141,15
21820,153,150,3
21821,241,240,1
21822,112,112,0
21823,131,130,1
21824,122,122,0
21825,336,335,1
21826,158,156,2
21827,155,153,2
21828,193,187,6
21829,96,94,2
21830,156,152,4
21831,140,135,5
21832,112,109,3
21833,305,303,2
21834,250,243,7
21835,171,167,4
21836,436,424,12
21837,244,240,4
21838,95,93,2
21839,139,133,6
21840,177,173,4
21841,101,96,5
21842,266,264,2
21843,286,279,7
21844,592,585,7
21845,125,123,2
21846,128,127,1
21847,198,195,3
21848,151,149,2
21849,52,52,0
21850,114,112,2
21851,65,64,1
21852,101,100,1
21853,69,68,1
21854,202,196,6
21855,88,86,2
21856,173,173,0
21857,208,203,5
21858,565,552,13
21859,166,164,2
21860,355,353,2
21861,142,137,5
21862,372,354,18
21863,111,110,1
21864,130,122,8
21865,195,194,1
21866,363,358,5
21867,116,113,3
21868,212,207,5
21869,103,103,0
21870,138,135,3
21871,232,232,0
21872,143,141,2
21873,141,139,2
21874,208,193,15
21875,154,150,4
21876,592,573,19
21877,453,439,14
21878,120,117,3
21879,171,163,8
21880,117,117,0
21881,149,147,2
21882,352,343,9
21883,727,714,13
21884,180,178,2
21885,90,89,1
21886,89,86,3
21887,499,478,21
21888,268,267,1
21889,100,100,0
21890,373,369,4
21891,60,60,0
21892,53,52,1
21893,183,181,2
21894,104,103,1
21895,107,98,9
21896,55,53,2
21897,388,374,14
21898,188,186,2
21899,795,790,5
21900,356,351,5
21901,316,315,1
21902,261,251,10
21903,262,257,5
21904,703,676,27
21905,141,139,2
21906,206,204,2
21907,184,184,0
21908,144,144,0
21909,128,128,0
21910,118,117,1
21911,217,215,2
21912,124,123,1
21913,140,138,2
21914,236,232,4
21915,420,418,2
21916,159,159,0
21917,104,103,1
21918,201,198,3
21919,343,339,4
21920,279,275,4
21921,210,199,11
21922,262,256,6
21923,307,304,3
21924,214,203,11
21925,441,435,6
21926,265,255,10
21927,244,240,4
21928,241,235,6
21929,103,101,2
21930,93,92,1
21931,67,66,1
21932,96,94,2
21933,44,44,0
21934,402,390,12
21935,98,94,4
21936,15,15,0
21937,70,69,1
21938,85,82,3
21939,56,54,2
21940,283,275,8
21941,133,130,3
21942,150,148,2
21943,133,132,1
21944,127,123,4
21945,136,136,0
21946,233,231,2
21947,219,219,0
21948,185,181,4
21949,87,86,1
21950,161,158,3
21951,135,134,1
21952,162,159,3
21953,172,169,3
21954,151,151,0
21955,483,472,11
21956,355,348,7
21957,188,184,4
21958,286,279,7
21959,109,105,4
21960,135,134,1
21961,175,171,4
21962,232,230,2
21963,197,194,3
21964,105,103,2
21965,933,927,6
21966,185,182,3
21967,136,134,2
21968,216,215,1
21969,240,233,7
21970,271,260,11
21971,279,270,9
21972,753,716,37
21973,267,258,9
21974,75,73,2
21975,184,184,0
21976,257,253,4
21977,468,461,7
21978,472,460,12
21979,188,183,5
21980,835,824,11
21981,637,617,20
21982,60,60,0
21983,187,187,0
21984,187,187,0
21985,429,427,2
21986,96,95,1
21987,42,39,3
21988,97,95,2
21989,77,74,3
21990,266,261,5
21991,453,441,12
21992,46,46,0
21993,188,188,0
21994,110,105,5
21995,241,240,1
21996,145,142,3
21997,126,124,2
21998,120,117,3
21999,469,457,12
22000,271,268,3
22001,203,201,2
22002,123,120,3
22003,184,180,4
22004,589,579,10
22005,479,476,3
22006,195,193,2
22007,225,222,3
22008,363,359,4
22009,987,971,16
22010,125,124,1
22011,588,579,9
22012,282,279,3
22013,749,737,12
22014,297,295,2
22015,396,388,8
22016,326,321,5
22017,254,251,3
22018,341,337,4
22019,176,168,8
22020,386,386,0
22021,133,128,5
22022,106,102,4
22023,66,63,3
22024,241,239,2
22025,161,160,1
22026,212,210,2
22027,115,113,2
22028,92,92,0
22029,1243,1213,30
22030,796,783,13
22031,231,224,7
22032,172,171,1
22033,289,280,9
22034,208,206,2
22035,128,127,1
22036,156,152,4
22037,161,161,0
22038,285,276,9
22039,218,210,8
22040,119,117,2
22041,157,156,1
22042,131,130,1
22043,457,444,13
22044,117,115,2
22045,95,95,0
22046,223,217,6
22047,173,171,2
22048,167,163,4
22049,122,121,1
22050,165,159,6
22051,136,134,2
22052,71,70,1
22053,205,198,7
22054,268,254,14
22055,153,145,8
22056,421,418,3
22057,82,82,0
22058,163,155,8
22059,232,228,4
22060,169,169,0
22061,193,188,5
22062,41,40,1
22063,995,980,15
22064,223,217,6
22065,209,200,9
22066,271,268,3
22067,95,90,5
22068,180,173,7
22069,159,155,4
22070,128,122,6
22071,161,149,12
22072,349,344,5
22073,295,290,5
22074,246,246,0
22075,129,126,3
22076,327,317,10
22077,132,130,2
22078,128,128,0
22079,225,221,4
22080,248,245,3
22081,139,136,3
22082,154,153,1
22083,179,178,1
22084,189,188,1
22085,636,631,5
22086,191,190,1
22087,168,167,1
22088,256,253,3
22089,126,125,1
22090,193,192,1
22091,164,160,4
22092,332,327,5
22093,161,158,3
22094,148,148,0
22095,157,156,1
22096,131,128,3
22097,230,227,3
22098,276,271,5
22099,190,188,2
22100,180,179,1
22101,385,380,5
22102,225,217,8
22103,701,691,10
22104,518,512,6
22105,333,331,2
22106,86,85,1
22107,411,406,5
22108,1011,989,22
22109,438,429,9
22110,285,280,5
22111,144,143,1
22112,109,105,4
22113,316,314,2
22114,237,227,10
22115,517,502,15
22116,128,127,1
22117,219,210,9
22118,267,260,7
22119,311,305,6
22120,332,331,1
22121,962,920,42
22122,218,215,3
22123,198,193,5
22124,116,115,1
22125,202,196,6
22126,415,407,8
22127,277,276,1
22128,549,544,5
22129,125,123,2
22130,142,139,3
22131,179,175,4
22132,443,436,7
22133,241,238,3
22134,213,212,1
22135,105,102,3
22136,239,235,4
22137,329,322,7
22138,124,119,5
22139,261,256,5
22140,727,712,15
22141,480,478,2
22142,535,527,8
22143,258,258,0
22144,118,114,4
22145,181,179,2
22146,462,447,15
22147,172,166,6
22148,62,62,0
22149,116,108,8
22150,180,179,1
22151,135,134,1
22152,153,151,2
22153,149,148,1
22154,153,149,4
22155,158,155,3
22156,120,118,2
22157,148,146,2
22158,146,145,1
22159,220,213,7
22160,112,103,9
22161,187,184,3
22162,149,147,2
22163,486,473,13
22164,127,124,3
22165,153,149,4
22166,140,140,0
22167,293,290,3
22168,80,80,0
22169,65,64,1
22170,89,89,0
22171,46,46,0
22172,129,127,2
22173,127,123,4
22174,543,530,13
22175,94,91,3
22176,345,343,2
22177,71,69,2
22178,515,507,8
22179,213,210,3
22180,74,73,1
22181,279,272,7
22182,49,47,2
22183,106,103,3
22184,434,418,16
22185,264,257,7
22186,131,127,4
22187,428,425,3
22188,285,278,7
22189,790,750,40
22190,110,105,5
22191,185,184,1
22192,153,153,0
22193,152,151,1
22194,151,149,2
22195,67,64,3
22196,119,119,0
22197,43,42,1
22198,128,128,0
22199,567,559,8
22200,116,113,3
22201,75,74,1
22202,234,229,5
22203,113,109,4
22204,179,176,3
22205,50,48,2
22206,186,182,4
22207,172,170,2
22208,155,155,0
22209,277,274,3
22210,129,127,2
22211,584,577,7
22212,212,209,3
22213,183,182,1
22214,1000,976,24
22215,352,346,6
22216,86,84,2
22217,97,97,0
22218,106,106,0
22219,141,132,9
22220,156,155,1
22221,246,244,2
22222,314,309,5
22223,106,106,0
22224,112,111,1
22225,491,472,19
22226,166,163,3
22227,190,186,4
22228,54,53,1
22229,226,224,2
22230,261,257,4
22231,372,364,8
22232,521,510,11
22233,223,221,2
22234,237,236,1
22235,211,208,3
22236,75,73,2
22237,98,96,2
22238,80,79,1
22239,168,163,5
22240,332,325,7
22241,489,474,15
22242,476,465,11
22243,376,375,1
22244,174,172,2
22245,607,599,8
22246,150,147,3
22247,135,132,3
22248,450,447,3
22249,493,491,2
22250,212,209,3
22251,531,526,5
22252,149,149,0
22253,210,210,0
22254,1015,982,33
22255,173,172,1
22256,140,137,3
22257,115,112,3
22258,308,300,8
22259,115,115,0
22260,145,142,3
22261,541,526,15
22262,175,171,4
22263,132,132,0
22264,147,141,6
22265,336,334,2
22266,500,492,8
22267,140,140,0
22268,160,160,0
22269,366,365,1
22270,378,371,7
22271,270,262,8
22272,148,148,0
22273,835,776,59
22274,530,518,12
22275,490,479,11
22276,250,246,4
22277,220,218,2
22278,149,145,4
22279,707,695,12
22280,508,488,20
22281,151,148,3
22282,122,122,0
22283,812,798,14
22284,241,234,7
22285,142,141,1
22286,161,156,5
22287,494,487,7
22288,123,115,8
22289,138,131,7
22290,203,201,2
22291,151,147,4
22292,160,156,4
22293,331,330,1
22294,1039,991,48
22295,208,205,3
22296,290,283,7
22297,185,181,4
22298,938,928,10
22299,413,402,11
22300,123,115,8
22301,127,127,0
22302,164,163,1
22303,204,201,3
22304,272,272,0
22305,38,37,1
22306,208,201,7
22307,307,287,20
22308,329,324,5
22309,162,159,3
22310,204,202,2
22311,347,341,6
22312,218,207,11
22313,129,128,1
22314,506,493,13
22315,185,179,6
22316,334,330,4
22317,484,465,19
22318,222,214,8
22319,170,169,1
22320,170,165,5
22321,140,136,4
22322,287,281,6
22323,540,538,2
22324,131,129,2
22325,278,274,4
22326,119,119,0
22327,150,149,1
22328,92,89,3
22329,449,442,7
22330,288,284,4
22331,39,39,0
22332,464,452,12
22333,127,127,0
22334,158,157,1
22335,268,265,3
22336,69,69,0
22337,219,219,0
22338,124,121,3
22339,358,355,3
22340,342,341,1
22341,234,230,4
22342,239,237,2
22343,144,142,2
22344,160,158,2
22345,196,193,3
22346,832,813,19
22347,130,126,4
22348,129,128,1
22349,146,144,2
22350,587,577,10
22351,155,155,0
22352,143,139,4
22353,169,166,3
22354,156,156,0
22355,356,355,1
22356,244,238,6
22357,459,445,14
22358,178,170,8
22359,105,104,1
22360,420,414,6
22361,135,135,0
22362,48,48,0
22363,119,119,0
22364,136,132,4
22365,83,82,1
22366,125,120,5
22367,322,303,19
22368,346,337,9
22369,522,521,1
22370,175,171,4
22371,212,210,2
22372,292,286,6
22373,133,131,2
22374,167,167,0
22375,140,137,3
22376,169,166,3
22377,239,238,1
22378,138,135,3
22379,110,109,1
22380,252,248,4
22381,186,185,1
22382,115,113,2
22383,155,151,4
22384,109,107,2
22385,175,174,1
22386,175,167,8
22387,204,199,5
22388,191,189,2
22389,867,839,28
22390,316,307,9
22391,220,220,0
22392,568,561,7
22393,403,401,2
22394,311,307,4
22395,776,767,9
22396,382,373,9
22397,219,214,5
22398,382,377,5
22399,151,150,1
22400,662,655,7
22401,716,709,7
22402,117,114,3
22403,165,164,1
22404,113,111,2
22405,1006,990,16
22406,781,775,6
22407,133,131,2
22408,345,345,0
22409,85,85,0
22410,129,128,1
22411,137,137,0
22412,251,250,1
22413,118,115,3
22414,716,709,7
22415,209,204,5
22416,225,223,2
22417,117,116,1
22418,305,290,15
22419,387,385,2
22420,55,54,1
22421,177,175,2
22422,70,70,0
22423,190,179,11
22424,326,316,10
22425,366,358,8
22426,185,175,10
22427,933,921,12
22428,180,176,4
22429,128,127,1
22430,94,93,1
22431,129,129,0
22432,142,139,3
22433,262,255,7
22434,480,471,9
22435,567,560,7
22436,140,140,0
22437,141,136,5
22438,239,238,1
22439,258,255,3
22440,125,123,2
22441,197,192,5
22442,164,160,4
22443,194,186,8
22444,131,131,0
22445,112,111,1
22446,729,708,21
22447,183,177,6
22448,97,96,1
22449,88,84,4
22450,529,524,5
22451,293,290,3
22452,68,67,1
22453,81,80,1
22454,195,190,5
22455,112,111,1
22456,263,259,4
22457,229,226,3
22458,103,100,3
22459,218,206,12
22460,141,139,2
22461,211,209,2
22462,329,324,5
22463,390,384,6
22464,384,383,1
22465,56,55,1
22466,208,204,4
22467,99,97,2
22468,223,216,7
22469,520,514,6
22470,354,342,12
22471,301,291,10
22472,1406,1373,33
22473,413,405,8
22474,237,232,5
22475,257,249,8
22476,193,192,1
22477,117,114,3
22478,239,227,12
22479,100,92,8
22480,214,210,4
22481,72,71,1
22482,597,573,24
22483,451,447,4
22484,50,50,0
22485,67,66,1
22486,142,141,1
22487,239,233,6
22488,520,510,10
22489,509,507,2
22490,429,419,10
22491,155,155,0
22492,610,604,6
22493,131,131,0
22494,370,365,5
22495,140,137,3
22496,275,272,3
22497,167,164,3
22498,152,149,3
22499,179,177,2
22500,150,150,0
22501,192,187,5
22502,163,162,1
22503,307,294,13
22504,480,465,15
22505,129,124,5
22506,232,230,2
22507,149,141,8
22508,375,359,16
22509,216,214,2
22510,174,164,10
22511,233,229,4
22512,268,268,0
22513,401,396,5
22514,122,122,0
22515,102,102,0
22516,161,160,1
22517,236,233,3
22518,170,168,2
22519,330,319,11
22520,164,163,1
22521,199,192,7
22522,137,135,2
22523,191,191,0
22524,180,179,1
22525,277,267,10
22526,280,276,4
22527,271,267,4
22528,137,136,1
22529,122,117,5
22530,122,119,3
22531,159,158,1
22532,341,334,7
22533,183,178,5
22534,426,414,12
22535,123,118,5
22536,188,184,4
22537,139,137,2
22538,124,123,1
22539,198,198,0
22540,174,167,7
22541,424,419,5
22542,311,297,14
22543,151,150,1
22544,124,122,2
22545,30,29,1
22546,232,232,0
22547,129,128,1
22548,163,160,3
22549,294,288,6
22550,281,280,1
22551,199,197,2
22552,369,360,9
22553,135,131,4
22554,191,191,0
22555,110,104,6
22556,146,144,2
22557,159,158,1
22558,252,250,2
22559,167,162,5
22560,247,245,2
22561,116,113,3
22562,140,140,0
22563,210,210,0
22564,101,100,1
22565,209,207,2
22566,232,231,1
22567,591,584,7
22568,441,433,8
22569,200,196,4
22570,245,239,6
22571,186,185,1
22572,481,477,4
22573,126,126,0
22574,123,122,1
22575,283,279,4
22576,113,111,2
22577,709,693,16
22578,170,167,3
22579,173,172,1
22580,1030,1007,23
22581,751,740,11
22582,886,877,9
22583,181,180,1
22584,909,898,11
22585,73,72,1
22586,167,165,2
22587,127,125,2
22588,227,218,9
22589,687,669,18
22590,159,151,8
22591,589,587,2
22592,229,228,1
22593,304,299,5
22594,202,199,3
22595,1061,1043,18
22596,106,106,0
22597,113,109,4
22598,111,111,0
22599,324,317,7
22600,185,182,3
22601,173,170,3
22602,192,192,0
22603,467,464,3
22604,737,724,13
22605,285,283,2
22606,473,464,9
22607,142,140,2
22608,258,254,4
22609,369,367,2
22610,233,230,3
22611,351,337,14
22612,432,431,1
22613,115,112,3
22614,147,145,2
22615,130,130,0
22616,137,137,0
22617,792,781,11
22618,184,183,1
22619,309,307,2
22620,460,452,8
22621,227,218,9
22622,188,186,2
22623,876,866,10
22624,150,146,4
22625,208,207,1
22626,445,436,9
22627,842,822,20
22628,172,164,8
22629,144,140,4
22630,112,112,0
22631,472,467,5
22632,83,82,1
22633,295,289,6
22634,323,314,9
22635,309,307,2
22636,346,334,12
22637,270,264,6
22638,99,97,2
22639,85,85,0
22640,111,109,2
22641,169,169,0
22642,121,118,3
22643,144,144,0
22644,432,427,5
22645,227,227,0
22646,150,148,2
22647,151,150,1
22648,135,135,0
22649,187,187,0
22650,216,213,3
22651,128,128,0
22652,325,325,0
22653,310,307,3
22654,120,119,1
22655,277,267,10
22656,167,166,1
22657,299,297,2
22658,131,130,1
22659,124,119,5
22660,100,97,3
22661,268,260,8
22662,133,131,2
22663,448,434,14
22664,145,144,1
22665,137,137,0
22666,140,137,3
22667,975,950,25
22668,260,236,24
22669,180,171,9
22670,218,209,9
22671,590,575,15
22672,250,240,10
22673,159,152,7
22674,162,160,2
22675,111,109,2
22676,76,75,1
22677,197,190,7
22678,444,430,14
22679,770,757,13
22680,382,370,12
22681,272,266,6
22682,353,348,5
22683,966,944,22
22684,114,111,3
22685,136,134,2
22686,167,163,4
22687,189,183,6
22688,44,44,0
22689,104,102,2
22690,179,172,7
22691,311,304,7
22692,332,324,8
22693,262,253,9
22694,174,173,1
22695,171,167,4
22696,117,117,0
22697,147,147,0
22698,120,119,1
22699,134,132,2
22700,222,220,2
22701,157,156,1
22702,335,329,6
22703,106,106,0
22704,134,133,1
22705,388,385,3
22706,142,142,0
22707,296,293,3
22708,134,129,5
22709,248,243,5
22710,189,185,4
22711,267,264,3
22712,426,422,4
22713,106,102,4
22714,39,35,4
22715,305,299,6
22716,85,83,2
22717,354,349,5
22718,176,175,1
22719,720,692,28
22720,272,269,3
22721,191,185,6
22722,190,183,7
22723,503,481,22
22724,107,106,1
22725,128,126,2
22726,319,314,5
22727,169,167,2
22728,176,173,3
22729,251,247,4
22730,208,205,3
22731,287,282,5
22732,102,100,2
22733,329,320,9
22734,152,148,4
22735,277,270,7
22736,412,402,10
22737,53,52,1
22738,723,704,19
22739,781,750,31
22740,781,773,8
22741,150,144,6
22742,59,58,1
22743,159,159,0
22744,142,137,5
22745,170,170,0
22746,185,184,1
22747,142,140,2
22748,247,241,6
22749,245,243,2
22750,85,84,1
22751,609,595,14
22752,83,82,1
22753,118,116,2
22754,142,138,4
22755,173,170,3
22756,412,401,11
22757,288,282,6
22758,173,173,0
22759,455,446,9
22760,714,684,30
22761,136,132,4
22762,384,374,10
22763,307,299,8
22764,155,153,2
22765,143,142,1
22766,295,291,4
22767,323,320,3
22768,458,454,4
22769,180,180,0
22770,192,191,1
22771,165,163,2
22772,285,276,9
22773,163,158,5
22774,149,149,0
22775,281,277,4
22776,158,157,1
22777,314,312,2
22778,326,324,2
22779,382,378,4
22780,132,132,0
22781,236,230,6
22782,368,368,0
22783,620,612,8
22784,947,940,7
22785,215,212,3
22786,228,222,6
22787,64,63,1
22788,296,286,10
22789,121,121,0
22790,206,198,8
22791,109,109,0
22792,204,198,6
22793,189,185,4
22794,549,546,3
22795,547,544,3
22796,330,322,8
22797,154,152,2
22798,301,300,1
22799,164,162,2
22800,196,191,5
22801,133,130,3
22802,340,333,7
22803,264,261,3
22804,788,782,6
22805,474,470,4
22806,203,202,1
22807,96,96,0
22808,149,148,1
22809,177,175,2
22810,176,173,3
22811,132,130,2
22812,143,143,0
22813,146,143,3
22814,297,288,9
22815,320,311,9
22816,109,109,0
22817,361,354,7
22818,121,119,2
22819,573,566,7
22820,122,121,1
22821,99,95,4
22822,305,296,9
22823,64,63,1
22824,129,125,4
22825,252,251,1
22826,332,327,5
22827,189,189,0
22828,354,345,9
22829,444,436,8
22830,139,139,0
22831,88,86,2
22832,222,219,3
22833,111,110,1
22834,51,51,0
22835,119,118,1
22836,86,80,6
22837,116,116,0
22838,496,484,12
22839,161,159,2
22840,357,355,2
22841,216,211,5
22842,190,189,1
22843,98,97,1
22844,139,137,2
22845,207,204,3
22846,62,62,0
22847,107,107,0
22848,57,57,0
22849,172,172,0
22850,102,96,6
22851,145,144,1
22852,343,338,5
22853,233,223,10
22854,209,204,5
22855,356,352,4
22856,255,250,5
22857,111,111,0
22858,96,96,0
22859,346,340,6
22860,409,397,12
22861,63,63,0
22862,130,130,0
22863,682,660,22
22864,127,125,2
22865,139,136,3
22866,75,73,2
22867,364,356,8
22868,183,180,3
22869,174,164,10
22870,929,908,21
22871,522,507,15
22872,250,242,8
22873,212,210,2
22874,183,180,3
22875,166,162,4
22876,296,289,7
22877,224,222,2
22878,421,410,11
22879,138,132,6
22880,132,130,2
22881,314,312,2
22882,761,749,12
22883,94,93,1
22884,313,305,8
22885,132,130,2
22886,101,100,1
22887,176,172,4
22888,118,115,3
22889,285,280,5
22890,137,136,1
22891,160,158,2
22892,157,152,5
22893,190,182,8
22894,152,148,4
22895,176,172,4
22896,84,82,2
22897,315,311,4
22898,822,809,13
22899,153,151,2
22900,126,122,4
22901,251,244,7
22902,214,209,5
22903,222,217,5
22904,202,202,0
22905,134,132,2
22906,52,52,0
22907,98,98,0
22908,196,190,6
22909,211,206,5
22910,69,69,0
22911,141,138,3
22912,140,139,1
22913,81,78,3
22914,245,242,3
22915,127,123,4
22916,126,124,2
22917,393,388,5
22918,577,569,8
22919,84,83,1
22920,511,504,7
22921,83,83,0
22922,158,157,1
22923,72,67,5
22924,622,612,10
22925,155,154,1
22926,327,326,1
22927,61,61,0
22928,44,42,2
22929,190,190,0
22930,510,504,6
22931,257,250,7
22932,113,110,3
22933,169,167,2
22934,149,143,6
22935,136,133,3
22936,157,154,3
22937,122,122,0
22938,181,177,4
22939,165,160,5
22940,120,119,1
22941,122,117,5
22942,129,126,3
22943,120,117,3
22944,187,182,5
22945,107,104,3
22946,351,342,9
22947,111,106,5
22948,137,133,4
22949,143,141,2
22950,125,121,4
22951,858,842,16
22952,130,130,0
22953,69,68,1
22954,873,855,18
22955,125,124,1
22956,154,153,1
22957,87,85,2
22958,246,242,4
22959,163,162,1
22960,182,179,3
22961,255,254,1
22962,200,195,5
22963,852,831,21
22964,764,752,12
22965,304,295,9
22966,127,125,2
22967,995,973,22
22968,113,106,7
22969,148,146,2
22970,444,440,4
22971,117,116,1
22972,465,463,2
22973,237,229,8
22974,245,238,7
22975,150,141,9
22976,168,165,3
22977,115,115,0
22978,244,242,2
22979,46,45,1
22980,156,153,3
22981,200,199,1
22982,139,139,0
22983,127,126,1
22984,147,146,1
22985,286,276,10
22986,456,446,10
22987,221,218,3
22988,447,438,9
22989,462,447,15
22990,174,169,5
22991,288,284,4
22992,164,161,3
22993,197,194,3
22994,423,415,8
22995,372,364,8
22996,365,351,14
22997,109,108,1
22998,71,70,1
22999,129,129,0
23000,114,114,0
23001,113,111,2
23002,229,213,16
23003,39,37,2
23004,379,373,6
23005,86,82,4
23006,134,133,1
23007,418,417,1
23008,219,211,8
23009,207,206,1
23010,98,95,3
23011,381,370,11
23012,328,314,14
23013,158,144,14
23014,146,145,1
23015,481,473,8
23016,204,204,0
23017,489,483,6
23018,851,839,12
23019,131,128,3
23020,152,150,2
23021,245,241,4
23022,615,609,6
23023,189,188,1
23024,219,215,4
23025,256,250,6
23026,118,118,0
23027,143,143,0
23028,314,311,3
23029,136,136,0
23030,198,195,3
23031,465,457,8
23032,232,229,3
23033,604,582,22
23034,299,295,4
23035,173,170,3
23036,140,139,1
23037,333,329,4
23038,461,448,13
23039,120,119,1
23040,147,146,1
23041,221,212,9
23042,103,101,2
23043,158,157,1
23044,154,153,1
23045,126,123,3
23046,200,200,0
23047,176,171,5
23048,296,292,4
23049,192,192,0
23050,186,180,6
23051,117,116,1
23052,114,111,3
23053,233,227,6
23054,206,203,3
23055,172,170,2
23056,407,399,8
23057,147,143,4
23058,141,138,3
23059,123,121,2
23060,76,73,3
23061,126,121,5
23062,220,218,2
23063,178,175,3
23064,508,505,3
23065,30,30,0
23066,195,193,2
23067,120,117,3
23068,117,112,5
23069,173,169,4
23070,146,143,3
23071,184,183,1
23072,118,116,2
23073,288,284,4
23074,162,161,1
23075,361,351,10
23076,58,58,0
23077,123,120,3
23078,632,620,12
23079,433,422,11
23080,158,153,5
23081,284,277,7
23082,251,243,8
23083,132,129,3
23084,130,128,2
23085,439,435,4
23086,176,173,3
23087,150,146,4
23088,124,121,3
23089,115,112,3
23090,216,211,5
23091,278,277,1
23092,397,394,3
23093,223,221,2
23094,319,310,9
23095,179,169,10
23096,245,236,9
23097,142,138,4
23098,193,193,0
23099,224,219,5
23100,70,70,0
23101,426,421,5
23102,659,647,12
23103,125,123,2
23104,175,175,0
23105,251,250,1
23106,145,138,7
23107,72,72,0
23108,91,88,3
23109,113,110,3
23110,140,139,1
23111,125,120,5
23112,137,135,2
23113,198,194,4
23114,200,192,8
23115,250,244,6
23116,150,143,7
23117,140,137,3
23118,194,191,3
23119,163,160,3
23120,406,406,0
23121,100,99,1
23122,164,164,0
23123,97,97,0
23124,253,241,12
23125,123,119,4
23126,498,493,5
23127,266,266,0
23128,153,140,13
23129,125,122,3
23130,183,182,1
23131,117,115,2
23132,505,503,2
23133,166,163,3
23134,491,476,15
23135,293,291,2
23136,346,343,3
23137,146,144,2
23138,142,140,2
23139,441,437,4
23140,131,130,1
23141,173,172,1
23142,414,411,3
23143,425,422,3
23144,343,338,5
23145,467,453,14
23146,422,415,7
23147,186,183,3
23148,113,112,1
23149,131,126,5
23150,193,184,9
23151,256,255,1
23152,105,100,5
23153,127,123,4
23154,143,138,5
23155,115,114,1
23156,135,134,1
23157,340,334,6
23158,166,163,3
23159,369,363,6
23160,144,135,9
23161,127,127,0
23162,126,126,0
23163,161,159,2
23164,119,119,0
23165,205,200,5
23166,121,118,3
23167,133,124,9
23168,135,131,4
23169,195,193,2
23170,311,305,6
23171,162,161,1
23172,206,198,8
23173,174,171,3
23174,276,275,1
23175,127,125,2
23176,151,150,1
23177,377,374,3
23178,562,547,15
23179,155,155,0
23180,140,137,3
23181,78,77,1
23182,113,110,3
23183,181,180,1
23184,110,106,4
23185,257,251,6
23186,257,256,1
23187,86,81,5
23188,657,651,6
23189,200,196,4
23190,132,125,7
23191,190,187,3
23192,114,112,2
23193,505,486,19
23194,196,193,3
23195,211,208,3
23196,145,145,0
23197,248,243,5
23198,303,299,4
23199,128,125,3
23200,268,262,6
23201,123,121,2
23202,282,277,5
23203,270,270,0
23204,101,96,5
23205,276,275,1
23206,225,224,1
23207,300,292,8
23208,55,53,2
23209,840,782,58
23210,443,433,10
23211,202,195,7
23212,499,486,13
23213,191,187,4
23214,135,135,0
23215,361,359,2
23216,153,151,2
23217,987,963,24
23218,263,256,7
23219,186,181,5
23220,137,136,1
23221,481,468,13
23222,81,80,1
23223,182,173,9
23224,135,131,4
23225,132,132,0
23226,385,377,8
23227,319,318,1
23228,145,143,2
23229,58,57,1
23230,398,395,3
23231,84,79,5
23232,87,86,1
23233,376,374,2
23234,192,192,0
23235,369,359,10
23236,830,807,23
23237,79,74,5
23238,116,115,1
23239,134,130,4
23240,288,276,12
23241,253,252,1
23242,236,233,3
23243,259,258,1
23244,74,72,2
23245,830,820,10
23246,925,914,11
23247,411,402,9
23248,382,380,2
23249,101,101,0
23250,391,371,20
23251,339,335,4
23252,224,220,4
23253,153,150,3
23254,137,136,1
23255,674,663,11
23256,408,395,13
23257,229,226,3
23258,221,218,3
23259,92,88,4
23260,62,60,2
23261,204,203,1
23262,198,194,4
23263,195,194,1
23264,561,552,9
23265,320,313,7
23266,477,468,9
23267,125,119,6
23268,343,333,10
23269,156,155,1
23270,589,585,4
23271,232,228,4
23272,117,113,4
23273,483,475,8
23274,903,887,16
23275,136,132,4
23276,64,64,0
23277,251,248,3
23278,159,159,0
23279,286,284,2
23280,213,207,6
23281,125,123,2
23282,157,148,9
23283,105,103,2
23284,117,115,2
23285,296,292,4
23286,261,257,4
23287,257,257,0
23288,175,175,0
23289,125,124,1
23290,124,122,2
23291,115,111,4
23292,286,283,3
23293,191,189,2
23294,98,96,2
23295,161,159,2
23296,118,118,0
23297,90,87,3
23298,79,79,0
23299,195,193,2
23300,47,47,0
23301,119,117,2
23302,52,51,1
23303,155,151,4
23304,192,189,3
23305,201,193,8
23306,206,202,4
23307,157,153,4
23308,301,297,4
23309,200,199,1
23310,216,213,3
23311,204,200,4
23312,191,191,0
23313,584,573,11
23314,156,153,3
23315,131,127,4
23316,170,168,2
23317,169,162,7
23318,463,446,17
23319,122,111,11
23320,198,195,3
23321,163,162,1
23322,139,132,7
23323,112,109,3
23324,237,237,0
23325,191,186,5
23326,548,543,5
23327,285,283,2
23328,327,312,15
23329,516,513,3
23330,125,121,4
23331,463,457,6
23332,238,236,2
23333,472,437,35
23334,97,93,4
23335,110,109,1
23336,163,161,2
23337,705,682,23
23338,133,131,2
23339,155,154,1
23340,93,93,0
23341,122,121,1
23342,332,326,6
23343,246,243,3
23344,198,192,6
23345,140,140,0
23346,80,78,2
23347,67,66,1
23348,131,131,0
23349,125,122,3
23350,140,139,1
23351,233,229,4
23352,135,134,1
23353,61,61,0
23354,433,425,8
23355,129,127,2
23356,335,334,1
23357,31,31,0
23358,41,40,1
23359,970,959,11
23360,35,35,0
23361,542,540,2
23362,211,209,2
23363,299,299,0
23364,176,172,4
23365,140,136,4
23366,421,418,3
23367,99,94,5
23368,239,236,3
23369,535,525,10
23370,50,47,3
23371,162,161,1
23372,298,297,1
23373,51,51,0
23374,51,51,0
23375,308,291,17
23376,137,137,0
23377,178,168,10
23378,450,447,3
23379,142,139,3
23380,146,144,2
23381,148,146,2
23382,444,440,4
23383,330,326,4
23384,134,132,2
23385,716,702,14
23386,336,331,5
23387,202,201,1
23388,458,449,9
23389,164,161,3
23390,273,271,2
23391,186,185,1
23392,112,112,0
23393,375,372,3
23394,271,265,6
23395,308,303,5
23396,250,243,7
23397,847,832,15
23398,134,134,0
23399,333,325,8
23400,178,178,0
23401,237,219,18
23402,95,93,2
23403,116,113,3
23404,122,120,2
23405,581,571,10
23406,97,96,1
23407,86,82,4
23408,221,215,6
23409,217,217,0
23410,230,220,10
23411,88,88,0
23412,182,177,5
23413,193,188,5
23414,819,789,30
23415,108,100,8
23416,104,97,7
23417,299,292,7
23418,143,135,8
23419,378,366,12
23420,347,330,17
23421,544,540,4
23422,73,72,1
23423,369,366,3
23424,129,128,1
23425,41,40,1
23426,170,168,2
23427,130,127,3
23428,528,520,8
23429,240,237,3
23430,265,262,3
23431,164,163,1
23432,199,192,7
23433,237,229,8
23434,129,127,2
23435,998,981,17
23436,568,562,6
23437,217,213,4
23438,190,188,2
23439,43,41,2
23440,65,63,2
23441,195,191,4
23442,360,355,5
23443,857,840,17
23444,88,88,0
23445,207,205,2
23446,202,200,2
23447,387,377,10
23448,230,222,8
23449,138,136,2
23450,232,227,5
23451,443,431,12
23452,229,225,4
23453,105,101,4
23454,767,735,32
23455,60,59,1
23456,410,407,3
23457,69,68,1
23458,295,289,6
23459,132,128,4
23460,115,115,0
23461,52,51,1
23462,155,155,0
23463,126,119,7
23464,49,46,3
23465,104,99,5
23466,249,241,8
23467,146,146,0
23468,179,176,3
23469,134,132,2
23470,209,206,3
23471,159,158,1
23472,165,164,1
23473,153,149,4
23474,129,125,4
23475,166,165,1
23476,167,161,6
23477,338,337,1
23478,89,83,6
23479,140,138,2
23480,418,412,6
23481,102,101,1
23482,163,162,1
23483,63,63,0
23484,194,193,1
23485,128,127,1
23486,54,52,2
23487,232,231,1
23488,239,234,5
23489,488,476,12
23490,169,169,0
23491,150,148,2
23492,159,158,1
23493,246,243,3
23494,129,127,2
23495,130,124,6
23496,149,148,1
23497,141,141,0
23498,231,224,7
23499,129,127,2
23500,130,127,3
23501,129,127,2
23502,248,247,1
23503,115,112,3
23504,118,112,6
23505,163,155,8
23506,434,427,7
23507,371,360,11
23508,141,139,2
23509,105,100,5
23510,132,129,3
23511,154,153,1
23512,126,121,5
23513,303,278,25
23514,172,165,7
23515,164,153,11
23516,149,146,3
23517,103,102,1
23518,261,258,3
23519,404,395,9
23520,409,399,10
23521,817,809,8
23522,211,193,18
23523,151,139,12
23524,822,812,10
23525,184,184,0
23526,601,588,13
23527,75,74,1
23528,139,137,2
23529,198,197,1
23530,689,683,6
23531,184,178,6
23532,284,278,6
23533,537,529,8
23534,173,172,1
23535,334,327,7
23536,153,148,5
23537,165,159,6
23538,374,371,3
23539,128,126,2
23540,146,145,1
23541,223,221,2
23542,151,147,4
23543,126,122,4
23544,129,127,2
23545,142,139,3
23546,136,136,0
23547,120,119,1
23548,132,128,4
23549,340,332,8
23550,91,87,4
23551,127,127,0
23552,390,383,7
23553,166,162,4
23554,132,132,0
23555,70,69,1
23556,187,186,1
23557,387,381,6
23558,211,211,0
23559,91,91,0
23560,152,151,1
23561,199,191,8
23562,170,166,4
23563,171,170,1
23564,253,244,9
23565,209,205,4
23566,177,170,7
23567,270,265,5
23568,544,531,13
23569,131,129,2
23570,158,155,3
23571,247,245,2
23572,111,109,2
23573,227,222,5
23574,185,176,9
23575,109,108,1
23576,192,187,5
23577,129,126,3
23578,97,96,1
23579,173,162,11
23580,81,80,1
23581,394,381,13
23582,610,601,9
23583,318,316,2
23584,347,344,3
23585,79,79,0
23586,182,182,0
23587,169,165,4
23588,455,447,8
23589,129,129,0
23590,98,97,1
23591,646,637,9
23592,101,101,0
23593,231,226,5
23594,569,564,5
23595,668,660,8
23596,230,229,1
23597,51,51,0
23598,186,182,4
23599,157,156,1
23600,117,116,1
23601,319,315,4
23602,427,416,11
23603,166,166,0
23604,106,105,1
23605,172,171,1
23606,126,121,5
23607,122,122,0
23608,103,99,4
23609,14,14,0
23610,221,213,8
23611,135,134,1
23612,144,143,1
23613,129,123,6
23614,131,130,1
23615,141,136,5
23616,211,201,10
23617,76,74,2
23618,92,90,2
23619,56,51,5
23620,478,477,1
23621,92,90,2
23622,489,485,4
23623,126,125,1
23624,194,187,7
23625,282,277,5
23626,375,372,3
23627,276,263,13
23628,124,123,1
23629,324,308,16
23630,189,187,2
23631,150,150,0
23632,146,126,20
23633,203,203,0
23634,189,185,4
23635,202,197,5
23636,201,201,0
23637,169,167,2
23638,140,140,0
23639,201,200,1
23640,208,206,2
23641,130,128,2
23642,117,117,0
23643,313,304,9
23644,439,433,6
23645,717,705,12
23646,148,147,1
23647,141,139,2
23648,204,196,8
23649,426,419,7
23650,149,149,0
23651,318,313,5
23652,146,146,0
23653,149,143,6
23654,81,78,3
23655,330,324,6
23656,138,137,1
23657,265,261,4
23658,284,278,6
23659,190,186,4
23660,253,248,5
23661,131,128,3
23662,217,214,3
23663,266,263,3
23664,391,369,22
23665,139,139,0
23666,121,118,3
23667,383,365,18
23668,206,201,5
23669,236,235,1
23670,196,192,4
23671,52,52,0
23672,143,142,1
23673,75,75,0
23674,325,320,5
23675,306,301,5
23676,211,197,14
23677,120,120,0
23678,250,247,3
23679,151,145,6
23680,53,51,2
23681,381,373,8
23682,370,369,1
23683,125,124,1
23684,382,371,11
23685,176,173,3
23686,273,270,3
23687,312,310,2
23688,172,170,2
23689,299,295,4
23690,319,306,13
23691,515,511,4
23692,155,153,2
23693,132,132,0
23694,278,277,1
23695,174,172,2
23696,449,437,12
23697,135,133,2
23698,78,75,3
23699,143,141,2
23700,286,280,6
23701,142,141,1
23702,163,161,2
23703,127,126,1
23704,167,167,0
23705,402,387,15
23706,545,539,6
23707,216,211,5
23708,189,184,5
23709,158,154,4
23710,264,262,2
23711,141,140,1
23712,318,312,6
23713,542,526,16
23714,176,173,3
23715,136,135,1
23716,87,87,0
23717,154,151,3
23718,268,260,8
23719,260,253,7
23720,492,479,13
23721,172,169,3
23722,568,546,22
23723,346,342,4
23724,219,216,3
23725,125,121,4
23726,245,244,1
23727,340,329,11
23728,66,65,1
23729,265,257,8
23730,361,345,16
23731,150,150,0
23732,319,311,8
23733,245,236,9
23734,467,459,8
23735,241,233,8
23736,147,146,1
23737,933,905,28
23738,217,207,10
23739,178,173,5
23740,128,127,1
23741,185,181,4
23742,201,198,3
23743,187,177,10
23744,106,105,1
23745,61,61,0
23746,108,106,2
23747,105,105,0
23748,392,386,6
23749,63,63,0
23750,123,122,1
23751,151,148,3
23752,212,211,1
23753,352,350,2
23754,74,73,1
23755,292,289,3
23756,171,163,8
23757,167,161,6
23758,78,78,0
23759,410,397,13
23760,261,256,5
23761,67,66,1
23762,153,152,1
23763,410,399,11
23764,208,208,0
23765,213,205,8
23766,338,319,19
23767,149,141,8
23768,301,285,16
23769,191,181,10
23770,547,527,20
23771,130,128,2
23772,232,232,0
23773,335,329,6
23774,108,105,3
23775,135,134,1
23776,123,123,0
23777,103,103,0
23778,237,235,2
23779,469,461,8
23780,70,69,1
23781,277,274,3
23782,432,426,6
23783,51,48,3
23784,214,214,0
23785,141,141,0
23786,325,324,1
23787,453,438,15
23788,203,203,0
23789,593,577,16
23790,147,147,0
23791,307,304,3
23792,171,166,5
23793,334,331,3
23794,169,165,4
23795,108,106,2
23796,266,264,2
23797,296,294,2
23798,307,305,2
23799,116,114,2
23800,179,178,1
23801,217,208,9
23802,207,202,5
23803,173,171,2
23804,136,131,5
23805,217,215,2
23806,312,300,12
23807,513,499,14
23808,152,146,6
23809,1014,1001,13
23810,604,579,25
23811,773,755,18
23812,313,307,6
23813,585,572,13
23814,180,172,8
23815,948,930,18
23816,1118,1095,23
23817,245,241,4
23818,103,100,3
23819,231,228,3
23820,184,184,0
23821,430,421,9
23822,118,113,5
23823,421,414,7
23824,201,195,6
23825,168,168,0
23826,168,166,2
23827,137,135,2
23828,214,213,1
23829,145,144,1
23830,244,243,1
23831,195,194,1
23832,226,226,0
23833,337,332,5
23834,572,568,4
23835,619,611,8
23836,177,177,0
23837,155,150,5
23838,129,128,1
23839,347,342,5
23840,398,393,5
23841,128,127,1
23842,448,445,3
23843,185,182,3
23844,186,184,2
23845,138,136,2
23846,151,150,1
23847,241,241,0
23848,174,173,1
23849,196,193,3
23850,128,127,1
23851,338,330,8
23852,116,115,1
23853,155,154,1
23854,348,341,7
23855,390,385,5
23856,54,54,0
23857,42,42,0
23858,100,100,0
23859,90,87,3
23860,111,109,2
23861,106,104,2
23862,118,115,3
23863,294,288,6
23864,169,160,9
23865,129,126,3
23866,138,134,4
23867,148,147,1
23868,145,141,4
23869,698,683,15
23870,130,126,4
23871,215,213,2
23872,118,117,1
23873,246,245,1
23874,375,370,5
23875,99,97,2
23876,440,436,4
23877,46,46,0
23878,165,165,0
23879,110,110,0
23880,128,126,2
23881,142,140,2
23882,130,128,2
23883,283,277,6
23884,133,128,5
23885,198,196,2
23886,638,610,28
23887,225,221,4
23888,140,139,1
23889,69,69,0
23890,182,181,1
23891,130,129,1
23892,437,428,9
23893,73,70,3
23894,170,170,0
23895,285,282,3
23896,124,124,0
23897,100,97,3
23898,304,300,4
23899,517,509,8
23900,548,542,6
23901,113,112,1
23902,176,174,2
23903,127,125,2
23904,108,105,3
23905,161,157,4
23906,152,151,1
23907,140,139,1
23908,188,187,1
23909,352,345,7
23910,57,54,3
23911,122,120,2
23912,34,34,0
23913,488,478,10
23914,340,337,3
23915,264,255,9
23916,92,89,3
23917,229,225,4
23918,132,130,2
23919,288,287,1
23920,155,151,4
23921,392,391,1
23922,130,128,2
23923,183,182,1
23924,161,159,2
23925,375,360,15
23926,203,201,2
23927,172,169,3
23928,142,141,1
23929,450,435,15
23930,141,138,3
23931,90,89,1
23932,162,154,8
23933,150,147,3
23934,122,120,2
23935,162,161,1
23936,156,155,1
23937,310,307,3
23938,126,125,1
23939,133,132,1
23940,130,128,2
23941,194,189,5
23942,131,130,1
23943,199,192,7
23944,197,195,2
23945,234,230,4
23946,304,304,0
23947,246,238,8
23948,188,183,5
23949,279,278,1
23950,357,345,12
23951,55,54,1
23952,435,432,3
23953,107,104,3
23954,181,177,4
23955,302,293,9
23956,137,136,1
23957,132,132,0
23958,232,218,14
23959,209,202,7
23960,342,340,2
23961,120,116,4
23962,274,269,5
23963,69,65,4
23964,681,663,18
23965,128,128,0
23966,385,370,15
23967,183,174,9
23968,117,117,0
23969,100,96,4
23970,197,190,7
23971,212,201,11
23972,179,170,9
23973,87,84,3
23974,106,105,1
23975,150,148,2
23976,109,106,3
23977,156,154,2
23978,545,534,11
23979,137,134,3
23980,143,140,3
23981,130,128,2
23982,236,230,6
23983,379,365,14
23984,167,164,3
23985,216,215,1
23986,166,165,1
23987,100,100,0
23988,120,120,0
23989,119,115,4
23990,299,291,8
23991,107,107,0
23992,236,230,6
23993,789,781,8
23994,179,179,0
23995,145,143,2
23996,195,194,1
23997,224,221,3
23998,85,85,0
23999,301,293,8
24000,303,289,14
24001,98,94,4
24002,145,141,4
24003,464,457,7
24004,270,266,4
24005,256,250,6
24006,268,262,6
24007,144,142,2
24008,162,159,3
24009,286,282,4
24010,100,97,3
24011,208,206,2
24012,508,501,7
24013,133,132,1
24014,157,157,0
24015,211,210,1
24016,137,134,3
24017,407,399,8
24018,214,212,2
24019,127,122,5
24020,122,122,0
24021,125,125,0
24022,29,29,0
24023,85,84,1
24024,22,21,1
24025,112,104,8
24026,207,198,9
24027,276,275,1
24028,46,46,0
24029,271,265,6
24030,297,285,12
24031,148,144,4
24032,188,185,3
24033,361,358,3
24034,562,556,6
24035,276,269,7
24036,225,215,10
24037,179,175,4
24038,279,276,3
24039,481,475,6
24040,281,274,7
24041,866,851,15
24042,113,110,3
24043,143,142,1
24044,130,129,1
24045,419,403,16
24046,534,527,7
24047,162,156,6
24048,200,199,1
24049,262,250,12
24050,322,305,17
24051,559,548,11
24052,119,117,2
24053,152,150,2
24054,145,140,5
24055,667,662,5
24056,776,766,10
24057,661,654,7
24058,285,276,9
24059,159,156,3
24060,130,130,0
24061,162,159,3
24062,212,210,2
24063,162,158,4
24064,116,112,4
24065,49,47,2
24066,193,181,12
24067,281,278,3
24068,180,179,1
24069,117,117,0
24070,234,230,4
24071,148,146,2
24072,586,581,5
24073,491,484,7
24074,344,334,10
24075,91,90,1
24076,140,135,5
24077,348,348,0
24078,61,61,0
24079,152,152,0
24080,261,254,7
24081,93,87,6
24082,103,103,0
24083,91,89,2
24084,115,114,1
24085,103,100,3
24086,452,437,15
24087,340,335,5
24088,500,494,6
24089,314,313,1
24090,69,68,1
24091,642,633,9
24092,129,128,1
24093,166,166,0
24094,349,347,2
24095,182,181,1
24096,217,217,0
24097,292,287,5
24098,745,725,20
24099,146,146,0
24100,179,175,4
24101,233,229,4
24102,1344,1337,7
24103,229,226,3
24104,764,741,23
24105,221,218,3
24106,545,540,5
24107,908,892,16
24108,417,412,5
24109,179,176,3
24110,156,156,0
24111,107,107,0
24112,116,114,2
24113,148,147,1
24114,270,263,7
24115,132,131,1
24116,59,57,2
24117,144,143,1
24118,203,203,0
24119,121,118,3
24120,585,582,3
24121,272,265,7
24122,73,71,2
24123,193,192,1
24124,79,78,1
24125,245,238,7
24126,118,115,3
24127,177,175,2
24128,386,379,7
24129,267,266,1
24130,579,571,8
24131,417,403,14
24132,90,87,3
24133,111,111,0
24134,183,178,5
24135,232,230,2
24136,71,71,0
24137,395,388,7
24138,88,87,1
24139,134,126,8
24140,372,368,4
24141,158,154,4
24142,182,181,1
24143,187,187,0
24144,294,289,5
24145,203,202,1
24146,59,58,1
24147,48,48,0
24148,73,72,1
24149,66,65,1
24150,175,172,3
24151,200,194,6
24152,176,171,5
24153,164,157,7
24154,186,180,6
24155,243,238,5
24156,721,718,3
24157,250,243,7
24158,180,175,5
24159,360,356,4
24160,68,68,0
24161,207,204,3
24162,175,172,3
24163,57,56,1
24164,141,137,4
24165,94,93,1
24166,53,52,1
24167,77,74,3
24168,124,124,0
24169,235,229,6
24170,373,364,9
24171,463,436,27
24172,138,137,1
24173,68,66,2
24174,109,109,0
24175,117,116,1
24176,118,117,1
24177,144,140,4
24178,428,421,7
24179,232,226,6
24180,256,251,5
24181,261,255,6
24182,130,128,2
24183,483,479,4
24184,86,85,1
24185,748,733,15
24186,148,145,3
24187,174,165,9
24188,648,636,12
24189,186,182,4
24190,800,787,13
24191,166,161,5
24192,142,138,4
24193,206,204,2
24194,209,203,6
24195,138,132,6
24196,251,245,6
24197,128,126,2
24198,172,167,5
24199,126,124,2
24200,380,371,9
24201,68,68,0
24202,127,123,4
24203,72,71,1
24204,113,110,3
24205,124,118,6
24206,337,328,9
24207,182,180,2
24208,197,194,3
24209,89,86,3
24210,366,357,9
24211,237,237,0
24212,223,219,4
24213,655,633,22
24214,171,170,1
24215,339,337,2
24216,353,347,6
24217,64,64,0
24218,44,43,1
24219,224,222,2
24220,136,132,4
24221,128,125,3
24222,217,213,4
24223,390,380,10
24224,185,184,1
24225,245,242,3
24226,131,131,0
24227,156,156,0
24228,209,204,5
24229,262,261,1
24230,154,154,0
24231,257,256,1
24232,504,492,12
24233,141,137,4
24234,122,120,2
24235,167,166,1
24236,131,130,1
24237,347,346,1
24238,195,192,3
24239,498,492,6
24240,281,275,6
24241,221,219,2
24242,184,178,6
24243,59,58,1
24244,127,123,4
24245,124,121,3
24246,323,317,6
24247,304,297,7
24248,140,134,6
24249,128,126,2
24250,238,235,3
24251,142,142,0
24252,433,418,15
24253,111,110,1
24254,204,203,1
24255,106,104,2
24256,156,155,1
24257,142,140,2
24258,153,152,1
24259,119,118,1
24260,173,167,6
24261,137,133,4
24262,373,355,18
24263,284,271,13
24264,164,162,2
24265,134,134,0
24266,90,88,2
24267,343,328,15
24268,269,255,14
24269,438,427,11
24270,158,156,2
24271,372,369,3
24272,102,98,4
24273,128,125,3
24274,246,242,4
24275,220,217,3
24276,124,123,1
24277,264,258,6
24278,141,138,3
24279,175,171,4
24280,257,249,8
24281,165,161,4
24282,165,165,0
24283,129,125,4
24284,185,185,0
24285,130,130,0
24286,134,133,1
24287,412,405,7
24288,158,158,0
24289,153,151,2
24290,193,193,0
24291,123,122,1
24292,858,849,9
24293,717,706,11
24294,172,170,2
24295,448,442,6
24296,338,331,7
24297,125,123,2
24298,462,459,3
24299,117,115,2
24300,471,451,20
24301,286,279,7
24302,159,152,7
24303,141,140,1
24304,98,98,0
24305,188,180,8
24306,51,51,0
24307,84,78,6
24308,158,152,6
24309,564,552,12
24310,112,107,5
24311,187,185,2
24312,47,46,1
24313,160,155,5
24314,151,149,2
24315,290,286,4
24316,252,248,4
24317,265,258,7
24318,188,181,7
24319,249,240,9
24320,56,56,0
24321,455,441,14
24322,44,44,0
24323,161,158,3
24324,155,145,10
24325,376,370,6
24326,411,402,9
24327,85,85,0
24328,698,680,18
24329,379,375,4
24330,123,115,8
24331,243,236,7
24332,389,379,10
24333,83,82,1
24334,124,116,8
24335,148,144,4
24336,77,77,0
24337,139,138,1
24338,90,88,2
24339,532,519,13
24340,129,127,2
24341,628,617,11
24342,185,179,6
24343,178,173,5
24344,188,187,1
24345,401,393,8
24346,146,144,2
24347,188,178,10
24348,259,256,3
24349,160,158,2
24350,266,261,5
24351,992,971,21
24352,145,143,2
24353,207,207,0
24354,105,104,1
24355,121,117,4
24356,129,126,3
24357,119,119,0
24358,564,543,21
24359,127,125,2
24360,189,186,3
24361,118,116,2
24362,214,212,2
24363,299,298,1
24364,431,424,7
24365,226,218,8
24366,132,131,1
24367,144,135,9
24368,362,357,5
24369,437,429,8
24370,250,243,7
24371,287,279,8
24372,304,296,8
24373,144,143,1
24374,308,305,3
24375,408,403,5
24376,153,152,1
24377,471,465,6
24378,197,193,4
24379,222,218,4
24380,920,911,9
24381,129,127,2
24382,155,153,2
24383,75,74,1
24384,234,233,1
24385,110,108,2
24386,313,308,5
24387,184,180,4
24388,139,136,3
24389,122,118,4
24390,132,131,1
24391,153,147,6
24392,142,140,2
24393,219,215,4
24394,526,514,12
24395,204,195,9
24396,253,249,4
24397,129,125,4
24398,606,587,19
24399,163,157,6
24400,131,130,1
24401,278,275,3
24402,125,125,0
24403,167,167,0
24404,177,173,4
24405,134,131,3
24406,102,100,2
24407,144,141,3
24408,125,123,2
24409,174,170,4
24410,405,397,8
24411,250,246,4
24412,342,337,5
24413,56,56,0
24414,249,244,5
24415,113,108,5
24416,131,129,2
24417,123,119,4
24418,199,197,2
24419,146,143,3
24420,213,207,6
24421,62,59,3
24422,198,193,5
24423,130,126,4
24424,53,53,0
24425,308,307,1
24426,337,330,7
24427,552,546,6
24428,153,151,2
24429,326,324,2
24430,476,467,9
24431,116,116,0
24432,132,132,0
24433,140,138,2
24434,140,131,9
24435,208,206,2
24436,121,117,4
24437,197,187,10
24438,113,110,3
24439,162,160,2
24440,123,120,3
24441,136,134,2
24442,152,148,4
24443,178,173,5
24444,205,197,8
24445,356,352,4
24446,137,137,0
24447,391,343,48
24448,178,174,4
24449,201,198,3
24450,75,73,2
24451,132,130,2
24452,64,64,0
24453,55,53,2
24454,275,268,7
24455,113,113,0
24456,217,215,2
24457,73,73,0
24458,128,125,3
24459,147,143,4
24460,282,281,1
24461,169,162,7
24462,239,229,10
24463,109,106,3
24464,800,778,22
24465,278,275,3
24466,325,320,5
24467,119,115,4
24468,221,217,4
24469,150,150,0
24470,67,66,1
24471,340,334,6
24472,133,131,2
24473,140,138,2
24474,163,162,1
24475,131,130,1
24476,205,200,5
24477,127,123,4
24478,139,134,5
24479,207,205,2
24480,595,569,26
24481,81,80,1
24482,136,136,0
24483,148,146,2
24484,719,693,26
24485,121,121,0
24486,192,191,1
24487,227,226,1
24488,60,57,3
24489,348,346,2
24490,172,172,0
24491,266,263,3
24492,134,134,0
24493,249,244,5
24494,114,114,0
24495,143,142,1
24496,164,163,1
24497,138,136,2
24498,534,523,11
24499,126,126,0
24500,173,170,3
24501,111,110,1
24502,119,116,3
24503,165,165,0
24504,753,744,9
24505,116,115,1
24506,200,200,0
24507,140,140,0
24508,260,260,0
24509,244,242,2
24510,131,130,1
24511,288,288,0
24512,124,124,0
24513,955,938,17
24514,287,283,4
24515,120,118,2
24516,154,153,1
24517,142,142,0
24518,46,45,1
24519,470,462,8
24520,142,141,1
24521,349,341,8
24522,1015,1005,10
24523,55,52,3
24524,104,102,2
24525,75,72,3
24526,188,183,5
24527,47,47,0
24528,40,37,3
24529,93,93,0
24530,272,262,10
24531,106,105,1
24532,124,124,0
24533,184,182,2
24534,296,291,5
24535,47,47,0
24536,40,38,2
24537,175,173,2
24538,145,135,10
24539,164,162,2
24540,997,985,12
24541,232,226,6
24542,193,193,0
24543,114,109,5
24544,723,710,13
24545,139,136,3
24546,178,177,1
24547,265,261,4
24548,359,354,5
24549,137,133,4
24550,174,174,0
24551,485,477,8
24552,36,36,0
24553,174,169,5
24554,157,153,4
24555,195,190,5
24556,420,413,7
24557,129,124,5
24558,250,236,14
24559,284,277,7
24560,155,148,7
24561,482,463,19
24562,264,258,6
24563,329,323,6
24564,132,129,3
24565,123,122,1
24566,125,121,4
24567,258,255,3
24568,119,119,0
24569,400,392,8
24570,213,208,5
24571,135,132,3
24572,122,121,1
24573,184,179,5
24574,152,152,0
24575,126,125,1
24576,407,389,18
24577,228,228,0
24578,268,260,8
24579,180,180,0
24580,294,290,4
24581,110,110,0
24582,399,393,6
24583,271,264,7
24584,136,136,0
24585,111,110,1
24586,222,216,6
24587,109,104,5
24588,270,264,6
24589,121,120,1
24590,137,134,3
24591,148,143,5
24592,201,200,1
24593,252,240,12
24594,187,185,2
24595,135,132,3
24596,440,429,11
24597,236,232,4
24598,162,156,6
24599,245,241,4
24600,238,227,11
24601,284,272,12
24602,132,130,2
24603,135,131,4
24604,405,368,37
24605,137,132,5
24606,633,590,43
24607,353,338,15
24608,337,328,9
24609,31,29,2
24610,149,145,4
24611,215,208,7
24612,217,200,17
24613,190,188,2
24614,192,187,5
24615,237,237,0
24616,167,164,3
24617,128,127,1
24618,232,221,11
24619,226,223,3
24620,248,244,4
24621,465,460,5
24622,135,135,0
24623,231,227,4
24624,165,160,5
24625,118,113,5
24626,148,144,4
24627,104,100,4
24628,81,78,3
24629,96,92,4
24630,59,59,0
24631,403,396,7
24632,561,551,10
24633,248,244,4
24634,124,123,1
24635,190,178,12
24636,66,65,1
24637,616,611,5
24638,178,174,4
24639,118,115,3
24640,77,77,0
24641,98,98,0
24642,156,154,2
24643,58,57,1
24644,43,40,3
24645,126,125,1
24646,99,97,2
24647,50,45,5
24648,347,345,2
24649,211,204,7
24650,483,469,14
24651,209,206,3
24652,99,92,7
24653,75,74,1
24654,523,480,43
24655,260,256,4
24656,272,261,11
24657,271,264,7
24658,260,244,16
24659,138,137,1
24660,94,94,0
24661,231,226,5
24662,144,144,0
24663,361,355,6
24664,136,132,4
24665,158,157,1
24666,155,146,9
24667,116,114,2
24668,105,105,0
24669,147,145,2
24670,136,135,1
24671,82,81,1
24672,119,118,1
24673,147,144,3
24674,215,215,0
24675,171,170,1
24676,99,98,1
24677,522,505,17
24678,423,419,4
24679,160,158,2
24680,200,200,0
24681,171,169,2
24682,238,235,3
24683,104,103,1
24684,147,144,3
24685,597,576,21
24686,111,101,10
24687,260,258,2
24688,191,187,4
24689,68,63,5
24690,100,99,1
24691,167,162,5
24692,95,88,7
24693,48,47,1
24694,138,132,6
24695,167,164,3
24696,294,289,5
24697,148,145,3
24698,138,135,3
24699,127,123,4
24700,73,71,2
24701,134,130,4
24702,179,175,4
24703,128,125,3
24704,98,95,3
24705,387,383,4
24706,426,418,8
24707,242,232,10
24708,245,241,4
24709,105,103,2
24710,129,117,12
24711,191,186,5
24712,121,119,2
24713,169,164,5
24714,183,179,4
24715,108,106,2
24716,141,137,4
24717,271,262,9
24718,533,516,17
24719,410,408,2
24720,185,184,1
24721,230,223,7
24722,169,162,7
24723,287,284,3
24724,372,364,8
24725,731,714,17
24726,103,93,10
24727,176,173,3
24728,100,95,5
24729,456,418,38
24730,325,323,2
24731,129,128,1
24732,136,136,0
24733,543,519,24
24734,116,109,7
24735,114,111,3
24736,298,290,8
24737,329,322,7
24738,308,302,6
24739,147,143,4
24740,922,914,8
24741,189,185,4
24742,358,346,12
24743,103,101,2
24744,669,663,6
24745,124,124,0
24746,313,308,5
24747,292,281,11
24748,84,84,0
24749,320,315,5
24750,559,550,9
24751,233,230,3
24752,125,121,4
24753,1014,966,48
24754,149,148,1
24755,132,132,0
24756,85,83,2
24757,306,294,12
24758,149,148,1
24759,195,195,0
24760,214,209,5
24761,214,211,3
24762,70,68,2
24763,179,178,1
24764,230,230,0
24765,153,146,7
24766,235,235,0
24767,137,135,2
24768,111,108,3
24769,114,114,0
24770,152,149,3
24771,194,194,0
24772,328,326,2
24773,276,269,7
24774,97,96,1
24775,274,270,4
24776,165,164,1
24777,176,170,6
24778,299,293,6
24779,144,142,2
24780,93,92,1
24781,88,86,2
24782,109,108,1
24783,170,167,3
24784,283,279,4
24785,285,281,4
24786,195,191,4
24787,179,176,3
24788,125,122,3
24789,127,121,6
24790,122,121,1
24791,142,141,1
24792,130,130,0
24793,197,195,2
24794,144,144,0
24795,120,118,2
24796,206,202,4
24797,146,144,2
24798,196,194,2
24799,128,127,1
24800,125,124,1
24801,94,94,0
24802,780,773,7
24803,188,185,3
24804,60,59,1
24805,163,162,1
24806,177,172,5
24807,185,182,3
24808,139,138,1
24809,148,144,4
24810,171,170,1
24811,177,176,1
24812,975,972,3
24813,130,128,2
24814,361,353,8
24815,625,618,7
24816,306,300,6
24817,392,375,17
24818,246,240,6
24819,137,137,0
24820,404,398,6
24821,140,135,5
24822,363,357,6
24823,134,133,1
24824,146,145,1
24825,182,178,4
24826,142,139,3
24827,147,147,0
24828,306,298,8
24829,248,244,4
24830,185,183,2
24831,190,186,4
24832,130,128,2
24833,104,100,4
24834,169,165,4
24835,144,144,0
24836,281,277,4
24837,170,169,1
24838,221,206,15
24839,139,136,3
24840,157,152,5
24841,145,143,2
24842,173,170,3
24843,130,130,0
24844,129,121,8
24845,127,127,0
24846,148,143,5
24847,335,331,4
24848,184,182,2
24849,144,144,0
24850,197,195,2
24851,240,237,3
24852,186,183,3
24853,150,149,1
24854,211,211,0
24855,118,117,1
24856,287,282,5
24857,118,117,1
24858,144,141,3
24859,106,104,2
24860,157,156,1
24861,242,239,3
24862,249,248,1
24863,477,469,8
24864,563,556,7
24865,118,117,1
24866,327,315,12
24867,187,183,4
24868,112,108,4
24869,111,109,2
24870,123,111,12
24871,264,259,5
24872,566,554,12
24873,653,645,8
24874,442,440,2
24875,122,118,4
24876,118,117,1
24877,65,65,0
24878,131,128,3
24879,143,140,3
24880,282,281,1
24881,140,139,1
24882,214,208,6
24883,177,175,2
24884,143,141,2
24885,121,121,0
24886,348,344,4
24887,361,359,2
24888,302,297,5
24889,184,183,1
24890,45,44,1
24891,71,71,0
24892,125,125,0
24893,382,373,9
24894,497,489,8
24895,481,474,7
24896,201,200,1
24897,99,97,2
24898,172,169,3
24899,122,121,1
24900,118,115,3
24901,141,141,0
24902,74,74,0
24903,411,411,0
24904,372,365,7
24905,232,222,10
24906,138,136,2
24907,154,152,2
24908,234,232,2
24909,113,111,2
24910,299,296,3
24911,138,133,5
24912,261,253,8
24913,170,168,2
24914,229,224,5
24915,150,148,2
24916,170,168,2
24917,114,108,6
24918,920,906,14
24919,133,132,1
24920,192,191,1
24921,124,118,6
24922,143,139,4
24923,106,101,5
24924,642,617,25
24925,170,167,3
24926,325,319,6
24927,128,128,0
24928,292,286,6
24929,163,161,2
24930,233,228,5
24931,1001,981,20
24932,168,166,2
24933,76,75,1
24934,109,108,1
24935,222,220,2
24936,42,41,1
24937,96,95,1
24938,991,972,19
24939,197,191,6
24940,63,60,3
24941,150,149,1
24942,124,119,5
24943,212,211,1
24944,329,324,5
24945,306,288,18
24946,161,158,3
24947,101,95,6
24948,144,142,2
24949,161,158,3
24950,552,539,13
24951,122,117,5
24952,123,111,12
24953,260,257,3
24954,144,137,7
24955,211,209,2
24956,394,381,13
24957,221,215,6
24958,193,190,3
24959,232,224,8
24960,198,198,0
24961,48,47,1
24962,101,97,4
24963,122,120,2
24964,266,259,7
24965,496,489,7
24966,437,433,4
24967,81,81,0
24968,142,135,7
24969,86,86,0
24970,213,213,0
24971,151,143,8
24972,261,253,8
24973,201,199,2
24974,34,33,1
24975,505,494,11
24976,113,108,5
24977,74,74,0
24978,59,59,0
24979,81,78,3
24980,63,61,2
24981,131,128,3
24982,132,132,0
24983,51,49,2
24984,86,85,1
24985,129,128,1
24986,351,349,2
24987,219,215,4
24988,497,489,8
24989,271,266,5
24990,780,772,8
24991,555,542,13
24992,53,53,0
24993,201,196,5
24994,241,235,6
24995,285,283,2
24996,154,154,0
24997,303,301,2
24998,231,226,5
24999,143,141,2
25000,153,151,2
25001,352,345,7
25002,247,244,3
25003,128,127,1
25004,205,202,3
25005,315,311,4
25006,344,333,11
25007,143,141,2
25008,174,171,3
25009,960,936,24
25010,256,253,3
25011,146,141,5
25012,214,214,0
25013,165,163,2
25014,111,111,0
25015,361,357,4
25016,207,202,5
25017,703,672,31
25018,191,187,4
25019,131,130,1
25020,305,303,2
25021,191,190,1
25022,204,202,2
25023,48,48,0
25024,99,98,1
25025,140,139,1
25026,269,267,2
25027,128,128,0
25028,162,159,3
25029,1005,971,34
25030,523,516,7
25031,160,155,5
25032,981,966,15
25033,146,141,5
25034,251,244,7
25035,763,747,16
25036,319,309,10
25037,119,117,2
25038,742,731,11
25039,139,138,1
25040,190,187,3
25041,304,301,3
25042,509,504,5
25043,58,57,1
25044,216,211,5
25045,91,89,2
25046,80,78,2
25047,462,449,13
25048,193,191,2
25049,525,518,7
25050,487,477,10
25051,49,49,0
25052,159,157,2
25053,119,119,0
25054,870,860,10
25055,828,813,15
25056,123,123,0
25057,526,522,4
25058,221,220,1
25059,134,132,2
25060,248,238,10
25061,160,157,3
25062,253,248,5
25063,159,159,0
25064,152,146,6
25065,108,107,1
25066,161,157,4
25067,57,54,3
25068,47,47,0
25069,136,133,3
25070,57,57,0
25071,69,66,3
25072,154,153,1
25073,174,169,5
25074,162,161,1
25075,264,258,6
25076,247,244,3
25077,560,554,6
25078,69,69,0
25079,537,524,13
25080,255,252,3
25081,173,170,3
25082,207,204,3
25083,152,147,5
25084,107,105,2
25085,36,35,1
25086,137,134,3
25087,98,93,5
25088,149,147,2
25089,201,198,3
25090,185,184,1
25091,143,139,4
25092,196,196,0
25093,238,234,4
25094,134,134,0
25095,209,206,3
25096,228,228,0
25097,201,200,1
25098,430,420,10
25099,142,140,2
25100,295,290,5
25101,144,142,2
25102,132,132,0
25103,209,203,6
25104,617,601,16
25105,230,230,0
25106,208,208,0
25107,463,457,6
25108,374,369,5
25109,196,196,0
25110,127,126,1
25111,179,176,3
25112,214,213,1
25113,556,549,7
25114,194,186,8
25115,431,408,23
25116,213,211,2
25117,1028,1014,14
25118,940,925,15
25119,196,196,0
25120,320,317,3
25121,591,589,2
25122,161,159,2
25123,140,136,4
25124,220,220,0
25125,250,240,10
25126,144,139,5
25127,176,174,2
25128,63,63,0
25129,46,45,1
25130,51,51,0
25131,450,442,8
25132,71,71,0
25133,139,134,5
25134,103,103,0
25135,130,129,1
25136,92,92,0
25137,163,161,2
25138,435,434,1
25139,34,34,0
25140,225,224,1
25141,72,72,0
25142,91,89,2
25143,255,255,0
25144,249,235,14
25145,305,304,1
25146,396,389,7
25147,133,133,0
25148,245,244,1
25149,156,155,1
25150,522,517,5
25151,124,123,1
25152,159,158,1
25153,146,143,3
25154,546,543,3
25155,101,99,2
25156,145,139,6
25157,375,374,1
25158,147,145,2
25159,293,292,1
25160,179,177,2
25161,115,115,0
25162,161,160,1
25163,75,74,1
25164,449,446,3
25165,351,348,3
25166,577,556,21
25167,319,315,4
25168,170,170,0
25169,133,133,0
25170,138,136,2
25171,149,149,0
25172,155,153,2
25173,114,113,1
25174,124,124,0
25175,249,246,3
25176,231,228,3
25177,139,134,5
25178,747,736,11
25179,151,148,3
25180,176,175,1
25181,300,291,9
25182,155,154,1
25183,235,233,2
25184,183,183,0
25185,1009,994,15
25186,390,387,3
25187,220,216,4
25188,170,166,4
25189,392,380,12
25190,621,619,2
25191,518,513,5
25192,50,50,0
25193,64,64,0
25194,45,43,2
25195,56,55,1
25196,63,62,1
25197,103,101,2
25198,129,128,1
25199,222,218,4
25200,214,212,2
25201,172,171,1
25202,215,213,2
25203,259,249,10
25204,129,128,1
25205,302,298,4
25206,108,103,5
25207,129,129,0
25208,150,150,0
25209,119,118,1
25210,147,143,4
25211,112,107,5
25212,157,149,8
25213,210,205,5
25214,454,443,11
25215,219,215,4
25216,96,92,4
25217,86,83,3
25218,151,150,1
25219,192,181,11
25220,673,656,17
25221,146,146,0
25222,193,191,2
25223,292,287,5
25224,107,106,1
25225,136,133,3
25226,127,126,1
25227,594,585,9
25228,62,62,0
25229,213,210,3
25230,234,234,0
25231,173,170,3
25232,145,145,0
25233,593,524,69
25234,195,193,2
25235,452,443,9
25236,530,520,10
25237,200,199,1
25238,110,108,2
25239,190,184,6
25240,44,44,0
25241,329,322,7
25242,125,122,3
25243,85,83,2
25244,208,205,3
25245,250,246,4
25246,212,208,4
25247,241,237,4
25248,100,98,2
25249,425,424,1
25250,205,204,1
25251,206,201,5
25252,166,165,1
25253,158,158,0
25254,194,191,3
25255,176,174,2
25256,120,120,0
25257,182,180,2
25258,493,487,6
25259,535,532,3
25260,392,382,10
25261,144,143,1
25262,211,210,1
25263,106,106,0
25264,195,193,2
25265,256,251,5
25266,196,195,1
25267,344,340,4
25268,138,138,0
25269,281,278,3
25270,340,323,17
25271,803,774,29
25272,293,267,26
25273,278,275,3
25274,172,172,0
25275,170,168,2
25276,201,199,2
25277,134,129,5
25278,125,122,3
25279,139,138,1
25280,224,222,2
25281,407,398,9
25282,221,220,1
25283,148,146,2
25284,116,115,1
25285,333,330,3
25286,238,237,1
25287,152,149,3
25288,172,161,11
25289,127,126,1
25290,51,51,0
25291,376,362,14
25292,978,956,22
25293,351,341,10
25294,179,173,6
25295,295,280,15
25296,602,578,24
25297,75,75,0
25298,521,513,8
25299,112,112,0
25300,145,141,4
25301,320,320,0
25302,282,277,5
25303,118,117,1
25304,631,609,22
25305,103,96,7
25306,64,63,1
25307,60,60,0
25308,60,60,0
25309,165,165,0
25310,69,67,2
25311,130,128,2
25312,57,55,2
25313,55,53,2
25314,61,59,2
25315,127,126,1
25316,372,361,11
25317,116,111,5
25318,123,118,5
25319,272,255,17
25320,232,228,4
25321,141,139,2
25322,687,662,25
25323,707,696,11
25324,424,422,2
25325,559,548,11
25326,42,41,1
25327,334,322,12
25328,108,107,1
25329,206,202,4
25330,117,110,7
25331,278,267,11
25332,124,124,0
25333,198,197,1
25334,171,161,10
25335,208,207,1
25336,210,204,6
25337,136,134,2
25338,61,60,1
25339,130,129,1
25340,115,113,2
25341,453,427,26
25342,324,321,3
25343,434,422,12
25344,109,108,1
25345,62,60,2
25346,63,62,1
25347,52,51,1
25348,62,61,1
25349,190,187,3
25350,164,158,6
25351,159,151,8
25352,89,85,4
25353,126,118,8
25354,164,157,7
25355,234,231,3
25356,425,406,19
25357,192,183,9
25358,154,147,7
25359,114,112,2
25360,137,132,5
25361,239,238,1
25362,119,114,5
25363,114,114,0
25364,185,184,1
25365,172,169,3
25366,270,268,2
25367,132,130,2
25368,262,256,6
25369,126,125,1
25370,122,122,0
25371,334,332,2
25372,167,164,3
25373,204,201,3
25374,296,293,3
25375,52,51,1
25376,104,104,0
25377,124,121,3
25378,130,126,4
25379,232,229,3
25380,69,69,0
25381,65,64,1
25382,145,142,3
25383,165,150,15
25384,71,71,0
25385,280,277,3
25386,115,114,1
25387,226,222,4
25388,128,126,2
25389,125,123,2
25390,236,230,6
25391,140,137,3
25392,111,108,3
25393,221,212,9
25394,288,275,13
25395,309,296,13
25396,831,814,17
25397,320,306,14
25398,114,106,8
25399,132,129,3
25400,275,270,5
25401,103,101,2
25402,159,157,2
25403,196,195,1
25404,178,178,0
25405,108,108,0
25406,188,187,1
25407,311,305,6
25408,175,170,5
25409,211,203,8
25410,130,129,1
25411,271,259,12
25412,119,116,3
25413,360,356,4
25414,244,242,2
25415,150,149,1
25416,220,217,3
25417,213,210,3
25418,647,639,8
25419,115,113,2
25420,151,150,1
25421,76,76,0
25422,136,133,3
25423,112,112,0
25424,39,39,0
25425,75,74,1
25426,107,103,4
25427,117,114,3
25428,86,84,2
25429,33,32,1
25430,128,124,4
25431,702,690,12
25432,419,408,11
25433,118,118,0
25434,500,489,11
25435,140,140,0
25436,336,332,4
25437,236,231,5
25438,129,128,1
25439,251,249,2
25440,476,469,7
25441,523,510,13
25442,183,179,4
25443,127,126,1
25444,105,102,3
25445,679,662,17
25446,231,228,3
25447,375,367,8
25448,212,207,5
25449,128,128,0
25450,189,187,2
25451,496,482,14
25452,257,243,14
25453,254,249,5
25454,526,509,17
25455,168,168,0
25456,113,111,2
25457,175,172,3
25458,164,164,0
25459,203,198,5
25460,205,202,3
25461,146,144,2
25462,107,103,4
25463,155,150,5
25464,72,71,1
25465,130,126,4
25466,134,134,0
25467,193,185,8
25468,211,204,7
25469,820,790,30
25470,258,251,7
25471,157,156,1
25472,115,114,1
25473,152,150,2
25474,66,66,0
25475,343,337,6
25476,83,83,0
25477,518,493,25
25478,36,34,2
25479,71,70,1
25480,143,143,0
25481,171,170,1
25482,298,296,2
25483,181,179,2
25484,196,193,3
25485,150,149,1
25486,147,146,1
25487,207,202,5
25488,113,105,8
25489,141,139,2
25490,146,145,1
25491,109,109,0
25492,297,291,6
25493,398,396,2
25494,135,133,2
25495,273,269,4
25496,166,166,0
25497,382,380,2
25498,166,163,3
25499,139,134,5
25500,571,560,11
25501,228,223,5
25502,373,369,4
25503,599,591,8
25504,134,131,3
25505,335,332,3
25506,184,181,3
25507,92,92,0
25508,115,112,3
25509,62,57,5
25510,537,518,19
25511,127,125,2
25512,305,295,10
25513,136,131,5
25514,137,136,1
25515,124,121,3
25516,152,150,2
25517,176,175,1
25518,184,182,2
25519,802,765,37
25520,142,136,6
25521,232,226,6
25522,44,44,0
25523,162,157,5
25524,423,402,21
25525,122,119,3
25526,151,150,1
25527,227,222,5
25528,189,183,6
25529,427,423,4
25530,117,115,2
25531,987,964,23
25532,117,114,3
25533,174,170,4
25534,212,202,10
25535,448,426,22
25536,160,157,3
25537,175,164,11
25538,425,410,15
25539,244,239,5
25540,118,117,1
25541,737,727,10
25542,367,342,25
25543,143,142,1
25544,161,160,1
25545,182,180,2
25546,123,118,5
25547,70,69,1
25548,111,111,0
25549,133,131,2
25550,396,381,15
25551,84,80,4
25552,128,126,2
25553,279,269,10
25554,15,14,1
25555,57,55,2
25556,169,160,9
25557,66,64,2
25558,361,350,11
25559,839,818,21
25560,180,178,2
25561,528,507,21
25562,80,77,3
25563,142,140,2
25564,204,202,2
25565,150,148,2
25566,79,76,3
25567,176,172,4
25568,61,61,0
25569,53,52,1
25570,220,210,10
25571,138,134,4
25572,175,173,2
25573,135,131,4
25574,52,52,0
25575,55,53,2
25576,148,143,5
25577,152,149,3
25578,133,130,3
25579,114,111,3
25580,134,132,2
25581,122,116,6
25582,150,150,0
25583,118,113,5
25584,104,101,3
25585,148,142,6
25586,461,457,4
25587,137,135,2
25588,294,287,7
25589,131,128,3
25590,135,131,4
25591,164,160,4
25592,117,113,4
25593,202,201,1
25594,228,225,3
25595,154,151,3
25596,155,153,2
25597,139,137,2
25598,402,394,8
25599,155,144,11
25600,137,134,3
25601,81,76,5
25602,99,96,3
25603,115,113,2
25604,190,189,1
25605,123,123,0
25606,56,56,0
25607,133,131,2
25608,176,175,1
25609,56,56,0
25610,78,77,1
25611,131,131,0
25612,132,132,0
25613,159,157,2
25614,332,317,15
25615,173,169,4
25616,136,135,1
25617,174,171,3
25618,125,124,1
25619,73,73,0
25620,247,242,5
25621,117,114,3
25622,115,115,0
25623,94,91,3
25624,121,116,5
25625,215,214,1
25626,419,412,7
25627,630,623,7
25628,179,172,7
25629,125,124,1
25630,122,114,8
25631,209,209,0
25632,326,317,9
25633,125,125,0
25634,124,120,4
25635,147,147,0
25636,108,108,0
25637,296,293,3
25638,335,333,2
25639,145,140,5
25640,460,447,13
25641,121,120,1
25642,212,205,7
25643,358,351,7
25644,295,284,11
25645,356,349,7
25646,111,110,1
25647,162,158,4
25648,125,121,4
25649,155,149,6
25650,284,271,13
25651,150,149,1
25652,158,153,5
25653,63,61,2
25654,205,196,9
25655,63,60,3
25656,68,67,1
25657,111,108,3
25658,62,60,2
25659,114,107,7
25660,111,105,6
25661,138,135,3
25662,161,156,5
25663,187,182,5
25664,248,244,4
25665,250,243,7
25666,158,158,0
25667,147,146,1
25668,187,185,2
25669,220,215,5
25670,117,113,4
25671,173,171,2
25672,152,142,10
25673,278,274,4
25674,145,144,1
25675,563,552,11
25676,115,114,1
25677,169,167,2
25678,813,789,24
25679,795,781,14
25680,702,688,14
25681,253,243,10
25682,168,168,0
25683,111,108,3
25684,315,313,2
25685,82,78,4
25686,74,69,5
25687,163,159,4
25688,239,231,8
25689,170,167,3
25690,273,267,6
25691,100,98,2
25692,128,124,4
25693,834,810,24
25694,338,325,13
25695,334,319,15
25696,211,209,2
25697,321,313,8
25698,472,461,11
25699,524,500,24
25700,399,393,6
25701,198,188,10
25702,337,327,10
25703,693,679,14
25704,238,236,2
25705,436,414,22
25706,177,168,9
25707,144,142,2
25708,497,475,22
25709,217,215,2
25710,168,164,4
25711,50,50,0
25712,151,149,2
25713,56,55,1
25714,281,275,6
25715,267,263,4
25716,149,146,3
25717,249,246,3
25718,248,247,1
25719,67,65,2
25720,67,62,5
25721,65,64,1
25722,151,151,0
25723,366,359,7
25724,139,136,3
25725,126,126,0
25726,151,147,4
25727,247,247,0
25728,177,168,9
25729,151,150,1
25730,600,589,11
25731,118,116,2
25732,437,426,11
25733,1011,983,28
25734,67,64,3
25735,122,120,2
25736,758,744,14
25737,239,235,4
25738,176,163,13
25739,150,149,1
25740,591,588,3
25741,138,132,6
25742,101,98,3
25743,213,202,11
25744,236,236,0
25745,258,257,1
25746,193,189,4
25747,73,70,3
25748,346,336,10
25749,607,589,18
25750,149,141,8
25751,247,246,1
25752,83,82,1
25753,140,138,2
25754,153,142,11
25755,190,190,0
25756,189,183,6
25757,295,294,1
25758,207,201,6
25759,47,47,0
25760,452,441,11
25761,213,211,2
25762,187,183,4
25763,131,131,0
25764,126,123,3
25765,536,525,11
25766,51,50,1
25767,127,119,8
25768,97,94,3
25769,206,203,3
25770,140,138,2
25771,122,121,1
25772,377,364,13
25773,131,126,5
25774,220,215,5
25775,127,123,4
25776,148,144,4
25777,284,278,6
25778,164,155,9
25779,67,65,2
25780,132,132,0
25781,258,257,1
25782,120,118,2
25783,377,362,15
25784,440,425,15
25785,109,108,1
25786,984,974,10
25787,1014,981,33
25788,388,379,9
25789,444,425,19
25790,167,165,2
25791,118,114,4
25792,186,185,1
25793,213,211,2
25794,276,274,2
25795,183,181,2
25796,550,547,3
25797,187,185,2
25798,194,193,1
25799,275,271,4
25800,110,109,1
25801,515,511,4
25802,261,259,2
25803,868,859,9
25804,104,103,1
25805,74,73,1
25806,132,128,4
25807,250,249,1
25808,158,157,1
25809,574,573,1
25810,131,127,4
25811,270,269,1
25812,278,270,8
25813,126,124,2
25814,485,485,0
25815,213,208,5
25816,526,524,2
25817,472,472,0
25818,165,164,1
25819,270,266,4
25820,171,169,2
25821,266,259,7
25822,123,121,2
25823,97,97,0
25824,316,314,2
25825,56,56,0
25826,263,262,1
25827,938,930,8
25828,222,221,1
25829,74,73,1
25830,77,74,3
25831,80,80,0
25832,139,129,10
25833,279,275,4
25834,145,142,3
25835,395,394,1
25836,443,440,3
25837,124,122,2
25838,743,729,14
25839,584,576,8
25840,281,271,10
25841,128,126,2
25842,556,542,14
25843,194,194,0
25844,495,485,10
25845,128,121,7
25846,175,171,4
25847,222,219,3
25848,131,130,1
25849,141,140,1
25850,163,161,2
25851,799,785,14
25852,87,86,1
25853,360,356,4
25854,153,148,5
25855,398,397,1
25856,149,147,2
25857,547,538,9
25858,30,30,0
25859,52,47,5
25860,33,31,2
25861,86,84,2
25862,132,128,4
25863,218,214,4
25864,214,208,6
25865,271,261,10
25866,1019,1012,7
25867,88,86,2
25868,157,152,5
25869,169,168,1
25870,126,123,3
25871,163,161,2
25872,389,380,9
25873,531,526,5
25874,483,468,15
25875,174,172,2
25876,362,359,3
25877,257,251,6
25878,186,186,0
25879,650,632,18
25880,145,142,3
25881,229,222,7
25882,156,155,1
25883,574,565,9
25884,636,626,10
25885,190,189,1
25886,764,742,22
25887,249,238,11
25888,261,255,6
25889,116,114,2
25890,191,179,12
25891,175,168,7
25892,110,106,4
25893,181,167,14
25894,284,263,21
25895,332,329,3
25896,228,215,13
25897,405,394,11
25898,139,139,0
25899,438,427,11
25900,373,367,6
25901,58,56,2
25902,343,329,14
25903,53,53,0
25904,630,593,37
25905,118,108,10
25906,150,149,1
25907,418,412,6
25908,128,128,0
25909,268,268,0
25910,135,134,1
25911,113,112,1
25912,119,115,4
25913,161,154,7
25914,125,124,1
25915,254,250,4
25916,104,104,0
25917,179,178,1
25918,134,134,0
25919,262,260,2
25920,250,243,7
25921,217,213,4
25922,236,224,12
25923,554,531,23
25924,142,140,2
25925,175,173,2
25926,149,147,2
25927,127,127,0
25928,187,185,2
25929,100,98,2
25930,507,503,4
25931,54,54,0
25932,1016,978,38
25933,75,75,0
25934,57,56,1
25935,141,140,1
25936,222,219,3
25937,113,111,2
25938,503,497,6
25939,57,56,1
25940,113,110,3
25941,196,191,5
25942,193,188,5
25943,253,242,11
25944,151,150,1
25945,127,124,3
25946,127,126,1
25947,266,262,4
25948,222,219,3
25949,397,395,2
25950,197,190,7
25951,161,147,14
25952,305,302,3
25953,171,170,1
25954,27,24,3
25955,169,167,2
25956,128,126,2
25957,106,105,1
25958,328,321,7
25959,192,189,3
25960,194,192,2
25961,114,108,6
25962,133,131,2
25963,146,141,5
25964,167,161,6
25965,105,103,2
25966,367,351,16
25967,391,381,10
25968,117,112,5
25969,206,196,10
25970,161,160,1
25971,199,199,0
25972,131,129,2
25973,56,56,0
25974,331,328,3
25975,47,47,0
25976,146,140,6
25977,104,103,1
25978,219,214,5
25979,116,115,1
25980,111,109,2
25981,106,106,0
25982,167,165,2
25983,111,110,1
25984,133,133,0
25985,530,526,4
25986,165,165,0
25987,292,273,19
25988,213,208,5
25989,396,396,0
25990,400,398,2
25991,158,158,0
25992,322,320,2
25993,84,84,0
25994,267,263,4
25995,87,85,2
25996,157,145,12
25997,309,307,2
25998,130,121,9
25999,457,455,2
26000,176,175,1
26001,348,335,13
26002,224,224,0
26003,144,140,4
26004,460,452,8
26005,116,115,1
26006,110,109,1
26007,169,168,1
26008,237,234,3
26009,292,285,7
26010,117,111,6
26011,316,312,4
26012,501,488,13
26013,69,69,0
26014,84,82,2
26015,1013,987,26
26016,129,129,0
26017,221,219,2
26018,122,119,3
26019,127,124,3
26020,120,118,2
26021,195,185,10
26022,160,160,0
26023,118,118,0
26024,206,197,9
26025,189,189,0
26026,304,303,1
26027,185,185,0
26028,331,327,4
26029,97,94,3
26030,122,122,0
26031,47,47,0
26032,652,615,37
26033,180,176,4
26034,96,95,1
26035,272,267,5
26036,118,115,3
26037,284,283,1
26038,214,211,3
26039,188,184,4
26040,615,599,16
26041,275,273,2
26042,170,168,2
26043,163,159,4
26044,475,469,6
26045,743,732,11
26046,138,137,1
26047,137,137,0
26048,113,112,1
26049,104,101,3
26050,86,84,2
26051,502,496,6
26052,81,81,0
26053,155,154,1
26054,100,97,3
26055,121,118,3
26056,164,164,0
26057,92,91,1
26058,185,183,2
26059,377,372,5
26060,232,229,3
26061,97,93,4
26062,169,169,0
26063,231,225,6
26064,363,350,13
26065,120,118,2
26066,242,240,2
26067,349,345,4
26068,245,238,7
26069,640,637,3
26070,735,716,19
26071,238,235,3
26072,330,326,4
26073,194,190,4
26074,409,402,7
26075,167,166,1
26076,115,114,1
26077,379,372,7
26078,379,362,17
26079,199,193,6
26080,53,53,0
26081,84,84,0
26082,60,59,1
26083,83,81,2
26084,47,47,0
26085,56,56,0
26086,89,89,0
26087,131,131,0
26088,52,51,1
26089,161,160,1
26090,150,149,1
26091,166,163,3
26092,96,95,1
26093,45,45,0
26094,360,353,7
26095,219,216,3
26096,82,81,1
26097,110,109,1
26098,138,137,1
26099,74,74,0
26100,62,62,0
26101,152,143,9
26102,307,299,8
26103,76,76,0
26104,84,81,3
26105,87,86,1
26106,96,92,4
26107,89,87,2
26108,245,239,6
26109,140,138,2
26110,47,47,0
26111,140,138,2
26112,190,184,6
26113,130,125,5
26114,165,162,3
26115,353,343,10
26116,119,118,1
26117,149,147,2
26118,178,175,3
26119,70,68,2
26120,127,124,3
26121,512,503,9
26122,184,183,1
26123,306,306,0
26124,179,178,1
26125,120,118,2
26126,146,144,2
26127,182,174,8
26128,45,44,1
26129,67,64,3
26130,401,395,6
26131,151,149,2
26132,148,145,3
26133,430,413,17
26134,311,305,6
26135,129,127,2
26136,48,47,1
26137,102,99,3
26138,73,68,5
26139,113,113,0
26140,60,57,3
26141,131,127,4
26142,123,123,0
26143,423,413,10
26144,180,171,9
26145,199,198,1
26146,129,128,1
26147,128,127,1
26148,119,118,1
26149,248,242,6
26150,155,154,1
26151,675,656,19
26152,139,138,1
26153,157,153,4
26154,95,94,1
26155,168,161,7
26156,65,63,2
26157,147,146,1
26158,385,381,4
26159,70,68,2
26160,173,169,4
26161,125,123,2
26162,329,317,12
26163,299,295,4
26164,135,132,3
26165,488,485,3
26166,234,228,6
26167,400,385,15
26168,697,689,8
26169,917,905,12
26170,212,201,11
26171,368,357,11
26172,170,170,0
26173,376,368,8
26174,163,158,5
26175,180,177,3
26176,147,144,3
26177,265,263,2
26178,161,159,2
26179,202,202,0
26180,115,108,7
26181,189,189,0
26182,538,529,9
26183,164,163,1
26184,337,327,10
26185,62,62,0
26186,223,219,4
26187,83,82,1
26188,176,169,7
26189,122,121,1
26190,155,146,9
26191,131,129,2
26192,513,507,6
26193,155,155,0
26194,118,118,0
26195,246,243,3
26196,112,99,13
26197,223,203,20
26198,198,193,5
26199,550,540,10
26200,197,194,3
26201,154,152,2
26202,660,648,12
26203,48,48,0
26204,149,147,2
26205,138,137,1
26206,302,299,3
26207,84,82,2
26208,183,183,0
26209,101,98,3
26210,235,235,0
26211,975,961,14
26212,59,59,0
26213,316,311,5
26214,70,70,0
26215,115,111,4
26216,311,305,6
26217,380,373,7
26218,50,50,0
26219,169,169,0
26220,24,24,0
26221,248,242,6
26222,151,146,5
26223,543,533,10
26224,380,372,8
26225,91,91,0
26226,266,264,2
26227,59,58,1
26228,135,131,4
26229,226,224,2
26230,979,969,10
26231,201,199,2
26232,66,66,0
26233,110,110,0
26234,295,295,0
26235,28,28,0
26236,63,63,0
26237,164,164,0
26238,125,125,0
26239,228,228,0
26240,140,135,5
26241,203,198,5
26242,273,270,3
26243,687,674,13
26244,305,298,7
26245,385,375,10
26246,173,171,2
26247,62,62,0
26248,50,50,0
26249,75,70,5
26250,192,192,0
26251,118,118,0
26252,200,195,5
26253,241,233,8
26254,93,93,0
26255,123,121,2
26256,497,493,4
26257,123,123,0
26258,514,509,5
26259,118,118,0
26260,76,72,4
26261,285,280,5
26262,76,73,3
26263,66,65,1
26264,109,107,2
26265,91,89,2
26266,198,193,5
26267,96,94,2
26268,83,82,1
26269,428,425,3
26270,35,34,1
26271,322,315,7
26272,339,330,9
26273,357,339,18
26274,63,62,1
26275,226,221,5
26276,170,169,1
26277,242,231,11
26278,432,423,9
26279,279,275,4
26280,877,870,7
26281,234,232,2
26282,371,367,4
26283,390,387,3
26284,115,114,1
26285,199,195,4
26286,237,230,7
26287,222,218,4
26288,136,135,1
26289,184,182,2
26290,304,289,15
26291,860,827,33
26292,216,210,6
26293,150,150,0
26294,140,139,1
26295,122,120,2
26296,152,151,1
26297,122,122,0
26298,41,41,0
26299,134,132,2
26300,64,64,0
26301,62,62,0
26302,129,123,6
26303,124,122,2
26304,147,144,3
26305,133,132,1
26306,91,90,1
26307,134,132,2
26308,96,96,0
26309,208,206,2
26310,156,154,2
26311,66,66,0
26312,1048,1041,7
26313,62,61,1
26314,237,229,8
26315,604,600,4
26316,158,154,4
26317,295,289,6
26318,94,93,1
26319,151,148,3
26320,59,56,3
26321,115,114,1
26322,44,42,2
26323,226,221,5
26324,130,129,1
26325,127,121,6
26326,225,220,5
26327,527,502,25
26328,131,126,5
26329,164,163,1
26330,118,115,3
26331,174,173,1
26332,152,146,6
26333,61,59,2
26334,447,431,16
26335,274,269,5
26336,101,98,3
26337,294,280,14
26338,363,356,7
26339,765,741,24
26340,236,236,0
26341,165,164,1
26342,125,124,1
26343,339,318,21
26344,129,128,1
26345,557,554,3
26346,414,397,17
26347,319,313,6
26348,275,264,11
26349,404,385,19
26350,146,141,5
26351,127,120,7
26352,243,239,4
26353,129,125,4
26354,115,114,1
26355,585,571,14
26356,551,543,8
26357,236,235,1
26358,308,299,9
26359,246,244,2
26360,300,300,0
26361,144,132,12
26362,226,225,1
26363,589,583,6
26364,176,174,2
26365,214,211,3
26366,165,160,5
26367,769,755,14
26368,245,242,3
26369,440,429,11
26370,192,190,2
26371,135,134,1
26372,141,139,2
26373,127,125,2
26374,124,123,1
26375,138,138,0
26376,113,111,2
26377,116,109,7
26378,138,136,2
26379,142,142,0
26380,516,508,8
26381,147,145,2
26382,205,205,0
26383,112,112,0
26384,498,494,4
26385,354,349,5
26386,113,112,1
26387,102,101,1
26388,336,333,3
26389,50,49,1
26390,110,110,0
26391,138,138,0
26392,66,64,2
26393,57,57,0
26394,370,366,4
26395,65,64,1
26396,183,180,3
26397,136,127,9
26398,95,93,2
26399,122,121,1
26400,167,165,2
26401,117,116,1
26402,178,176,2
26403,24,23,1
26404,115,114,1
26405,153,152,1
26406,145,145,0
26407,72,70,2
26408,132,131,1
26409,126,123,3
26410,213,205,8
26411,161,158,3
26412,110,109,1
26413,85,84,1
26414,64,63,1
26415,167,164,3
26416,104,103,1
26417,86,84,2
26418,137,137,0
26419,426,419,7
26420,158,156,2
26421,180,178,2
26422,237,231,6
26423,214,213,1
26424,225,224,1
26425,172,168,4
26426,274,270,4
26427,314,311,3
26428,229,229,0
26429,693,674,19
26430,406,400,6
26431,178,171,7
26432,426,415,11
26433,204,200,4
26434,391,387,4
26435,83,83,0
26436,307,301,6
26437,384,370,14
26438,268,262,6
26439,145,144,1
26440,288,283,5
26441,108,102,6
26442,289,284,5
26443,403,401,2
26444,585,569,16
26445,219,216,3
26446,174,172,2
26447,310,310,0
26448,140,137,3
26449,136,135,1
26450,310,308,2
26451,135,130,5
26452,150,150,0
26453,85,85,0
26454,101,100,1
26455,164,164,0
26456,71,71,0
26457,112,107,5
26458,79,76,3
26459,150,150,0
26460,196,196,0
26461,396,391,5
26462,130,129,1
26463,118,117,1
26464,161,161,0
26465,137,137,0
26466,135,131,4
26467,231,231,0
26468,188,187,1
26469,246,242,4
26470,147,146,1
26471,131,129,2
26472,135,132,3
26473,132,129,3
26474,72,68,4
26475,160,159,1
26476,165,165,0
26477,185,181,4
26478,197,197,0
26479,193,189,4
26480,565,550,15
26481,113,108,5
26482,73,72,1
26483,65,65,0
26484,332,327,5
26485,231,230,1
26486,69,68,1
26487,188,185,3
26488,156,156,0
26489,652,644,8
26490,285,276,9
26491,505,498,7
26492,161,160,1
26493,295,292,3
26494,238,236,2
26495,124,122,2
26496,394,383,11
26497,526,522,4
26498,136,131,5
26499,411,404,7
26500,381,372,9
26501,390,386,4
26502,179,176,3
26503,238,238,0
26504,261,258,3
26505,850,832,18
26506,509,504,5
26507,142,140,2
26508,115,112,3
26509,197,190,7
26510,138,136,2
26511,33,33,0
26512,165,164,1
26513,302,297,5
26514,137,135,2
26515,200,199,1
26516,44,44,0
26517,212,211,1
26518,241,239,2
26519,55,54,1
26520,109,108,1
26521,201,199,2
26522,132,131,1
26523,145,142,3
26524,151,150,1
26525,78,78,0
26526,183,182,1
26527,344,336,8
26528,126,124,2
26529,75,74,1
26530,170,163,7
26531,66,65,1
26532,125,124,1
26533,76,72,4
26534,65,65,0
26535,108,104,4
26536,388,384,4
26537,300,295,5
26538,70,70,0
26539,233,228,5
26540,617,613,4
26541,105,103,2
26542,336,324,12
26543,216,213,3
26544,192,190,2
26545,167,165,2
26546,893,876,17
26547,257,245,12
26548,236,234,2
26549,146,143,3
26550,113,113,0
26551,412,404,8
26552,193,188,5
26553,138,137,1
26554,159,155,4
26555,112,106,6
26556,71,69,2
26557,633,622,11
26558,608,594,14
26559,254,252,2
26560,141,141,0
26561,183,179,4
26562,142,141,1
26563,187,183,4
26564,404,396,8
26565,249,245,4
26566,265,260,5
26567,105,102,3
26568,141,141,0
26569,203,199,4
26570,163,160,3
26571,362,358,4
26572,434,433,1
26573,101,100,1
26574,164,160,4
26575,160,157,3
26576,212,207,5
26577,215,215,0
26578,185,182,3
26579,53,53,0
26580,142,139,3
26581,80,78,2
26582,246,242,4
26583,71,70,1
26584,212,207,5
26585,134,131,3
26586,102,101,1
26587,74,74,0
26588,75,75,0
26589,576,564,12
26590,516,507,9
26591,475,466,9
26592,228,223,5
26593,345,341,4
26594,134,133,1
26595,1033,1017,16
26596,208,208,0
26597,135,134,1
26598,245,245,0
26599,288,275,13
26600,114,114,0
26601,138,138,0
26602,203,200,3
26603,273,269,4
26604,174,167,7
26605,149,143,6
26606,293,284,9
26607,179,174,5
26608,488,485,3
26609,521,469,52
26610,248,238,10
26611,146,141,5
26612,191,188,3
26613,178,170,8
26614,173,170,3
26615,469,465,4
26616,230,226,4
26617,106,101,5
26618,167,167,0
26619,155,152,3
26620,267,260,7
26621,88,85,3
26622,305,303,2
26623,239,239,0
26624,122,117,5
26625,186,183,3
26626,165,162,3
26627,171,164,7
26628,171,165,6
26629,121,119,2
26630,147,145,2
26631,235,234,1
26632,57,57,0
26633,134,134,0
26634,562,558,4
26635,249,242,7
26636,132,132,0
26637,178,177,1
26638,400,392,8
26639,100,97,3
26640,191,186,5
26641,206,199,7
26642,138,134,4
26643,115,113,2
26644,160,155,5
26645,187,182,5
26646,213,213,0
26647,103,102,1
26648,191,187,4
26649,68,66,2
26650,79,79,0
26651,126,126,0
26652,100,96,4
26653,41,41,0
26654,141,139,2
26655,168,165,3
26656,190,187,3
26657,52,52,0
26658,157,152,5
26659,620,609,11
26660,709,689,20
26661,194,190,4
26662,281,281,0
26663,123,119,4
26664,1030,999,31
26665,226,218,8
26666,104,103,1
26667,51,46,5
26668,125,123,2
26669,110,108,2
26670,104,103,1
26671,90,88,2
26672,137,132,5
26673,48,47,1
26674,65,63,2
26675,41,41,0
26676,177,170,7
26677,125,112,13
26678,203,196,7
26679,326,325,1
26680,183,183,0
26681,377,372,5
26682,137,137,0
26683,107,107,0
26684,434,423,11
26685,809,793,16
26686,297,289,8
26687,292,281,11
26688,132,131,1
26689,117,116,1
26690,111,106,5
26691,52,51,1
26692,70,68,2
26693,202,196,6
26694,123,122,1
26695,96,93,3
26696,217,216,1
26697,127,125,2
26698,422,419,3
26699,464,441,23
26700,503,501,2
26701,243,236,7
26702,127,126,1
26703,223,222,1
26704,105,97,8
26705,231,230,1
26706,499,494,5
26707,407,406,1
26708,125,124,1
26709,45,45,0
26710,118,116,2
26711,56,55,1
26712,280,278,2
26713,100,100,0
26714,75,75,0
26715,338,336,2
26716,33,32,1
26717,346,340,6
26718,41,40,1
26719,149,149,0
26720,274,269,5
26721,158,154,4
26722,181,177,4
26723,177,167,10
26724,181,181,0
26725,131,129,2
26726,211,208,3
26727,179,175,4
26728,503,491,12
26729,395,393,2
26730,280,278,2
26731,129,129,0
26732,211,208,3
26733,471,439,32
26734,298,295,3
26735,110,109,1
26736,62,60,2
26737,129,126,3
26738,179,176,3
26739,131,131,0
26740,141,140,1
26741,496,474,22
26742,98,95,3
26743,936,895,41
26744,53,53,0
26745,886,866,20
26746,236,225,11
26747,121,118,3
26748,141,138,3
26749,490,478,12
26750,255,250,5
26751,376,373,3
26752,148,138,10
26753,611,599,12
26754,288,284,4
26755,245,244,1
26756,911,902,9
26757,444,426,18
26758,578,549,29
26759,1035,986,49
26760,491,475,16
26761,193,191,2
26762,545,538,7
26763,560,539,21
26764,250,239,11
26765,513,507,6
26766,757,738,19
26767,855,840,15
26768,145,143,2
26769,131,129,2
26770,698,672,26
26771,157,155,2
26772,259,259,0
26773,639,597,42
26774,210,200,10
26775,87,84,3
26776,157,152,5
26777,245,242,3
26778,112,110,2
26779,149,145,4
26780,118,113,5
26781,140,130,10
26782,124,122,2
26783,135,129,6
26784,257,245,12
26785,367,338,29
26786,724,699,25
26787,201,199,2
26788,255,253,2
26789,181,179,2
26790,196,183,13
26791,247,246,1
26792,189,184,5
26793,387,380,7
26794,464,459,5
26795,434,434,0
26796,453,437,16
26797,242,234,8
26798,769,761,8
26799,146,143,3
26800,183,179,4
26801,123,119,4
26802,115,115,0
26803,851,842,9
26804,147,145,2
26805,75,75,0
26806,106,104,2
26807,279,278,1
26808,196,193,3
26809,339,339,0
26810,65,63,2
26811,155,154,1
26812,337,332,5
26813,222,218,4
26814,466,456,10
26815,132,132,0
26816,217,212,5
26817,362,360,2
26818,335,335,0
26819,200,195,5
26820,568,560,8
26821,158,157,1
26822,28,28,0
26823,94,93,1
26824,183,181,2
26825,193,192,1
26826,286,284,2
26827,186,184,2
26828,470,457,13
26829,61,61,0
26830,369,367,2
26831,119,119,0
26832,244,234,10
26833,154,154,0
26834,79,78,1
26835,106,100,6
26836,167,165,2
26837,236,235,1
26838,268,264,4
26839,84,84,0
26840,81,81,0
26841,84,81,3
26842,63,62,1
26843,282,273,9
26844,67,66,1
26845,310,310,0
26846,197,196,1
26847,63,63,0
26848,192,190,2
26849,75,74,1
26850,1021,995,26
26851,368,359,9
26852,99,98,1
26853,80,79,1
26854,198,186,12
26855,292,283,9
26856,62,61,1
26857,112,111,1
26858,139,137,2
26859,178,175,3
26860,103,103,0
26861,103,103,0
26862,99,98,1
26863,435,429,6
26864,133,131,2
26865,172,164,8
26866,109,109,0
26867,378,373,5
26868,264,260,4
26869,571,562,9
26870,178,175,3
26871,134,129,5
26872,199,193,6
26873,405,396,9
26874,117,114,3
26875,169,166,3
26876,260,251,9
26877,130,128,2
26878,943,874,69
26879,589,577,12
26880,152,151,1
26881,284,254,30
26882,196,190,6
26883,138,133,5
26884,117,114,3
26885,56,55,1
26886,309,299,10
26887,147,147,0
26888,174,174,0
26889,182,175,7
26890,46,46,0
26891,55,54,1
26892,305,297,8
26893,198,190,8
26894,206,202,4
26895,246,240,6
26896,376,366,10
26897,316,310,6
26898,203,197,6
26899,62,61,1
26900,118,113,5
26901,145,142,3
26902,332,326,6
26903,167,166,1
26904,740,707,33
26905,70,70,0
26906,274,248,26
26907,295,286,9
26908,137,134,3
26909,180,178,2
26910,334,324,10
26911,47,47,0
26912,208,201,7
26913,514,510,4
26914,62,62,0
26915,206,200,6
26916,132,130,2
26917,451,428,23
26918,559,541,18
26919,494,453,41
26920,248,237,11
26921,51,50,1
26922,252,242,10
26923,235,228,7
26924,150,148,2
26925,195,190,5
26926,143,139,4
26927,127,123,4
26928,143,138,5
26929,114,112,2
26930,200,199,1
26931,155,153,2
26932,91,88,3
26933,797,788,9
26934,348,341,7
26935,199,195,4
26936,185,184,1
26937,300,287,13
26938,213,210,3
26939,125,125,0
26940,123,122,1
26941,501,488,13
26942,604,595,9
26943,342,340,2
26944,130,130,0
26945,390,376,14
26946,200,194,6
26947,178,174,4
26948,144,143,1
26949,92,90,2
26950,110,108,2
26951,346,339,7
26952,52,51,1
26953,184,184,0
26954,211,208,3
26955,49,49,0
26956,61,60,1
26957,64,62,2
26958,63,62,1
26959,175,175,0
26960,25,25,0
26961,76,75,1
26962,75,73,2
26963,75,73,2
26964,202,201,1
26965,147,143,4
26966,168,167,1
26967,133,132,1
26968,68,68,0
26969,142,138,4
26970,105,105,0
26971,191,189,2
26972,162,156,6
26973,201,193,8
26974,43,42,1
26975,164,160,4
26976,184,180,4
26977,210,190,20
26978,220,213,7
26979,115,112,3
26980,136,134,2
26981,219,212,7
26982,144,142,2
26983,140,140,0
26984,133,132,1
26985,128,126,2
26986,61,61,0
26987,84,84,0
26988,127,125,2
26989,124,124,0
26990,51,51,0
26991,101,101,0
26992,225,223,2
26993,430,421,9
26994,62,59,3
26995,159,159,0
26996,242,241,1
26997,157,157,0
26998,69,67,2
26999,42,42,0
27000,152,151,1
27001,350,348,2
27002,120,119,1
27003,99,96,3
27004,45,45,0
27005,290,286,4
27006,84,83,1
27007,77,77,0
27008,86,86,0
27009,294,288,6
27010,143,141,2
27011,399,392,7
27012,139,136,3
27013,123,123,0
27014,134,134,0
27015,202,200,2
27016,178,174,4
27017,201,198,3
27018,36,36,0
27019,447,439,8
27020,173,172,1
27021,146,141,5
27022,152,152,0
27023,760,752,8
27024,162,158,4
27025,80,78,2
27026,575,571,4
27027,597,591,6
27028,211,210,1
27029,198,193,5
27030,169,168,1
27031,305,291,14
27032,202,195,7
27033,273,260,13
27034,844,819,25
27035,115,113,2
27036,152,148,4
27037,200,193,7
27038,212,210,2
27039,100,97,3
27040,99,95,4
27041,150,146,4
27042,313,307,6
27043,185,185,0
27044,140,139,1
27045,137,134,3
27046,156,150,6
27047,153,147,6
27048,133,133,0
27049,195,193,2
27050,117,116,1
27051,211,209,2
27052,163,163,0
27053,132,131,1
27054,313,312,1
27055,122,122,0
27056,220,215,5
27057,445,432,13
27058,194,191,3
27059,480,473,7
27060,512,507,5
27061,605,597,8
27062,246,244,2
27063,126,125,1
27064,155,154,1
27065,135,135,0
27066,72,69,3
27067,230,229,1
27068,145,141,4
27069,66,64,2
27070,225,218,7
27071,173,172,1
27072,190,184,6
27073,129,124,5
27074,270,264,6
27075,127,126,1
27076,113,111,2
27077,275,262,13
27078,119,117,2
27079,195,195,0
27080,154,140,14
27081,281,272,9
27082,810,790,20
27083,115,113,2
27084,109,109,0
27085,169,166,3
27086,157,156,1
27087,51,50,1
27088,92,91,1
27089,76,70,6
27090,259,248,11
27091,77,73,4
27092,143,143,0
27093,226,225,1
27094,454,448,6
27095,159,157,2
27096,456,452,4
27097,79,76,3
27098,126,125,1
27099,177,167,10
27100,128,124,4
27101,146,141,5
27102,125,123,2
27103,97,97,0
27104,116,115,1
27105,217,216,1
27106,147,146,1
27107,112,109,3
27108,126,122,4
27109,496,493,3
27110,168,165,3
27111,228,228,0
27112,133,130,3
27113,164,157,7
27114,127,123,4
27115,106,101,5
27116,135,134,1
27117,155,152,3
27118,133,131,2
27119,161,159,2
27120,98,97,1
27121,270,268,2
27122,122,120,2
27123,468,460,8
27124,137,135,2
27125,200,196,4
27126,154,152,2
27127,115,114,1
27128,122,120,2
27129,106,104,2
27130,44,44,0
27131,108,102,6
27132,242,241,1
27133,38,38,0
27134,72,72,0
27135,91,91,0
27136,86,85,1
27137,85,85,0
27138,337,332,5
27139,187,180,7
27140,122,120,2
27141,255,252,3
27142,230,225,5
27143,294,294,0
27144,127,123,4
27145,111,109,2
27146,161,154,7
27147,52,52,0
27148,340,336,4
27149,259,250,9
27150,187,185,2
27151,164,163,1
27152,138,134,4
27153,454,444,10
27154,547,543,4
27155,191,186,5
27156,184,184,0
27157,242,242,0
27158,196,196,0
27159,147,147,0
27160,213,213,0
27161,165,162,3
27162,148,147,1
27163,154,153,1
27164,149,148,1
27165,207,207,0
27166,216,208,8
27167,135,135,0
27168,135,132,3
27169,112,111,1
27170,101,96,5
27171,47,43,4
27172,105,103,2
27173,63,62,1
27174,155,151,4
27175,180,173,7
27176,134,133,1
27177,500,484,16
27178,241,215,26
27179,187,181,6
27180,112,111,1
27181,293,291,2
27182,123,122,1
27183,421,419,2
27184,237,234,3
27185,218,216,2
27186,66,66,0
27187,189,189,0
27188,161,160,1
27189,397,392,5
27190,137,137,0
27191,368,360,8
27192,434,431,3
27193,763,750,13
27194,238,216,22
27195,158,155,3
27196,389,376,13
27197,387,367,20
27198,189,188,1
27199,172,169,3
27200,158,157,1
27201,190,185,5
27202,450,439,11
27203,194,188,6
27204,192,191,1
27205,107,105,2
27206,190,179,11
27207,194,188,6
27208,67,67,0
27209,133,132,1
27210,472,458,14
27211,90,83,7
27212,166,160,6
27213,266,260,6
27214,142,137,5
27215,171,169,2
27216,466,448,18
27217,52,51,1
27218,83,80,3
27219,162,161,1
27220,242,241,1
27221,500,493,7
27222,587,572,15
27223,271,266,5
27224,176,168,8
27225,62,61,1
27226,187,185,2
27227,139,137,2
27228,105,105,0
27229,118,118,0
27230,90,89,1
27231,139,139,0
27232,169,165,4
27233,89,89,0
27234,172,169,3
27235,194,192,2
27236,219,212,7
27237,107,105,2
27238,248,245,3
27239,419,417,2
27240,180,177,3
27241,312,310,2
27242,117,115,2
27243,120,115,5
27244,81,79,2
27245,64,61,3
27246,128,127,1
27247,139,138,1
27248,284,281,3
27249,129,126,3
27250,230,226,4
27251,173,171,2
27252,229,225,4
27253,133,131,2
27254,91,88,3
27255,401,391,10
27256,275,267,8
27257,456,438,18
27258,503,494,9
27259,91,91,0
27260,166,164,2
27261,53,53,0
27262,374,370,4
27263,750,730,20
27264,167,162,5
27265,112,109,3
27266,153,153,0
27267,128,122,6
27268,223,212,11
27269,89,82,7
27270,140,133,7
27271,45,44,1
27272,135,132,3
27273,163,161,2
27274,164,143,21
27275,135,130,5
27276,383,353,30
27277,478,473,5
27278,118,111,7
27279,154,137,17
27280,194,191,3
27281,224,206,18
27282,51,47,4
27283,212,197,15
27284,165,153,12
27285,193,175,18
27286,145,143,2
27287,147,147,0
27288,309,307,2
27289,319,317,2
27290,132,132,0
27291,144,140,4
27292,154,154,0
27293,196,195,1
27294,122,119,3
27295,217,213,4
27296,208,207,1
27297,263,263,0
27298,169,167,2
27299,235,234,1
27300,132,127,5
27301,184,178,6
27302,127,123,4
27303,283,282,1
27304,140,140,0
27305,139,138,1
27306,188,185,3
27307,134,132,2
27308,70,70,0
27309,125,124,1
27310,183,183,0
27311,130,129,1
27312,157,157,0
27313,169,167,2
27314,48,48,0
27315,303,302,1
27316,162,161,1
27317,502,488,14
27318,131,127,4
27319,184,183,1
27320,188,183,5
27321,68,67,1
27322,152,127,25
27323,278,277,1
27324,131,124,7
27325,187,168,19
27326,106,105,1
27327,91,91,0
27328,150,147,3
27329,593,568,25
27330,104,98,6
27331,211,206,5
27332,238,230,8
27333,211,205,6
27334,108,98,10
27335,153,146,7
27336,135,131,4
27337,217,211,6
27338,560,527,33
27339,140,138,2
27340,143,132,11
27341,239,234,5
27342,232,223,9
27343,230,228,2
27344,214,211,3
27345,125,118,7
27346,240,216,24
27347,1014,964,50
27348,453,445,8
27349,144,144,0
27350,63,61,2
27351,134,128,6
27352,509,489,20
27353,128,126,2
27354,903,892,11
27355,501,490,11
27356,167,165,2
27357,351,349,2
27358,83,83,0
27359,186,182,4
27360,212,208,4
27361,133,131,2
27362,109,107,2
27363,45,44,1
27364,131,130,1
27365,131,129,2
27366,733,716,17
27367,53,53,0
27368,61,61,0
27369,62,61,1
27370,57,57,0
27371,154,153,1
27372,189,185,4
27373,197,195,2
27374,136,130,6
27375,175,171,4
27376,496,492,4
27377,982,951,31
27378,164,164,0
27379,655,631,24
27380,445,437,8
27381,422,412,10
27382,677,649,28
27383,329,325,4
27384,418,392,26
27385,93,91,2
27386,512,501,11
27387,168,161,7
27388,154,148,6
27389,136,131,5
27390,141,141,0
27391,327,317,10
27392,706,692,14
27393,689,679,10
27394,135,132,3
27395,209,206,3
27396,394,390,4
27397,125,122,3
27398,490,486,4
27399,157,149,8
27400,245,241,4
27401,341,341,0
27402,378,371,7
27403,356,354,2
27404,643,629,14
27405,267,260,7
27406,220,213,7
27407,63,61,2
27408,187,185,2
27409,102,100,2
27410,210,205,5
27411,118,116,2
27412,173,169,4
27413,90,88,2
27414,84,83,1
27415,70,69,1
27416,69,67,2
27417,182,178,4
27418,136,133,3
27419,540,535,5
27420,102,102,0
27421,454,443,11
27422,181,165,16
27423,283,268,15
27424,203,200,3
27425,154,153,1
27426,135,134,1
27427,197,191,6
27428,126,123,3
27429,55,55,0
27430,112,112,0
27431,191,184,7
27432,105,105,0
27433,59,59,0
27434,440,422,18
27435,168,159,9
27436,66,66,0
27437,195,189,6
27438,127,123,4
27439,427,421,6
27440,909,880,29
27441,117,116,1
27442,389,385,4
27443,131,128,3
27444,969,962,7
27445,115,115,0
27446,156,152,4
27447,142,140,2
27448,126,124,2
27449,156,154,2
27450,140,136,4
27451,135,132,3
27452,458,452,6
27453,216,212,4
27454,128,127,1
27455,144,142,2
27456,206,201,5
27457,131,130,1
27458,177,175,2
27459,164,163,1
27460,124,124,0
27461,144,143,1
27462,143,143,0
27463,336,335,1
27464,143,143,0
27465,148,148,0
27466,159,154,5
27467,249,247,2
27468,149,148,1
27469,805,795,10
27470,159,159,0
27471,205,204,1
27472,140,140,0
27473,246,243,3
27474,383,380,3
27475,124,118,6
27476,69,66,3
27477,128,124,4
27478,244,240,4
27479,141,139,2
27480,49,48,1
27481,78,73,5
27482,256,250,6
27483,192,189,3
27484,131,131,0
27485,128,127,1
27486,259,219,40
27487,273,267,6
27488,136,132,4
27489,62,61,1
27490,634,624,10
27491,654,625,29
27492,120,116,4
27493,179,178,1
27494,126,126,0
27495,173,157,16
27496,224,221,3
27497,194,190,4
27498,266,263,3
27499,138,138,0
27500,154,154,0
27501,327,317,10
27502,54,54,0
27503,725,713,12
27504,152,148,4
27505,144,143,1
27506,127,125,2
27507,108,106,2
27508,199,196,3
27509,686,673,13
27510,154,153,1
27511,347,342,5
27512,222,209,13
27513,126,124,2
27514,135,135,0
27515,165,164,1
27516,126,126,0
27517,196,196,0
27518,50,49,1
27519,172,170,2
27520,210,206,4
27521,334,330,4
27522,337,335,2
27523,139,138,1
27524,55,54,1
27525,136,132,4
27526,51,51,0
27527,109,109,0
27528,65,63,2
27529,401,388,13
27530,549,522,27
27531,280,277,3
27532,113,112,1
27533,188,188,0
27534,189,186,3
27535,162,160,2
27536,113,111,2
27537,200,199,1
27538,177,176,1
27539,231,230,1
27540,99,98,1
27541,250,243,7
27542,274,269,5
27543,480,467,13
27544,181,177,4
27545,177,167,10
27546,181,181,0
27547,131,129,2
27548,211,208,3
27549,179,175,4
27550,503,491,12
27551,395,393,2
27552,280,278,2
27553,220,217,3
27554,279,278,1
27555,351,349,2
27556,122,120,2
27557,67,67,0
27558,166,163,3
27559,119,119,0
27560,54,54,0
27561,94,94,0
27562,427,423,4
27563,236,235,1
27564,182,181,1
27565,507,500,7
27566,187,185,2
27567,227,223,4
27568,133,133,0
27569,138,137,1
27570,150,150,0
27571,81,79,2
27572,228,228,0
27573,121,119,2
27574,410,397,13
27575,236,231,5
27576,232,227,5
27577,255,254,1
27578,547,541,6
27579,49,49,0
27580,125,125,0
27581,238,237,1
27582,194,189,5
27583,121,121,0
27584,287,281,6
27585,295,292,3
27586,207,199,8
27587,95,85,10
27588,184,183,1
27589,317,313,4
27590,196,192,4
27591,147,142,5
27592,149,141,8
27593,177,175,2
27594,105,104,1
27595,278,275,3
27596,264,260,4
27597,473,466,7
27598,133,130,3
27599,131,130,1
27600,333,326,7
27601,199,194,5
27602,334,327,7
27603,416,410,6
27604,135,135,0
27605,857,834,23
27606,359,331,28
27607,87,86,1
27608,124,123,1
27609,166,161,5
27610,141,137,4
27611,309,307,2
27612,98,95,3
27613,1024,1004,20
27614,396,387,9
27615,157,154,3
27616,202,200,2
27617,149,143,6
27618,227,221,6
27619,488,479,9
27620,270,260,10
27621,312,309,3
27622,225,219,6
27623,138,136,2
27624,361,356,5
27625,131,131,0
27626,255,254,1
27627,379,373,6
27628,316,313,3
27629,474,462,12
27630,238,230,8
27631,52,47,5
27632,232,230,2
27633,136,132,4
27634,352,344,8
27635,638,628,10
27636,114,112,2
27637,261,256,5
27638,274,266,8
27639,139,134,5
27640,227,223,4
27641,349,348,1
27642,323,310,13
27643,202,200,2
27644,334,328,6
27645,62,61,1
27646,163,161,2
27647,169,161,8
27648,111,106,5
27649,37,36,1
27650,225,222,3
27651,159,156,3
27652,174,173,1
27653,253,249,4
27654,163,161,2
27655,388,384,4
27656,244,243,1
27657,670,658,12
27658,296,282,14
27659,250,242,8
27660,244,243,1
27661,503,499,4
27662,184,184,0
27663,116,115,1
27664,74,74,0
27665,206,204,2
27666,50,49,1
27667,62,62,0
27668,47,46,1
27669,68,68,0
27670,114,113,1
27671,64,64,0
27672,159,157,2
27673,129,127,2
27674,134,132,2
27675,179,176,3
27676,71,70,1
27677,39,37,2
27678,80,79,1
27679,165,164,1
27680,401,398,3
27681,243,237,6
27682,140,138,2
27683,146,144,2
27684,137,133,4
27685,386,382,4
27686,214,206,8
27687,121,120,1
27688,57,57,0
27689,769,751,18
27690,503,490,13
27691,151,147,4
27692,118,112,6
27693,286,281,5
27694,119,119,0
27695,183,180,3
27696,132,131,1
27697,192,189,3
27698,162,158,4
27699,90,90,0
27700,109,106,3
27701,110,103,7
27702,428,425,3
27703,228,227,1
27704,943,902,41
27705,130,127,3
27706,203,198,5
27707,216,199,17
27708,129,127,2
27709,60,59,1
27710,54,53,1
27711,194,188,6
27712,122,117,5
27713,40,39,1
27714,107,102,5
27715,166,165,1
27716,142,141,1
27717,106,105,1
27718,150,150,0
27719,127,119,8
27720,189,187,2
27721,42,42,0
27722,309,307,2
27723,73,70,3
27724,371,365,6
27725,213,211,2
27726,213,211,2
27727,50,46,4
27728,147,145,2
27729,444,436,8
27730,615,605,10
27731,91,91,0
27732,42,42,0
27733,53,53,0
27734,113,111,2
27735,110,109,1
27736,120,118,2
27737,366,363,3
27738,159,158,1
27739,102,101,1
27740,137,135,2
27741,393,383,10
27742,360,355,5
27743,111,108,3
27744,303,298,5
27745,365,361,4
27746,95,93,2
27747,381,375,6
27748,263,262,1
27749,252,226,26
27750,152,147,5
27751,595,581,14
27752,184,177,7
27753,408,395,13
27754,382,372,10
27755,179,172,7
27756,106,102,4
27757,781,738,43
27758,135,127,8
27759,261,243,18
27760,873,830,43
27761,184,171,13
27762,452,436,16
27763,80,79,1
27764,267,263,4
27765,148,148,0
27766,330,309,21
27767,153,151,2
27768,455,434,21
27769,355,329,26
27770,205,202,3
27771,154,154,0
27772,103,97,6
27773,120,116,4
27774,220,218,2
27775,161,159,2
27776,137,136,1
27777,472,468,4
27778,121,121,0
27779,161,159,2
27780,205,200,5
27781,130,129,1
27782,419,412,7
27783,260,258,2
27784,386,371,15
27785,205,204,1
27786,104,103,1
27787,129,126,3
27788,409,385,24
27789,58,56,2
27790,601,587,14
27791,232,231,1
27792,77,77,0
27793,119,119,0
27794,139,139,0
27795,176,172,4
27796,142,139,3
27797,160,159,1
27798,112,112,0
27799,372,368,4
27800,109,109,0
27801,137,129,8
27802,136,134,2
27803,314,310,4
27804,91,89,2
27805,70,69,1
27806,132,130,2
27807,760,754,6
27808,403,397,6
27809,300,299,1
27810,138,137,1
27811,398,392,6
27812,308,307,1
27813,387,386,1
27814,730,724,6
27815,498,490,8
27816,109,107,2
27817,269,265,4
27818,124,124,0
27819,161,158,3
27820,182,180,2
27821,149,148,1
27822,291,289,2
27823,146,142,4
27824,178,169,9
27825,201,198,3
27826,63,62,1
27827,108,104,4
27828,276,252,24
27829,185,184,1
27830,150,150,0
27831,450,443,7
27832,159,158,1
27833,227,225,2
27834,143,141,2
27835,338,333,5
27836,106,104,2
27837,619,611,8
27838,400,394,6
27839,237,234,3
27840,160,159,1
27841,126,125,1
27842,292,283,9
27843,187,183,4
27844,118,113,5
27845,251,249,2
27846,100,97,3
27847,153,153,0
27848,191,190,1
27849,349,342,7
27850,127,126,1
27851,167,163,4
27852,223,221,2
27853,441,438,3
27854,488,481,7
27855,135,129,6
27856,94,94,0
27857,335,330,5
27858,142,140,2
27859,138,138,0
27860,196,190,6
27861,178,174,4
27862,151,150,1
27863,152,151,1
27864,247,245,2
27865,471,462,9
27866,91,90,1
27867,116,115,1
27868,177,175,2
27869,166,165,1
27870,136,135,1
27871,148,143,5
27872,122,115,7
27873,157,154,3
27874,139,139,0
27875,428,424,4
27876,544,538,6
27877,316,306,10
27878,216,214,2
27879,184,183,1
27880,170,167,3
27881,209,203,6
27882,131,128,3
27883,147,142,5
27884,126,126,0
27885,171,169,2
27886,142,136,6
27887,158,157,1
27888,946,934,12
27889,231,225,6
27890,65,64,1
27891,267,264,3
27892,278,274,4
27893,132,125,7
27894,171,165,6
27895,135,135,0
27896,178,175,3
27897,124,120,4
27898,115,115,0
27899,447,438,9
27900,120,117,3
27901,138,135,3
27902,671,645,26
27903,137,136,1
27904,243,235,8
27905,71,69,2
27906,48,47,1
27907,95,93,2
27908,240,219,21
27909,414,405,9
27910,208,208,0
27911,139,137,2
27912,204,201,3
27913,249,246,3
27914,145,145,0
27915,242,239,3
27916,138,136,2
27917,742,731,11
27918,123,120,3
27919,681,673,8
27920,187,182,5
27921,210,204,6
27922,315,312,3
27923,220,216,4
27924,394,389,5
27925,235,228,7
27926,588,580,8
27927,316,313,3
27928,136,129,7
27929,164,157,7
27930,969,956,13
27931,33,33,0
27932,137,136,1
27933,359,334,25
27934,422,417,5
27935,173,165,8
27936,163,162,1
27937,137,133,4
27938,85,85,0
27939,136,134,2
27940,244,236,8
27941,321,308,13
27942,115,114,1
27943,117,113,4
27944,153,151,2
27945,416,403,13
27946,353,346,7
27947,256,251,5
27948,127,124,3
27949,56,56,0
27950,327,319,8
27951,153,150,3
27952,331,323,8
27953,173,170,3
27954,85,84,1
27955,420,408,12
27956,279,275,4
27957,125,125,0
27958,145,144,1
27959,20,17,3
27960,114,111,3
27961,450,444,6
27962,122,120,2
27963,165,163,2
27964,161,158,3
27965,341,335,6
27966,300,297,3
27967,141,141,0
27968,327,325,2
27969,107,105,2
27970,107,105,2
27971,107,105,2
27972,192,187,5
27973,102,102,0
27974,155,154,1
27975,80,79,1
27976,135,135,0
27977,324,318,6
27978,456,448,8
27979,226,215,11
27980,962,923,39
27981,108,108,0
27982,520,515,5
27983,146,145,1
27984,430,427,3
27985,596,581,15
27986,71,70,1
27987,218,212,6
27988,664,628,36
27989,113,110,3
27990,108,108,0
27991,134,129,5
27992,563,554,9
27993,149,147,2
27994,686,675,11
27995,423,419,4
27996,189,189,0
27997,182,178,4
27998,118,117,1
27999,131,128,3
28000,739,727,12
28001,348,334,14
28002,223,221,2
28003,113,111,2
28004,421,420,1
28005,127,126,1
28006,395,387,8
28007,478,470,8
28008,291,286,5
28009,57,56,1
28010,446,434,12
28011,434,432,2
28012,143,143,0
28013,180,171,9
28014,159,150,9
28015,159,151,8
28016,215,214,1
28017,313,307,6
28018,149,148,1
28019,214,214,0
28020,125,124,1
28021,346,344,2
28022,261,257,4
28023,120,118,2
28024,102,102,0
28025,181,180,1
28026,731,700,31
28027,319,312,7
28028,90,87,3
28029,238,230,8
28030,157,153,4
28031,63,63,0
28032,200,192,8
28033,382,371,11
28034,136,132,4
28035,223,218,5
28036,194,194,0
28037,271,267,4
28038,833,830,3
28039,142,140,2
28040,135,134,1
28041,189,189,0
28042,196,196,0
28043,219,210,9
28044,157,157,0
28045,197,196,1
28046,139,139,0
28047,155,154,1
28048,328,325,3
28049,357,355,2
28050,101,100,1
28051,384,383,1
28052,978,964,14
28053,226,224,2
28054,472,461,11
28055,216,208,8
28056,205,200,5
28057,814,802,12
28058,124,122,2
28059,354,348,6
28060,374,368,6
28061,253,245,8
28062,394,383,11
28063,244,239,5
28064,145,140,5
28065,415,409,6
28066,762,740,22
28067,656,637,19
28068,527,523,4
28069,219,217,2
28070,194,173,21
28071,607,603,4
28072,523,516,7
28073,177,171,6
28074,89,87,2
28075,74,73,1
28076,135,131,4
28077,219,211,8
28078,273,266,7
28079,490,484,6
28080,75,75,0
28081,57,56,1
28082,238,236,2
28083,63,63,0
28084,242,236,6
28085,86,86,0
28086,69,69,0
28087,113,113,0
28088,153,146,7
28089,75,74,1
28090,125,125,0
28091,162,161,1
28092,147,147,0
28093,132,130,2
28094,68,68,0
28095,148,147,1
28096,108,107,1
28097,128,127,1
28098,129,128,1
28099,457,443,14
28100,277,275,2
28101,194,192,2
28102,228,222,6
28103,206,203,3
28104,106,105,1
28105,41,41,0
28106,150,146,4
28107,209,204,5
28108,178,176,2
28109,169,169,0
28110,147,145,2
28111,448,448,0
28112,155,153,2
28113,164,162,2
28114,147,147,0
28115,155,153,2
28116,349,343,6
28117,237,232,5
28118,136,135,1
28119,239,239,0
28120,157,157,0
28121,820,802,18
28122,134,129,5
28123,265,260,5
28124,131,128,3
28125,123,122,1
28126,115,114,1
28127,159,159,0
28128,177,176,1
28129,733,721,12
28130,297,294,3
28131,211,207,4
28132,270,261,9
28133,157,154,3
28134,113,112,1
28135,196,193,3
28136,275,272,3
28137,305,301,4
28138,468,464,4
28139,448,431,17
28140,459,424,35
28141,216,209,7
28142,411,401,10
28143,191,187,4
28144,220,212,8
28145,253,240,13
28146,92,91,1
28147,129,127,2
28148,256,248,8
28149,259,252,7
28150,192,191,1
28151,497,472,25
28152,970,952,18
28153,106,104,2
28154,191,187,4
28155,85,82,3
28156,74,72,2
28157,36,35,1
28158,138,137,1
28159,262,252,10
28160,281,278,3
28161,195,192,3
28162,201,190,11
28163,312,304,8
28164,403,386,17
28165,201,197,4
28166,269,266,3
28167,119,116,3
28168,141,140,1
28169,258,255,3
28170,439,431,8
28171,290,277,13
28172,318,311,7
28173,92,90,2
28174,662,648,14
28175,951,922,29
28176,201,197,4
28177,276,269,7
28178,332,324,8
28179,268,257,11
28180,267,260,7
28181,675,658,17
28182,540,523,17
28183,125,124,1
28184,217,213,4
28185,291,287,4
28186,183,180,3
28187,117,113,4
28188,345,342,3
28189,230,229,1
28190,156,154,2
28191,209,209,0
28192,324,322,2
28193,432,425,7
28194,296,293,3
28195,185,184,1
28196,144,142,2
28197,179,179,0
28198,494,490,4
28199,120,119,1
28200,314,309,5
28201,172,170,2
28202,166,165,1
28203,526,519,7
28204,526,515,11
28205,642,629,13
28206,152,151,1
28207,258,257,1
28208,105,102,3
28209,112,110,2
28210,63,62,1
28211,298,293,5
28212,103,101,2
28213,785,776,9
28214,140,139,1
28215,120,117,3
28216,194,194,0
28217,440,420,20
28218,566,552,14
28219,277,271,6
28220,117,116,1
28221,163,157,6
28222,128,128,0
28223,400,392,8
28224,66,65,1
28225,48,47,1
28226,72,70,2
28227,150,149,1
28228,149,145,4
28229,247,236,11
28230,197,191,6
28231,258,255,3
28232,333,317,16
28233,327,316,11
28234,316,306,10
28235,119,115,4
28236,292,288,4
28237,432,424,8
28238,136,134,2
28239,185,177,8
28240,102,99,3
28241,431,418,13
28242,637,605,32
28243,235,228,7
28244,185,180,5
28245,302,300,2
28246,538,511,27
28247,179,177,2
28248,159,152,7
28249,718,706,12
28250,251,235,16
28251,162,161,1
28252,158,149,9
28253,120,114,6
28254,137,132,5
28255,883,835,48
28256,126,125,1
28257,177,174,3
28258,248,247,1
28259,260,257,3
28260,115,114,1
28261,218,218,0
28262,115,115,0
28263,182,182,0
28264,142,140,2
28265,452,409,43
28266,41,38,3
28267,99,95,4
28268,227,210,17
28269,112,109,3
28270,78,76,2
28271,614,593,21
28272,215,212,3
28273,172,169,3
28274,244,242,2
28275,233,224,9
28276,130,127,3
28277,209,203,6
28278,124,123,1
28279,250,249,1
28280,283,281,2
28281,304,302,2
28282,146,143,3
28283,327,325,2
28284,382,374,8
28285,454,437,17
28286,476,472,4
28287,566,559,7
28288,752,740,12
28289,638,626,12
28290,733,723,10
28291,598,587,11
28292,183,181,2
28293,158,154,4
28294,234,230,4
28295,207,204,3
28296,214,213,1
28297,339,336,3
28298,342,338,4
28299,187,184,3
28300,177,172,5
28301,156,155,1
28302,155,154,1
28303,141,140,1
28304,137,136,1
28305,512,505,7
28306,161,160,1
28307,204,199,5
28308,177,174,3
28309,424,422,2
28310,89,88,1
28311,368,363,5
28312,144,142,2
28313,142,142,0
28314,492,487,5
28315,317,313,4
28316,167,165,2
28317,143,141,2
28318,939,932,7
28319,293,291,2
28320,177,177,0
28321,210,208,2
28322,438,433,5
28323,129,129,0
28324,132,132,0
28325,93,91,2
28326,140,134,6
28327,492,482,10
28328,244,237,7
28329,359,352,7
28330,279,272,7
28331,547,541,6
28332,382,372,10
28333,397,384,13
28334,171,168,3
28335,313,301,12
28336,174,171,3
28337,320,316,4
28338,132,132,0
28339,102,102,0
28340,199,190,9
28341,416,412,4
28342,437,429,8
28343,123,122,1
28344,247,243,4
28345,192,183,9
28346,86,84,2
28347,133,133,0
28348,170,169,1
28349,226,222,4
28350,120,114,6
28351,174,170,4
28352,420,413,7
28353,55,53,2
28354,139,137,2
28355,103,89,14
28356,171,170,1
28357,212,205,7
28358,290,282,8
28359,155,152,3
28360,388,383,5
28361,267,267,0
28362,319,307,12
28363,74,71,3
28364,569,558,11
28365,730,723,7
28366,581,561,20
28367,194,185,9
28368,311,307,4
28369,327,318,9
28370,507,491,16
28371,474,470,4
28372,312,310,2
28373,158,153,5
28374,731,714,17
28375,191,191,0
28376,64,63,1
28377,56,56,0
28378,476,466,10
28379,607,601,6
28380,325,324,1
28381,189,185,4
28382,638,632,6
28383,531,528,3
28384,212,210,2
28385,115,111,4
28386,84,84,0
28387,97,92,5
28388,10,10,0
28389,274,273,1
28390,137,135,2
28391,63,62,1
28392,70,69,1
28393,73,73,0
28394,78,75,3
28395,126,125,1
28396,132,129,3
28397,73,73,0
28398,64,64,0
28399,101,99,2
28400,96,95,1
28401,46,46,0
28402,63,63,0
28403,57,57,0
28404,77,76,1
28405,54,54,0
28406,100,97,3
28407,152,150,2
28408,103,102,1
28409,127,115,12
28410,291,277,14
28411,96,95,1
28412,74,74,0
28413,197,193,4
28414,35,35,0
28415,328,326,2
28416,320,314,6
28417,55,53,2
28418,95,95,0
28419,106,105,1
28420,45,45,0
28421,125,122,3
28422,82,81,1
28423,57,56,1
28424,125,124,1
28425,46,45,1
28426,135,135,0
28427,215,214,1
28428,46,46,0
28429,387,383,4
28430,74,72,2
28431,118,118,0
28432,206,201,5
28433,219,215,4
28434,132,126,6
28435,146,144,2
28436,188,183,5
28437,50,49,1
28438,306,304,2
28439,256,255,1
28440,184,182,2
28441,125,124,1
28442,123,122,1
28443,221,215,6
28444,149,148,1
28445,90,87,3
28446,109,106,3
28447,751,738,13
28448,151,147,4
28449,179,177,2
28450,443,441,2
28451,198,193,5
28452,127,125,2
28453,356,351,5
28454,204,197,7
28455,143,143,0
28456,524,520,4
28457,173,168,5
28458,347,344,3
28459,424,420,4
28460,271,269,2
28461,197,193,4
28462,191,185,6
28463,173,173,0
28464,126,122,4
28465,245,238,7
28466,181,171,10
28467,146,136,10
28468,247,235,12
28469,439,437,2
28470,151,134,17
28471,180,178,2
28472,115,112,3
28473,167,164,3
28474,123,120,3
28475,282,279,3
28476,265,257,8
28477,543,526,17
28478,312,307,5
28479,154,151,3
28480,237,236,1
28481,189,188,1
28482,220,216,4
28483,104,100,4
28484,197,195,2
28485,152,152,0
28486,117,116,1
28487,184,180,4
28488,221,215,6
28489,197,192,5
28490,129,126,3
28491,232,232,0
28492,135,133,2
28493,133,129,4
28494,108,107,1
28495,148,140,8
28496,78,78,0
28497,126,123,3
28498,140,138,2
28499,129,128,1
28500,243,235,8
28501,41,40,1
28502,118,116,2
28503,146,142,4
28504,148,142,6
28505,109,107,2
28506,146,144,2
28507,74,73,1
28508,411,397,14
28509,183,175,8
28510,129,126,3
28511,70,68,2
28512,955,935,20
28513,139,138,1
28514,340,329,11
28515,161,151,10
28516,96,94,2
28517,559,549,10
28518,110,108,2
28519,96,96,0
28520,130,128,2
28521,971,943,28
28522,100,100,0
28523,478,465,13
28524,424,411,13
28525,178,176,2
28526,708,690,18
28527,388,383,5
28528,557,553,4
28529,289,287,2
28530,336,331,5
28531,962,944,18
28532,214,207,7
28533,144,142,2
28534,134,134,0
28535,273,268,5
28536,148,141,7
28537,163,156,7
28538,360,355,5
28539,319,307,12
28540,154,153,1
28541,313,307,6
28542,417,411,6
28543,409,407,2
28544,120,119,1
28545,120,118,2
28546,142,141,1
28547,110,109,1
28548,302,290,12
28549,231,226,5
28550,134,134,0
28551,482,474,8
28552,165,163,2
28553,186,182,4
28554,939,903,36
28555,771,767,4
28556,180,172,8
28557,275,267,8
28558,269,269,0
28559,164,164,0
28560,236,236,0
28561,114,110,4
28562,141,140,1
28563,302,301,1
28564,160,159,1
28565,399,394,5
28566,194,191,3
28567,423,420,3
28568,302,298,4
28569,175,175,0
28570,120,120,0
28571,360,352,8
28572,109,105,4
28573,77,77,0
28574,214,203,11
28575,114,114,0
28576,576,556,20
28577,81,80,1
28578,193,188,5
28579,118,117,1
28580,231,230,1
28581,268,264,4
28582,198,196,2
28583,98,98,0
28584,67,67,0
28585,83,82,1
28586,37,36,1
28587,248,233,15
28588,71,69,2
28589,53,52,1
28590,94,91,3
28591,218,216,2
28592,367,360,7
28593,82,79,3
28594,542,529,13
28595,639,604,35
28596,493,487,6
28597,638,628,10
28598,330,327,3
28599,591,585,6
28600,299,290,9
28601,692,667,25
28602,218,213,5
28603,376,366,10
28604,367,358,9
28605,114,113,1
28606,144,138,6
28607,182,178,4
28608,76,76,0
28609,81,79,2
28610,109,107,2
28611,143,141,2
28612,178,174,4
28613,376,336,40
28614,93,87,6
28615,140,139,1
28616,204,197,7
28617,148,143,5
28618,145,144,1
28619,411,407,4
28620,92,91,1
28621,159,148,11
28622,540,532,8
28623,104,102,2
28624,220,219,1
28625,135,134,1
28626,138,136,2
28627,196,195,1
28628,171,169,2
28629,80,80,0
28630,81,80,1
28631,81,80,1
28632,158,154,4
28633,150,144,6
28634,96,94,2
28635,132,130,2
28636,131,121,10
28637,162,160,2
28638,68,66,2
28639,231,225,6
28640,127,125,2
28641,169,168,1
28642,353,349,4
28643,909,900,9
28644,207,192,15
28645,180,175,5
28646,242,239,3
28647,89,89,0
28648,127,126,1
28649,406,395,11
28650,239,232,7
28651,772,758,14
28652,128,127,1
28653,185,182,3
28654,206,195,11
28655,405,400,5
28656,39,38,1
28657,347,340,7
28658,153,147,6
28659,229,226,3
28660,170,164,6
28661,65,63,2
28662,106,103,3
28663,209,205,4
28664,62,58,4
28665,41,39,2
28666,85,84,1
28667,307,301,6
28668,299,291,8
28669,134,131,3
28670,54,52,2
28671,229,221,8
28672,531,523,8
28673,277,270,7
28674,144,137,7
28675,226,218,8
28676,103,103,0
28677,233,233,0
28678,330,327,3
28679,150,144,6
28680,231,226,5
28681,250,247,3
28682,141,139,2
28683,217,211,6
28684,151,150,1
28685,473,452,21
28686,112,111,1
28687,205,205,0
28688,141,139,2
28689,126,122,4
28690,55,55,0
28691,223,221,2
28692,395,390,5
28693,313,311,2
28694,334,329,5
28695,98,94,4
28696,157,157,0
28697,43,43,0
28698,322,320,2
28699,111,110,1
28700,158,155,3
28701,128,124,4
28702,277,268,9
28703,308,298,10
28704,196,192,4
28705,284,277,7
28706,165,159,6
28707,189,187,2
28708,167,164,3
28709,247,244,3
28710,189,188,1
28711,144,143,1
28712,336,326,10
28713,166,164,2
28714,668,654,14
28715,300,292,8
28716,188,186,2
28717,399,361,38
28718,63,58,5
28719,320,312,8
28720,182,181,1
28721,613,606,7
28722,197,194,3
28723,151,147,4
28724,131,127,4
28725,251,233,18
28726,97,95,2
28727,124,124,0
28728,135,126,9
28729,269,266,3
28730,199,196,3
28731,261,257,4
28732,123,121,2
28733,291,286,5
28734,280,277,3
28735,141,140,1
28736,157,156,1
28737,131,129,2
28738,244,235,9
28739,154,153,1
28740,218,213,5
28741,142,140,2
28742,127,125,2
28743,136,136,0
28744,296,288,8
28745,113,112,1
28746,230,227,3
28747,117,117,0
28748,167,166,1
28749,167,166,1
28750,120,120,0
28751,137,136,1
28752,163,162,1
28753,167,167,0
28754,231,227,4
28755,334,328,6
28756,324,323,1
28757,129,127,2
28758,139,137,2
28759,128,127,1
28760,136,133,3
28761,684,684,0
28762,466,464,2
28763,71,68,3
28764,457,448,9
28765,131,129,2
28766,176,171,5
28767,143,141,2
28768,603,591,12
28769,109,108,1
28770,907,901,6
28771,187,186,1
28772,256,250,6
28773,1000,972,28
28774,788,779,9
28775,197,192,5
28776,158,158,0
28777,240,233,7
28778,164,164,0
28779,242,242,0
28780,437,424,13
28781,134,134,0
28782,155,153,2
28783,151,149,2
28784,46,46,0
28785,353,351,2
28786,321,315,6
28787,126,125,1
28788,264,258,6
28789,664,649,15
28790,407,401,6
28791,159,159,0
28792,82,81,1
28793,159,157,2
28794,86,85,1
28795,139,137,2
28796,165,160,5
28797,133,128,5
28798,104,101,3
28799,169,168,1
28800,68,67,1
28801,201,196,5
28802,270,262,8
28803,92,88,4
28804,198,196,2
28805,255,244,11
28806,507,495,12
28807,410,406,4
28808,159,158,1
28809,187,186,1
28810,141,136,5
28811,445,442,3
28812,217,204,13
28813,240,236,4
28814,435,423,12
28815,185,182,3
28816,141,141,0
28817,132,130,2
28818,620,608,12
28819,204,203,1
28820,516,514,2
28821,318,309,9
28822,91,90,1
28823,93,93,0
28824,147,146,1
28825,257,255,2
28826,279,277,2
28827,431,421,10
28828,154,154,0
28829,146,144,2
28830,281,275,6
28831,580,567,13
28832,535,529,6
28833,189,186,3
28834,145,142,3
28835,210,208,2
28836,51,51,0
28837,120,120,0
28838,171,167,4
28839,139,137,2
28840,252,250,2
28841,171,163,8
28842,584,580,4
28843,156,153,3
28844,201,195,6
28845,240,233,7
28846,314,303,11
28847,212,207,5
28848,165,164,1
28849,239,228,11
28850,118,116,2
28851,137,135,2
28852,201,195,6
28853,214,213,1
28854,131,129,2
28855,154,151,3
28856,225,220,5
28857,14,14,0
28858,65,63,2
28859,52,52,0
28860,69,69,0
28861,211,209,2
28862,116,116,0
28863,129,127,2
28864,178,177,1
28865,158,155,3
28866,681,657,24
28867,346,342,4
28868,203,198,5
28869,134,133,1
28870,199,197,2
28871,83,82,1
28872,127,127,0
28873,64,63,1
28874,142,142,0
28875,56,53,3
28876,285,284,1
28877,168,165,3
28878,100,98,2
28879,119,111,8
28880,137,134,3
28881,201,199,2
28882,575,557,18
28883,205,202,3
28884,185,182,3
28885,194,189,5
28886,138,138,0
28887,565,560,5
28888,155,153,2
28889,257,253,4
28890,521,509,12
28891,144,140,4
28892,150,143,7
28893,352,338,14
28894,148,147,1
28895,284,277,7
28896,133,133,0
28897,136,134,2
28898,371,367,4
28899,134,133,1
28900,118,118,0
28901,153,150,3
28902,543,531,12
28903,261,259,2
28904,212,207,5
28905,566,551,15
28906,489,485,4
28907,185,183,2
28908,129,125,4
28909,516,498,18
28910,488,484,4
28911,723,704,19
28912,755,737,18
28913,187,181,6
28914,205,202,3
28915,164,161,3
28916,187,185,2
28917,985,960,25
28918,131,131,0
28919,132,127,5
28920,193,192,1
28921,40,38,2
28922,204,195,9
28923,234,229,5
28924,169,166,3
28925,28,28,0
28926,104,103,1
28927,113,112,1
28928,170,170,0
28929,168,164,4
28930,419,415,4
28931,226,223,3
28932,125,124,1
28933,618,611,7
28934,133,133,0
28935,172,170,2
28936,74,72,2
28937,145,144,1
28938,314,305,9
28939,138,137,1
28940,87,85,2
28941,195,194,1
28942,137,137,0
28943,162,161,1
28944,412,407,5
28945,84,81,3
28946,60,59,1
28947,215,207,8
28948,665,639,26
28949,189,188,1
28950,211,195,16
28951,242,242,0
28952,50,50,0
28953,58,57,1
28954,86,85,1
28955,190,183,7
28956,41,41,0
28957,159,156,3
28958,88,87,1
28959,169,168,1
28960,97,94,3
28961,65,65,0
28962,125,124,1
28963,113,111,2
28964,151,148,3
28965,162,162,0
28966,101,98,3
28967,176,174,2
28968,119,119,0
28969,118,116,2
28970,220,216,4
28971,123,119,4
28972,247,242,5
28973,168,167,1
28974,82,82,0
28975,286,282,4
28976,251,241,10
28977,122,117,5
28978,205,198,7
28979,181,178,3
28980,502,501,1
28981,247,244,3
28982,98,98,0
28983,142,138,4
28984,421,419,2
28985,129,129,0
28986,418,413,5
28987,137,134,3
28988,204,200,4
28989,141,139,2
28990,99,97,2
28991,160,159,1
28992,124,124,0
28993,257,257,0
28994,119,119,0
28995,256,250,6
28996,244,235,9
28997,242,239,3
28998,565,560,5
28999,308,304,4
29000,793,780,13
29001,328,321,7
29002,339,339,0
29003,86,84,2
29004,215,214,1
29005,60,59,1
29006,166,162,4
29007,116,112,4
29008,164,162,2
29009,123,123,0
29010,132,131,1
29011,362,359,3
29012,35,32,3
29013,409,392,17
29014,112,109,3
29015,318,311,7
29016,151,151,0
29017,223,221,2
29018,197,189,8
29019,181,175,6
29020,124,116,8
29021,343,335,8
29022,389,380,9
29023,153,150,3
29024,731,706,25
29025,149,146,3
29026,143,135,8
29027,283,277,6
29028,319,303,16
29029,136,132,4
29030,267,254,13
29031,127,127,0
29032,176,174,2
29033,143,141,2
29034,147,147,0
29035,161,160,1
29036,358,349,9
29037,122,122,0
29038,158,156,2
29039,335,330,5
29040,136,135,1
29041,131,131,0
29042,147,145,2
29043,151,145,6
29044,125,123,2
29045,119,118,1
29046,129,123,6
29047,139,132,7
29048,135,135,0
29049,137,135,2
29050,143,138,5
29051,171,170,1
29052,173,170,3
29053,140,137,3
29054,97,95,2
29055,90,80,10
29056,134,133,1
29057,179,179,0
29058,512,507,5
29059,94,90,4
29060,125,124,1
29061,355,339,16
29062,140,139,1
29063,41,40,1
29064,75,75,0
29065,124,124,0
29066,286,280,6
29067,155,150,5
29068,319,314,5
29069,115,113,2
29070,230,222,8
29071,116,112,4
29072,74,72,2
29073,159,151,8
29074,221,214,7
29075,62,60,2
29076,124,123,1
29077,206,203,3
29078,240,239,1
29079,204,202,2
29080,169,168,1
29081,571,567,4
29082,90,88,2
29083,260,260,0
29084,190,190,0
29085,124,123,1
29086,160,152,8
29087,300,297,3
29088,170,166,4
29089,350,339,11
29090,215,212,3
29091,241,230,11
29092,180,178,2
29093,100,95,5
29094,386,365,21
29095,92,90,2
29096,128,113,15
29097,110,109,1
29098,94,94,0
29099,499,490,9
29100,129,128,1
29101,104,104,0
29102,139,138,1
29103,144,141,3
29104,184,182,2
29105,108,104,4
29106,106,106,0
29107,239,238,1
29108,177,171,6
29109,200,198,2
29110,441,435,6
29111,61,61,0
29112,85,81,4
29113,105,102,3
29114,218,214,4
29115,262,258,4
29116,146,146,0
29117,144,140,4
29118,185,184,1
29119,216,212,4
29120,157,154,3
29121,415,412,3
29122,200,194,6
29123,201,195,6
29124,260,258,2
29125,127,125,2
29126,271,267,4
29127,189,178,11
29128,191,184,7
29129,175,172,3
29130,141,138,3
29131,222,219,3
29132,560,545,15
29133,358,351,7
29134,349,345,4
29135,44,43,1
29136,148,148,0
29137,114,114,0
29138,408,403,5
29139,120,119,1
29140,165,162,3
29141,300,294,6
29142,117,115,2
29143,379,373,6
29144,192,192,0
29145,707,704,3
29146,179,176,3
29147,201,200,1
29148,234,232,2
29149,116,116,0
29150,273,273,0
29151,224,224,0
29152,470,464,6
29153,136,125,11
29154,214,210,4
29155,775,770,5
29156,201,201,0
29157,655,651,4
29158,401,396,5
29159,919,891,28
29160,285,273,12
29161,58,58,0
29162,199,192,7
29163,94,93,1
29164,55,55,0
29165,690,671,19
29166,612,600,12
29167,167,164,3
29168,55,54,1
29169,62,61,1
29170,130,129,1
29171,205,203,2
29172,122,118,4
29173,50,50,0
29174,161,151,10
29175,644,628,16
29176,273,270,3
29177,117,113,4
29178,263,261,2
29179,234,228,6
29180,202,199,3
29181,431,424,7
29182,373,352,21
29183,223,222,1
29184,113,112,1
29185,136,132,4
29186,118,117,1
29187,403,401,2
29188,136,135,1
29189,156,155,1
29190,94,92,2
29191,124,117,7
29192,99,94,5
29193,265,260,5
29194,886,841,45
29195,560,544,16
29196,183,180,3
29197,128,127,1
29198,195,192,3
29199,485,477,8
29200,302,296,6
29201,280,270,10
29202,107,106,1
29203,159,154,5
29204,136,134,2
29205,225,222,3
29206,190,184,6
29207,189,185,4
29208,108,104,4
29209,267,257,10
29210,64,63,1
29211,145,143,2
29212,201,201,0
29213,72,71,1
29214,162,160,2
29215,112,112,0
29216,194,188,6
29217,131,125,6
29218,272,270,2
29219,206,205,1
29220,167,161,6
29221,61,60,1
29222,201,201,0
29223,527,511,16
29224,866,850,16
29225,185,185,0
29226,317,307,10
29227,336,329,7
29228,115,112,3
29229,632,610,22
29230,160,151,9
29231,328,324,4
29232,80,79,1
29233,111,110,1
29234,194,190,4
29235,384,382,2
29236,307,304,3
29237,817,802,15
29238,177,177,0
29239,233,231,2
29240,227,224,3
29241,759,745,14
29242,138,137,1
29243,214,206,8
29244,165,161,4
29245,398,385,13
29246,197,192,5
29247,142,142,0
29248,142,141,1
29249,231,229,2
29250,228,221,7
29251,315,313,2
29252,213,208,5
29253,535,532,3
29254,102,102,0
29255,605,590,15
29256,837,827,10
29257,315,311,4
29258,789,773,16
29259,204,200,4
29260,162,158,4
29261,257,252,5
29262,184,181,3
29263,138,137,1
29264,175,171,4
29265,81,79,2
29266,221,216,5
29267,79,78,1
29268,47,47,0
29269,113,110,3
29270,126,125,1
29271,189,189,0
29272,244,241,3
29273,211,211,0
29274,141,138,3
29275,290,281,9
29276,110,109,1
29277,203,203,0
29278,93,93,0
29279,160,155,5
29280,59,57,2
29281,144,139,5
29282,412,403,9
29283,194,193,1
29284,274,271,3
29285,339,322,17
29286,71,68,3
29287,143,137,6
29288,49,49,0
29289,133,128,5
29290,340,328,12
29291,241,237,4
29292,225,216,9
29293,180,171,9
29294,98,86,12
29295,175,171,4
29296,301,284,17
29297,152,149,3
29298,312,300,12
29299,52,51,1
29300,349,326,23
29301,197,189,8
29302,571,539,32
29303,137,137,0
29304,127,127,0
29305,165,164,1
29306,146,146,0
29307,285,281,4
29308,150,148,2
29309,123,118,5
29310,148,147,1
29311,54,53,1
29312,49,49,0
29313,123,122,1
29314,113,111,2
29315,138,134,4
29316,89,87,2
29317,218,215,3
29318,126,126,0
29319,148,142,6
29320,73,70,3
29321,59,59,0
29322,178,174,4
29323,448,441,7
29324,185,183,2
29325,395,391,4
29326,62,62,0
29327,115,113,2
29328,527,522,5
29329,310,306,4
29330,134,133,1
29331,177,175,2
29332,119,117,2
29333,723,721,2
29334,178,177,1
29335,314,313,1
29336,647,639,8
29337,979,974,5
29338,599,593,6
29339,1002,995,7
29340,444,443,1
29341,389,382,7
29342,116,116,0
29343,104,104,0
29344,530,528,2
29345,246,244,2
29346,227,227,0
29347,306,304,2
29348,215,214,1
29349,523,521,2
29350,568,562,6
29351,238,236,2
29352,428,425,3
29353,188,185,3
29354,121,118,3
29355,238,234,4
29356,513,499,14
29357,195,195,0
29358,155,154,1
29359,131,131,0
29360,90,88,2
29361,142,141,1
29362,183,182,1
29363,135,133,2
29364,254,247,7
29365,162,157,5
29366,122,122,0
29367,352,339,13
29368,129,123,6
29369,256,248,8
29370,126,126,0
29371,174,171,3
29372,129,129,0
29373,288,285,3
29374,163,157,6
29375,143,141,2
29376,359,348,11
29377,396,394,2
29378,296,295,1
29379,144,144,0
29380,131,131,0
29381,168,166,2
29382,193,188,5
29383,152,149,3
29384,254,252,2
29385,126,122,4
29386,460,452,8
29387,179,171,8
29388,97,96,1
29389,144,142,2
29390,52,50,2
29391,145,143,2
29392,347,344,3
29393,179,177,2
29394,141,140,1
29395,173,171,2
29396,113,113,0
29397,162,160,2
29398,401,398,3
29399,168,166,2
29400,205,203,2
29401,268,267,1
29402,377,374,3
29403,137,132,5
29404,359,353,6
29405,152,149,3
29406,241,228,13
29407,120,114,6
29408,304,295,9
29409,501,477,24
29410,487,475,12
29411,222,199,23
29412,384,365,19
29413,364,350,14
29414,164,162,2
29415,371,364,7
29416,114,114,0
29417,165,160,5
29418,397,385,12
29419,769,754,15
29420,245,224,21
29421,169,167,2
29422,244,237,7
29423,133,129,4
29424,934,889,45
29425,322,311,11
29426,587,567,20
29427,493,476,17
29428,219,212,7
29429,128,125,3
29430,796,773,23
29431,138,134,4
29432,49,46,3
29433,145,141,4
29434,130,127,3
29435,78,76,2
29436,117,114,3
29437,250,233,17
29438,152,150,2
29439,246,243,3
29440,164,157,7
29441,251,237,14
29442,147,142,5
29443,177,170,7
29444,168,157,11
29445,48,47,1
29446,91,89,2
29447,139,138,1
29448,132,128,4
29449,136,130,6
29450,326,316,10
29451,56,55,1
29452,1079,1072,7
29453,238,227,11
29454,199,196,3
29455,160,160,0
29456,149,147,2
29457,328,325,3
29458,359,352,7
29459,116,110,6
29460,227,222,5
29461,141,140,1
29462,157,156,1
29463,149,149,0
29464,161,160,1
29465,208,205,3
29466,142,141,1
29467,137,136,1
29468,180,177,3
29469,140,140,0
29470,152,152,0
29471,160,160,0
29472,146,143,3
29473,65,65,0
29474,140,140,0
29475,55,55,0
29476,65,64,1
29477,254,249,5
29478,144,142,2
29479,144,142,2
29480,44,41,3
29481,101,99,2
29482,47,45,2
29483,112,109,3
29484,54,53,1
29485,79,79,0
29486,75,74,1
29487,127,126,1
29488,168,165,3
29489,102,102,0
29490,234,231,3
29491,130,128,2
29492,186,185,1
29493,337,311,26
29494,281,270,11
29495,442,434,8
29496,165,160,5
29497,186,186,0
29498,154,153,1
29499,136,135,1
29500,361,354,7
29501,357,354,3
29502,623,610,13
29503,299,282,17
29504,238,236,2
29505,153,152,1
29506,132,128,4
29507,424,420,4
29508,165,165,0
29509,140,140,0
29510,174,169,5
29511,260,254,6
29512,174,166,8
29513,154,150,4
29514,301,299,2
29515,163,158,5
29516,281,271,10
29517,1002,970,32
29518,134,132,2
29519,146,145,1
29520,461,451,10
29521,114,113,1
29522,158,156,2
29523,135,133,2
29524,136,134,2
29525,123,123,0
29526,196,193,3
29527,39,38,1
29528,131,130,1
29529,54,53,1
29530,1045,1019,26
29531,84,83,1
29532,766,751,15
29533,314,308,6
29534,1006,971,35
29535,195,194,1
29536,131,131,0
29537,127,127,0
29538,427,419,8
29539,267,263,4
29540,112,108,4
29541,173,161,12
29542,86,85,1
29543,423,417,6
29544,170,161,9
29545,100,96,4
29546,261,257,4
29547,34,32,2
29548,202,197,5
29549,176,173,3
29550,256,250,6
29551,355,349,6
29552,411,407,4
29553,192,181,11
29554,150,148,2
29555,152,142,10
29556,292,286,6
29557,100,97,3
29558,959,922,37
29559,293,287,6
29560,174,170,4
29561,694,677,17
29562,426,418,8
29563,553,544,9
29564,333,327,6
29565,278,275,3
29566,213,213,0
29567,604,580,24
29568,177,175,2
29569,700,683,17
29570,271,270,1
29571,350,344,6
29572,198,193,5
29573,121,119,2
29574,151,150,1
29575,108,107,1
29576,226,219,7
29577,133,133,0
29578,224,221,3
29579,137,137,0
29580,178,177,1
29581,353,352,1
29582,229,219,10
29583,135,131,4
29584,243,241,2
29585,194,191,3
29586,198,193,5
29587,161,157,4
29588,400,391,9
29589,71,70,1
29590,128,128,0
29591,116,112,4
29592,228,225,3
29593,239,235,4
29594,143,141,2
29595,90,88,2
29596,179,174,5
29597,137,136,1
29598,335,326,9
29599,388,386,2
29600,173,170,3
29601,43,42,1
29602,193,193,0
29603,207,206,1
29604,539,535,4
29605,140,134,6
29606,231,228,3
29607,187,183,4
29608,519,508,11
29609,165,165,0
29610,222,220,2
29611,166,163,3
29612,143,138,5
29613,97,97,0
29614,129,126,3
29615,241,230,11
29616,1006,951,55
29617,265,265,0
29618,413,394,19
29619,125,112,13
29620,115,111,4
29621,287,283,4
29622,530,495,35
29623,113,111,2
29624,537,526,11
29625,335,328,7
29626,97,93,4
29627,628,602,26
29628,316,299,17
29629,308,305,3
29630,378,363,15
29631,102,102,0
29632,386,382,4
29633,44,42,2
29634,298,284,14
29635,266,254,12
29636,887,865,22
29637,558,528,30
29638,761,740,21
29639,149,142,7
29640,137,130,7
29641,136,130,6
29642,119,116,3
29643,260,259,1
29644,1006,975,31
29645,177,171,6
29646,126,124,2
29647,126,122,4
29648,139,136,3
29649,328,317,11
29650,136,132,4
29651,290,285,5
29652,803,785,18
29653,598,587,11
29654,117,114,3
29655,151,150,1
29656,179,178,1
29657,121,117,4
29658,289,286,3
29659,132,131,1
29660,189,188,1
29661,328,324,4
29662,191,191,0
29663,142,142,0
29664,130,130,0
29665,230,230,0
29666,289,287,2
29667,215,215,0
29668,105,105,0
29669,357,353,4
29670,123,123,0
29671,106,104,2
29672,834,820,14
29673,1010,963,47
29674,167,165,2
29675,275,268,7
29676,325,319,6
29677,76,74,2
29678,157,155,2
29679,137,136,1
29680,326,325,1
29681,256,250,6
29682,139,137,2
29683,78,78,0
29684,52,52,0
29685,137,136,1
29686,326,325,1
29687,131,129,2
29688,37,37,0
29689,125,123,2
29690,48,48,0
29691,130,130,0
29692,123,122,1
29693,125,123,2
29694,126,126,0
29695,340,339,1
29696,1029,1021,8
29697,115,113,2
29698,138,137,1
29699,154,154,0
29700,120,117,3
29701,364,361,3
29702,233,229,4
29703,616,610,6
29704,120,118,2
29705,108,108,0
29706,195,193,2
29707,134,132,2
29708,312,309,3
29709,122,120,2
29710,119,118,1
29711,170,169,1
29712,279,275,4
29713,163,159,4
29714,462,457,5
29715,141,139,2
29716,183,183,0
29717,142,140,2
29718,193,189,4
29719,226,222,4
29720,516,516,0
29721,76,76,0
29722,311,307,4
29723,264,262,2
29724,164,161,3
29725,242,237,5
29726,46,46,0
29727,174,174,0
29728,118,118,0
29729,131,130,1
29730,152,152,0
29731,301,297,4
29732,156,155,1
29733,215,214,1
29734,148,146,2
29735,109,108,1
29736,274,269,5
29737,409,405,4
29738,121,117,4
29739,174,170,4
29740,205,204,1
29741,194,190,4
29742,153,149,4
29743,722,695,27
29744,317,315,2
29745,191,186,5
29746,179,170,9
29747,199,197,2
29748,356,346,10
29749,127,127,0
29750,493,488,5
29751,576,572,4
29752,170,167,3
29753,277,273,4
29754,375,368,7
29755,616,614,2
29756,354,350,4
29757,503,499,4
29758,140,138,2
29759,198,195,3
29760,750,720,30
29761,161,157,4
29762,143,141,2
29763,140,140,0
29764,128,128,0
29765,143,137,6
29766,137,136,1
29767,112,110,2
29768,89,87,2
29769,142,134,8
29770,589,566,23
29771,195,191,4
29772,191,183,8
29773,168,159,9
29774,164,163,1
29775,103,99,4
29776,128,123,5
29777,750,746,4
29778,176,172,4
29779,130,127,3
29780,267,256,11
29781,122,121,1
29782,313,307,6
29783,352,349,3
29784,292,288,4
29785,143,137,6
29786,235,232,3
29787,40,40,0
29788,969,963,6
29789,99,98,1
29790,75,74,1
29791,77,77,0
29792,47,47,0
29793,64,63,1
29794,124,123,1
29795,86,86,0
29796,202,195,7
29797,55,55,0
29798,102,100,2
29799,788,783,5
29800,158,150,8
29801,233,228,5
29802,61,60,1
29803,257,249,8
29804,102,101,1
29805,135,135,0
29806,71,68,3
29807,110,109,1
29808,142,141,1
29809,136,136,0
29810,990,987,3
29811,236,236,0
29812,167,163,4
29813,451,443,8
29814,166,166,0
29815,107,106,1
29816,251,249,2
29817,74,74,0
29818,890,860,30
29819,189,187,2
29820,647,628,19
29821,355,352,3
29822,508,499,9
29823,607,599,8
29824,426,419,7
29825,986,966,20
29826,176,174,2
29827,198,196,2
29828,322,315,7
29829,323,308,15
29830,315,300,15
29831,189,189,0
29832,501,493,8
29833,202,195,7
29834,263,258,5
29835,497,487,10
29836,137,135,2
29837,355,351,4
29838,124,124,0
29839,1003,971,32
29840,253,252,1
29841,321,312,9
29842,144,142,2
29843,338,335,3
29844,238,235,3
29845,108,107,1
29846,123,123,0
29847,167,164,3
29848,286,277,9
29849,196,192,4
29850,122,120,2
29851,53,51,2
29852,398,391,7
29853,170,169,1
29854,161,160,1
29855,130,128,2
29856,208,204,4
29857,230,228,2
29858,523,509,14
29859,743,738,5
29860,380,374,6
29861,459,455,4
29862,480,473,7
29863,116,115,1
29864,561,553,8
29865,133,132,1
29866,333,329,4
29867,160,157,3
29868,191,190,1
29869,225,219,6
29870,254,249,5
29871,95,93,2
29872,217,212,5
29873,598,583,15
29874,187,181,6
29875,113,112,1
29876,373,368,5
29877,841,822,19
29878,567,555,12
29879,353,349,4
29880,704,694,10
29881,331,320,11
29882,206,205,1
29883,91,88,3
29884,106,104,2
29885,127,126,1
29886,152,151,1
29887,112,110,2
29888,250,246,4
29889,168,168,0
29890,131,129,2
29891,170,169,1
29892,174,174,0
29893,179,178,1
29894,134,131,3
29895,280,280,0
29896,205,205,0
29897,160,159,1
29898,234,234,0
29899,570,566,4
29900,296,294,2
29901,297,296,1
29902,297,296,1
29903,296,294,2
29904,214,214,0
29905,184,179,5
29906,184,182,2
29907,170,170,0
29908,144,143,1
29909,659,657,2
29910,294,289,5
29911,188,185,3
29912,207,203,4
29913,35,35,0
29914,158,154,4
29915,197,196,1
29916,172,170,2
29917,117,117,0
29918,191,186,5
29919,117,116,1
29920,125,125,0
29921,426,423,3
29922,131,127,4
29923,137,135,2
29924,131,130,1
29925,184,180,4
29926,124,121,3
29927,135,130,5
29928,59,59,0
29929,133,133,0
29930,63,62,1
29931,168,161,7
29932,540,536,4
29933,119,119,0
29934,140,140,0
29935,250,247,3
29936,194,193,1
29937,201,197,4
29938,287,286,1
29939,348,346,2
29940,122,120,2
29941,105,104,1
29942,134,132,2
29943,381,377,4
29944,446,439,7
29945,135,135,0
29946,182,181,1
29947,108,107,1
29948,119,119,0
29949,203,202,1
29950,164,164,0
29951,121,118,3
29952,212,207,5
29953,177,171,6
29954,154,150,4
29955,205,201,4
29956,132,130,2
29957,168,168,0
29958,165,165,0
29959,172,171,1
29960,137,136,1
29961,126,124,2
29962,203,201,2
29963,230,228,2
29964,136,135,1
29965,153,152,1
29966,72,69,3
29967,155,154,1
29968,123,120,3
29969,201,199,2
29970,165,163,2
29971,224,224,0
29972,166,163,3
29973,177,171,6
29974,233,224,9
29975,182,178,4
29976,329,315,14
29977,576,570,6
29978,125,119,6
29979,41,40,1
29980,77,76,1
29981,175,174,1
29982,161,160,1
29983,554,532,22
29984,126,126,0
29985,172,171,1
29986,221,218,3
29987,220,210,10
29988,648,616,32
29989,633,615,18
29990,367,356,11
29991,151,146,5
29992,98,92,6
29993,52,50,2
29994,183,181,2
29995,71,70,1
29996,326,322,4
29997,65,62,3
29998,64,63,1
29999,171,158,13
30000,110,110,0
30001,126,126,0
30002,194,192,2
30003,287,285,2
30004,123,119,4
30005,188,188,0
30006,171,169,2
30007,266,251,15
30008,146,137,9
30009,132,131,1
30010,134,131,3
30011,625,616,9
30012,160,156,4
30013,234,228,6
30014,122,122,0
30015,144,143,1
30016,444,439,5
30017,75,75,0
30018,103,102,1
30019,347,339,8
30020,261,255,6
30021,144,138,6
30022,693,672,21
30023,250,246,4
30024,190,188,2
30025,607,595,12
30026,50,50,0
30027,135,134,1
30028,203,201,2
30029,103,100,3
30030,203,201,2
30031,108,108,0
30032,39,38,1
30033,352,350,2
30034,329,321,8
30035,114,110,4
30036,138,136,2
30037,151,151,0
30038,126,124,2
30039,314,306,8
30040,48,48,0
30041,280,256,24
30042,151,145,6
30043,66,63,3
30044,292,281,11
30045,130,125,5
30046,140,140,0
30047,240,234,6
30048,249,245,4
30049,119,118,1
30050,108,107,1
30051,161,161,0
30052,200,200,0
30053,124,122,2
30054,188,183,5
30055,448,430,18
30056,164,145,19
30057,217,214,3
30058,51,48,3
30059,141,141,0
30060,61,56,5
30061,85,84,1
30062,175,171,4
30063,111,109,2
30064,202,195,7
30065,138,135,3
30066,114,108,6
30067,300,296,4
30068,273,264,9
30069,146,143,3
30070,335,323,12
30071,145,145,0
30072,310,305,5
30073,327,326,1
30074,562,554,8
30075,319,314,5
30076,319,312,7
30077,165,160,5
30078,604,599,5
30079,106,102,4
30080,484,471,13
30081,199,195,4
30082,157,154,3
30083,45,43,2
30084,105,105,0
30085,108,107,1
30086,41,41,0
30087,146,145,1
30088,125,119,6
30089,169,165,4
30090,110,110,0
30091,315,308,7
30092,295,288,7
30093,133,130,3
30094,135,131,4
30095,109,108,1
30096,142,137,5
30097,281,270,11
30098,402,394,8
30099,189,180,9
30100,197,193,4
30101,127,124,3
30102,45,43,2
30103,142,138,4
30104,903,892,11
30105,30,30,0
30106,195,189,6
30107,545,534,11
30108,407,394,13
30109,57,56,1
30110,139,134,5
30111,123,119,4
30112,216,215,1
30113,276,272,4
30114,152,151,1
30115,691,685,6
30116,285,271,14
30117,571,557,14
30118,130,128,2
30119,176,174,2
30120,280,273,7
30121,162,159,3
30122,65,65,0
30123,47,47,0
30124,123,122,1
30125,171,164,7
30126,958,934,24
30127,188,183,5
30128,202,197,5
30129,227,226,1
30130,364,361,3
30131,321,318,3
30132,119,116,3
30133,710,705,5
30134,468,462,6
30135,250,248,2
30136,666,664,2
30137,376,373,3
30138,424,419,5
30139,62,61,1
30140,323,319,4
30141,149,146,3
30142,126,123,3
30143,574,535,39
30144,291,280,11
30145,127,125,2
30146,126,126,0
30147,200,197,3
30148,426,420,6
30149,68,68,0
30150,69,69,0
30151,191,179,12
30152,133,132,1
30153,242,235,7
30154,306,290,16
30155,592,571,21
30156,50,50,0
30157,196,195,1
30158,130,130,0
30159,136,136,0
30160,103,101,2
30161,212,210,2
30162,158,155,3
30163,992,967,25
30164,124,124,0
30165,147,146,1
30166,197,191,6
30167,119,119,0
30168,194,194,0
30169,132,132,0
30170,187,183,4
30171,148,144,4
30172,197,197,0
30173,133,127,6
30174,100,96,4
30175,107,101,6
30176,404,397,7
30177,276,266,10
30178,167,167,0
30179,306,302,4
30180,128,127,1
30181,535,532,3
30182,136,129,7
30183,124,122,2
30184,241,238,3
30185,94,85,9
30186,162,159,3
30187,140,140,0
30188,570,551,19
30189,115,113,2
30190,244,231,13
30191,139,139,0
30192,222,216,6
30193,169,165,4
30194,309,302,7
30195,151,151,0
30196,198,197,1
30197,125,125,0
30198,64,64,0
30199,191,187,4
30200,183,176,7
30201,258,257,1
30202,58,58,0
30203,179,177,2
30204,184,174,10
30205,203,200,3
30206,114,114,0
30207,260,257,3
30208,498,483,15
30209,171,167,4
30210,550,538,12
30211,303,296,7
30212,266,255,11
30213,489,473,16
30214,105,104,1
30215,197,195,2
30216,177,170,7
30217,44,44,0
30218,297,294,3
30219,61,61,0
30220,121,121,0
30221,138,135,3
30222,115,113,2
30223,49,49,0
30224,322,316,6
30225,300,292,8
30226,116,110,6
30227,182,179,3
30228,170,170,0
30229,137,135,2
30230,123,123,0
30231,147,146,1
30232,410,396,14
30233,120,116,4
30234,133,133,0
30235,400,395,5
30236,508,501,7
30237,182,180,2
30238,170,170,0
30239,503,493,10
30240,159,159,0
30241,189,187,2
30242,112,109,3
30243,152,148,4
30244,147,143,4
30245,180,177,3
30246,180,179,1
30247,198,195,3
30248,101,100,1
30249,519,509,10
30250,211,206,5
30251,220,208,12
30252,314,310,4
30253,144,141,3
30254,377,369,8
30255,307,303,4
30256,209,205,4
30257,140,138,2
30258,280,274,6
30259,335,332,3
30260,168,165,3
30261,332,328,4
30262,98,95,3
30263,457,451,6
30264,368,355,13
30265,316,306,10
30266,81,80,1
30267,144,141,3
30268,201,198,3
30269,190,189,1
30270,151,151,0
30271,105,103,2
30272,204,202,2
30273,25,23,2
30274,126,126,0
30275,108,108,0
30276,150,148,2
30277,210,204,6
30278,218,209,9
30279,125,124,1
30280,258,254,4
30281,141,140,1
30282,80,76,4
30283,73,71,2
30284,63,63,0
30285,74,73,1
30286,131,131,0
30287,138,136,2
30288,103,100,3
30289,142,142,0
30290,163,163,0
30291,362,358,4
30292,225,223,2
30293,161,159,2
30294,270,267,3
30295,131,128,3
30296,178,172,6
30297,114,114,0
30298,177,174,3
30299,84,82,2
30300,239,234,5
30301,130,125,5
30302,139,133,6
30303,312,304,8
30304,258,254,4
30305,235,225,10
30306,406,398,8
30307,77,77,0
30308,198,197,1
30309,219,214,5
30310,99,98,1
30311,541,522,19
30312,380,370,10
30313,418,406,12
30314,119,117,2
30315,240,233,7
30316,179,174,5
30317,65,65,0
30318,90,90,0
30319,224,224,0
30320,142,142,0
30321,115,114,1
30322,225,222,3
30323,39,39,0
30324,154,153,1
30325,141,141,0
30326,206,195,11
30327,173,173,0
30328,167,164,3
30329,130,130,0
30330,271,261,10
30331,208,196,12
30332,632,628,4
30333,607,587,20
30334,224,223,1
30335,178,177,1
30336,540,526,14
30337,189,182,7
30338,199,193,6
30339,778,743,35
30340,128,128,0
30341,879,843,36
30342,125,123,2
30343,522,511,11
30344,253,245,8
30345,445,420,25
30346,1005,945,60
30347,245,214,31
30348,474,462,12
30349,65,64,1
30350,203,202,1
30351,362,358,4
30352,465,456,9
30353,204,198,6
30354,434,420,14
30355,194,190,4
30356,287,285,2
30357,110,110,0
30358,197,196,1
30359,386,373,13
30360,79,77,2
30361,56,56,0
30362,702,683,19
30363,78,75,3
30364,136,135,1
30365,175,173,2
30366,93,93,0
30367,46,45,1
30368,129,129,0
30369,117,114,3
30370,56,56,0
30371,132,130,2
30372,126,124,2
30373,200,199,1
30374,141,140,1
30375,118,118,0
30376,633,626,7
30377,201,200,1
30378,84,81,3
30379,138,136,2
30380,150,150,0
30381,147,145,2
30382,185,185,0
30383,127,127,0
30384,44,44,0
30385,71,69,2
30386,105,105,0
30387,443,436,7
30388,202,196,6
30389,69,69,0
30390,151,149,2
30391,94,93,1
30392,285,280,5
30393,160,153,7
30394,98,97,1
30395,46,45,1
30396,105,104,1
30397,194,192,2
30398,317,315,2
30399,76,74,2
30400,37,37,0
30401,130,126,4
30402,311,305,6
30403,186,182,4
30404,66,66,0
30405,136,135,1
30406,429,421,8
30407,466,452,14
30408,138,134,4
30409,438,434,4
30410,66,62,4
30411,209,185,24
30412,117,110,7
30413,426,414,12
30414,96,95,1
30415,301,292,9
30416,223,204,19
30417,148,145,3
30418,482,474,8
30419,57,57,0
30420,151,150,1
30421,67,64,3
30422,182,178,4
30423,244,238,6
30424,170,164,6
30425,161,157,4
30426,187,182,5
30427,261,245,16
30428,60,57,3
30429,45,43,2
30430,128,127,1
30431,118,117,1
30432,110,105,5
30433,203,198,5
30434,97,97,0
30435,281,278,3
30436,122,120,2
30437,124,118,6
30438,128,122,6
30439,35,35,0
30440,124,118,6
30441,168,163,5
30442,134,130,4
30443,106,105,1
30444,292,277,15
30445,146,144,2
30446,137,133,4
30447,133,131,2
30448,135,134,1
30449,196,195,1
30450,104,101,3
30451,208,197,11
30452,264,257,7
30453,813,803,10
30454,43,43,0
30455,179,179,0
30456,171,170,1
30457,209,205,4
30458,131,130,1
30459,128,128,0
30460,452,437,15
30461,163,162,1
30462,215,207,8
30463,71,69,2
30464,66,66,0
30465,108,108,0
30466,203,200,3
30467,237,232,5
30468,182,178,4
30469,175,172,3
30470,69,69,0
30471,108,106,2
30472,136,136,0
30473,136,134,2
30474,165,165,0
30475,160,158,2
30476,173,173,0
30477,147,145,2
30478,305,303,2
30479,168,167,1
30480,194,191,3
30481,55,54,1
30482,184,182,2
30483,130,126,4
30484,273,267,6
30485,165,163,2
30486,442,436,6
30487,75,75,0
30488,172,168,4
30489,148,144,4
30490,76,75,1
30491,186,180,6
30492,145,144,1
30493,171,170,1
30494,150,147,3
30495,118,117,1
30496,264,262,2
30497,67,67,0
30498,413,411,2
30499,303,287,16
30500,101,101,0
30501,82,82,0
30502,121,121,0
30503,190,189,1
30504,127,124,3
30505,241,234,7
30506,277,276,1
30507,167,165,2
30508,134,132,2
30509,244,244,0
30510,221,220,1
30511,115,115,0
30512,287,276,11
30513,141,137,4
30514,160,158,2
30515,157,154,3
30516,160,157,3
30517,265,260,5
30518,130,130,0
30519,344,342,2
30520,46,46,0
30521,324,322,2
30522,305,301,4
30523,135,134,1
30524,190,190,0
30525,223,216,7
30526,31,31,0
30527,380,367,13
30528,298,297,1
30529,62,62,0
30530,469,462,7
30531,137,136,1
30532,385,384,1
30533,118,117,1
30534,127,127,0
30535,154,152,2
30536,143,139,4
30537,240,238,2
30538,376,373,3
30539,196,195,1
30540,104,104,0
30541,194,189,5
30542,168,167,1
30543,594,584,10
30544,645,639,6
30545,143,142,1
30546,253,253,0
30547,783,778,5
30548,236,231,5
30549,377,372,5
30550,746,738,8
30551,120,120,0
30552,157,156,1
30553,194,190,4
30554,211,206,5
30555,130,127,3
30556,148,145,3
30557,82,81,1
30558,187,185,2
30559,175,174,1
30560,348,346,2
30561,143,142,1
30562,168,168,0
30563,99,92,7
30564,138,137,1
30565,939,923,16
30566,223,216,7
30567,128,126,2
30568,125,122,3
30569,225,221,4
30570,512,505,7
30571,180,179,1
30572,134,131,3
30573,160,157,3
30574,114,112,2
30575,277,259,18
30576,279,276,3
30577,122,121,1
30578,70,67,3
30579,156,155,1
30580,120,118,2
30581,136,134,2
30582,175,166,9
30583,136,133,3
30584,132,128,4
30585,165,164,1
30586,258,250,8
30587,566,561,5
30588,165,162,3
30589,99,97,2
30590,387,378,9
30591,167,166,1
30592,272,266,6
30593,564,560,4
30594,165,163,2
30595,188,186,2
30596,201,199,2
30597,195,194,1
30598,534,532,2
30599,251,248,3
30600,193,192,1
30601,332,326,6
30602,94,91,3
30603,325,318,7
30604,612,603,9
30605,128,127,1
30606,214,213,1
30607,230,225,5
30608,145,144,1
30609,659,651,8
30610,172,170,2
30611,49,49,0
30612,2151,2088,63
30613,598,593,5
30614,149,149,0
30615,118,115,3
30616,396,382,14
30617,175,170,5
30618,81,81,0
30619,226,222,4
30620,53,53,0
30621,900,880,20
30622,57,56,1
30623,229,224,5
30624,253,250,3
30625,115,112,3
30626,71,70,1
30627,65,64,1
30628,678,675,3
30629,244,240,4
30630,96,96,0
30631,158,158,0
30632,996,981,15
30633,144,142,2
30634,232,230,2
30635,138,136,2
30636,746,742,4
30637,144,142,2
30638,196,194,2
30639,237,234,3
30640,379,366,13
30641,130,125,5
30642,346,337,9
30643,733,722,11
30644,525,511,14
30645,186,181,5
30646,265,256,9
30647,257,248,9
30648,130,128,2
30649,605,590,15
30650,133,127,6
30651,68,68,0
30652,63,63,0
30653,166,164,2
30654,947,937,10
30655,140,139,1
30656,120,120,0
30657,337,324,13
30658,504,492,12
30659,248,241,7
30660,196,195,1
30661,307,306,1
30662,215,203,12
30663,212,210,2
30664,379,367,12
30665,193,192,1
30666,252,249,3
30667,106,100,6
30668,323,317,6
30669,216,214,2
30670,110,103,7
30671,141,136,5
30672,272,264,8
30673,155,153,2
30674,186,181,5
30675,197,193,4
30676,341,336,5
30677,553,542,11
30678,139,134,5
30679,193,184,9
30680,369,363,6
30681,172,167,5
30682,150,147,3
30683,315,306,9
30684,471,465,6
30685,155,154,1
30686,294,290,4
30687,341,339,2
30688,403,401,2
30689,130,128,2
30690,210,208,2
30691,118,118,0
30692,203,194,9
30693,170,167,3
30694,145,142,3
30695,382,372,10
30696,287,282,5
30697,190,185,5
30698,223,221,2
30699,140,139,1
30700,102,100,2
30701,289,279,10
30702,462,453,9
30703,129,127,2
30704,628,610,18
30705,360,351,9
30706,202,194,8
30707,270,266,4
30708,561,538,23
30709,725,723,2
30710,141,139,2
30711,105,104,1
30712,47,46,1
30713,102,99,3
30714,50,50,0
30715,110,108,2
30716,132,130,2
30717,114,111,3
30718,133,131,2
30719,76,75,1
30720,783,760,23
30721,129,120,9
30722,50,50,0
30723,145,142,3
30724,135,128,7
30725,177,173,4
30726,221,219,2
30727,158,155,3
30728,206,204,2
30729,244,242,2
30730,127,127,0
30731,187,187,0
30732,69,64,5
30733,154,154,0
30734,197,196,1
30735,245,241,4
30736,249,244,5
30737,133,132,1
30738,302,298,4
30739,233,227,6
30740,133,130,3
30741,140,140,0
30742,192,191,1
30743,116,113,3
30744,381,376,5
30745,387,379,8
30746,193,190,3
30747,397,396,1
30748,291,289,2
30749,439,433,6
30750,117,114,3
30751,316,309,7
30752,473,470,3
30753,471,463,8
30754,139,139,0
30755,190,190,0
30756,956,933,23
30757,239,232,7
30758,160,158,2
30759,309,301,8
30760,223,215,8
30761,283,276,7
30762,121,120,1
30763,188,186,2
30764,322,319,3
30765,184,184,0
30766,220,219,1
30767,142,140,2
30768,371,370,1
30769,188,186,2
30770,731,717,14
30771,531,528,3
30772,279,275,4
30773,95,88,7
30774,427,422,5
30775,186,175,11
30776,616,610,6
30777,254,248,6
30778,141,141,0
30779,110,106,4
30780,179,178,1
30781,105,105,0
30782,145,143,2
30783,232,230,2
30784,171,169,2
30785,1400,1380,20
30786,103,97,6
30787,189,187,2
30788,141,141,0
30789,123,122,1
30790,189,188,1
30791,238,234,4
30792,143,143,0
30793,206,204,2
30794,167,165,2
30795,514,509,5
30796,161,160,1
30797,130,129,1
30798,146,144,2
30799,331,327,4
30800,633,617,16
30801,129,128,1
30802,263,261,2
30803,360,360,0
30804,117,117,0
30805,239,237,2
30806,155,155,0
30807,113,111,2
30808,280,278,2
30809,695,681,14
30810,141,140,1
30811,151,149,2
30812,30,30,0
30813,52,50,2
30814,24,24,0
30815,44,43,1
30816,170,169,1
30817,156,154,2
30818,130,130,0
30819,123,119,4
30820,686,668,18
30821,158,157,1
30822,266,265,1
30823,111,109,2
30824,827,812,15
30825,238,235,3
30826,828,812,16
30827,99,95,4
30828,176,173,3
30829,131,129,2
30830,88,86,2
30831,293,292,1
30832,287,282,5
30833,267,262,5
30834,563,544,19
30835,414,410,4
30836,438,427,11
30837,158,157,1
30838,525,523,2
30839,165,164,1
30840,300,296,4
30841,384,379,5
30842,152,148,4
30843,129,129,0
30844,85,83,2
30845,448,440,8
30846,140,140,0
30847,162,158,4
30848,123,122,1
30849,725,720,5
30850,174,171,3
30851,335,330,5
30852,210,209,1
30853,67,65,2
30854,502,494,8
30855,114,109,5
30856,245,234,11
30857,168,163,5
30858,424,414,10
30859,268,266,2
30860,192,186,6
30861,120,112,8
30862,178,178,0
30863,152,146,6
30864,142,141,1
30865,129,128,1
30866,226,222,4
30867,72,71,1
30868,327,320,7
30869,537,535,2
30870,239,238,1
30871,76,76,0
30872,218,213,5
30873,175,174,1
30874,132,127,5
30875,199,197,2
30876,139,135,4
30877,295,284,11
30878,239,238,1
30879,173,168,5
30880,317,315,2
30881,185,185,0
30882,171,169,2
30883,234,234,0
30884,31,31,0
30885,161,159,2
30886,110,107,3
30887,122,121,1
30888,129,126,3
30889,173,172,1
30890,2147,2109,38
30891,53,53,0
30892,313,309,4
30893,149,148,1
30894,56,55,1
30895,108,106,2
30896,222,219,3
30897,446,440,6
30898,152,149,3
30899,414,409,5
30900,98,97,1
30901,327,324,3
30902,228,228,0
30903,303,299,4
30904,384,384,0
30905,168,163,5
30906,599,586,13
30907,62,62,0
30908,213,209,4
30909,298,293,5
30910,251,248,3
30911,76,76,0
30912,1039,1032,7
30913,120,119,1
30914,67,66,1
30915,111,111,0
30916,115,114,1
30917,51,50,1
30918,121,119,2
30919,464,455,9
30920,186,182,4
30921,266,258,8
30922,245,242,3
30923,465,457,8
30924,158,151,7
30925,191,190,1
30926,122,122,0
30927,96,96,0
30928,176,171,5
30929,133,127,6
30930,130,127,3
30931,148,145,3
30932,201,196,5
30933,191,191,0
30934,169,167,2
30935,186,182,4
30936,284,281,3
30937,958,950,8
30938,220,220,0
30939,108,108,0
30940,115,113,2
30941,132,127,5
30942,130,127,3
30943,158,155,3
30944,107,103,4
30945,372,365,7
30946,107,104,3
30947,59,59,0
30948,128,127,1
30949,65,65,0
30950,112,109,3
30951,225,225,0
30952,72,72,0
30953,228,225,3
30954,71,70,1
30955,145,141,4
30956,320,308,12
30957,187,186,1
30958,312,307,5
30959,399,396,3
30960,153,152,1
30961,135,134,1
30962,169,157,12
30963,136,135,1
30964,270,264,6
30965,293,291,2
30966,54,53,1
30967,120,118,2
30968,252,248,4
30969,90,89,1
30970,393,392,1
30971,466,462,4
30972,106,105,1
30973,522,516,6
30974,137,136,1
30975,172,170,2
30976,121,120,1
30977,85,83,2
30978,160,159,1
30979,52,51,1
30980,112,111,1
30981,286,285,1
30982,170,170,0
30983,167,166,1
30984,501,494,7
30985,29,29,0
30986,112,109,3
30987,138,135,3
30988,298,273,25
30989,184,181,3
30990,385,384,1
30991,713,703,10
30992,296,293,3
30993,230,229,1
30994,148,141,7
30995,169,167,2
30996,137,135,2
30997,269,265,4
30998,160,160,0
30999,147,142,5
31000,443,439,4
31001,140,137,3
31002,356,350,6
31003,180,177,3
31004,766,760,6
31005,285,280,5
31006,209,205,4
31007,625,609,16
31008,196,191,5
31009,610,591,19
31010,49,49,0
31011,218,210,8
31012,664,648,16
31013,636,626,10
31014,200,197,3
31015,305,296,9
31016,87,86,1
31017,206,204,2
31018,158,154,4
31019,192,189,3
31020,228,221,7
31021,129,126,3
31022,192,191,1
31023,68,67,1
31024,180,180,0
31025,412,404,8
31026,258,256,2
31027,671,659,12
31028,91,91,0
31029,577,563,14
31030,225,225,0
31031,213,210,3
31032,88,88,0
31033,236,233,3
31034,130,130,0
31035,149,146,3
31036,90,90,0
31037,345,341,4
31038,507,505,2
31039,243,239,4
31040,242,240,2
31041,113,112,1
31042,70,69,1
31043,67,67,0
31044,287,284,3
31045,586,575,11
31046,645,633,12
31047,471,466,5
31048,493,490,3
31049,454,451,3
31050,834,825,9
31051,176,174,2
31052,1019,997,22
31053,329,311,18
31054,196,194,2
31055,138,135,3
31056,173,173,0
31057,287,285,2
31058,188,187,1
31059,249,241,8
31060,304,299,5
31061,218,214,4
31062,120,119,1
31063,742,712,30
31064,533,519,14
31065,200,194,6
31066,49,49,0
31067,170,166,4
31068,197,194,3
31069,741,724,17
31070,162,161,1
31071,147,146,1
31072,155,152,3
31073,128,122,6
31074,44,43,1
31075,211,207,4
31076,91,89,2
31077,54,51,3
31078,55,55,0
31079,68,67,1
31080,46,46,0
31081,107,107,0
31082,49,49,0
31083,180,175,5
31084,44,42,2
31085,70,68,2
31086,136,133,3
31087,73,73,0
31088,120,119,1
31089,47,47,0
31090,205,200,5
31091,138,129,9
31092,84,80,4
31093,233,227,6
31094,114,111,3
31095,288,276,12
31096,374,349,25
31097,151,145,6
31098,59,54,5
31099,116,115,1
31100,144,139,5
31101,148,143,5
31102,311,297,14
31103,658,632,26
31104,780,755,25
31105,81,80,1
31106,165,157,8
31107,50,50,0
31108,156,154,2
31109,302,298,4
31110,126,124,2
31111,967,950,17
31112,170,168,2
31113,708,687,21
31114,680,669,11
31115,111,111,0
31116,124,122,2
31117,227,225,2
31118,101,101,0
31119,117,115,2
31120,137,136,1
31121,87,87,0
31122,117,116,1
31123,221,218,3
31124,167,159,8
31125,143,142,1
31126,305,301,4
31127,115,115,0
31128,128,128,0
31129,204,204,0
31130,111,106,5
31131,659,653,6
31132,57,56,1
31133,126,125,1
31134,127,125,2
31135,139,139,0
31136,131,131,0
31137,240,240,0
31138,156,156,0
31139,131,131,0
31140,122,121,1
31141,128,126,2
31142,159,153,6
31143,122,121,1
31144,115,113,2
31145,368,365,3
31146,176,170,6
31147,421,415,6
31148,161,158,3
31149,424,412,12
31150,461,458,3
31151,261,259,2
31152,213,211,2
31153,204,204,0
31154,232,228,4
31155,454,452,2
31156,481,468,13
31157,247,244,3
31158,146,140,6
31159,487,480,7
31160,157,155,2
31161,198,198,0
31162,132,131,1
31163,218,216,2
31164,571,557,14
31165,112,110,2
31166,134,131,3
31167,121,115,6
31168,136,135,1
31169,271,268,3
31170,130,125,5
31171,119,115,4
31172,126,126,0
31173,116,115,1
31174,96,92,4
31175,241,239,2
31176,120,119,1
31177,142,140,2
31178,260,254,6
31179,68,67,1
31180,117,114,3
31181,179,174,5
31182,182,181,1
31183,130,125,5
31184,93,92,1
31185,204,202,2
31186,180,177,3
31187,298,296,2
31188,124,124,0
31189,273,273,0
31190,171,171,0
31191,199,195,4
31192,388,386,2
31193,185,181,4
31194,164,158,6
31195,126,123,3
31196,135,132,3
31197,205,201,4
31198,246,240,6
31199,173,170,3
31200,239,232,7
31201,212,206,6
31202,143,142,1
31203,189,185,4
31204,143,139,4
31205,85,82,3
31206,243,235,8
31207,340,333,7
31208,146,144,2
31209,660,625,35
31210,330,313,17
31211,130,128,2
31212,322,315,7
31213,180,171,9
31214,293,289,4
31215,144,142,2
31216,267,262,5
31217,282,276,6
31218,493,491,2
31219,128,127,1
31220,418,406,12
31221,108,105,3
31222,452,435,17
31223,239,238,1
31224,123,120,3
31225,140,139,1
31226,232,226,6
31227,161,159,2
31228,131,129,2
31229,150,147,3
31230,117,115,2
31231,987,973,14
31232,132,129,3
31233,174,169,5
31234,248,245,3
31235,70,68,2
31236,344,337,7
31237,161,158,3
31238,533,529,4
31239,334,327,7
31240,58,55,3
31241,298,284,14
31242,692,679,13
31243,130,128,2
31244,200,192,8
31245,464,451,13
31246,170,169,1
31247,235,233,2
31248,195,194,1
31249,177,176,1
31250,132,131,1
31251,404,400,4
31252,420,415,5
31253,76,72,4
31254,926,885,41
31255,283,278,5
31256,84,81,3
31257,88,87,1
31258,62,59,3
31259,250,242,8
31260,63,60,3
31261,156,154,2
31262,40,38,2
31263,51,50,1
31264,106,104,2
31265,67,66,1
31266,111,108,3
31267,245,243,2
31268,123,123,0
31269,168,165,3
31270,125,124,1
31271,55,55,0
31272,142,139,3
31273,173,167,6
31274,198,198,0
31275,167,164,3
31276,53,50,3
31277,287,276,11
31278,242,235,7
31279,908,902,6
31280,188,185,3
31281,188,185,3
31282,223,222,1
31283,79,78,1
31284,244,237,7
31285,119,118,1
31286,150,149,1
31287,236,233,3
31288,274,263,11
31289,149,145,4
31290,365,361,4
31291,618,611,7
31292,336,331,5
31293,242,231,11
31294,424,415,9
31295,884,859,25
31296,154,150,4
31297,154,150,4
31298,154,150,4
31299,77,73,4
31300,154,150,4
31301,175,171,4
31302,154,150,4
31303,130,123,7
31304,176,176,0
31305,153,152,1
31306,211,211,0
31307,371,366,5
31308,45,43,2
31309,175,175,0
31310,171,155,16
31311,173,173,0
31312,216,214,2
31313,126,125,1
31314,531,527,4
31315,574,569,5
31316,225,225,0
31317,332,331,1
31318,290,287,3
31319,768,753,15
31320,228,227,1
31321,179,177,2
31322,239,237,2
31323,748,730,18
31324,454,441,13
31325,508,487,21
31326,276,266,10
31327,170,166,4
31328,308,289,19
31329,147,145,2
31330,179,170,9
31331,284,279,5
31332,64,61,3
31333,102,96,6
31334,65,65,0
31335,169,162,7
31336,409,391,18
31337,357,349,8
31338,346,337,9
31339,274,265,9
31340,337,330,7
31341,142,140,2
31342,413,406,7
31343,114,114,0
31344,650,630,20
31345,104,99,5
31346,325,302,23
31347,100,99,1
31348,301,297,4
31349,268,248,20
31350,362,353,9
31351,205,196,9
31352,252,250,2
31353,261,258,3
31354,88,88,0
31355,101,100,1
31356,16,15,1
31357,93,93,0
31358,96,96,0
31359,129,128,1
31360,162,158,4
31361,80,80,0
31362,105,105,0
31363,195,193,2
31364,134,132,2
31365,100,97,3
31366,385,381,4
31367,110,108,2
31368,199,192,7
31369,47,47,0
31370,128,127,1
31371,140,137,3
31372,139,138,1
31373,144,144,0
31374,173,172,1
31375,275,273,2
31376,194,188,6
31377,258,258,0
31378,150,148,2
31379,142,140,2
31380,273,272,1
31381,149,148,1
31382,158,156,2
31383,224,218,6
31384,219,218,1
31385,195,195,0
31386,847,827,20
31387,178,175,3
31388,107,103,4
31389,89,86,3
31390,141,139,2
31391,165,165,0
31392,113,111,2
31393,830,804,26
31394,418,411,7
31395,873,858,15
31396,1031,991,40
31397,327,326,1
31398,200,199,1
31399,664,649,15
31400,404,381,23
31401,174,171,3
31402,413,410,3
31403,140,139,1
31404,132,129,3
31405,181,180,1
31406,240,240,0
31407,556,552,4
31408,138,138,0
31409,170,169,1
31410,154,148,6
31411,152,152,0
31412,192,188,4
31413,179,179,0
31414,224,223,1
31415,128,127,1
31416,113,109,4
31417,833,809,24
31418,130,129,1
31419,296,288,8
31420,206,204,2
31421,400,388,12
31422,118,115,3
31423,458,451,7
31424,289,288,1
31425,224,221,3
31426,191,188,3
31427,127,125,2
31428,74,74,0
31429,125,125,0
31430,99,98,1
31431,65,65,0
31432,193,183,10
31433,20,20,0
31434,31,31,0
31435,40,40,0
31436,112,110,2
31437,88,86,2
31438,142,141,1
31439,56,56,0
31440,199,194,5
31441,63,63,0
31442,93,93,0
31443,106,105,1
31444,586,572,14
31445,198,197,1
31446,404,383,21
31447,52,52,0
31448,47,47,0
31449,332,323,9
31450,123,120,3
31451,141,139,2
31452,114,113,1
31453,243,239,4
31454,156,149,7
31455,269,257,12
31456,83,82,1
31457,128,126,2
31458,600,594,6
31459,148,145,3
31460,727,714,13
31461,126,125,1
31462,122,122,0
31463,104,104,0
31464,58,57,1
31465,280,271,9
31466,139,135,4
31467,111,110,1
31468,135,135,0
31469,164,161,3
31470,159,156,3
31471,139,136,3
31472,193,191,2
31473,129,127,2
31474,210,208,2
31475,142,141,1
31476,468,450,18
31477,256,251,5
31478,106,103,3
31479,263,260,3
31480,382,378,4
31481,273,267,6
31482,274,267,7
31483,500,494,6
31484,606,593,13
31485,486,475,11
31486,254,250,4
31487,331,323,8
31488,158,155,3
31489,167,165,2
31490,438,428,10
31491,239,232,7
31492,546,536,10
31493,155,154,1
31494,274,267,7
31495,249,245,4
31496,200,196,4
31497,248,246,2
31498,385,374,11
31499,94,94,0
31500,500,493,7
31501,335,332,3
31502,229,225,4
31503,154,150,4
31504,271,264,7
31505,261,257,4
31506,354,353,1
31507,585,565,20
31508,1034,1010,24
31509,121,118,3
31510,308,302,6
31511,188,183,5
31512,167,163,4
31513,121,119,2
31514,118,117,1
31515,125,122,3
31516,170,168,2
31517,433,413,20
31518,250,249,1
31519,376,370,6
31520,73,73,0
31521,188,185,3
31522,207,206,1
31523,339,337,2
31524,488,486,2
31525,155,153,2
31526,305,300,5
31527,195,192,3
31528,145,142,3
31529,279,278,1
31530,121,120,1
31531,298,297,1
31532,136,132,4
31533,308,308,0
31534,168,168,0
31535,431,428,3
31536,182,178,4
31537,128,128,0
31538,53,53,0
31539,42,41,1
31540,97,96,1
31541,55,54,1
31542,173,172,1
31543,119,119,0
31544,62,57,5
31545,97,97,0
31546,79,78,1
31547,215,214,1
31548,525,513,12
31549,43,43,0
31550,111,110,1
31551,44,44,0
31552,267,257,10
31553,136,135,1
31554,113,111,2
31555,182,178,4
31556,182,178,4
31557,182,178,4
31558,188,186,2
31559,208,204,4
31560,203,201,2
31561,291,286,5
31562,273,265,8
31563,233,228,5
31564,274,266,8
31565,148,143,5
31566,87,86,1
31567,498,491,7
31568,273,272,1
31569,675,663,12
31570,97,94,3
31571,331,302,29
31572,498,481,17
31573,121,120,1
31574,230,226,4
31575,165,164,1
31576,149,149,0
31577,70,65,5
31578,54,54,0
31579,221,220,1
31580,97,97,0
31581,238,232,6
31582,82,81,1
31583,136,134,2
31584,59,58,1
31585,288,282,6
31586,485,481,4
31587,410,408,2
31588,98,95,3
31589,161,154,7
31590,699,686,13
31591,216,206,10
31592,296,287,9
31593,299,298,1
31594,966,944,22
31595,174,171,3
31596,125,124,1
31597,159,157,2
31598,102,97,5
31599,136,135,1
31600,293,282,11
31601,112,109,3
31602,104,101,3
31603,128,127,1
31604,237,233,4
31605,616,608,8
31606,539,516,23
31607,445,438,7
31608,293,282,11
31609,218,218,0
31610,178,174,4
31611,815,804,11
31612,44,43,1
31613,76,74,2
31614,83,83,0
31615,177,176,1
31616,149,147,2
31617,340,335,5
31618,207,205,2
31619,239,237,2
31620,116,116,0
31621,133,129,4
31622,117,113,4
31623,258,253,5
31624,135,135,0
31625,143,143,0
31626,95,95,0
31627,229,229,0
31628,157,157,0
31629,116,114,2
31630,241,240,1
31631,364,360,4
31632,139,137,2
31633,117,116,1
31634,179,178,1
31635,77,76,1
31636,439,439,0
31637,67,67,0
31638,222,222,0
31639,227,226,1
31640,109,105,4
31641,51,51,0
31642,117,114,3
31643,381,370,11
31644,114,114,0
31645,430,428,2
31646,282,278,4
31647,33,33,0
31648,645,641,4
31649,119,119,0
31650,302,298,4
31651,107,107,0
31652,65,62,3
31653,179,179,0
31654,636,627,9
31655,330,330,0
31656,600,597,3
31657,675,668,7
31658,101,101,0
31659,320,308,12
31660,83,83,0
31661,136,132,4
31662,100,97,3
31663,156,153,3
31664,114,112,2
31665,363,352,11
31666,123,117,6
31667,168,163,5
31668,200,191,9
31669,496,482,14
31670,155,155,0
31671,341,332,9
31672,255,240,15
31673,150,146,4
31674,251,249,2
31675,150,149,1
31676,196,193,3
31677,104,99,5
31678,598,581,17
31679,574,561,13
31680,687,672,15
31681,349,339,10
31682,201,194,7
31683,243,237,6
31684,297,286,11
31685,55,54,1
31686,108,106,2
31687,611,605,6
31688,107,104,3
31689,172,171,1
31690,261,259,2
31691,234,230,4
31692,230,227,3
31693,337,332,5
31694,150,150,0
31695,169,169,0
31696,193,189,4
31697,66,65,1
31698,137,137,0
31699,103,102,1
31700,81,81,0
31701,209,205,4
31702,159,156,3
31703,505,494,11
31704,110,110,0
31705,142,138,4
31706,124,119,5
31707,84,82,2
31708,201,200,1
31709,187,182,5
31710,259,246,13
31711,232,219,13
31712,295,281,14
31713,915,877,38
31714,380,367,13
31715,212,206,6
31716,448,439,9
31717,180,175,5
31718,208,200,8
31719,306,286,20
31720,308,301,7
31721,177,176,1
31722,226,213,13
31723,298,289,9
31724,155,153,2
31725,249,247,2
31726,134,132,2
31727,153,149,4
31728,119,117,2
31729,188,188,0
31730,402,398,4
31731,72,71,1
31732,149,149,0
31733,186,185,1
31734,155,152,3
31735,210,208,2
31736,56,56,0
31737,246,245,1
31738,749,720,29
31739,168,168,0
31740,142,142,0
31741,76,76,0
31742,313,306,7
31743,96,93,3
31744,92,91,1
31745,187,180,7
31746,130,129,1
31747,157,154,3
31748,299,291,8
31749,211,206,5
31750,178,175,3
31751,226,221,5
31752,241,241,0
31753,264,260,4
31754,869,825,44
31755,308,300,8
31756,141,137,4
31757,525,518,7
31758,476,474,2
31759,45,42,3
31760,127,125,2
31761,174,172,2
31762,271,271,0
31763,72,71,1
31764,141,138,3
31765,69,69,0
31766,61,59,2
31767,218,216,2
31768,144,142,2
31769,51,50,1
31770,71,70,1
31771,1029,1008,21
31772,190,188,2
31773,61,61,0
31774,135,134,1
31775,145,136,9
31776,328,317,11
31777,48,47,1
31778,242,239,3
31779,246,242,4
31780,156,152,4
31781,486,479,7
31782,256,250,6
31783,202,201,1
31784,249,246,3
31785,347,344,3
31786,348,345,3
31787,119,118,1
31788,296,291,5
31789,618,602,16
31790,202,200,2
31791,243,242,1
31792,163,161,2
31793,144,139,5
31794,268,266,2
31795,114,114,0
31796,265,261,4
31797,468,456,12
31798,145,145,0
31799,148,146,2
31800,136,135,1
31801,114,113,1
31802,272,269,3
31803,189,185,4
31804,558,549,9
31805,307,305,2
31806,405,402,3
31807,327,322,5
31808,169,165,4
31809,226,225,1
31810,161,158,3
31811,126,123,3
31812,120,117,3
31813,128,127,1
31814,154,151,3
31815,147,144,3
31816,386,374,12
31817,137,132,5
31818,119,116,3
31819,97,97,0
31820,206,195,11
31821,264,262,2
31822,518,502,16
31823,329,322,7
31824,186,179,7
31825,466,444,22
31826,934,930,4
31827,559,543,16
31828,498,479,19
31829,160,157,3
31830,293,288,5
31831,44,44,0
31832,217,215,2
31833,188,181,7
31834,50,49,1
31835,432,427,5
31836,245,242,3
31837,212,208,4
31838,563,552,11
31839,55,55,0
31840,297,297,0
31841,197,192,5
31842,122,120,2
31843,554,547,7
31844,156,151,5
31845,261,259,2
31846,200,198,2
31847,236,230,6
31848,85,78,7
31849,126,121,5
31850,141,137,4
31851,102,100,2
31852,241,230,11
31853,161,159,2
31854,74,73,1
31855,119,117,2
31856,80,78,2
31857,24,24,0
31858,184,183,1
31859,194,189,5
31860,86,84,2
31861,239,226,13
31862,421,395,26
31863,256,242,14
31864,221,215,6
31865,62,62,0
31866,107,105,2
31867,823,800,23
31868,118,115,3
31869,168,165,3
31870,115,113,2
31871,49,46,3
31872,137,133,4
31873,228,220,8
31874,133,133,0
31875,489,453,36
31876,234,231,3
31877,153,153,0
31878,170,169,1
31879,267,263,4
31880,171,166,5
31881,316,308,8
31882,112,111,1
31883,369,359,10
31884,92,87,5
31885,127,127,0
31886,184,179,5
31887,56,56,0
31888,187,187,0
31889,747,730,17
31890,122,119,3
31891,213,211,2
31892,122,121,1
31893,58,58,0
31894,130,127,3
31895,153,150,3
31896,251,246,5
31897,459,451,8
31898,66,66,0
31899,337,333,4
31900,73,73,0
31901,204,202,2
31902,297,290,7
31903,117,113,4
31904,78,74,4
31905,276,267,9
31906,260,251,9
31907,202,195,7
31908,154,152,2
31909,36,34,2
31910,266,263,3
31911,146,146,0
31912,57,54,3
31913,180,173,7
31914,321,318,3
31915,117,116,1
31916,315,306,9
31917,188,184,4
31918,295,289,6
31919,481,468,13
31920,95,91,4
31921,94,88,6
31922,633,623,10
31923,112,110,2
31924,120,120,0
31925,286,280,6
31926,276,273,3
31927,247,245,2
31928,458,449,9
31929,172,169,3
31930,107,106,1
31931,67,66,1
31932,722,699,23
31933,154,154,0
31934,152,146,6
31935,207,204,3
31936,167,166,1
31937,491,479,12
31938,178,176,2
31939,310,307,3
31940,134,133,1
31941,110,106,4
31942,142,140,2
31943,153,146,7
31944,99,98,1
31945,473,455,18
31946,66,66,0
31947,136,133,3
31948,485,472,13
31949,147,145,2
31950,161,152,9
31951,422,398,24
31952,133,128,5
31953,149,147,2
31954,119,115,4
31955,168,165,3
31956,150,148,2
31957,104,98,6
31958,410,399,11
31959,278,273,5
31960,43,43,0
31961,111,109,2
31962,320,311,9
31963,137,136,1
31964,196,195,1
31965,139,138,1
31966,200,197,3
31967,92,92,0
31968,200,200,0
31969,162,159,3
31970,63,60,3
31971,164,160,4
31972,57,57,0
31973,81,80,1
31974,33,33,0
31975,65,64,1
31976,107,102,5
31977,67,67,0
31978,195,194,1
31979,131,130,1
31980,166,162,4
31981,129,128,1
31982,192,188,4
31983,224,220,4
31984,97,95,2
31985,119,117,2
31986,97,97,0
31987,143,143,0
31988,80,78,2
31989,139,137,2
31990,193,188,5
31991,782,760,22
31992,411,388,23
31993,123,116,7
31994,131,125,6
31995,104,102,2
31996,125,123,2
31997,184,182,2
31998,186,185,1
31999,56,55,1
32000,185,181,4
32001,371,350,21
32002,90,89,1
32003,346,327,19
32004,261,253,8
32005,87,82,5
32006,138,137,1
32007,214,214,0
32008,589,579,10
32009,294,293,1
32010,130,127,3
32011,401,395,6
32012,190,186,4
32013,534,526,8
32014,409,391,18
32015,196,196,0
32016,412,399,13
32017,180,178,2
32018,143,143,0
32019,159,156,3
32020,523,518,5
32021,73,70,3
32022,635,628,7
32023,249,243,6
32024,421,421,0
32025,366,355,11
32026,786,767,19
32027,269,261,8
32028,493,484,9
32029,355,343,12
32030,833,814,19
32031,240,237,3
32032,376,366,10
32033,305,296,9
32034,116,114,2
32035,183,180,3
32036,251,251,0
32037,326,323,3
32038,301,298,3
32039,137,134,3
32040,522,518,4
32041,380,369,11
32042,133,125,8
32043,312,305,7
32044,240,238,2
32045,108,107,1
32046,207,205,2
32047,143,141,2
32048,25,24,1
32049,160,159,1
32050,247,245,2
32051,156,154,2
32052,244,243,1
32053,386,383,3
32054,209,206,3
32055,120,119,1
32056,183,181,2
32057,148,146,2
32058,231,227,4
32059,69,69,0
32060,144,138,6
32061,363,345,18
32062,297,296,1
32063,289,285,4
32064,759,738,21
32065,126,124,2
32066,62,62,0
32067,19,19,0
32068,78,76,2
32069,128,125,3
32070,45,44,1
32071,126,125,1
32072,153,153,0
32073,225,224,1
32074,53,53,0
32075,132,129,3
32076,130,126,4
32077,642,632,10
32078,136,136,0
32079,134,133,1
32080,210,201,9
32081,112,105,7
32082,139,138,1
32083,131,130,1
32084,146,143,3
32085,171,169,2
32086,139,137,2
32087,130,128,2
32088,123,121,2
32089,126,124,2
32090,132,128,4
32091,174,172,2
32092,172,172,0
32093,195,193,2
32094,283,277,6
32095,140,138,2
32096,241,229,12
32097,262,261,1
32098,182,179,3
32099,75,75,0
32100,125,124,1
32101,126,125,1
32102,286,281,5
32103,154,146,8
32104,127,125,2
32105,213,211,2
32106,169,166,3
32107,210,206,4
32108,322,314,8
32109,192,190,2
32110,122,122,0
32111,183,179,4
32112,882,859,23
32113,186,183,3
32114,314,309,5
32115,238,232,6
32116,188,182,6
32117,187,185,2
32118,225,224,1
32119,552,538,14
32120,129,129,0
32121,446,439,7
32122,639,624,15
32123,271,268,3
32124,512,505,7
32125,200,200,0
32126,736,732,4
32127,175,175,0
32128,171,171,0
32129,152,151,1
32130,401,390,11
32131,156,155,1
32132,165,165,0
32133,162,161,1
32134,128,125,3
32135,154,151,3
32136,166,166,0
32137,56,56,0
32138,45,45,0
32139,287,282,5
32140,187,185,2
32141,121,118,3
32142,228,226,2
32143,398,369,29
32144,421,421,0
32145,130,130,0
32146,119,118,1
32147,463,452,11
32148,153,151,2
32149,139,136,3
32150,320,306,14
32151,98,98,0
32152,42,42,0
32153,55,55,0
32154,170,168,2
32155,103,101,2
32156,168,165,3
32157,136,134,2
32158,515,511,4
32159,368,365,3
32160,241,241,0
32161,486,484,2
32162,37,36,1
32163,167,163,4
32164,122,119,3
32165,175,167,8
32166,120,117,3
32167,125,122,3
32168,213,213,0
32169,121,120,1
32170,118,116,2
32171,652,650,2
32172,135,134,1
32173,115,115,0
32174,494,489,5
32175,211,210,1
32176,154,149,5
32177,633,621,12
32178,626,616,10
32179,367,364,3
32180,261,260,1
32181,121,119,2
32182,210,204,6
32183,62,62,0
32184,132,130,2
32185,134,132,2
32186,682,671,11
32187,67,67,0
32188,725,708,17
32189,110,109,1
32190,279,276,3
32191,117,115,2
32192,454,450,4
32193,204,204,0
32194,256,253,3
32195,105,104,1
32196,220,218,2
32197,57,56,1
32198,160,159,1
32199,107,106,1
32200,146,145,1
32201,360,358,2
32202,535,533,2
32203,131,131,0
32204,516,503,13
32205,738,729,9
32206,265,254,11
32207,327,326,1
32208,331,325,6
32209,141,139,2
32210,474,465,9
32211,608,606,2
32212,305,300,5
32213,238,237,1
32214,452,447,5
32215,497,489,8
32216,119,118,1
32217,188,184,4
32218,449,444,5
32219,216,209,7
32220,565,549,16
32221,124,124,0
32222,46,46,0
32223,207,204,3
32224,124,119,5
32225,147,147,0
32226,122,116,6
32227,180,178,2
32228,223,223,0
32229,497,483,14
32230,203,200,3
32231,524,517,7
32232,151,148,3
32233,155,153,2
32234,174,170,4
32235,187,186,1
32236,168,162,6
32237,85,85,0
32238,134,133,1
32239,110,106,4
32240,166,163,3
32241,218,215,3
32242,771,753,18
32243,305,300,5
32244,168,167,1
32245,96,91,5
32246,350,335,15
32247,56,56,0
32248,223,218,5
32249,47,46,1
32250,129,128,1
32251,172,168,4
32252,208,205,3
32253,373,365,8
32254,53,53,0
32255,354,345,9
32256,329,318,11
32257,441,420,21
32258,204,199,5
32259,691,649,42
32260,584,563,21
32261,124,121,3
32262,813,792,21
32263,618,582,36
32264,233,227,6
32265,161,159,2
32266,506,496,10
32267,302,280,22
32268,218,214,4
32269,106,102,4
32270,119,115,4
32271,1027,966,61
32272,719,683,36
32273,168,163,5
32274,443,440,3
32275,267,260,7
32276,63,62,1
32277,160,158,2
32278,897,820,77
32279,219,215,4
32280,163,162,1
32281,361,351,10
32282,632,609,23
32283,231,229,2
32284,370,355,15
32285,126,125,1
32286,242,242,0
32287,215,212,3
32288,132,130,2
32289,793,782,11
32290,174,174,0
32291,547,537,10
32292,204,200,4
32293,184,181,3
32294,133,133,0
32295,156,156,0
32296,164,164,0
32297,230,230,0
32298,175,174,1
32299,70,70,0
32300,789,776,13
32301,995,984,11
32302,354,350,4
32303,288,288,0
32304,79,77,2
32305,303,300,3
32306,144,142,2
32307,159,158,1
32308,419,414,5
32309,309,304,5
32310,142,139,3
32311,221,221,0
32312,538,532,6
32313,241,236,5
32314,136,130,6
32315,203,197,6
32316,236,230,6
32317,623,592,31
32318,155,154,1
32319,142,140,2
32320,341,338,3
32321,355,354,1
32322,145,140,5
32323,243,236,7
32324,283,280,3
32325,434,424,10
32326,183,170,13
32327,198,197,1
32328,135,132,3
32329,116,106,10
32330,135,129,6
32331,127,123,4
32332,131,125,6
32333,381,364,17
32334,207,202,5
32335,298,288,10
32336,783,746,37
32337,990,979,11
32338,456,451,5
32339,458,452,6
32340,245,227,18
32341,952,932,20
32342,126,124,2
32343,33,33,0
32344,218,213,5
32345,373,366,7
32346,436,423,13
32347,191,181,10
32348,137,135,2
32349,135,132,3
32350,97,96,1
32351,177,172,5
32352,238,221,17
32353,240,240,0
32354,152,152,0
32355,212,209,3
32356,118,113,5
32357,366,354,12
32358,227,220,7
32359,73,72,1
32360,288,280,8
32361,657,647,10
32362,298,292,6
32363,210,206,4
32364,420,406,14
32365,134,133,1
32366,439,434,5
32367,113,112,1
32368,111,105,6
32369,536,527,9
32370,109,106,3
32371,131,126,5
32372,534,511,23
32373,153,150,3
32374,369,355,14
32375,131,124,7
32376,121,120,1
32377,141,141,0
32378,341,332,9
32379,97,95,2
32380,96,95,1
32381,115,115,0
32382,129,128,1
32383,124,123,1
32384,161,160,1
32385,273,268,5
32386,152,150,2
32387,71,71,0
32388,639,625,14
32389,100,99,1
32390,300,299,1
32391,132,131,1
32392,178,177,1
32393,219,218,1
32394,291,287,4
32395,282,279,3
32396,985,972,13
32397,736,730,6
32398,115,115,0
32399,155,150,5
32400,252,251,1
32401,218,216,2
32402,142,142,0
32403,195,195,0
32404,301,298,3
32405,143,142,1
32406,260,259,1
32407,77,74,3
32408,138,133,5
32409,182,178,4
32410,256,253,3
32411,88,87,1
32412,198,195,3
32413,83,79,4
32414,169,163,6
32415,185,179,6
32416,245,230,15
32417,149,147,2
32418,222,218,4
32419,112,108,4
32420,140,137,3
32421,264,263,1
32422,211,202,9
32423,317,314,3
32424,252,248,4
32425,145,145,0
32426,145,144,1
32427,212,212,0
32428,149,149,0
32429,170,167,3
32430,103,101,2
32431,158,152,6
32432,89,89,0
32433,136,135,1
32434,145,145,0
32435,143,140,3
32436,122,121,1
32437,139,139,0
32438,158,156,2
32439,998,993,5
32440,274,267,7
32441,332,328,4
32442,329,323,6
32443,148,148,0
32444,212,210,2
32445,196,191,5
32446,421,412,9
32447,54,53,1
32448,285,284,1
32449,216,207,9
32450,216,210,6
32451,52,50,2
32452,388,383,5
32453,194,188,6
32454,135,133,2
32455,158,157,1
32456,346,338,8
32457,81,76,5
32458,127,125,2
32459,142,138,4
32460,121,117,4
32461,81,77,4
32462,121,120,1
32463,158,158,0
32464,143,143,0
32465,142,139,3
32466,185,181,4
32467,127,126,1
32468,234,233,1
32469,99,98,1
32470,105,105,0
32471,131,126,5
32472,208,208,0
32473,115,113,2
32474,336,324,12
32475,306,301,5
32476,134,131,3
32477,157,154,3
32478,217,216,1
32479,274,268,6
32480,75,73,2
32481,102,102,0
32482,320,319,1
32483,239,238,1
32484,421,420,1
32485,199,199,0
32486,650,641,9
32487,110,109,1
32488,113,113,0
32489,153,151,2
32490,191,187,4
32491,151,147,4
32492,660,648,12
32493,249,240,9
32494,127,124,3
32495,111,111,0
32496,115,108,7
32497,132,128,4
32498,155,155,0
32499,141,140,1
32500,234,231,3
32501,135,132,3
32502,276,273,3
32503,119,119,0
32504,99,97,2
32505,252,247,5
32506,173,173,0
32507,156,152,4
32508,99,99,0
32509,89,89,0
32510,250,246,4
32511,103,103,0
32512,149,144,5
32513,136,133,3
32514,330,325,5
32515,234,233,1
32516,171,170,1
32517,45,45,0
32518,172,170,2
32519,111,110,1
32520,260,255,5
32521,186,182,4
32522,164,161,3
32523,129,126,3
32524,299,294,5
32525,1013,989,24
32526,155,152,3
32527,240,234,6
32528,519,504,15
32529,76,76,0
32530,216,210,6
32531,304,294,10
32532,221,214,7
32533,201,195,6
32534,625,614,11
32535,51,51,0
32536,42,41,1
32537,79,76,3
32538,139,134,5
32539,250,247,3
32540,593,575,18
32541,290,284,6
32542,90,88,2
32543,96,94,2
32544,72,69,3
32545,145,138,7
32546,265,257,8
32547,346,337,9
32548,143,137,6
32549,417,411,6
32550,161,158,3
32551,162,158,4
32552,72,72,0
32553,131,131,0
32554,35,35,0
32555,126,124,2
32556,57,57,0
32557,132,130,2
32558,109,106,3
32559,51,50,1
32560,56,56,0
32561,46,46,0
32562,152,148,4
32563,104,102,2
32564,310,307,3
32565,258,257,1
32566,315,309,6
32567,180,178,2
32568,360,355,5
32569,166,164,2
32570,552,536,16
32571,253,252,1
32572,161,158,3
32573,131,130,1
32574,787,760,27
32575,331,314,17
32576,107,107,0
32577,217,210,7
32578,73,73,0
32579,195,195,0
32580,94,91,3
32581,113,113,0
32582,188,186,2
32583,139,137,2
32584,92,91,1
32585,321,319,2
32586,229,224,5
32587,174,168,6
32588,95,94,1
32589,156,149,7
32590,354,348,6
32591,128,125,3
32592,157,156,1
32593,106,106,0
32594,102,102,0
32595,162,162,0
32596,194,193,1
32597,149,147,2
32598,355,347,8
32599,298,287,11
32600,262,257,5
32601,176,175,1
32602,346,341,5
32603,613,589,24
32604,681,654,27
32605,199,192,7
32606,94,92,2
32607,121,120,1
32608,463,456,7
32609,86,86,0
32610,142,141,1
32611,450,443,7
32612,68,67,1
32613,112,112,0
32614,122,118,4
32615,54,53,1
32616,43,42,1
32617,211,208,3
32618,158,153,5
32619,243,240,3
32620,91,91,0
32621,120,119,1
32622,34,30,4
32623,715,702,13
32624,167,164,3
32625,205,202,3
32626,458,448,10
32627,209,209,0
32628,377,368,9
32629,121,120,1
32630,330,316,14
32631,748,706,42
32632,114,113,1
32633,331,322,9
32634,471,467,4
32635,239,235,4
32636,409,407,2
32637,247,246,1
32638,64,64,0
32639,63,63,0
32640,118,118,0
32641,107,106,1
32642,60,60,0
32643,184,184,0
32644,158,157,1
32645,138,136,2
32646,242,238,4
32647,443,441,2
32648,91,91,0
32649,529,523,6
32650,233,224,9
32651,61,60,1
32652,74,72,2
32653,172,171,1
32654,257,243,14
32655,114,111,3
32656,61,61,0
32657,598,579,19
32658,517,509,8
32659,391,390,1
32660,122,120,2
32661,444,433,11
32662,943,925,18
32663,141,139,2
32664,159,157,2
32665,238,236,2
32666,703,695,8
32667,224,220,4
32668,993,962,31
32669,923,905,18
32670,620,606,14
32671,159,155,4
32672,588,576,12
32673,285,282,3
32674,104,102,2
32675,123,122,1
32676,119,119,0
32677,159,158,1
32678,56,55,1
32679,36,31,5
32680,474,462,12
32681,78,78,0
32682,147,144,3
32683,86,84,2
32684,38,38,0
32685,49,48,1
32686,40,38,2
32687,209,209,0
32688,227,224,3
32689,161,153,8
32690,467,458,9
32691,201,200,1
32692,413,408,5
32693,232,225,7
32694,131,129,2
32695,176,171,5
32696,125,125,0
32697,120,119,1
32698,328,326,2
32699,401,393,8
32700,116,115,1
32701,266,258,8
32702,260,260,0
32703,89,85,4
32704,144,138,6
32705,232,229,3
32706,219,218,1
32707,584,576,8
32708,259,255,4
32709,203,199,4
32710,564,548,16
32711,113,112,1
32712,176,175,1
32713,192,182,10
32714,305,300,5
32715,147,144,3
32716,242,239,3
32717,433,430,3
32718,556,543,13
32719,402,387,15
32720,119,117,2
32721,155,153,2
32722,135,132,3
32723,212,212,0
32724,423,417,6
32725,213,212,1
32726,287,284,3
32727,487,481,6
32728,124,122,2
32729,89,86,3
32730,270,259,11
32731,254,240,14
32732,56,55,1
32733,146,145,1
32734,42,42,0
32735,29,29,0
32736,54,53,1
32737,63,63,0
32738,85,83,2
32739,67,66,1
32740,52,50,2
32741,127,126,1
32742,189,187,2
32743,164,163,1
32744,145,144,1
32745,531,527,4
32746,279,277,2
32747,390,384,6
32748,499,495,4
32749,139,138,1
32750,618,614,4
32751,343,336,7
32752,302,301,1
32753,112,112,0
32754,219,217,2
32755,522,521,1
32756,62,61,1
32757,135,134,1
32758,133,132,1
32759,121,120,1
32760,121,119,2
32761,199,190,9
32762,408,402,6
32763,594,588,6
32764,202,198,4
32765,147,143,4
32766,54,54,0
32767,186,180,6
32768,157,155,2
32769,109,107,2
32770,137,137,0
32771,165,162,3
32772,100,99,1
32773,131,130,1
32774,182,181,1
32775,110,107,3
32776,169,167,2
32777,122,121,1
32778,81,79,2
32779,63,61,2
32780,145,141,4
32781,118,118,0
32782,99,95,4
32783,152,149,3
32784,141,139,2
32785,181,181,0
32786,131,128,3
32787,177,176,1
32788,96,95,1
32789,117,111,6
32790,56,55,1
32791,202,193,9
32792,160,158,2
32793,162,162,0
32794,57,56,1
32795,150,147,3
32796,114,113,1
32797,163,162,1
32798,149,145,4
32799,87,80,7
32800,129,121,8
32801,169,160,9
32802,61,61,0
32803,168,163,5
32804,282,280,2
32805,194,194,0
32806,521,513,8
32807,361,358,3
32808,87,87,0
32809,50,49,1
32810,152,150,2
32811,616,612,4
32812,223,217,6
32813,304,297,7
32814,160,156,4
32815,200,194,6
32816,218,217,1
32817,203,199,4
32818,202,200,2
32819,371,369,2
32820,411,408,3
32821,202,202,0
32822,158,156,2
32823,61,61,0
32824,283,283,0
32825,206,205,1
32826,461,453,8
32827,166,166,0
32828,300,287,13
32829,152,149,3
32830,560,556,4
32831,328,325,3
32832,158,156,2
32833,215,214,1
32834,197,195,2
32835,140,139,1
32836,300,298,2
32837,251,250,1
32838,138,138,0
32839,180,180,0
32840,144,144,0
32841,137,136,1
32842,115,114,1
32843,340,334,6
32844,475,467,8
32845,271,264,7
32846,261,255,6
32847,41,38,3
32848,109,108,1
32849,586,577,9
32850,137,136,1
32851,394,380,14
32852,256,251,5
32853,75,75,0
32854,105,104,1
32855,129,121,8
32856,139,138,1
32857,156,156,0
32858,313,308,5
32859,858,840,18
32860,576,571,5
32861,156,155,1
32862,183,183,0
32863,650,634,16
32864,175,175,0
32865,1003,996,7
32866,289,289,0
32867,171,170,1
32868,160,156,4
32869,305,299,6
32870,340,331,9
32871,220,217,3
32872,266,255,11
32873,187,187,0
32874,153,153,0
32875,128,125,3
32876,125,125,0
32877,203,203,0
32878,180,174,6
32879,215,215,0
32880,169,168,1
32881,134,131,3
32882,197,196,1
32883,1001,996,5
32884,198,197,1
32885,105,103,2
32886,63,63,0
32887,131,130,1
32888,90,89,1
32889,239,236,3
32890,337,334,3
32891,234,232,2
32892,140,140,0
32893,333,328,5
32894,334,332,2
32895,235,233,2
32896,203,202,1
32897,728,719,9
32898,229,227,2
32899,137,136,1
32900,579,572,7
32901,347,338,9
32902,81,79,2
32903,226,223,3
32904,180,177,3
32905,211,210,1
32906,165,163,2
32907,506,486,20
32908,1013,999,14
32909,145,143,2
32910,142,140,2
32911,53,51,2
32912,104,103,1
32913,68,65,3
32914,171,171,0
32915,597,588,9
32916,279,276,3
32917,187,175,12
32918,364,359,5
32919,303,298,5
32920,204,202,2
32921,300,298,2
32922,41,40,1
32923,112,102,10
32924,219,219,0
32925,480,472,8
32926,406,401,5
32927,155,154,1
32928,172,170,2
32929,123,120,3
32930,677,672,5
32931,226,213,13
32932,115,112,3
32933,139,139,0
32934,708,698,10
32935,130,129,1
32936,641,634,7
32937,449,444,5
32938,791,783,8
32939,83,82,1
32940,445,432,13
32941,221,220,1
32942,134,133,1
32943,104,102,2
32944,262,262,0
32945,127,123,4
32946,267,262,5
32947,159,157,2
32948,141,136,5
32949,137,134,3
32950,357,347,10
32951,288,285,3
32952,114,110,4
32953,239,237,2
32954,374,371,3
32955,123,122,1
32956,112,111,1
32957,238,233,5
32958,48,48,0
32959,60,60,0
32960,235,233,2
32961,281,273,8
32962,734,724,10
32963,231,230,1
32964,117,115,2
32965,91,90,1
32966,315,310,5
32967,318,315,3
32968,143,143,0
32969,76,76,0
32970,210,209,1
32971,384,378,6
32972,231,231,0
32973,132,132,0
32974,492,485,7
32975,56,53,3
32976,190,185,5
32977,362,352,10
32978,175,168,7
32979,312,302,10
32980,383,378,5
32981,269,265,4
32982,229,223,6
32983,604,594,10
32984,140,140,0
32985,123,122,1
32986,130,127,3
32987,108,107,1
32988,42,38,4
32989,253,248,5
32990,133,131,2
32991,176,174,2
32992,133,120,13
32993,138,137,1
32994,230,224,6
32995,127,122,5
32996,106,101,5
32997,151,148,3
32998,684,677,7
32999,169,164,5
33000,126,118,8
33001,251,243,8
33002,312,299,13
33003,146,142,4
33004,187,187,0
33005,225,215,10
33006,173,170,3
33007,447,435,12
33008,122,120,2
33009,214,210,4
33010,168,167,1
33011,96,92,4
33012,217,209,8
33013,176,174,2
33014,141,138,3
33015,606,591,15
33016,152,148,4
33017,150,149,1
33018,167,150,17
33019,141,140,1
33020,120,117,3
33021,404,379,25
33022,108,104,4
33023,258,249,9
33024,349,343,6
33025,557,544,13
33026,42,42,0
33027,176,173,3
33028,1004,960,44
33029,59,55,4
33030,974,941,33
33031,113,106,7
33032,124,120,4
33033,207,204,3
33034,120,118,2
33035,273,267,6
33036,124,120,4
33037,161,160,1
33038,108,106,2
33039,131,130,1
33040,119,118,1
33041,159,157,2
33042,143,140,3
33043,127,124,3
33044,231,230,1
33045,133,128,5
33046,138,135,3
33047,154,151,3
33048,169,166,3
33049,61,61,0
33050,193,187,6
33051,143,141,2
33052,110,108,2
33053,471,464,7
33054,204,199,5
33055,151,151,0
33056,123,120,3
33057,610,592,18
33058,124,120,4
33059,470,459,11
33060,545,529,16
33061,519,510,9
33062,215,213,2
33063,131,129,2
33064,393,385,8
33065,301,296,5
33066,260,252,8
33067,132,130,2
33068,308,302,6
33069,275,268,7
33070,217,206,11
33071,160,160,0
33072,188,185,3
33073,111,111,0
33074,158,158,0
33075,142,140,2
33076,119,117,2
33077,150,148,2
33078,142,141,1
33079,65,64,1
33080,118,117,1
33081,160,156,4
33082,97,96,1
33083,57,57,0
33084,126,125,1
33085,277,276,1
33086,119,119,0
33087,80,80,0
33088,173,166,7
33089,157,155,2
33090,155,154,1
33091,818,796,22
33092,437,435,2
33093,726,718,8
33094,138,138,0
33095,245,241,4
33096,606,594,12
33097,209,203,6
33098,40,39,1
33099,243,240,3
33100,128,127,1
33101,48,45,3
33102,227,219,8
33103,75,73,2
33104,74,72,2
33105,231,229,2
33106,358,353,5
33107,88,88,0
33108,146,141,5
33109,242,238,4
33110,166,161,5
33111,231,226,5
33112,83,83,0
33113,170,167,3
33114,146,145,1
33115,130,129,1
33116,131,128,3
33117,779,773,6
33118,360,356,4
33119,238,230,8
33120,116,113,3
33121,293,285,8
33122,70,70,0
33123,266,260,6
33124,103,100,3
33125,123,123,0
33126,111,111,0
33127,420,406,14
33128,142,141,1
33129,123,123,0
33130,70,67,3
33131,119,119,0
33132,348,340,8
33133,66,66,0
33134,485,477,8
33135,391,385,6
33136,132,128,4
33137,298,296,2
33138,145,144,1
33139,139,139,0
33140,184,179,5
33141,860,835,25
33142,570,563,7
33143,225,207,18
33144,133,122,11
33145,130,127,3
33146,726,712,14
33147,294,290,4
33148,311,305,6
33149,762,752,10
33150,216,205,11
33151,238,234,4
33152,289,284,5
33153,146,142,4
33154,134,127,7
33155,144,139,5
33156,210,207,3
33157,142,140,2
33158,739,726,13
33159,1011,985,26
33160,35,35,0
33161,77,75,2
33162,189,187,2
33163,45,45,0
33164,171,171,0
33165,291,278,13
33166,370,357,13
33167,237,236,1
33168,326,324,2
33169,114,114,0
33170,631,622,9
33171,166,166,0
33172,51,51,0
33173,249,243,6
33174,118,116,2
33175,485,479,6
33176,67,66,1
33177,387,371,16
33178,106,102,4
33179,203,197,6
33180,142,141,1
33181,72,72,0
33182,104,102,2
33183,39,39,0
33184,119,119,0
33185,25,25,0
33186,118,118,0
33187,135,134,1
33188,503,495,8
33189,142,137,5
33190,422,412,10
33191,165,161,4
33192,167,165,2
33193,317,310,7
33194,254,249,5
33195,804,784,20
33196,94,94,0
33197,112,111,1
33198,405,389,16
33199,369,336,33
33200,134,132,2
33201,76,74,2
33202,130,130,0
33203,147,147,0
33204,126,125,1
33205,136,135,1
33206,142,141,1
33207,150,149,1
33208,69,69,0
33209,340,336,4
33210,151,147,4
33211,130,129,1
33212,94,89,5
33213,174,170,4
33214,70,70,0
33215,135,134,1
33216,283,278,5
33217,58,56,2
33218,70,64,6
33219,166,161,5
33220,117,115,2
33221,65,62,3
33222,244,243,1
33223,46,46,0
33224,135,135,0
33225,198,192,6
33226,173,166,7
33227,180,177,3
33228,52,52,0
33229,38,36,2
33230,293,292,1
33231,123,123,0
33232,173,170,3
33233,61,61,0
33234,109,108,1
33235,63,63,0
33236,122,121,1
33237,223,217,6
33238,134,133,1
33239,362,362,0
33240,272,267,5
33241,528,509,19
33242,230,229,1
33243,140,138,2
33244,245,238,7
33245,250,247,3
33246,346,341,5
33247,110,110,0
33248,75,75,0
33249,319,315,4
33250,430,414,16
33251,281,272,9
33252,269,260,9
33253,142,139,3
33254,217,216,1
33255,86,85,1
33256,280,271,9
33257,179,176,3
33258,124,123,1
33259,654,637,17
33260,399,393,6
33261,285,280,5
33262,338,332,6
33263,582,574,8
33264,327,324,3
33265,74,73,1
33266,123,123,0
33267,109,109,0
33268,123,121,2
33269,214,212,2
33270,207,207,0
33271,236,233,3
33272,127,126,1
33273,112,112,0
33274,158,154,4
33275,360,347,13
33276,57,54,3
33277,213,203,10
33278,123,123,0
33279,113,109,4
33280,131,131,0
33281,130,128,2
33282,209,198,11
33283,303,295,8
33284,137,135,2
33285,177,168,9
33286,70,69,1
33287,706,700,6
33288,103,103,0
33289,276,270,6
33290,265,263,2
33291,179,177,2
33292,564,556,8
33293,119,118,1
33294,180,180,0
33295,94,92,2
33296,147,139,8
33297,173,173,0
33298,181,174,7
33299,285,280,5
33300,205,190,15
33301,171,153,18
33302,82,81,1
33303,42,41,1
33304,657,656,1
33305,158,157,1
33306,156,153,3
33307,104,99,5
33308,336,327,9
33309,413,397,16
33310,106,105,1
33311,325,316,9
33312,180,176,4
33313,484,469,15
33314,240,231,9
33315,185,181,4
33316,800,788,12
33317,92,90,2
33318,150,146,4
33319,842,823,19
33320,75,74,1
33321,85,83,2
33322,161,157,4
33323,240,237,3
33324,201,192,9
33325,640,624,16
33326,193,189,4
33327,287,274,13
33328,140,134,6
33329,228,227,1
33330,562,543,19
33331,428,394,34
33332,71,70,1
33333,117,114,3
33334,151,146,5
33335,229,222,7
33336,134,128,6
33337,398,396,2
33338,136,134,2
33339,151,146,5
33340,92,92,0
33341,88,88,0
33342,141,138,3
33343,75,73,2
33344,75,74,1
33345,57,56,1
33346,89,88,1
33347,116,114,2
33348,104,102,2
33349,123,123,0
33350,153,145,8
33351,161,159,2
33352,158,154,4
33353,163,157,6
33354,58,58,0
33355,137,134,3
33356,388,382,6
33357,165,161,4
33358,156,149,7
33359,38,38,0
33360,193,191,2
33361,392,382,10
33362,91,91,0
33363,207,205,2
33364,164,160,4
33365,100,100,0
33366,47,45,2
33367,46,43,3
33368,75,71,4
33369,80,80,0
33370,58,56,2
33371,218,211,7
33372,544,539,5
33373,73,72,1
33374,21,21,0
33375,79,77,2
33376,91,89,2
33377,222,216,6
33378,101,100,1
33379,161,159,2
33380,122,119,3
33381,123,119,4
33382,57,57,0
33383,107,106,1
33384,111,109,2
33385,228,223,5
33386,465,451,14
33387,177,175,2
33388,154,154,0
33389,271,270,1
33390,451,442,9
33391,469,453,16
33392,202,197,5
33393,107,103,4
33394,103,99,4
33395,198,192,6
33396,249,237,12
33397,203,199,4
33398,115,111,4
33399,314,309,5
33400,150,149,1
33401,176,173,3
33402,611,593,18
33403,151,146,5
33404,134,130,4
33405,179,175,4
33406,223,222,1
33407,268,260,8
33408,668,645,23
33409,158,156,2
33410,134,134,0
33411,129,127,2
33412,141,139,2
33413,101,100,1
33414,449,444,5
33415,142,140,2
33416,177,173,4
33417,417,410,7
33418,590,571,19
33419,76,75,1
33420,125,121,4
33421,210,209,1
33422,122,113,9
33423,219,217,2
33424,122,121,1
33425,278,276,2
33426,728,711,17
33427,124,120,4
33428,146,142,4
33429,197,194,3
33430,447,444,3
33431,160,155,5
33432,216,214,2
33433,167,166,1
33434,144,143,1
33435,208,204,4
33436,152,147,5
33437,109,108,1
33438,268,263,5
33439,207,200,7
33440,115,112,3
33441,320,318,2
33442,289,286,3
33443,162,159,3
33444,219,215,4
33445,92,91,1
33446,90,89,1
33447,165,164,1
33448,49,49,0
33449,64,64,0
33450,158,153,5
33451,86,86,0
33452,96,93,3
33453,50,47,3
33454,282,279,3
33455,123,119,4
33456,119,112,7
33457,600,592,8
33458,38,38,0
33459,174,174,0
33460,109,108,1
33461,109,106,3
33462,187,179,8
33463,119,114,5
33464,156,156,0
33465,50,49,1
33466,379,365,14
33467,267,267,0
33468,156,152,4
33469,125,125,0
33470,192,189,3
33471,175,173,2
33472,151,139,12
33473,152,150,2
33474,229,213,16
33475,298,294,4
33476,915,897,18
33477,199,191,8
33478,191,185,6
33479,156,154,2
33480,182,172,10
33481,137,133,4
33482,194,191,3
33483,129,125,4
33484,150,150,0
33485,145,143,2
33486,192,180,12
33487,136,133,3
33488,154,151,3
33489,190,186,4
33490,146,144,2
33491,150,145,5
33492,131,129,2
33493,156,149,7
33494,296,293,3
33495,400,388,12
33496,121,121,0
33497,126,124,2
33498,393,390,3
33499,122,121,1
33500,136,133,3
33501,120,118,2
33502,146,143,3
33503,132,129,3
33504,141,140,1
33505,140,138,2
33506,137,136,1
33507,196,190,6
33508,246,239,7
33509,151,148,3
33510,509,494,15
33511,81,81,0
33512,269,262,7
33513,201,197,4
33514,149,149,0
33515,393,393,0
33516,352,337,15
33517,370,365,5
33518,415,401,14
33519,178,172,6
33520,202,198,4
33521,353,352,1
33522,341,315,26
33523,851,819,32
33524,152,150,2
33525,180,177,3
33526,569,550,19
33527,234,223,11
33528,172,163,9
33529,202,198,4
33530,133,127,6
33531,238,235,3
33532,83,82,1
33533,212,208,4
33534,116,115,1
33535,345,343,2
33536,249,244,5
33537,161,156,5
33538,160,158,2
33539,126,123,3
33540,137,134,3
33541,519,509,10
33542,388,380,8
33543,257,253,4
33544,242,229,13
33545,251,249,2
33546,196,193,3
33547,340,332,8
33548,178,178,0
33549,150,149,1
33550,34,33,1
33551,359,354,5
33552,122,120,2
33553,132,126,6
33554,67,62,5
33555,130,127,3
33556,177,173,4
33557,117,116,1
33558,145,139,6
33559,263,254,9
33560,163,159,4
33561,40,39,1
33562,175,174,1
33563,404,394,10
33564,206,197,9
33565,66,64,2
33566,513,508,5
33567,271,268,3
33568,356,346,10
33569,158,154,4
33570,158,153,5
33571,329,320,9
33572,58,53,5
33573,338,331,7
33574,175,167,8
33575,144,139,5
33576,138,134,4
33577,256,250,6
33578,175,172,3
33579,531,524,7
33580,707,690,17
33581,168,166,2
33582,169,168,1
33583,249,246,3
33584,559,553,6
33585,246,242,4
33586,288,283,5
33587,148,146,2
33588,46,45,1
33589,175,172,3
33590,426,423,3
33591,322,319,3
33592,280,275,5
33593,669,645,24
33594,228,217,11
33595,534,525,9
33596,404,388,16
33597,302,298,4
33598,293,289,4
33599,147,145,2
33600,161,161,0
33601,316,309,7
33602,203,196,7
33603,120,120,0
33604,333,331,2
33605,140,140,0
33606,104,98,6
33607,104,98,6
33608,35,33,2
33609,953,940,13
33610,144,144,0
33611,119,115,4
33612,92,88,4
33613,184,182,2
33614,121,120,1
33615,60,58,2
33616,361,355,6
33617,364,352,12
33618,171,167,4
33619,50,50,0
33620,253,251,2
33621,150,149,1
33622,103,103,0
33623,136,130,6
33624,113,112,1
33625,206,204,2
33626,104,103,1
33627,155,155,0
33628,288,281,7
33629,168,166,2
33630,253,250,3
33631,52,48,4
33632,133,133,0
33633,197,191,6
33634,551,541,10
33635,148,144,4
33636,139,136,3
33637,180,178,2
33638,56,55,1
33639,104,103,1
33640,179,179,0
33641,116,115,1
33642,161,158,3
33643,115,114,1
33644,147,144,3
33645,300,295,5
33646,208,206,2
33647,191,189,2
33648,130,130,0
33649,162,162,0
33650,176,175,1
33651,121,121,0
33652,399,390,9
33653,353,331,22
33654,75,75,0
33655,519,507,12
33656,847,825,22
33657,103,100,3
33658,208,203,5
33659,493,483,10
33660,316,315,1
33661,144,137,7
33662,117,114,3
33663,184,180,4
33664,154,150,4
33665,230,229,1
33666,114,110,4
33667,402,396,6
33668,180,172,8
33669,104,100,4
33670,186,184,2
33671,148,146,2
33672,122,120,2
33673,60,60,0
33674,99,97,2
33675,358,345,13
33676,73,72,1
33677,132,130,2
33678,67,65,2
33679,140,139,1
33680,253,246,7
33681,97,97,0
33682,233,231,2
33683,334,328,6
33684,151,144,7
33685,88,86,2
33686,140,134,6
33687,436,424,12
33688,294,291,3
33689,140,137,3
33690,186,182,4
33691,329,320,9
33692,233,222,11
33693,138,138,0
33694,120,120,0
33695,130,129,1
33696,120,110,10
33697,187,183,4
33698,102,101,1
33699,139,137,2
33700,163,163,0
33701,127,125,2
33702,558,555,3
33703,182,178,4
33704,137,137,0
33705,171,166,5
33706,255,247,8
33707,167,164,3
33708,147,145,2
33709,837,822,15
33710,187,178,9
33711,240,234,6
33712,214,205,9
33713,149,148,1
33714,195,193,2
33715,142,138,4
33716,230,223,7
33717,164,159,5
33718,166,165,1
33719,109,107,2
33720,153,151,2
33721,134,134,0
33722,133,132,1
33723,235,221,14
33724,876,870,6
33725,180,175,5
33726,451,444,7
33727,844,803,41
33728,156,145,11
33729,200,198,2
33730,61,60,1
33731,107,105,2
33732,173,173,0
33733,323,304,19
33734,209,209,0
33735,311,308,3
33736,338,332,6
33737,581,575,6
33738,104,104,0
33739,224,220,4
33740,233,230,3
33741,357,351,6
33742,244,241,3
33743,140,135,5
33744,172,172,0
33745,157,154,3
33746,446,438,8
33747,433,415,18
33748,137,136,1
33749,174,171,3
33750,226,223,3
33751,323,318,5
33752,58,57,1
33753,117,116,1
33754,623,611,12
33755,104,103,1
33756,848,832,16
33757,172,172,0
33758,227,226,1
33759,125,121,4
33760,526,517,9
33761,294,294,0
33762,183,182,1
33763,215,214,1
33764,425,415,10
33765,153,151,2
33766,131,129,2
33767,257,251,6
33768,180,180,0
33769,532,525,7
33770,161,159,2
33771,620,603,17
33772,261,255,6
33773,226,222,4
33774,137,137,0
33775,118,115,3
33776,135,128,7
33777,249,244,5
33778,190,188,2
33779,154,153,1
33780,626,615,11
33781,138,135,3
33782,288,283,5
33783,331,322,9
33784,145,145,0
33785,181,176,5
33786,482,477,5
33787,316,312,4
33788,306,306,0
33789,209,204,5
33790,663,656,7
33791,170,168,2
33792,629,615,14
33793,169,168,1
33794,191,187,4
33795,77,74,3
33796,44,44,0
33797,205,200,5
33798,419,404,15
33799,98,98,0
33800,134,132,2
33801,85,85,0
33802,128,127,1
33803,144,143,1
33804,542,541,1
33805,62,62,0
33806,69,66,3
33807,176,175,1
33808,875,869,6
33809,142,142,0
33810,124,124,0
33811,123,123,0
33812,156,154,2
33813,174,169,5
33814,357,352,5
33815,538,529,9
33816,101,100,1
33817,129,129,0
33818,130,129,1
33819,156,156,0
33820,323,316,7
33821,185,182,3
33822,227,227,0
33823,189,184,5
33824,955,941,14
33825,401,398,3
33826,227,224,3
33827,194,193,1
33828,122,119,3
33829,20,16,4
33830,42,41,1
33831,183,178,5
33832,120,120,0
33833,65,63,2
33834,179,174,5
33835,542,526,16
33836,41,41,0
33837,175,168,7
33838,184,183,1
33839,134,133,1
33840,63,63,0
33841,154,152,2
33842,538,533,5
33843,301,294,7
33844,192,188,4
33845,329,323,6
33846,581,563,18
33847,861,845,16
33848,205,200,5
33849,967,938,29
33850,303,288,15
33851,256,251,5
33852,1019,992,27
33853,478,463,15
33854,227,222,5
33855,424,417,7
33856,521,505,16
33857,862,830,32
33858,305,303,2
33859,470,469,1
33860,669,647,22
33861,134,134,0
33862,135,134,1
33863,143,142,1
33864,124,120,4
33865,121,117,4
33866,248,246,2
33867,164,160,4
33868,199,196,3
33869,61,61,0
33870,56,55,1
33871,45,45,0
33872,184,181,3
33873,105,99,6
33874,100,98,2
33875,163,160,3
33876,470,460,10
33877,171,171,0
33878,139,138,1
33879,105,104,1
33880,521,510,11
33881,248,240,8
33882,570,554,16
33883,139,139,0
33884,117,114,3
33885,365,352,13
33886,156,155,1
33887,146,142,4
33888,121,121,0
33889,226,223,3
33890,183,179,4
33891,336,325,11
33892,88,85,3
33893,304,294,10
33894,193,187,6
33895,115,113,2
33896,366,358,8
33897,143,140,3
33898,298,288,10
33899,84,84,0
33900,74,68,6
33901,76,70,6
33902,100,100,0
33903,95,95,0
33904,137,132,5
33905,305,301,4
33906,138,136,2
33907,111,109,2
33908,65,65,0
33909,332,322,10
33910,384,374,10
33911,172,168,4
33912,133,132,1
33913,231,229,2
33914,364,349,15
33915,152,152,0
33916,99,99,0
33917,218,215,3
33918,366,364,2
33919,88,87,1
33920,118,117,1
33921,112,112,0
33922,228,225,3
33923,245,241,4
33924,146,145,1
33925,560,549,11
33926,109,107,2
33927,142,142,0
33928,366,364,2
33929,140,139,1
33930,272,270,2
33931,402,391,11
33932,306,299,7
33933,87,85,2
33934,63,63,0
33935,116,115,1
33936,72,72,0
33937,61,61,0
33938,226,221,5
33939,186,184,2
33940,205,204,1
33941,163,162,1
33942,149,146,3
33943,120,120,0
33944,185,184,1
33945,286,282,4
33946,125,125,0
33947,456,452,4
33948,208,208,0
33949,124,124,0
33950,561,553,8
33951,207,206,1
33952,202,194,8
33953,369,364,5
33954,165,164,1
33955,179,178,1
33956,168,165,3
33957,111,105,6
33958,56,56,0
33959,92,92,0
33960,189,189,0
33961,183,183,0
33962,122,119,3
33963,194,193,1
33964,165,165,0
33965,80,76,4
33966,117,115,2
33967,185,185,0
33968,554,552,2
33969,132,129,3
33970,143,137,6
33971,54,54,0
33972,104,103,1
33973,169,166,3
33974,120,120,0
33975,215,213,2
33976,377,364,13
33977,145,145,0
33978,211,204,7
33979,83,80,3
33980,73,71,2
33981,59,59,0
33982,90,83,7
33983,61,61,0
33984,172,171,1
33985,44,43,1
33986,404,396,8
33987,195,191,4
33988,128,124,4
33989,61,60,1
33990,132,130,2
33991,114,113,1
33992,107,105,2
33993,137,135,2
33994,60,59,1
33995,111,106,5
33996,170,165,5
33997,153,151,2
33998,167,166,1
33999,201,194,7
34000,267,254,13
34001,129,125,4
34002,100,98,2
34003,133,130,3
34004,133,131,2
34005,91,89,2
34006,72,70,2
34007,526,501,25
34008,331,325,6
34009,123,119,4
34010,208,207,1
34011,92,87,5
34012,172,171,1
34013,118,117,1
34014,218,213,5
34015,193,188,5
34016,135,133,2
34017,719,711,8
34018,60,60,0
34019,400,395,5
34020,103,97,6
34021,217,212,5
34022,243,242,1
34023,196,194,2
34024,505,498,7
34025,151,145,6
34026,245,240,5
34027,197,194,3
34028,373,357,16
34029,143,142,1
34030,313,300,13
34031,54,54,0
34032,139,134,5
34033,112,111,1
34034,140,138,2
34035,97,97,0
34036,165,162,3
34037,582,576,6
34038,149,147,2
34039,135,134,1
34040,257,255,2
34041,127,125,2
34042,139,139,0
34043,149,149,0
34044,172,170,2
34045,289,286,3
34046,866,839,27
34047,298,295,3
34048,728,721,7
34049,202,200,2
34050,115,105,10
34051,120,118,2
34052,165,163,2
34053,159,158,1
34054,66,66,0
34055,204,202,2
34056,357,345,12
34057,132,131,1
34058,692,678,14
34059,319,316,3
34060,193,192,1
34061,215,208,7
34062,308,308,0
34063,265,264,1
34064,242,235,7
34065,131,127,4
34066,422,418,4
34067,66,65,1
34068,749,740,9
34069,484,478,6
34070,119,119,0
34071,169,163,6
34072,78,78,0
34073,72,71,1
34074,213,207,6
34075,147,139,8
34076,851,847,4
34077,182,182,0
34078,158,158,0
34079,196,192,4
34080,127,124,3
34081,119,117,2
34082,60,59,1
34083,125,123,2
34084,119,116,3
34085,172,169,3
34086,288,283,5
34087,419,414,5
34088,127,124,3
34089,124,124,0
34090,135,132,3
34091,236,230,6
34092,310,308,2
34093,675,672,3
34094,304,300,4
34095,624,617,7
34096,326,301,25
34097,111,109,2
34098,238,237,1
34099,238,230,8
34100,305,303,2
34101,203,201,2
34102,194,191,3
34103,949,946,3
34104,466,445,21
34105,837,818,19
34106,318,310,8
34107,252,248,4
34108,139,136,3
34109,132,131,1
34110,81,80,1
34111,124,123,1
34112,245,239,6
34113,138,137,1
34114,134,132,2
34115,162,158,4
34116,376,369,7
34117,101,97,4
34118,41,39,2
34119,113,112,1
34120,126,126,0
34121,77,75,2
34122,171,170,1
34123,44,43,1
34124,216,183,33
34125,153,148,5
34126,252,239,13
34127,94,90,4
34128,193,179,14
34129,136,128,8
34130,248,235,13
34131,149,149,0
34132,47,47,0
34133,285,283,2
34134,429,427,2
34135,573,562,11
34136,312,304,8
34137,123,123,0
34138,657,653,4
34139,81,81,0
34140,136,136,0
34141,97,96,1
34142,44,44,0
34143,130,130,0
34144,63,62,1
34145,561,557,4
34146,198,195,3
34147,432,429,3
34148,112,111,1
34149,165,164,1
34150,145,143,2
34151,494,491,3
34152,96,96,0
34153,72,70,2
34154,138,137,1
34155,289,286,3
34156,677,661,16
34157,77,73,4
34158,131,131,0
34159,147,143,4
34160,149,148,1
34161,124,122,2
34162,308,304,4
34163,580,575,5
34164,175,169,6
34165,81,79,2
34166,133,132,1
34167,477,473,4
34168,212,210,2
34169,460,457,3
34170,117,117,0
34171,577,568,9
34172,112,112,0
34173,290,289,1
34174,164,161,3
34175,234,232,2
34176,186,183,3
34177,360,350,10
34178,430,423,7
34179,138,138,0
34180,215,213,2
34181,206,203,3
34182,213,209,4
34183,148,145,3
34184,201,201,0
34185,129,129,0
34186,210,210,0
34187,143,143,0
34188,133,130,3
34189,169,168,1
34190,234,234,0
34191,114,113,1
34192,124,117,7
34193,297,294,3
34194,162,162,0
34195,111,109,2
34196,141,140,1
34197,148,146,2
34198,287,285,2
34199,287,284,3
34200,152,152,0
34201,136,134,2
34202,410,405,5
34203,464,454,10
34204,193,193,0
34205,225,220,5
34206,201,196,5
34207,258,250,8
34208,141,137,4
34209,121,120,1
34210,194,193,1
34211,123,116,7
34212,156,150,6
34213,138,135,3
34214,164,157,7
34215,128,124,4
34216,106,105,1
34217,148,146,2
34218,130,130,0
34219,140,137,3
34220,168,168,0
34221,609,595,14
34222,440,431,9
34223,278,272,6
34224,140,136,4
34225,209,201,8
34226,199,198,1
34227,295,264,31
34228,205,201,4
34229,465,454,11
34230,239,227,12
34231,545,524,21
34232,32,30,2
34233,340,320,20
34234,67,66,1
34235,129,123,6
34236,187,177,10
34237,172,168,4
34238,442,438,4
34239,335,325,10
34240,109,106,3
34241,101,101,0
34242,378,373,5
34243,41,41,0
34244,130,125,5
34245,297,276,21
34246,90,89,1
34247,63,63,0
34248,52,50,2
34249,58,58,0
34250,78,77,1
34251,76,75,1
34252,197,191,6
34253,135,134,1
34254,241,240,1
34255,412,404,8
34256,83,83,0
34257,101,97,4
34258,146,146,0
34259,110,110,0
34260,95,93,2
34261,79,79,0
34262,146,145,1
34263,347,344,3
34264,346,342,4
34265,201,201,0
34266,120,120,0
34267,506,496,10
34268,469,465,4
34269,98,96,2
34270,172,165,7
34271,154,150,4
34272,194,192,2
34273,365,360,5
34274,169,166,3
34275,183,182,1
34276,199,194,5
34277,295,291,4
34278,292,286,6
34279,292,286,6
34280,126,122,4
34281,183,180,3
34282,307,302,5
34283,193,185,8
34284,243,237,6
34285,575,567,8
34286,194,190,4
34287,95,95,0
34288,142,141,1
34289,227,221,6
34290,734,724,10
34291,196,191,5
34292,265,263,2
34293,328,322,6
34294,258,251,7
34295,422,418,4
34296,126,125,1
34297,120,120,0
34298,291,290,1
34299,169,168,1
34300,285,279,6
34301,240,237,3
34302,137,136,1
34303,162,159,3
34304,151,151,0
34305,238,238,0
34306,188,187,1
34307,299,299,0
34308,534,528,6
34309,141,139,2
34310,119,119,0
34311,304,302,2
34312,453,449,4
34313,370,367,3
34314,141,141,0
34315,121,119,2
34316,126,123,3
34317,159,159,0
34318,374,371,3
34319,136,135,1
34320,36,36,0
34321,66,65,1
34322,130,128,2
34323,117,116,1
34324,139,136,3
34325,121,118,3
34326,130,126,4
34327,124,121,3
34328,122,121,1
34329,65,62,3
34330,585,571,14
34331,295,294,1
34332,174,172,2
34333,118,116,2
34334,141,141,0
34335,124,124,0
34336,185,184,1
34337,108,108,0
34338,283,280,3
34339,165,161,4
34340,177,176,1
34341,145,141,4
34342,160,158,2
34343,272,271,1
34344,144,143,1
34345,168,166,2
34346,293,285,8
34347,47,46,1
34348,274,270,4
34349,113,111,2
34350,374,372,2
34351,150,143,7
34352,316,306,10
34353,117,112,5
34354,167,167,0
34355,176,176,0
34356,127,123,4
34357,46,45,1
34358,111,106,5
34359,162,155,7
34360,324,320,4
34361,203,202,1
34362,287,283,4
34363,253,251,2
34364,76,75,1
34365,257,257,0
34366,90,88,2
34367,266,263,3
34368,180,171,9
34369,138,135,3
34370,105,104,1
34371,107,107,0
34372,172,166,6
34373,190,184,6
34374,322,314,8
34375,30,30,0
34376,130,128,2
34377,145,142,3
34378,119,113,6
34379,153,149,4
34380,159,148,11
34381,301,298,3
34382,215,205,10
34383,170,170,0
34384,259,250,9
34385,67,67,0
34386,216,215,1
34387,82,80,2
34388,125,124,1
34389,193,187,6
34390,197,186,11
34391,81,80,1
34392,92,92,0
34393,188,188,0
34394,89,89,0
34395,222,216,6
34396,568,555,13
34397,45,44,1
34398,92,90,2
34399,188,187,1
34400,128,122,6
34401,150,148,2
34402,67,65,2
34403,52,50,2
34404,77,74,3
34405,70,68,2
34406,79,79,0
34407,89,89,0
34408,174,169,5
34409,102,99,3
34410,119,119,0
34411,66,64,2
34412,144,132,12
34413,70,63,7
34414,273,260,13
34415,143,139,4
34416,126,121,5
34417,129,125,4
34418,51,50,1
34419,146,141,5
34420,355,343,12
34421,165,161,4
34422,663,652,11
34423,119,114,5
34424,221,214,7
34425,223,216,7
34426,207,206,1
34427,120,117,3
34428,214,208,6
34429,647,620,27
34430,195,192,3
34431,178,173,5
34432,122,121,1
34433,118,117,1
34434,277,267,10
34435,217,214,3
34436,118,115,3
34437,250,249,1
34438,168,165,3
34439,171,168,3
34440,209,196,13
34441,215,213,2
34442,354,346,8
34443,119,118,1
34444,181,177,4
34445,36,36,0
34446,98,94,4
34447,183,179,4
34448,121,118,3
34449,153,152,1
34450,118,115,3
34451,133,131,2
34452,157,153,4
34453,160,158,2
34454,147,145,2
34455,326,319,7
34456,77,76,1
34457,125,121,4
34458,213,209,4
34459,121,119,2
34460,154,150,4
34461,164,161,3
34462,190,186,4
34463,166,162,4
34464,133,131,2
34465,349,343,6
34466,258,254,4
34467,47,47,0
34468,77,77,0
34469,244,239,5
34470,215,204,11
34471,43,43,0
34472,126,125,1
34473,115,114,1
34474,291,285,6
34475,110,110,0
34476,169,167,2
34477,97,97,0
34478,126,125,1
34479,164,162,2
34480,118,116,2
34481,94,94,0
34482,113,112,1
34483,134,132,2
34484,178,177,1
34485,168,167,1
34486,45,41,4
34487,220,219,1
34488,118,117,1
34489,156,156,0
34490,156,150,6
34491,125,125,0
34492,228,227,1
34493,916,902,14
34494,314,312,2
34495,235,232,3
34496,373,371,2
34497,20,20,0
34498,137,135,2
34499,361,355,6
34500,182,182,0
34501,53,52,1
34502,117,114,3
34503,214,210,4
34504,205,204,1
34505,99,99,0
34506,248,246,2
34507,54,53,1
34508,369,348,21
34509,323,314,9
34510,186,186,0
34511,366,343,23
34512,40,38,2
34513,295,282,13
34514,131,125,6
34515,167,164,3
34516,121,121,0
34517,232,217,15
34518,90,90,0
34519,71,71,0
34520,167,164,3
34521,220,217,3
34522,166,166,0
34523,125,124,1
34524,279,274,5
34525,518,508,10
34526,143,142,1
34527,51,51,0
34528,654,646,8
34529,65,63,2
34530,155,154,1
34531,201,198,3
34532,219,192,27
34533,135,134,1
34534,197,195,2
34535,169,167,2
34536,142,142,0
34537,116,112,4
34538,147,146,1
34539,200,194,6
34540,384,380,4
34541,213,209,4
34542,250,248,2
34543,195,194,1
34544,310,304,6
34545,129,127,2
34546,140,135,5
34547,131,129,2
34548,214,208,6
34549,150,149,1
34550,125,124,1
34551,126,125,1
34552,195,186,9
34553,172,170,2
34554,151,151,0
34555,132,130,2
34556,352,347,5
34557,203,199,4
34558,39,36,3
34559,160,157,3
34560,57,57,0
34561,232,229,3
34562,57,57,0
34563,395,386,9
34564,46,46,0
34565,151,148,3
34566,67,67,0
34567,80,76,4
34568,307,303,4
34569,41,41,0
34570,66,65,1
34571,159,154,5
34572,142,140,2
34573,407,404,3
34574,562,548,14
34575,116,115,1
34576,141,139,2
34577,302,296,6
34578,616,608,8
34579,336,330,6
34580,323,315,8
34581,187,184,3
34582,335,321,14
34583,411,394,17
34584,183,180,3
34585,259,249,10
34586,197,193,4
34587,190,188,2
34588,129,122,7
34589,106,97,9
34590,92,91,1
34591,65,64,1
34592,152,151,1
34593,162,161,1
34594,224,224,0
34595,186,184,2
34596,60,59,1
34597,110,107,3
34598,476,465,11
34599,110,106,4
34600,393,392,1
34601,127,126,1
34602,139,134,5
34603,227,223,4
34604,349,348,1
34605,323,310,13
34606,334,328,6
34607,62,61,1
34608,163,161,2
34609,196,194,2
34610,101,98,3
34611,169,161,8
34612,111,106,5
34613,37,36,1
34614,225,222,3
34615,485,473,12
34616,136,135,1
34617,155,154,1
34618,186,186,0
34619,137,137,0
34620,90,89,1
34621,143,138,5
34622,148,146,2
34623,510,507,3
34624,314,307,7
34625,111,109,2
34626,192,189,3
34627,129,127,2
34628,48,47,1
34629,45,44,1
34630,34,31,3
34631,148,146,2
34632,398,375,23
34633,143,142,1
34634,312,311,1
34635,137,133,4
34636,301,296,5
34637,197,195,2
34638,126,123,3
34639,174,170,4
34640,139,138,1
34641,470,462,8
34642,173,170,3
34643,111,106,5
34644,143,141,2
34645,219,219,0
34646,120,117,3
34647,192,189,3
34648,188,186,2
34649,128,127,1
34650,119,119,0
34651,136,135,1
34652,113,112,1
34653,131,130,1
34654,113,108,5
34655,140,139,1
34656,180,178,2
34657,285,278,7
34658,174,174,0
34659,214,209,5
34660,438,433,5
34661,153,150,3
34662,322,319,3
34663,402,398,4
34664,180,179,1
34665,185,172,13
34666,819,815,4
34667,399,391,8
34668,264,259,5
34669,449,442,7
34670,129,125,4
34671,116,114,2
34672,268,266,2
34673,538,530,8
34674,352,337,15
34675,768,765,3
34676,366,360,6
34677,157,152,5
34678,171,166,5
34679,177,174,3
34680,219,216,3
34681,160,158,2
34682,152,150,2
34683,782,769,13
34684,130,128,2
34685,326,318,8
34686,56,56,0
34687,234,228,6
34688,55,54,1
34689,95,93,2
34690,57,57,0
34691,84,80,4
34692,126,125,1
34693,96,96,0
34694,91,91,0
34695,110,108,2
34696,245,242,3
34697,122,119,3
34698,223,219,4
34699,68,67,1
34700,188,186,2
34701,175,173,2
34702,413,407,6
34703,122,122,0
34704,695,689,6
34705,210,209,1
34706,100,96,4
34707,529,515,14
34708,216,212,4
34709,201,188,13
34710,131,130,1
34711,48,46,2
34712,169,168,1
34713,111,110,1
34714,303,298,5
34715,302,299,3
34716,315,310,5
34717,346,344,2
34718,124,124,0
34719,125,124,1
34720,189,182,7
34721,274,264,10
34722,290,287,3
34723,86,86,0
34724,44,44,0
34725,131,130,1
34726,113,111,2
34727,124,119,5
34728,283,279,4
34729,135,135,0
34730,108,107,1
34731,129,126,3
34732,309,306,3
34733,626,625,1
34734,130,129,1
34735,157,157,0
34736,770,758,12
34737,123,121,2
34738,288,284,4
34739,221,217,4
34740,199,193,6
34741,330,329,1
34742,511,498,13
34743,440,430,10
34744,134,132,2
34745,213,210,3
34746,129,129,0
34747,387,375,12
34748,142,140,2
34749,142,140,2
34750,139,139,0
34751,152,148,4
34752,248,244,4
34753,207,199,8
34754,313,308,5
34755,137,137,0
34756,154,154,0
34757,387,381,6
34758,233,227,6
34759,162,160,2
34760,117,113,4
34761,56,54,2
34762,211,203,8
34763,203,199,4
34764,112,109,3
34765,422,408,14
34766,188,181,7
34767,581,557,24
34768,122,119,3
34769,128,127,1
34770,93,92,1
34771,71,71,0
34772,86,86,0
34773,143,138,5
34774,586,566,20
34775,160,157,3
34776,1733,1665,68
34777,180,179,1
34778,509,493,16
34779,306,303,3
34780,397,383,14
34781,60,59,1
34782,109,108,1
34783,390,374,16
34784,142,141,1
34785,110,108,2
34786,81,78,3
34787,224,220,4
34788,133,130,3
34789,143,143,0
34790,204,203,1
34791,73,72,1
34792,81,78,3
34793,581,571,10
34794,513,508,5
34795,832,826,6
34796,70,69,1
34797,48,48,0
34798,131,128,3
34799,132,132,0
34800,137,137,0
34801,150,144,6
34802,179,177,2
34803,43,43,0
34804,216,213,3
34805,100,95,5
34806,148,147,1
34807,119,117,2
34808,128,128,0
34809,206,201,5
34810,95,94,1
34811,88,88,0
34812,96,96,0
34813,150,150,0
34814,99,99,0
34815,91,89,2
34816,152,151,1
34817,278,274,4
34818,178,176,2
34819,176,175,1
34820,145,139,6
34821,285,284,1
34822,122,117,5
34823,914,898,16
34824,225,220,5
34825,165,161,4
34826,72,72,0
34827,86,84,2
34828,55,55,0
34829,149,145,4
34830,291,285,6
34831,195,191,4
34832,193,190,3
34833,254,248,6
34834,72,71,1
34835,130,125,5
34836,87,83,4
34837,238,237,1
34838,109,109,0
34839,62,62,0
34840,158,156,2
34841,118,116,2
34842,138,138,0
34843,367,363,4
34844,129,129,0
34845,221,218,3
34846,162,162,0
34847,629,608,21
34848,373,368,5
34849,129,126,3
34850,136,134,2
34851,113,113,0
34852,126,124,2
34853,56,56,0
34854,125,122,3
34855,119,118,1
34856,186,184,2
34857,164,164,0
34858,52,51,1
34859,68,68,0
34860,125,123,2
34861,146,146,0
34862,490,482,8
34863,272,266,6
34864,368,367,1
34865,168,165,3
34866,716,685,31
34867,91,90,1
34868,163,162,1
34869,650,620,30
34870,141,138,3
34871,290,281,9
34872,85,84,1
34873,66,66,0
34874,163,160,3
34875,165,163,2
34876,144,141,3
34877,161,161,0
34878,277,275,2
34879,109,102,7
34880,602,591,11
34881,129,124,5
34882,230,217,13
34883,199,192,7
34884,106,105,1
34885,122,118,4
34886,243,236,7
34887,197,189,8
34888,219,213,6
34889,201,198,3
34890,131,131,0
34891,118,118,0
34892,185,185,0
34893,266,260,6
34894,126,123,3
34895,159,156,3
34896,63,57,6
34897,68,67,1
34898,280,277,3
34899,275,258,17
34900,299,292,7
34901,182,177,5
34902,186,184,2
34903,310,287,23
34904,266,260,6
34905,260,249,11
34906,266,262,4
34907,38,38,0
34908,151,145,6
34909,130,128,2
34910,26,26,0
34911,150,149,1
34912,150,149,1
34913,133,133,0
34914,213,212,1
34915,180,178,2
34916,127,125,2
34917,145,144,1
34918,166,162,4
34919,434,433,1
34920,502,489,13
34921,136,134,2
34922,130,130,0
34923,123,122,1
34924,737,722,15
34925,139,136,3
34926,231,228,3
34927,164,164,0
34928,138,138,0
34929,179,179,0
34930,316,310,6
34931,130,129,1
34932,121,120,1
34933,535,525,10
34934,153,153,0
34935,143,139,4
34936,602,593,9
34937,90,85,5
34938,140,137,3
34939,72,72,0
34940,292,288,4
34941,379,368,11
34942,415,404,11
34943,608,591,17
34944,79,77,2
34945,59,58,1
34946,113,111,2
34947,231,229,2
34948,140,140,0
34949,264,261,3
34950,225,220,5
34951,38,37,1
34952,62,60,2
34953,138,137,1
34954,392,383,9
34955,125,121,4
34956,66,64,2
34957,348,342,6
34958,227,225,2
34959,121,116,5
34960,64,63,1
34961,131,131,0
34962,256,255,1
34963,131,130,1
34964,147,147,0
34965,370,363,7
34966,219,217,2
34967,131,131,0
34968,284,278,6
34969,227,219,8
34970,203,195,8
34971,134,128,6
34972,434,421,13
34973,198,190,8
34974,506,500,6
34975,131,127,4
34976,120,120,0
34977,59,58,1
34978,167,159,8
34979,233,228,5
34980,421,412,9
34981,191,189,2
34982,115,110,5
34983,705,677,28
34984,198,194,4
34985,147,135,12
34986,130,124,6
34987,111,109,2
34988,202,195,7
34989,96,95,1
34990,122,117,5
34991,318,302,16
34992,360,351,9
34993,167,156,11
34994,244,240,4
34995,154,154,0
34996,139,137,2
34997,120,118,2
34998,147,145,2
34999,352,340,12
35000,185,182,3
35001,146,143,3
35002,437,423,14
35003,692,670,22
35004,499,470,29
35005,468,445,23
35006,123,120,3
35007,110,108,2
35008,178,171,7
35009,168,162,6
35010,445,415,30
35011,194,189,5
35012,583,577,6
35013,143,137,6
35014,51,50,1
35015,173,169,4
35016,187,186,1
35017,133,128,5
35018,310,302,8
35019,213,211,2
35020,303,289,14
35021,136,132,4
35022,120,117,3
35023,156,153,3
35024,71,71,0
35025,55,55,0
35026,70,70,0
35027,64,64,0
35028,141,138,3
35029,65,65,0
35030,44,43,1
35031,154,150,4
35032,120,119,1
35033,136,134,2
35034,239,229,10
35035,171,169,2
35036,124,119,5
35037,116,115,1
35038,205,185,20
35039,179,165,14
35040,184,176,8
35041,126,110,16
35042,125,120,5
35043,162,155,7
35044,147,139,8
35045,120,120,0
35046,119,118,1
35047,115,112,3
35048,91,77,14
35049,40,39,1
35050,62,62,0
35051,88,88,0
35052,490,464,26
35053,427,409,18
35054,134,134,0
35055,196,190,6
35056,769,725,44
35057,87,85,2
35058,50,50,0
35059,284,249,35
35060,210,196,14
35061,169,155,14
35062,148,139,9
35063,346,325,21
35064,64,64,0
35065,402,389,13
35066,267,241,26
35067,381,335,46
35068,255,250,5
35069,275,273,2
35070,156,156,0
35071,287,286,1
35072,346,341,5
35073,203,197,6
35074,128,127,1
35075,125,123,2
35076,126,124,2
35077,314,302,12
35078,119,116,3
35079,175,170,5
35080,177,168,9
35081,334,320,14
35082,185,183,2
35083,305,297,8
35084,232,231,1
35085,163,162,1
35086,294,293,1
35087,155,153,2
35088,131,128,3
35089,281,259,22
35090,138,134,4
35091,137,134,3
35092,706,696,10
35093,229,228,1
35094,149,147,2
35095,154,153,1
35096,210,207,3
35097,282,280,2
35098,123,114,9
35099,132,120,12
35100,904,884,20
35101,242,239,3
35102,355,351,4
35103,256,255,1
35104,631,622,9
35105,315,308,7
35106,453,438,15
35107,708,685,23
35108,289,287,2
35109,131,130,1
35110,183,179,4
35111,83,83,0
35112,111,108,3
35113,85,84,1
35114,128,128,0
35115,45,45,0
35116,224,223,1
35117,178,172,6
35118,177,173,4
35119,330,326,4
35120,219,212,7
35121,344,333,11
35122,347,339,8
35123,232,231,1
35124,572,559,13
35125,369,361,8
35126,106,104,2
35127,355,351,4
35128,114,110,4
35129,67,67,0
35130,620,607,13
35131,287,284,3
35132,82,82,0
35133,144,143,1
35134,138,138,0
35135,44,44,0
35136,66,61,5
35137,115,109,6
35138,174,172,2
35139,245,243,2
35140,185,178,7
35141,171,166,5
35142,151,149,2
35143,98,96,2
35144,187,183,4
35145,146,143,3
35146,204,201,3
35147,266,261,5
35148,133,130,3
35149,522,512,10
35150,338,332,6
35151,177,173,4
35152,288,280,8
35153,210,207,3
35154,267,264,3
35155,456,453,3
35156,261,255,6
35157,364,360,4
35158,122,121,1
35159,172,171,1
35160,293,287,6
35161,581,574,7
35162,38,38,0
35163,138,135,3
35164,141,139,2
35165,213,201,12
35166,115,112,3
35167,244,239,5
35168,175,175,0
35169,278,263,15
35170,122,121,1
35171,142,139,3
35172,100,98,2
35173,110,109,1
35174,164,160,4
35175,179,177,2
35176,730,721,9
35177,140,140,0
35178,168,163,5
35179,181,175,6
35180,396,391,5
35181,108,104,4
35182,252,251,1
35183,133,132,1
35184,228,227,1
35185,322,319,3
35186,187,184,3
35187,73,73,0
35188,687,682,5
35189,303,298,5
35190,354,351,3
35191,117,115,2
35192,199,198,1
35193,84,84,0
35194,128,127,1
35195,62,59,3
35196,553,535,18
35197,184,180,4
35198,263,263,0
35199,128,128,0
35200,1017,1010,7
35201,435,426,9
35202,99,93,6
35203,167,167,0
35204,749,735,14
35205,171,170,1
35206,127,126,1
35207,119,114,5
35208,122,122,0
35209,180,180,0
35210,195,194,1
35211,146,146,0
35212,204,201,3
35213,217,214,3
35214,192,192,0
35215,130,125,5
35216,211,206,5
35217,270,266,4
35218,369,366,3
35219,138,136,2
35220,172,170,2
35221,140,140,0
35222,159,156,3
35223,217,216,1
35224,171,171,0
35225,57,57,0
35226,249,247,2
35227,62,62,0
35228,140,138,2
35229,91,85,6
35230,122,121,1
35231,73,72,1
35232,544,536,8
35233,198,196,2
35234,113,112,1
35235,476,471,5
35236,170,165,5
35237,581,572,9
35238,488,469,19
35239,368,355,13
35240,289,286,3
35241,318,317,1
35242,613,607,6
35243,271,269,2
35244,128,128,0
35245,304,299,5
35246,290,290,0
35247,192,191,1
35248,136,136,0
35249,124,124,0
35250,140,139,1
35251,317,314,3
35252,389,385,4
35253,83,81,2
35254,426,425,1
35255,366,360,6
35256,385,383,2
35257,217,214,3
35258,700,689,11
35259,473,468,5
35260,119,119,0
35261,190,188,2
35262,311,307,4
35263,550,546,4
35264,78,73,5
35265,482,472,10
35266,727,718,9
35267,314,311,3
35268,380,376,4
35269,323,319,4
35270,231,224,7
35271,541,532,9
35272,603,590,13
35273,199,195,4
35274,114,114,0
35275,45,43,2
35276,123,123,0
35277,179,177,2
35278,367,363,4
35279,159,158,1
35280,1008,997,11
35281,168,164,4
35282,176,172,4
35283,548,543,5
35284,334,331,3
35285,412,403,9
35286,204,203,1
35287,135,133,2
35288,154,151,3
35289,126,124,2
35290,197,195,2
35291,175,163,12
35292,261,252,9
35293,802,797,5
35294,184,178,6
35295,38,38,0
35296,328,323,5
35297,93,90,3
35298,163,161,2
35299,146,143,3
35300,49,49,0
35301,38,38,0
35302,206,203,3
35303,184,181,3
35304,107,107,0
35305,104,104,0
35306,341,334,7
35307,227,222,5
35308,402,389,13
35309,169,169,0
35310,131,129,2
35311,264,263,1
35312,202,196,6
35313,135,133,2
35314,130,125,5
35315,47,47,0
35316,167,167,0
35317,132,132,0
35318,56,56,0
35319,56,56,0
35320,232,228,4
35321,131,129,2
35322,118,117,1
35323,70,69,1
35324,73,71,2
35325,140,137,3
35326,266,264,2
35327,298,295,3
35328,527,514,13
35329,112,110,2
35330,183,174,9
35331,308,303,5
35332,198,195,3
35333,193,190,3
35334,145,139,6
35335,501,497,4
35336,306,306,0
35337,589,571,18
35338,317,307,10
35339,388,382,6
35340,822,799,23
35341,103,102,1
35342,115,108,7
35343,237,232,5
35344,163,161,2
35345,546,538,8
35346,90,90,0
35347,322,317,5
35348,312,312,0
35349,278,273,5
35350,193,191,2
35351,243,243,0
35352,123,122,1
35353,472,459,13
35354,135,135,0
35355,157,156,1
35356,698,672,26
35357,111,111,0
35358,158,158,0
35359,306,296,10
35360,399,387,12
35361,73,71,2
35362,433,431,2
35363,79,77,2
35364,189,185,4
35365,115,115,0
35366,55,55,0
35367,359,350,9
35368,123,120,3
35369,104,104,0
35370,114,112,2
35371,90,87,3
35372,45,42,3
35373,378,365,13
35374,267,260,7
35375,190,189,1
35376,117,115,2
35377,224,220,4
35378,118,117,1
35379,167,166,1
35380,112,110,2
35381,237,224,13
35382,135,134,1
35383,153,151,2
35384,129,126,3
35385,676,662,14
35386,122,117,5
35387,219,216,3
35388,212,210,2
35389,56,56,0
35390,418,414,4
35391,527,510,17
35392,263,257,6
35393,280,266,14
35394,329,325,4
35395,261,252,9
35396,456,435,21
35397,189,186,3
35398,134,132,2
35399,227,227,0
35400,353,343,10
35401,70,69,1
35402,126,124,2
35403,19,19,0
35404,118,118,0
35405,217,211,6
35406,141,140,1
35407,128,125,3
35408,42,41,1
35409,113,111,2
35410,192,190,2
35411,72,72,0
35412,71,69,2
35413,146,144,2
35414,75,75,0
35415,69,68,1
35416,69,68,1
35417,178,173,5
35418,605,596,9
35419,134,129,5
35420,75,72,3
35421,102,100,2
35422,68,67,1
35423,107,107,0
35424,131,131,0
35425,115,113,2
35426,219,217,2
35427,468,462,6
35428,184,184,0
35429,131,127,4
35430,114,114,0
35431,44,42,2
35432,83,81,2
35433,207,206,1
35434,102,102,0
35435,107,100,7
35436,267,263,4
35437,130,130,0
35438,127,126,1
35439,107,107,0
35440,152,149,3
35441,170,168,2
35442,165,165,0
35443,291,285,6
35444,128,128,0
35445,126,122,4
35446,118,116,2
35447,174,172,2
35448,232,232,0
35449,121,120,1
35450,223,222,1
35451,103,101,2
35452,205,203,2
35453,169,163,6
35454,336,328,8
35455,189,187,2
35456,160,159,1
35457,205,203,2
35458,479,466,13
35459,177,175,2
35460,309,308,1
35461,194,194,0
35462,161,160,1
35463,130,129,1
35464,141,138,3
35465,277,269,8
35466,128,125,3
35467,214,214,0
35468,153,150,3
35469,168,167,1
35470,168,165,3
35471,238,237,1
35472,117,116,1
35473,236,229,7
35474,229,224,5
35475,146,142,4
35476,154,152,2
35477,74,73,1
35478,67,67,0
35479,61,61,0
35480,116,116,0
35481,42,40,2
35482,111,108,3
35483,217,216,1
35484,166,162,4
35485,240,233,7
35486,71,70,1
35487,321,318,3
35488,274,272,2
35489,216,215,1
35490,144,142,2
35491,187,186,1
35492,563,552,11
35493,341,339,2
35494,133,133,0
35495,166,164,2
35496,325,323,2
35497,185,181,4
35498,213,208,5
35499,366,358,8
35500,266,262,4
35501,296,289,7
35502,80,76,4
35503,111,111,0
35504,112,111,1
35505,196,193,3
35506,133,131,2
35507,355,349,6
35508,152,150,2
35509,191,190,1
35510,302,291,11
35511,209,207,2
35512,75,75,0
35513,59,57,2
35514,118,117,1
35515,293,286,7
35516,48,48,0
35517,178,177,1
35518,226,224,2
35519,195,193,2
35520,139,137,2
35521,143,143,0
35522,471,467,4
35523,135,135,0
35524,103,101,2
35525,213,211,2
35526,89,87,2
35527,446,439,7
35528,282,268,14
35529,247,243,4
35530,281,278,3
35531,140,136,4
35532,170,168,2
35533,237,232,5
35534,227,220,7
35535,249,243,6
35536,110,110,0
35537,159,155,4
35538,387,383,4
35539,390,386,4
35540,195,194,1
35541,164,163,1
35542,571,564,7
35543,164,161,3
35544,138,136,2
35545,76,76,0
35546,68,65,3
35547,155,153,2
35548,160,157,3
35549,507,501,6
35550,122,120,2
35551,126,126,0
35552,105,101,4
35553,321,313,8
35554,133,131,2
35555,140,136,4
35556,144,141,3
35557,128,126,2
35558,500,487,13
35559,328,316,12
35560,259,256,3
35561,915,898,17
35562,107,107,0
35563,141,140,1
35564,153,151,2
35565,134,133,1
35566,127,126,1
35567,155,155,0
35568,138,133,5
35569,274,267,7
35570,146,143,3
35571,121,119,2
35572,159,155,4
35573,139,138,1
35574,144,138,6
35575,141,138,3
35576,224,223,1
35577,143,143,0
35578,56,54,2
35579,175,168,7
35580,112,108,4
35581,45,45,0
35582,340,336,4
35583,988,968,20
35584,320,316,4
35585,81,80,1
35586,68,68,0
35587,354,346,8
35588,62,62,0
35589,147,147,0
35590,178,174,4
35591,203,201,2
35592,263,259,4
35593,144,141,3
35594,431,423,8
35595,59,58,1
35596,148,146,2
35597,203,196,7
35598,270,269,1
35599,481,474,7
35600,114,113,1
35601,159,158,1
35602,213,204,9
35603,120,116,4
35604,167,166,1
35605,264,259,5
35606,325,320,5
35607,236,228,8
35608,300,271,29
35609,230,225,5
35610,154,152,2
35611,29,28,1
35612,40,40,0
35613,52,49,3
35614,74,70,4
35615,64,62,2
35616,147,144,3
35617,192,188,4
35618,124,122,2
35619,126,123,3
35620,124,124,0
35621,131,131,0
35622,288,283,5
35623,239,233,6
35624,124,120,4
35625,233,227,6
35626,123,123,0
35627,53,53,0
35628,181,174,7
35629,153,152,1
35630,128,126,2
35631,94,92,2
35632,273,269,4
35633,154,154,0
35634,109,106,3
35635,235,232,3
35636,221,221,0
35637,42,42,0
35638,73,72,1
35639,496,484,12
35640,228,226,2
35641,190,190,0
35642,100,97,3
35643,230,226,4
35644,239,232,7
35645,60,59,1
35646,52,52,0
35647,116,114,2
35648,102,99,3
35649,329,318,11
35650,253,248,5
35651,149,149,0
35652,178,176,2
35653,93,89,4
35654,385,381,4
35655,363,360,3
35656,138,137,1
35657,123,123,0
35658,97,97,0
35659,302,299,3
35660,131,130,1
35661,79,76,3
35662,160,157,3
35663,116,112,4
35664,192,187,5
35665,133,133,0
35666,179,169,10
35667,370,355,15
35668,111,101,10
35669,159,156,3
35670,92,88,4
35671,135,130,5
35672,237,234,3
35673,78,72,6
35674,937,909,28
35675,149,148,1
35676,435,428,7
35677,148,148,0
35678,460,459,1
35679,149,149,0
35680,343,322,21
35681,175,167,8
35682,224,218,6
35683,470,456,14
35684,162,158,4
35685,258,249,9
35686,99,95,4
35687,574,554,20
35688,33,32,1
35689,50,46,4
35690,147,141,6
35691,379,375,4
35692,123,122,1
35693,234,224,10
35694,379,374,5
35695,367,352,15
35696,296,284,12
35697,182,180,2
35698,297,286,11
35699,611,604,7
35700,433,425,8
35701,121,118,3
35702,400,391,9
35703,146,143,3
35704,480,470,10
35705,143,140,3
35706,464,453,11
35707,575,550,25
35708,179,176,3
35709,872,843,29
35710,805,788,17
35711,128,122,6
35712,132,130,2
35713,138,137,1
35714,193,191,2
35715,312,312,0
35716,1002,988,14
35717,631,625,6
35718,91,90,1
35719,133,133,0
35720,242,230,12
35721,84,82,2
35722,163,162,1
35723,69,68,1
35724,181,180,1
35725,69,69,0
35726,150,146,4
35727,304,303,1
35728,104,102,2
35729,213,211,2
35730,97,94,3
35731,181,179,2
35732,258,255,3
35733,442,432,10
35734,378,370,8
35735,358,352,6
35736,104,104,0
35737,178,177,1
35738,167,166,1
35739,253,242,11
35740,142,142,0
35741,186,178,8
35742,112,110,2
35743,191,184,7
35744,145,138,7
35745,367,354,13
35746,144,137,7
35747,41,41,0
35748,431,429,2
35749,222,216,6
35750,153,151,2
35751,186,185,1
35752,633,628,5
35753,636,623,13
35754,424,391,33
35755,148,148,0
35756,485,475,10
35757,530,527,3
35758,47,47,0
35759,110,109,1
35760,103,103,0
35761,91,90,1
35762,381,377,4
35763,346,344,2
35764,133,133,0
35765,539,530,9
35766,172,170,2
35767,373,369,4
35768,270,265,5
35769,413,408,5
35770,314,313,1
35771,129,129,0
35772,184,183,1
35773,104,104,0
35774,391,382,9
35775,118,117,1
35776,142,141,1
35777,154,152,2
35778,153,152,1
35779,231,231,0
35780,263,260,3
35781,117,116,1
35782,162,158,4
35783,284,282,2
35784,482,479,3
35785,172,169,3
35786,285,283,2
35787,276,274,2
35788,108,107,1
35789,182,176,6
35790,184,180,4
35791,149,146,3
35792,362,353,9
35793,138,138,0
35794,124,123,1
35795,135,131,4
35796,374,367,7
35797,453,447,6
35798,151,144,7
35799,515,507,8
35800,189,189,0
35801,159,158,1
35802,641,636,5
35803,155,148,7
35804,796,792,4
35805,271,262,9
35806,254,252,2
35807,482,474,8
35808,122,121,1
35809,210,205,5
35810,296,292,4
35811,158,157,1
35812,248,248,0
35813,137,137,0
35814,355,352,3
35815,255,245,10
35816,484,480,4
35817,198,197,1
35818,194,194,0
35819,592,586,6
35820,261,254,7
35821,386,383,3
35822,346,344,2
35823,504,501,3
35824,486,484,2
35825,152,150,2
35826,166,165,1
35827,123,123,0
35828,183,181,2
35829,347,341,6
35830,247,246,1
35831,502,494,8
35832,126,125,1
35833,113,110,3
35834,221,219,2
35835,583,577,6
35836,369,354,15
35837,251,248,3
35838,238,233,5
35839,131,128,3
35840,98,97,1
35841,511,507,4
35842,323,320,3
35843,134,133,1
35844,878,870,8
35845,115,110,5
35846,179,174,5
35847,498,485,13
35848,378,368,10
35849,300,297,3
35850,118,116,2
35851,149,148,1
35852,1006,989,17
35853,1001,985,16
35854,76,75,1
35855,641,628,13
35856,710,703,7
35857,995,981,14
35858,225,225,0
35859,270,268,2
35860,295,293,2
35861,250,248,2
35862,477,461,16
35863,342,333,9
35864,716,708,8
35865,144,144,0
35866,199,194,5
35867,60,57,3
35868,79,78,1
35869,337,335,2
35870,283,279,4
35871,84,81,3
35872,158,156,2
35873,275,270,5
35874,147,147,0
35875,315,313,2
35876,172,172,0
35877,276,268,8
35878,134,134,0
35879,133,132,1
35880,87,86,1
35881,56,56,0
35882,123,120,3
35883,139,138,1
35884,151,150,1
35885,210,207,3
35886,184,178,6
35887,122,122,0
35888,212,208,4
35889,146,146,0
35890,147,147,0
35891,156,156,0
35892,374,370,4
35893,559,543,16
35894,141,140,1
35895,251,249,2
35896,147,140,7
35897,239,232,7
35898,188,188,0
35899,209,209,0
35900,141,136,5
35901,126,125,1
35902,202,197,5
35903,214,211,3
35904,30,30,0
35905,77,77,0
35906,307,305,2
35907,146,146,0
35908,164,159,5
35909,157,153,4
35910,77,77,0
35911,88,82,6
35912,177,177,0
35913,145,145,0
35914,134,129,5
35915,572,551,21
35916,139,136,3
35917,230,226,4
35918,159,157,2
35919,159,158,1
35920,165,164,1
35921,385,370,15
35922,139,136,3
35923,700,680,20
35924,122,110,12
35925,104,104,0
35926,609,608,1
35927,119,118,1
35928,177,176,1
35929,334,332,2
35930,308,304,4
35931,155,149,6
35932,73,73,0
35933,208,205,3
35934,375,371,4
35935,248,242,6
35936,99,98,1
35937,224,218,6
35938,449,441,8
35939,216,213,3
35940,281,274,7
35941,137,136,1
35942,181,177,4
35943,161,160,1
35944,880,852,28
35945,298,292,6
35946,91,88,3
35947,116,114,2
35948,72,70,2
35949,147,146,1
35950,590,559,31
35951,193,185,8
35952,454,434,20
35953,237,230,7
35954,131,130,1
35955,205,203,2
35956,95,91,4
35957,174,168,6
35958,302,301,1
35959,423,401,22
35960,184,182,2
35961,119,115,4
35962,130,127,3
35963,378,368,10
35964,215,206,9
35965,165,163,2
35966,94,94,0
35967,109,108,1
35968,135,129,6
35969,58,58,0
35970,66,63,3
35971,137,136,1
35972,371,355,16
35973,211,210,1
35974,170,169,1
35975,137,136,1
35976,133,132,1
35977,139,138,1
35978,110,107,3
35979,208,206,2
35980,199,199,0
35981,381,372,9
35982,321,319,2
35983,123,122,1
35984,138,134,4
35985,504,492,12
35986,350,348,2
35987,273,270,3
35988,561,555,6
35989,984,958,26
35990,543,540,3
35991,346,345,1
35992,258,255,3
35993,337,333,4
35994,1015,1002,13
35995,2297,2271,26
35996,939,927,12
35997,160,157,3
35998,119,116,3
35999,145,145,0
36000,139,134,5
36001,155,154,1
36002,148,148,0
36003,220,216,4
36004,351,340,11
36005,95,91,4
36006,1002,991,11
36007,708,698,10
36008,211,209,2
36009,240,235,5
36010,124,123,1
36011,224,221,3
36012,251,249,2
36013,229,223,6
36014,132,125,7
36015,922,911,11
36016,946,902,44
36017,190,185,5
36018,327,323,4
36019,411,407,4
36020,299,292,7
36021,140,134,6
36022,175,172,3
36023,136,134,2
36024,148,147,1
36025,333,326,7
36026,189,183,6
36027,185,185,0
36028,241,233,8
36029,259,253,6
36030,186,186,0
36031,45,45,0
36032,136,135,1
36033,116,106,10
36034,55,54,1
36035,130,130,0
36036,196,185,11
36037,155,149,6
36038,173,171,2
36039,303,296,7
36040,202,197,5
36041,268,253,15
36042,281,280,1
36043,110,106,4
36044,192,187,5
36045,115,114,1
36046,147,147,0
36047,128,127,1
36048,126,126,0
36049,171,171,0
36050,196,194,2
36051,337,335,2
36052,185,184,1
36053,163,162,1
36054,143,141,2
36055,21,21,0
36056,353,346,7
36057,355,346,9
36058,147,145,2
36059,213,212,1
36060,57,56,1
36061,229,222,7
36062,342,335,7
36063,120,120,0
36064,286,274,12
36065,293,283,10
36066,112,111,1
36067,264,260,4
36068,125,120,5
36069,162,158,4
36070,161,156,5
36071,386,376,10
36072,348,343,5
36073,124,117,7
36074,157,154,3
36075,125,119,6
36076,184,177,7
36077,156,150,6
36078,332,316,16
36079,258,255,3
36080,170,169,1
36081,56,55,1
36082,172,169,3
36083,955,935,20
36084,136,133,3
36085,255,243,12
36086,178,175,3
36087,457,447,10
36088,212,202,10
36089,119,115,4
36090,215,210,5
36091,242,239,3
36092,328,322,6
36093,122,119,3
36094,182,178,4
36095,101,99,2
36096,419,406,13
36097,172,164,8
36098,358,349,9
36099,356,347,9
36100,612,605,7
36101,167,162,5
36102,94,89,5
36103,131,130,1
36104,452,444,8
36105,228,223,5
36106,113,108,5
36107,70,70,0
36108,115,115,0
36109,280,272,8
36110,284,278,6
36111,380,369,11
36112,54,52,2
36113,22,21,1
36114,398,392,6
36115,135,134,1
36116,232,229,3
36117,111,111,0
36118,123,122,1
36119,111,106,5
36120,101,98,3
36121,312,310,2
36122,117,111,6
36123,94,91,3
36124,220,214,6
36125,757,735,22
36126,371,365,6
36127,248,248,0
36128,395,391,4
36129,144,143,1
36130,214,210,4
36131,158,158,0
36132,240,238,2
36133,333,333,0
36134,208,206,2
36135,218,217,1
36136,258,256,2
36137,115,115,0
36138,296,296,0
36139,377,369,8
36140,521,518,3
36141,222,220,2
36142,150,146,4
36143,94,94,0
36144,122,121,1
36145,558,546,12
36146,108,106,2
36147,110,108,2
36148,168,163,5
36149,219,215,4
36150,143,143,0
36151,533,523,10
36152,498,489,9
36153,242,218,24
36154,451,450,1
36155,77,76,1
36156,89,83,6
36157,253,243,10
36158,189,187,2
36159,156,156,0
36160,228,222,6
36161,135,128,7
36162,120,117,3
36163,109,107,2
36164,121,103,18
36165,179,179,0
36166,26,26,0
36167,50,49,1
36168,46,45,1
36169,63,62,1
36170,47,47,0
36171,45,45,0
36172,227,227,0
36173,92,92,0
36174,452,447,5
36175,134,133,1
36176,623,586,37
36177,188,186,2
36178,592,575,17
36179,65,65,0
36180,138,136,2
36181,275,269,6
36182,202,199,3
36183,198,175,23
36184,111,111,0
36185,134,134,0
36186,160,156,4
36187,219,212,7
36188,203,202,1
36189,142,139,3
36190,137,134,3
36191,165,165,0
36192,124,124,0
36193,559,529,30
36194,312,307,5
36195,331,328,3
36196,116,115,1
36197,214,210,4
36198,561,520,41
36199,449,439,10
36200,203,203,0
36201,315,310,5
36202,192,189,3
36203,227,221,6
36204,385,374,11
36205,76,74,2
36206,42,42,0
36207,310,307,3
36208,154,150,4
36209,76,75,1
36210,220,218,2
36211,174,171,3
36212,151,148,3
36213,162,161,1
36214,607,601,6
36215,88,88,0
36216,217,213,4
36217,442,441,1
36218,707,697,10
36219,319,311,8
36220,107,106,1
36221,586,579,7
36222,107,106,1
36223,164,164,0
36224,733,727,6
36225,427,419,8
36226,936,919,17
36227,456,449,7
36228,303,291,12
36229,313,310,3
36230,232,228,4
36231,155,155,0
36232,400,396,4
36233,190,185,5
36234,353,350,3
36235,129,128,1
36236,403,397,6
36237,161,160,1
36238,842,832,10
36239,80,79,1
36240,151,150,1
36241,376,368,8
36242,214,214,0
36243,263,256,7
36244,306,300,6
36245,140,137,3
36246,147,144,3
36247,221,216,5
36248,96,94,2
36249,83,82,1
36250,58,58,0
36251,158,155,3
36252,131,130,1
36253,206,206,0
36254,145,143,2
36255,150,145,5
36256,78,78,0
36257,195,188,7
36258,253,244,9
36259,509,500,9
36260,209,206,3
36261,225,222,3
36262,495,490,5
36263,354,346,8
36264,491,484,7
36265,125,120,5
36266,204,201,3
36267,348,332,16
36268,347,340,7
36269,756,743,13
36270,107,106,1
36271,279,279,0
36272,112,111,1
36273,322,312,10
36274,493,488,5
36275,153,149,4
36276,50,49,1
36277,155,154,1
36278,234,221,13
36279,286,284,2
36280,132,132,0
36281,157,153,4
36282,114,112,2
36283,212,207,5
36284,203,200,3
36285,92,92,0
36286,164,158,6
36287,245,232,13
36288,159,153,6
36289,187,183,4
36290,156,153,3
36291,106,104,2
36292,158,158,0
36293,178,176,2
36294,342,338,4
36295,103,100,3
36296,92,90,2
36297,159,158,1
36298,288,279,9
36299,71,71,0
36300,121,118,3
36301,53,53,0
36302,81,80,1
36303,128,128,0
36304,542,531,11
36305,141,138,3
36306,405,398,7
36307,120,118,2
36308,309,307,2
36309,323,320,3
36310,651,634,17
36311,151,149,2
36312,191,190,1
36313,128,127,1
36314,119,114,5
36315,130,127,3
36316,138,135,3
36317,338,329,9
36318,126,121,5
36319,105,102,3
36320,278,272,6
36321,185,181,4
36322,112,112,0
36323,150,146,4
36324,159,158,1
36325,137,136,1
36326,146,141,5
36327,134,131,3
36328,139,138,1
36329,105,105,0
36330,99,98,1
36331,192,184,8
36332,114,113,1
36333,57,55,2
36334,44,43,1
36335,175,155,20
36336,112,110,2
36337,198,193,5
36338,84,84,0
36339,192,189,3
36340,107,106,1
36341,202,201,1
36342,133,126,7
36343,361,354,7
36344,156,156,0
36345,843,831,12
36346,150,149,1
36347,195,194,1
36348,121,118,3
36349,296,290,6
36350,287,277,10
36351,457,455,2
36352,398,388,10
36353,673,628,45
36354,129,128,1
36355,108,108,0
36356,155,149,6
36357,476,473,3
36358,241,237,4
36359,188,183,5
36360,439,432,7
36361,223,221,2
36362,761,748,13
36363,288,277,11
36364,138,134,4
36365,255,252,3
36366,770,749,21
36367,255,249,6
36368,224,220,4
36369,174,172,2
36370,236,233,3
36371,193,190,3
36372,117,117,0
36373,323,318,5
36374,718,708,10
36375,120,118,2
36376,212,210,2
36377,128,128,0
36378,163,162,1
36379,162,160,2
36380,144,143,1
36381,218,216,2
36382,124,123,1
36383,107,106,1
36384,619,613,6
36385,182,181,1
36386,254,253,1
36387,213,207,6
36388,210,206,4
36389,385,374,11
36390,694,684,10
36391,175,174,1
36392,338,337,1
36393,198,195,3
36394,978,975,3
36395,127,126,1
36396,125,115,10
36397,146,145,1
36398,220,213,7
36399,223,218,5
36400,134,131,3
36401,184,183,1
36402,197,192,5
36403,130,121,9
36404,151,147,4
36405,94,94,0
36406,139,136,3
36407,164,163,1
36408,75,75,0
36409,69,68,1
36410,56,55,1
36411,151,149,2
36412,102,99,3
36413,210,210,0
36414,50,48,2
36415,76,76,0
36416,230,228,2
36417,121,117,4
36418,173,173,0
36419,117,115,2
36420,168,164,4
36421,121,116,5
36422,363,358,5
36423,663,649,14
36424,92,90,2
36425,167,167,0
36426,178,175,3
36427,428,417,11
36428,99,98,1
36429,475,468,7
36430,117,116,1
36431,278,275,3
36432,176,176,0
36433,390,386,4
36434,177,176,1
36435,772,762,10
36436,144,142,2
36437,128,128,0
36438,135,135,0
36439,186,185,1
36440,273,268,5
36441,217,209,8
36442,104,99,5
36443,165,164,1
36444,259,251,8
36445,109,107,2
36446,60,57,3
36447,66,64,2
36448,123,119,4
36449,134,132,2
36450,178,173,5
36451,168,164,4
36452,165,164,1
36453,169,169,0
36454,56,56,0
36455,108,107,1
36456,261,256,5
36457,249,243,6
36458,521,499,22
36459,129,128,1
36460,248,244,4
36461,155,148,7
36462,163,160,3
36463,221,214,7
36464,218,216,2
36465,174,173,1
36466,235,234,1
36467,301,293,8
36468,273,266,7
36469,556,549,7
36470,220,214,6
36471,134,131,3
36472,151,150,1
36473,250,242,8
36474,134,133,1
36475,153,148,5
36476,303,299,4
36477,436,414,22
36478,203,198,5
36479,187,184,3
36480,121,120,1
36481,416,409,7
36482,137,137,0
36483,128,125,3
36484,97,97,0
36485,624,611,13
36486,213,211,2
36487,315,310,5
36488,182,178,4
36489,165,162,3
36490,844,834,10
36491,556,542,14
36492,149,148,1
36493,239,231,8
36494,122,120,2
36495,142,138,4
36496,239,236,3
36497,208,204,4
36498,59,57,2
36499,173,172,1
36500,184,183,1
36501,151,148,3
36502,177,173,4
36503,121,119,2
36504,389,385,4
36505,207,204,3
36506,174,173,1
36507,136,135,1
36508,147,147,0
36509,224,218,6
36510,117,116,1
36511,134,133,1
36512,146,144,2
36513,117,117,0
36514,265,260,5
36515,92,91,1
36516,154,153,1
36517,147,146,1
36518,230,229,1
36519,384,378,6
36520,157,157,0
36521,39,39,0
36522,129,128,1
36523,136,134,2
36524,444,434,10
36525,39,39,0
36526,215,208,7
36527,693,679,14
36528,444,428,16
36529,220,219,1
36530,161,156,5
36531,465,461,4
36532,97,94,3
36533,897,859,38
36534,105,104,1
36535,327,309,18
36536,303,297,6
36537,350,341,9
36538,420,410,10
36539,223,219,4
36540,171,164,7
36541,476,464,12
36542,532,518,14
36543,224,221,3
36544,151,144,7
36545,131,126,5
36546,205,203,2
36547,296,294,2
36548,203,201,2
36549,134,127,7
36550,149,148,1
36551,120,111,9
36552,13,12,1
36553,377,367,10
36554,96,93,3
36555,478,462,16
36556,401,392,9
36557,104,100,4
36558,138,130,8
36559,287,274,13
36560,145,144,1
36561,400,398,2
36562,142,141,1
36563,122,120,2
36564,186,184,2
36565,169,166,3
36566,282,274,8
36567,253,246,7
36568,281,279,2
36569,268,256,12
36570,182,180,2
36571,197,190,7
36572,237,231,6
36573,238,237,1
36574,179,177,2
36575,269,264,5
36576,176,174,2
36577,182,181,1
36578,391,387,4
36579,408,399,9
36580,458,455,3
36581,179,178,1
36582,194,192,2
36583,275,269,6
36584,575,569,6
36585,153,152,1
36586,198,196,2
36587,117,112,5
36588,375,374,1
36589,272,267,5
36590,84,82,2
36591,107,107,0
36592,331,325,6
36593,199,198,1
36594,149,149,0
36595,188,186,2
36596,199,197,2
36597,185,178,7
36598,69,63,6
36599,158,158,0
36600,124,122,2
36601,577,575,2
36602,170,168,2
36603,111,108,3
36604,160,158,2
36605,330,329,1
36606,117,116,1
36607,410,402,8
36608,135,133,2
36609,156,152,4
36610,130,127,3
36611,315,304,11
36612,137,133,4
36613,185,185,0
36614,132,130,2
36615,111,109,2
36616,222,218,4
36617,414,398,16
36618,131,125,6
36619,159,158,1
36620,133,127,6
36621,506,496,10
36622,160,158,2
36623,155,154,1
36624,77,77,0
36625,66,66,0
36626,96,91,5
36627,113,112,1
36628,105,105,0
36629,42,42,0
36630,213,207,6
36631,90,90,0
36632,293,290,3
36633,178,169,9
36634,127,125,2
36635,87,87,0
36636,256,255,1
36637,191,189,2
36638,155,144,11
36639,133,133,0
36640,84,82,2
36641,222,221,1
36642,312,300,12
36643,173,169,4
36644,713,695,18
36645,360,354,6
36646,852,834,18
36647,509,495,14
36648,195,193,2
36649,148,147,1
36650,323,319,4
36651,115,114,1
36652,164,164,0
36653,143,138,5
36654,142,138,4
36655,278,276,2
36656,153,153,0
36657,144,141,3
36658,215,213,2
36659,165,165,0
36660,98,95,3
36661,148,148,0
36662,120,118,2
36663,74,71,3
36664,114,113,1
36665,506,499,7
36666,109,109,0
36667,202,195,7
36668,93,93,0
36669,59,59,0
36670,105,101,4
36671,108,107,1
36672,211,211,0
36673,85,84,1
36674,131,127,4
36675,97,95,2
36676,463,447,16
36677,462,457,5
36678,132,132,0
36679,50,50,0
36680,281,279,2
36681,90,88,2
36682,181,177,4
36683,114,113,1
36684,145,145,0
36685,174,173,1
36686,149,147,2
36687,231,226,5
36688,169,162,7
36689,120,113,7
36690,221,219,2
36691,148,142,6
36692,207,199,8
36693,213,205,8
36694,159,153,6
36695,223,220,3
36696,227,225,2
36697,138,137,1
36698,906,897,9
36699,180,179,1
36700,203,200,3
36701,163,163,0
36702,225,219,6
36703,159,156,3
36704,149,149,0
36705,175,173,2
36706,148,148,0
36707,138,138,0
36708,153,150,3
36709,145,144,1
36710,132,129,3
36711,225,220,5
36712,128,123,5
36713,158,157,1
36714,247,241,6
36715,129,128,1
36716,143,142,1
36717,130,129,1
36718,119,114,5
36719,149,145,4
36720,108,104,4
36721,249,249,0
36722,41,41,0
36723,77,77,0
36724,267,265,2
36725,571,549,22
36726,969,948,21
36727,225,222,3
36728,491,485,6
36729,82,82,0
36730,306,303,3
36731,291,287,4
36732,487,485,2
36733,325,323,2
36734,142,139,3
36735,109,108,1
36736,123,123,0
36737,135,131,4
36738,278,272,6
36739,236,232,4
36740,178,176,2
36741,138,137,1
36742,221,215,6
36743,202,197,5
36744,65,64,1
36745,66,66,0
36746,124,124,0
36747,311,305,6
36748,220,220,0
36749,331,331,0
36750,118,117,1
36751,111,111,0
36752,52,52,0
36753,43,43,0
36754,310,307,3
36755,83,83,0
36756,522,516,6
36757,179,174,5
36758,189,186,3
36759,231,229,2
36760,308,305,3
36761,292,290,2
36762,279,277,2
36763,112,110,2
36764,213,213,0
36765,183,177,6
36766,150,148,2
36767,266,265,1
36768,135,135,0
36769,174,172,2
36770,117,117,0
36771,122,119,3
36772,141,137,4
36773,482,479,3
36774,447,430,17
36775,101,100,1
36776,268,265,3
36777,260,253,7
36778,872,841,31
36779,204,204,0
36780,246,238,8
36781,292,290,2
36782,501,496,5
36783,469,457,12
36784,116,115,1
36785,261,255,6
36786,206,205,1
36787,234,232,2
36788,553,542,11
36789,891,879,12
36790,118,114,4
36791,274,272,2
36792,588,581,7
36793,102,100,2
36794,392,385,7
36795,418,410,8
36796,893,880,13
36797,438,430,8
36798,296,293,3
36799,484,474,10
36800,799,792,7
36801,537,523,14
36802,427,420,7
36803,539,527,12
36804,118,116,2
36805,157,154,3
36806,913,880,33
36807,133,130,3
36808,412,397,15
36809,163,161,2
36810,356,353,3
36811,190,186,4
36812,326,309,17
36813,221,217,4
36814,283,279,4
36815,156,155,1
36816,342,337,5
36817,241,239,2
36818,290,286,4
36819,257,255,2
36820,975,958,17
36821,130,124,6
36822,138,137,1
36823,145,141,4
36824,545,542,3
36825,315,307,8
36826,239,235,4
36827,547,536,11
36828,239,239,0
36829,44,43,1
36830,46,44,2
36831,135,133,2
36832,57,56,1
36833,297,296,1
36834,462,447,15
36835,378,372,6
36836,60,58,2
36837,134,132,2
36838,203,197,6
36839,87,82,5
36840,129,123,6
36841,238,233,5
36842,104,98,6
36843,234,232,2
36844,110,108,2
36845,179,179,0
36846,263,261,2
36847,219,218,1
36848,376,355,21
36849,180,177,3
36850,64,63,1
36851,453,447,6
36852,135,135,0
36853,764,743,21
36854,78,76,2
36855,189,183,6
36856,199,194,5
36857,716,707,9
36858,250,246,4
36859,138,129,9
36860,217,214,3
36861,182,179,3
36862,204,197,7
36863,277,270,7
36864,885,865,20
36865,155,155,0
36866,250,238,12
36867,224,217,7
36868,391,376,15
36869,276,264,12
36870,302,295,7
36871,257,250,7
36872,303,297,6
36873,85,84,1
36874,590,568,22
36875,430,418,12
36876,225,218,7
36877,125,122,3
36878,110,109,1
36879,282,274,8
36880,450,444,6
36881,123,121,2
36882,177,176,1
36883,199,197,2
36884,125,123,2
36885,143,137,6
36886,130,128,2
36887,200,190,10
36888,145,144,1
36889,110,108,2
36890,125,125,0
36891,244,243,1
36892,142,142,0
36893,165,165,0
36894,328,320,8
36895,126,123,3
36896,162,159,3
36897,179,177,2
36898,209,208,1
36899,229,223,6
36900,288,279,9
36901,262,258,4
36902,145,142,3
36903,125,121,4
36904,177,175,2
36905,146,146,0
36906,124,123,1
36907,132,129,3
36908,138,135,3
36909,330,322,8
36910,722,703,19
36911,148,146,2
36912,330,325,5
36913,121,120,1
36914,412,408,4
36915,85,85,0
36916,193,190,3
36917,103,101,2
36918,362,355,7
36919,172,171,1
36920,435,431,4
36921,130,129,1
36922,85,84,1
36923,537,536,1
36924,47,46,1
36925,142,138,4
36926,353,348,5
36927,125,122,3
36928,219,215,4
36929,332,322,10
36930,134,131,3
36931,167,161,6
36932,128,124,4
36933,148,145,3
36934,240,238,2
36935,221,210,11
36936,440,430,10
36937,295,290,5
36938,186,180,6
36939,176,175,1
36940,208,202,6
36941,153,145,8
36942,162,151,11
36943,151,147,4
36944,604,598,6
36945,256,250,6
36946,410,393,17
36947,170,166,4
36948,131,127,4
36949,207,202,5
36950,124,123,1
36951,113,111,2
36952,861,832,29
36953,228,225,3
36954,174,168,6
36955,152,151,1
36956,187,182,5
36957,528,525,3
36958,150,147,3
36959,309,304,5
36960,298,297,1
36961,154,152,2
36962,122,122,0
36963,254,244,10
36964,221,221,0
36965,130,121,9
36966,188,184,4
36967,99,97,2
36968,149,146,3
36969,299,292,7
36970,213,204,9
36971,807,786,21
36972,143,142,1
36973,242,235,7
36974,81,81,0
36975,73,71,2
36976,262,251,11
36977,40,40,0
36978,214,209,5
36979,370,361,9
36980,211,206,5
36981,872,865,7
36982,79,78,1
36983,675,671,4
36984,167,163,4
36985,43,39,4
36986,324,319,5
36987,90,87,3
36988,225,222,3
36989,248,239,9
36990,250,247,3
36991,184,178,6
36992,311,309,2
36993,235,234,1
36994,223,219,4
36995,185,184,1
36996,149,146,3
36997,178,173,5
36998,360,350,10
36999,141,130,11
37000,128,128,0
37001,104,103,1
37002,81,80,1
37003,43,43,0
37004,94,93,1
37005,146,146,0
37006,70,68,2
37007,69,69,0
37008,111,110,1
37009,165,164,1
37010,97,96,1
37011,145,141,4
37012,65,63,2
37013,64,63,1
37014,249,241,8
37015,92,90,2
37016,157,155,2
37017,57,55,2
37018,164,160,4
37019,199,195,4
37020,116,110,6
37021,386,381,5
37022,401,392,9
37023,139,138,1
37024,117,115,2
37025,155,155,0
37026,261,258,3
37027,333,323,10
37028,155,150,5
37029,614,596,18
37030,308,293,15
37031,290,281,9
37032,207,205,2
37033,248,241,7
37034,123,120,3
37035,349,347,2
37036,190,185,5
37037,183,172,11
37038,195,191,4
37039,218,214,4
37040,167,158,9
37041,114,111,3
37042,74,70,4
37043,163,162,1
37044,49,39,10
37045,121,121,0
37046,118,115,3
37047,131,128,3
37048,83,82,1
37049,243,231,12
37050,77,77,0
37051,50,48,2
37052,111,108,3
37053,98,94,4
37054,96,96,0
37055,121,119,2
37056,144,143,1
37057,172,171,1
37058,183,182,1
37059,93,93,0
37060,116,112,4
37061,213,211,2
37062,146,145,1
37063,99,98,1
37064,155,154,1
37065,374,357,17
37066,105,105,0
37067,274,270,4
37068,182,181,1
37069,66,66,0
37070,343,333,10
37071,152,151,1
37072,168,168,0
37073,244,242,2
37074,481,478,3
37075,143,141,2
37076,113,111,2
37077,594,588,6
37078,650,644,6
37079,148,144,4
37080,175,173,2
37081,75,73,2
37082,143,143,0
37083,154,154,0
37084,293,292,1
37085,338,332,6
37086,186,183,3
37087,40,40,0
37088,63,63,0
37089,162,161,1
37090,158,157,1
37091,178,178,0
37092,144,142,2
37093,118,116,2
37094,147,147,0
37095,56,56,0
37096,323,318,5
37097,140,140,0
37098,53,53,0
37099,272,268,4
37100,147,145,2
37101,286,285,1
37102,175,173,2
37103,294,288,6
37104,136,131,5
37105,106,106,0
37106,196,196,0
37107,199,199,0
37108,117,115,2
37109,93,89,4
37110,365,360,5
37111,137,135,2
37112,221,215,6
37113,382,372,10
37114,454,443,11
37115,147,147,0
37116,171,170,1
37117,98,98,0
37118,62,62,0
37119,283,271,12
37120,158,152,6
37121,141,139,2
37122,135,135,0
37123,117,117,0
37124,50,50,0
37125,141,140,1
37126,97,94,3
37127,163,150,13
37128,308,300,8
37129,112,109,3
37130,241,238,3
37131,164,161,3
37132,131,131,0
37133,102,102,0
37134,171,170,1
37135,188,181,7
37136,81,81,0
37137,142,142,0
37138,526,521,5
37139,151,149,2
37140,181,176,5
37141,127,127,0
37142,238,235,3
37143,116,116,0
37144,141,141,0
37145,845,836,9
37146,250,242,8
37147,234,233,1
37148,130,129,1
37149,159,158,1
37150,153,150,3
37151,134,131,3
37152,134,132,2
37153,67,66,1
37154,555,541,14
37155,162,158,4
37156,215,213,2
37157,518,511,7
37158,269,263,6
37159,199,195,4
37160,273,272,1
37161,152,149,3
37162,126,125,1
37163,98,97,1
37164,163,156,7
37165,191,188,3
37166,113,110,3
37167,301,296,5
37168,213,210,3
37169,145,145,0
37170,112,111,1
37171,177,174,3
37172,146,143,3
37173,582,572,10
37174,105,103,2
37175,131,131,0
37176,236,230,6
37177,235,231,4
37178,141,139,2
37179,142,139,3
37180,363,360,3
37181,443,424,19
37182,368,365,3
37183,218,217,1
37184,130,127,3
37185,196,194,2
37186,132,132,0
37187,141,141,0
37188,344,340,4
37189,128,128,0
37190,264,254,10
37191,47,46,1
37192,297,283,14
37193,99,98,1
37194,163,157,6
37195,421,416,5
37196,409,402,7
37197,129,121,8
37198,144,144,0
37199,202,195,7
37200,92,92,0
37201,131,130,1
37202,158,157,1
37203,282,277,5
37204,163,162,1
37205,166,165,1
37206,223,219,4
37207,255,252,3
37208,522,504,18
37209,806,788,18
37210,176,171,5
37211,49,48,1
37212,92,91,1
37213,589,573,16
37214,541,516,25
37215,102,101,1
37216,119,117,2
37217,121,118,3
37218,112,110,2
37219,623,605,18
37220,171,169,2
37221,300,296,4
37222,129,126,3
37223,105,102,3
37224,108,105,3
37225,417,403,14
37226,377,362,15
37227,111,102,9
37228,180,180,0
37229,420,415,5
37230,161,159,2
37231,146,140,6
37232,128,128,0
37233,300,293,7
37234,118,116,2
37235,165,164,1
37236,157,156,1
37237,45,45,0
37238,168,164,4
37239,137,137,0
37240,45,45,0
37241,367,355,12
37242,239,236,3
37243,131,130,1
37244,247,247,0
37245,206,200,6
37246,158,154,4
37247,74,74,0
37248,166,158,8
37249,177,174,3
37250,458,448,10
37251,387,379,8
37252,81,78,3
37253,135,133,2
37254,153,148,5
37255,119,118,1
37256,365,355,10
37257,108,108,0
37258,159,157,2
37259,86,86,0
37260,244,240,4
37261,32,32,0
37262,69,68,1
37263,132,131,1
37264,69,67,2
37265,147,146,1
37266,83,82,1
37267,190,180,10
37268,120,118,2
37269,45,45,0
37270,103,100,3
37271,466,462,4
37272,76,73,3
37273,92,91,1
37274,88,87,1
37275,68,66,2
37276,328,328,0
37277,284,278,6
37278,232,229,3
37279,159,159,0
37280,167,167,0
37281,387,386,1
37282,144,141,3
37283,107,102,5
37284,155,154,1
37285,266,265,1
37286,213,211,2
37287,176,175,1
37288,151,150,1
37289,282,280,2
37290,137,137,0
37291,49,49,0
37292,189,187,2
37293,198,185,13
37294,167,159,8
37295,47,47,0
37296,189,173,16
37297,201,196,5
37298,420,401,19
37299,152,147,5
37300,541,535,6
37301,102,99,3
37302,400,397,3
37303,879,875,4
37304,189,189,0
37305,135,135,0
37306,100,99,1
37307,257,256,1
37308,155,153,2
37309,74,71,3
37310,137,137,0
37311,125,125,0
37312,313,310,3
37313,194,192,2
37314,287,281,6
37315,348,346,2
37316,152,152,0
37317,352,345,7
37318,127,123,4
37319,562,549,13
37320,156,152,4
37321,473,461,12
37322,972,946,26
37323,143,141,2
37324,124,121,3
37325,359,352,7
37326,667,655,12
37327,207,199,8
37328,140,140,0
37329,474,469,5
37330,222,215,7
37331,41,41,0
37332,180,179,1
37333,281,279,2
37334,201,197,4
37335,796,784,12
37336,220,214,6
37337,64,63,1
37338,99,99,0
37339,985,970,15
37340,54,54,0
37341,144,144,0
37342,146,145,1
37343,426,418,8
37344,171,168,3
37345,405,401,4
37346,456,451,5
37347,107,106,1
37348,359,353,6
37349,493,490,3
37350,127,127,0
37351,152,150,2
37352,88,88,0
37353,99,99,0
37354,117,117,0
37355,102,100,2
37356,58,57,1
37357,85,85,0
37358,528,523,5
37359,159,158,1
37360,133,128,5
37361,228,226,2
37362,47,47,0
37363,124,123,1
37364,57,55,2
37365,122,118,4
37366,125,120,5
37367,126,125,1
37368,136,133,3
37369,111,109,2
37370,131,127,4
37371,232,232,0
37372,239,237,2
37373,134,132,2
37374,190,190,0
37375,212,207,5
37376,117,114,3
37377,417,413,4
37378,117,117,0
37379,172,172,0
37380,162,160,2
37381,150,150,0
37382,240,238,2
37383,175,174,1
37384,123,122,1
37385,128,126,2
37386,234,233,1
37387,43,42,1
37388,123,121,2
37389,143,141,2
37390,137,135,2
37391,299,297,2
37392,130,129,1
37393,148,148,0
37394,327,320,7
37395,259,257,2
37396,398,398,0
37397,300,298,2
37398,383,377,6
37399,194,188,6
37400,386,382,4
37401,131,129,2
37402,202,201,1
37403,499,493,6
37404,174,172,2
37405,134,133,1
37406,683,664,19
37407,388,381,7
37408,813,798,15
37409,226,220,6
37410,458,451,7
37411,129,127,2
37412,115,113,2
37413,532,516,16
37414,575,565,10
37415,285,281,4
37416,109,108,1
37417,230,226,4
37418,368,357,11
37419,236,232,4
37420,241,236,5
37421,436,421,15
37422,371,350,21
37423,273,270,3
37424,271,265,6
37425,488,482,6
37426,569,559,10
37427,203,197,6
37428,218,213,5
37429,782,764,18
37430,413,408,5
37431,226,218,8
37432,388,377,11
37433,66,65,1
37434,764,755,9
37435,220,210,10
37436,721,715,6
37437,243,239,4
37438,123,122,1
37439,117,114,3
37440,355,350,5
37441,282,275,7
37442,360,342,18
37443,121,121,0
37444,94,92,2
37445,467,461,6
37446,222,215,7
37447,135,129,6
37448,320,309,11
37449,352,328,24
37450,275,265,10
37451,343,325,18
37452,997,973,24
37453,253,249,4
37454,321,317,4
37455,130,129,1
37456,169,167,2
37457,348,329,19
37458,1163,1138,25
37459,473,462,11
37460,161,159,2
37461,810,774,36
37462,131,130,1
37463,215,207,8
37464,167,162,5
37465,308,303,5
37466,112,111,1
37467,547,538,9
37468,372,364,8
37469,1188,1159,29
37470,142,140,2
37471,140,138,2
37472,148,148,0
37473,208,202,6
37474,182,180,2
37475,820,786,34
37476,238,232,6
37477,173,168,5
37478,182,181,1
37479,123,114,9
37480,231,229,2
37481,350,340,10
37482,187,185,2
37483,495,468,27
37484,164,162,2
37485,132,130,2
37486,125,124,1
37487,136,132,4
37488,481,469,12
37489,183,182,1
37490,129,127,2
37491,151,143,8
37492,387,377,10
37493,163,163,0
37494,480,467,13
37495,121,116,5
37496,115,113,2
37497,699,677,22
37498,162,162,0
37499,218,215,3
37500,171,166,5
37501,241,239,2
37502,224,220,4
37503,319,316,3
37504,237,230,7
37505,118,114,4
37506,163,160,3
37507,144,142,2
37508,129,128,1
37509,167,159,8
37510,112,109,3
37511,339,338,1
37512,254,238,16
37513,112,112,0
37514,192,190,2
37515,210,208,2
37516,151,146,5
37517,199,194,5
37518,354,335,19
37519,83,82,1
37520,69,68,1
37521,184,184,0
37522,566,554,12
37523,345,313,32
37524,266,262,4
37525,237,231,6
37526,193,188,5
37527,707,682,25
37528,468,456,12
37529,270,262,8
37530,140,134,6
37531,157,156,1
37532,366,365,1
37533,230,227,3
37534,338,336,2
37535,257,256,1
37536,304,303,1
37537,128,126,2
37538,355,352,3
37539,215,213,2
37540,128,127,1
37541,116,115,1
37542,194,191,3
37543,472,469,3
37544,235,227,8
37545,122,122,0
37546,872,869,3
37547,116,116,0
37548,248,246,2
37549,136,136,0
37550,134,132,2
37551,271,268,3
37552,263,261,2
37553,55,54,1
37554,125,122,3
37555,123,118,5
37556,618,610,8
37557,32,32,0
37558,295,294,1
37559,205,202,3
37560,121,118,3
37561,106,98,8
37562,154,149,5
37563,144,135,9
37564,387,379,8
37565,218,216,2
37566,99,98,1
37567,146,144,2
37568,99,99,0
37569,153,150,3
37570,73,70,3
37571,51,50,1
37572,296,289,7
37573,32,32,0
37574,790,759,31
37575,182,171,11
37576,197,195,2
37577,165,164,1
37578,159,157,2
37579,164,161,3
37580,82,81,1
37581,111,108,3
37582,83,80,3
37583,240,233,7
37584,207,199,8
37585,260,257,3
37586,98,96,2
37587,82,78,4
37588,196,194,2
37589,117,116,1
37590,104,104,0
37591,431,417,14
37592,131,128,3
37593,154,152,2
37594,440,432,8
37595,189,183,6
37596,160,156,4
37597,81,79,2
37598,42,42,0
37599,105,102,3
37600,114,111,3
37601,104,103,1
37602,263,259,4
37603,43,42,1
37604,137,133,4
37605,226,211,15
37606,117,116,1
37607,182,174,8
37608,124,122,2
37609,293,282,11
37610,317,316,1
37611,216,215,1
37612,160,158,2
37613,59,58,1
37614,344,343,1
37615,126,124,2
37616,152,146,6
37617,360,357,3
37618,162,159,3
37619,119,114,5
37620,212,210,2
37621,211,208,3
37622,411,391,20
37623,219,211,8
37624,416,403,13
37625,206,205,1
37626,178,177,1
37627,119,118,1
37628,258,249,9
37629,178,173,5
37630,162,159,3
37631,321,319,2
37632,107,107,0
37633,90,88,2
37634,308,293,15
37635,111,110,1
37636,166,162,4
37637,523,519,4
37638,492,479,13
37639,142,139,3
37640,154,152,2
37641,119,117,2
37642,190,179,11
37643,127,127,0
37644,171,170,1
37645,252,246,6
37646,184,182,2
37647,239,232,7
37648,870,848,22
37649,311,304,7
37650,251,244,7
37651,239,233,6
37652,307,290,17
37653,131,125,6
37654,119,112,7
37655,157,156,1
37656,157,152,5
37657,147,142,5
37658,161,149,12
37659,395,377,18
37660,138,136,2
37661,227,219,8
37662,128,127,1
37663,472,463,9
37664,61,61,0
37665,195,192,3
37666,252,250,2
37667,104,104,0
37668,128,126,2
37669,189,188,1
37670,241,239,2
37671,192,187,5
37672,462,455,7
37673,132,130,2
37674,559,555,4
37675,319,307,12
37676,444,432,12
37677,426,414,12
37678,92,91,1
37679,62,61,1
37680,326,324,2
37681,584,582,2
37682,358,353,5
37683,224,221,3
37684,380,376,4
37685,99,98,1
37686,138,135,3
37687,116,107,9
37688,38,37,1
37689,150,147,3
37690,316,314,2
37691,161,158,3
37692,107,106,1
37693,166,163,3
37694,149,147,2
37695,96,96,0
37696,459,454,5
37697,191,191,0
37698,784,780,4
37699,82,74,8
37700,157,153,4
37701,152,152,0
37702,366,363,3
37703,642,636,6
37704,407,403,4
37705,196,195,1
37706,106,106,0
37707,159,154,5
37708,200,199,1
37709,152,149,3
37710,679,668,11
37711,163,163,0
37712,242,240,2
37713,158,156,2
37714,172,171,1
37715,134,133,1
37716,267,265,2
37717,106,105,1
37718,237,235,2
37719,141,140,1
37720,153,150,3
37721,68,68,0
37722,230,225,5
37723,172,165,7
37724,111,108,3
37725,145,135,10
37726,60,60,0
37727,65,63,2
37728,166,162,4
37729,83,82,1
37730,322,311,11
37731,110,110,0
37732,169,166,3
37733,89,86,3
37734,58,57,1
37735,143,139,4
37736,153,151,2
37737,278,275,3
37738,154,151,3
37739,441,430,11
37740,167,165,2
37741,783,769,14
37742,135,134,1
37743,61,60,1
37744,185,182,3
37745,844,821,23
37746,165,162,3
37747,136,131,5
37748,210,206,4
37749,354,346,8
37750,117,112,5
37751,94,93,1
37752,201,192,9
37753,126,124,2
37754,105,101,4
37755,119,116,3
37756,127,126,1
37757,254,249,5
37758,239,236,3
37759,194,192,2
37760,350,342,8
37761,138,137,1
37762,182,181,1
37763,278,267,11
37764,390,379,11
37765,135,134,1
37766,124,119,5
37767,141,133,8
37768,413,402,11
37769,221,216,5
37770,500,487,13
37771,238,230,8
37772,104,100,4
37773,478,466,12
37774,293,289,4
37775,106,104,2
37776,213,212,1
37777,368,358,10
37778,49,45,4
37779,208,204,4
37780,98,96,2
37781,248,244,4
37782,401,385,16
37783,109,109,0
37784,48,48,0
37785,152,144,8
37786,60,59,1
37787,154,154,0
37788,471,465,6
37789,100,98,2
37790,151,151,0
37791,541,532,9
37792,129,128,1
37793,117,116,1
37794,268,264,4
37795,220,217,3
37796,426,421,5
37797,193,192,1
37798,96,91,5
37799,136,134,2
37800,108,104,4
37801,144,142,2
37802,294,291,3
37803,114,112,2
37804,159,155,4
37805,138,136,2
37806,124,119,5
37807,203,202,1
37808,452,447,5
37809,65,63,2
37810,74,70,4
37811,604,598,6
37812,141,139,2
37813,123,123,0
37814,177,175,2
37815,413,408,5
37816,254,251,3
37817,130,130,0
37818,143,138,5
37819,101,98,3
37820,212,208,4
37821,406,394,12
37822,575,564,11
37823,309,307,2
37824,999,995,4
37825,162,161,1
37826,359,354,5
37827,390,377,13
37828,131,129,2
37829,364,363,1
37830,247,246,1
37831,138,135,3
37832,135,129,6
37833,208,208,0
37834,126,126,0
37835,303,297,6
37836,459,455,4
37837,272,265,7
37838,162,161,1
37839,141,140,1
37840,336,334,2
37841,308,306,2
37842,141,140,1
37843,144,138,6
37844,146,145,1
37845,206,202,4
37846,122,120,2
37847,81,80,1
37848,52,52,0
37849,254,254,0
37850,98,97,1
37851,123,120,3
37852,109,108,1
37853,213,212,1
37854,646,639,7
37855,411,399,12
37856,179,177,2
37857,214,210,4
37858,379,377,2
37859,152,150,2
37860,835,816,19
37861,113,112,1
37862,135,131,4
37863,164,164,0
37864,69,69,0
37865,120,119,1
37866,339,333,6
37867,162,160,2
37868,368,363,5
37869,185,183,2
37870,86,85,1
37871,159,156,3
37872,174,172,2
37873,172,172,0
37874,192,186,6
37875,219,210,9
37876,126,121,5
37877,179,177,2
37878,152,151,1
37879,136,134,2
37880,178,171,7
37881,683,672,11
37882,114,110,4
37883,111,109,2
37884,262,260,2
37885,239,232,7
37886,176,171,5
37887,134,134,0
37888,98,97,1
37889,123,123,0
37890,235,233,2
37891,146,145,1
37892,327,319,8
37893,249,246,3
37894,141,138,3
37895,334,323,11
37896,377,374,3
37897,144,139,5
37898,145,145,0
37899,742,732,10
37900,121,120,1
37901,150,149,1
37902,113,113,0
37903,147,145,2
37904,135,135,0
37905,148,148,0
37906,162,161,1
37907,211,211,0
37908,424,419,5
37909,229,219,10
37910,355,353,2
37911,124,120,4
37912,468,451,17
37913,195,194,1
37914,257,256,1
37915,136,133,3
37916,121,119,2
37917,298,293,5
37918,44,44,0
37919,656,634,22
37920,117,113,4
37921,170,164,6
37922,483,477,6
37923,309,303,6
37924,131,131,0
37925,203,202,1
37926,197,196,1
37927,110,108,2
37928,763,752,11
37929,123,123,0
37930,181,181,0
37931,188,186,2
37932,50,49,1
37933,182,178,4
37934,517,508,9
37935,378,371,7
37936,172,167,5
37937,148,147,1
37938,267,264,3
37939,247,240,7
37940,131,130,1
37941,164,152,12
37942,162,161,1
37943,46,46,0
37944,256,252,4
37945,182,179,3
37946,186,183,3
37947,118,116,2
37948,485,480,5
37949,64,62,2
37950,173,172,1
37951,169,166,3
37952,250,239,11
37953,226,218,8
37954,126,126,0
37955,668,650,18
37956,126,125,1
37957,415,402,13
37958,54,54,0
37959,158,158,0
37960,116,115,1
37961,155,148,7
37962,401,399,2
37963,632,614,18
37964,209,207,2
37965,316,316,0
37966,336,332,4
37967,63,62,1
37968,260,256,4
37969,766,748,18
37970,378,373,5
37971,73,73,0
37972,71,70,1
37973,137,132,5
37974,163,162,1
37975,154,148,6
37976,130,129,1
37977,114,113,1
37978,568,562,6
37979,106,104,2
37980,123,121,2
37981,141,140,1
37982,198,196,2
37983,160,159,1
37984,122,120,2
37985,88,86,2
37986,61,61,0
37987,139,133,6
37988,120,118,2
37989,114,114,0
37990,115,114,1
37991,178,173,5
37992,46,43,3
37993,117,114,3
37994,150,145,5
37995,349,348,1
37996,374,369,5
37997,328,316,12
37998,317,311,6
37999,257,256,1
38000,157,150,7
38001,151,151,0
38002,265,263,2
38003,104,103,1
38004,127,122,5
38005,158,153,5
38006,128,126,2
38007,132,128,4
38008,187,186,1
38009,150,148,2
38010,267,263,4
38011,141,140,1
38012,146,146,0
38013,500,479,21
38014,110,110,0
38015,201,200,1
38016,168,165,3
38017,269,267,2
38018,322,320,2
38019,176,172,4
38020,140,138,2
38021,158,156,2
38022,911,898,13
38023,304,302,2
38024,251,245,6
38025,161,159,2
38026,349,344,5
38027,139,137,2
38028,318,312,6
38029,163,161,2
38030,430,427,3
38031,336,319,17
38032,121,120,1
38033,437,426,11
38034,175,175,0
38035,200,198,2
38036,181,177,4
38037,278,276,2
38038,183,181,2
38039,148,148,0
38040,208,207,1
38041,214,207,7
38042,310,304,6
38043,169,166,3
38044,91,91,0
38045,117,114,3
38046,137,137,0
38047,143,142,1
38048,193,189,4
38049,247,245,2
38050,163,157,6
38051,315,310,5
38052,131,131,0
38053,123,121,2
38054,596,586,10
38055,358,354,4
38056,323,320,3
38057,294,291,3
38058,197,196,1
38059,238,236,2
38060,118,116,2
38061,154,153,1
38062,162,159,3
38063,158,156,2
38064,200,198,2
38065,164,164,0
38066,358,355,3
38067,471,467,4
38068,161,161,0
38069,168,167,1
38070,205,202,3
38071,315,309,6
38072,131,130,1
38073,215,215,0
38074,236,233,3
38075,502,487,15
38076,202,200,2
38077,73,72,1
38078,111,111,0
38079,148,145,3
38080,91,90,1
38081,172,171,1
38082,89,88,1
38083,163,160,3
38084,109,109,0
38085,197,197,0
38086,222,220,2
38087,181,179,2
38088,450,437,13
38089,148,147,1
38090,288,285,3
38091,77,77,0
38092,92,91,1
38093,165,164,1
38094,197,183,14
38095,44,44,0
38096,234,231,3
38097,465,458,7
38098,170,169,1
38099,418,409,9
38100,307,298,9
38101,906,892,14
38102,486,476,10
38103,225,220,5
38104,304,282,22
38105,106,100,6
38106,57,52,5
38107,134,128,6
38108,273,272,1
38109,746,708,38
38110,130,127,3
38111,63,63,0
38112,122,118,4
38113,158,156,2
38114,201,201,0
38115,169,167,2
38116,324,314,10
38117,207,206,1
38118,176,174,2
38119,457,451,6
38120,621,608,13
38121,191,180,11
38122,174,171,3
38123,341,337,4
38124,181,179,2
38125,165,156,9
38126,203,203,0
38127,663,634,29
38128,235,231,4
38129,108,102,6
38130,71,70,1
38131,182,181,1
38132,137,135,2
38133,172,172,0
38134,286,277,9
38135,136,135,1
38136,218,218,0
38137,266,261,5
38138,172,170,2
38139,127,127,0
38140,138,137,1
38141,423,420,3
38142,533,526,7
38143,153,151,2
38144,141,140,1
38145,139,135,4
38146,222,217,5
38147,615,593,22
38148,173,171,2
38149,310,307,3
38150,233,228,5
38151,84,81,3
38152,100,98,2
38153,142,140,2
38154,160,158,2
38155,59,58,1
38156,239,237,2
38157,243,238,5
38158,392,388,4
38159,172,166,6
38160,160,159,1
38161,217,205,12
38162,48,48,0
38163,78,74,4
38164,145,145,0
38165,141,138,3
38166,126,125,1
38167,133,133,0
38168,633,617,16
38169,35,35,0
38170,146,145,1
38171,141,134,7
38172,139,136,3
38173,159,157,2
38174,80,80,0
38175,66,66,0
38176,166,164,2
38177,172,166,6
38178,66,64,2
38179,169,166,3
38180,293,285,8
38181,270,264,6
38182,159,157,2
38183,224,214,10
38184,61,61,0
38185,122,120,2
38186,538,527,11
38187,541,528,13
38188,182,179,3
38189,135,133,2
38190,177,172,5
38191,132,131,1
38192,232,230,2
38193,190,189,1
38194,325,325,0
38195,369,360,9
38196,151,148,3
38197,168,168,0
38198,175,172,3
38199,130,129,1
38200,168,168,0
38201,111,111,0
38202,135,134,1
38203,134,133,1
38204,277,270,7
38205,117,114,3
38206,143,142,1
38207,251,245,6
38208,194,193,1
38209,126,124,2
38210,323,319,4
38211,558,537,21
38212,107,104,3
38213,209,204,5
38214,92,90,2
38215,576,564,12
38216,119,113,6
38217,325,319,6
38218,180,178,2
38219,315,307,8
38220,547,528,19
38221,306,300,6
38222,311,307,4
38223,392,379,13
38224,266,264,2
38225,255,249,6
38226,132,132,0
38227,149,146,3
38228,232,227,5
38229,211,210,1
38230,119,118,1
38231,447,444,3
38232,298,291,7
38233,454,419,35
38234,286,280,6
38235,214,211,3
38236,110,110,0
38237,166,150,16
38238,145,145,0
38239,157,152,5
38240,605,574,31
38241,188,177,11
38242,128,121,7
38243,201,200,1
38244,258,250,8
38245,173,168,5
38246,304,285,19
38247,249,243,6
38248,186,184,2
38249,63,62,1
38250,56,56,0
38251,59,59,0
38252,54,53,1
38253,524,514,10
38254,123,123,0
38255,647,621,26
38256,44,44,0
38257,131,130,1
38258,184,182,2
38259,102,99,3
38260,407,402,5
38261,127,126,1
38262,331,313,18
38263,51,50,1
38264,347,345,2
38265,717,707,10
38266,307,304,3
38267,213,208,5
38268,153,147,6
38269,790,708,82
38270,110,107,3
38271,139,136,3
38272,131,131,0
38273,140,137,3
38274,156,153,3
38275,110,109,1
38276,246,246,0
38277,446,433,13
38278,357,350,7
38279,71,70,1
38280,200,198,2
38281,106,104,2
38282,79,77,2
38283,162,161,1
38284,375,373,2
38285,354,348,6
38286,202,198,4
38287,275,275,0
38288,476,468,8
38289,103,102,1
38290,110,110,0
38291,248,247,1
38292,399,394,5
38293,131,128,3
38294,113,110,3
38295,207,201,6
38296,153,151,2
38297,153,153,0
38298,389,384,5
38299,222,221,1
38300,165,161,4
38301,328,328,0
38302,344,340,4
38303,174,171,3
38304,145,143,2
38305,136,133,3
38306,172,168,4
38307,295,292,3
38308,274,272,2
38309,359,359,0
38310,716,705,11
38311,165,156,9
38312,103,100,3
38313,189,182,7
38314,253,247,6
38315,190,187,3
38316,94,92,2
38317,344,339,5
38318,190,190,0
38319,111,107,4
38320,141,141,0
38321,357,352,5
38322,112,112,0
38323,362,352,10
38324,555,545,10
38325,190,183,7
38326,147,142,5
38327,217,212,5
38328,152,151,1
38329,126,126,0
38330,140,138,2
38331,272,265,7
38332,526,519,7
38333,130,129,1
38334,171,167,4
38335,158,157,1
38336,124,121,3
38337,116,115,1
38338,295,284,11
38339,314,312,2
38340,104,104,0
38341,283,279,4
38342,121,119,2
38343,130,126,4
38344,112,107,5
38345,152,149,3
38346,96,96,0
38347,167,165,2
38348,435,427,8
38349,309,299,10
38350,99,98,1
38351,109,107,2
38352,74,74,0
38353,448,442,6
38354,185,176,9
38355,139,138,1
38356,142,141,1
38357,149,138,11
38358,201,197,4
38359,262,261,1
38360,178,177,1
38361,235,224,11
38362,219,216,3
38363,423,420,3
38364,43,43,0
38365,445,436,9
38366,125,123,2
38367,184,183,1
38368,146,138,8
38369,43,43,0
38370,1017,976,41
38371,126,121,5
38372,298,294,4
38373,141,133,8
38374,193,189,4
38375,292,286,6
38376,150,149,1
38377,144,144,0
38378,274,263,11
38379,147,146,1
38380,173,165,8
38381,116,114,2
38382,192,186,6
38383,227,222,5
38384,196,186,10
38385,132,129,3
38386,379,371,8
38387,740,727,13
38388,176,176,0
38389,99,94,5
38390,100,94,6
38391,131,130,1
38392,124,121,3
38393,459,444,15
38394,110,108,2
38395,197,193,4
38396,151,149,2
38397,48,48,0
38398,545,533,12
38399,324,313,11
38400,352,343,9
38401,135,133,2
38402,154,154,0
38403,111,108,3
38404,147,146,1
38405,749,738,11
38406,250,245,5
38407,127,126,1
38408,141,140,1
38409,150,149,1
38410,41,40,1
38411,353,350,3
38412,735,728,7
38413,692,672,20
38414,124,122,2
38415,472,460,12
38416,133,132,1
38417,683,675,8
38418,186,186,0
38419,105,103,2
38420,121,119,2
38421,221,220,1
38422,133,131,2
38423,165,164,1
38424,153,153,0
38425,118,115,3
38426,52,51,1
38427,162,156,6
38428,336,331,5
38429,86,86,0
38430,226,225,1
38431,116,116,0
38432,125,122,3
38433,171,170,1
38434,49,47,2
38435,215,212,3
38436,231,228,3
38437,142,140,2
38438,143,143,0
38439,104,102,2
38440,433,429,4
38441,102,99,3
38442,453,443,10
38443,84,83,1
38444,110,103,7
38445,470,453,17
38446,191,184,7
38447,159,157,2
38448,139,138,1
38449,208,208,0
38450,134,132,2
38451,143,141,2
38452,352,348,4
38453,137,133,4
38454,195,190,5
38455,139,134,5
38456,247,242,5
38457,126,125,1
38458,124,121,3
38459,148,146,2
38460,450,441,9
38461,240,238,2
38462,198,189,9
38463,178,175,3
38464,218,214,4
38465,115,115,0
38466,309,302,7
38467,389,388,1
38468,178,178,0
38469,157,155,2
38470,382,368,14
38471,177,171,6
38472,201,196,5
38473,569,556,13
38474,110,110,0
38475,307,303,4
38476,51,48,3
38477,105,101,4
38478,264,261,3
38479,174,173,1
38480,821,816,5
38481,189,186,3
38482,174,171,3
38483,245,240,5
38484,131,128,3
38485,268,256,12
38486,187,187,0
38487,333,327,6
38488,210,207,3
38489,122,121,1
38490,202,199,3
38491,441,433,8
38492,1018,1009,9
38493,146,146,0
38494,714,701,13
38495,229,223,6
38496,163,161,2
38497,360,353,7
38498,147,147,0
38499,219,211,8
38500,160,160,0
38501,482,468,14
38502,173,167,6
38503,166,166,0
38504,262,259,3
38505,151,150,1
38506,84,82,2
38507,132,132,0
38508,142,139,3
38509,174,171,3
38510,195,190,5
38511,147,145,2
38512,154,154,0
38513,531,508,23
38514,133,132,1
38515,187,179,8
38516,296,295,1
38517,480,465,15
38518,270,263,7
38519,689,684,5
38520,346,338,8
38521,191,184,7
38522,286,283,3
38523,112,108,4
38524,152,150,2
38525,289,287,2
38526,201,200,1
38527,138,137,1
38528,288,282,6
38529,155,151,4
38530,338,336,2
38531,175,175,0
38532,108,106,2
38533,190,190,0
38534,32,31,1
38535,117,113,4
38536,236,232,4
38537,68,65,3
38538,463,459,4
38539,150,149,1
38540,105,98,7
38541,268,260,8
38542,193,190,3
38543,66,64,2
38544,81,79,2
38545,653,634,19
38546,283,278,5
38547,102,97,5
38548,305,288,17
38549,284,273,11
38550,165,157,8
38551,91,90,1
38552,45,42,3
38553,174,170,4
38554,140,139,1
38555,441,430,11
38556,164,162,2
38557,214,213,1
38558,170,170,0
38559,300,296,4
38560,247,245,2
38561,143,139,4
38562,441,433,8
38563,217,213,4
38564,416,409,7
38565,89,88,1
38566,157,156,1
38567,341,339,2
38568,510,495,15
38569,188,184,4
38570,179,178,1
38571,127,122,5
38572,395,390,5
38573,241,235,6
38574,218,215,3
38575,294,291,3
38576,205,201,4
38577,292,287,5
38578,137,134,3
38579,99,98,1
38580,72,69,3
38581,177,172,5
38582,198,194,4
38583,48,40,8
38584,126,124,2
38585,165,159,6
38586,245,240,5
38587,135,131,4
38588,143,142,1
38589,35,30,5
38590,276,269,7
38591,109,108,1
38592,83,83,0
38593,153,152,1
38594,82,78,4
38595,73,63,10
38596,362,342,20
38597,155,155,0
38598,436,435,1
38599,136,134,2
38600,135,135,0
38601,208,204,4
38602,133,130,3
38603,119,115,4
38604,50,49,1
38605,60,60,0
38606,157,151,6
38607,71,71,0
38608,166,164,2
38609,228,225,3
38610,266,257,9
38611,1017,1004,13
38612,145,145,0
38613,137,136,1
38614,624,612,12
38615,190,187,3
38616,143,138,5
38617,126,126,0
38618,151,144,7
38619,245,235,10
38620,188,183,5
38621,114,110,4
38622,427,423,4
38623,103,97,6
38624,58,58,0
38625,245,241,4
38626,277,274,3
38627,432,421,11
38628,91,89,2
38629,56,55,1
38630,90,87,3
38631,112,109,3
38632,48,48,0
38633,352,339,13
38634,138,133,5
38635,412,404,8
38636,422,410,12
38637,255,253,2
38638,128,120,8
38639,446,444,2
38640,194,193,1
38641,129,126,3
38642,126,126,0
38643,119,119,0
38644,172,172,0
38645,120,119,1
38646,160,156,4
38647,145,129,16
38648,122,117,5
38649,158,147,11
38650,129,126,3
38651,702,678,24
38652,189,187,2
38653,752,732,20
38654,346,345,1
38655,345,338,7
38656,366,361,5
38657,160,152,8
38658,127,126,1
38659,656,639,17
38660,164,161,3
38661,152,148,4
38662,195,189,6
38663,193,188,5
38664,466,458,8
38665,463,455,8
38666,378,372,6
38667,495,489,6
38668,255,251,4
38669,251,248,3
38670,52,52,0
38671,182,180,2
38672,125,123,2
38673,429,422,7
38674,131,130,1
38675,186,182,4
38676,553,552,1
38677,155,154,1
38678,156,154,2
38679,135,133,2
38680,109,105,4
38681,167,166,1
38682,133,133,0
38683,292,287,5
38684,357,355,2
38685,363,359,4
38686,123,122,1
38687,300,296,4
38688,183,183,0
38689,599,593,6
38690,118,114,4
38691,156,154,2
38692,168,168,0
38693,256,253,3
38694,134,134,0
38695,295,291,4
38696,272,268,4
38697,959,953,6
38698,330,328,2
38699,201,199,2
38700,223,217,6
38701,291,290,1
38702,272,266,6
38703,195,193,2
38704,263,259,4
38705,119,118,1
38706,464,460,4
38707,131,129,2
38708,146,145,1
38709,441,435,6
38710,410,403,7
38711,733,723,10
38712,31,31,0
38713,143,141,2
38714,62,60,2
38715,54,54,0
38716,147,146,1
38717,139,136,3
38718,48,46,2
38719,128,127,1
38720,502,495,7
38721,970,957,13
38722,168,168,0
38723,207,204,3
38724,162,158,4
38725,129,125,4
38726,65,65,0
38727,226,221,5
38728,152,151,1
38729,131,131,0
38730,238,234,4
38731,203,195,8
38732,118,116,2
38733,161,159,2
38734,381,372,9
38735,393,389,4
38736,323,314,9
38737,133,128,5
38738,199,193,6
38739,118,114,4
38740,146,146,0
38741,99,96,3
38742,164,162,2
38743,313,312,1
38744,200,197,3
38745,225,218,7
38746,208,207,1
38747,135,133,2
38748,308,298,10
38749,257,248,9
38750,421,417,4
38751,268,263,5
38752,312,298,14
38753,140,138,2
38754,82,81,1
38755,263,259,4
38756,40,37,3
38757,59,59,0
38758,112,110,2
38759,144,141,3
38760,666,656,10
38761,54,54,0
38762,304,297,7
38763,89,88,1
38764,89,87,2
38765,138,135,3
38766,194,194,0
38767,74,73,1
38768,123,117,6
38769,156,154,2
38770,234,232,2
38771,105,103,2
38772,148,145,3
38773,159,155,4
38774,135,133,2
38775,78,76,2
38776,53,52,1
38777,327,323,4
38778,214,212,2
38779,110,110,0
38780,123,122,1
38781,39,35,4
38782,56,55,1
38783,287,285,2
38784,151,151,0
38785,395,388,7
38786,745,732,13
38787,102,99,3
38788,315,309,6
38789,943,914,29
38790,126,123,3
38791,140,137,3
38792,281,277,4
38793,154,149,5
38794,302,299,3
38795,242,238,4
38796,96,94,2
38797,174,167,7
38798,179,173,6
38799,451,445,6
38800,209,198,11
38801,203,196,7
38802,116,116,0
38803,389,381,8
38804,217,211,6
38805,672,662,10
38806,138,136,2
38807,155,148,7
38808,179,175,4
38809,203,197,6
38810,139,136,3
38811,563,548,15
38812,488,479,9
38813,123,120,3
38814,166,157,9
38815,88,88,0
38816,292,282,10
38817,174,170,4
38818,371,364,7
38819,164,163,1
38820,293,280,13
38821,321,312,9
38822,284,279,5
38823,540,531,9
38824,278,274,4
38825,355,352,3
38826,429,425,4
38827,121,120,1
38828,115,115,0
38829,298,292,6
38830,369,358,11
38831,351,348,3
38832,141,137,4
38833,256,255,1
38834,180,180,0
38835,639,623,16
38836,122,120,2
38837,419,409,10
38838,170,162,8
38839,133,131,2
38840,166,166,0
38841,110,108,2
38842,97,95,2
38843,640,633,7
38844,154,153,1
38845,215,207,8
38846,79,79,0
38847,54,50,4
38848,32,31,1
38849,193,186,7
38850,301,299,2
38851,314,305,9
38852,190,187,3
38853,262,259,3
38854,61,57,4
38855,217,214,3
38856,204,197,7
38857,93,92,1
38858,192,191,1
38859,52,50,2
38860,126,126,0
38861,96,93,3
38862,84,82,2
38863,342,334,8
38864,159,155,4
38865,190,189,1
38866,144,141,3
38867,255,252,3
38868,181,175,6
38869,81,77,4
38870,183,175,8
38871,744,725,19
38872,206,205,1
38873,134,132,2
38874,145,143,2
38875,201,186,15
38876,130,130,0
38877,114,110,4
38878,571,562,9
38879,652,637,15
38880,152,152,0
38881,160,156,4
38882,410,409,1
38883,118,118,0
38884,189,187,2
38885,172,160,12
38886,146,140,6
38887,99,99,0
38888,218,216,2
38889,56,56,0
38890,157,157,0
38891,134,132,2
38892,186,183,3
38893,151,148,3
38894,158,154,4
38895,132,125,7
38896,268,267,1
38897,214,210,4
38898,192,185,7
38899,73,73,0
38900,211,204,7
38901,369,355,14
38902,367,355,12
38903,298,295,3
38904,342,337,5
38905,197,196,1
38906,197,196,1
38907,197,196,1
38908,81,77,4
38909,144,136,8
38910,214,211,3
38911,144,143,1
38912,319,312,7
38913,143,141,2
38914,139,136,3
38915,222,213,9
38916,357,344,13
38917,458,448,10
38918,514,499,15
38919,113,110,3
38920,112,108,4
38921,153,153,0
38922,302,289,13
38923,116,108,8
38924,443,440,3
38925,749,736,13
38926,323,317,6
38927,238,237,1
38928,354,351,3
38929,159,155,4
38930,51,51,0
38931,471,462,9
38932,152,149,3
38933,67,67,0
38934,48,48,0
38935,123,122,1
38936,360,358,2
38937,311,308,3
38938,360,359,1
38939,179,175,4
38940,169,162,7
38941,278,277,1
38942,915,892,23
38943,155,153,2
38944,189,186,3
38945,305,303,2
38946,373,356,17
38947,546,543,3
38948,33,32,1
38949,89,86,3
38950,129,129,0
38951,123,119,4
38952,72,71,1
38953,186,183,3
38954,99,99,0
38955,133,130,3
38956,197,185,12
38957,157,154,3
38958,42,42,0
38959,230,224,6
38960,103,103,0
38961,171,165,6
38962,168,164,4
38963,189,179,10
38964,35,35,0
38965,130,129,1
38966,127,127,0
38967,154,149,5
38968,145,142,3
38969,164,161,3
38970,119,118,1
38971,362,357,5
38972,304,287,17
38973,93,92,1
38974,143,143,0
38975,172,171,1
38976,149,149,0
38977,224,218,6
38978,198,191,7
38979,85,83,2
38980,40,38,2
38981,147,144,3
38982,174,167,7
38983,137,135,2
38984,353,345,8
38985,115,114,1
38986,108,104,4
38987,172,170,2
38988,372,367,5
38989,237,231,6
38990,105,98,7
38991,179,177,2
38992,401,389,12
38993,266,263,3
38994,117,113,4
38995,419,408,11
38996,119,119,0
38997,163,160,3
38998,121,117,4
38999,254,253,1
39000,308,308,0
39001,243,233,10
39002,434,428,6
39003,164,158,6
39004,287,283,4
39005,778,766,12
39006,399,395,4
39007,132,129,3
39008,405,399,6
39009,218,216,2
39010,87,86,1
39011,222,217,5
39012,122,118,4
39013,192,186,6
39014,152,152,0
39015,151,151,0
39016,50,50,0
39017,193,189,4
39018,178,178,0
39019,137,135,2
39020,360,351,9
39021,105,102,3
39022,699,679,20
39023,626,622,4
39024,137,137,0
39025,287,283,4
39026,139,135,4
39027,47,43,4
39028,122,118,4
39029,198,196,2
39030,190,185,5
39031,165,165,0
39032,52,52,0
39033,135,133,2
39034,515,501,14
39035,181,174,7
39036,230,225,5
39037,162,160,2
39038,161,151,10
39039,69,69,0
39040,87,86,1
39041,47,46,1
39042,324,321,3
39043,174,172,2
39044,265,255,10
39045,195,191,4
39046,527,517,10
39047,154,152,2
39048,318,312,6
39049,350,345,5
39050,209,203,6
39051,87,81,6
39052,105,101,4
39053,54,54,0
39054,134,134,0
39055,137,136,1
39056,146,136,10
39057,304,292,12
39058,92,91,1
39059,288,285,3
39060,439,426,13
39061,246,241,5
39062,267,265,2
39063,84,81,3
39064,78,78,0
39065,247,243,4
39066,94,94,0
39067,180,175,5
39068,202,198,4
39069,165,165,0
39070,223,216,7
39071,657,654,3
39072,454,444,10
39073,374,369,5
39074,242,233,9
39075,168,164,4
39076,120,118,2
39077,175,169,6
39078,158,156,2
39079,210,205,5
39080,378,372,6
39081,246,240,6
39082,278,270,8
39083,134,128,6
39084,91,91,0
39085,274,273,1
39086,51,51,0
39087,132,130,2
39088,49,48,1
39089,89,88,1
39090,144,141,3
39091,354,352,2
39092,292,290,2
39093,29,29,0
39094,149,148,1
39095,238,231,7
39096,112,110,2
39097,176,173,3
39098,133,132,1
39099,153,152,1
39100,347,340,7
39101,70,69,1
39102,133,130,3
39103,179,178,1
39104,137,133,4
39105,241,239,2
39106,267,265,2
39107,203,199,4
39108,124,123,1
39109,180,176,4
39110,100,97,3
39111,274,267,7
39112,590,574,16
39113,106,104,2
39114,228,221,7
39115,168,165,3
39116,80,79,1
39117,408,405,3
39118,113,111,2
39119,304,301,3
39120,198,192,6
39121,183,183,0
39122,71,71,0
39123,179,173,6
39124,286,284,2
39125,292,290,2
39126,239,236,3
39127,180,177,3
39128,670,664,6
39129,159,158,1
39130,213,212,1
39131,138,138,0
39132,170,169,1
39133,388,383,5
39134,93,89,4
39135,158,158,0
39136,233,231,2
39137,64,63,1
39138,160,159,1
39139,144,139,5
39140,304,304,0
39141,294,283,11
39142,79,78,1
39143,98,97,1
39144,293,290,3
39145,546,537,9
39146,285,283,2
39147,160,159,1
39148,147,147,0
39149,301,287,14
39150,167,163,4
39151,234,231,3
39152,131,131,0
39153,169,168,1
39154,136,135,1
39155,92,91,1
39156,214,202,12
39157,208,205,3
39158,114,112,2
39159,228,228,0
39160,119,118,1
39161,115,114,1
39162,178,178,0
39163,193,192,1
39164,228,224,4
39165,62,62,0
39166,418,416,2
39167,194,192,2
39168,155,154,1
39169,115,114,1
39170,147,146,1
39171,128,124,4
39172,146,143,3
39173,118,116,2
39174,139,137,2
39175,159,158,1
39176,146,145,1
39177,112,110,2
39178,392,384,8
39179,235,228,7
39180,194,192,2
39181,121,121,0
39182,108,106,2
39183,93,91,2
39184,530,515,15
39185,409,392,17
39186,277,275,2
39187,313,302,11
39188,136,135,1
39189,161,155,6
39190,77,76,1
39191,171,167,4
39192,154,153,1
39193,219,217,2
39194,409,391,18
39195,302,293,9
39196,155,153,2
39197,143,138,5
39198,143,143,0
39199,133,132,1
39200,385,376,9
39201,177,177,0
39202,460,450,10
39203,441,436,5
39204,116,113,3
39205,105,104,1
39206,208,206,2
39207,612,600,12
39208,214,205,9
39209,162,159,3
39210,311,307,4
39211,59,57,2
39212,197,193,4
39213,371,347,24
39214,184,179,5
39215,219,213,6
39216,371,361,10
39217,113,111,2
39218,596,593,3
39219,329,318,11
39220,370,364,6
39221,543,531,12
39222,313,300,13
39223,54,53,1
39224,51,50,1
39225,90,89,1
39226,96,94,2
39227,51,50,1
39228,32,32,0
39229,118,118,0
39230,151,143,8
39231,84,82,2
39232,241,236,5
39233,179,177,2
39234,218,214,4
39235,126,126,0
39236,75,73,2
39237,102,101,1
39238,194,189,5
39239,224,222,2
39240,116,108,8
39241,574,565,9
39242,243,235,8
39243,125,125,0
39244,113,111,2
39245,281,281,0
39246,148,141,7
39247,171,168,3
39248,343,332,11
39249,159,159,0
39250,146,139,7
39251,195,183,12
39252,203,198,5
39253,124,121,3
39254,337,337,0
39255,377,372,5
39256,326,323,3
39257,121,120,1
39258,184,177,7
39259,428,420,8
39260,321,304,17
39261,233,229,4
39262,278,272,6
39263,503,494,9
39264,500,479,21
39265,185,182,3
39266,130,130,0
39267,532,521,11
39268,127,126,1
39269,193,193,0
39270,584,582,2
39271,116,115,1
39272,312,303,9
39273,128,127,1
39274,232,228,4
39275,148,145,3
39276,299,297,2
39277,115,110,5
39278,588,577,11
39279,168,163,5
39280,602,600,2
39281,562,546,16
39282,153,151,2
39283,177,175,2
39284,279,277,2
39285,503,500,3
39286,108,102,6
39287,241,234,7
39288,213,211,2
39289,106,106,0
39290,109,108,1
39291,81,74,7
39292,188,187,1
39293,418,408,10
39294,52,46,6
39295,44,44,0
39296,258,256,2
39297,288,282,6
39298,210,203,7
39299,701,687,14
39300,170,162,8
39301,322,313,9
39302,72,68,4
39303,196,195,1
39304,165,164,1
39305,359,349,10
39306,452,444,8
39307,810,798,12
39308,153,150,3
39309,566,563,3
39310,167,166,1
39311,810,798,12
39312,94,88,6
39313,73,72,1
39314,166,158,8
39315,161,156,5
39316,107,104,3
39317,131,129,2
39318,354,348,6
39319,208,205,3
39320,109,108,1
39321,185,182,3
39322,72,71,1
39323,148,146,2
39324,235,234,1
39325,430,424,6
39326,218,218,0
39327,143,141,2
39328,78,77,1
39329,262,262,0
39330,96,95,1
39331,296,293,3
39332,134,131,3
39333,169,168,1
39334,139,138,1
39335,152,145,7
39336,440,432,8
39337,131,128,3
39338,127,127,0
39339,285,282,3
39340,128,128,0
39341,128,128,0
39342,214,203,11
39343,102,99,3
39344,207,205,2
39345,191,169,22
39346,215,213,2
39347,95,93,2
39348,110,102,8
39349,108,107,1
39350,197,195,2
39351,123,123,0
39352,227,225,2
39353,318,311,7
39354,401,392,9
39355,145,140,5
39356,117,116,1
39357,170,169,1
39358,178,174,4
39359,125,124,1
39360,346,341,5
39361,147,147,0
39362,230,226,4
39363,372,363,9
39364,174,169,5
39365,217,212,5
39366,111,110,1
39367,375,369,6
39368,135,133,2
39369,133,133,0
39370,137,135,2
39371,207,206,1
39372,124,124,0
39373,112,110,2
39374,130,129,1
39375,268,263,5
39376,338,334,4
39377,114,114,0
39378,114,111,3
39379,119,118,1
39380,277,273,4
39381,153,152,1
39382,192,191,1
39383,412,406,6
39384,298,296,2
39385,121,117,4
39386,121,119,2
39387,208,206,2
39388,194,191,3
39389,192,191,1
39390,402,394,8
39391,274,266,8
39392,222,217,5
39393,45,44,1
39394,167,162,5
39395,175,174,1
39396,629,621,8
39397,204,204,0
39398,302,299,3
39399,555,547,8
39400,327,325,2
39401,262,257,5
39402,269,264,5
39403,284,282,2
39404,57,57,0
39405,197,193,4
39406,335,327,8
39407,143,140,3
39408,175,174,1
39409,69,67,2
39410,126,123,3
39411,134,134,0
39412,215,196,19
39413,126,123,3
39414,56,56,0
39415,152,146,6
39416,153,151,2
39417,191,190,1
39418,65,65,0
39419,121,118,3
39420,93,92,1
39421,150,146,4
39422,52,50,2
39423,329,325,4
39424,109,107,2
39425,94,91,3
39426,272,266,6
39427,804,797,7
39428,111,110,1
39429,121,117,4
39430,88,87,1
39431,787,767,20
39432,170,168,2
39433,502,498,4
39434,65,60,5
39435,92,89,3
39436,189,188,1
39437,58,54,4
39438,205,204,1
39439,469,464,5
39440,151,151,0
39441,144,143,1
39442,745,736,9
39443,117,117,0
39444,119,116,3
39445,226,221,5
39446,655,646,9
39447,344,339,5
39448,826,816,10
39449,345,339,6
39450,1011,982,29
39451,213,206,7
39452,29,28,1
39453,189,185,4
39454,586,578,8
39455,338,337,1
39456,354,348,6
39457,139,130,9
39458,142,139,3
39459,148,144,4
39460,231,230,1
39461,83,83,0
39462,114,112,2
39463,61,59,2
39464,40,38,2
39465,90,90,0
39466,502,493,9
39467,119,114,5
39468,231,227,4
39469,190,188,2
39470,228,224,4
39471,160,159,1
39472,268,265,3
39473,146,138,8
39474,113,111,2
39475,180,176,4
39476,131,125,6
39477,123,122,1
39478,203,199,4
39479,146,140,6
39480,60,58,2
39481,106,105,1
39482,171,165,6
39483,222,219,3
39484,480,469,11
39485,276,270,6
39486,731,720,11
39487,381,372,9
39488,287,274,13
39489,160,157,3
39490,141,138,3
39491,172,168,4
39492,240,238,2
39493,247,241,6
39494,388,382,6
39495,241,237,4
39496,124,121,3
39497,117,114,3
39498,130,130,0
39499,130,130,0
39500,130,128,2
39501,428,409,19
39502,944,933,11
39503,258,256,2
39504,138,135,3
39505,198,193,5
39506,143,141,2
39507,147,145,2
39508,263,258,5
39509,317,310,7
39510,119,117,2
39511,353,340,13
39512,291,286,5
39513,160,156,4
39514,661,648,13
39515,66,63,3
39516,345,339,6
39517,407,400,7
39518,222,218,4
39519,407,401,6
39520,753,747,6
39521,147,146,1
39522,720,708,12
39523,348,338,10
39524,65,64,1
39525,81,81,0
39526,56,54,2
39527,40,40,0
39528,382,376,6
39529,307,303,4
39530,358,346,12
39531,253,246,7
39532,180,176,4
39533,225,209,16
39534,105,104,1
39535,192,187,5
39536,314,312,2
39537,116,112,4
39538,285,278,7
39539,206,197,9
39540,118,112,6
39541,105,102,3
39542,184,178,6
39543,368,361,7
39544,133,130,3
39545,305,292,13
39546,335,328,7
39547,120,119,1
39548,241,237,4
39549,135,130,5
39550,734,721,13
39551,207,201,6
39552,234,229,5
39553,219,210,9
39554,197,197,0
39555,63,60,3
39556,75,75,0
39557,226,224,2
39558,178,174,4
39559,328,315,13
39560,439,427,12
39561,164,162,2
39562,469,460,9
39563,123,123,0
39564,122,120,2
39565,119,113,6
39566,936,922,14
39567,198,195,3
39568,113,113,0
39569,147,147,0
39570,84,84,0
39571,159,156,3
39572,112,111,1
39573,300,298,2
39574,135,135,0
39575,131,130,1
39576,147,145,2
39577,278,265,13
39578,330,325,5
39579,661,642,19
39580,147,145,2
39581,390,378,12
39582,226,226,0
39583,228,221,7
39584,185,184,1
39585,742,726,16
39586,186,183,3
39587,169,167,2
39588,48,48,0
39589,211,211,0
39590,442,439,3
39591,520,509,11
39592,270,264,6
39593,225,221,4
39594,332,327,5
39595,118,116,2
39596,133,128,5
39597,362,356,6
39598,275,273,2
39599,150,148,2
39600,354,346,8
39601,176,172,4
39602,166,162,4
39603,152,151,1
39604,197,194,3
39605,222,221,1
39606,524,514,10
39607,127,125,2
39608,203,200,3
39609,135,135,0
39610,171,169,2
39611,279,273,6
39612,351,340,11
39613,697,692,5
39614,59,58,1
39615,137,131,6
39616,39,38,1
39617,148,147,1
39618,67,65,2
39619,114,110,4
39620,77,76,1
39621,302,296,6
39622,148,142,6
39623,123,123,0
39624,86,80,6
39625,62,61,1
39626,287,285,2
39627,409,400,9
39628,293,284,9
39629,164,161,3
39630,61,61,0
39631,136,136,0
39632,196,193,3
39633,272,264,8
39634,262,257,5
39635,343,335,8
39636,254,247,7
39637,195,195,0
39638,515,500,15
39639,123,122,1
39640,416,408,8
39641,449,435,14
39642,534,520,14
39643,241,233,8
39644,271,267,4
39645,134,129,5
39646,125,122,3
39647,120,117,3
39648,423,408,15
39649,254,237,17
39650,290,285,5
39651,149,148,1
39652,181,179,2
39653,126,125,1
39654,143,138,5
39655,142,140,2
39656,134,129,5
39657,210,206,4
39658,138,135,3
39659,133,133,0
39660,127,127,0
39661,468,454,14
39662,125,121,4
39663,172,170,2
39664,156,151,5
39665,383,378,5
39666,404,402,2
39667,161,159,2
39668,247,244,3
39669,437,431,6
39670,261,251,10
39671,234,231,3
39672,908,887,21
39673,133,131,2
39674,141,141,0
39675,654,639,15
39676,194,191,3
39677,151,150,1
39678,150,148,2
39679,163,159,4
39680,437,431,6
39681,224,219,5
39682,980,972,8
39683,186,180,6
39684,138,133,5
39685,139,135,4
39686,175,174,1
39687,380,374,6
39688,502,488,14
39689,262,260,2
39690,137,136,1
39691,271,267,4
39692,104,103,1
39693,140,140,0
39694,217,214,3
39695,149,145,4
39696,404,383,21
39697,173,169,4
39698,210,207,3
39699,347,339,8
39700,148,147,1
39701,129,128,1
39702,96,95,1
39703,226,222,4
39704,335,332,3
39705,356,354,2
39706,271,269,2
39707,131,129,2
39708,386,380,6
39709,54,52,2
39710,148,145,3
39711,290,282,8
39712,123,123,0
39713,207,203,4
39714,288,282,6
39715,131,130,1
39716,251,250,1
39717,205,201,4
39718,447,442,5
39719,457,443,14
39720,123,117,6
39721,128,128,0
39722,188,183,5
39723,193,189,4
39724,93,93,0
39725,127,126,1
39726,53,53,0
39727,90,87,3
39728,58,58,0
39729,130,127,3
39730,125,118,7
39731,99,98,1
39732,122,119,3
39733,67,65,2
39734,64,61,3
39735,426,418,8
39736,147,146,1
39737,21,21,0
39738,276,264,12
39739,90,89,1
39740,349,340,9
39741,129,128,1
39742,132,129,3
39743,36,36,0
39744,194,192,2
39745,154,150,4
39746,379,370,9
39747,454,447,7
39748,122,116,6
39749,119,119,0
39750,250,248,2
39751,239,232,7
39752,147,145,2
39753,136,135,1
39754,143,139,4
39755,175,173,2
39756,181,175,6
39757,119,113,6
39758,185,184,1
39759,319,313,6
39760,175,174,1
39761,130,129,1
39762,130,127,3
39763,259,254,5
39764,796,786,10
39765,182,180,2
39766,198,193,5
39767,119,118,1
39768,157,154,3
39769,224,223,1
39770,301,298,3
39771,402,395,7
39772,311,307,4
39773,254,252,2
39774,184,181,3
39775,191,190,1
39776,253,249,4
39777,106,103,3
39778,392,383,9
39779,68,68,0
39780,56,55,1
39781,199,196,3
39782,187,186,1
39783,212,212,0
39784,141,138,3
39785,211,206,5
39786,117,114,3
39787,121,120,1
39788,165,163,2
39789,94,94,0
39790,113,111,2
39791,136,133,3
39792,58,57,1
39793,76,76,0
39794,157,152,5
39795,330,327,3
39796,89,88,1
39797,155,154,1
39798,192,189,3
39799,142,140,2
39800,209,204,5
39801,202,202,0
39802,137,137,0
39803,46,45,1
39804,131,127,4
39805,195,191,4
39806,51,51,0
39807,35,34,1
39808,161,151,10
39809,138,136,2
39810,265,258,7
39811,384,373,11
39812,188,178,10
39813,129,129,0
39814,158,158,0
39815,178,176,2
39816,71,70,1
39817,245,242,3
39818,395,388,7
39819,902,893,9
39820,105,104,1
39821,165,165,0
39822,122,121,1
39823,203,199,4
39824,186,184,2
39825,140,138,2
39826,205,200,5
39827,86,86,0
39828,119,117,2
39829,165,159,6
39830,206,203,3
39831,60,56,4
39832,365,365,0
39833,170,168,2
39834,19,19,0
39835,170,166,4
39836,52,48,4
39837,58,58,0
39838,201,199,2
39839,167,161,6
39840,324,321,3
39841,163,159,4
39842,99,97,2
39843,130,130,0
39844,150,149,1
39845,217,212,5
39846,110,108,2
39847,138,131,7
39848,578,562,16
39849,108,106,2
39850,159,152,7
39851,584,572,12
39852,1002,970,32
39853,331,325,6
39854,147,138,9
39855,144,142,2
39856,161,156,5
39857,145,143,2
39858,118,114,4
39859,122,117,5
39860,132,131,1
39861,222,215,7
39862,137,131,6
39863,64,62,2
39864,79,79,0
39865,118,115,3
39866,73,73,0
39867,78,77,1
39868,228,222,6
39869,297,292,5
39870,236,231,5
39871,91,91,0
39872,94,93,1
39873,155,155,0
39874,98,97,1
39875,555,548,7
39876,258,253,5
39877,63,61,2
39878,119,117,2
39879,344,335,9
39880,201,198,3
39881,239,236,3
39882,96,94,2
39883,98,95,3
39884,276,264,12
39885,116,116,0
39886,245,238,7
39887,289,277,12
39888,90,85,5
39889,47,46,1
39890,234,226,8
39891,118,116,2
39892,147,146,1
39893,447,441,6
39894,127,125,2
39895,125,123,2
39896,296,290,6
39897,171,165,6
39898,124,123,1
39899,69,69,0
39900,238,235,3
39901,564,550,14
39902,503,488,15
39903,556,548,8
39904,50,48,2
39905,67,67,0
39906,70,70,0
39907,136,135,1
39908,115,114,1
39909,148,147,1
39910,267,264,3
39911,291,289,2
39912,300,296,4
39913,214,207,7
39914,201,188,13
39915,358,353,5
39916,183,180,3
39917,42,42,0
39918,320,314,6
39919,229,216,13
39920,153,150,3
39921,435,426,9
39922,133,132,1
39923,369,368,1
39924,93,90,3
39925,46,45,1
39926,283,276,7
39927,673,664,9
39928,148,147,1
39929,195,194,1
39930,137,136,1
39931,173,170,3
39932,70,67,3
39933,136,131,5
39934,330,324,6
39935,242,237,5
39936,160,156,4
39937,263,259,4
39938,187,186,1
39939,120,120,0
39940,50,50,0
39941,80,79,1
39942,262,255,7
39943,339,336,3
39944,294,289,5
39945,178,173,5
39946,44,40,4
39947,89,88,1
39948,50,49,1
39949,70,70,0
39950,226,222,4
39951,437,423,14
39952,132,131,1
39953,85,84,1
39954,178,177,1
39955,240,237,3
39956,333,328,5
39957,126,123,3
39958,308,298,10
39959,184,182,2
39960,79,78,1
39961,140,137,3
39962,234,231,3
39963,210,207,3
39964,216,212,4
39965,186,184,2
39966,140,138,2
39967,198,193,5
39968,120,118,2
39969,161,155,6
39970,166,164,2
39971,247,244,3
39972,139,139,0
39973,266,256,10
39974,196,193,3
39975,229,228,1
39976,324,321,3
39977,127,126,1
39978,356,352,4
39979,204,200,4
39980,339,337,2
39981,167,164,3
39982,237,236,1
39983,152,150,2
39984,133,133,0
39985,119,117,2
39986,136,135,1
39987,163,162,1
39988,134,132,2
39989,124,121,3
39990,152,151,1
39991,240,228,12
39992,173,172,1
39993,380,370,10
39994,600,589,11
39995,934,924,10
39996,146,143,3
39997,52,52,0
39998,376,372,4
39999,515,511,4
40000,52,52,0
40001,224,221,3
40002,188,186,2
40003,50,50,0
40004,187,185,2
40005,44,44,0
40006,369,361,8
40007,141,130,11
40008,215,213,2
40009,372,362,10
40010,166,159,7
40011,221,219,2
40012,149,148,1
40013,157,152,5
40014,228,227,1
40015,180,180,0
40016,281,280,1
40017,342,341,1
40018,474,463,11
40019,150,149,1
40020,175,175,0
40021,332,330,2
40022,185,183,2
40023,432,418,14
40024,296,293,3
40025,144,143,1
40026,156,153,3
40027,42,42,0
40028,216,210,6
40029,223,212,11
40030,135,131,4
40031,127,126,1
40032,321,313,8
40033,115,110,5
40034,144,143,1
40035,36,36,0
40036,74,74,0
40037,51,50,1
40038,115,112,3
40039,60,59,1
40040,93,92,1
40041,141,140,1
40042,167,163,4
40043,264,249,15
40044,186,185,1
40045,114,112,2
40046,228,227,1
40047,328,321,7
40048,143,141,2
40049,121,118,3
40050,284,277,7
40051,55,54,1
40052,45,42,3
40053,182,180,2
40054,258,250,8
40055,190,188,2
40056,229,228,1
40057,157,156,1
40058,129,127,2
40059,155,153,2
40060,75,74,1
40061,234,233,1
40062,110,108,2
40063,313,308,5
40064,139,136,3
40065,122,118,4
40066,117,114,3
40067,132,131,1
40068,153,147,6
40069,142,140,2
40070,219,215,4
40071,526,514,12
40072,204,195,9
40073,253,249,4
40074,129,125,4
40075,163,157,6
40076,131,130,1
40077,251,244,7
40078,278,275,3
40079,125,125,0
40080,167,167,0
40081,177,173,4
40082,134,131,3
40083,102,100,2
40084,144,141,3
40085,125,123,2
40086,405,397,8
40087,250,246,4
40088,143,141,2
40089,342,337,5
40090,148,148,0
40091,190,187,3
40092,136,135,1
40093,184,180,4
40094,71,71,0
40095,167,165,2
40096,124,117,7
40097,79,79,0
40098,99,99,0
40099,129,125,4
40100,321,314,7
40101,165,162,3
40102,78,76,2
40103,302,295,7
40104,124,122,2
40105,244,240,4
40106,277,271,6
40107,277,271,6
40108,518,507,11
40109,159,159,0
40110,129,128,1
40111,511,505,6
40112,180,178,2
40113,334,330,4
40114,504,492,12
40115,128,123,5
40116,540,531,9
40117,363,352,11
40118,142,140,2
40119,126,123,3
40120,314,313,1
40121,137,135,2
40122,122,121,1
40123,129,128,1
40124,222,219,3
40125,152,151,1
40126,166,165,1
40127,98,93,5
40128,218,206,12
40129,174,172,2
40130,675,658,17
40131,317,304,13
40132,145,143,2
40133,128,126,2
40134,139,133,6
40135,126,121,5
40136,480,475,5
40137,167,167,0
40138,308,303,5
40139,178,176,2
40140,110,109,1
40141,150,148,2
40142,124,122,2
40143,181,180,1
40144,107,105,2
40145,460,450,10
40146,368,358,10
40147,354,345,9
40148,304,293,11
40149,204,198,6
40150,133,126,7
40151,164,162,2
40152,239,235,4
40153,220,217,3
40154,608,590,18
40155,484,477,7
40156,264,257,7
40157,376,372,4
40158,312,308,4
40159,42,42,0
40160,403,395,8
40161,145,143,2
40162,398,396,2
40163,89,89,0
40164,676,671,5
40165,220,220,0
40166,136,134,2
40167,73,71,2
40168,224,219,5
40169,241,235,6
40170,207,207,0
40171,93,90,3
40172,196,193,3
40173,133,132,1
40174,393,387,6
40175,834,825,9
40176,273,270,3
40177,139,138,1
40178,418,416,2
40179,74,72,2
40180,126,121,5
40181,221,221,0
40182,182,182,0
40183,138,136,2
40184,156,155,1
40185,434,427,7
40186,371,365,6
40187,273,263,10
40188,150,148,2
40189,75,71,4
40190,289,283,6
40191,213,204,9
40192,266,261,5
40193,350,340,10
40194,396,392,4
40195,162,160,2
40196,498,494,4
40197,119,119,0
40198,121,120,1
40199,168,168,0
40200,263,254,9
40201,243,235,8
40202,206,200,6
40203,149,148,1
40204,500,485,15
40205,227,224,3
40206,172,169,3
40207,231,227,4
40208,44,44,0
40209,212,208,4
40210,152,145,7
40211,110,104,6
40212,150,149,1
40213,85,85,0
40214,157,156,1
40215,337,332,5
40216,128,126,2
40217,128,126,2
40218,145,142,3
40219,139,134,5
40220,276,275,1
40221,119,117,2
40222,122,120,2
40223,124,122,2
40224,56,55,1
40225,134,127,7
40226,136,131,5
40227,60,60,0
40228,79,79,0
40229,80,77,3
40230,94,94,0
40231,116,116,0
40232,210,203,7
40233,319,307,12
40234,947,940,7
40235,232,228,4
40236,151,149,2
40237,46,45,1
40238,555,532,23
40239,882,855,27
40240,663,652,11
40241,248,237,11
40242,317,308,9
40243,178,177,1
40244,290,288,2
40245,420,411,9
40246,200,196,4
40247,175,172,3
40248,511,507,4
40249,265,248,17
40250,300,294,6
40251,237,230,7
40252,262,257,5
40253,490,482,8
40254,241,237,4
40255,151,145,6
40256,182,176,6
40257,386,382,4
40258,581,562,19
40259,1124,1115,9
40260,168,164,4
40261,99,96,3
40262,262,254,8
40263,156,146,10
40264,324,311,13
40265,156,153,3
40266,979,932,47
40267,394,387,7
40268,129,123,6
40269,564,532,32
40270,201,199,2
40271,469,452,17
40272,126,125,1
40273,271,259,12
40274,170,167,3
40275,145,141,4
40276,140,138,2
40277,360,355,5
40278,386,374,12
40279,153,151,2
40280,162,156,6
40281,127,123,4
40282,274,270,4
40283,121,116,5
40284,145,144,1
40285,176,173,3
40286,120,113,7
40287,139,135,4
40288,138,138,0
40289,211,208,3
40290,46,46,0
40291,95,93,2
40292,196,193,3
40293,181,177,4
40294,177,173,4
40295,991,973,18
40296,441,434,7
40297,550,538,12
40298,178,176,2
40299,214,208,6
40300,171,164,7
40301,96,90,6
40302,123,121,2
40303,234,232,2
40304,153,148,5
40305,164,162,2
40306,131,130,1
40307,202,199,3
40308,167,166,1
40309,309,308,1
40310,246,240,6
40311,243,235,8
40312,194,194,0
40313,168,162,6
40314,126,126,0
40315,165,163,2
40316,126,124,2
40317,177,168,9
40318,141,140,1
40319,124,124,0
40320,144,144,0
40321,562,554,8
40322,123,119,4
40323,126,124,2
40324,286,280,6
40325,173,172,1
40326,183,178,5
40327,211,208,3
40328,148,146,2
40329,219,218,1
40330,154,150,4
40331,142,140,2
40332,118,116,2
40333,290,290,0
40334,142,140,2
40335,195,194,1
40336,194,192,2
40337,219,217,2
40338,134,132,2
40339,104,102,2
40340,180,179,1
40341,154,153,1
40342,163,161,2
40343,217,206,11
40344,167,166,1
40345,137,134,3
40346,244,241,3
40347,139,135,4
40348,291,284,7
40349,214,211,3
40350,245,238,7
40351,147,146,1
40352,361,355,6
40353,496,491,5
40354,485,483,2
40355,749,734,15
40356,102,102,0
40357,50,49,1
40358,174,170,4
40359,110,108,2
40360,99,98,1
40361,129,125,4
40362,189,187,2
40363,77,75,2
40364,165,164,1
40365,772,758,14
40366,256,254,2
40367,84,83,1
40368,44,44,0
40369,117,113,4
40370,90,90,0
40371,60,60,0
40372,738,725,13
40373,57,56,1
40374,132,132,0
40375,120,118,2
40376,155,152,3
40377,228,228,0
40378,270,263,7
40379,625,603,22
40380,437,426,11
40381,383,377,6
40382,265,255,10
40383,302,299,3
40384,137,137,0
40385,424,419,5
40386,251,249,2
40387,162,159,3
40388,120,116,4
40389,145,144,1
40390,136,135,1
40391,148,145,3
40392,342,338,4
40393,798,788,10
40394,231,226,5
40395,167,163,4
40396,211,208,3
40397,384,376,8
40398,854,847,7
40399,275,272,3
40400,388,388,0
40401,174,170,4
40402,114,110,4
40403,821,800,21
40404,139,138,1
40405,249,244,5
40406,390,383,7
40407,175,163,12
40408,297,295,2
40409,217,216,1
40410,144,141,3
40411,62,61,1
40412,364,350,14
40413,259,252,7
40414,166,160,6
40415,155,151,4
40416,282,276,6
40417,146,141,5
40418,138,135,3
40419,650,637,13
40420,153,148,5
40421,138,136,2
40422,138,136,2
40423,132,131,1
40424,170,164,6
40425,449,442,7
40426,227,220,7
40427,221,217,4
40428,350,346,4
40429,442,435,7
40430,263,255,8
40431,165,161,4
40432,149,149,0
40433,204,196,8
40434,186,181,5
40435,272,258,14
40436,605,594,11
40437,92,90,2
40438,188,179,9
40439,477,465,12
40440,306,297,9
40441,390,377,13
40442,363,347,16
40443,435,429,6
40444,136,133,3
40445,412,392,20
40446,262,257,5
40447,601,592,9
40448,478,461,17
40449,315,313,2
40450,231,229,2
40451,486,484,2
40452,151,148,3
40453,399,392,7
40454,406,400,6
40455,270,262,8
40456,329,327,2
40457,161,160,1
40458,202,201,1
40459,141,139,2
40460,170,165,5
40461,168,163,5
40462,660,651,9
40463,261,259,2
40464,192,192,0
40465,207,205,2
40466,295,277,18
40467,100,97,3
40468,164,162,2
40469,78,78,0
40470,330,323,7
40471,536,530,6
40472,490,447,43
40473,112,111,1
40474,156,154,2
40475,257,254,3
40476,144,134,10
40477,118,118,0
40478,116,114,2
40479,160,158,2
40480,366,356,10
40481,95,94,1
40482,142,141,1
40483,49,46,3
40484,134,133,1
40485,103,103,0
40486,264,259,5
40487,823,803,20
40488,130,130,0
40489,149,149,0
40490,148,148,0
40491,253,249,4
40492,123,119,4
40493,102,102,0
40494,385,376,9
40495,421,408,13
40496,58,58,0
40497,126,126,0
40498,345,343,2
40499,122,118,4
40500,237,227,10
40501,139,136,3
40502,145,138,7
40503,136,134,2
40504,185,179,6
40505,150,146,4
40506,138,136,2
40507,133,129,4
40508,93,92,1
40509,118,113,5
40510,95,94,1
40511,52,52,0
40512,175,170,5
40513,69,67,2
40514,240,237,3
40515,152,151,1
40516,88,86,2
40517,150,148,2
40518,82,79,3
40519,47,47,0
40520,155,153,2
40521,105,99,6
40522,155,153,2
40523,114,114,0
40524,87,85,2
40525,219,216,3
40526,173,173,0
40527,61,61,0
40528,180,178,2
40529,278,278,0
40530,816,790,26
40531,108,105,3
40532,144,144,0
40533,173,165,8
40534,233,225,8
40535,131,131,0
40536,148,143,5
40537,377,368,9
40538,148,141,7
40539,206,201,5
40540,126,120,6
40541,278,276,2
40542,52,52,0
40543,126,123,3
40544,151,151,0
40545,66,64,2
40546,120,120,0
40547,321,316,5
40548,146,142,4
40549,86,84,2
40550,50,49,1
40551,55,55,0
40552,182,176,6
40553,80,79,1
40554,302,296,6
40555,138,127,11
40556,110,104,6
40557,119,118,1
40558,174,172,2
40559,174,173,1
40560,207,204,3
40561,290,287,3
40562,240,239,1
40563,120,119,1
40564,239,230,9
40565,168,166,2
40566,186,178,8
40567,212,202,10
40568,441,437,4
40569,204,202,2
40570,104,104,0
40571,58,58,0
40572,191,188,3
40573,673,659,14
40574,182,180,2
40575,245,243,2
40576,96,94,2
40577,216,208,8
40578,240,235,5
40579,151,148,3
40580,126,126,0
40581,489,476,13
40582,133,126,7
40583,217,210,7
40584,147,145,2
40585,222,221,1
40586,710,700,10
40587,1007,990,17
40588,311,308,3
40589,428,413,15
40590,159,157,2
40591,48,47,1
40592,50,49,1
40593,54,54,0
40594,101,101,0
40595,346,341,5
40596,274,270,4
40597,157,157,0
40598,195,190,5
40599,398,386,12
40600,221,217,4
40601,184,181,3
40602,254,251,3
40603,300,296,4
40604,177,172,5
40605,62,60,2
40606,222,218,4
40607,163,162,1
40608,277,276,1
40609,113,105,8
40610,47,47,0
40611,160,157,3
40612,107,106,1
40613,258,255,3
40614,136,136,0
40615,188,187,1
40616,209,207,2
40617,83,82,1
40618,356,346,10
40619,179,177,2
40620,196,190,6
40621,238,230,8
40622,57,55,2
40623,110,108,2
40624,228,228,0
40625,132,131,1
40626,730,716,14
40627,394,391,3
40628,245,240,5
40629,77,71,6
40630,104,103,1
40631,223,218,5
40632,395,392,3
40633,520,512,8
40634,134,128,6
40635,239,233,6
40636,251,251,0
40637,113,106,7
40638,97,90,7
40639,109,108,1
40640,148,145,3
40641,213,211,2
40642,296,294,2
40643,219,219,0
40644,144,143,1
40645,135,133,2
40646,108,105,3
40647,597,591,6
40648,821,791,30
40649,974,951,23
40650,64,64,0
40651,78,78,0
40652,157,155,2
40653,114,109,5
40654,135,134,1
40655,349,348,1
40656,73,70,3
40657,135,131,4
40658,191,190,1
40659,217,215,2
40660,265,259,6
40661,135,134,1
40662,173,173,0
40663,164,162,2
40664,111,108,3
40665,153,152,1
40666,358,353,5
40667,55,53,2
40668,135,127,8
40669,170,169,1
40670,113,108,5
40671,154,153,1
40672,140,137,3
40673,108,105,3
40674,216,215,1
40675,168,165,3
40676,145,142,3
40677,121,115,6
40678,246,242,4
40679,392,385,7
40680,426,425,1
40681,432,427,5
40682,195,192,3
40683,151,151,0
40684,160,159,1
40685,159,158,1
40686,392,379,13
40687,125,124,1
40688,211,205,6
40689,51,51,0
40690,135,134,1
40691,100,100,0
40692,116,109,7
40693,123,123,0
40694,64,62,2
40695,174,167,7
40696,121,121,0
40697,108,104,4
40698,177,173,4
40699,144,137,7
40700,142,141,1
40701,210,208,2
40702,137,135,2
40703,248,241,7
40704,265,262,3
40705,196,192,4
40706,270,264,6
40707,655,642,13
40708,132,126,6
40709,129,124,5
40710,286,278,8
40711,143,139,4
40712,367,354,13
40713,378,367,11
40714,201,196,5
40715,84,81,3
40716,65,62,3
40717,233,232,1
40718,181,168,13
40719,168,165,3
40720,212,207,5
40721,625,606,19
40722,116,113,3
40723,233,223,10
40724,116,115,1
40725,184,175,9
40726,133,130,3
40727,284,280,4
40728,137,133,4
40729,197,191,6
40730,189,189,0
40731,247,246,1
40732,323,320,3
40733,338,329,9
40734,162,158,4
40735,136,134,2
40736,123,118,5
40737,150,130,20
40738,157,147,10
40739,143,142,1
40740,171,168,3
40741,87,84,3
40742,124,121,3
40743,193,181,12
40744,160,155,5
40745,304,301,3
40746,137,134,3
40747,134,134,0
40748,271,267,4
40749,190,186,4
40750,392,381,11
40751,150,150,0
40752,168,167,1
40753,210,207,3
40754,130,128,2
40755,308,302,6
40756,158,155,3
40757,397,389,8
40758,110,106,4
40759,210,205,5
40760,138,136,2
40761,257,250,7
40762,138,133,5
40763,127,126,1
40764,171,159,12
40765,405,403,2
40766,87,83,4
40767,167,162,5
40768,197,196,1
40769,198,187,11
40770,30,28,2
40771,146,141,5
40772,120,120,0
40773,173,166,7
40774,244,237,7
40775,423,411,12
40776,188,183,5
40777,125,124,1
40778,63,63,0
40779,81,79,2
40780,143,141,2
40781,704,680,24
40782,129,128,1
40783,99,96,3
40784,237,234,3
40785,327,324,3
40786,234,232,2
40787,152,148,4
40788,190,187,3
40789,131,130,1
40790,165,162,3
40791,122,122,0
40792,291,284,7
40793,308,299,9
40794,81,80,1
40795,116,116,0
40796,200,199,1
40797,68,65,3
40798,81,79,2
40799,124,122,2
40800,180,179,1
40801,95,93,2
40802,217,216,1
40803,142,138,4
40804,373,370,3
40805,120,120,0
40806,335,331,4
40807,64,64,0
40808,171,168,3
40809,56,55,1
40810,250,244,6
40811,197,191,6
40812,905,895,10
40813,123,123,0
40814,198,194,4
40815,140,138,2
40816,149,145,4
40817,193,191,2
40818,87,84,3
40819,188,187,1
40820,268,264,4
40821,148,145,3
40822,244,234,10
40823,454,425,29
40824,129,126,3
40825,167,162,5
40826,149,147,2
40827,382,377,5
40828,213,210,3
40829,169,169,0
40830,405,390,15
40831,158,158,0
40832,156,152,4
40833,151,150,1
40834,129,129,0
40835,233,230,3
40836,466,448,18
40837,195,184,11
40838,378,373,5
40839,183,180,3
40840,151,145,6
40841,215,212,3
40842,228,227,1
40843,147,143,4
40844,408,403,5
40845,69,68,1
40846,55,55,0
40847,261,248,13
40848,148,144,4
40849,266,263,3
40850,486,476,10
40851,141,139,2
40852,52,50,2
40853,89,86,3
40854,175,169,6
40855,52,51,1
40856,116,113,3
40857,60,58,2
40858,88,88,0
40859,463,458,5
40860,157,153,4
40861,113,112,1
40862,637,622,15
40863,120,119,1
40864,199,192,7
40865,260,256,4
40866,313,311,2
40867,127,126,1
40868,143,142,1
40869,130,128,2
40870,190,190,0
40871,772,761,11
40872,397,389,8
40873,177,172,5
40874,139,133,6
40875,111,108,3
40876,155,154,1
40877,133,133,0
40878,178,177,1
40879,50,49,1
40880,84,82,2
40881,136,133,3
40882,282,279,3
40883,133,133,0
40884,256,255,1
40885,116,116,0
40886,221,221,0
40887,160,154,6
40888,150,148,2
40889,262,261,1
40890,247,247,0
40891,137,137,0
40892,341,339,2
40893,209,209,0
40894,195,195,0
40895,141,141,0
40896,421,420,1
40897,362,358,4
40898,551,547,4
40899,312,306,6
40900,562,553,9
40901,341,339,2
40902,244,242,2
40903,213,210,3
40904,510,506,4
40905,251,247,4
40906,690,678,12
40907,206,203,3
40908,131,128,3
40909,229,223,6
40910,52,51,1
40911,243,240,3
40912,109,107,2
40913,126,122,4
40914,139,133,6
40915,183,170,13
40916,310,305,5
40917,121,120,1
40918,234,231,3
40919,81,80,1
40920,38,37,1
40921,143,138,5
40922,59,59,0
40923,130,127,3
40924,268,266,2
40925,327,321,6
40926,120,117,3
40927,381,375,6
40928,129,128,1
40929,297,285,12
40930,141,141,0
40931,180,172,8
40932,334,318,16
40933,128,122,6
40934,141,133,8
40935,163,161,2
40936,307,306,1
40937,162,161,1
40938,304,302,2
40939,115,113,2
40940,102,102,0
40941,37,36,1
40942,333,320,13
40943,167,167,0
40944,421,403,18
40945,214,209,5
40946,336,325,11
40947,218,213,5
40948,169,164,5
40949,274,268,6
40950,361,353,8
40951,180,176,4
40952,256,247,9
40953,131,129,2
40954,163,162,1
40955,233,225,8
40956,55,53,2
40957,125,115,10
40958,633,608,25
40959,139,135,4
40960,396,377,19
40961,61,59,2
40962,144,139,5
40963,344,335,9
40964,344,330,14
40965,34,33,1
40966,461,443,18
40967,53,51,2
40968,338,338,0
40969,286,283,3
40970,361,359,2
40971,186,170,16
40972,170,170,0
40973,143,142,1
40974,216,215,1
40975,211,199,12
40976,177,177,0
40977,194,188,6
40978,157,157,0
40979,80,79,1
40980,79,77,2
40981,53,51,2
40982,349,339,10
40983,488,481,7
40984,136,131,5
40985,387,379,8
40986,240,233,7
40987,536,526,10
40988,162,158,4
40989,335,329,6
40990,172,167,5
40991,54,54,0
40992,146,139,7
40993,75,73,2
40994,123,122,1
40995,80,79,1
40996,39,38,1
40997,147,139,8
40998,180,173,7
40999,694,679,15
41000,331,327,4
41001,123,120,3
41002,41,39,2
41003,401,384,17
41004,108,106,2
41005,167,164,3
41006,180,179,1
41007,968,946,22
41008,67,66,1
41009,181,178,3
41010,121,118,3
41011,198,198,0
41012,209,205,4
41013,251,239,12
41014,114,114,0
41015,195,190,5
41016,114,111,3
41017,101,99,2
41018,393,389,4
41019,59,58,1
41020,85,81,4
41021,317,306,11
41022,75,75,0
41023,57,56,1
41024,966,949,17
41025,195,187,8
41026,765,761,4
41027,113,109,4
41028,370,357,13
41029,134,129,5
41030,421,411,10
41031,473,464,9
41032,235,225,10
41033,182,179,3
41034,438,429,9
41035,76,73,3
41036,70,69,1
41037,307,299,8
41038,265,261,4
41039,354,353,1
41040,216,214,2
41041,320,315,5
41042,261,254,7
41043,64,62,2
41044,253,245,8
41045,141,133,8
41046,221,217,4
41047,58,58,0
41048,38,38,0
41049,83,83,0
41050,121,117,4
41051,133,132,1
41052,220,219,1
41053,101,100,1
41054,174,173,1
41055,142,138,4
41056,295,293,2
41057,134,129,5
41058,423,413,10
41059,471,465,6
41060,115,112,3
41061,109,106,3
41062,118,115,3
41063,801,782,19
41064,106,104,2
41065,243,241,2
41066,211,208,3
41067,48,48,0
41068,142,141,1
41069,280,266,14
41070,140,138,2
41071,155,151,4
41072,44,44,0
41073,245,243,2
41074,639,619,20
41075,213,211,2
41076,168,168,0
41077,552,529,23
41078,136,130,6
41079,46,46,0
41080,115,110,5
41081,172,170,2
41082,121,119,2
41083,239,239,0
41084,230,226,4
41085,666,651,15
41086,315,304,11
41087,497,492,5
41088,667,660,7
41089,771,758,13
41090,289,287,2
41091,144,140,4
41092,196,191,5
41093,137,134,3
41094,117,115,2
41095,131,126,5
41096,216,213,3
41097,227,224,3
41098,133,133,0
41099,81,79,2
41100,231,227,4
41101,332,327,5
41102,207,199,8
41103,579,544,35
41104,168,165,3
41105,286,283,3
41106,253,247,6
41107,149,144,5
41108,298,292,6
41109,173,172,1
41110,183,182,1
41111,133,129,4
41112,153,149,4
41113,92,83,9
41114,175,174,1
41115,185,185,0
41116,135,133,2
41117,148,148,0
41118,157,156,1
41119,260,258,2
41120,150,148,2
41121,154,150,4
41122,145,145,0
41123,256,252,4
41124,654,637,17
41125,172,169,3
41126,743,718,25
41127,1006,982,24
41128,175,174,1
41129,994,974,20
41130,155,155,0
41131,198,195,3
41132,235,233,2
41133,155,152,3
41134,265,257,8
41135,152,151,1
41136,241,236,5
41137,286,284,2
41138,501,496,5
41139,181,173,8
41140,138,137,1
41141,144,144,0
41142,329,326,3
41143,135,135,0
41144,93,91,2
41145,159,158,1
41146,205,203,2
41147,146,140,6
41148,43,43,0
41149,1009,970,39
41150,25,24,1
41151,142,140,2
41152,390,381,9
41153,223,217,6
41154,65,61,4
41155,155,152,3
41156,200,198,2
41157,171,170,1
41158,189,186,3
41159,298,285,13
41160,50,48,2
41161,160,160,0
41162,257,246,11
41163,144,142,2
41164,348,346,2
41165,163,158,5
41166,137,136,1
41167,137,135,2
41168,623,605,18
41169,113,112,1
41170,156,154,2
41171,154,154,0
41172,138,137,1
41173,466,452,14
41174,114,113,1
41175,192,192,0
41176,156,153,3
41177,265,256,9
41178,113,112,1
41179,66,66,0
41180,132,128,4
41181,364,356,8
41182,172,171,1
41183,172,172,0
41184,182,180,2
41185,147,145,2
41186,360,352,8
41187,470,448,22
41188,126,126,0
41189,162,159,3
41190,40,38,2
41191,122,115,7
41192,97,92,5
41193,139,134,5
41194,121,120,1
41195,158,150,8
41196,158,157,1
41197,955,935,20
41198,188,187,1
41199,123,122,1
41200,310,305,5
41201,161,155,6
41202,151,143,8
41203,150,145,5
41204,215,211,4
41205,59,59,0
41206,179,177,2
41207,179,172,7
41208,170,168,2
41209,305,301,4
41210,128,127,1
41211,156,153,3
41212,553,541,12
41213,504,498,6
41214,214,210,4
41215,164,160,4
41216,222,219,3
41217,135,134,1
41218,158,156,2
41219,130,130,0
41220,255,251,4
41221,135,133,2
41222,49,49,0
41223,250,246,4
41224,247,243,4
41225,630,620,10
41226,403,396,7
41227,232,223,9
41228,416,413,3
41229,137,136,1
41230,524,517,7
41231,133,129,4
41232,158,155,3
41233,115,113,2
41234,145,143,2
41235,265,263,2
41236,142,140,2
41237,162,157,5
41238,391,381,10
41239,236,225,11
41240,135,133,2
41241,459,438,21
41242,98,98,0
41243,192,192,0
41244,162,161,1
41245,48,48,0
41246,48,47,1
41247,47,47,0
41248,223,215,8
41249,81,80,1
41250,237,227,10
41251,84,77,7
41252,161,158,3
41253,414,395,19
41254,434,430,4
41255,164,164,0
41256,263,258,5
41257,379,377,2
41258,122,120,2
41259,254,245,9
41260,192,182,10
41261,259,251,8
41262,515,507,8
41263,522,505,17
41264,379,373,6
41265,129,129,0
41266,211,211,0
41267,468,452,16
41268,213,212,1
41269,153,148,5
41270,303,297,6
41271,173,169,4
41272,78,77,1
41273,240,233,7
41274,128,118,10
41275,507,496,11
41276,119,115,4
41277,170,168,2
41278,120,118,2
41279,150,149,1
41280,134,129,5
41281,138,136,2
41282,125,125,0
41283,154,151,3
41284,156,156,0
41285,150,149,1
41286,134,130,4
41287,266,262,4
41288,547,542,5
41289,274,267,7
41290,171,167,4
41291,128,126,2
41292,221,218,3
41293,31,30,1
41294,338,335,3
41295,123,120,3
41296,197,190,7
41297,143,139,4
41298,125,122,3
41299,258,255,3
41300,157,157,0
41301,213,203,10
41302,156,154,2
41303,249,249,0
41304,49,49,0
41305,107,104,3
41306,752,718,34
41307,434,431,3
41308,245,233,12
41309,256,252,4
41310,149,149,0
41311,229,225,4
41312,198,194,4
41313,48,40,8
41314,126,124,2
41315,165,159,6
41316,245,240,5
41317,143,142,1
41318,179,173,6
41319,127,126,1
41320,127,127,0
41321,177,170,7
41322,559,549,10
41323,134,134,0
41324,68,66,2
41325,161,156,5
41326,644,636,8
41327,231,225,6
41328,251,249,2
41329,117,117,0
41330,229,227,2
41331,345,342,3
41332,214,213,1
41333,225,224,1
41334,168,166,2
41335,166,162,4
41336,134,133,1
41337,88,87,1
41338,653,647,6
41339,375,371,4
41340,118,118,0
41341,122,121,1
41342,160,156,4
41343,108,105,3
41344,144,144,0
41345,360,348,12
41346,1001,991,10
41347,87,87,0
41348,148,143,5
41349,309,300,9
41350,242,232,10
41351,365,357,8
41352,154,152,2
41353,229,226,3
41354,332,330,2
41355,144,142,2
41356,109,106,3
41357,85,83,2
41358,60,60,0
41359,245,245,0
41360,143,141,2
41361,246,244,2
41362,190,177,13
41363,210,206,4
41364,257,242,15
41365,208,204,4
41366,166,165,1
41367,332,323,9
41368,166,166,0
41369,371,360,11
41370,122,120,2
41371,184,183,1
41372,145,144,1
41373,362,354,8
41374,754,743,11
41375,126,120,6
41376,112,110,2
41377,606,600,6
41378,152,150,2
41379,120,118,2
41380,116,113,3
41381,134,132,2
41382,337,328,9
41383,243,239,4
41384,452,444,8
41385,115,111,4
41386,261,256,5
41387,418,406,12
41388,180,176,4
41389,205,204,1
41390,447,437,10
41391,190,185,5
41392,301,291,10
41393,186,183,3
41394,771,754,17
41395,325,322,3
41396,118,116,2
41397,403,398,5
41398,131,131,0
41399,118,118,0
41400,105,100,5
41401,211,208,3
41402,142,142,0
41403,170,167,3
41404,399,395,4
41405,172,171,1
41406,312,310,2
41407,291,284,7
41408,203,195,8
41409,754,727,27
41410,299,296,3
41411,554,545,9
41412,174,173,1
41413,130,129,1
41414,480,472,8
41415,171,169,2
41416,375,368,7
41417,536,524,12
41418,175,174,1
41419,219,217,2
41420,232,225,7
41421,136,132,4
41422,161,160,1
41423,674,659,15
41424,136,132,4
41425,323,320,3
41426,157,155,2
41427,168,166,2
41428,125,121,4
41429,64,62,2
41430,325,314,11
41431,139,138,1
41432,74,70,4
41433,190,190,0
41434,658,651,7
41435,126,125,1
41436,193,188,5
41437,96,91,5
41438,227,221,6
41439,414,410,4
41440,457,450,7
41441,716,707,9
41442,203,200,3
41443,44,44,0
41444,153,151,2
41445,194,188,6
41446,132,131,1
41447,576,568,8
41448,78,77,1
41449,171,163,8
41450,481,476,5
41451,83,81,2
41452,334,326,8
41453,514,497,17
41454,218,217,1
41455,231,227,4
41456,154,148,6
41457,163,158,5
41458,161,152,9
41459,157,154,3
41460,122,119,3
41461,40,39,1
41462,149,148,1
41463,96,94,2
41464,149,144,5
41465,372,363,9
41466,49,49,0
41467,160,158,2
41468,97,93,4
41469,291,288,3
41470,219,211,8
41471,155,146,9
41472,150,149,1
41473,415,406,9
41474,524,518,6
41475,97,97,0
41476,140,139,1
41477,255,247,8
41478,53,53,0
41479,81,80,1
41480,225,222,3
41481,80,75,5
41482,329,314,15
41483,96,95,1
41484,123,120,3
41485,138,136,2
41486,295,284,11
41487,204,200,4
41488,65,63,2
41489,117,113,4
41490,221,220,1
41491,103,101,2
41492,83,81,2
41493,290,284,6
41494,47,47,0
41495,233,233,0
41496,326,314,12
41497,81,81,0
41498,208,208,0
41499,78,78,0
41500,160,158,2
41501,603,592,11
41502,199,194,5
41503,440,428,12
41504,322,321,1
41505,468,465,3
41506,359,350,9
41507,266,264,2
41508,137,136,1
41509,490,482,8
41510,121,121,0
41511,112,109,3
41512,148,140,8
41513,414,405,9
41514,126,123,3
41515,288,285,3
41516,421,418,3
41517,173,170,3
41518,173,166,7
41519,217,211,6
41520,294,285,9
41521,147,143,4
41522,210,203,7
41523,237,231,6
41524,164,162,2
41525,130,126,4
41526,170,168,2
41527,290,284,6
41528,198,192,6
41529,218,214,4
41530,714,703,11
41531,52,51,1
41532,119,117,2
41533,464,454,10
41534,109,106,3
41535,140,136,4
41536,174,167,7
41537,322,320,2
41538,234,232,2
41539,496,487,9
41540,122,122,0
41541,102,102,0
41542,267,265,2
41543,309,298,11
41544,314,311,3
41545,129,127,2
41546,156,156,0
41547,241,234,7
41548,125,125,0
41549,180,174,6
41550,76,73,3
41551,184,184,0
41552,151,145,6
41553,204,202,2
41554,123,123,0
41555,158,151,7
41556,159,156,3
41557,259,255,4
41558,175,172,3
41559,111,111,0
41560,119,118,1
41561,159,154,5
41562,96,91,5
41563,235,229,6
41564,399,376,23
41565,71,69,2
41566,44,44,0
41567,299,292,7
41568,410,400,10
41569,91,89,2
41570,389,378,11
41571,167,163,4
41572,108,103,5
41573,369,356,13
41574,329,320,9
41575,177,174,3
41576,304,301,3
41577,151,147,4
41578,148,147,1
41579,192,190,2
41580,171,167,4
41581,186,181,5
41582,115,115,0
41583,528,524,4
41584,144,142,2
41585,193,192,1
41586,116,110,6
41587,224,207,17
41588,250,249,1
41589,799,755,44
41590,153,152,1
41591,89,84,5
41592,142,135,7
41593,139,132,7
41594,362,358,4
41595,83,80,3
41596,570,555,15
41597,101,100,1
41598,141,134,7
41599,499,494,5
41600,116,116,0
41601,114,112,2
41602,58,57,1
41603,146,144,2
41604,69,68,1
41605,204,193,11
41606,231,230,1
41607,166,164,2
41608,98,98,0
41609,176,167,9
41610,209,192,17
41611,459,449,10
41612,126,125,1
41613,220,219,1
41614,138,135,3
41615,390,381,9
41616,463,456,7
41617,278,270,8
41618,229,221,8
41619,180,180,0
41620,309,302,7
41621,333,324,9
41622,210,208,2
41623,160,157,3
41624,706,701,5
41625,148,148,0
41626,204,197,7
41627,310,303,7
41628,108,108,0
41629,233,228,5
41630,131,131,0
41631,113,100,13
41632,453,451,2
41633,117,116,1
41634,289,285,4
41635,124,121,3
41636,264,261,3
41637,465,445,20
41638,296,288,8
41639,161,160,1
41640,389,381,8
41641,167,167,0
41642,155,155,0
41643,154,151,3
41644,349,340,9
41645,113,111,2
41646,119,119,0
41647,114,109,5
41648,190,190,0
41649,347,338,9
41650,974,937,37
41651,171,170,1
41652,140,140,0
41653,177,173,4
41654,148,148,0
41655,177,175,2
41656,333,328,5
41657,212,211,1
41658,182,180,2
41659,177,174,3
41660,482,478,4
41661,664,657,7
41662,205,201,4
41663,416,408,8
41664,370,357,13
41665,309,300,9
41666,274,268,6
41667,185,183,2
41668,810,788,22
41669,553,540,13
41670,226,222,4
41671,146,145,1
41672,231,230,1
41673,36,36,0
41674,118,115,3
41675,125,122,3
41676,213,211,2
41677,203,198,5
41678,62,62,0
41679,120,118,2
41680,468,454,14
41681,122,119,3
41682,602,583,19
41683,138,136,2
41684,94,92,2
41685,129,122,7
41686,163,160,3
41687,117,116,1
41688,189,185,4
41689,280,274,6
41690,315,305,10
41691,152,151,1
41692,282,279,3
41693,268,265,3
41694,251,242,9
41695,174,173,1
41696,126,126,0
41697,238,233,5
41698,110,110,0
41699,591,578,13
41700,208,207,1
41701,170,163,7
41702,584,571,13
41703,221,218,3
41704,423,416,7
41705,364,362,2
41706,472,460,12
41707,200,192,8
41708,326,323,3
41709,146,145,1
41710,445,432,13
41711,196,193,3
41712,133,131,2
41713,203,202,1
41714,332,327,5
41715,547,543,4
41716,281,275,6
41717,274,262,12
41718,174,167,7
41719,170,170,0
41720,632,622,10
41721,286,281,5
41722,274,270,4
41723,267,257,10
41724,405,397,8
41725,126,123,3
41726,60,59,1
41727,231,229,2
41728,333,328,5
41729,135,129,6
41730,360,353,7
41731,424,419,5
41732,154,154,0
41733,126,125,1
41734,125,124,1
41735,82,80,2
41736,122,121,1
41737,177,174,3
41738,203,202,1
41739,110,110,0
41740,171,168,3
41741,52,51,1
41742,69,68,1
41743,213,208,5
41744,50,50,0
41745,122,120,2
41746,91,91,0
41747,164,162,2
41748,67,67,0
41749,66,66,0
41750,114,112,2
41751,141,139,2
41752,279,275,4
41753,236,235,1
41754,482,471,11
41755,146,144,2
41756,150,148,2
41757,25,25,0
41758,311,307,4
41759,127,125,2
41760,132,132,0
41761,371,367,4
41762,65,65,0
41763,179,173,6
41764,56,54,2
41765,45,44,1
41766,120,116,4
41767,96,92,4
41768,287,281,6
41769,36,36,0
41770,163,159,4
41771,314,309,5
41772,832,822,10
41773,105,104,1
41774,197,197,0
41775,161,158,3
41776,366,341,25
41777,252,249,3
41778,150,145,5
41779,131,128,3
41780,122,120,2
41781,253,251,2
41782,152,151,1
41783,317,315,2
41784,551,540,11
41785,133,129,4
41786,224,222,2
41787,200,197,3
41788,195,173,22
41789,128,126,2
41790,136,135,1
41791,140,140,0
41792,202,200,2
41793,56,56,0
41794,169,160,9
41795,133,130,3
41796,133,126,7
41797,53,52,1
41798,116,112,4
41799,248,238,10
41800,121,120,1
41801,844,828,16
41802,164,164,0
41803,131,129,2
41804,138,136,2
41805,119,117,2
41806,419,404,15
41807,248,243,5
41808,167,163,4
41809,435,432,3
41810,117,116,1
41811,149,149,0
41812,139,133,6
41813,100,98,2
41814,65,65,0
41815,76,76,0
41816,60,59,1
41817,314,310,4
41818,101,100,1
41819,76,76,0
41820,115,110,5
41821,148,144,4
41822,809,800,9
41823,241,233,8
41824,211,208,3
41825,271,266,5
41826,167,165,2
41827,94,93,1
41828,198,194,4
41829,515,500,15
41830,313,311,2
41831,41,40,1
41832,215,208,7
41833,95,94,1
41834,241,240,1
41835,65,64,1
41836,136,136,0
41837,139,138,1
41838,57,55,2
41839,56,56,0
41840,131,123,8
41841,199,197,2
41842,119,117,2
41843,139,136,3
41844,403,398,5
41845,86,83,3
41846,163,158,5
41847,132,131,1
41848,131,129,2
41849,195,190,5
41850,145,141,4
41851,358,356,2
41852,72,70,2
41853,148,145,3
41854,186,185,1
41855,97,95,2
41856,227,224,3
41857,236,234,2
41858,82,81,1
41859,399,396,3
41860,350,343,7
41861,196,192,4
41862,664,659,5
41863,319,311,8
41864,312,310,2
41865,121,120,1
41866,159,157,2
41867,269,267,2
41868,814,805,9
41869,180,175,5
41870,107,104,3
41871,100,94,6
41872,278,274,4
41873,343,335,8
41874,75,74,1
41875,572,565,7
41876,116,113,3
41877,277,271,6
41878,369,364,5
41879,132,127,5
41880,424,415,9
41881,499,480,19
41882,437,428,9
41883,586,572,14
41884,82,81,1
41885,169,165,4
41886,175,173,2
41887,116,116,0
41888,46,46,0
41889,85,84,1
41890,481,472,9
41891,118,115,3
41892,457,448,9
41893,200,199,1
41894,215,215,0
41895,135,134,1
41896,80,78,2
41897,172,167,5
41898,91,91,0
41899,120,120,0
41900,257,256,1
41901,356,354,2
41902,159,158,1
41903,213,213,0
41904,138,131,7
41905,137,137,0
41906,845,834,11
41907,140,140,0
41908,86,83,3
41909,223,220,3
41910,135,134,1
41911,121,119,2
41912,45,44,1
41913,300,296,4
41914,113,113,0
41915,125,125,0
41916,987,960,27
41917,535,517,18
41918,492,484,8
41919,393,392,1
41920,122,119,3
41921,196,194,2
41922,217,215,2
41923,132,130,2
41924,200,199,1
41925,119,118,1
41926,432,423,9
41927,129,129,0
41928,230,226,4
41929,165,163,2
41930,107,105,2
41931,151,149,2
41932,209,206,3
41933,147,145,2
41934,372,365,7
41935,217,217,0
41936,636,621,15
41937,190,184,6
41938,455,449,6
41939,190,189,1
41940,712,702,10
41941,257,255,2
41942,100,99,1
41943,151,150,1
41944,118,112,6
41945,461,453,8
41946,272,266,6
41947,176,175,1
41948,155,152,3
41949,97,95,2
41950,180,177,3
41951,235,229,6
41952,312,310,2
41953,120,115,5
41954,138,138,0
41955,168,164,4
41956,650,634,16
41957,134,134,0
41958,77,75,2
41959,89,88,1
41960,177,174,3
41961,667,661,6
41962,114,107,7
41963,125,121,4
41964,231,229,2
41965,305,300,5
41966,89,86,3
41967,121,118,3
41968,250,249,1
41969,255,247,8
41970,68,68,0
41971,285,277,8
41972,229,228,1
41973,130,129,1
41974,489,483,6
41975,166,160,6
41976,525,518,7
41977,278,274,4
41978,116,114,2
41979,191,190,1
41980,472,472,0
41981,140,132,8
41982,318,307,11
41983,261,252,9
41984,329,325,4
41985,337,332,5
41986,210,207,3
41987,216,214,2
41988,211,206,5
41989,286,281,5
41990,204,204,0
41991,263,259,4
41992,135,134,1
41993,149,147,2
41994,211,205,6
41995,166,163,3
41996,167,165,2
41997,108,108,0
41998,352,349,3
41999,131,128,3
42000,123,118,5
42001,152,152,0
42002,303,301,2
42003,159,154,5
42004,212,206,6
42005,222,218,4
42006,191,190,1
42007,146,143,3
42008,135,135,0
42009,250,250,0
42010,136,133,3
42011,192,190,2
42012,247,243,4
42013,375,363,12
42014,107,106,1
42015,198,190,8
42016,45,44,1
42017,193,190,3
42018,107,106,1
42019,119,116,3
42020,115,111,4
42021,222,221,1
42022,245,234,11
42023,59,57,2
42024,97,96,1
42025,46,45,1
42026,76,74,2
42027,130,129,1
42028,230,229,1
42029,204,204,0
42030,469,462,7
42031,196,192,4
42032,397,395,2
42033,137,136,1
42034,183,181,2
42035,533,515,18
42036,164,162,2
42037,158,145,13
42038,65,56,9
42039,45,45,0
42040,128,124,4
42041,202,200,2
42042,49,49,0
42043,307,299,8
42044,164,162,2
42045,594,576,18
42046,141,131,10
42047,152,148,4
42048,198,198,0
42049,63,62,1
42050,579,564,15
42051,165,163,2
42052,26,26,0
42053,119,117,2
42054,467,444,23
42055,119,119,0
42056,131,129,2
42057,266,261,5
42058,187,187,0
42059,113,111,2
42060,163,159,4
42061,252,245,7
42062,136,136,0
42063,156,155,1
42064,159,158,1
42065,391,385,6
42066,86,83,3
42067,117,116,1
42068,109,106,3
42069,149,148,1
42070,271,259,12
42071,167,162,5
42072,128,127,1
42073,149,146,3
42074,150,145,5
42075,476,445,31
42076,708,704,4
42077,110,106,4
42078,136,132,4
42079,273,262,11
42080,153,147,6
42081,197,195,2
42082,144,143,1
42083,193,193,0
42084,173,167,6
42085,134,131,3
42086,384,381,3
42087,164,161,3
42088,238,238,0
42089,169,167,2
42090,237,229,8
42091,157,150,7
42092,78,75,3
42093,939,898,41
42094,106,103,3
42095,77,76,1
42096,146,140,6
42097,453,429,24
42098,217,211,6
42099,179,176,3
42100,387,373,14
42101,287,283,4
42102,146,143,3
42103,77,76,1
42104,331,330,1
42105,240,238,2
42106,149,149,0
42107,139,137,2
42108,94,92,2
42109,286,284,2
42110,125,119,6
42111,144,137,7
42112,810,791,19
42113,114,110,4
42114,129,128,1
42115,170,170,0
42116,678,658,20
42117,240,236,4
42118,275,270,5
42119,304,293,11
42120,216,211,5
42121,105,102,3
42122,201,189,12
42123,121,119,2
42124,192,189,3
42125,145,141,4
42126,928,893,35
42127,247,243,4
42128,463,457,6
42129,229,227,2
42130,660,648,12
42131,293,293,0
42132,216,213,3
42133,173,170,3
42134,136,133,3
42135,358,355,3
42136,138,137,1
42137,115,109,6
42138,198,190,8
42139,331,303,28
42140,117,116,1
42141,126,125,1
42142,416,405,11
42143,285,282,3
42144,119,117,2
42145,125,124,1
42146,399,394,5
42147,98,97,1
42148,962,950,12
42149,318,309,9
42150,83,81,2
42151,71,71,0
42152,673,649,24
42153,258,256,2
42154,450,443,7
42155,308,301,7
42156,204,200,4
42157,666,648,18
42158,226,223,3
42159,160,160,0
42160,186,184,2
42161,174,174,0
42162,92,91,1
42163,157,150,7
42164,41,40,1
42165,213,205,8
42166,389,387,2
42167,370,364,6
42168,119,119,0
42169,61,61,0
42170,213,207,6
42171,212,203,9
42172,167,164,3
42173,123,121,2
42174,442,429,13
42175,646,629,17
42176,157,155,2
42177,345,334,11
42178,372,371,1
42179,160,159,1
42180,173,171,2
42181,91,91,0
42182,439,435,4
42183,240,237,3
42184,125,124,1
42185,137,136,1
42186,152,151,1
42187,279,273,6
42188,127,123,4
42189,102,96,6
42190,283,280,3
42191,413,397,16
42192,73,71,2
42193,134,132,2
42194,46,44,2
42195,184,181,3
42196,193,190,3
42197,107,104,3
42198,79,77,2
42199,204,195,9
42200,182,182,0
42201,152,146,6
42202,245,242,3
42203,130,130,0
42204,182,179,3
42205,167,165,2
42206,133,132,1
42207,76,75,1
42208,178,177,1
42209,88,88,0
42210,142,140,2
42211,199,198,1
42212,132,130,2
42213,129,128,1
42214,242,242,0
42215,274,271,3
42216,508,501,7
42217,132,131,1
42218,152,147,5
42219,217,214,3
42220,802,781,21
42221,453,437,16
42222,261,251,10
42223,144,141,3
42224,342,335,7
42225,179,174,5
42226,310,302,8
42227,148,147,1
42228,53,53,0
42229,367,364,3
42230,205,199,6
42231,251,250,1
42232,96,94,2
42233,168,165,3
42234,55,53,2
42235,252,252,0
42236,149,146,3
42237,177,175,2
42238,125,123,2
42239,240,230,10
42240,119,117,2
42241,193,192,1
42242,149,148,1
42243,151,148,3
42244,319,315,4
42245,242,236,6
42246,181,172,9
42247,403,391,12
42248,303,296,7
42249,121,119,2
42250,303,296,7
42251,405,400,5
42252,410,407,3
42253,171,170,1
42254,462,449,13
42255,187,186,1
42256,104,102,2
42257,196,193,3
42258,112,109,3
42259,187,185,2
42260,110,109,1
42261,112,108,4
42262,187,187,0
42263,343,336,7
42264,467,460,7
42265,469,456,13
42266,137,135,2
42267,137,133,4
42268,347,334,13
42269,203,201,2
42270,120,118,2
42271,290,281,9
42272,480,476,4
42273,180,180,0
42274,454,446,8
42275,166,164,2
42276,251,245,6
42277,122,120,2
42278,746,710,36
42279,144,142,2
42280,299,295,4
42281,162,160,2
42282,142,140,2
42283,126,121,5
42284,462,446,16
42285,200,199,1
42286,36,36,0
42287,248,246,2
42288,134,133,1
42289,247,246,1
42290,306,299,7
42291,168,165,3
42292,214,211,3
42293,523,516,7
42294,324,323,1
42295,257,252,5
42296,210,207,3
42297,425,419,6
42298,266,264,2
42299,636,619,17
42300,283,277,6
42301,174,173,1
42302,113,111,2
42303,116,110,6
42304,260,258,2
42305,215,211,4
42306,378,370,8
42307,454,440,14
42308,156,150,6
42309,52,52,0
42310,115,114,1
42311,110,108,2
42312,417,417,0
42313,331,323,8
42314,58,54,4
42315,68,65,3
42316,172,172,0
42317,192,190,2
42318,56,54,2
42319,46,45,1
42320,277,275,2
42321,179,178,1
42322,76,76,0
42323,366,359,7
42324,103,101,2
42325,82,80,2
42326,117,109,8
42327,27,26,1
42328,282,281,1
42329,130,125,5
42330,58,58,0
42331,73,73,0
42332,130,127,3
42333,202,189,13
42334,128,125,3
42335,54,53,1
42336,104,102,2
42337,69,67,2
42338,147,147,0
42339,357,354,3
42340,348,344,4
42341,149,149,0
42342,82,82,0
42343,251,246,5
42344,205,194,11
42345,91,86,5
42346,174,172,2
42347,126,124,2
42348,126,126,0
42349,89,88,1
42350,236,234,2
42351,212,207,5
42352,276,263,13
42353,75,74,1
42354,148,145,3
42355,250,247,3
42356,138,136,2
42357,182,175,7
42358,49,47,2
42359,93,91,2
42360,169,166,3
42361,135,135,0
42362,462,449,13
42363,458,442,16
42364,262,256,6
42365,510,499,11
42366,89,86,3
42367,383,372,11
42368,126,124,2
42369,439,433,6
42370,153,150,3
42371,154,151,3
42372,125,121,4
42373,187,185,2
42374,194,188,6
42375,223,220,3
42376,187,187,0
42377,108,107,1
42378,183,182,1
42379,195,193,2
42380,314,309,5
42381,124,121,3
42382,304,299,5
42383,368,368,0
42384,209,201,8
42385,169,169,0
42386,803,796,7
42387,184,179,5
42388,160,156,4
42389,287,282,5
42390,293,289,4
42391,121,117,4
42392,119,116,3
42393,129,126,3
42394,275,274,1
42395,139,139,0
42396,242,241,1
42397,108,107,1
42398,737,733,4
42399,136,135,1
42400,171,167,4
42401,189,185,4
42402,62,62,0
42403,208,201,7
42404,310,303,7
42405,153,152,1
42406,133,130,3
42407,55,54,1
42408,49,49,0
42409,112,108,4
42410,176,171,5
42411,83,82,1
42412,139,136,3
42413,93,93,0
42414,50,50,0
42415,103,102,1
42416,168,165,3
42417,85,85,0
42418,209,207,2
42419,135,134,1
42420,142,136,6
42421,164,156,8
42422,115,111,4
42423,130,130,0
42424,142,142,0
42425,571,554,17
42426,206,203,3
42427,373,370,3
42428,373,370,3
42429,126,124,2
42430,195,186,9
42431,328,322,6
42432,73,72,1
42433,218,215,3
42434,251,251,0
42435,101,99,2
42436,100,97,3
42437,53,51,2
42438,499,493,6
42439,315,306,9
42440,143,141,2
42441,103,103,0
42442,106,103,3
42443,67,65,2
42444,144,143,1
42445,120,116,4
42446,106,102,4
42447,328,327,1
42448,124,119,5
42449,363,347,16
42450,141,135,6
42451,776,740,36
42452,188,183,5
42453,815,781,34
42454,126,122,4
42455,357,356,1
42456,185,178,7
42457,549,536,13
42458,92,88,4
42459,295,284,11
42460,157,155,2
42461,162,146,16
42462,625,610,15
42463,128,123,5
42464,138,137,1
42465,140,137,3
42466,10,10,0
42467,157,154,3
42468,101,101,0
42469,250,243,7
42470,138,137,1
42471,401,397,4
42472,148,140,8
42473,170,167,3
42474,222,213,9
42475,138,135,3
42476,180,180,0
42477,66,66,0
42478,102,102,0
42479,204,203,1
42480,135,134,1
42481,176,174,2
42482,119,119,0
42483,60,60,0
42484,179,178,1
42485,120,119,1
42486,171,167,4
42487,1004,979,25
42488,445,436,9
42489,176,162,14
42490,240,228,12
42491,407,352,55
42492,50,50,0
42493,154,147,7
42494,215,211,4
42495,174,170,4
42496,265,245,20
42497,165,165,0
42498,131,130,1
42499,169,169,0
42500,180,178,2
42501,288,273,15
42502,142,138,4
42503,177,173,4
42504,23,21,2
42505,155,150,5
42506,221,219,2
42507,114,113,1
42508,794,773,21
42509,125,121,4
42510,144,144,0
42511,232,227,5
42512,38,38,0
42513,40,38,2
42514,62,60,2
42515,145,138,7
42516,134,129,5
42517,226,212,14
42518,124,118,6
42519,121,118,3
42520,140,136,4
42521,45,45,0
42522,620,605,15
42523,223,221,2
42524,251,247,4
42525,140,137,3
42526,173,173,0
42527,40,39,1
42528,997,981,16
42529,202,201,1
42530,239,228,11
42531,94,93,1
42532,150,141,9
42533,43,41,2
42534,123,119,4
42535,125,125,0
42536,363,360,3
42537,226,220,6
42538,167,162,5
42539,145,144,1
42540,127,123,4
42541,153,153,0
42542,156,156,0
42543,428,424,4
42544,276,270,6
42545,151,147,4
42546,152,149,3
42547,288,282,6
42548,207,204,3
42549,123,120,3
42550,173,169,4
42551,318,314,4
42552,273,269,4
42553,499,488,11
42554,152,151,1
42555,247,246,1
42556,188,180,8
42557,292,278,14
42558,225,221,4
42559,440,430,10
42560,138,134,4
42561,139,138,1
42562,220,218,2
42563,165,163,2
42564,43,41,2
42565,239,236,3
42566,137,129,8
42567,195,187,8
42568,116,114,2
42569,919,908,11
42570,143,141,2
42571,188,179,9
42572,181,180,1
42573,186,182,4
42574,299,291,8
42575,222,221,1
42576,131,130,1
42577,368,354,14
42578,332,323,9
42579,567,549,18
42580,684,671,13
42581,139,134,5
42582,218,213,5
42583,303,293,10
42584,197,195,2
42585,142,138,4
42586,219,218,1
42587,448,433,15
42588,151,148,3
42589,347,342,5
42590,226,225,1
42591,127,126,1
42592,89,88,1
42593,236,234,2
42594,212,207,5
42595,276,263,13
42596,75,74,1
42597,148,145,3
42598,138,136,2
42599,221,221,0
42600,182,175,7
42601,49,47,2
42602,93,91,2
42603,169,166,3
42604,135,135,0
42605,462,449,13
42606,458,442,16
42607,194,191,3
42608,236,235,1
42609,127,127,0
42610,415,410,5
42611,94,94,0
42612,221,220,1
42613,714,702,12
42614,104,101,3
42615,46,43,3
42616,66,66,0
42617,590,581,9
42618,323,317,6
42619,202,198,4
42620,295,293,2
42621,223,223,0
42622,134,129,5
42623,423,413,10
42624,471,465,6
42625,115,112,3
42626,109,106,3
42627,118,115,3
42628,801,782,19
42629,106,104,2
42630,211,208,3
42631,48,48,0
42632,182,181,1
42633,142,141,1
42634,280,266,14
42635,140,138,2
42636,155,151,4
42637,44,44,0
42638,245,243,2
42639,639,619,20
42640,213,211,2
42641,52,52,0
42642,267,263,4
42643,164,164,0
42644,137,136,1
42645,123,119,4
42646,321,318,3
42647,525,516,9
42648,305,292,13
42649,533,524,9
42650,152,145,7
42651,239,232,7
42652,150,148,2
42653,161,156,5
42654,114,112,2
42655,256,245,11
42656,273,269,4
42657,611,599,12
42658,353,344,9
42659,164,162,2
42660,257,253,4
42661,196,196,0
42662,133,133,0
42663,409,388,21
42664,121,119,2
42665,145,145,0
42666,120,118,2
42667,134,133,1
42668,216,212,4
42669,161,158,3
42670,242,239,3
42671,384,377,7
42672,120,118,2
42673,464,455,9
42674,192,186,6
42675,140,139,1
42676,209,198,11
42677,288,286,2
42678,190,188,2
42679,264,263,1
42680,233,230,3
42681,146,142,4
42682,149,149,0
42683,194,190,4
42684,170,166,4
42685,155,151,4
42686,171,164,7
42687,112,109,3
42688,238,233,5
42689,376,376,0
42690,292,290,2
42691,969,961,8
42692,526,517,9
42693,458,456,2
42694,101,90,11
42695,138,137,1
42696,154,149,5
42697,400,397,3
42698,698,681,17
42699,176,176,0
42700,238,229,9
42701,170,164,6
42702,149,147,2
42703,281,277,4
42704,225,220,5
42705,106,106,0
42706,42,42,0
42707,54,54,0
42708,488,482,6
42709,167,163,4
42710,126,126,0
42711,507,504,3
42712,169,168,1
42713,134,132,2
42714,152,150,2
42715,176,171,5
42716,132,130,2
42717,105,104,1
42718,127,125,2
42719,506,501,5
42720,105,105,0
42721,128,127,1
42722,100,99,1
42723,414,411,3
42724,198,193,5
42725,179,179,0
42726,590,585,5
42727,1030,1008,22
42728,183,176,7
42729,127,124,3
42730,108,107,1
42731,178,176,2
42732,169,169,0
42733,129,124,5
42734,120,118,2
42735,160,160,0
42736,120,118,2
42737,103,97,6
42738,172,168,4
42739,129,127,2
42740,512,497,15
42741,273,267,6
42742,132,131,1
42743,192,192,0
42744,191,188,3
42745,158,157,1
42746,139,138,1
42747,231,228,3
42748,724,713,11
42749,726,718,8
42750,106,102,4
42751,186,180,6
42752,908,894,14
42753,104,93,11
42754,146,143,3
42755,195,194,1
42756,164,161,3
42757,202,197,5
42758,74,74,0
42759,161,160,1
42760,203,196,7
42761,74,72,2
42762,144,139,5
42763,194,192,2
42764,241,237,4
42765,185,174,11
42766,147,146,1
42767,235,234,1
42768,178,178,0
42769,248,243,5
42770,394,392,2
42771,212,207,5
42772,912,898,14
42773,112,112,0
42774,134,130,4
42775,193,182,11
42776,217,216,1
42777,656,649,7
42778,149,145,4
42779,705,699,6
42780,138,137,1
42781,111,110,1
42782,986,973,13
42783,179,177,2
42784,128,127,1
42785,304,296,8
42786,786,777,9
42787,485,479,6
42788,145,136,9
42789,455,440,15
42790,72,72,0
42791,125,124,1
42792,106,100,6
42793,204,202,2
42794,397,391,6
42795,100,97,3
42796,173,168,5
42797,265,258,7
42798,153,149,4
42799,193,187,6
42800,48,46,2
42801,70,69,1
42802,131,127,4
42803,216,207,9
42804,163,160,3
42805,380,378,2
42806,558,542,16
42807,622,616,6
42808,61,60,1
42809,87,87,0
42810,53,52,1
42811,186,184,2
42812,64,62,2
42813,298,287,11
42814,200,196,4
42815,135,132,3
42816,120,120,0
42817,238,226,12
42818,119,118,1
42819,133,132,1
42820,182,182,0
42821,53,53,0
42822,449,443,6
42823,123,120,3
42824,68,68,0
42825,154,152,2
42826,146,140,6
42827,233,230,3
42828,157,152,5
42829,254,252,2
42830,206,203,3
42831,127,125,2
42832,144,142,2
42833,164,162,2
42834,156,155,1
42835,222,219,3
42836,227,225,2
42837,99,97,2
42838,68,67,1
42839,647,634,13
42840,144,143,1
42841,334,330,4
42842,132,131,1
42843,224,223,1
42844,139,136,3
42845,131,130,1
42846,301,301,0
42847,115,115,0
42848,269,264,5
42849,139,137,2
42850,547,537,10
42851,140,136,4
42852,520,511,9
42853,584,567,17
42854,230,221,9
42855,196,193,3
42856,127,126,1
42857,130,129,1
42858,414,404,10
42859,290,289,1
42860,157,155,2
42861,286,283,3
42862,84,81,3
42863,145,144,1
42864,52,52,0
42865,163,162,1
42866,212,212,0
42867,225,222,3
42868,90,90,0
42869,95,93,2
42870,119,114,5
42871,98,94,4
42872,639,630,9
42873,302,297,5
42874,159,158,1
42875,269,266,3
42876,378,376,2
42877,160,158,2
42878,104,104,0
42879,56,56,0
42880,44,41,3
42881,217,210,7
42882,195,194,1
42883,99,98,1
42884,142,141,1
42885,166,164,2
42886,270,262,8
42887,355,343,12
42888,156,153,3
42889,327,320,7
42890,141,138,3
42891,135,133,2
42892,165,154,11
42893,118,116,2
42894,208,196,12
42895,148,135,13
42896,317,313,4
42897,120,118,2
42898,100,98,2
42899,282,277,5
42900,40,39,1
42901,233,227,6
42902,134,131,3
42903,415,403,12
42904,402,397,5
42905,139,138,1
42906,571,560,11
42907,320,316,4
42908,271,260,11
42909,801,784,17
42910,29,29,0
42911,230,226,4
42912,386,377,9
42913,131,126,5
42914,144,134,10
42915,244,241,3
42916,131,128,3
42917,530,513,17
42918,520,504,16
42919,125,117,8
42920,138,134,4
42921,46,45,1
42922,121,113,8
42923,172,170,2
42924,169,165,4
42925,434,423,11
42926,141,140,1
42927,504,498,6
42928,244,239,5
42929,605,599,6
42930,247,245,2
42931,208,206,2
42932,260,256,4
42933,204,200,4
42934,582,561,21
42935,247,240,7
42936,234,231,3
42937,201,200,1
42938,133,133,0
42939,513,503,10
42940,163,160,3
42941,671,667,4
42942,114,111,3
42943,407,405,2
42944,50,50,0
42945,136,136,0
42946,238,234,4
42947,213,199,14
42948,153,152,1
42949,327,320,7
42950,138,137,1
42951,121,115,6
42952,147,144,3
42953,107,103,4
42954,168,166,2
42955,133,132,1
42956,203,203,0
42957,120,119,1
42958,318,312,6
42959,300,296,4
42960,256,254,2
42961,144,142,2
42962,300,293,7
42963,142,136,6
42964,107,101,6
42965,89,78,11
42966,248,240,8
42967,651,631,20
42968,97,97,0
42969,146,145,1
42970,248,246,2
42971,137,137,0
42972,125,123,2
42973,182,181,1
42974,121,119,2
42975,171,169,2
42976,122,117,5
42977,160,160,0
42978,214,213,1
42979,322,320,2
42980,122,122,0
42981,202,202,0
42982,317,315,2
42983,240,233,7
42984,144,144,0
42985,128,126,2
42986,383,376,7
42987,391,380,11
42988,136,127,9
42989,158,158,0
42990,189,185,4
42991,142,142,0
42992,166,164,2
42993,249,246,3
42994,624,617,7
42995,136,136,0
42996,194,193,1
42997,76,71,5
42998,229,227,2
42999,162,158,4
43000,272,258,14
43001,161,161,0
43002,200,196,4
43003,142,138,4
43004,229,224,5
43005,144,144,0
43006,171,168,3
43007,102,101,1
43008,220,214,6
43009,339,334,5
43010,186,183,3
43011,479,477,2
43012,254,253,1
43013,158,156,2
43014,294,288,6
43015,179,176,3
43016,234,228,6
43017,56,55,1
43018,162,160,2
43019,44,44,0
43020,124,123,1
43021,161,156,5
43022,153,148,5
43023,911,904,7
43024,48,48,0
43025,132,130,2
43026,216,211,5
43027,135,133,2
43028,131,130,1
43029,92,92,0
43030,119,117,2
43031,32,30,2
43032,174,172,2
43033,148,146,2
43034,174,169,5
43035,90,89,1
43036,128,127,1
43037,80,77,3
43038,194,190,4
43039,115,108,7
43040,142,139,3
43041,174,168,6
43042,97,95,2
43043,115,111,4
43044,367,363,4
43045,467,461,6
43046,141,141,0
43047,302,298,4
43048,172,170,2
43049,564,559,5
43050,240,232,8
43051,170,164,6
43052,432,430,2
43053,345,340,5
43054,90,90,0
43055,161,157,4
43056,378,371,7
43057,206,201,5
43058,275,272,3
43059,121,115,6
43060,113,107,6
43061,210,201,9
43062,162,156,6
43063,249,247,2
43064,275,268,7
43065,134,126,8
43066,524,512,12
43067,106,106,0
43068,564,550,14
43069,126,124,2
43070,140,137,3
43071,602,594,8
43072,449,442,7
43073,190,186,4
43074,199,197,2
43075,140,136,4
43076,719,704,15
43077,158,157,1
43078,279,271,8
43079,148,144,4
43080,286,284,2
43081,316,311,5
43082,209,201,8
43083,69,68,1
43084,195,192,3
43085,168,166,2
43086,183,180,3
43087,132,129,3
43088,133,131,2
43089,272,271,1
43090,150,149,1
43091,192,187,5
43092,792,777,15
43093,131,127,4
43094,286,281,5
43095,256,253,3
43096,58,57,1
43097,323,323,0
43098,180,177,3
43099,348,344,4
43100,311,301,10
43101,189,188,1
43102,338,333,5
43103,262,258,4
43104,105,105,0
43105,340,337,3
43106,342,335,7
43107,122,121,1
43108,153,148,5
43109,190,188,2
43110,226,224,2
43111,135,132,3
43112,179,171,8
43113,184,179,5
43114,165,163,2
43115,86,85,1
43116,305,296,9
43117,126,125,1
43118,141,138,3
43119,142,139,3
43120,129,127,2
43121,255,254,1
43122,199,199,0
43123,334,323,11
43124,147,146,1
43125,306,297,9
43126,108,100,8
43127,121,116,5
43128,122,113,9
43129,145,141,4
43130,403,400,3
43131,298,294,4
43132,123,120,3
43133,185,180,5
43134,204,201,3
43135,556,548,8
43136,189,186,3
43137,81,81,0
43138,216,214,2
43139,63,63,0
43140,177,175,2
43141,274,272,2
43142,125,123,2
43143,325,322,3
43144,187,184,3
43145,143,141,2
43146,248,242,6
43147,188,187,1
43148,105,105,0
43149,150,146,4
43150,136,135,1
43151,181,179,2
43152,131,130,1
43153,113,109,4
43154,184,183,1
43155,199,197,2
43156,132,130,2
43157,377,370,7
43158,280,276,4
43159,104,103,1
43160,126,126,0
43161,26,26,0
43162,34,33,1
43163,95,94,1
43164,89,89,0
43165,299,293,6
43166,70,66,4
43167,98,97,1
43168,286,283,3
43169,51,48,3
43170,49,48,1
43171,196,190,6
43172,170,168,2
43173,251,248,3
43174,141,138,3
43175,56,56,0
43176,153,151,2
43177,172,172,0
43178,424,420,4
43179,173,171,2
43180,215,213,2
43181,259,258,1
43182,295,288,7
43183,153,150,3
43184,135,134,1
43185,576,568,8
43186,569,563,6
43187,105,105,0
43188,99,95,4
43189,56,54,2
43190,497,479,18
43191,274,266,8
43192,364,355,9
43193,95,94,1
43194,122,117,5
43195,167,163,4
43196,384,369,15
43197,118,104,14
43198,223,220,3
43199,98,88,10
43200,237,220,17
43201,282,257,25
43202,242,218,24
43203,134,127,7
43204,570,555,15
43205,116,112,4
43206,399,386,13
43207,198,196,2
43208,183,182,1
43209,184,181,3
43210,260,252,8
43211,131,130,1
43212,111,111,0
43213,293,287,6
43214,548,539,9
43215,272,255,17
43216,63,63,0
43217,125,121,4
43218,420,412,8
43219,172,167,5
43220,140,137,3
43221,271,268,3
43222,424,421,3
43223,128,126,2
43224,102,94,8
43225,99,97,2
43226,175,172,3
43227,918,907,11
43228,146,145,1
43229,347,342,5
43230,211,204,7
43231,327,323,4
43232,281,271,10
43233,214,207,7
43234,77,77,0
43235,32,32,0
43236,27,27,0
43237,86,85,1
43238,63,62,1
43239,334,320,14
43240,71,69,2
43241,63,62,1
43242,111,110,1
43243,60,60,0
43244,256,251,5
43245,63,59,4
43246,149,141,8
43247,679,658,21
43248,220,217,3
43249,102,99,3
43250,161,159,2
43251,163,161,2
43252,283,283,0
43253,140,137,3
43254,123,121,2
43255,157,151,6
43256,90,87,3
43257,140,139,1
43258,143,134,9
43259,37,36,1
43260,53,50,3
43261,108,107,1
43262,252,238,14
43263,200,198,2
43264,146,144,2
43265,194,194,0
43266,346,339,7
43267,135,135,0
43268,120,120,0
43269,128,126,2
43270,183,182,1
43271,145,145,0
43272,291,291,0
43273,207,204,3
43274,238,233,5
43275,202,201,1
43276,379,376,3
43277,140,139,1
43278,171,167,4
43279,202,201,1
43280,259,254,5
43281,200,198,2
43282,109,106,3
43283,230,226,4
43284,505,499,6
43285,56,53,3
43286,398,389,9
43287,230,229,1
43288,317,305,12
43289,191,183,8
43290,254,247,7
43291,242,238,4
43292,175,168,7
43293,155,154,1
43294,155,150,5
43295,420,418,2
43296,143,140,3
43297,246,225,21
43298,234,225,9
43299,103,102,1
43300,183,182,1
43301,427,420,7
43302,167,165,2
43303,64,63,1
43304,306,298,8
43305,190,186,4
43306,118,116,2
43307,258,253,5
43308,42,42,0
43309,156,155,1
43310,237,234,3
43311,65,61,4
43312,248,245,3
43313,101,100,1
43314,282,278,4
43315,304,297,7
43316,277,271,6
43317,170,170,0
43318,413,402,11
43319,387,375,12
43320,266,257,9
43321,370,362,8
43322,165,165,0
43323,95,91,4
43324,460,442,18
43325,149,147,2
43326,1033,1017,16
43327,465,458,7
43328,177,177,0
43329,127,125,2
43330,180,170,10
43331,165,164,1
43332,563,554,9
43333,161,158,3
43334,393,392,1
43335,364,350,14
43336,127,126,1
43337,191,187,4
43338,469,462,7
43339,122,121,1
43340,150,146,4
43341,294,285,9
43342,103,103,0
43343,153,148,5
43344,149,141,8
43345,68,66,2
43346,160,158,2
43347,356,351,5
43348,141,139,2
43349,125,124,1
43350,149,146,3
43351,169,167,2
43352,53,53,0
43353,207,202,5
43354,520,488,32
43355,188,184,4
43356,277,273,4
43357,277,275,2
43358,382,373,9
43359,143,140,3
43360,128,127,1
43361,235,234,1
43362,235,233,2
43363,299,294,5
43364,197,197,0
43365,177,175,2
43366,138,137,1
43367,170,168,2
43368,69,69,0
43369,221,219,2
43370,280,275,5
43371,191,187,4
43372,75,74,1
43373,187,186,1
43374,211,207,4
43375,203,201,2
43376,212,210,2
43377,153,149,4
43378,239,236,3
43379,237,235,2
43380,75,74,1
43381,200,198,2
43382,162,161,1
43383,170,167,3
43384,172,172,0
43385,150,150,0
43386,155,154,1
43387,131,127,4
43388,198,195,3
43389,113,108,5
43390,197,195,2
43391,175,173,2
43392,267,263,4
43393,468,443,25
43394,216,209,7
43395,144,140,4
43396,203,202,1
43397,695,687,8
43398,107,105,2
43399,118,117,1
43400,183,179,4
43401,772,756,16
43402,151,150,1
43403,225,219,6
43404,127,126,1
43405,328,325,3
43406,124,121,3
43407,114,113,1
43408,129,128,1
43409,128,125,3
43410,179,178,1
43411,161,158,3
43412,201,190,11
43413,900,872,28
43414,115,115,0
43415,100,100,0
43416,105,104,1
43417,382,379,3
43418,349,342,7
43419,148,147,1
43420,152,140,12
43421,244,240,4
43422,138,137,1
43423,316,311,5
43424,820,792,28
43425,428,418,10
43426,188,185,3
43427,126,126,0
43428,227,223,4
43429,570,566,4
43430,372,367,5
43431,194,191,3
43432,757,748,9
43433,223,220,3
43434,209,206,3
43435,224,220,4
43436,464,455,9
43437,1002,991,11
43438,532,525,7
43439,278,274,4
43440,528,515,13
43441,189,181,8
43442,157,156,1
43443,280,279,1
43444,186,178,8
43445,159,159,0
43446,138,137,1
43447,318,316,2
43448,186,184,2
43449,265,260,5
43450,202,198,4
43451,334,327,7
43452,505,490,15
43453,116,115,1
43454,161,157,4
43455,353,347,6
43456,255,253,2
43457,124,124,0
43458,225,224,1
43459,266,265,1
43460,315,309,6
43461,514,513,1
43462,491,487,4
43463,298,296,2
43464,221,215,6
43465,139,137,2
43466,194,186,8
43467,153,151,2
43468,115,115,0
43469,48,48,0
43470,144,144,0
43471,605,603,2
43472,173,172,1
43473,124,124,0
43474,164,162,2
43475,218,217,1
43476,374,364,10
43477,153,148,5
43478,145,142,3
43479,706,692,14
43480,182,181,1
43481,197,191,6
43482,137,137,0
43483,108,107,1
43484,134,133,1
43485,284,279,5
43486,111,108,3
43487,174,169,5
43488,296,278,18
43489,367,358,9
43490,193,178,15
43491,114,113,1
43492,332,330,2
43493,537,534,3
43494,563,554,9
43495,123,123,0
43496,137,134,3
43497,118,116,2
43498,205,201,4
43499,238,238,0
43500,437,422,15
43501,155,150,5
43502,243,233,10
43503,359,351,8
43504,437,422,15
43505,175,165,10
43506,163,158,5
43507,228,228,0
43508,626,622,4
43509,184,182,2
43510,503,495,8
43511,576,571,5
43512,194,192,2
43513,164,162,2
43514,129,129,0
43515,157,155,2
43516,129,123,6
43517,138,136,2
43518,198,198,0
43519,151,151,0
43520,142,140,2
43521,98,98,0
43522,209,205,4
43523,115,113,2
43524,179,175,4
43525,311,302,9
43526,148,147,1
43527,166,164,2
43528,153,152,1
43529,124,122,2
43530,189,186,3
43531,101,100,1
43532,308,301,7
43533,364,355,9
43534,143,142,1
43535,169,166,3
43536,538,526,12
43537,366,360,6
43538,168,162,6
43539,129,128,1
43540,642,622,20
43541,388,380,8
43542,101,100,1
43543,207,202,5
43544,1020,1010,10
43545,264,259,5
43546,189,185,4
43547,163,163,0
43548,111,109,2
43549,207,206,1
43550,458,452,6
43551,176,172,4
43552,367,358,9
43553,128,126,2
43554,215,212,3
43555,502,481,21
43556,155,153,2
43557,61,59,2
43558,189,184,5
43559,148,146,2
43560,127,127,0
43561,192,185,7
43562,93,92,1
43563,133,131,2
43564,150,148,2
43565,363,356,7
43566,226,224,2
43567,115,114,1
43568,412,407,5
43569,189,184,5
43570,403,398,5
43571,131,131,0
43572,105,100,5
43573,211,208,3
43574,142,142,0
43575,170,167,3
43576,399,395,4
43577,430,424,6
43578,172,171,1
43579,312,310,2
43580,291,284,7
43581,175,168,7
43582,64,63,1
43583,708,700,8
43584,275,254,21
43585,140,138,2
43586,128,128,0
43587,177,169,8
43588,44,44,0
43589,199,198,1
43590,185,178,7
43591,390,379,11
43592,163,159,4
43593,518,506,12
43594,241,235,6
43595,389,382,7
43596,116,115,1
43597,361,353,8
43598,686,676,10
43599,241,240,1
43600,170,167,3
43601,337,334,3
43602,156,152,4
43603,237,233,4
43604,896,862,34
43605,140,139,1
43606,141,140,1
43607,253,244,9
43608,167,162,5
43609,156,154,2
43610,221,212,9
43611,368,363,5
43612,477,470,7
43613,63,58,5
43614,77,75,2
43615,133,133,0
43616,421,403,18
43617,394,371,23
43618,131,129,2
43619,236,229,7
43620,180,180,0
43621,62,61,1
43622,146,144,2
43623,370,362,8
43624,509,483,26
43625,199,195,4
43626,211,210,1
43627,327,322,5
43628,112,112,0
43629,155,154,1
43630,126,124,2
43631,145,143,2
43632,160,158,2
43633,162,161,1
43634,115,113,2
43635,132,131,1
43636,110,104,6
43637,163,160,3
43638,230,226,4
43639,108,104,4
43640,219,213,6
43641,141,138,3
43642,80,80,0
43643,78,78,0
43644,135,133,2
43645,174,172,2
43646,130,126,4
43647,50,50,0
43648,146,145,1
43649,74,74,0
43650,228,226,2
43651,123,121,2
43652,118,117,1
43653,93,92,1
43654,155,154,1
43655,260,252,8
43656,367,362,5
43657,254,250,4
43658,171,169,2
43659,184,183,1
43660,224,222,2
43661,127,123,4
43662,134,133,1
43663,371,355,16
43664,258,254,4
43665,55,55,0
43666,279,275,4
43667,117,117,0
43668,148,148,0
43669,193,190,3
43670,161,155,6
43671,77,76,1
43672,171,167,4
43673,154,153,1
43674,219,217,2
43675,409,391,18
43676,302,293,9
43677,55,54,1
43678,155,153,2
43679,143,138,5
43680,311,278,33
43681,167,163,4
43682,149,146,3
43683,243,236,7
43684,235,235,0
43685,132,132,0
43686,143,140,3
43687,292,286,6
43688,358,352,6
43689,269,263,6
43690,109,109,0
43691,107,104,3
43692,263,243,20
43693,127,121,6
43694,363,345,18
43695,145,144,1
43696,150,145,5
43697,232,229,3
43698,480,477,3
43699,123,120,3
43700,253,248,5
43701,79,79,0
43702,41,41,0
43703,86,83,3
43704,97,96,1
43705,614,579,35
43706,144,142,2
43707,165,162,3
43708,134,133,1
43709,62,61,1
43710,67,66,1
43711,360,346,14
43712,161,159,2
43713,150,149,1
43714,119,117,2
43715,166,160,6
43716,83,83,0
43717,163,159,4
43718,165,162,3
43719,194,193,1
43720,189,189,0
43721,65,65,0
43722,100,100,0
43723,50,47,3
43724,134,130,4
43725,317,307,10
43726,294,283,11
43727,224,215,9
43728,388,383,5
43729,129,119,10
43730,93,92,1
43731,183,181,2
43732,82,82,0
43733,127,122,5
43734,836,816,20
43735,152,146,6
43736,87,84,3
43737,88,88,0
43738,203,200,3
43739,120,113,7
43740,150,144,6
43741,204,198,6
43742,205,199,6
43743,46,46,0
43744,434,418,16
43745,125,120,5
43746,292,285,7
43747,213,202,11
43748,184,180,4
43749,50,49,1
43750,61,60,1
43751,112,109,3
43752,112,109,3
43753,195,191,4
43754,62,61,1
43755,234,232,2
43756,86,86,0
43757,426,423,3
43758,219,217,2
43759,140,139,1
43760,134,133,1
43761,157,156,1
43762,124,123,1
43763,165,164,1
43764,135,125,10
43765,201,195,6
43766,135,129,6
43767,163,163,0
43768,121,118,3
43769,174,173,1
43770,183,183,0
43771,405,401,4
43772,126,125,1
43773,218,218,0
43774,127,125,2
43775,179,177,2
43776,121,119,2
43777,156,156,0
43778,79,79,0
43779,164,163,1
43780,99,98,1
43781,108,104,4
43782,234,228,6
43783,202,200,2
43784,1010,1001,9
43785,133,131,2
43786,106,105,1
43787,282,276,6
43788,168,168,0
43789,162,155,7
43790,70,69,1
43791,157,156,1
43792,172,168,4
43793,401,367,34
43794,186,185,1
43795,138,136,2
43796,415,414,1
43797,59,56,3
43798,73,71,2
43799,59,59,0
43800,694,671,23
43801,89,86,3
43802,350,342,8
43803,144,143,1
43804,52,52,0
43805,97,96,1
43806,364,356,8
43807,181,180,1
43808,154,153,1
43809,83,83,0
43810,270,267,3
43811,146,139,7
43812,401,399,2
43813,214,205,9
43814,762,737,25
43815,283,278,5
43816,196,195,1
43817,271,270,1
43818,491,485,6
43819,463,450,13
43820,307,306,1
43821,459,450,9
43822,98,98,0
43823,119,119,0
43824,43,41,2
43825,595,593,2
43826,197,196,1
43827,207,206,1
43828,187,174,13
43829,241,236,5
43830,107,105,2
43831,168,167,1
43832,191,187,4
43833,270,270,0
43834,452,443,9
43835,115,112,3
43836,206,203,3
43837,531,514,17
43838,110,109,1
43839,183,180,3
43840,121,118,3
43841,209,208,1
43842,282,272,10
43843,438,431,7
43844,662,635,27
43845,298,291,7
43846,164,163,1
43847,314,308,6
43848,282,276,6
43849,894,876,18
43850,123,122,1
43851,136,134,2
43852,95,94,1
43853,488,467,21
43854,118,111,7
43855,182,178,4
43856,287,281,6
43857,72,71,1
43858,557,547,10
43859,56,54,2
43860,155,153,2
43861,180,179,1
43862,232,225,7
43863,172,171,1
43864,471,452,19
43865,489,484,5
43866,347,338,9
43867,235,223,12
43868,427,423,4
43869,127,125,2
43870,379,377,2
43871,149,148,1
43872,162,158,4
43873,105,104,1
43874,248,240,8
43875,215,214,1
43876,159,158,1
43877,324,315,9
43878,322,315,7
43879,155,154,1
43880,126,126,0
43881,50,48,2
43882,281,275,6
43883,125,124,1
43884,471,454,17
43885,122,117,5
43886,183,177,6
43887,405,403,2
43888,139,137,2
43889,439,400,39
43890,385,366,19
43891,202,195,7
43892,117,115,2
43893,51,51,0
43894,141,134,7
43895,202,196,6
43896,231,220,11
43897,110,107,3
43898,251,244,7
43899,295,294,1
43900,89,89,0
43901,346,338,8
43902,238,233,5
43903,460,448,12
43904,38,37,1
43905,108,107,1
43906,312,305,7
43907,101,99,2
43908,122,118,4
43909,235,231,4
43910,499,491,8
43911,397,383,14
43912,214,213,1
43913,128,126,2
43914,108,107,1
43915,191,188,3
43916,316,309,7
43917,156,155,1
43918,162,158,4
43919,634,618,16
43920,436,431,5
43921,1015,999,16
43922,172,169,3
43923,62,59,3
43924,167,167,0
43925,60,59,1
43926,97,97,0
43927,92,92,0
43928,279,273,6
43929,77,76,1
43930,72,72,0
43931,108,107,1
43932,157,154,3
43933,61,61,0
43934,60,60,0
43935,138,135,3
43936,86,81,5
43937,231,229,2
43938,341,336,5
43939,141,139,2
43940,537,530,7
43941,284,281,3
43942,132,130,2
43943,721,712,9
43944,91,89,2
43945,163,156,7
43946,272,268,4
43947,213,208,5
43948,141,135,6
43949,125,124,1
43950,129,127,2
43951,272,262,10
43952,405,400,5
43953,633,623,10
43954,127,126,1
43955,101,98,3
43956,56,55,1
43957,84,81,3
43958,245,245,0
43959,131,130,1
43960,130,130,0
43961,164,158,6
43962,103,102,1
43963,58,57,1
43964,222,220,2
43965,270,267,3
43966,127,115,12
43967,254,253,1
43968,130,127,3
43969,172,167,5
43970,113,110,3
43971,344,335,9
43972,127,126,1
43973,78,75,3
43974,58,57,1
43975,78,76,2
43976,115,111,4
43977,235,228,7
43978,132,129,3
43979,121,117,4
43980,103,103,0
43981,152,151,1
43982,87,86,1
43983,331,327,4
43984,95,95,0
43985,76,71,5
43986,67,66,1
43987,337,332,5
43988,223,216,7
43989,207,203,4
43990,133,132,1
43991,136,134,2
43992,339,333,6
43993,373,366,7
43994,149,149,0
43995,275,268,7
43996,550,524,26
43997,344,334,10
43998,335,324,11
43999,146,145,1
44000,135,134,1
44001,164,160,4
44002,305,283,22
44003,130,127,3
44004,166,155,11
44005,241,236,5
44006,90,88,2
44007,98,98,0
44008,160,154,6
44009,93,92,1
44010,126,126,0
44011,98,97,1
44012,133,133,0
44013,48,48,0
44014,120,118,2
44015,155,152,3
44016,57,56,1
44017,301,297,4
44018,198,184,14
44019,372,366,6
44020,132,130,2
44021,62,61,1
44022,123,119,4
44023,177,176,1
44024,159,159,0
44025,142,136,6
44026,163,159,4
44027,129,125,4
44028,166,166,0
44029,175,167,8
44030,123,116,7
44031,101,96,5
44032,118,117,1
44033,52,49,3
44034,143,137,6
44035,311,302,9
44036,308,303,5
44037,135,133,2
44038,65,65,0
44039,127,123,4
44040,276,270,6
44041,408,387,21
44042,116,113,3
44043,347,338,9
44044,114,112,2
44045,179,170,9
44046,335,317,18
44047,415,401,14
44048,163,161,2
44049,207,206,1
44050,271,261,10
44051,691,670,21
44052,273,269,4
44053,145,139,6
44054,106,104,2
44055,225,219,6
44056,272,269,3
44057,881,851,30
44058,498,469,29
44059,270,265,5
44060,166,161,5
44061,402,387,15
44062,189,188,1
44063,582,579,3
44064,185,181,4
44065,139,139,0
44066,325,324,1
44067,387,378,9
44068,126,123,3
44069,141,140,1
44070,300,299,1
44071,85,85,0
44072,110,104,6
44073,284,279,5
44074,474,470,4
44075,510,491,19
44076,326,319,7
44077,491,490,1
44078,415,407,8
44079,501,490,11
44080,115,115,0
44081,409,402,7
44082,133,128,5
44083,112,110,2
44084,84,82,2
44085,257,254,3
44086,144,142,2
44087,234,222,12
44088,443,425,18
44089,394,385,9
44090,266,260,6
44091,67,65,2
44092,147,145,2
44093,312,303,9
44094,204,203,1
44095,248,241,7
44096,149,146,3
44097,258,255,3
44098,166,164,2
44099,128,123,5
44100,135,133,2
44101,133,128,5
44102,131,124,7
44103,322,317,5
44104,209,205,4
44105,83,81,2
44106,177,176,1
44107,396,394,2
44108,259,258,1
44109,239,237,2
44110,426,420,6
44111,379,368,11
44112,163,160,3
44113,218,208,10
44114,624,611,13
44115,48,47,1
44116,335,328,7
44117,173,169,4
44118,164,163,1
44119,150,146,4
44120,235,229,6
44121,207,204,3
44122,284,277,7
44123,122,112,10
44124,127,124,3
44125,178,176,2
44126,167,166,1
44127,189,187,2
44128,214,207,7
44129,237,236,1
44130,193,192,1
44131,141,138,3
44132,642,642,0
44133,418,413,5
44134,213,205,8
44135,122,118,4
44136,218,213,5
44137,316,314,2
44138,972,949,23
44139,520,504,16
44140,328,323,5
44141,131,126,5
44142,819,806,13
44143,385,385,0
44144,142,142,0
44145,123,121,2
44146,156,155,1
44147,96,90,6
44148,130,130,0
44149,662,641,21
44150,151,149,2
44151,607,600,7
44152,171,167,4
44153,623,609,14
44154,306,303,3
44155,121,118,3
44156,104,102,2
44157,987,957,30
44158,416,411,5
44159,81,77,4
44160,164,160,4
44161,728,718,10
44162,1002,982,20
44163,982,961,21
44164,273,272,1
44165,214,209,5
44166,518,514,4
44167,697,681,16
44168,443,432,11
44169,180,179,1
44170,928,917,11
44171,334,329,5
44172,169,167,2
44173,786,782,4
44174,215,209,6
44175,127,122,5
44176,370,357,13
44177,255,247,8
44178,155,152,3
44179,311,303,8
44180,869,864,5
44181,163,162,1
44182,221,220,1
44183,278,277,1
44184,658,651,7
44185,324,313,11
44186,216,214,2
44187,203,198,5
44188,366,361,5
44189,558,546,12
44190,131,129,2
44191,144,144,0
44192,169,164,5
44193,189,189,0
44194,133,132,1
44195,151,150,1
44196,417,413,4
44197,335,333,2
44198,153,152,1
44199,772,747,25
44200,110,110,0
44201,190,188,2
44202,180,180,0
44203,171,170,1
44204,184,183,1
44205,318,311,7
44206,262,255,7
44207,313,308,5
44208,144,144,0
44209,162,161,1
44210,218,213,5
44211,133,133,0
44212,141,137,4
44213,697,687,10
44214,110,107,3
44215,167,165,2
44216,182,175,7
44217,144,140,4
44218,181,179,2
44219,151,148,3
44220,220,214,6
44221,142,139,3
44222,46,45,1
44223,245,245,0
44224,129,123,6
44225,269,266,3
44226,197,178,19
44227,207,200,7
44228,51,49,2
44229,226,220,6
44230,278,272,6
44231,196,189,7
44232,472,467,5
44233,132,131,1
44234,99,98,1
44235,173,171,2
44236,82,76,6
44237,315,309,6
44238,97,91,6
44239,163,159,4
44240,140,136,4
44241,134,133,1
44242,97,87,10
44243,98,93,5
44244,39,37,2
44245,208,207,1
44246,148,146,2
44247,100,98,2
44248,328,318,10
44249,145,144,1
44250,122,122,0
44251,513,493,20
44252,233,233,0
44253,579,566,13
44254,393,381,12
44255,225,198,27
44256,181,178,3
44257,101,100,1
44258,205,200,5
44259,161,159,2
44260,184,179,5
44261,427,423,4
44262,121,121,0
44263,139,138,1
44264,160,157,3
44265,406,393,13
44266,152,149,3
44267,257,247,10
44268,137,137,0
44269,134,129,5
44270,249,248,1
44271,119,118,1
44272,969,954,15
44273,44,43,1
44274,142,141,1
44275,482,469,13
44276,294,293,1
44277,172,166,6
44278,130,129,1
44279,190,176,14
44280,129,128,1
44281,210,206,4
44282,120,117,3
44283,214,209,5
44284,127,127,0
44285,111,111,0
44286,50,48,2
44287,70,70,0
44288,242,240,2
44289,160,159,1
44290,330,321,9
44291,275,269,6
44292,151,150,1
44293,156,152,4
44294,121,119,2
44295,218,218,0
44296,290,286,4
44297,57,57,0
44298,124,121,3
44299,98,97,1
44300,151,147,4
44301,128,126,2
44302,125,122,3
44303,151,148,3
44304,127,122,5
44305,248,248,0
44306,217,213,4
44307,84,83,1
44308,76,72,4
44309,99,99,0
44310,316,307,9
44311,156,151,5
44312,624,617,7
44313,76,75,1
44314,173,173,0
44315,146,142,4
44316,217,211,6
44317,182,180,2
44318,96,88,8
44319,259,251,8
44320,164,162,2
44321,63,61,2
44322,353,338,15
44323,168,166,2
44324,131,131,0
44325,924,921,3
44326,197,194,3
44327,153,149,4
44328,86,83,3
44329,219,212,7
44330,181,176,5
44331,428,420,8
44332,356,350,6
44333,581,578,3
44334,187,184,3
44335,854,848,6
44336,866,855,11
44337,218,209,9
44338,159,155,4
44339,111,108,3
44340,101,100,1
44341,211,206,5
44342,202,199,3
44343,99,98,1
44344,39,39,0
44345,103,98,5
44346,128,114,14
44347,131,119,12
44348,162,151,11
44349,216,197,19
44350,120,116,4
44351,116,111,5
44352,529,509,20
44353,714,694,20
44354,196,191,5
44355,215,210,5
44356,113,113,0
44357,82,81,1
44358,676,668,8
44359,305,297,8
44360,98,96,2
44361,1004,975,29
44362,133,133,0
44363,351,344,7
44364,246,246,0
44365,188,183,5
44366,272,270,2
44367,146,144,2
44368,290,290,0
44369,134,129,5
44370,127,127,0
44371,252,251,1
44372,179,174,5
44373,131,127,4
44374,350,345,5
44375,371,362,9
44376,223,222,1
44377,171,166,5
44378,425,415,10
44379,136,134,2
44380,104,102,2
44381,125,125,0
44382,65,65,0
44383,48,46,2
44384,112,110,2
44385,151,147,4
44386,140,139,1
44387,173,170,3
44388,144,139,5
44389,585,576,9
44390,196,194,2
44391,131,126,5
44392,211,206,5
44393,333,321,12
44394,289,282,7
44395,133,128,5
44396,151,145,6
44397,198,196,2
44398,135,133,2
44399,196,190,6
44400,492,484,8
44401,137,132,5
44402,384,374,10
44403,239,239,0
44404,156,155,1
44405,375,365,10
44406,463,457,6
44407,165,163,2
44408,190,188,2
44409,363,360,3
44410,345,344,1
44411,124,122,2
44412,174,174,0
44413,322,319,3
44414,177,176,1
44415,125,124,1
44416,136,131,5
44417,350,344,6
44418,182,178,4
44419,361,356,5
44420,208,207,1
44421,156,154,2
44422,938,923,15
44423,215,207,8
44424,296,292,4
44425,165,156,9
44426,122,117,5
44427,197,194,3
44428,366,358,8
44429,217,215,2
44430,283,277,6
44431,111,111,0
44432,215,213,2
44433,280,276,4
44434,128,126,2
44435,659,657,2
44436,140,137,3
44437,130,130,0
44438,510,501,9
44439,154,154,0
44440,534,526,8
44441,222,219,3
44442,873,860,13
44443,350,348,2
44444,174,173,1
44445,326,321,5
44446,124,124,0
44447,36,36,0
44448,92,90,2
44449,122,120,2
44450,495,486,9
44451,283,280,3
44452,298,294,4
44453,93,89,4
44454,158,150,8
44455,151,144,7
44456,237,229,8
44457,111,110,1
44458,142,142,0
44459,138,136,2
44460,161,161,0
44461,129,128,1
44462,173,168,5
44463,174,168,6
44464,171,168,3
44465,596,593,3
44466,294,290,4
44467,161,157,4
44468,162,160,2
44469,275,257,18
44470,346,336,10
44471,453,448,5
44472,228,227,1
44473,701,689,12
44474,391,375,16
44475,146,141,5
44476,165,165,0
44477,334,322,12
44478,310,301,9
44479,275,265,10
44480,245,239,6
44481,159,157,2
44482,134,132,2
44483,111,111,0
44484,683,683,0
44485,511,506,5
44486,280,278,2
44487,367,362,5
44488,322,318,4
44489,114,113,1
44490,125,124,1
44491,207,202,5
44492,126,123,3
44493,748,725,23
44494,214,211,3
44495,189,189,0
44496,627,615,12
44497,415,408,7
44498,77,73,4
44499,419,411,8
44500,117,115,2
44501,168,158,10
44502,274,259,15
44503,151,149,2
44504,717,684,33
44505,271,265,6
44506,491,471,20
44507,504,496,8
44508,135,127,8
44509,281,278,3
44510,380,378,2
44511,337,332,5
44512,143,138,5
44513,189,189,0
44514,185,183,2
44515,154,151,3
44516,284,280,4
44517,253,251,2
44518,120,117,3
44519,167,166,1
44520,248,246,2
44521,446,439,7
44522,126,121,5
44523,188,184,4
44524,40,39,1
44525,49,49,0
44526,133,128,5
44527,323,313,10
44528,400,390,10
44529,116,113,3
44530,171,163,8
44531,548,542,6
44532,281,274,7
44533,130,125,5
44534,125,123,2
44535,185,184,1
44536,123,123,0
44537,93,93,0
44538,143,141,2
44539,477,472,5
44540,315,309,6
44541,226,218,8
44542,169,164,5
44543,1029,1017,12
44544,126,126,0
44545,126,126,0
44546,136,134,2
44547,167,163,4
44548,189,187,2
44549,170,168,2
44550,199,196,3
44551,190,187,3
44552,175,172,3
44553,438,434,4
44554,991,984,7
44555,195,193,2
44556,213,204,9
44557,144,144,0
44558,132,132,0
44559,141,140,1
44560,217,209,8
44561,165,158,7
44562,180,177,3
44563,179,173,6
44564,121,118,3
44565,159,157,2
44566,206,205,1
44567,247,243,4
44568,918,910,8
44569,177,174,3
44570,392,386,6
44571,46,45,1
44572,154,151,3
44573,114,113,1
44574,334,318,16
44575,233,229,4
44576,130,127,3
44577,374,366,8
44578,82,72,10
44579,53,51,2
44580,554,544,10
44581,31,30,1
44582,363,353,10
44583,549,541,8
44584,109,109,0
44585,331,319,12
44586,536,522,14
44587,302,294,8
44588,126,121,5
44589,180,179,1
44590,405,403,2
44591,145,144,1
44592,214,210,4
44593,142,140,2
44594,175,174,1
44595,256,256,0
44596,68,65,3
44597,93,91,2
44598,253,249,4
44599,216,211,5
44600,235,230,5
44601,149,148,1
44602,232,226,6
44603,146,146,0
44604,124,123,1
44605,233,226,7
44606,688,670,18
44607,6,6,0
44608,140,137,3
44609,114,110,4
44610,247,245,2
44611,147,144,3
44612,211,209,2
44613,134,131,3
44614,210,203,7
44615,177,177,0
44616,53,51,2
44617,185,179,6
44618,163,160,3
44619,108,107,1
44620,189,188,1
44621,58,57,1
44622,239,236,3
44623,481,475,6
44624,445,433,12
44625,127,126,1
44626,143,143,0
44627,504,491,13
44628,166,162,4
44629,125,123,2
44630,252,246,6
44631,229,224,5
44632,124,124,0
44633,316,311,5
44634,185,183,2
44635,154,149,5
44636,291,282,9
44637,130,128,2
44638,184,181,3
44639,288,280,8
44640,365,344,21
44641,219,218,1
44642,541,529,12
44643,309,308,1
44644,361,357,4
44645,134,131,3
44646,237,225,12
44647,135,132,3
44648,161,160,1
44649,140,133,7
44650,155,154,1
44651,156,156,0
44652,146,138,8
44653,172,166,6
44654,254,245,9
44655,360,353,7
44656,321,310,11
44657,159,158,1
44658,174,169,5
44659,407,401,6
44660,160,157,3
44661,248,238,10
44662,212,211,1
44663,299,293,6
44664,144,138,6
44665,170,169,1
44666,498,484,14
44667,242,236,6
44668,51,50,1
44669,303,294,9
44670,501,500,1
44671,148,146,2
44672,59,58,1
44673,117,114,3
44674,238,234,4
44675,122,120,2
44676,169,161,8
44677,59,59,0
44678,167,158,9
44679,131,131,0
44680,350,341,9
44681,97,94,3
44682,312,308,4
44683,217,213,4
44684,148,148,0
44685,138,137,1
44686,111,111,0
44687,111,110,1
44688,98,97,1
44689,121,121,0
44690,264,262,2
44691,356,352,4
44692,572,571,1
44693,416,415,1
44694,144,141,3
44695,235,233,2
44696,172,170,2
44697,112,108,4
44698,304,295,9
44699,235,229,6
44700,552,544,8
44701,61,61,0
44702,92,90,2
44703,115,114,1
44704,117,115,2
44705,589,580,9
44706,54,54,0
44707,104,104,0
44708,32,32,0
44709,73,72,1
44710,107,106,1
44711,37,37,0
44712,110,109,1
44713,207,203,4
44714,57,56,1
44715,62,61,1
44716,129,125,4
44717,89,88,1
44718,64,64,0
44719,216,215,1
44720,277,269,8
44721,396,389,7
44722,207,202,5
44723,330,323,7
44724,293,285,8
44725,195,194,1
44726,369,367,2
44727,31,30,1
44728,158,152,6
44729,53,52,1
44730,57,56,1
44731,126,121,5
44732,121,114,7
44733,175,171,4
44734,296,292,4
44735,266,254,12
44736,222,219,3
44737,160,156,4
44738,142,140,2
44739,113,113,0
44740,170,164,6
44741,63,61,2
44742,414,406,8
44743,890,869,21
44744,163,163,0
44745,141,138,3
44746,179,179,0
44747,416,413,3
44748,49,44,5
44749,61,60,1
44750,113,109,4
44751,102,100,2
44752,161,158,3
44753,225,218,7
44754,182,179,3
44755,224,219,5
44756,136,134,2
44757,425,419,6
44758,293,290,3
44759,353,343,10
44760,143,142,1
44761,127,123,4
44762,197,191,6
44763,654,648,6
44764,312,308,4
44765,192,189,3
44766,242,240,2
44767,492,464,28
44768,93,88,5
44769,157,157,0
44770,134,133,1
44771,198,196,2
44772,248,246,2
44773,308,301,7
44774,128,128,0
44775,165,164,1
44776,359,347,12
44777,202,189,13
44778,141,139,2
44779,142,138,4
44780,162,161,1
44781,119,118,1
44782,192,189,3
44783,187,186,1
44784,213,210,3
44785,762,751,11
44786,311,310,1
44787,317,313,4
44788,251,250,1
44789,195,194,1
44790,119,119,0
44791,333,328,5
44792,423,420,3
44793,627,619,8
44794,768,761,7
44795,250,243,7
44796,119,113,6
44797,188,184,4
44798,553,544,9
44799,377,363,14
44800,250,245,5
44801,194,188,6
44802,73,72,1
44803,274,271,3
44804,144,143,1
44805,209,206,3
44806,415,404,11
44807,264,261,3
44808,146,146,0
44809,113,106,7
44810,556,547,9
44811,137,133,4
44812,168,162,6
44813,231,227,4
44814,99,99,0
44815,157,155,2
44816,124,123,1
44817,183,182,1
44818,142,138,4
44819,128,125,3
44820,113,113,0
44821,214,208,6
44822,283,274,9
44823,271,265,6
44824,195,195,0
44825,144,144,0
44826,36,36,0
44827,54,53,1
44828,140,135,5
44829,197,195,2
44830,156,149,7
44831,168,166,2
44832,128,124,4
44833,178,175,3
44834,1010,1000,10
44835,387,373,14
44836,677,674,3
44837,443,438,5
44838,289,285,4
44839,300,299,1
44840,165,164,1
44841,49,49,0
44842,277,276,1
44843,150,148,2
44844,503,502,1
44845,131,130,1
44846,150,149,1
44847,433,431,2
44848,151,151,0
44849,159,158,1
44850,232,227,5
44851,867,860,7
44852,164,159,5
44853,106,106,0
44854,91,89,2
44855,163,160,3
44856,333,329,4
44857,128,127,1
44858,688,678,10
44859,314,305,9
44860,309,307,2
44861,256,254,2
44862,936,916,20
44863,78,77,1
44864,54,53,1
44865,124,124,0
44866,603,601,2
44867,95,94,1
44868,41,41,0
44869,269,267,2
44870,162,162,0
44871,240,237,3
44872,51,50,1
44873,116,114,2
44874,108,106,2
44875,53,52,1
44876,103,103,0
44877,363,357,6
44878,198,195,3
44879,394,390,4
44880,158,155,3
44881,137,135,2
44882,193,190,3
44883,198,197,1
44884,367,357,10
44885,259,255,4
44886,271,269,2
44887,95,95,0
44888,424,415,9
44889,428,416,12
44890,598,591,7
44891,273,255,18
44892,140,137,3
44893,382,374,8
44894,207,203,4
44895,225,224,1
44896,124,123,1
44897,226,218,8
44898,179,179,0
44899,51,50,1
44900,163,160,3
44901,191,191,0
44902,140,138,2
44903,638,632,6
44904,603,593,10
44905,190,188,2
44906,130,127,3
44907,187,174,13
44908,125,121,4
44909,132,131,1
44910,148,147,1
44911,303,300,3
44912,122,113,9
44913,159,157,2
44914,152,145,7
44915,116,115,1
44916,253,243,10
44917,190,180,10
44918,128,118,10
44919,299,295,4
44920,145,145,0
44921,162,161,1
44922,162,162,0
44923,182,178,4
44924,119,117,2
44925,71,69,2
44926,126,124,2
44927,220,213,7
44928,99,99,0
44929,237,233,4
44930,358,353,5
44931,159,157,2
44932,173,170,3
44933,32,31,1
44934,109,106,3
44935,179,177,2
44936,124,123,1
44937,119,117,2
44938,35,35,0
44939,225,224,1
44940,152,151,1
44941,131,127,4
44942,197,195,2
44943,60,59,1
44944,145,137,8
44945,532,514,18
44946,118,117,1
44947,190,187,3
44948,51,49,2
44949,208,199,9
44950,447,441,6
44951,109,108,1
44952,261,260,1
44953,249,239,10
44954,220,216,4
44955,189,187,2
44956,113,110,3
44957,208,204,4
44958,118,118,0
44959,117,113,4
44960,102,101,1
44961,334,329,5
44962,205,202,3
44963,259,254,5
44964,293,286,7
44965,180,170,10
44966,119,111,8
44967,373,359,14
44968,216,209,7
44969,352,348,4
44970,451,432,19
44971,583,554,29
44972,142,138,4
44973,98,97,1
44974,251,250,1
44975,192,192,0
44976,130,128,2
44977,436,434,2
44978,130,130,0
44979,185,184,1
44980,218,218,0
44981,216,216,0
44982,128,122,6
44983,100,97,3
44984,544,538,6
44985,179,177,2
44986,326,313,13
44987,224,221,3
44988,180,176,4
44989,199,193,6
44990,79,77,2
44991,132,130,2
44992,100,96,4
44993,130,127,3
44994,128,127,1
44995,122,122,0
44996,240,231,9
44997,108,106,2
44998,120,117,3
44999,797,771,26
45000,187,186,1
45001,131,130,1
45002,193,186,7
45003,441,437,4
45004,118,114,4
45005,210,206,4
45006,332,325,7
45007,185,178,7
45008,479,461,18
45009,159,156,3
45010,134,129,5
45011,104,103,1
45012,81,81,0
45013,142,136,6
45014,83,83,0
45015,176,171,5
45016,263,258,5
45017,165,163,2
45018,168,165,3
45019,123,119,4
45020,129,128,1
45021,401,393,8
45022,169,160,9
45023,646,636,10
45024,935,912,23
45025,106,99,7
45026,768,747,21
45027,165,158,7
45028,146,145,1
45029,161,158,3
45030,101,97,4
45031,130,125,5
45032,52,48,4
45033,202,198,4
45034,63,59,4
45035,276,274,2
45036,378,365,13
45037,379,374,5
45038,73,73,0
45039,157,157,0
45040,117,115,2
45041,216,212,4
45042,135,132,3
45043,40,38,2
45044,284,278,6
45045,259,252,7
45046,513,503,10
45047,268,258,10
45048,187,180,7
45049,915,854,61
45050,221,216,5
45051,64,60,4
45052,898,889,9
45053,159,152,7
45054,156,154,2
45055,308,287,21
45056,196,191,5
45057,249,246,3
45058,598,589,9
45059,143,139,4
45060,671,661,10
45061,157,150,7
45062,38,38,0
45063,185,179,6
45064,234,233,1
45065,441,431,10
45066,197,192,5
45067,82,80,2
45068,174,171,3
45069,118,118,0
45070,343,329,14
45071,183,174,9
45072,83,82,1
45073,467,453,14
45074,242,230,12
45075,311,302,9
45076,156,153,3
45077,500,493,7
45078,251,249,2
45079,153,151,2
45080,128,128,0
45081,233,225,8
45082,197,194,3
45083,216,209,7
45084,189,188,1
45085,482,477,5
45086,193,191,2
45087,95,94,1
45088,259,255,4
45089,186,184,2
45090,359,359,0
45091,186,186,0
45092,197,195,2
45093,270,266,4
45094,218,216,2
45095,147,146,1
45096,605,595,10
45097,140,140,0
45098,325,319,6
45099,286,273,13
45100,367,361,6
45101,118,115,3
45102,331,323,8
45103,298,295,3
45104,348,343,5
45105,233,226,7
45106,167,166,1
45107,153,150,3
45108,241,236,5
45109,287,287,0
45110,191,183,8
45111,169,161,8
45112,182,182,0
45113,590,574,16
45114,138,136,2
45115,140,137,3
45116,545,530,15
45117,131,131,0
45118,203,196,7
45119,104,102,2
45120,109,109,0
45121,310,299,11
45122,217,211,6
45123,251,248,3
45124,149,149,0
45125,161,160,1
45126,106,106,0
45127,336,333,3
45128,127,126,1
45129,179,176,3
45130,145,144,1
45131,133,132,1
45132,507,501,6
45133,105,103,2
45134,190,186,4
45135,369,366,3
45136,307,296,11
45137,324,319,5
45138,558,545,13
45139,591,586,5
45140,100,96,4
45141,140,137,3
45142,158,157,1
45143,296,286,10
45144,336,328,8
45145,369,362,7
45146,154,154,0
45147,235,233,2
45148,148,147,1
45149,353,352,1
45150,159,157,2
45151,214,208,6
45152,116,115,1
45153,131,128,3
45154,440,429,11
45155,149,149,0
45156,213,203,10
45157,423,418,5
45158,164,164,0
45159,303,297,6
45160,824,800,24
45161,308,308,0
45162,114,114,0
45163,123,118,5
45164,139,137,2
45165,114,110,4
45166,286,284,2
45167,157,155,2
45168,120,118,2
45169,536,515,21
45170,244,240,4
45171,120,118,2
45172,209,206,3
45173,231,228,3
45174,120,118,2
45175,417,407,10
45176,415,409,6
45177,121,108,13
45178,560,554,6
45179,145,140,5
45180,262,240,22
45181,190,187,3
45182,297,296,1
45183,193,178,15
45184,690,667,23
45185,190,187,3
45186,228,216,12
45187,200,197,3
45188,324,318,6
45189,360,356,4
45190,545,533,12
45191,652,631,21
45192,307,300,7
45193,76,74,2
45194,43,43,0
45195,174,174,0
45196,368,363,5
45197,145,143,2
45198,51,51,0
45199,498,486,12
45200,199,198,1
45201,117,116,1
45202,313,307,6
45203,137,137,0
45204,141,140,1
45205,291,291,0
45206,142,139,3
45207,100,100,0
45208,146,139,7
45209,90,90,0
45210,445,441,4
45211,563,552,11
45212,280,274,6
45213,262,259,3
45214,124,121,3
45215,138,138,0
45216,302,300,2
45217,164,163,1
45218,435,433,2
45219,238,234,4
45220,190,186,4
45221,285,277,8
45222,138,135,3
45223,94,89,5
45224,423,412,11
45225,106,105,1
45226,105,104,1
45227,538,527,11
45228,395,375,20
45229,173,171,2
45230,153,153,0
45231,66,66,0
45232,109,107,2
45233,340,335,5
45234,110,109,1
45235,178,168,10
45236,114,111,3
45237,46,46,0
45238,145,139,6
45239,157,154,3
45240,214,205,9
45241,459,450,9
45242,1099,1082,17
45243,410,403,7
45244,297,279,18
45245,108,108,0
45246,250,244,6
45247,298,293,5
45248,210,209,1
45249,127,124,3
45250,410,401,9
45251,122,122,0
45252,196,191,5
45253,321,316,5
45254,177,175,2
45255,592,572,20
45256,155,155,0
45257,119,118,1
45258,192,191,1
45259,536,512,24
45260,256,247,9
45261,206,200,6
45262,387,377,10
45263,223,217,6
45264,387,373,14
45265,142,134,8
45266,297,297,0
45267,125,125,0
45268,563,553,10
45269,252,247,5
45270,556,553,3
45271,149,148,1
45272,65,63,2
45273,109,108,1
45274,417,408,9
45275,159,151,8
45276,118,116,2
45277,353,348,5
45278,463,448,15
45279,233,231,2
45280,278,270,8
45281,108,107,1
45282,207,201,6
45283,229,223,6
45284,298,286,12
45285,110,109,1
45286,397,382,15
45287,149,142,7
45288,163,160,3
45289,209,203,6
45290,144,142,2
45291,145,143,2
45292,471,460,11
45293,146,143,3
45294,289,285,4
45295,183,178,5
45296,231,229,2
45297,125,125,0
45298,106,105,1
45299,153,151,2
45300,182,179,3
45301,830,801,29
45302,404,392,12
45303,119,117,2
45304,209,203,6
45305,282,276,6
45306,125,117,8
45307,409,396,13
45308,160,158,2
45309,130,129,1
45310,229,220,9
45311,67,67,0
45312,107,105,2
45313,284,281,3
45314,987,966,21
45315,114,114,0
45316,135,131,4
45317,111,110,1
45318,286,286,0
45319,297,293,4
45320,169,164,5
45321,148,147,1
45322,267,266,1
45323,169,166,3
45324,117,110,7
45325,183,179,4
45326,288,284,4
45327,137,134,3
45328,580,570,10
45329,130,127,3
45330,129,126,3
45331,173,168,5
45332,261,260,1
45333,143,142,1
45334,444,437,7
45335,155,155,0
45336,598,583,15
45337,316,305,11
45338,132,130,2
45339,291,280,11
45340,145,140,5
45341,481,472,9
45342,179,177,2
45343,160,156,4
45344,108,106,2
45345,151,149,2
45346,286,284,2
45347,204,200,4
45348,337,330,7
45349,247,243,4
45350,141,140,1
45351,403,392,11
45352,184,180,4
45353,207,206,1
45354,134,131,3
45355,268,266,2
45356,298,295,3
45357,75,72,3
45358,86,82,4
45359,104,102,2
45360,197,196,1
45361,283,278,5
45362,144,137,7
45363,182,178,4
45364,86,82,4
45365,165,158,7
45366,313,304,9
45367,262,248,14
45368,444,433,11
45369,191,189,2
45370,141,140,1
45371,161,160,1
45372,98,97,1
45373,226,224,2
45374,197,189,8
45375,812,789,23
45376,80,78,2
45377,120,117,3
45378,287,281,6
45379,297,291,6
45380,477,467,10
45381,605,592,13
45382,121,116,5
45383,354,350,4
45384,216,214,2
45385,267,266,1
45386,86,85,1
45387,301,294,7
45388,139,135,4
45389,981,963,18
45390,130,130,0
45391,161,152,9
45392,224,218,6
45393,148,143,5
45394,112,107,5
45395,100,98,2
45396,175,172,3
45397,105,103,2
45398,139,136,3
45399,161,160,1
45400,188,187,1
45401,74,72,2
45402,74,72,2
45403,62,62,0
45404,139,136,3
45405,143,140,3
45406,130,126,4
45407,231,224,7
45408,442,433,9
45409,162,153,9
45410,124,123,1
45411,239,233,6
45412,339,334,5
45413,189,185,4
45414,177,173,4
45415,204,199,5
45416,181,181,0
45417,398,390,8
45418,92,92,0
45419,264,262,2
45420,229,223,6
45421,158,152,6
45422,124,120,4
45423,134,134,0
45424,132,130,2
45425,205,201,4
45426,382,378,4
45427,126,123,3
45428,126,117,9
45429,490,487,3
45430,177,175,2
45431,125,125,0
45432,269,267,2
45433,116,116,0
45434,422,417,5
45435,211,210,1
45436,906,884,22
45437,134,133,1
45438,115,111,4
45439,434,423,11
45440,140,138,2
45441,185,184,1
45442,145,143,2
45443,515,504,11
45444,38,36,2
45445,167,164,3
45446,188,186,2
45447,96,95,1
45448,67,67,0
45449,404,396,8
45450,378,375,3
45451,132,130,2
45452,88,84,4
45453,95,95,0
45454,368,365,3
45455,185,181,4
45456,145,145,0
45457,227,222,5
45458,189,182,7
45459,1011,995,16
45460,267,261,6
45461,141,139,2
45462,443,434,9
45463,145,142,3
45464,197,197,0
45465,923,916,7
45466,143,143,0
45467,327,326,1
45468,129,126,3
45469,132,130,2
45470,49,48,1
45471,121,120,1
45472,149,147,2
45473,270,268,2
45474,409,404,5
45475,355,343,12
45476,229,223,6
45477,115,115,0
45478,172,170,2
45479,129,129,0
45480,384,376,8
45481,127,126,1
45482,426,419,7
45483,326,320,6
45484,342,325,17
45485,438,425,13
45486,121,119,2
45487,167,166,1
45488,191,189,2
45489,361,358,3
45490,212,210,2
45491,363,359,4
45492,331,329,2
45493,198,193,5
45494,138,138,0
45495,161,150,11
45496,265,260,5
45497,265,258,7
45498,120,120,0
45499,178,176,2
45500,202,199,3
45501,210,208,2
45502,143,138,5
45503,117,117,0
45504,559,548,11
45505,182,181,1
45506,122,120,2
45507,241,238,3
45508,142,136,6
45509,135,133,2
45510,175,173,2
45511,123,117,6
45512,937,926,11
45513,330,321,9
45514,270,259,11
45515,332,332,0
45516,223,221,2
45517,183,174,9
45518,544,540,4
45519,328,323,5
45520,216,216,0
45521,732,724,8
45522,279,273,6
45523,132,132,0
45524,568,564,4
45525,359,357,2
45526,553,542,11
45527,254,250,4
45528,163,163,0
45529,89,88,1
45530,78,78,0
45531,368,368,0
45532,110,110,0
45533,118,116,2
45534,62,61,1
45535,177,176,1
45536,134,132,2
45537,152,150,2
45538,213,211,2
45539,124,122,2
45540,119,116,3
45541,174,170,4
45542,400,400,0
45543,144,143,1
45544,86,86,0
45545,172,168,4
45546,169,168,1
45547,111,108,3
45548,542,531,11
45549,208,202,6
45550,691,686,5
45551,217,217,0
45552,62,60,2
45553,153,152,1
45554,143,143,0
45555,379,370,9
45556,109,108,1
45557,174,174,0
45558,126,124,2
45559,225,223,2
45560,74,73,1
45561,682,666,16
45562,275,274,1
45563,101,99,2
45564,292,278,14
45565,112,109,3
45566,132,130,2
45567,488,480,8
45568,318,300,18
45569,241,237,4
45570,163,161,2
45571,582,577,5
45572,210,207,3
45573,157,155,2
45574,851,847,4
45575,265,255,10
45576,108,101,7
45577,389,381,8
45578,357,345,12
45579,249,242,7
45580,117,117,0
45581,160,156,4
45582,192,191,1
45583,290,277,13
45584,121,115,6
45585,119,119,0
45586,404,401,3
45587,77,77,0
45588,136,134,2
45589,63,63,0
45590,46,46,0
45591,57,54,3
45592,135,133,2
45593,119,116,3
45594,228,226,2
45595,198,197,1
45596,98,97,1
45597,161,154,7
45598,121,120,1
45599,158,158,0
45600,91,88,3
45601,823,815,8
45602,289,289,0
45603,152,150,2
45604,181,176,5
45605,282,277,5
45606,144,143,1
45607,204,195,9
45608,129,124,5
45609,228,220,8
45610,244,242,2
45611,83,79,4
45612,127,124,3
45613,128,126,2
45614,477,473,4
45615,156,151,5
45616,140,136,4
45617,129,125,4
45618,215,211,4
45619,170,170,0
45620,158,158,0
45621,135,133,2
45622,215,210,5
45623,191,190,1
45624,46,46,0
45625,154,151,3
45626,120,118,2
45627,220,207,13
45628,322,315,7
45629,224,222,2
45630,106,105,1
45631,177,177,0
45632,125,124,1
45633,193,190,3
45634,144,141,3
45635,317,315,2
45636,429,421,8
45637,145,143,2
45638,380,379,1
45639,341,334,7
45640,442,438,4
45641,375,366,9
45642,518,509,9
45643,234,226,8
45644,157,155,2
45645,121,105,16
45646,134,134,0
45647,46,46,0
45648,186,185,1
45649,173,172,1
45650,124,124,0
45651,164,162,2
45652,218,217,1
45653,374,364,10
45654,98,97,1
45655,145,142,3
45656,706,692,14
45657,182,181,1
45658,197,191,6
45659,137,137,0
45660,108,107,1
45661,134,133,1
45662,284,279,5
45663,111,108,3
45664,499,490,9
45665,177,172,5
45666,378,363,15
45667,192,181,11
45668,170,169,1
45669,213,210,3
45670,386,374,12
45671,305,280,25
45672,374,361,13
45673,177,173,4
45674,212,210,2
45675,132,125,7
45676,577,561,16
45677,195,188,7
45678,305,302,3
45679,322,313,9
45680,90,90,0
45681,199,197,2
45682,507,504,3
45683,169,168,1
45684,245,237,8
45685,66,62,4
45686,748,709,39
45687,874,835,39
45688,175,175,0
45689,145,138,7
45690,117,115,2
45691,154,154,0
45692,33,33,0
45693,104,100,4
45694,393,382,11
45695,200,195,5
45696,52,52,0
45697,347,333,14
45698,120,119,1
45699,239,237,2
45700,460,454,6
45701,540,534,6
45702,209,203,6
45703,397,392,5
45704,489,488,1
45705,171,164,7
45706,104,97,7
45707,122,117,5
45708,91,88,3
45709,919,905,14
45710,367,366,1
45711,152,151,1
45712,138,133,5
45713,119,118,1
45714,161,161,0
45715,302,297,5
45716,170,169,1
45717,156,154,2
45718,89,87,2
45719,290,287,3
45720,155,152,3
45721,122,121,1
45722,141,139,2
45723,107,106,1
45724,68,67,1
45725,193,191,2
45726,137,133,4
45727,160,155,5
45728,316,305,11
45729,740,729,11
45730,338,334,4
45731,174,172,2
45732,203,195,8
45733,87,84,3
45734,69,68,1
45735,485,474,11
45736,311,308,3
45737,407,397,10
45738,206,206,0
45739,476,461,15
45740,183,182,1
45741,113,113,0
45742,140,137,3
45743,116,112,4
45744,404,395,9
45745,123,121,2
45746,244,243,1
45747,438,417,21
45748,225,223,2
45749,377,376,1
45750,724,716,8
45751,137,136,1
45752,160,160,0
45753,191,189,2
45754,935,926,9
45755,154,153,1
45756,181,178,3
45757,174,169,5
45758,289,275,14
45759,566,564,2
45760,652,643,9
45761,68,66,2
45762,181,181,0
45763,96,92,4
45764,228,222,6
45765,145,145,0
45766,162,159,3
45767,377,370,7
45768,156,155,1
45769,209,209,0
45770,119,116,3
45771,435,420,15
45772,74,71,3
45773,90,87,3
45774,123,119,4
45775,143,138,5
45776,176,173,3
45777,55,55,0
45778,158,150,8
45779,190,180,10
45780,140,137,3
45781,191,178,13
45782,306,294,12
45783,354,343,11
45784,194,190,4
45785,207,200,7
45786,151,136,15
45787,107,104,3
45788,314,313,1
45789,174,165,9
45790,225,217,8
45791,127,124,3
45792,127,127,0
45793,153,148,5
45794,98,95,3
45795,158,157,1
45796,132,130,2
45797,270,268,2
45798,125,123,2
45799,148,143,5
45800,221,216,5
45801,345,342,3
45802,191,188,3
45803,181,176,5
45804,371,368,3
45805,146,142,4
45806,346,337,9
45807,216,215,1
45808,248,244,4
45809,188,184,4
45810,176,168,8
45811,46,46,0
45812,163,162,1
45813,154,154,0
45814,250,247,3
45815,142,138,4
45816,140,136,4
45817,129,126,3
45818,137,137,0
45819,125,123,2
45820,151,149,2
45821,992,980,12
45822,151,149,2
45823,271,267,4
45824,259,253,6
45825,225,220,5
45826,610,607,3
45827,290,288,2
45828,200,196,4
45829,125,122,3
45830,148,147,1
45831,802,788,14
45832,310,304,6
45833,579,559,20
45834,59,58,1
45835,120,117,3
45836,155,152,3
45837,173,165,8
45838,387,378,9
45839,229,224,5
45840,261,252,9
45841,612,610,2
45842,492,480,12
45843,274,272,2
45844,184,181,3
45845,341,330,11
45846,336,322,14
45847,143,142,1
45848,75,71,4
45849,173,167,6
45850,169,155,14
45851,141,141,0
45852,201,197,4
45853,114,112,2
45854,395,392,3
45855,469,461,8
45856,128,126,2
45857,205,199,6
45858,460,446,14
45859,143,135,8
45860,288,282,6
45861,188,178,10
45862,548,543,5
45863,128,124,4
45864,189,188,1
45865,137,133,4
45866,177,174,3
45867,93,93,0
45868,146,136,10
45869,106,101,5
45870,112,109,3
45871,197,195,2
45872,161,160,1
45873,103,101,2
45874,299,296,3
45875,48,48,0
45876,130,121,9
45877,96,95,1
45878,340,327,13
45879,144,138,6
45880,84,83,1
45881,104,104,0
45882,50,49,1
45883,168,163,5
45884,84,82,2
45885,123,120,3
45886,104,103,1
45887,185,179,6
45888,111,110,1
45889,132,130,2
45890,158,155,3
45891,332,327,5
45892,180,179,1
45893,292,292,0
45894,49,44,5
45895,407,406,1
45896,79,77,2
45897,382,381,1
45898,380,373,7
45899,434,425,9
45900,188,184,4
45901,126,125,1
45902,170,168,2
45903,207,204,3
45904,214,208,6
45905,208,203,5
45906,76,76,0
45907,251,251,0
45908,123,121,2
45909,274,266,8
45910,261,258,3
45911,921,892,29
45912,614,588,26
45913,196,186,10
45914,238,233,5
45915,271,268,3
45916,454,448,6
45917,168,162,6
45918,169,167,2
45919,319,306,13
45920,69,68,1
45921,211,205,6
45922,136,136,0
45923,701,672,29
45924,425,419,6
45925,555,533,22
45926,285,275,10
45927,89,88,1
45928,150,146,4
45929,28,28,0
45930,48,48,0
45931,111,104,7
45932,116,116,0
45933,122,122,0
45934,46,45,1
45935,119,118,1
45936,227,227,0
45937,579,562,17
45938,50,50,0
45939,149,148,1
45940,110,107,3
45941,53,52,1
45942,193,190,3
45943,346,344,2
45944,222,218,4
45945,256,254,2
45946,137,137,0
45947,556,547,9
45948,758,751,7
45949,170,164,6
45950,206,203,3
45951,212,205,7
45952,336,327,9
45953,114,113,1
45954,674,664,10
45955,761,720,41
45956,341,337,4
45957,125,124,1
45958,226,224,2
45959,46,45,1
45960,162,160,2
45961,126,118,8
45962,564,558,6
45963,102,102,0
45964,131,128,3
45965,126,124,2
45966,210,209,1
45967,154,154,0
45968,677,674,3
45969,210,209,1
45970,127,126,1
45971,375,359,16
45972,280,277,3
45973,168,162,6
45974,776,770,6
45975,111,107,4
45976,525,520,5
45977,279,275,4
45978,227,225,2
45979,154,153,1
45980,141,139,2
45981,179,178,1
45982,125,117,8
45983,237,232,5
45984,132,128,4
45985,106,102,4
45986,121,120,1
45987,169,167,2
45988,228,228,0
45989,126,125,1
45990,231,229,2
45991,211,208,3
45992,124,122,2
45993,207,194,13
45994,48,48,0
45995,372,369,3
45996,196,194,2
45997,189,188,1
45998,176,175,1
45999,74,71,3
46000,311,311,0
46001,111,108,3
46002,167,167,0
46003,129,127,2
46004,134,133,1
46005,463,454,9
46006,465,459,6
46007,134,132,2
46008,347,346,1
46009,221,217,4
46010,135,134,1
46011,400,390,10
46012,607,601,6
46013,424,417,7
46014,160,158,2
46015,713,704,9
46016,233,233,0
46017,424,414,10
46018,125,125,0
46019,218,213,5
46020,158,156,2
46021,377,372,5
46022,122,119,3
46023,151,150,1
46024,133,130,3
46025,113,110,3
46026,175,174,1
46027,91,90,1
46028,523,512,11
46029,141,141,0
46030,173,169,4
46031,458,451,7
46032,157,155,2
46033,173,169,4
46034,207,206,1
46035,158,156,2
46036,228,220,8
46037,295,287,8
46038,208,207,1
46039,148,146,2
46040,100,98,2
46041,328,318,10
46042,145,144,1
46043,75,73,2
46044,122,122,0
46045,423,419,4
46046,209,208,1
46047,288,287,1
46048,513,493,20
46049,109,106,3
46050,105,100,5
46051,171,167,4
46052,381,368,13
46053,208,203,5
46054,172,162,10
46055,115,110,5
46056,127,125,2
46057,289,285,4
46058,100,100,0
46059,118,114,4
46060,349,342,7
46061,781,775,6
46062,206,204,2
46063,170,168,2
46064,175,175,0
46065,121,120,1
46066,130,130,0
46067,132,131,1
46068,154,150,4
46069,285,276,9
46070,154,152,2
46071,196,194,2
46072,110,110,0
46073,186,184,2
46074,112,112,0
46075,66,66,0
46076,87,81,6
46077,339,334,5
46078,114,113,1
46079,168,166,2
46080,72,71,1
46081,106,102,4
46082,132,130,2
46083,144,144,0
46084,182,179,3
46085,45,44,1
46086,44,44,0
46087,96,93,3
46088,174,169,5
46089,111,111,0
46090,113,113,0
46091,458,452,6
46092,642,636,6
46093,112,109,3
46094,177,172,5
46095,121,115,6
46096,385,384,1
46097,109,106,3
46098,136,133,3
46099,139,135,4
46100,41,40,1
46101,101,100,1
46102,366,358,8
46103,100,97,3
46104,212,211,1
46105,194,189,5
46106,243,242,1
46107,122,121,1
46108,128,123,5
46109,55,53,2
46110,75,74,1
46111,128,126,2
46112,147,145,2
46113,138,137,1
46114,147,135,12
46115,59,56,3
46116,256,251,5
46117,578,562,16
46118,179,176,3
46119,181,181,0
46120,156,155,1
46121,101,101,0
46122,158,157,1
46123,436,429,7
46124,141,137,4
46125,123,122,1
46126,222,218,4
46127,215,212,3
46128,470,463,7
46129,108,106,2
46130,141,139,2
46131,114,113,1
46132,202,199,3
46133,180,178,2
46134,83,83,0
46135,104,103,1
46136,88,86,2
46137,212,210,2
46138,132,130,2
46139,313,307,6
46140,266,263,3
46141,208,208,0
46142,136,132,4
46143,236,230,6
46144,106,104,2
46145,130,128,2
46146,157,154,3
46147,123,122,1
46148,125,124,1
46149,171,169,2
46150,498,487,11
46151,166,163,3
46152,160,156,4
46153,135,132,3
46154,170,158,12
46155,212,203,9
46156,630,606,24
46157,411,389,22
46158,153,151,2
46159,403,393,10
46160,87,87,0
46161,221,215,6
46162,86,86,0
46163,50,44,6
46164,98,96,2
46165,122,121,1
46166,388,382,6
46167,125,124,1
46168,88,86,2
46169,82,78,4
46170,77,76,1
46171,252,252,0
46172,195,193,2
46173,507,499,8
46174,411,391,20
46175,156,156,0
46176,208,206,2
46177,54,54,0
46178,203,199,4
46179,226,223,3
46180,361,348,13
46181,127,126,1
46182,110,110,0
46183,171,169,2
46184,313,312,1
46185,256,254,2
46186,208,201,7
46187,324,318,6
46188,78,73,5
46189,674,659,15
46190,173,167,6
46191,356,345,11
46192,846,814,32
46193,312,303,9
46194,459,446,13
46195,300,294,6
46196,196,192,4
46197,128,126,2
46198,218,213,5
46199,123,121,2
46200,331,329,2
46201,126,123,3
46202,270,267,3
46203,843,831,12
46204,123,122,1
46205,368,366,2
46206,483,479,4
46207,164,162,2
46208,390,384,6
46209,168,165,3
46210,138,137,1
46211,134,131,3
46212,131,131,0
46213,150,149,1
46214,321,315,6
46215,141,140,1
46216,475,471,4
46217,176,176,0
46218,123,123,0
46219,481,475,6
46220,128,127,1
46221,158,154,4
46222,121,118,3
46223,565,559,6
46224,249,242,7
46225,115,111,4
46226,184,177,7
46227,63,62,1
46228,56,55,1
46229,223,222,1
46230,273,268,5
46231,135,135,0
46232,133,127,6
46233,176,172,4
46234,338,326,12
46235,123,122,1
46236,319,314,5
46237,116,113,3
46238,154,146,8
46239,131,128,3
46240,56,54,2
46241,76,74,2
46242,148,144,4
46243,227,224,3
46244,148,148,0
46245,156,156,0
46246,131,130,1
46247,60,59,1
46248,197,193,4
46249,117,116,1
46250,224,213,11
46251,235,230,5
46252,150,146,4
46253,22,22,0
46254,141,139,2
46255,68,67,1
46256,55,53,2
46257,158,157,1
46258,136,132,4
46259,189,187,2
46260,289,286,3
46261,75,75,0
46262,30,30,0
46263,98,98,0
46264,96,92,4
46265,148,148,0
46266,181,177,4
46267,80,78,2
46268,132,130,2
46269,39,38,1
46270,147,143,4
46271,126,125,1
46272,558,552,6
46273,180,178,2
46274,248,248,0
46275,182,173,9
46276,156,156,0
46277,74,74,0
46278,124,121,3
46279,232,228,4
46280,193,191,2
46281,135,133,2
46282,81,81,0
46283,105,105,0
46284,218,209,9
46285,178,177,1
46286,262,255,7
46287,131,130,1
46288,141,140,1
46289,284,276,8
46290,141,140,1
46291,179,173,6
46292,237,234,3
46293,232,225,7
46294,143,141,2
46295,121,121,0
46296,221,215,6
46297,110,106,4
46298,660,649,11
46299,357,343,14
46300,192,188,4
46301,160,158,2
46302,184,172,12
46303,138,135,3
46304,174,170,4
46305,281,276,5
46306,575,563,12
46307,822,802,20
46308,281,277,4
46309,370,363,7
46310,125,120,5
46311,125,120,5
46312,169,166,3
46313,150,148,2
46314,200,199,1
46315,223,216,7
46316,149,146,3
46317,132,127,5
46318,184,181,3
46319,128,121,7
46320,742,734,8
46321,145,143,2
46322,115,112,3
46323,153,152,1
46324,125,125,0
46325,238,235,3
46326,329,328,1
46327,77,76,1
46328,217,213,4
46329,173,173,0
46330,130,127,3
46331,219,215,4
46332,52,51,1
46333,167,165,2
46334,754,743,11
46335,288,285,3
46336,159,157,2
46337,180,180,0
46338,377,365,12
46339,375,368,7
46340,496,486,10
46341,305,298,7
46342,458,454,4
46343,213,206,7
46344,120,119,1
46345,145,145,0
46346,149,149,0
46347,140,139,1
46348,144,140,4
46349,122,121,1
46350,158,155,3
46351,121,120,1
46352,243,238,5
46353,60,60,0
46354,152,146,6
46355,237,237,0
46356,65,65,0
46357,53,53,0
46358,53,52,1
46359,124,124,0
46360,76,76,0
46361,39,38,1
46362,134,130,4
46363,52,52,0
46364,157,157,0
46365,168,160,8
46366,80,77,3
46367,56,56,0
46368,132,130,2
46369,47,46,1
46370,120,118,2
46371,287,285,2
46372,579,566,13
46373,70,67,3
46374,307,298,9
46375,155,155,0
46376,131,128,3
46377,592,582,10
46378,144,142,2
46379,91,88,3
46380,73,73,0
46381,139,139,0
46382,196,194,2
46383,222,220,2
46384,150,148,2
46385,229,228,1
46386,440,432,8
46387,154,152,2
46388,85,85,0
46389,202,199,3
46390,194,192,2
46391,127,127,0
46392,109,107,2
46393,269,264,5
46394,186,185,1
46395,113,110,3
46396,159,157,2
46397,228,224,4
46398,440,432,8
46399,219,217,2
46400,112,108,4
46401,575,565,10
46402,628,617,11
46403,253,250,3
46404,168,168,0
46405,149,146,3
46406,155,143,12
46407,205,203,2
46408,257,255,2
46409,189,183,6
46410,254,248,6
46411,120,120,0
46412,234,234,0
46413,115,115,0
46414,152,149,3
46415,559,536,23
46416,288,266,22
46417,122,122,0
46418,204,203,1
46419,76,74,2
46420,160,156,4
46421,222,221,1
46422,127,125,2
46423,75,74,1
46424,246,237,9
46425,122,118,4
46426,61,61,0
46427,187,186,1
46428,96,96,0
46429,127,123,4
46430,277,273,4
46431,157,154,3
46432,115,111,4
46433,366,362,4
46434,117,116,1
46435,119,118,1
46436,111,110,1
46437,305,296,9
46438,149,146,3
46439,119,118,1
46440,224,219,5
46441,135,132,3
46442,284,279,5
46443,576,568,8
46444,177,170,7
46445,226,222,4
46446,134,133,1
46447,122,118,4
46448,140,137,3
46449,164,160,4
46450,325,310,15
46451,207,205,2
46452,188,186,2
46453,323,310,13
46454,151,150,1
46455,250,247,3
46456,284,279,5
46457,231,229,2
46458,105,105,0
46459,172,171,1
46460,229,226,3
46461,126,123,3
46462,112,109,3
46463,111,111,0
46464,146,145,1
46465,228,228,0
46466,132,128,4
46467,117,115,2
46468,93,91,2
46469,121,120,1
46470,138,133,5
46471,124,121,3
46472,357,350,7
46473,113,106,7
46474,216,213,3
46475,290,288,2
46476,196,196,0
46477,121,118,3
46478,201,198,3
46479,59,58,1
46480,178,178,0
46481,266,262,4
46482,698,684,14
46483,154,151,3
46484,411,406,5
46485,382,373,9
46486,130,127,3
46487,246,245,1
46488,62,61,1
46489,897,880,17
46490,77,73,4
46491,249,247,2
46492,253,227,26
46493,82,80,2
46494,63,60,3
46495,358,352,6
46496,224,219,5
46497,135,134,1
46498,131,127,4
46499,6,6,0
46500,330,315,15
46501,127,126,1
46502,258,254,4
46503,44,39,5
46504,132,129,3
46505,387,378,9
46506,95,91,4
46507,106,102,4
46508,384,373,11
46509,1024,1007,17
46510,117,115,2
46511,62,62,0
46512,119,118,1
46513,473,462,11
46514,131,129,2
46515,130,127,3
46516,159,158,1
46517,222,217,5
46518,142,141,1
46519,387,378,9
46520,49,49,0
46521,129,125,4
46522,113,108,5
46523,129,125,4
46524,244,242,2
46525,157,156,1
46526,164,163,1
46527,914,897,17
46528,198,189,9
46529,189,186,3
46530,625,614,11
46531,185,180,5
46532,295,286,9
46533,289,281,8
46534,130,129,1
46535,281,281,0
46536,113,113,0
46537,134,133,1
46538,88,87,1
46539,252,248,4
46540,116,114,2
46541,174,171,3
46542,422,414,8
46543,124,121,3
46544,58,58,0
46545,214,214,0
46546,65,64,1
46547,139,136,3
46548,164,160,4
46549,225,222,3
46550,597,588,9
46551,184,176,8
46552,138,138,0
46553,115,115,0
46554,165,157,8
46555,290,281,9
46556,150,150,0
46557,164,161,3
46558,161,160,1
46559,120,117,3
46560,269,266,3
46561,104,104,0
46562,233,227,6
46563,461,450,11
46564,424,420,4
46565,328,320,8
46566,288,280,8
46567,161,160,1
46568,181,180,1
46569,223,209,14
46570,104,102,2
46571,117,116,1
46572,536,505,31
46573,218,211,7
46574,225,205,20
46575,188,186,2
46576,96,94,2
46577,54,53,1
46578,418,412,6
46579,297,290,7
46580,290,287,3
46581,359,349,10
46582,221,219,2
46583,419,413,6
46584,586,573,13
46585,340,334,6
46586,434,428,6
46587,195,191,4
46588,102,101,1
46589,57,57,0
46590,359,353,6
46591,243,231,12
46592,144,141,3
46593,436,431,5
46594,286,281,5
46595,261,260,1
46596,130,130,0
46597,129,128,1
46598,818,794,24
46599,150,147,3
46600,154,152,2
46601,202,192,10
46602,266,255,11
46603,444,419,25
46604,141,140,1
46605,112,111,1
46606,126,124,2
46607,42,41,1
46608,168,168,0
46609,310,310,0
46610,282,279,3
46611,193,192,1
46612,116,113,3
46613,191,191,0
46614,127,126,1
46615,143,140,3
46616,290,287,3
46617,153,150,3
46618,119,115,4
46619,201,201,0
46620,75,74,1
46621,156,156,0
46622,772,761,11
46623,210,209,1
46624,210,207,3
46625,172,167,5
46626,318,316,2
46627,459,457,2
46628,389,383,6
46629,256,252,4
46630,126,122,4
46631,267,264,3
46632,419,408,11
46633,287,279,8
46634,693,688,5
46635,328,293,35
46636,377,373,4
46637,995,987,8
46638,374,368,6
46639,545,532,13
46640,174,170,4
46641,188,186,2
46642,57,57,0
46643,135,134,1
46644,155,152,3
46645,140,140,0
46646,601,592,9
46647,157,155,2
46648,120,118,2
46649,331,326,5
46650,80,78,2
46651,160,159,1
46652,85,85,0
46653,234,234,0
46654,139,138,1
46655,122,120,2
46656,202,201,1
46657,136,135,1
46658,176,172,4
46659,173,169,4
46660,145,141,4
46661,309,305,4
46662,552,534,18
46663,418,403,15
46664,157,149,8
46665,292,283,9
46666,327,318,9
46667,83,82,1
46668,55,53,2
46669,176,173,3
46670,88,86,2
46671,128,127,1
46672,129,129,0
46673,277,273,4
46674,40,39,1
46675,133,132,1
46676,135,132,3
46677,405,397,8
46678,476,470,6
46679,52,52,0
46680,143,138,5
46681,106,105,1
46682,249,245,4
46683,79,77,2
46684,103,103,0
46685,161,159,2
46686,410,404,6
46687,131,130,1
46688,259,255,4
46689,167,163,4
46690,149,146,3
46691,374,367,7
46692,161,159,2
46693,71,69,2
46694,457,443,14
46695,132,130,2
46696,99,96,3
46697,96,96,0
46698,126,125,1
46699,162,161,1
46700,128,128,0
46701,294,290,4
46702,191,189,2
46703,119,112,7
46704,422,411,11
46705,9,9,0
46706,82,81,1
46707,411,405,6
46708,199,195,4
46709,134,126,8
46710,34,34,0
46711,662,633,29
46712,180,177,3
46713,101,90,11
46714,127,123,4
46715,197,191,6
46716,76,64,12
46717,228,225,3
46718,499,492,7
46719,174,167,7
46720,465,455,10
46721,98,96,2
46722,210,205,5
46723,254,249,5
46724,328,317,11
46725,127,124,3
46726,160,159,1
46727,119,115,4
46728,147,141,6
46729,327,316,11
46730,124,121,3
46731,904,874,30
46732,143,143,0
46733,98,98,0
46734,204,200,4
46735,342,330,12
46736,1021,990,31
46737,195,191,4
46738,176,167,9
46739,179,178,1
46740,239,231,8
46741,133,125,8
46742,99,96,3
46743,170,165,5
46744,171,169,2
46745,208,203,5
46746,172,167,5
46747,263,261,2
46748,172,168,4
46749,193,191,2
46750,236,231,5
46751,401,395,6
46752,119,117,2
46753,168,167,1
46754,344,340,4
46755,173,168,5
46756,232,222,10
46757,191,188,3
46758,273,269,4
46759,424,410,14
46760,213,208,5
46761,43,41,2
46762,402,395,7
46763,199,189,10
46764,163,161,2
46765,110,110,0
46766,314,307,7
46767,455,436,19
46768,691,666,25
46769,150,149,1
46770,58,58,0
46771,175,175,0
46772,192,189,3
46773,112,111,1
46774,67,67,0
46775,67,66,1
46776,363,361,2
46777,606,584,22
46778,132,132,0
46779,82,80,2
46780,132,132,0
46781,116,114,2
46782,126,125,1
46783,107,106,1
46784,399,393,6
46785,169,167,2
46786,255,247,8
46787,144,144,0
46788,899,886,13
46789,210,210,0
46790,157,153,4
46791,56,53,3
46792,164,164,0
46793,464,460,4
46794,130,129,1
46795,228,222,6
46796,194,193,1
46797,130,127,3
46798,246,245,1
46799,134,131,3
46800,211,210,1
46801,203,201,2
46802,288,287,1
46803,160,158,2
46804,223,219,4
46805,376,374,2
46806,462,457,5
46807,122,120,2
46808,274,272,2
46809,180,178,2
46810,194,173,21
46811,164,159,5
46812,129,128,1
46813,352,348,4
46814,316,310,6
46815,542,532,10
46816,347,343,4
46817,406,395,11
46818,357,343,14
46819,130,129,1
46820,185,183,2
46821,117,115,2
46822,229,219,10
46823,267,263,4
46824,784,766,18
46825,47,45,2
46826,118,117,1
46827,151,148,3
46828,131,130,1
46829,231,230,1
46830,157,156,1
46831,248,245,3
46832,281,276,5
46833,105,103,2
46834,204,200,4
46835,197,194,3
46836,144,142,2
46837,125,124,1
46838,146,141,5
46839,96,96,0
46840,338,336,2
46841,165,159,6
46842,417,405,12
46843,167,162,5
46844,198,198,0
46845,127,124,3
46846,137,137,0
46847,126,124,2
46848,252,244,8
46849,137,134,3
46850,454,454,0
46851,148,138,10
46852,130,127,3
46853,225,216,9
46854,113,110,3
46855,43,42,1
46856,525,513,12
46857,142,141,1
46858,122,120,2
46859,130,128,2
46860,207,201,6
46861,376,368,8
46862,162,160,2
46863,212,212,0
46864,128,123,5
46865,68,68,0
46866,201,199,2
46867,324,313,11
46868,100,95,5
46869,53,53,0
46870,87,87,0
46871,201,198,3
46872,112,110,2
46873,134,134,0
46874,186,183,3
46875,105,105,0
46876,130,130,0
46877,240,235,5
46878,216,212,4
46879,350,340,10
46880,156,153,3
46881,152,146,6
46882,144,144,0
46883,311,310,1
46884,145,143,2
46885,124,123,1
46886,268,249,19
46887,111,109,2
46888,638,622,16
46889,85,85,0
46890,137,131,6
46891,127,124,3
46892,112,111,1
46893,131,127,4
46894,144,143,1
46895,232,228,4
46896,321,315,6
46897,221,215,6
46898,655,637,18
46899,231,227,4
46900,221,212,9
46901,312,305,7
46902,250,239,11
46903,133,130,3
46904,193,188,5
46905,139,136,3
46906,969,950,19
46907,515,510,5
46908,541,538,3
46909,662,652,10
46910,237,233,4
46911,128,116,12
46912,167,165,2
46913,179,174,5
46914,452,441,11
46915,161,161,0
46916,56,55,1
46917,160,157,3
46918,151,140,11
46919,242,236,6
46920,360,352,8
46921,167,163,4
46922,168,168,0
46923,233,231,2
46924,378,367,11
46925,143,141,2
46926,241,238,3
46927,467,449,18
46928,141,140,1
46929,137,137,0
46930,147,147,0
46931,153,150,3
46932,198,196,2
46933,524,515,9
46934,130,130,0
46935,559,547,12
46936,115,114,1
46937,147,142,5
46938,128,126,2
46939,197,195,2
46940,782,770,12
46941,161,154,7
46942,371,362,9
46943,1033,1012,21
46944,72,72,0
46945,588,579,9
46946,345,341,4
46947,166,165,1
46948,114,113,1
46949,621,607,14
46950,123,121,2
46951,222,220,2
46952,201,198,3
46953,340,332,8
46954,127,120,7
46955,185,185,0
46956,601,581,20
46957,86,82,4
46958,114,112,2
46959,550,544,6
46960,791,780,11
46961,124,121,3
46962,164,161,3
46963,122,122,0
46964,114,108,6
46965,119,117,2
46966,260,249,11
46967,115,110,5
46968,111,110,1
46969,413,403,10
46970,193,188,5
46971,146,145,1
46972,155,154,1
46973,349,347,2
46974,287,286,1
46975,172,166,6
46976,262,253,9
46977,362,356,6
46978,103,102,1
46979,173,168,5
46980,481,481,0
46981,235,231,4
46982,136,134,2
46983,202,198,4
46984,145,143,2
46985,176,175,1
46986,324,323,1
46987,355,350,5
46988,300,299,1
46989,262,259,3
46990,340,332,8
46991,157,154,3
46992,170,168,2
46993,140,134,6
46994,151,149,2
46995,150,143,7
46996,153,153,0
46997,315,307,8
46998,377,371,6
46999,368,357,11
47000,288,284,4
47001,256,256,0
47002,209,209,0
47003,114,114,0
47004,223,218,5
47005,192,187,5
47006,108,107,1
47007,90,89,1
47008,135,133,2
47009,814,779,35
47010,130,129,1
47011,166,163,3
47012,101,99,2
47013,79,79,0
47014,383,376,7
47015,155,149,6
47016,360,352,8
47017,559,544,15
47018,151,148,3
47019,149,149,0
47020,246,242,4
47021,156,144,12
47022,127,124,3
47023,255,246,9
47024,120,119,1
47025,123,122,1
47026,132,131,1
47027,103,103,0
47028,191,186,5
47029,77,77,0
47030,73,72,1
47031,371,369,2
47032,367,360,7
47033,131,126,5
47034,108,104,4
47035,563,548,15
47036,141,137,4
47037,125,123,2
47038,145,138,7
47039,664,657,7
47040,102,101,1
47041,99,95,4
47042,133,129,4
47043,285,281,4
47044,138,134,4
47045,123,120,3
47046,126,123,3
47047,136,134,2
47048,213,211,2
47049,294,293,1
47050,296,293,3
47051,197,194,3
47052,160,156,4
47053,180,180,0
47054,263,252,11
47055,193,186,7
47056,152,146,6
47057,182,178,4
47058,1021,1002,19
47059,125,123,2
47060,328,321,7
47061,323,309,14
47062,189,182,7
47063,208,201,7
47064,190,186,4
47065,67,67,0
47066,1008,991,17
47067,97,94,3
47068,259,253,6
47069,207,202,5
47070,112,111,1
47071,243,228,15
47072,123,121,2
47073,314,308,6
47074,288,285,3
47075,1021,992,29
47076,164,160,4
47077,141,140,1
47078,133,129,4
47079,245,243,2
47080,245,241,4
47081,205,204,1
47082,457,441,16
47083,279,276,3
47084,155,152,3
47085,237,235,2
47086,79,76,3
47087,325,320,5
47088,264,262,2
47089,159,156,3
47090,230,228,2
47091,232,230,2
47092,148,146,2
47093,154,153,1
47094,158,156,2
47095,120,120,0
47096,51,50,1
47097,78,76,2
47098,371,356,15
47099,96,90,6
47100,109,108,1
47101,169,158,11
47102,255,251,4
47103,742,730,12
47104,536,518,18
47105,233,231,2
47106,312,300,12
47107,372,368,4
47108,141,138,3
47109,164,161,3
47110,421,411,10
47111,188,181,7
47112,304,298,6
47113,292,289,3
47114,550,538,12
47115,122,120,2
47116,157,157,0
47117,228,226,2
47118,425,418,7
47119,463,461,2
47120,470,462,8
47121,126,125,1
47122,206,204,2
47123,73,71,2
47124,288,285,3
47125,249,247,2
47126,322,317,5
47127,162,161,1
47128,206,203,3
47129,109,108,1
47130,152,152,0
47131,339,335,4
47132,133,132,1
47133,367,363,4
47134,169,165,4
47135,257,251,6
47136,169,166,3
47137,766,748,18
47138,278,268,10
47139,45,45,0
47140,67,66,1
47141,157,156,1
47142,259,256,3
47143,121,119,2
47144,137,135,2
47145,116,110,6
47146,133,132,1
47147,130,129,1
47148,144,141,3
47149,560,548,12
47150,142,141,1
47151,131,125,6
47152,308,299,9
47153,261,248,13
47154,165,163,2
47155,300,294,6
47156,423,404,19
47157,210,203,7
47158,162,158,4
47159,382,375,7
47160,156,155,1
47161,223,219,4
47162,1021,1012,9
47163,414,399,15
47164,602,596,6
47165,141,139,2
47166,148,148,0
47167,104,103,1
47168,103,102,1
47169,185,181,4
47170,149,149,0
47171,140,137,3
47172,471,463,8
47173,135,131,4
47174,85,82,3
47175,266,264,2
47176,223,220,3
47177,91,89,2
47178,183,180,3
47179,85,80,5
47180,105,103,2
47181,115,114,1
47182,115,112,3
47183,194,180,14
47184,109,108,1
47185,79,79,0
47186,136,133,3
47187,144,143,1
47188,199,194,5
47189,193,191,2
47190,134,132,2
47191,175,170,5
47192,184,181,3
47193,298,294,4
47194,447,440,7
47195,385,378,7
47196,362,354,8
47197,141,140,1
47198,174,166,8
47199,116,114,2
47200,124,122,2
47201,173,171,2
47202,206,205,1
47203,117,115,2
47204,665,641,24
47205,267,264,3
47206,140,139,1
47207,269,251,18
47208,128,127,1
47209,401,383,18
47210,327,324,3
47211,202,202,0
47212,140,140,0
47213,376,370,6
47214,153,150,3
47215,155,154,1
47216,82,80,2
47217,43,42,1
47218,267,260,7
47219,129,128,1
47220,609,600,9
47221,156,153,3
47222,220,213,7
47223,236,235,1
47224,179,170,9
47225,137,130,7
47226,447,445,2
47227,170,164,6
47228,206,205,1
47229,413,402,11
47230,178,176,2
47231,215,214,1
47232,149,145,4
47233,145,141,4
47234,240,238,2
47235,214,212,2
47236,551,541,10
47237,151,149,2
47238,716,701,15
47239,125,121,4
47240,132,129,3
47241,834,817,17
47242,543,535,8
47243,224,219,5
47244,56,54,2
47245,222,214,8
47246,172,167,5
47247,128,124,4
47248,161,159,2
47249,627,606,21
47250,400,385,15
47251,664,638,26
47252,650,643,7
47253,133,133,0
47254,136,130,6
47255,61,60,1
47256,135,132,3
47257,109,109,0
47258,268,259,9
47259,242,237,5
47260,287,283,4
47261,83,82,1
47262,489,473,16
47263,209,201,8
47264,236,233,3
47265,166,160,6
47266,108,106,2
47267,217,210,7
47268,104,104,0
47269,58,58,0
47270,191,188,3
47271,673,659,14
47272,182,180,2
47273,245,243,2
47274,96,94,2
47275,240,235,5
47276,156,154,2
47277,151,148,3
47278,126,126,0
47279,489,476,13
47280,205,199,6
47281,98,94,4
47282,128,126,2
47283,124,123,1
47284,488,486,2
47285,53,52,1
47286,50,50,0
47287,60,58,2
47288,107,99,8
47289,100,100,0
47290,367,357,10
47291,275,273,2
47292,346,346,0
47293,129,121,8
47294,192,191,1
47295,194,194,0
47296,278,273,5
47297,207,202,5
47298,225,220,5
47299,212,208,4
47300,75,73,2
47301,159,158,1
47302,206,195,11
47303,776,759,17
47304,157,155,2
47305,112,111,1
47306,119,117,2
47307,139,138,1
47308,150,147,3
47309,54,54,0
47310,138,135,3
47311,65,65,0
47312,136,131,5
47313,154,153,1
47314,432,421,11
47315,462,458,4
47316,617,600,17
47317,217,203,14
47318,380,375,5
47319,348,347,1
47320,195,191,4
47321,148,146,2
47322,68,68,0
47323,294,294,0
47324,163,155,8
47325,315,305,10
47326,126,120,6
47327,292,286,6
47328,321,318,3
47329,134,132,2
47330,376,367,9
47331,387,385,2
47332,193,186,7
47333,222,216,6
47334,161,158,3
47335,276,273,3
47336,233,233,0
47337,261,259,2
47338,134,133,1
47339,142,141,1
47340,223,219,4
47341,213,210,3
47342,51,51,0
47343,89,83,6
47344,205,205,0
47345,241,235,6
47346,400,390,10
47347,120,118,2
47348,156,151,5
47349,131,128,3
47350,109,106,3
47351,223,216,7
47352,441,425,16
47353,133,132,1
47354,160,158,2
47355,619,603,16
47356,124,120,4
47357,289,284,5
47358,410,401,9
47359,445,441,4
47360,152,152,0
47361,40,40,0
47362,205,198,7
47363,31,29,2
47364,72,68,4
47365,114,110,4
47366,62,60,2
47367,188,184,4
47368,68,68,0
47369,186,181,5
47370,671,656,15
47371,352,344,8
47372,113,111,2
47373,456,443,13
47374,249,244,5
47375,152,147,5
47376,92,87,5
47377,226,222,4
47378,898,863,35
47379,357,347,10
47380,715,710,5
47381,280,279,1
47382,138,137,1
47383,168,167,1
47384,130,128,2
47385,114,112,2
47386,178,178,0
47387,156,155,1
47388,273,270,3
47389,212,211,1
47390,110,108,2
47391,241,239,2
47392,146,143,3
47393,215,215,0
47394,168,165,3
47395,128,127,1
47396,177,172,5
47397,95,91,4
47398,180,174,6
47399,128,126,2
47400,242,239,3
47401,139,135,4
47402,227,224,3
47403,46,44,2
47404,120,117,3
47405,957,940,17
47406,241,240,1
47407,452,443,9
47408,195,193,2
47409,259,254,5
47410,403,396,7
47411,427,407,20
47412,260,259,1
47413,274,259,15
47414,321,309,12
47415,1013,990,23
47416,413,408,5
47417,157,156,1
47418,105,103,2
47419,400,384,16
47420,135,134,1
47421,255,251,4
47422,68,63,5
47423,181,177,4
47424,116,114,2
47425,157,156,1
47426,526,525,1
47427,125,124,1
47428,54,54,0
47429,297,291,6
47430,151,145,6
47431,197,196,1
47432,418,413,5
47433,333,326,7
47434,143,140,3
47435,229,222,7
47436,125,123,2
47437,410,405,5
47438,763,740,23
47439,138,137,1
47440,178,176,2
47441,439,427,12
47442,159,156,3
47443,56,53,3
47444,126,126,0
47445,276,270,6
47446,523,506,17
47447,233,219,14
47448,318,314,4
47449,231,228,3
47450,469,467,2
47451,499,492,7
47452,152,149,3
47453,228,227,1
47454,144,142,2
47455,215,215,0
47456,152,150,2
47457,542,532,10
47458,186,183,3
47459,204,200,4
47460,266,261,5
47461,201,199,2
47462,124,118,6
47463,188,185,3
47464,133,132,1
47465,187,186,1
47466,134,133,1
47467,125,125,0
47468,130,127,3
47469,163,162,1
47470,988,977,11
47471,335,330,5
47472,322,312,10
47473,453,434,19
47474,370,367,3
47475,255,251,4
47476,246,245,1
47477,255,249,6
47478,198,198,0
47479,142,141,1
47480,354,345,9
47481,1012,999,13
47482,113,109,4
47483,158,153,5
47484,159,156,3
47485,327,325,2
47486,111,110,1
47487,169,160,9
47488,115,115,0
47489,226,223,3
47490,282,280,2
47491,129,129,0
47492,214,210,4
47493,219,209,10
47494,52,51,1
47495,702,689,13
47496,88,87,1
47497,213,208,5
47498,74,72,2
47499,135,133,2
47500,285,281,4
47501,93,91,2
47502,721,713,8
47503,590,587,3
47504,140,140,0
47505,197,195,2
47506,96,94,2
47507,272,269,3
47508,34,34,0
47509,116,113,3
47510,234,233,1
47511,297,292,5
47512,131,129,2
47513,252,250,2
47514,165,162,3
47515,304,295,9
47516,100,95,5
47517,169,167,2
47518,179,177,2
47519,308,298,10
47520,138,136,2
47521,363,357,6
47522,281,272,9
47523,147,144,3
47524,133,131,2
47525,134,130,4
47526,269,266,3
47527,356,348,8
47528,160,153,7
47529,105,101,4
47530,197,194,3
47531,146,140,6
47532,84,84,0
47533,176,175,1
47534,328,325,3
47535,115,114,1
47536,220,217,3
47537,160,159,1
47538,293,289,4
47539,110,107,3
47540,136,132,4
47541,271,262,9
47542,177,168,9
47543,340,332,8
47544,345,341,4
47545,501,492,9
47546,488,474,14
47547,167,165,2
47548,129,127,2
47549,153,148,5
47550,46,46,0
47551,81,78,3
47552,133,128,5
47553,347,335,12
47554,545,538,7
47555,152,148,4
47556,154,152,2
47557,171,165,6
47558,244,234,10
47559,155,135,20
47560,217,217,0
47561,132,129,3
47562,115,111,4
47563,157,154,3
47564,124,114,10
47565,221,218,3
47566,173,171,2
47567,63,62,1
47568,78,77,1
47569,1041,1013,28
47570,144,143,1
47571,167,166,1
47572,199,197,2
47573,238,234,4
47574,281,279,2
47575,316,314,2
47576,191,185,6
47577,144,143,1
47578,366,360,6
47579,211,209,2
47580,169,168,1
47581,158,158,0
47582,121,121,0
47583,202,196,6
47584,147,147,0
47585,157,155,2
47586,298,296,2
47587,131,127,4
47588,480,469,11
47589,179,176,3
47590,252,251,1
47591,132,130,2
47592,46,44,2
47593,33,33,0
47594,149,147,2
47595,116,112,4
47596,181,178,3
47597,79,78,1
47598,438,431,7
47599,85,82,3
47600,111,110,1
47601,168,166,2
47602,94,94,0
47603,158,149,9
47604,197,196,1
47605,250,245,5
47606,175,172,3
47607,161,149,12
47608,211,198,13
47609,225,221,4
47610,312,301,11
47611,280,266,14
47612,398,388,10
47613,75,74,1
47614,257,255,2
47615,108,107,1
47616,224,213,11
47617,171,164,7
47618,212,207,5
47619,262,244,18
47620,134,130,4
47621,565,549,16
47622,193,186,7
47623,758,749,9
47624,113,113,0
47625,86,83,3
47626,131,130,1
47627,277,277,0
47628,161,160,1
47629,443,440,3
47630,161,161,0
47631,125,124,1
47632,80,79,1
47633,118,115,3
47634,113,113,0
47635,135,134,1
47636,189,186,3
47637,358,356,2
47638,113,87,26
47639,156,151,5
47640,275,272,3
47641,215,210,5
47642,209,206,3
47643,229,229,0
47644,166,163,3
47645,194,193,1
47646,129,128,1
47647,247,246,1
47648,559,553,6
47649,414,411,3
47650,396,369,27
47651,61,60,1
47652,340,329,11
47653,126,125,1
47654,185,183,2
47655,198,196,2
47656,135,134,1
47657,113,109,4
47658,137,136,1
47659,181,179,2
47660,181,180,1
47661,136,136,0
47662,129,127,2
47663,147,143,4
47664,129,128,1
47665,35,35,0
47666,116,115,1
47667,175,172,3
47668,120,119,1
47669,175,172,3
47670,217,214,3
47671,145,142,3
47672,143,140,3
47673,162,155,7
47674,233,231,2
47675,240,235,5
47676,147,146,1
47677,387,377,10
47678,202,202,0
47679,302,299,3
47680,65,62,3
47681,65,62,3
47682,123,123,0
47683,123,122,1
47684,159,155,4
47685,300,298,2
47686,103,101,2
47687,380,380,0
47688,111,109,2
47689,243,232,11
47690,277,262,15
47691,152,149,3
47692,209,207,2
47693,178,177,1
47694,983,939,44
47695,360,353,7
47696,241,241,0
47697,53,52,1
47698,423,422,1
47699,240,239,1
47700,240,239,1
47701,250,247,3
47702,159,156,3
47703,140,139,1
47704,539,535,4
47705,137,136,1
47706,252,247,5
47707,143,141,2
47708,150,148,2
47709,416,414,2
47710,607,601,6
47711,146,144,2
47712,191,189,2
47713,548,545,3
47714,155,155,0
47715,725,700,25
47716,215,204,11
47717,161,159,2
47718,359,357,2
47719,119,118,1
47720,183,173,10
47721,146,141,5
47722,216,215,1
47723,292,287,5
47724,267,264,3
47725,430,415,15
47726,138,134,4
47727,171,165,6
47728,116,112,4
47729,205,192,13
47730,451,440,11
47731,788,781,7
47732,261,256,5
47733,171,170,1
47734,542,535,7
47735,411,402,9
47736,322,315,7
47737,77,76,1
47738,268,261,7
47739,159,159,0
47740,420,413,7
47741,117,115,2
47742,396,395,1
47743,335,331,4
47744,681,676,5
47745,202,196,6
47746,144,140,4
47747,203,199,4
47748,65,64,1
47749,219,216,3
47750,108,106,2
47751,208,205,3
47752,343,329,14
47753,555,550,5
47754,123,123,0
47755,145,144,1
47756,198,194,4
47757,153,151,2
47758,160,158,2
47759,50,50,0
47760,163,160,3
47761,207,202,5
47762,262,259,3
47763,715,711,4
47764,165,163,2
47765,47,47,0
47766,122,119,3
47767,85,84,1
47768,93,90,3
47769,89,86,3
47770,183,180,3
47771,142,134,8
47772,626,612,14
47773,203,198,5
47774,119,119,0
47775,819,810,9
47776,148,147,1
47777,209,202,7
47778,139,130,9
47779,70,68,2
47780,132,128,4
47781,87,84,3
47782,146,144,2
47783,164,161,3
47784,157,153,4
47785,318,306,12
47786,149,149,0
47787,56,53,3
47788,123,123,0
47789,153,151,2
47790,36,34,2
47791,186,182,4
47792,151,150,1
47793,168,165,3
47794,174,169,5
47795,113,110,3
47796,116,112,4
47797,151,145,6
47798,132,130,2
47799,987,961,26
47800,313,310,3
47801,136,131,5
47802,283,261,22
47803,97,94,3
47804,120,118,2
47805,119,114,5
47806,539,524,15
47807,75,71,4
47808,104,104,0
47809,46,41,5
47810,40,39,1
47811,322,319,3
47812,215,213,2
47813,184,178,6
47814,73,67,6
47815,248,244,4
47816,401,390,11
47817,209,203,6
47818,116,115,1
47819,136,135,1
47820,295,286,9
47821,129,129,0
47822,253,252,1
47823,263,260,3
47824,104,100,4
47825,188,180,8
47826,388,378,10
47827,93,90,3
47828,45,44,1
47829,238,228,10
47830,240,239,1
47831,253,246,7
47832,211,210,1
47833,114,113,1
47834,1004,974,30
47835,142,141,1
47836,155,144,11
47837,138,132,6
47838,327,325,2
47839,956,941,15
47840,197,196,1
47841,118,115,3
47842,279,275,4
47843,124,122,2
47844,769,748,21
47845,156,146,10
47846,395,386,9
47847,206,203,3
47848,163,158,5
47849,128,126,2
47850,82,80,2
47851,124,124,0
47852,165,164,1
47853,46,46,0
47854,123,117,6
47855,143,139,4
47856,111,109,2
47857,946,917,29
47858,1118,1094,24
47859,114,113,1
47860,177,174,3
47861,53,53,0
47862,134,134,0
47863,240,232,8
47864,119,118,1
47865,185,181,4
47866,585,574,11
47867,562,557,5
47868,220,216,4
47869,75,74,1
47870,59,58,1
47871,48,48,0
47872,71,68,3
47873,507,501,6
47874,144,139,5
47875,177,173,4
47876,180,174,6
47877,34,32,2
47878,88,88,0
47879,55,50,5
47880,132,126,6
47881,73,70,3
47882,113,113,0
47883,412,406,6
47884,213,211,2
47885,178,177,1
47886,117,117,0
47887,72,71,1
47888,50,48,2
47889,332,329,3
47890,227,225,2
47891,122,120,2
47892,239,234,5
47893,334,332,2
47894,233,232,1
47895,116,112,4
47896,134,133,1
47897,132,131,1
47898,304,297,7
47899,148,145,3
47900,150,144,6
47901,142,140,2
47902,218,216,2
47903,149,145,4
47904,230,227,3
47905,125,123,2
47906,206,199,7
47907,300,291,9
47908,254,250,4
47909,393,375,18
47910,285,283,2
47911,137,135,2
47912,142,140,2
47913,137,130,7
47914,132,131,1
47915,201,195,6
47916,796,788,8
47917,536,513,23
47918,322,319,3
47919,192,192,0
47920,460,452,8
47921,103,102,1
47922,228,222,6
47923,290,283,7
47924,185,184,1
47925,338,327,11
47926,241,237,4
47927,300,294,6
47928,681,666,15
47929,166,160,6
47930,139,139,0
47931,550,534,16
47932,175,172,3
47933,191,187,4
47934,352,346,6
47935,110,109,1
47936,198,195,3
47937,346,344,2
47938,91,89,2
47939,152,148,4
47940,142,140,2
47941,564,540,24
47942,146,146,0
47943,83,78,5
47944,332,327,5
47945,148,147,1
47946,155,154,1
47947,366,354,12
47948,126,124,2
47949,177,174,3
47950,480,474,6
47951,235,231,4
47952,473,463,10
47953,157,153,4
47954,233,232,1
47955,965,949,16
47956,200,197,3
47957,59,56,3
47958,150,147,3
47959,89,89,0
47960,611,582,29
47961,299,294,5
47962,424,416,8
47963,178,168,10
47964,845,817,28
47965,79,76,3
47966,395,394,1
47967,228,226,2
47968,181,164,17
47969,323,321,2
47970,125,122,3
47971,107,105,2
47972,335,334,1
47973,102,99,3
47974,359,349,10
47975,201,198,3
47976,124,122,2
47977,137,135,2
47978,277,275,2
47979,147,146,1
47980,35,35,0
47981,160,159,1
47982,194,194,0
47983,89,89,0
47984,59,59,0
47985,135,135,0
47986,131,130,1
47987,65,63,2
47988,137,136,1
47989,315,313,2
47990,145,139,6
47991,173,170,3
47992,206,203,3
47993,292,288,4
47994,273,267,6
47995,141,141,0
47996,61,61,0
47997,161,161,0
47998,39,39,0
47999,339,336,3
48000,354,352,2
48001,168,166,2
48002,397,391,6
48003,108,107,1
48004,217,213,4
48005,699,679,20
48006,391,376,15
48007,292,280,12
48008,172,170,2
48009,142,139,3
48010,70,70,0
48011,257,255,2
48012,226,209,17
48013,127,126,1
48014,177,173,4
48015,755,741,14
48016,390,371,19
48017,155,154,1
48018,314,312,2
48019,86,86,0
48020,153,151,2
48021,248,244,4
48022,287,283,4
48023,844,813,31
48024,157,144,13
48025,401,390,11
48026,866,852,14
48027,376,362,14
48028,666,653,13
48029,93,91,2
48030,171,169,2
48031,374,362,12
48032,144,143,1
48033,255,251,4
48034,168,164,4
48035,373,365,8
48036,125,119,6
48037,308,300,8
48038,211,203,8
48039,362,352,10
48040,137,134,3
48041,155,155,0
48042,277,272,5
48043,81,79,2
48044,161,160,1
48045,145,140,5
48046,238,229,9
48047,170,168,2
48048,482,474,8
48049,343,337,6
48050,101,99,2
48051,139,137,2
48052,279,274,5
48053,118,114,4
48054,197,193,4
48055,283,280,3
48056,210,202,8
48057,437,425,12
48058,126,125,1
48059,78,75,3
48060,59,58,1
48061,295,287,8
48062,125,120,5
48063,100,95,5
48064,159,153,6
48065,162,160,2
48066,130,128,2
48067,171,166,5
48068,65,63,2
48069,305,300,5
48070,418,415,3
48071,122,122,0
48072,224,222,2
48073,255,251,4
48074,288,283,5
48075,195,193,2
48076,111,110,1
48077,156,153,3
48078,221,217,4
48079,221,217,4
48080,156,155,1
48081,112,111,1
48082,112,108,4
48083,601,592,9
48084,141,137,4
48085,409,402,7
48086,147,145,2
48087,134,131,3
48088,140,138,2
48089,125,123,2
48090,632,619,13
48091,116,114,2
48092,507,494,13
48093,239,235,4
48094,231,222,9
48095,199,196,3
48096,281,279,2
48097,331,321,10
48098,273,270,3
48099,82,81,1
48100,659,651,8
48101,260,256,4
48102,90,90,0
48103,125,123,2
48104,277,271,6
48105,229,224,5
48106,206,196,10
48107,194,193,1
48108,319,293,26
48109,126,124,2
48110,127,124,3
48111,41,41,0
48112,142,139,3
48113,268,265,3
48114,250,241,9
48115,549,546,3
48116,114,112,2
48117,424,412,12
48118,154,153,1
48119,206,204,2
48120,212,210,2
48121,174,168,6
48122,187,183,4
48123,293,292,1
48124,143,138,5
48125,166,159,7
48126,698,685,13
48127,282,277,5
48128,235,228,7
48129,242,239,3
48130,152,151,1
48131,766,761,5
48132,426,418,8
48133,748,732,16
48134,143,141,2
48135,513,512,1
48136,284,280,4
48137,616,610,6
48138,115,115,0
48139,236,235,1
48140,267,254,13
48141,285,285,0
48142,90,88,2
48143,81,80,1
48144,238,236,2
48145,280,274,6
48146,130,128,2
48147,578,562,16
48148,117,116,1
48149,123,123,0
48150,117,114,3
48151,315,303,12
48152,33,33,0
48153,349,347,2
48154,191,187,4
48155,50,48,2
48156,110,107,3
48157,65,65,0
48158,90,89,1
48159,139,139,0
48160,843,832,11
48161,157,154,3
48162,158,155,3
48163,169,168,1
48164,141,139,2
48165,211,206,5
48166,553,544,9
48167,598,580,18
48168,157,152,5
48169,134,132,2
48170,275,267,8
48171,210,204,6
48172,301,298,3
48173,326,317,9
48174,101,96,5
48175,176,176,0
48176,217,216,1
48177,375,357,18
48178,198,193,5
48179,535,523,12
48180,291,282,9
48181,180,178,2
48182,247,244,3
48183,77,76,1
48184,619,610,9
48185,401,383,18
48186,721,709,12
48187,212,205,7
48188,306,299,7
48189,163,161,2
48190,212,211,1
48191,311,306,5
48192,168,166,2
48193,140,138,2
48194,332,318,14
48195,137,135,2
48196,171,168,3
48197,108,108,0
48198,292,290,2
48199,107,103,4
48200,444,432,12
48201,184,175,9
48202,228,227,1
48203,64,64,0
48204,136,136,0
48205,247,243,4
48206,259,259,0
48207,158,158,0
48208,129,127,2
48209,419,411,8
48210,169,167,2
48211,131,128,3
48212,204,203,1
48213,175,174,1
48214,306,305,1
48215,134,133,1
48216,376,369,7
48217,330,324,6
48218,215,214,1
48219,309,305,4
48220,237,232,5
48221,196,191,5
48222,417,406,11
48223,193,186,7
48224,382,379,3
48225,245,241,4
48226,34,34,0
48227,185,184,1
48228,68,68,0
48229,596,593,3
48230,240,238,2
48231,188,176,12
48232,983,976,7
48233,234,226,8
48234,136,128,8
48235,123,121,2
48236,280,272,8
48237,147,146,1
48238,118,117,1
48239,63,59,4
48240,188,185,3
48241,107,105,2
48242,224,222,2
48243,204,202,2
48244,194,183,11
48245,645,630,15
48246,178,170,8
48247,141,140,1
48248,164,158,6
48249,449,428,21
48250,177,176,1
48251,242,239,3
48252,100,98,2
48253,227,225,2
48254,215,212,3
48255,130,129,1
48256,198,197,1
48257,395,387,8
48258,190,190,0
48259,288,287,1
48260,124,123,1
48261,534,528,6
48262,124,123,1
48263,155,152,3
48264,56,55,1
48265,68,68,0
48266,104,103,1
48267,244,241,3
48268,346,344,2
48269,143,143,0
48270,263,261,2
48271,185,183,2
48272,248,240,8
48273,125,125,0
48274,128,126,2
48275,102,99,3
48276,214,206,8
48277,100,99,1
48278,746,739,7
48279,130,129,1
48280,330,330,0
48281,239,235,4
48282,435,425,10
48283,154,153,1
48284,268,264,4
48285,438,435,3
48286,192,189,3
48287,114,113,1
48288,64,62,2
48289,191,187,4
48290,176,174,2
48291,299,295,4
48292,233,233,0
48293,304,300,4
48294,401,390,11
48295,156,149,7
48296,117,117,0
48297,168,166,2
48298,136,136,0
48299,167,163,4
48300,175,169,6
48301,145,143,2
48302,594,585,9
48303,561,552,9
48304,284,279,5
48305,255,252,3
48306,148,145,3
48307,479,475,4
48308,130,130,0
48309,148,147,1
48310,197,195,2
48311,150,145,5
48312,161,158,3
48313,318,315,3
48314,329,324,5
48315,165,163,2
48316,165,165,0
48317,219,219,0
48318,150,148,2
48319,211,209,2
48320,82,80,2
48321,184,182,2
48322,643,629,14
48323,246,244,2
48324,413,411,2
48325,106,103,3
48326,182,180,2
48327,187,185,2
48328,132,130,2
48329,130,129,1
48330,128,128,0
48331,118,117,1
48332,222,218,4
48333,126,125,1
48334,206,201,5
48335,160,157,3
48336,305,304,1
48337,156,156,0
48338,201,200,1
48339,152,144,8
48340,294,284,10
48341,238,230,8
48342,171,169,2
48343,131,130,1
48344,86,82,4
48345,132,130,2
48346,360,345,15
48347,294,293,1
48348,196,192,4
48349,458,453,5
48350,179,178,1
48351,187,183,4
48352,191,188,3
48353,431,423,8
48354,476,462,14
48355,51,50,1
48356,108,105,3
48357,142,142,0
48358,144,143,1
48359,164,164,0
48360,212,207,5
48361,231,230,1
48362,135,132,3
48363,237,229,8
48364,303,299,4
48365,191,190,1
48366,839,825,14
48367,545,541,4
48368,454,448,6
48369,191,191,0
48370,643,631,12
48371,270,265,5
48372,510,507,3
48373,392,386,6
48374,735,727,8
48375,150,149,1
48376,220,214,6
48377,358,346,12
48378,360,339,21
48379,333,321,12
48380,133,128,5
48381,220,197,23
48382,137,136,1
48383,139,136,3
48384,294,283,11
48385,230,226,4
48386,587,575,12
48387,255,252,3
48388,374,365,9
48389,200,199,1
48390,74,72,2
48391,121,113,8
48392,189,183,6
48393,92,90,2
48394,234,230,4
48395,263,261,2
48396,256,248,8
48397,182,182,0
48398,244,236,8
48399,115,114,1
48400,144,144,0
48401,118,115,3
48402,124,122,2
48403,119,117,2
48404,416,410,6
48405,151,150,1
48406,166,163,3
48407,172,166,6
48408,242,239,3
48409,279,270,9
48410,177,173,4
48411,793,773,20
48412,150,150,0
48413,153,153,0
48414,466,462,4
48415,130,130,0
48416,527,521,6
48417,248,248,0
48418,112,112,0
48419,350,337,13
48420,374,360,14
48421,193,187,6
48422,149,148,1
48423,237,231,6
48424,61,60,1
48425,136,134,2
48426,67,67,0
48427,89,89,0
48428,112,111,1
48429,175,169,6
48430,188,186,2
48431,432,425,7
48432,264,258,6
48433,184,182,2
48434,174,170,4
48435,45,44,1
48436,196,193,3
48437,157,152,5
48438,147,142,5
48439,547,542,5
48440,225,216,9
48441,101,96,5
48442,49,48,1
48443,203,200,3
48444,977,967,10
48445,324,319,5
48446,58,56,2
48447,641,615,26
48448,178,171,7
48449,393,388,5
48450,204,201,3
48451,165,164,1
48452,484,465,19
48453,140,137,3
48454,82,82,0
48455,220,213,7
48456,210,208,2
48457,152,151,1
48458,173,171,2
48459,241,241,0
48460,140,140,0
48461,327,324,3
48462,99,99,0
48463,174,173,1
48464,298,292,6
48465,116,113,3
48466,171,165,6
48467,8,8,0
48468,121,116,5
48469,169,168,1
48470,128,128,0
48471,88,87,1
48472,139,138,1
48473,158,153,5
48474,340,333,7
48475,159,153,6
48476,197,189,8
48477,389,378,11
48478,174,170,4
48479,151,148,3
48480,88,88,0
48481,131,128,3
48482,514,498,16
48483,247,241,6
48484,140,136,4
48485,219,219,0
48486,306,302,4
48487,181,178,3
48488,330,322,8
48489,120,119,1
48490,54,53,1
48491,95,92,3
48492,141,139,2
48493,267,266,1
48494,785,772,13
48495,225,214,11
48496,377,371,6
48497,83,79,4
48498,386,381,5
48499,295,289,6
48500,147,145,2
48501,153,143,10
48502,154,152,2
48503,153,151,2
48504,208,205,3
48505,198,192,6
48506,114,101,13
48507,173,172,1
48508,148,140,8
48509,846,845,1
48510,164,162,2
48511,138,138,0
48512,233,228,5
48513,254,254,0
48514,595,585,10
48515,147,143,4
48516,232,217,15
48517,276,266,10
48518,118,117,1
48519,110,109,1
48520,109,107,2
48521,148,144,4
48522,285,281,4
48523,143,141,2
48524,207,203,4
48525,194,189,5
48526,180,178,2
48527,255,250,5
48528,208,206,2
48529,167,160,7
48530,122,118,4
48531,910,898,12
48532,268,264,4
48533,339,337,2
48534,81,78,3
48535,71,71,0
48536,239,236,3
48537,248,246,2
48538,257,247,10
48539,631,626,5
48540,152,151,1
48541,134,126,8
48542,119,118,1
48543,600,589,11
48544,302,292,10
48545,34,32,2
48546,78,77,1
48547,230,227,3
48548,120,120,0
48549,171,168,3
48550,179,178,1
48551,467,456,11
48552,330,328,2
48553,326,320,6
48554,22,20,2
48555,123,119,4
48556,188,188,0
48557,139,134,5
48558,130,130,0
48559,131,130,1
48560,294,293,1
48561,264,263,1
48562,328,327,1
48563,162,161,1
48564,161,159,2
48565,203,203,0
48566,145,140,5
48567,475,473,2
48568,511,506,5
48569,153,152,1
48570,201,198,3
48571,130,128,2
48572,142,138,4
48573,150,148,2
48574,168,166,2
48575,122,121,1
48576,112,112,0
48577,141,140,1
48578,393,381,12
48579,198,192,6
48580,59,57,2
48581,427,422,5
48582,100,98,2
48583,146,146,0
48584,61,60,1
48585,377,371,6
48586,87,85,2
48587,208,200,8
48588,81,77,4
48589,217,215,2
48590,251,247,4
48591,413,401,12
48592,173,171,2
48593,707,698,9
48594,362,358,4
48595,137,137,0
48596,536,531,5
48597,124,123,1
48598,278,275,3
48599,86,86,0
48600,115,113,2
48601,140,135,5
48602,102,101,1
48603,71,69,2
48604,116,112,4
48605,280,278,2
48606,245,237,8
48607,111,106,5
48608,150,149,1
48609,604,582,22
48610,578,567,11
48611,332,329,3
48612,132,131,1
48613,138,138,0
48614,138,136,2
48615,85,84,1
48616,404,372,32
48617,310,304,6
48618,273,268,5
48619,305,299,6
48620,155,155,0
48621,157,156,1
48622,512,505,7
48623,228,218,10
48624,337,333,4
48625,118,117,1
48626,208,207,1
48627,267,262,5
48628,128,127,1
48629,118,116,2
48630,251,250,1
48631,134,132,2
48632,247,241,6
48633,119,118,1
48634,312,299,13
48635,39,37,2
48636,190,187,3
48637,133,131,2
48638,397,385,12
48639,227,223,4
48640,792,763,29
48641,200,200,0
48642,266,261,5
48643,172,169,3
48644,186,182,4
48645,268,261,7
48646,96,96,0
48647,119,115,4
48648,254,241,13
48649,251,247,4
48650,307,303,4
48651,292,280,12
48652,804,782,22
48653,114,112,2
48654,134,133,1
48655,143,143,0
48656,251,243,8
48657,1016,985,31
48658,833,792,41
48659,316,313,3
48660,151,148,3
48661,273,265,8
48662,953,929,24
48663,248,241,7
48664,265,264,1
48665,258,256,2
48666,317,310,7
48667,350,349,1
48668,172,170,2
48669,146,141,5
48670,231,228,3
48671,120,115,5
48672,143,142,1
48673,100,100,0
48674,167,166,1
48675,127,126,1
48676,155,153,2
48677,152,152,0
48678,189,184,5
48679,529,528,1
48680,143,142,1
48681,890,875,15
48682,679,673,6
48683,247,245,2
48684,507,504,3
48685,330,329,1
48686,230,227,3
48687,179,178,1
48688,323,319,4
48689,419,418,1
48690,181,169,12
48691,203,195,8
48692,170,162,8
48693,363,358,5
48694,425,414,11
48695,325,319,6
48696,291,288,3
48697,386,378,8
48698,738,709,29
48699,244,235,9
48700,994,990,4
48701,778,763,15
48702,135,131,4
48703,206,203,3
48704,570,559,11
48705,677,668,9
48706,211,205,6
48707,183,181,2
48708,318,310,8
48709,170,170,0
48710,132,130,2
48711,137,133,4
48712,282,282,0
48713,142,138,4
48714,107,106,1
48715,135,130,5
48716,201,197,4
48717,157,152,5
48718,118,115,3
48719,127,125,2
48720,581,567,14
48721,141,140,1
48722,327,323,4
48723,669,657,12
48724,718,691,27
48725,378,370,8
48726,190,189,1
48727,193,181,12
48728,35,35,0
48729,91,91,0
48730,89,89,0
48731,218,216,2
48732,45,45,0
48733,69,69,0
48734,50,46,4
48735,159,155,4
48736,130,130,0
48737,137,129,8
48738,373,372,1
48739,128,127,1
48740,43,43,0
48741,99,98,1
48742,93,91,2
48743,184,180,4
48744,198,194,4
48745,133,126,7
48746,194,194,0
48747,220,215,5
48748,448,436,12
48749,109,107,2
48750,803,797,6
48751,572,571,1
48752,227,227,0
48753,190,189,1
48754,250,248,2
48755,317,312,5
48756,647,637,10
48757,177,174,3
48758,502,496,6
48759,116,115,1
48760,65,64,1
48761,417,369,48
48762,275,274,1
48763,216,214,2
48764,220,219,1
48765,171,165,6
48766,216,211,5
48767,206,198,8
48768,145,145,0
48769,156,148,8
48770,182,179,3
48771,453,448,5
48772,165,163,2
48773,110,105,5
48774,115,114,1
48775,211,206,5
48776,169,167,2
48777,45,44,1
48778,376,375,1
48779,187,187,0
48780,225,220,5
48781,356,355,1
48782,157,153,4
48783,141,140,1
48784,147,146,1
48785,128,126,2
48786,118,118,0
48787,324,321,3
48788,111,110,1
48789,138,138,0
48790,241,236,5
48791,262,252,10
48792,135,131,4
48793,314,314,0
48794,124,124,0
48795,124,122,2
48796,647,644,3
48797,847,839,8
48798,212,211,1
48799,399,383,16
48800,191,189,2
48801,241,236,5
48802,422,410,12
48803,134,133,1
48804,148,141,7
48805,332,329,3
48806,161,160,1
48807,426,419,7
48808,144,142,2
48809,240,235,5
48810,713,702,11
48811,143,143,0
48812,111,108,3
48813,475,467,8
48814,82,81,1
48815,136,131,5
48816,213,204,9
48817,180,172,8
48818,130,121,9
48819,187,179,8
48820,159,157,2
48821,444,439,5
48822,123,118,5
48823,224,220,4
48824,267,261,6
48825,126,121,5
48826,471,462,9
48827,719,693,26
48828,166,165,1
48829,127,123,4
48830,277,273,4
48831,96,94,2
48832,115,111,4
48833,366,362,4
48834,117,116,1
48835,119,118,1
48836,111,110,1
48837,305,296,9
48838,149,146,3
48839,216,208,8
48840,181,178,3
48841,371,370,1
48842,194,193,1
48843,173,172,1
48844,118,110,8
48845,56,52,4
48846,169,165,4
48847,206,201,5
48848,142,139,3
48849,194,191,3
48850,232,224,8
48851,115,111,4
48852,119,115,4
48853,998,984,14
48854,174,170,4
48855,92,90,2
48856,442,439,3
48857,536,513,23
48858,245,242,3
48859,109,105,4
48860,155,155,0
48861,262,257,5
48862,127,127,0
48863,136,134,2
48864,273,269,4
48865,61,60,1
48866,202,198,4
48867,93,92,1
48868,124,116,8
48869,140,140,0
48870,150,147,3
48871,150,148,2
48872,332,326,6
48873,187,184,3
48874,311,303,8
48875,173,169,4
48876,157,156,1
48877,346,342,4
48878,216,211,5
48879,304,291,13
48880,279,267,12
48881,322,310,12
48882,361,344,17
48883,161,157,4
48884,400,390,10
48885,121,120,1
48886,58,58,0
48887,105,94,11
48888,212,205,7
48889,177,170,7
48890,168,168,0
48891,309,298,11
48892,188,184,4
48893,232,228,4
48894,120,118,2
48895,123,120,3
48896,45,43,2
48897,133,132,1
48898,215,213,2
48899,96,95,1
48900,149,149,0
48901,271,266,5
48902,321,316,5
48903,314,303,11
48904,586,574,12
48905,136,135,1
48906,755,741,14
48907,258,256,2
48908,148,147,1
48909,243,240,3
48910,74,74,0
48911,113,111,2
48912,516,502,14
48913,97,96,1
48914,72,68,4
48915,194,184,10
48916,285,274,11
48917,95,94,1
48918,144,138,6
48919,380,368,12
48920,301,289,12
48921,435,422,13
48922,92,88,4
48923,159,155,4
48924,560,545,15
48925,1000,978,22
48926,539,533,6
48927,245,244,1
48928,166,165,1
48929,158,158,0
48930,272,271,1
48931,430,417,13
48932,107,100,7
48933,139,136,3
48934,119,117,2
48935,139,136,3
48936,164,159,5
48937,411,395,16
48938,125,121,4
48939,193,188,5
48940,162,157,5
48941,147,138,9
48942,155,149,6
48943,194,190,4
48944,373,357,16
48945,668,644,24
48946,371,356,15
48947,316,313,3
48948,827,819,8
48949,223,221,2
48950,194,193,1
48951,184,183,1
48952,94,92,2
48953,77,75,2
48954,159,155,4
48955,61,59,2
48956,125,124,1
48957,332,327,5
48958,172,165,7
48959,281,273,8
48960,386,385,1
48961,134,132,2
48962,542,536,6
48963,134,131,3
48964,115,115,0
48965,30,30,0
48966,298,287,11
48967,163,162,1
48968,189,186,3
48969,129,125,4
48970,271,268,3
48971,327,325,2
48972,211,206,5
48973,141,137,4
48974,147,145,2
48975,75,75,0
48976,159,155,4
48977,191,189,2
48978,330,326,4
48979,249,246,3
48980,98,95,3
48981,313,308,5
48982,1008,971,37
48983,194,191,3
48984,304,291,13
48985,101,100,1
48986,261,254,7
48987,96,96,0
48988,228,225,3
48989,141,131,10
48990,224,220,4
48991,143,143,0
48992,94,90,4
48993,65,65,0
48994,117,115,2
48995,345,343,2
48996,218,218,0
48997,147,142,5
48998,186,185,1
48999,242,237,5
49000,423,403,20
49001,54,53,1
49002,62,60,2
49003,40,40,0
49004,173,169,4
49005,99,92,7
49006,231,227,4
49007,136,135,1
49008,211,203,8
49009,385,379,6
49010,218,214,4
49011,142,136,6
49012,300,293,7
49013,106,104,2
49014,127,126,1
49015,176,174,2
49016,226,219,7
49017,218,217,1
49018,128,124,4
49019,124,124,0
49020,179,178,1
49021,92,92,0
49022,575,569,6
49023,334,333,1
49024,222,222,0
49025,1017,1011,6
49026,318,310,8
49027,176,176,0
49028,237,235,2
49029,484,464,20
49030,114,109,5
49031,188,186,2
49032,142,142,0
49033,546,541,5
49034,306,303,3
49035,133,133,0
49036,108,105,3
49037,124,122,2
49038,135,135,0
49039,123,121,2
49040,277,271,6
49041,255,252,3
49042,316,308,8
49043,104,102,2
49044,430,422,8
49045,330,320,10
49046,268,261,7
49047,216,209,7
49048,130,127,3
49049,361,350,11
49050,323,316,7
49051,182,180,2
49052,178,173,5
49053,392,389,3
49054,151,150,1
49055,186,185,1
49056,316,312,4
49057,160,160,0
49058,255,250,5
49059,631,618,13
49060,117,113,4
49061,120,118,2
49062,248,244,4
49063,86,85,1
49064,112,111,1
49065,175,169,6
49066,101,101,0
49067,115,115,0
49068,304,297,7
49069,284,281,3
49070,290,288,2
49071,137,136,1
49072,494,478,16
49073,148,145,3
49074,128,123,5
49075,49,49,0
49076,350,345,5
49077,191,183,8
49078,241,235,6
49079,221,219,2
49080,170,170,0
49081,105,103,2
49082,158,155,3
49083,61,61,0
49084,147,144,3
49085,86,86,0
49086,126,124,2
49087,98,98,0
49088,157,153,4
49089,270,262,8
49090,111,110,1
49091,160,158,2
49092,203,202,1
49093,115,112,3
49094,127,125,2
49095,182,176,6
49096,197,191,6
49097,346,339,7
49098,262,256,6
49099,168,168,0
49100,144,143,1
49101,154,150,4
49102,155,149,6
49103,130,128,2
49104,365,362,3
49105,153,153,0
49106,356,354,2
49107,127,126,1
49108,136,134,2
49109,140,139,1
49110,514,500,14
49111,91,86,5
49112,228,223,5
49113,72,71,1
49114,105,102,3
49115,244,244,0
49116,134,133,1
49117,107,106,1
49118,175,174,1
49119,351,340,11
49120,417,408,9
49121,135,132,3
49122,99,98,1
49123,403,399,4
49124,124,124,0
49125,235,233,2
49126,160,159,1
49127,152,152,0
49128,111,111,0
49129,158,152,6
49130,166,166,0
49131,405,396,9
49132,125,123,2
49133,394,392,2
49134,81,78,3
49135,42,41,1
49136,40,39,1
49137,198,193,5
49138,101,100,1
49139,293,285,8
49140,165,163,2
49141,197,189,8
49142,345,337,8
49143,190,187,3
49144,163,161,2
49145,112,109,3
49146,54,51,3
49147,135,132,3
49148,126,120,6
49149,122,119,3
49150,374,355,19
49151,258,254,4
49152,289,289,0
49153,99,99,0
49154,203,200,3
49155,282,280,2
49156,174,167,7
49157,479,473,6
49158,185,184,1
49159,810,794,16
49160,126,123,3
49161,246,238,8
49162,170,167,3
49163,151,146,5
49164,118,117,1
49165,417,409,8
49166,131,131,0
49167,154,152,2
49168,580,561,19
49169,680,658,22
49170,286,284,2
49171,204,197,7
49172,931,915,16
49173,155,151,4
49174,186,182,4
49175,839,828,11
49176,404,398,6
49177,102,100,2
49178,120,114,6
49179,220,208,12
49180,104,99,5
49181,816,747,69
49182,195,192,3
49183,140,134,6
49184,412,399,13
49185,183,179,4
49186,256,247,9
49187,901,886,15
49188,335,329,6
49189,62,54,8
49190,147,147,0
49191,170,167,3
49192,132,132,0
49193,391,378,13
49194,482,469,13
49195,130,125,5
49196,79,76,3
49197,158,148,10
49198,386,372,14
49199,571,553,18
49200,130,130,0
49201,155,151,4
49202,165,160,5
49203,65,64,1
49204,241,238,3
49205,133,132,1
49206,181,179,2
49207,169,168,1
49208,398,391,7
49209,225,217,8
49210,200,198,2
49211,354,351,3
49212,304,298,6
49213,191,187,4
49214,161,161,0
49215,378,374,4
49216,137,136,1
49217,137,127,10
49218,148,146,2
49219,242,235,7
49220,230,227,3
49221,168,168,0
49222,164,160,4
49223,402,397,5
49224,177,172,5
49225,380,365,15
49226,198,194,4
49227,183,181,2
49228,127,122,5
49229,127,124,3
49230,120,119,1
49231,73,73,0
49232,161,157,4
49233,133,129,4
49234,124,120,4
49235,129,127,2
49236,207,207,0
49237,381,379,2
49238,101,100,1
49239,209,205,4
49240,168,163,5
49241,267,260,7
49242,132,128,4
49243,244,243,1
49244,235,234,1
49245,403,395,8
49246,333,329,4
49247,507,484,23
49248,130,125,5
49249,136,135,1
49250,536,525,11
49251,155,154,1
49252,109,108,1
49253,144,141,3
49254,891,871,20
49255,251,249,2
49256,432,424,8
49257,236,227,9
49258,264,255,9
49259,130,129,1
49260,365,360,5
49261,698,680,18
49262,244,232,12
49263,117,116,1
49264,267,260,7
49265,159,155,4
49266,142,142,0
49267,350,340,10
49268,129,128,1
49269,157,155,2
49270,48,48,0
49271,52,52,0
49272,604,599,5
49273,369,363,6
49274,259,253,6
49275,279,272,7
49276,124,124,0
49277,126,124,2
49278,175,173,2
49279,166,159,7
49280,57,56,1
49281,175,174,1
49282,480,469,11
49283,208,201,7
49284,171,162,9
49285,585,570,15
49286,261,254,7
49287,158,155,3
49288,118,116,2
49289,174,173,1
49290,477,468,9
49291,297,289,8
49292,381,377,4
49293,192,188,4
49294,52,51,1
49295,178,176,2
49296,123,119,4
49297,217,214,3
49298,202,198,4
49299,192,187,5
49300,395,390,5
49301,183,173,10
49302,140,135,5
49303,207,202,5
49304,197,195,2
49305,188,183,5
49306,112,112,0
49307,143,143,0
49308,308,306,2
49309,350,346,4
49310,165,164,1
49311,154,148,6
49312,144,143,1
49313,173,164,9
49314,134,132,2
49315,123,121,2
49316,171,171,0
49317,160,157,3
49318,125,122,3
49319,107,105,2
49320,177,175,2
49321,74,70,4
49322,123,123,0
49323,55,55,0
49324,54,53,1
49325,78,77,1
49326,123,118,5
49327,238,234,4
49328,124,124,0
49329,99,95,4
49330,136,125,11
49331,140,131,9
49332,208,204,4
49333,152,147,5
49334,222,214,8
49335,104,104,0
49336,320,314,6
49337,143,136,7
49338,530,515,15
49339,693,666,27
49340,177,172,5
49341,170,168,2
49342,145,143,2
49343,137,134,3
49344,182,181,1
49345,133,133,0
49346,246,244,2
49347,152,144,8
49348,248,245,3
49349,129,129,0
49350,200,196,4
49351,191,190,1
49352,198,194,4
49353,104,104,0
49354,121,120,1
49355,649,637,12
49356,163,159,4
49357,176,175,1
49358,143,143,0
49359,82,82,0
49360,192,191,1
49361,72,70,2
49362,176,172,4
49363,185,178,7
49364,583,577,6
49365,130,129,1
49366,107,104,3
49367,105,104,1
49368,167,165,2
49369,587,569,18
49370,128,126,2
49371,176,172,4
49372,95,95,0
49373,277,268,9
49374,412,408,4
49375,132,131,1
49376,139,137,2
49377,118,116,2
49378,116,115,1
49379,123,121,2
49380,122,122,0
49381,249,245,4
49382,157,156,1
49383,179,179,0
49384,158,155,3
49385,124,124,0
49386,139,139,0
49387,234,230,4
49388,167,165,2
49389,126,125,1
49390,62,60,2
49391,106,105,1
49392,144,144,0
49393,157,157,0
49394,390,384,6
49395,75,74,1
49396,174,172,2
49397,78,77,1
49398,234,232,2
49399,152,148,4
49400,171,169,2
49401,463,454,9
49402,131,129,2
49403,244,236,8
49404,206,188,18
49405,149,147,2
49406,536,521,15
49407,300,294,6
49408,195,191,4
49409,308,306,2
49410,127,118,9
49411,146,144,2
49412,197,194,3
49413,458,451,7
49414,145,142,3
49415,163,160,3
49416,164,163,1
49417,182,176,6
49418,166,166,0
49419,150,150,0
49420,206,202,4
49421,196,194,2
49422,52,51,1
49423,121,119,2
49424,203,198,5
49425,124,122,2
49426,139,137,2
49427,205,202,3
49428,124,124,0
49429,389,381,8
49430,126,125,1
49431,53,53,0
49432,226,218,8
49433,202,201,1
49434,790,757,33
49435,50,48,2
49436,124,121,3
49437,157,153,4
49438,235,234,1
49439,235,232,3
49440,141,138,3
49441,123,123,0
49442,40,39,1
49443,158,156,2
49444,127,125,2
49445,113,112,1
49446,163,158,5
49447,106,104,2
49448,167,166,1
49449,224,224,0
49450,224,222,2
49451,421,410,11
49452,67,66,1
49453,178,177,1
49454,139,139,0
49455,916,902,14
49456,265,262,3
49457,130,127,3
49458,199,195,4
49459,68,66,2
49460,98,97,1
49461,83,82,1
49462,190,187,3
49463,85,85,0
49464,128,128,0
49465,155,148,7
49466,177,173,4
49467,87,86,1
49468,163,158,5
49469,179,177,2
49470,281,274,7
49471,109,104,5
49472,165,165,0
49473,382,374,8
49474,304,304,0
49475,44,43,1
49476,108,107,1
49477,140,138,2
49478,146,142,4
49479,175,174,1
49480,72,71,1
49481,474,461,13
49482,729,725,4
49483,178,176,2
49484,127,125,2
49485,132,131,1
49486,200,200,0
49487,298,286,12
49488,142,130,12
49489,211,210,1
49490,161,161,0
49491,82,82,0
49492,228,224,4
49493,300,297,3
49494,942,930,12
49495,252,251,1
49496,431,422,9
49497,204,199,5
49498,78,76,2
49499,231,226,5
49500,55,53,2
49501,161,159,2
49502,215,203,12
49503,43,42,1
49504,47,46,1
49505,232,231,1
49506,111,96,15
49507,324,322,2
49508,191,188,3
49509,58,58,0
49510,121,118,3
49511,195,193,2
49512,107,104,3
49513,495,489,6
49514,423,412,11
49515,106,105,1
49516,105,104,1
49517,538,527,11
49518,395,375,20
49519,125,124,1
49520,105,101,4
49521,121,121,0
49522,70,70,0
49523,88,88,0
49524,349,344,5
49525,112,107,5
49526,280,269,11
49527,218,205,13
49528,250,247,3
49529,567,554,13
49530,35,35,0
49531,370,361,9
49532,208,204,4
49533,515,497,18
49534,293,291,2
49535,226,224,2
49536,135,125,10
49537,148,144,4
49538,122,119,3
49539,207,203,4
49540,802,783,19
49541,222,216,6
49542,334,332,2
49543,142,141,1
49544,154,151,3
49545,869,866,3
49546,189,188,1
49547,196,192,4
49548,434,432,2
49549,459,455,4
49550,171,164,7
49551,93,85,8
49552,637,630,7
49553,117,117,0
49554,404,393,11
49555,234,231,3
49556,192,186,6
49557,46,46,0
49558,61,61,0
49559,256,248,8
49560,499,496,3
49561,141,138,3
49562,310,302,8
49563,141,134,7
49564,199,195,4
49565,308,307,1
49566,144,144,0
49567,126,125,1
49568,635,628,7
49569,425,415,10
49570,193,184,9
49571,127,124,3
49572,149,146,3
49573,275,271,4
49574,119,119,0
49575,75,75,0
49576,67,67,0
49577,201,199,2
49578,243,239,4
49579,299,295,4
49580,147,143,4
49581,143,143,0
49582,340,335,5
49583,149,145,4
49584,306,303,3
49585,278,268,10
49586,899,867,32
49587,293,287,6
49588,149,142,7
49589,219,213,6
49590,195,186,9
49591,87,85,2
49592,188,181,7
49593,237,235,2
49594,111,108,3
49595,332,326,6
49596,295,291,4
49597,528,517,11
49598,296,286,10
49599,317,312,5
49600,322,319,3
49601,124,120,4
49602,183,181,2
49603,379,375,4
49604,123,115,8
49605,125,121,4
49606,51,51,0
49607,123,123,0
49608,367,359,8
49609,226,223,3
49610,359,349,10
49611,242,239,3
49612,528,520,8
49613,239,237,2
49614,183,180,3
49615,213,212,1
49616,175,174,1
49617,96,91,5
49618,254,252,2
49619,152,150,2
49620,447,443,4
49621,106,104,2
49622,116,114,2
49623,186,181,5
49624,241,237,4
49625,306,301,5
49626,391,376,15
49627,210,208,2
49628,601,596,5
49629,294,294,0
49630,58,55,3
49631,113,112,1
49632,64,57,7
49633,103,97,6
49634,441,434,7
49635,139,138,1
49636,141,139,2
49637,153,152,1
49638,126,126,0
49639,145,142,3
49640,234,233,1
49641,158,155,3
49642,175,172,3
49643,163,161,2
49644,143,139,4
49645,298,291,7
49646,266,260,6
49647,87,87,0
49648,69,69,0
49649,84,83,1
49650,49,47,2
49651,75,75,0
49652,56,56,0
49653,873,869,4
49654,88,87,1
49655,155,154,1
49656,113,110,3
49657,101,96,5
49658,232,229,3
49659,59,59,0
49660,390,390,0
49661,124,123,1
49662,196,193,3
49663,187,186,1
49664,578,568,10
49665,204,200,4
49666,418,406,12
49667,868,847,21
49668,624,606,18
49669,851,819,32
49670,172,167,5
49671,392,383,9
49672,294,288,6
49673,221,215,6
49674,965,928,37
49675,649,634,15
49676,168,163,5
49677,317,317,0
49678,48,48,0
49679,144,143,1
49680,928,912,16
49681,337,335,2
49682,167,167,0
49683,171,168,3
49684,287,284,3
49685,168,167,1
49686,381,375,6
49687,307,280,27
49688,135,129,6
49689,210,206,4
49690,360,356,4
49691,134,131,3
49692,169,166,3
49693,434,426,8
49694,288,283,5
49695,809,792,17
49696,266,261,5
49697,114,113,1
49698,91,91,0
49699,161,159,2
49700,333,326,7
49701,280,274,6
49702,329,318,11
49703,213,213,0
49704,145,143,2
49705,374,371,3
49706,334,329,5
49707,176,176,0
49708,199,198,1
49709,43,42,1
49710,84,82,2
49711,296,288,8
49712,129,128,1
49713,194,192,2
49714,48,48,0
49715,100,98,2
49716,126,123,3
49717,301,295,6
49718,125,122,3
49719,637,630,7
49720,67,66,1
49721,167,167,0
49722,133,132,1
49723,202,195,7
49724,308,305,3
49725,304,299,5
49726,133,132,1
49727,153,152,1
49728,402,386,16
49729,117,117,0
49730,39,38,1
49731,138,135,3
49732,169,159,10
49733,207,199,8
49734,126,122,4
49735,157,157,0
49736,175,170,5
49737,98,97,1
49738,129,126,3
49739,875,871,4
49740,129,129,0
49741,235,235,0
49742,351,342,9
49743,186,184,2
49744,297,291,6
49745,133,130,3
49746,187,183,4
49747,275,272,3
49748,150,145,5
49749,473,461,12
49750,68,68,0
49751,284,280,4
49752,150,149,1
49753,446,440,6
49754,224,222,2
49755,139,138,1
49756,213,210,3
49757,303,292,11
49758,495,493,2
49759,57,57,0
49760,204,199,5
49761,186,186,0
49762,104,102,2
49763,123,122,1
49764,667,661,6
49765,184,181,3
49766,350,349,1
49767,335,318,17
49768,223,213,10
49769,258,247,11
49770,133,130,3
49771,268,256,12
49772,197,191,6
49773,374,367,7
49774,789,776,13
49775,742,723,19
49776,217,217,0
49777,336,328,8
49778,672,662,10
49779,168,164,4
49780,128,126,2
49781,48,47,1
49782,40,40,0
49783,51,51,0
49784,40,39,1
49785,144,139,5
49786,357,353,4
49787,466,457,9
49788,75,72,3
49789,505,489,16
49790,585,563,22
49791,118,118,0
49792,79,75,4
49793,230,227,3
49794,291,283,8
49795,157,149,8
49796,235,223,12
49797,188,181,7
49798,223,223,0
49799,158,153,5
49800,337,333,4
49801,194,188,6
49802,722,715,7
49803,353,352,1
49804,136,135,1
49805,184,178,6
49806,776,753,23
49807,218,216,2
49808,60,58,2
49809,162,161,1
49810,531,528,3
49811,275,274,1
49812,340,330,10
49813,309,306,3
49814,254,252,2
49815,574,568,6
49816,258,254,4
49817,136,126,10
49818,478,469,9
49819,287,283,4
49820,212,210,2
49821,192,192,0
49822,491,475,16
49823,125,123,2
49824,234,230,4
49825,39,37,2
49826,114,109,5
49827,67,67,0
49828,146,146,0
49829,54,51,3
49830,421,417,4
49831,327,323,4
49832,489,476,13
49833,49,46,3
49834,147,146,1
49835,109,108,1
49836,111,107,4
49837,500,480,20
49838,124,122,2
49839,317,313,4
49840,288,288,0
49841,334,334,0
49842,114,114,0
49843,220,216,4
49844,602,598,4
49845,944,940,4
49846,195,194,1
49847,201,197,4
49848,151,150,1
49849,421,415,6
49850,104,100,4
49851,223,215,8
49852,190,185,5
49853,100,91,9
49854,187,186,1
49855,196,191,5
49856,906,896,10
49857,37,36,1
49858,481,469,12
49859,762,748,14
49860,195,190,5
49861,417,414,3
49862,221,219,2
49863,292,287,5
49864,368,368,0
49865,222,218,4
49866,801,786,15
49867,186,183,3
49868,154,152,2
49869,129,128,1
49870,722,698,24
49871,175,173,2
49872,994,976,18
49873,216,207,9
49874,467,462,5
49875,141,141,0
49876,132,130,2
49877,147,141,6
49878,162,159,3
49879,41,41,0
49880,184,183,1
49881,38,36,2
49882,534,521,13
49883,71,70,1
49884,131,131,0
49885,275,271,4
49886,111,109,2
49887,71,71,0
49888,248,246,2
49889,123,116,7
49890,161,160,1
49891,116,115,1
49892,170,169,1
49893,203,201,2
49894,223,219,4
49895,156,152,4
49896,269,263,6
49897,288,283,5
49898,136,133,3
49899,147,147,0
49900,126,125,1
49901,132,132,0
49902,134,131,3
49903,284,275,9
49904,252,250,2
49905,445,438,7
49906,268,268,0
49907,113,112,1
49908,115,109,6
49909,277,267,10
49910,443,435,8
49911,129,126,3
49912,139,133,6
49913,57,53,4
49914,284,277,7
49915,115,111,4
49916,77,76,1
49917,63,61,2
49918,106,105,1
49919,121,119,2
49920,185,185,0
49921,239,234,5
49922,144,141,3
49923,131,128,3
49924,330,326,4
49925,71,70,1
49926,114,112,2
49927,37,34,3
49928,172,167,5
49929,135,132,3
49930,856,832,24
49931,419,411,8
49932,516,508,8
49933,922,910,12
49934,485,479,6
49935,222,219,3
49936,124,120,4
49937,135,131,4
49938,274,271,3
49939,204,201,3
49940,263,258,5
49941,295,290,5
49942,197,192,5
49943,513,503,10
49944,299,286,13
49945,257,251,6
49946,220,213,7
49947,116,107,9
49948,334,332,2
49949,518,509,9
49950,229,221,8
49951,575,552,23
49952,280,273,7
49953,84,83,1
49954,185,182,3
49955,324,313,11
49956,205,202,3
49957,233,229,4
49958,210,203,7
49959,474,463,11
49960,297,287,10
49961,450,445,5
49962,216,211,5
49963,777,761,16
49964,202,198,4
49965,701,687,14
49966,78,78,0
49967,212,211,1
49968,127,121,6
49969,173,172,1
49970,290,285,5
49971,334,324,10
49972,190,183,7
49973,221,215,6
49974,197,191,6
49975,459,433,26
49976,271,265,6
49977,339,337,2
49978,596,579,17
49979,125,124,1
49980,627,620,7
49981,214,209,5
49982,990,973,17
49983,338,329,9
49984,955,945,10
49985,320,315,5
49986,124,121,3
49987,499,489,10
49988,280,275,5
49989,668,652,16
49990,219,212,7
49991,213,211,2
49992,172,168,4
49993,316,311,5
49994,132,128,4
49995,107,105,2
49996,165,165,0
49997,277,266,11
49998,130,127,3
49999,382,373,9
