,review_tokens,retrieved_vectors,missed
0,140,121,19
1,439,385,54
2,150,133,17
3,124,108,16
4,121,106,15
5,174,152,22
6,106,94,12
7,334,285,49
8,439,382,57
9,324,294,30
10,278,243,35
11,84,78,6
12,283,244,39
13,221,194,27
14,148,130,18
15,162,145,17
16,194,175,19
17,329,275,54
18,128,114,14
19,151,140,11
20,220,196,24
21,567,516,51
22,173,154,19
23,186,164,22
24,140,116,24
25,100,86,14
26,107,98,9
27,316,285,31
28,150,129,21
29,145,131,14
30,247,219,28
31,114,104,10
32,166,150,16
33,164,146,18
34,447,398,49
35,402,350,52
36,54,46,8
37,299,267,32
38,221,200,21
39,336,294,42
40,359,317,42
41,163,155,8
42,537,494,43
43,248,219,29
44,111,94,17
45,337,296,41
46,983,847,136
47,541,481,60
48,89,83,6
49,1841,1622,219
50,452,416,36
51,541,494,47
52,185,167,18
53,537,483,54
54,199,173,26
55,723,632,91
56,185,168,17
57,163,144,19
58,57,50,7
59,274,245,29
60,88,73,15
61,176,144,32
62,134,112,22
63,215,194,21
64,323,281,42
65,168,144,24
66,107,91,16
67,223,195,28
68,103,94,9
69,90,84,6
70,126,111,15
71,194,168,26
72,287,249,38
73,324,272,52
74,43,37,6
75,149,133,16
76,105,89,16
77,335,281,54
78,74,67,7
79,220,190,30
80,111,102,9
81,260,222,38
82,112,99,13
83,117,104,13
84,55,49,6
85,57,55,2
86,271,238,33
87,129,108,21
88,178,156,22
89,158,140,18
90,250,217,33
91,78,70,8
92,198,170,28
93,118,108,10
94,161,140,21
95,56,47,9
96,60,50,10
97,102,92,10
98,139,123,16
99,161,135,26
100,173,154,19
101,215,191,24
102,115,91,24
103,165,143,22
104,593,514,79
105,166,148,18
106,270,222,48
107,248,213,35
108,143,121,22
109,513,441,72
110,228,209,19
111,347,287,60
112,194,178,16
113,56,52,4
114,165,140,25
115,122,102,20
116,267,221,46
117,381,333,48
118,282,245,37
119,353,317,36
120,178,158,20
121,110,88,22
122,218,192,26
123,188,154,34
124,149,124,25
125,228,197,31
126,511,446,65
127,158,141,17
128,110,97,13
129,109,86,23
130,158,142,16
131,145,127,18
132,231,203,28
133,154,140,14
134,331,281,50
135,168,145,23
136,146,125,21
137,212,184,28
138,670,571,99
139,240,203,37
140,320,276,44
141,205,186,19
142,341,305,36
143,138,128,10
144,308,274,34
145,102,92,10
146,129,116,13
147,162,142,20
148,113,99,14
149,642,589,53
150,144,127,17
151,177,157,20
152,421,357,64
153,301,259,42
154,496,437,59
155,339,290,49
156,399,349,50
157,154,143,11
158,156,133,23
159,190,165,25
160,185,169,16
161,137,122,15
162,138,121,17
163,285,255,30
164,505,449,56
165,88,79,9
166,408,350,58
167,343,304,39
168,154,128,26
169,146,130,16
170,95,84,11
171,167,147,20
172,143,131,12
173,182,163,19
174,75,64,11
175,107,93,14
176,116,107,9
177,134,121,13
178,114,105,9
179,396,344,52
180,151,138,13
181,123,112,11
182,134,122,12
183,147,134,13
184,160,146,14
185,219,182,37
186,132,115,17
187,153,139,14
188,130,114,16
189,145,126,19
190,204,183,21
191,139,114,25
192,464,411,53
193,273,240,33
194,165,150,15
195,425,369,56
196,398,353,45
197,165,150,15
198,162,139,23
199,162,147,15
200,274,232,42
201,188,163,25
202,132,117,15
203,137,126,11
204,649,561,88
205,496,420,76
206,142,113,29
207,122,107,15
208,541,463,78
209,427,380,47
210,54,49,5
211,521,452,69
212,152,138,14
213,154,136,18
214,590,501,89
215,102,94,8
216,263,223,40
217,92,80,12
218,259,227,32
219,171,138,33
220,355,314,41
221,953,844,109
222,125,111,14
223,133,126,7
224,139,127,12
225,160,141,19
226,152,147,5
227,158,145,13
228,94,80,14
229,192,177,15
230,44,38,6
231,375,329,46
232,189,166,23
233,630,544,86
234,208,185,23
235,530,465,65
236,81,76,5
237,324,279,45
238,212,189,23
239,430,374,56
240,88,75,13
241,128,109,19
242,365,327,38
243,475,416,59
244,159,133,26
245,302,276,26
246,180,152,28
247,367,309,58
248,219,191,28
249,232,207,25
250,78,69,9
251,103,94,9
252,413,359,54
253,473,420,53
254,330,293,37
255,154,142,12
256,203,183,20
257,746,654,92
258,122,106,16
259,215,198,17
260,138,125,13
261,198,174,24
262,81,75,6
263,401,356,45
264,139,126,13
265,118,104,14
266,227,201,26
267,193,165,28
268,366,320,46
269,433,390,43
270,167,149,18
271,174,157,17
272,117,105,12
273,330,305,25
274,239,215,24
275,264,241,23
276,306,264,42
277,749,666,83
278,138,127,11
279,73,66,7
280,217,202,15
281,130,116,14
282,63,60,3
283,135,115,20
284,214,189,25
285,92,82,10
286,471,424,47
287,386,336,50
288,300,265,35
289,156,136,20
290,162,145,17
291,38,32,6
292,279,239,40
293,63,53,10
294,68,57,11
295,133,113,20
296,133,110,23
297,157,133,24
298,74,65,9
299,528,474,54
300,41,37,4
301,81,71,10
302,120,111,9
303,394,340,54
304,117,111,6
305,247,206,41
306,143,126,17
307,108,101,7
308,226,198,28
309,164,135,29
310,297,274,23
311,498,446,52
312,648,587,61
313,259,218,41
314,324,266,58
315,441,365,76
316,570,488,82
317,259,230,29
318,99,90,9
319,37,33,4
320,56,50,6
321,346,323,23
322,338,290,48
323,194,169,25
324,123,109,14
325,226,201,25
326,154,128,26
327,65,58,7
328,75,63,12
329,110,98,12
330,177,147,30
331,153,132,21
332,156,136,20
333,299,269,30
334,55,47,8
335,84,75,9
336,132,121,11
337,148,134,14
338,239,206,33
339,69,64,5
340,163,146,17
341,408,365,43
342,135,126,9
343,292,254,38
344,300,267,33
345,439,390,49
346,1300,1147,153
347,46,42,4
348,190,162,28
349,125,117,8
350,625,551,74
351,204,175,29
352,208,177,31
353,1004,865,139
354,357,319,38
355,477,398,79
356,263,237,26
357,122,104,18
358,373,329,44
359,234,209,25
360,207,167,40
361,175,161,14
362,106,95,11
363,684,594,90
364,191,173,18
365,116,106,10
366,167,143,24
367,184,163,21
368,495,411,84
369,195,166,29
370,352,308,44
371,247,210,37
372,250,230,20
373,172,152,20
374,236,195,41
375,267,235,32
376,917,793,124
377,336,284,52
378,178,155,23
379,183,161,22
380,148,131,17
381,188,159,29
382,249,215,34
383,179,154,25
384,191,162,29
385,260,228,32
386,30,26,4
387,237,205,32
388,321,283,38
389,139,131,8
390,229,196,33
391,137,117,20
392,356,310,46
393,569,482,87
394,187,170,17
395,845,721,124
396,711,616,95
397,201,178,23
398,164,147,17
399,153,130,23
400,338,304,34
401,217,194,23
402,352,304,48
403,363,315,48
404,346,297,49
405,185,166,19
406,154,127,27
407,207,183,24
408,144,128,16
409,134,112,22
410,62,53,9
411,186,164,22
412,118,107,11
413,176,153,23
414,170,147,23
415,208,174,34
416,164,143,21
417,132,116,16
418,114,100,14
419,123,110,13
420,187,163,24
421,787,679,108
422,142,119,23
423,147,130,17
424,153,130,23
425,159,136,23
426,185,166,19
427,143,128,15
428,164,147,17
429,302,272,30
430,251,220,31
431,139,120,19
432,184,171,13
433,249,214,35
434,125,97,28
435,48,43,5
436,67,58,9
437,164,133,31
438,245,208,37
439,508,438,70
440,452,373,79
441,180,159,21
442,314,279,35
443,424,373,51
444,95,82,13
445,100,85,15
446,246,203,43
447,136,124,12
448,299,239,60
449,73,61,12
450,291,250,41
451,475,414,61
452,901,738,163
453,93,81,12
454,738,653,85
455,124,105,19
456,163,135,28
457,408,344,64
458,265,232,33
459,86,77,9
460,283,239,44
461,228,199,29
462,184,161,23
463,225,182,43
464,392,335,57
465,145,129,16
466,660,556,104
467,143,115,28
468,207,183,24
469,565,475,90
470,135,110,25
471,434,356,78
472,255,217,38
473,270,237,33
474,152,128,24
475,135,122,13
476,111,95,16
477,321,264,57
478,625,562,63
479,156,133,23
480,193,174,19
481,173,161,12
482,113,95,18
483,244,215,29
484,370,322,48
485,263,239,24
486,543,466,77
487,410,359,51
488,239,217,22
489,229,208,21
490,777,667,110
491,253,237,16
492,91,73,18
493,258,223,35
494,271,242,29
495,183,164,19
496,239,223,16
497,73,63,10
498,146,130,16
499,511,437,74
500,141,119,22
501,176,157,19
502,251,216,35
503,183,155,28
504,631,553,78
505,256,230,26
506,216,191,25
507,100,92,8
508,96,83,13
509,89,81,8
510,444,380,64
511,119,98,21
512,119,105,14
513,36,31,5
514,708,626,82
515,313,284,29
516,137,121,16
517,208,181,27
518,170,154,16
519,106,93,13
520,269,231,38
521,123,107,16
522,479,418,61
523,208,175,33
524,152,137,15
525,83,71,12
526,216,193,23
527,156,138,18
528,192,168,24
529,170,151,19
530,218,197,21
531,124,107,17
532,259,235,24
533,49,45,4
534,203,175,28
535,110,93,17
536,214,187,27
537,431,378,53
538,141,130,11
539,166,141,25
540,164,145,19
541,148,131,17
542,106,98,8
543,198,172,26
544,129,106,23
545,91,86,5
546,124,111,13
547,75,65,10
548,122,106,16
549,180,156,24
550,106,94,12
551,118,104,14
552,102,90,12
553,51,45,6
554,119,101,18
555,159,135,24
556,130,116,14
557,151,142,9
558,153,132,21
559,377,339,38
560,132,117,15
561,87,79,8
562,149,132,17
563,129,117,12
564,250,218,32
565,250,217,33
566,124,106,18
567,146,132,14
568,278,233,45
569,63,54,9
570,117,101,16
571,185,167,18
572,74,63,11
573,814,690,124
574,124,103,21
575,280,237,43
576,154,133,21
577,181,158,23
578,295,254,41
579,410,352,58
580,193,168,25
581,189,163,26
582,101,89,12
583,278,242,36
584,891,748,143
585,140,120,20
586,328,289,39
587,110,93,17
588,329,278,51
589,267,237,30
590,132,122,10
591,170,151,19
592,123,106,17
593,111,91,20
594,124,108,16
595,167,145,22
596,148,128,20
597,129,115,14
598,127,120,7
599,198,181,17
600,139,127,12
601,113,105,8
602,409,363,46
603,218,182,36
604,301,259,42
605,510,449,61
606,187,166,21
607,144,130,14
608,788,691,97
609,113,100,13
610,146,134,12
611,282,241,41
612,279,249,30
613,652,570,82
614,116,102,14
615,252,225,27
616,1206,1060,146
617,88,78,10
618,127,111,16
619,99,92,7
620,205,181,24
621,65,61,4
622,388,334,54
623,486,436,50
624,47,38,9
625,332,289,43
626,51,43,8
627,278,229,49
628,130,110,20
629,91,80,11
630,107,94,13
631,144,125,19
632,114,104,10
633,805,686,119
634,389,340,49
635,312,267,45
636,216,190,26
637,75,63,12
638,138,124,14
639,561,495,66
640,120,105,15
641,228,195,33
642,461,405,56
643,60,53,7
644,136,118,18
645,529,451,78
646,180,157,23
647,439,374,65
648,332,300,32
649,291,248,43
650,493,413,80
651,77,61,16
652,370,315,55
653,107,90,17
654,45,42,3
655,119,108,11
656,236,207,29
657,174,146,28
658,115,100,15
659,500,418,82
660,971,828,143
661,126,112,14
662,176,152,24
663,44,35,9
664,249,213,36
665,81,70,11
666,374,334,40
667,169,143,26
668,152,123,29
669,127,117,10
670,354,319,35
671,36,32,4
672,42,37,5
673,142,123,19
674,96,88,8
675,57,51,6
676,156,140,16
677,127,108,19
678,137,117,20
679,81,73,8
680,190,166,24
681,332,289,43
682,186,170,16
683,81,73,8
684,435,374,61
685,215,181,34
686,764,656,108
687,232,201,31
688,94,85,9
689,189,169,20
690,64,51,13
691,96,81,15
692,210,176,34
693,176,157,19
694,263,230,33
695,191,172,19
696,463,417,46
697,88,78,10
698,142,120,22
699,60,54,6
700,132,118,14
701,142,131,11
702,260,230,30
703,150,134,16
704,211,198,13
705,107,95,12
706,122,100,22
707,68,58,10
708,93,85,8
709,637,549,88
710,49,42,7
711,493,423,70
712,146,121,25
713,222,206,16
714,490,433,57
715,190,169,21
716,317,278,39
717,219,200,19
718,177,162,15
719,137,122,15
720,107,97,10
721,65,60,5
722,72,66,6
723,146,123,23
724,131,112,19
725,189,165,24
726,192,171,21
727,154,129,25
728,167,138,29
729,135,117,18
730,126,110,16
731,138,121,17
732,143,130,13
733,126,117,9
734,395,342,53
735,349,312,37
736,498,423,75
737,147,133,14
738,228,208,20
739,661,566,95
740,283,248,35
741,296,260,36
742,22,19,3
743,60,52,8
744,50,47,3
745,56,53,3
746,274,239,35
747,80,75,5
748,410,360,50
749,120,101,19
750,284,252,32
751,480,414,66
752,118,101,17
753,266,218,48
754,563,500,63
755,169,154,15
756,234,206,28
757,555,483,72
758,315,274,41
759,106,89,17
760,159,138,21
761,114,101,13
762,123,111,12
763,132,120,12
764,52,48,4
765,178,148,30
766,48,44,4
767,92,88,4
768,133,125,8
769,385,345,40
770,358,308,50
771,48,45,3
772,134,122,12
773,108,97,11
774,297,259,38
775,375,328,47
776,162,147,15
777,187,163,24
778,100,90,10
779,127,106,21
780,182,165,17
781,131,111,20
782,321,275,46
783,116,100,16
784,132,118,14
785,162,139,23
786,180,162,18
787,436,374,62
788,59,50,9
789,215,183,32
790,455,401,54
791,124,112,12
792,182,164,18
793,539,480,59
794,133,122,11
795,317,280,37
796,208,184,24
797,235,197,38
798,357,310,47
799,176,161,15
800,115,103,12
801,131,118,13
802,138,122,16
803,224,194,30
804,164,148,16
805,110,101,9
806,168,147,21
807,217,193,24
808,132,121,11
809,167,153,14
810,131,111,20
811,211,181,30
812,93,83,10
813,146,135,11
814,107,102,5
815,182,163,19
816,63,57,6
817,51,46,5
818,81,75,6
819,293,261,32
820,150,142,8
821,267,238,29
822,137,120,17
823,148,134,14
824,146,131,15
825,379,335,44
826,110,96,14
827,213,190,23
828,67,57,10
829,234,204,30
830,153,137,16
831,128,114,14
832,55,50,5
833,467,421,46
834,984,852,132
835,239,210,29
836,328,284,44
837,144,126,18
838,127,107,20
839,54,49,5
840,362,314,48
841,599,514,85
842,520,437,83
843,64,61,3
844,43,37,6
845,739,671,68
846,472,411,61
847,124,111,13
848,60,55,5
849,105,91,14
850,118,99,19
851,135,113,22
852,234,195,39
853,129,112,17
854,493,445,48
855,49,43,6
856,150,134,16
857,47,45,2
858,162,121,41
859,55,46,9
860,66,51,15
861,206,165,41
862,231,191,40
863,160,143,17
864,121,110,11
865,141,125,16
866,121,105,16
867,114,102,12
868,277,242,35
869,158,137,21
870,71,65,6
871,129,108,21
872,138,129,9
873,142,124,18
874,153,140,13
875,128,119,9
876,586,498,88
877,125,110,15
878,142,119,23
879,54,44,10
880,258,220,38
881,61,57,4
882,126,103,23
883,127,115,12
884,280,244,36
885,186,154,32
886,290,257,33
887,100,93,7
888,119,109,10
889,109,103,6
890,180,167,13
891,114,99,15
892,142,127,15
893,195,162,33
894,48,41,7
895,70,59,11
896,172,149,23
897,50,45,5
898,83,72,11
899,227,192,35
900,73,68,5
901,133,111,22
902,624,575,49
903,195,179,16
904,236,211,25
905,96,84,12
906,170,152,18
907,84,78,6
908,371,341,30
909,153,137,16
910,58,46,12
911,487,452,35
912,133,119,14
913,218,192,26
914,308,263,45
915,136,119,17
916,95,82,13
917,122,103,19
918,133,117,16
919,32,27,5
920,59,50,9
921,150,131,19
922,88,81,7
923,108,98,10
924,74,65,9
925,174,159,15
926,129,122,7
927,139,125,14
928,116,106,10
929,102,88,14
930,147,131,16
931,238,223,15
932,91,78,13
933,390,345,45
934,37,34,3
935,168,145,23
936,382,334,48
937,77,66,11
938,160,147,13
939,382,341,41
940,130,118,12
941,284,248,36
942,119,108,11
943,185,153,32
944,143,123,20
945,249,219,30
946,384,345,39
947,311,266,45
948,381,336,45
949,152,137,15
950,187,169,18
951,151,130,21
952,124,110,14
953,173,149,24
954,90,76,14
955,129,113,16
956,691,607,84
957,253,227,26
958,622,542,80
959,412,349,63
960,136,121,15
961,172,142,30
962,154,143,11
963,135,114,21
964,138,127,11
965,135,120,15
966,144,129,15
967,177,156,21
968,350,310,40
969,194,169,25
970,253,220,33
971,304,244,60
972,167,156,11
973,157,131,26
974,166,141,25
975,132,123,9
976,234,203,31
977,113,104,9
978,241,207,34
979,101,89,12
980,343,306,37
981,389,353,36
982,432,382,50
983,486,426,60
984,181,158,23
985,216,189,27
986,156,140,16
987,125,105,20
988,123,108,15
989,164,143,21
990,145,120,25
991,142,124,18
992,104,89,15
993,132,121,11
994,195,178,17
995,348,298,50
996,155,137,18
997,150,130,20
998,127,108,19
999,79,64,15
1000,187,155,32
1001,128,109,19
1002,182,159,23
1003,147,135,12
1004,150,132,18
1005,188,155,33
1006,137,123,14
1007,165,146,19
1008,134,121,13
1009,1011,848,163
1010,355,305,50
1011,181,154,27
1012,180,149,31
1013,187,159,28
1014,354,308,46
1015,145,137,8
1016,277,238,39
1017,149,128,21
1018,172,146,26
1019,57,51,6
1020,129,113,16
1021,81,75,6
1022,110,99,11
1023,233,216,17
1024,220,202,18
1025,120,102,18
1026,82,72,10
1027,184,165,19
1028,120,104,16
1029,113,104,9
1030,417,374,43
1031,366,323,43
1032,503,446,57
1033,523,469,54
1034,228,204,24
1035,562,490,72
1036,300,267,33
1037,138,124,14
1038,201,177,24
1039,240,221,19
1040,368,325,43
1041,220,191,29
1042,157,139,18
1043,68,62,6
1044,621,540,81
1045,139,120,19
1046,123,106,17
1047,159,140,19
1048,111,96,15
1049,131,123,8
1050,176,152,24
1051,288,268,20
1052,176,152,24
1053,135,124,11
1054,114,100,14
1055,344,306,38
1056,171,151,20
1057,203,187,16
1058,137,122,15
1059,161,142,19
1060,311,281,30
1061,156,140,16
1062,179,154,25
1063,264,233,31
1064,135,123,12
1065,43,40,3
1066,163,147,16
1067,90,80,10
1068,350,298,52
1069,106,95,11
1070,444,385,59
1071,256,234,22
1072,190,162,28
1073,138,122,16
1074,125,111,14
1075,245,217,28
1076,120,100,20
1077,313,280,33
1078,57,46,11
1079,235,208,27
1080,65,61,4
1081,171,141,30
1082,154,141,13
1083,286,255,31
1084,181,162,19
1085,180,147,33
1086,357,317,40
1087,176,145,31
1088,368,297,71
1089,385,337,48
1090,347,275,72
1091,135,109,26
1092,465,400,65
1093,198,172,26
1094,116,99,17
1095,304,276,28
1096,187,165,22
1097,507,435,72
1098,297,257,40
1099,597,525,72
1100,132,115,17
1101,220,203,17
1102,243,218,25
1103,101,89,12
1104,116,105,11
1105,190,169,21
1106,85,76,9
1107,457,398,59
1108,265,233,32
1109,808,708,100
1110,65,61,4
1111,73,61,12
1112,224,194,30
1113,924,795,129
1114,430,368,62
1115,367,326,41
1116,203,177,26
1117,913,771,142
1118,383,332,51
1119,251,214,37
1120,346,306,40
1121,145,126,19
1122,334,285,49
1123,197,164,33
1124,179,154,25
1125,183,163,20
1126,225,198,27
1127,82,72,10
1128,125,104,21
1129,80,73,7
1130,300,264,36
1131,56,46,10
1132,66,58,8
1133,228,186,42
1134,317,262,55
1135,318,276,42
1136,200,166,34
1137,204,171,33
1138,113,96,17
1139,287,249,38
1140,635,549,86
1141,146,133,13
1142,143,124,19
1143,338,292,46
1144,247,209,38
1145,1029,900,129
1146,133,107,26
1147,177,148,29
1148,320,270,50
1149,64,55,9
1150,404,351,53
1151,168,135,33
1152,187,165,22
1153,279,263,16
1154,165,146,19
1155,137,115,22
1156,161,140,21
1157,618,526,92
1158,209,172,37
1159,348,301,47
1160,411,348,63
1161,463,401,62
1162,703,615,88
1163,214,187,27
1164,112,96,16
1165,747,627,120
1166,342,286,56
1167,135,115,20
1168,678,557,121
1169,208,188,20
1170,531,456,75
1171,140,124,16
1172,245,216,29
1173,164,142,22
1174,126,117,9
1175,75,69,6
1176,380,325,55
1177,350,305,45
1178,46,39,7
1179,65,58,7
1180,43,38,5
1181,154,134,20
1182,73,61,12
1183,195,172,23
1184,133,119,14
1185,217,194,23
1186,720,626,94
1187,117,104,13
1188,212,180,32
1189,109,96,13
1190,204,181,23
1191,131,110,21
1192,257,231,26
1193,376,319,57
1194,259,228,31
1195,204,185,19
1196,298,264,34
1197,181,161,20
1198,146,132,14
1199,232,189,43
1200,133,119,14
1201,561,492,69
1202,91,76,15
1203,102,92,10
1204,137,121,16
1205,48,44,4
1206,145,135,10
1207,621,539,82
1208,141,129,12
1209,28,24,4
1210,166,141,25
1211,253,217,36
1212,771,691,80
1213,91,79,12
1214,119,103,16
1215,146,126,20
1216,179,152,27
1217,176,152,24
1218,582,528,54
1219,125,111,14
1220,138,124,14
1221,204,183,21
1222,44,42,2
1223,54,45,9
1224,165,149,16
1225,525,464,61
1226,259,208,51
1227,237,206,31
1228,502,434,68
1229,802,674,128
1230,205,171,34
1231,200,172,28
1232,227,190,37
1233,127,110,17
1234,339,300,39
1235,201,183,18
1236,177,150,27
1237,154,130,24
1238,434,385,49
1239,278,244,34
1240,138,118,20
1241,430,371,59
1242,186,171,15
1243,277,240,37
1244,158,133,25
1245,268,240,28
1246,185,159,26
1247,253,233,20
1248,162,146,16
1249,242,211,31
1250,204,183,21
1251,265,218,47
1252,885,771,114
1253,211,176,35
1254,579,491,88
1255,459,389,70
1256,278,234,44
1257,175,153,22
1258,682,602,80
1259,1003,921,82
1260,809,694,115
1261,149,132,17
1262,253,230,23
1263,181,160,21
1264,250,222,28
1265,242,197,45
1266,237,202,35
1267,619,539,80
1268,520,440,80
1269,273,230,43
1270,228,204,24
1271,828,728,100
1272,304,259,45
1273,146,123,23
1274,520,438,82
1275,208,179,29
1276,400,342,58
1277,267,233,34
1278,543,485,58
1279,657,575,82
1280,151,132,19
1281,177,148,29
1282,306,260,46
1283,361,316,45
1284,232,209,23
1285,1004,874,130
1286,177,148,29
1287,128,114,14
1288,142,129,13
1289,88,72,16
1290,100,91,9
1291,179,155,24
1292,142,126,16
1293,99,82,17
1294,133,114,19
1295,255,216,39
1296,195,161,34
1297,291,243,48
1298,197,178,19
1299,34,34,0
1300,169,153,16
1301,126,110,16
1302,133,110,23
1303,142,127,15
1304,295,269,26
1305,120,101,19
1306,345,300,45
1307,292,257,35
1308,187,162,25
1309,443,389,54
1310,535,473,62
1311,693,624,69
1312,363,325,38
1313,89,78,11
1314,513,458,55
1315,583,516,67
1316,167,145,22
1317,423,369,54
1318,243,210,33
1319,355,320,35
1320,57,48,9
1321,113,98,15
1322,47,46,1
1323,155,137,18
1324,143,131,12
1325,294,253,41
1326,77,73,4
1327,424,363,61
1328,350,309,41
1329,225,190,35
1330,198,177,21
1331,521,466,55
1332,857,732,125
1333,35,30,5
1334,309,271,38
1335,175,151,24
1336,108,95,13
1337,635,559,76
1338,122,111,11
1339,63,55,8
1340,123,107,16
1341,76,67,9
1342,232,207,25
1343,121,107,14
1344,391,347,44
1345,319,266,53
1346,148,133,15
1347,161,139,22
1348,356,316,40
1349,199,175,24
1350,203,167,36
1351,141,126,15
1352,246,215,31
1353,298,257,41
1354,942,812,130
1355,147,136,11
1356,357,283,74
1357,34,28,6
1358,58,51,7
1359,330,295,35
1360,57,48,9
1361,57,53,4
1362,321,278,43
1363,269,224,45
1364,166,148,18
1365,133,121,12
1366,125,111,14
1367,179,153,26
1368,136,123,13
1369,350,310,40
1370,374,334,40
1371,118,102,16
1372,383,334,49
1373,235,217,18
1374,151,134,17
1375,177,164,13
1376,188,172,16
1377,320,285,35
1378,94,77,17
1379,154,131,23
1380,124,108,16
1381,135,124,11
1382,134,115,19
1383,67,58,9
1384,155,135,20
1385,216,191,25
1386,258,222,36
1387,196,175,21
1388,118,101,17
1389,519,462,57
1390,710,593,117
1391,463,405,58
1392,157,143,14
1393,448,375,73
1394,218,189,29
1395,184,151,33
1396,126,112,14
1397,146,135,11
1398,58,52,6
1399,169,139,30
1400,65,56,9
1401,86,70,16
1402,276,239,37
1403,121,106,15
1404,136,119,17
1405,128,115,13
1406,185,163,22
1407,145,124,21
1408,205,174,31
1409,241,218,23
1410,138,121,17
1411,238,217,21
1412,414,355,59
1413,754,661,93
1414,510,435,75
1415,404,345,59
1416,473,421,52
1417,831,726,105
1418,256,211,45
1419,93,80,13
1420,48,39,9
1421,259,220,39
1422,62,52,10
1423,460,391,69
1424,570,478,92
1425,445,387,58
1426,373,311,62
1427,355,306,49
1428,277,241,36
1429,154,133,21
1430,269,240,29
1431,83,71,12
1432,110,97,13
1433,791,663,128
1434,133,122,11
1435,118,110,8
1436,285,239,46
1437,99,88,11
1438,340,301,39
1439,328,290,38
1440,577,502,75
1441,478,414,64
1442,423,368,55
1443,1005,822,183
1444,103,84,19
1445,164,142,22
1446,843,740,103
1447,300,262,38
1448,68,58,10
1449,182,157,25
1450,916,776,140
1451,452,374,78
1452,148,126,22
1453,160,137,23
1454,139,116,23
1455,120,98,22
1456,429,361,68
1457,48,38,10
1458,108,98,10
1459,160,124,36
1460,351,316,35
1461,469,393,76
1462,765,645,120
1463,495,431,64
1464,182,157,25
1465,576,469,107
1466,141,128,13
1467,61,57,4
1468,175,158,17
1469,214,190,24
1470,385,342,43
1471,260,233,27
1472,161,139,22
1473,124,117,7
1474,173,155,18
1475,59,53,6
1476,136,114,22
1477,132,116,16
1478,149,123,26
1479,392,330,62
1480,168,141,27
1481,126,113,13
1482,96,80,16
1483,162,146,16
1484,154,141,13
1485,86,72,14
1486,129,117,12
1487,143,120,23
1488,177,157,20
1489,522,451,71
1490,253,218,35
1491,263,227,36
1492,138,122,16
1493,284,251,33
1494,104,86,18
1495,170,148,22
1496,48,42,6
1497,130,118,12
1498,91,78,13
1499,149,137,12
1500,156,132,24
1501,69,63,6
1502,158,141,17
1503,143,125,18
1504,1043,900,143
1505,80,72,8
1506,150,134,16
1507,254,220,34
1508,165,149,16
1509,130,109,21
1510,140,124,16
1511,169,142,27
1512,93,81,12
1513,76,65,11
1514,154,132,22
1515,205,179,26
1516,455,393,62
1517,241,209,32
1518,641,572,69
1519,133,113,20
1520,534,475,59
1521,207,187,20
1522,184,152,32
1523,198,172,26
1524,108,93,15
1525,243,222,21
1526,322,282,40
1527,123,115,8
1528,271,248,23
1529,260,232,28
1530,410,351,59
1531,851,726,125
1532,339,303,36
1533,156,137,19
1534,119,101,18
1535,727,643,84
1536,97,79,18
1537,585,501,84
1538,283,254,29
1539,910,776,134
1540,278,247,31
1541,449,388,61
1542,237,204,33
1543,115,98,17
1544,142,122,20
1545,275,249,26
1546,74,63,11
1547,252,221,31
1548,106,87,19
1549,142,121,21
1550,73,61,12
1551,87,76,11
1552,142,131,11
1553,200,173,27
1554,233,197,36
1555,115,101,14
1556,639,573,66
1557,548,489,59
1558,217,181,36
1559,584,518,66
1560,673,567,106
1561,431,338,93
1562,524,445,79
1563,540,449,91
1564,335,293,42
1565,101,89,12
1566,121,104,17
1567,188,156,32
1568,246,211,35
1569,161,135,26
1570,65,60,5
1571,61,50,11
1572,70,55,15
1573,68,63,5
1574,249,211,38
1575,191,166,25
1576,98,80,18
1577,246,217,29
1578,117,104,13
1579,117,101,16
1580,217,194,23
1581,151,132,19
1582,441,409,32
1583,191,170,21
1584,161,143,18
1585,96,91,5
1586,282,244,38
1587,655,587,68
1588,168,157,11
1589,117,104,13
1590,210,189,21
1591,637,546,91
1592,176,150,26
1593,44,36,8
1594,54,52,2
1595,107,90,17
1596,74,64,10
1597,139,123,16
1598,280,251,29
1599,282,252,30
1600,286,252,34
1601,166,140,26
1602,132,114,18
1603,124,113,11
1604,102,90,12
1605,102,80,22
1606,101,95,6
1607,144,124,20
1608,266,234,32
1609,169,148,21
1610,483,428,55
1611,74,63,11
1612,178,158,20
1613,504,426,78
1614,73,58,15
1615,155,131,24
1616,420,353,67
1617,179,148,31
1618,649,550,99
1619,185,163,22
1620,234,201,33
1621,396,333,63
1622,553,486,67
1623,128,111,17
1624,329,283,46
1625,205,185,20
1626,173,160,13
1627,62,52,10
1628,310,286,24
1629,126,117,9
1630,309,280,29
1631,234,216,18
1632,84,77,7
1633,234,216,18
1634,129,118,11
1635,239,213,26
1636,193,172,21
1637,233,202,31
1638,972,855,117
1639,239,214,25
1640,268,240,28
1641,189,167,22
1642,174,152,22
1643,78,69,9
1644,146,129,17
1645,253,220,33
1646,159,148,11
1647,134,118,16
1648,375,322,53
1649,133,117,16
1650,52,46,6
1651,453,413,40
1652,432,392,40
1653,162,149,13
1654,113,102,11
1655,176,156,20
1656,154,136,18
1657,642,584,58
1658,117,105,12
1659,208,184,24
1660,233,204,29
1661,139,120,19
1662,108,99,9
1663,757,652,105
1664,160,142,18
1665,152,128,24
1666,58,51,7
1667,164,145,19
1668,133,125,8
1669,226,203,23
1670,107,85,22
1671,598,506,92
1672,706,596,110
1673,222,196,26
1674,195,164,31
1675,187,157,30
1676,454,384,70
1677,978,848,130
1678,606,535,71
1679,308,255,53
1680,506,455,51
1681,202,166,36
1682,70,61,9
1683,157,133,24
1684,270,233,37
1685,104,89,15
1686,90,78,12
1687,141,130,11
1688,298,255,43
1689,158,132,26
1690,81,70,11
1691,113,99,14
1692,232,205,27
1693,125,106,19
1694,211,183,28
1695,157,137,20
1696,332,286,46
1697,129,110,19
1698,338,301,37
1699,99,81,18
1700,161,134,27
1701,129,109,20
1702,124,112,12
1703,252,225,27
1704,155,139,16
1705,901,789,112
1706,683,578,105
1707,269,224,45
1708,354,309,45
1709,287,237,50
1710,596,530,66
1711,224,190,34
1712,126,111,15
1713,182,161,21
1714,114,105,9
1715,696,616,80
1716,536,487,49
1717,112,99,13
1718,105,85,20
1719,258,216,42
1720,141,124,17
1721,150,133,17
1722,111,98,13
1723,186,163,23
1724,201,172,29
1725,453,399,54
1726,541,469,72
1727,109,95,14
1728,176,146,30
1729,104,88,16
1730,135,119,16
1731,156,132,24
1732,84,76,8
1733,37,31,6
1734,275,243,32
1735,387,332,55
1736,178,157,21
1737,153,132,21
1738,348,288,60
1739,163,143,20
1740,612,543,69
1741,281,250,31
1742,279,241,38
1743,141,124,17
1744,221,193,28
1745,258,225,33
1746,451,374,77
1747,373,325,48
1748,98,75,23
1749,153,136,17
1750,159,145,14
1751,117,103,14
1752,45,41,4
1753,126,110,16
1754,75,65,10
1755,185,160,25
1756,473,402,71
1757,163,140,23
1758,307,255,52
1759,792,697,95
1760,455,401,54
1761,993,849,144
1762,156,137,19
1763,201,179,22
1764,128,112,16
1765,466,395,71
1766,144,132,12
1767,134,125,9
1768,177,154,23
1769,139,125,14
1770,146,126,20
1771,29,24,5
1772,122,112,10
1773,316,273,43
1774,53,48,5
1775,51,45,6
1776,57,53,4
1777,131,105,26
1778,160,145,15
1779,155,117,38
1780,325,286,39
1781,165,145,20
1782,318,282,36
1783,84,76,8
1784,52,45,7
1785,132,114,18
1786,155,135,20
1787,404,357,47
1788,126,115,11
1789,61,53,8
1790,215,183,32
1791,189,156,33
1792,167,145,22
1793,492,436,56
1794,536,470,66
1795,426,382,44
1796,216,194,22
1797,215,177,38
1798,137,125,12
1799,210,186,24
1800,388,354,34
1801,167,148,19
1802,350,298,52
1803,136,114,22
1804,232,199,33
1805,749,670,79
1806,204,178,26
1807,146,129,17
1808,327,283,44
1809,202,178,24
1810,65,58,7
1811,219,193,26
1812,778,712,66
1813,274,248,26
1814,296,254,42
1815,128,112,16
1816,423,374,49
1817,201,182,19
1818,546,488,58
1819,127,113,14
1820,167,158,9
1821,168,149,19
1822,178,161,17
1823,389,344,45
1824,433,382,51
1825,398,367,31
1826,166,152,14
1827,247,212,35
1828,163,142,21
1829,382,331,51
1830,247,219,28
1831,69,63,6
1832,99,88,11
1833,86,73,13
1834,147,131,16
1835,121,113,8
1836,156,131,25
1837,238,206,32
1838,117,104,13
1839,129,120,9
1840,305,257,48
1841,497,429,68
1842,254,214,40
1843,260,230,30
1844,252,205,47
1845,644,551,93
1846,213,174,39
1847,712,611,101
1848,701,594,107
1849,327,277,50
1850,207,182,25
1851,266,227,39
1852,599,513,86
1853,56,48,8
1854,240,191,49
1855,131,119,12
1856,133,117,16
1857,177,145,32
1858,148,130,18
1859,136,125,11
1860,441,388,53
1861,198,175,23
1862,122,105,17
1863,84,69,15
1864,87,80,7
1865,347,283,64
1866,150,130,20
1867,122,106,16
1868,383,326,57
1869,334,292,42
1870,399,352,47
1871,84,75,9
1872,50,40,10
1873,82,77,5
1874,59,52,7
1875,344,304,40
1876,300,259,41
1877,77,70,7
1878,127,109,18
1879,136,126,10
1880,161,146,15
1881,468,412,56
1882,233,202,31
1883,138,123,15
1884,74,65,9
1885,125,112,13
1886,142,129,13
1887,201,176,25
1888,232,202,30
1889,147,128,19
1890,288,251,37
1891,345,314,31
1892,171,156,15
1893,521,467,54
1894,64,57,7
1895,151,139,12
1896,129,115,14
1897,146,131,15
1898,208,180,28
1899,121,100,21
1900,216,189,27
1901,222,202,20
1902,94,85,9
1903,222,194,28
1904,294,264,30
1905,148,126,22
1906,346,291,55
1907,498,415,83
1908,144,117,27
1909,227,184,43
1910,129,116,13
1911,260,228,32
1912,275,236,39
1913,127,110,17
1914,825,722,103
1915,170,142,28
1916,164,140,24
1917,174,150,24
1918,49,41,8
1919,180,159,21
1920,58,51,7
1921,349,307,42
1922,196,175,21
1923,127,113,14
1924,267,243,24
1925,222,184,38
1926,295,256,39
1927,329,276,53
1928,276,230,46
1929,168,143,25
1930,356,292,64
1931,360,294,66
1932,468,407,61
1933,186,165,21
1934,150,136,14
1935,437,382,55
1936,154,139,15
1937,389,350,39
1938,129,114,15
1939,114,99,15
1940,144,126,18
1941,109,99,10
1942,226,201,25
1943,112,100,12
1944,115,102,13
1945,93,86,7
1946,309,266,43
1947,149,129,20
1948,62,54,8
1949,145,131,14
1950,120,108,12
1951,79,69,10
1952,56,49,7
1953,130,118,12
1954,2487,2135,352
1955,43,36,7
1956,97,89,8
1957,218,185,33
1958,127,110,17
1959,116,103,13
1960,72,63,9
1961,194,176,18
1962,62,52,10
1963,165,147,18
1964,125,113,12
1965,76,73,3
1966,81,67,14
1967,53,46,7
1968,128,111,17
1969,133,116,17
1970,172,153,19
1971,116,106,10
1972,181,165,16
1973,114,103,11
1974,156,133,23
1975,249,233,16
1976,693,611,82
1977,189,162,27
1978,127,117,10
1979,416,381,35
1980,153,137,16
1981,184,162,22
1982,75,64,11
1983,161,146,15
1984,172,154,18
1985,258,239,19
1986,235,203,32
1987,214,183,31
1988,71,58,13
1989,117,96,21
1990,251,213,38
1991,398,336,62
1992,136,121,15
1993,157,138,19
1994,176,149,27
1995,52,47,5
1996,77,65,12
1997,118,103,15
1998,509,432,77
1999,346,299,47
2000,46,39,7
2001,378,322,56
2002,147,127,20
2003,638,569,69
2004,166,148,18
2005,116,105,11
2006,263,217,46
2007,170,143,27
2008,490,419,71
2009,145,132,13
2010,41,39,2
2011,362,319,43
2012,332,292,40
2013,165,145,20
2014,419,356,63
2015,242,212,30
2016,147,131,16
2017,139,126,13
2018,222,197,25
2019,649,558,91
2020,156,134,22
2021,128,106,22
2022,291,255,36
2023,479,416,63
2024,228,206,22
2025,158,137,21
2026,127,115,12
2027,62,52,10
2028,279,245,34
2029,141,114,27
2030,204,171,33
2031,265,229,36
2032,51,41,10
2033,276,239,37
2034,158,140,18
2035,432,402,30
2036,143,131,12
2037,175,153,22
2038,152,133,19
2039,241,200,41
2040,169,151,18
2041,149,130,19
2042,99,89,10
2043,126,107,19
2044,410,369,41
2045,134,118,16
2046,59,53,6
2047,375,347,28
2048,213,188,25
2049,213,185,28
2050,89,77,12
2051,142,127,15
2052,135,125,10
2053,79,71,8
2054,451,408,43
2055,63,56,7
2056,83,76,7
2057,144,130,14
2058,187,166,21
2059,124,109,15
2060,158,128,30
2061,50,48,2
2062,61,51,10
2063,215,196,19
2064,138,121,17
2065,88,78,10
2066,194,168,26
2067,81,70,11
2068,80,73,7
2069,190,173,17
2070,596,515,81
2071,129,117,12
2072,98,85,13
2073,619,542,77
2074,51,45,6
2075,41,38,3
2076,214,189,25
2077,49,42,7
2078,178,151,27
2079,715,633,82
2080,931,801,130
2081,292,250,42
2082,352,300,52
2083,649,579,70
2084,128,114,14
2085,758,662,96
2086,113,94,19
2087,247,220,27
2088,520,468,52
2089,388,342,46
2090,302,270,32
2091,223,199,24
2092,90,80,10
2093,138,120,18
2094,131,121,10
2095,320,267,53
2096,125,106,19
2097,165,140,25
2098,60,57,3
2099,238,207,31
2100,126,116,10
2101,206,176,30
2102,147,131,16
2103,130,114,16
2104,130,113,17
2105,67,56,11
2106,143,126,17
2107,157,142,15
2108,627,537,90
2109,367,319,48
2110,609,539,70
2111,114,96,18
2112,128,107,21
2113,189,165,24
2114,203,180,23
2115,374,331,43
2116,542,480,62
2117,210,189,21
2118,125,108,17
2119,185,174,11
2120,192,166,26
2121,630,549,81
2122,132,108,24
2123,49,44,5
2124,226,198,28
2125,179,152,27
2126,174,155,19
2127,244,214,30
2128,179,158,21
2129,118,105,13
2130,337,309,28
2131,35,31,4
2132,144,128,16
2133,115,105,10
2134,64,56,8
2135,55,50,5
2136,55,50,5
2137,31,28,3
2138,151,129,22
2139,427,377,50
2140,130,119,11
2141,263,221,42
2142,165,146,19
2143,449,394,55
2144,116,97,19
2145,121,111,10
2146,136,125,11
2147,95,84,11
2148,94,88,6
2149,516,453,63
2150,186,162,24
2151,133,126,7
2152,183,168,15
2153,148,125,23
2154,99,83,16
2155,194,171,23
2156,323,281,42
2157,258,220,38
2158,450,398,52
2159,135,116,19
2160,113,98,15
2161,125,102,23
2162,140,132,8
2163,190,175,15
2164,251,230,21
2165,156,129,27
2166,145,129,16
2167,428,366,62
2168,313,262,51
2169,878,753,125
2170,189,164,25
2171,225,205,20
2172,131,117,14
2173,137,122,15
2174,654,589,65
2175,410,362,48
2176,191,177,14
2177,814,698,116
2178,167,148,19
2179,433,380,53
2180,103,95,8
2181,147,128,19
2182,132,115,17
2183,149,135,14
2184,151,133,18
2185,296,272,24
2186,301,268,33
2187,125,118,7
2188,175,160,15
2189,242,213,29
2190,193,175,18
2191,123,103,20
2192,726,640,86
2193,169,150,19
2194,127,116,11
2195,133,117,16
2196,159,135,24
2197,194,168,26
2198,125,112,13
2199,137,117,20
2200,183,166,17
2201,191,180,11
2202,136,115,21
2203,776,683,93
2204,255,233,22
2205,200,178,22
2206,300,270,30
2207,134,128,6
2208,369,320,49
2209,439,389,50
2210,164,142,22
2211,663,582,81
2212,129,116,13
2213,131,110,21
2214,653,559,94
2215,139,124,15
2216,467,399,68
2217,28,25,3
2218,130,110,20
2219,148,137,11
2220,324,279,45
2221,170,157,13
2222,40,35,5
2223,168,152,16
2224,107,94,13
2225,107,97,10
2226,199,172,27
2227,115,103,12
2228,144,131,13
2229,127,110,17
2230,117,102,15
2231,444,376,68
2232,152,138,14
2233,191,166,25
2234,565,490,75
2235,195,168,27
2236,190,173,17
2237,146,128,18
2238,226,201,25
2239,130,108,22
2240,107,86,21
2241,327,281,46
2242,464,414,50
2243,173,155,18
2244,313,274,39
2245,310,253,57
2246,384,323,61
2247,183,159,24
2248,244,216,28
2249,122,106,16
2250,515,448,67
2251,197,173,24
2252,136,128,8
2253,37,32,5
2254,75,68,7
2255,129,108,21
2256,163,147,16
2257,342,308,34
2258,287,252,35
2259,203,186,17
2260,102,94,8
2261,134,121,13
2262,172,155,17
2263,321,286,35
2264,117,107,10
2265,206,177,29
2266,178,151,27
2267,597,527,70
2268,145,131,14
2269,138,131,7
2270,205,185,20
2271,208,177,31
2272,200,177,23
2273,272,239,33
2274,255,236,19
2275,69,60,9
2276,240,228,12
2277,119,99,20
2278,591,530,61
2279,57,55,2
2280,119,109,10
2281,69,66,3
2282,251,232,19
2283,529,484,45
2284,430,382,48
2285,35,34,1
2286,154,143,11
2287,318,284,34
2288,193,166,27
2289,162,138,24
2290,272,237,35
2291,119,113,6
2292,257,228,29
2293,122,107,15
2294,218,192,26
2295,791,698,93
2296,586,503,83
2297,87,74,13
2298,126,113,13
2299,48,45,3
2300,479,397,82
2301,330,278,52
2302,352,306,46
2303,54,47,7
2304,269,240,29
2305,211,186,25
2306,144,119,25
2307,180,147,33
2308,366,312,54
2309,270,246,24
2310,123,114,9
2311,188,164,24
2312,263,228,35
2313,212,187,25
2314,129,114,15
2315,232,199,33
2316,198,173,25
2317,238,197,41
2318,139,122,17
2319,98,86,12
2320,241,203,38
2321,96,87,9
2322,207,184,23
2323,276,243,33
2324,291,266,25
2325,408,357,51
2326,176,156,20
2327,219,195,24
2328,122,106,16
2329,246,222,24
2330,702,599,103
2331,470,400,70
2332,123,116,7
2333,330,303,27
2334,362,324,38
2335,166,147,19
2336,183,158,25
2337,254,223,31
2338,118,105,13
2339,474,405,69
2340,136,123,13
2341,309,277,32
2342,224,198,26
2343,162,124,38
2344,86,79,7
2345,173,146,27
2346,158,148,10
2347,130,120,10
2348,88,78,10
2349,181,160,21
2350,143,130,13
2351,232,199,33
2352,171,158,13
2353,475,412,63
2354,419,359,60
2355,148,133,15
2356,694,626,68
2357,251,217,34
2358,130,117,13
2359,799,703,96
2360,422,377,45
2361,149,125,24
2362,157,143,14
2363,409,356,53
2364,357,316,41
2365,196,170,26
2366,142,121,21
2367,452,387,65
2368,229,199,30
2369,74,66,8
2370,663,592,71
2371,784,698,86
2372,598,547,51
2373,520,446,74
2374,221,203,18
2375,260,227,33
2376,176,164,12
2377,364,329,35
2378,696,588,108
2379,281,245,36
2380,537,462,75
2381,124,113,11
2382,391,331,60
2383,44,40,4
2384,423,373,50
2385,203,173,30
2386,77,68,9
2387,69,60,9
2388,312,278,34
2389,241,206,35
2390,135,125,10
2391,151,137,14
2392,54,48,6
2393,168,146,22
2394,370,318,52
2395,435,381,54
2396,308,264,44
2397,440,367,73
2398,318,283,35
2399,197,183,14
2400,161,133,28
2401,104,81,23
2402,433,378,55
2403,106,96,10
2404,227,193,34
2405,267,226,41
2406,134,113,21
2407,269,239,30
2408,158,145,13
2409,254,223,31
2410,330,306,24
2411,828,723,105
2412,474,424,50
2413,318,290,28
2414,104,94,10
2415,438,380,58
2416,336,286,50
2417,300,264,36
2418,190,166,24
2419,114,105,9
2420,274,240,34
2421,141,130,11
2422,146,128,18
2423,264,225,39
2424,367,309,58
2425,260,231,29
2426,106,94,12
2427,120,100,20
2428,997,826,171
2429,395,330,65
2430,130,113,17
2431,1007,842,165
2432,170,145,25
2433,493,430,63
2434,745,637,108
2435,250,216,34
2436,42,37,5
2437,103,92,11
2438,380,321,59
2439,267,231,36
2440,822,705,117
2441,1026,869,157
2442,539,478,61
2443,77,67,10
2444,220,184,36
2445,345,296,49
2446,233,193,40
2447,463,402,61
2448,137,118,19
2449,319,276,43
2450,686,577,109
2451,248,208,40
2452,269,223,46
2453,700,617,83
2454,123,110,13
2455,118,107,11
2456,120,109,11
2457,104,86,18
2458,115,106,9
2459,44,37,7
2460,84,78,6
2461,138,112,26
2462,288,258,30
2463,355,306,49
2464,373,318,55
2465,796,691,105
2466,364,328,36
2467,59,45,14
2468,114,103,11
2469,209,193,16
2470,202,172,30
2471,89,83,6
2472,150,137,13
2473,248,222,26
2474,337,297,40
2475,467,406,61
2476,135,122,13
2477,197,173,24
2478,397,354,43
2479,46,39,7
2480,183,164,19
2481,409,349,60
2482,688,615,73
2483,256,227,29
2484,208,193,15
2485,142,121,21
2486,454,400,54
2487,139,123,16
2488,181,166,15
2489,153,134,19
2490,532,453,79
2491,169,147,22
2492,85,74,11
2493,431,365,66
2494,350,302,48
2495,201,177,24
2496,134,122,12
2497,513,432,81
2498,129,113,16
2499,32,26,6
2500,134,120,14
2501,232,199,33
2502,269,241,28
2503,194,169,25
2504,97,85,12
2505,248,213,35
2506,206,178,28
2507,82,73,9
2508,164,135,29
2509,305,264,41
2510,134,119,15
2511,80,69,11
2512,370,315,55
2513,185,155,30
2514,115,92,23
2515,126,104,22
2516,155,119,36
2517,224,194,30
2518,121,96,25
2519,120,102,18
2520,215,182,33
2521,162,152,10
2522,193,171,22
2523,317,269,48
2524,990,863,127
2525,30,27,3
2526,63,55,8
2527,106,96,10
2528,98,88,10
2529,99,84,15
2530,121,110,11
2531,53,50,3
2532,108,94,14
2533,218,189,29
2534,50,47,3
2535,209,191,18
2536,232,198,34
2537,115,101,14
2538,342,287,55
2539,257,234,23
2540,95,82,13
2541,146,115,31
2542,297,275,22
2543,214,198,16
2544,202,172,30
2545,71,60,11
2546,84,77,7
2547,106,93,13
2548,259,227,32
2549,189,160,29
2550,812,688,124
2551,332,300,32
2552,636,549,87
2553,360,322,38
2554,84,72,12
2555,208,182,26
2556,67,60,7
2557,238,217,21
2558,637,558,79
2559,60,46,14
2560,139,130,9
2561,197,173,24
2562,274,231,43
2563,37,34,3
2564,38,30,8
2565,39,34,5
2566,122,109,13
2567,63,59,4
2568,63,55,8
2569,74,66,8
2570,49,43,6
2571,512,456,56
2572,100,86,14
2573,300,260,40
2574,211,180,31
2575,289,246,43
2576,204,180,24
2577,63,58,5
2578,392,332,60
2579,491,421,70
2580,117,102,15
2581,126,109,17
2582,64,56,8
2583,368,321,47
2584,86,76,10
2585,1076,953,123
2586,72,61,11
2587,55,51,4
2588,137,118,19
2589,392,336,56
2590,148,131,17
2591,139,115,24
2592,500,427,73
2593,109,105,4
2594,110,97,13
2595,146,131,15
2596,212,181,31
2597,109,96,13
2598,117,108,9
2599,61,51,10
2600,230,202,28
2601,186,166,20
2602,427,367,60
2603,172,152,20
2604,140,121,19
2605,174,147,27
2606,129,115,14
2607,146,119,27
2608,115,104,11
2609,71,58,13
2610,127,108,19
2611,338,289,49
2612,444,363,81
2613,88,79,9
2614,148,129,19
2615,125,103,22
2616,138,116,22
2617,145,120,25
2618,146,122,24
2619,114,103,11
2620,130,114,16
2621,125,111,14
2622,127,111,16
2623,622,545,77
2624,315,288,27
2625,206,176,30
2626,201,175,26
2627,242,219,23
2628,129,109,20
2629,160,138,22
2630,186,158,28
2631,801,692,109
2632,102,92,10
2633,495,428,67
2634,406,353,53
2635,346,306,40
2636,180,162,18
2637,420,365,55
2638,552,485,67
2639,301,270,31
2640,697,611,86
2641,259,233,26
2642,130,123,7
2643,77,70,7
2644,375,327,48
2645,165,142,23
2646,231,196,35
2647,287,227,60
2648,855,751,104
2649,291,257,34
2650,204,180,24
2651,176,155,21
2652,164,149,15
2653,223,189,34
2654,59,55,4
2655,170,146,24
2656,396,349,47
2657,246,224,22
2658,240,217,23
2659,60,50,10
2660,72,63,9
2661,70,58,12
2662,45,42,3
2663,142,125,17
2664,582,482,100
2665,136,120,16
2666,593,529,64
2667,254,218,36
2668,474,408,66
2669,180,157,23
2670,190,165,25
2671,146,120,26
2672,113,100,13
2673,315,275,40
2674,576,497,79
2675,170,143,27
2676,382,335,47
2677,327,288,39
2678,95,90,5
2679,524,454,70
2680,520,474,46
2681,62,55,7
2682,90,74,16
2683,106,95,11
2684,56,44,12
2685,701,593,108
2686,137,114,23
2687,189,162,27
2688,296,257,39
2689,107,90,17
2690,34,33,1
2691,65,59,6
2692,57,53,4
2693,167,146,21
2694,57,53,4
2695,118,95,23
2696,272,241,31
2697,58,51,7
2698,154,137,17
2699,150,134,16
2700,82,73,9
2701,99,89,10
2702,307,268,39
2703,179,155,24
2704,118,99,19
2705,150,132,18
2706,186,174,12
2707,297,253,44
2708,135,114,21
2709,141,123,18
2710,180,161,19
2711,359,308,51
2712,177,157,20
2713,148,128,20
2714,157,135,22
2715,141,119,22
2716,142,130,12
2717,165,137,28
2718,361,311,50
2719,352,314,38
2720,153,134,19
2721,206,189,17
2722,124,104,20
2723,222,190,32
2724,472,407,65
2725,281,252,29
2726,116,102,14
2727,156,149,7
2728,173,149,24
2729,466,401,65
2730,421,361,60
2731,179,148,31
2732,217,190,27
2733,246,212,34
2734,329,279,50
2735,108,95,13
2736,194,167,27
2737,149,126,23
2738,288,264,24
2739,318,274,44
2740,624,530,94
2741,195,174,21
2742,142,129,13
2743,85,75,10
2744,109,95,14
2745,232,201,31
2746,60,54,6
2747,97,85,12
2748,46,31,15
2749,50,40,10
2750,45,40,5
2751,123,103,20
2752,182,154,28
2753,63,57,6
2754,456,416,40
2755,129,112,17
2756,283,248,35
2757,184,163,21
2758,162,142,20
2759,132,117,15
2760,149,132,17
2761,262,234,28
2762,137,124,13
2763,361,320,41
2764,349,318,31
2765,105,90,15
2766,159,138,21
2767,149,137,12
2768,115,99,16
2769,232,212,20
2770,201,181,20
2771,189,172,17
2772,221,196,25
2773,130,119,11
2774,74,63,11
2775,484,437,47
2776,477,411,66
2777,478,426,52
2778,350,307,43
2779,217,184,33
2780,168,144,24
2781,344,297,47
2782,142,128,14
2783,128,118,10
2784,78,67,11
2785,341,299,42
2786,24,20,4
2787,39,32,7
2788,387,334,53
2789,51,42,9
2790,61,52,9
2791,127,104,23
2792,238,200,38
2793,684,605,79
2794,124,113,11
2795,124,110,14
2796,111,92,19
2797,324,269,55
2798,452,383,69
2799,122,115,7
2800,443,388,55
2801,316,275,41
2802,75,68,7
2803,137,126,11
2804,261,235,26
2805,245,227,18
2806,141,124,17
2807,115,101,14
2808,238,202,36
2809,98,85,13
2810,124,113,11
2811,162,143,19
2812,155,134,21
2813,110,96,14
2814,111,103,8
2815,213,184,29
2816,302,262,40
2817,226,200,26
2818,381,338,43
2819,444,396,48
2820,236,212,24
2821,265,240,25
2822,144,129,15
2823,78,69,9
2824,188,156,32
2825,210,177,33
2826,83,72,11
2827,167,146,21
2828,162,142,20
2829,125,105,20
2830,278,247,31
2831,145,126,19
2832,145,127,18
2833,39,34,5
2834,133,121,12
2835,217,193,24
2836,185,165,20
2837,238,209,29
2838,139,125,14
2839,143,117,26
2840,349,305,44
2841,64,56,8
2842,111,101,10
2843,64,56,8
2844,288,232,56
2845,538,472,66
2846,132,124,8
2847,239,211,28
2848,130,121,9
2849,76,60,16
2850,55,51,4
2851,234,205,29
2852,139,115,24
2853,300,251,49
2854,343,303,40
2855,547,486,61
2856,291,252,39
2857,1004,872,132
2858,123,108,15
2859,210,176,34
2860,277,236,41
2861,424,361,63
2862,220,203,17
2863,89,81,8
2864,163,134,29
2865,331,283,48
2866,788,680,108
2867,89,81,8
2868,456,407,49
2869,305,246,59
2870,186,175,11
2871,124,114,10
2872,374,326,48
2873,346,298,48
2874,336,303,33
2875,314,271,43
2876,434,360,74
2877,469,418,51
2878,105,93,12
2879,50,43,7
2880,64,54,10
2881,248,224,24
2882,575,496,79
2883,709,597,112
2884,99,83,16
2885,76,63,13
2886,66,58,8
2887,194,164,30
2888,261,230,31
2889,428,366,62
2890,223,198,25
2891,194,171,23
2892,334,301,33
2893,721,653,68
2894,997,888,109
2895,254,236,18
2896,200,171,29
2897,171,154,17
2898,148,130,18
2899,136,119,17
2900,81,74,7
2901,45,41,4
2902,174,156,18
2903,122,109,13
2904,166,149,17
2905,157,134,23
2906,180,159,21
2907,61,54,7
2908,87,80,7
2909,146,128,18
2910,119,109,10
2911,113,101,12
2912,376,331,45
2913,174,158,16
2914,83,75,8
2915,196,163,33
2916,582,503,79
2917,829,709,120
2918,145,134,11
2919,211,187,24
2920,710,611,99
2921,195,174,21
2922,375,327,48
2923,526,449,77
2924,102,88,14
2925,448,393,55
2926,184,164,20
2927,141,125,16
2928,324,282,42
2929,148,128,20
2930,150,133,17
2931,217,182,35
2932,140,122,18
2933,83,74,9
2934,250,213,37
2935,211,175,36
2936,321,283,38
2937,475,438,37
2938,716,643,73
2939,352,303,49
2940,128,111,17
2941,384,350,34
2942,128,113,15
2943,300,270,30
2944,202,174,28
2945,288,252,36
2946,247,224,23
2947,162,141,21
2948,132,117,15
2949,301,265,36
2950,54,52,2
2951,218,194,24
2952,698,642,56
2953,266,231,35
2954,423,361,62
2955,82,70,12
2956,156,131,25
2957,189,171,18
2958,258,224,34
2959,390,344,46
2960,484,429,55
2961,150,135,15
2962,116,104,12
2963,138,124,14
2964,178,155,23
2965,829,741,88
2966,45,38,7
2967,342,297,45
2968,174,156,18
2969,430,391,39
2970,127,108,19
2971,269,240,29
2972,355,316,39
2973,132,123,9
2974,711,610,101
2975,116,99,17
2976,323,288,35
2977,145,116,29
2978,164,142,22
2979,174,167,7
2980,251,226,25
2981,27,23,4
2982,25,21,4
2983,108,97,11
2984,170,139,31
2985,155,137,18
2986,105,94,11
2987,234,199,35
2988,477,429,48
2989,136,117,19
2990,111,91,20
2991,781,665,116
2992,591,505,86
2993,696,617,79
2994,682,580,102
2995,171,155,16
2996,411,361,50
2997,259,218,41
2998,276,238,38
2999,910,825,85
3000,111,93,18
3001,194,169,25
3002,426,367,59
3003,101,84,17
3004,241,203,38
3005,189,172,17
3006,144,126,18
3007,153,140,13
3008,332,294,38
3009,217,188,29
3010,114,100,14
3011,124,112,12
3012,211,189,22
3013,137,119,18
3014,209,187,22
3015,204,178,26
3016,125,104,21
3017,382,317,65
3018,293,261,32
3019,200,179,21
3020,212,179,33
3021,155,139,16
3022,798,685,113
3023,380,315,65
3024,143,126,17
3025,602,511,91
3026,334,278,56
3027,974,852,122
3028,119,96,23
3029,122,115,7
3030,108,100,8
3031,413,346,67
3032,178,156,22
3033,204,174,30
3034,97,82,15
3035,337,290,47
3036,130,110,20
3037,98,84,14
3038,124,115,9
3039,204,166,38
3040,114,90,24
3041,87,74,13
3042,137,121,16
3043,111,96,15
3044,352,304,48
3045,938,823,115
3046,707,586,121
3047,247,218,29
3048,121,104,17
3049,687,603,84
3050,174,153,21
3051,64,56,8
3052,217,184,33
3053,132,117,15
3054,535,481,54
3055,106,90,16
3056,145,130,15
3057,220,175,45
3058,124,109,15
3059,684,609,75
3060,127,109,18
3061,775,685,90
3062,308,273,35
3063,586,509,77
3064,316,279,37
3065,151,131,20
3066,237,207,30
3067,523,451,72
3068,344,283,61
3069,813,732,81
3070,302,271,31
3071,399,347,52
3072,233,200,33
3073,922,785,137
3074,496,435,61
3075,997,889,108
3076,265,231,34
3077,112,98,14
3078,233,199,34
3079,1079,926,153
3080,797,686,111
3081,288,245,43
3082,124,111,13
3083,482,437,45
3084,750,629,121
3085,193,163,30
3086,132,119,13
3087,180,163,17
3088,215,181,34
3089,119,105,14
3090,477,435,42
3091,163,143,20
3092,155,139,16
3093,86,75,11
3094,159,134,25
3095,129,117,12
3096,119,106,13
3097,105,95,10
3098,121,110,11
3099,199,177,22
3100,325,296,29
3101,104,91,13
3102,94,82,12
3103,128,121,7
3104,173,149,24
3105,44,42,2
3106,122,106,16
3107,131,125,6
3108,255,223,32
3109,218,196,22
3110,297,249,48
3111,559,491,68
3112,245,220,25
3113,39,34,5
3114,45,44,1
3115,130,122,8
3116,150,131,19
3117,136,118,18
3118,16,14,2
3119,16,14,2
3120,428,383,45
3121,501,402,99
3122,143,117,26
3123,199,181,18
3124,149,128,21
3125,142,123,19
3126,184,154,30
3127,95,81,14
3128,557,489,68
3129,199,175,24
3130,281,242,39
3131,127,115,12
3132,444,392,52
3133,197,167,30
3134,115,103,12
3135,122,109,13
3136,122,105,17
3137,60,55,5
3138,190,170,20
3139,140,126,14
3140,226,198,28
3141,296,258,38
3142,275,250,25
3143,467,417,50
3144,432,359,73
3145,180,158,22
3146,881,781,100
3147,564,506,58
3148,711,575,136
3149,1210,1034,176
3150,205,174,31
3151,120,114,6
3152,176,151,25
3153,137,117,20
3154,222,196,26
3155,212,188,24
3156,132,118,14
3157,199,176,23
3158,200,182,18
3159,252,231,21
3160,156,146,10
3161,96,79,17
3162,89,75,14
3163,254,221,33
3164,99,81,18
3165,432,379,53
3166,238,214,24
3167,61,53,8
3168,278,236,42
3169,64,56,8
3170,78,70,8
3171,78,70,8
3172,88,78,10
3173,179,165,14
3174,190,166,24
3175,282,241,41
3176,151,139,12
3177,42,39,3
3178,592,507,85
3179,633,562,71
3180,306,271,35
3181,632,548,84
3182,159,143,16
3183,96,85,11
3184,140,125,15
3185,179,145,34
3186,118,106,12
3187,523,425,98
3188,68,63,5
3189,82,72,10
3190,192,164,28
3191,197,173,24
3192,148,130,18
3193,134,115,19
3194,117,108,9
3195,131,113,18
3196,151,133,18
3197,168,148,20
3198,84,75,9
3199,104,93,11
3200,162,146,16
3201,144,125,19
3202,154,132,22
3203,131,116,15
3204,155,136,19
3205,204,182,22
3206,148,134,14
3207,183,165,18
3208,114,98,16
3209,131,119,12
3210,73,61,12
3211,141,120,21
3212,217,195,22
3213,135,121,14
3214,128,111,17
3215,155,132,23
3216,83,74,9
3217,50,46,4
3218,55,48,7
3219,168,150,18
3220,811,709,102
3221,82,75,7
3222,107,92,15
3223,129,122,7
3224,252,223,29
3225,130,115,15
3226,239,206,33
3227,131,106,25
3228,125,109,16
3229,175,149,26
3230,204,176,28
3231,102,81,21
3232,27,24,3
3233,222,203,19
3234,74,66,8
3235,169,147,22
3236,146,123,23
3237,84,76,8
3238,89,79,10
3239,250,225,25
3240,581,512,69
3241,100,82,18
3242,321,263,58
3243,141,118,23
3244,195,179,16
3245,448,394,54
3246,183,156,27
3247,110,89,21
3248,288,242,46
3249,433,374,59
3250,410,352,58
3251,365,303,62
3252,425,354,71
3253,425,369,56
3254,186,158,28
3255,184,164,20
3256,137,115,22
3257,330,282,48
3258,266,227,39
3259,155,138,17
3260,265,235,30
3261,119,96,23
3262,61,55,6
3263,54,49,5
3264,116,98,18
3265,209,185,24
3266,83,77,6
3267,159,144,15
3268,233,209,24
3269,50,44,6
3270,78,70,8
3271,88,71,17
3272,128,115,13
3273,139,123,16
3274,44,38,6
3275,68,53,15
3276,503,435,68
3277,130,108,22
3278,79,71,8
3279,104,92,12
3280,87,74,13
3281,204,180,24
3282,139,115,24
3283,152,140,12
3284,47,43,4
3285,91,84,7
3286,174,143,31
3287,167,144,23
3288,223,185,38
3289,387,340,47
3290,378,322,56
3291,118,100,18
3292,197,170,27
3293,179,152,27
3294,504,430,74
3295,230,187,43
3296,473,401,72
3297,395,349,46
3298,581,503,78
3299,267,236,31
3300,204,175,29
3301,129,114,15
3302,970,815,155
3303,360,314,46
3304,436,389,47
3305,128,111,17
3306,247,212,35
3307,73,63,10
3308,130,115,15
3309,207,181,26
3310,81,73,8
3311,59,54,5
3312,152,131,21
3313,282,245,37
3314,25,22,3
3315,124,113,11
3316,185,159,26
3317,119,98,21
3318,194,174,20
3319,90,76,14
3320,176,161,15
3321,158,146,12
3322,121,105,16
3323,221,192,29
3324,117,96,21
3325,379,336,43
3326,129,105,24
3327,282,230,52
3328,204,170,34
3329,212,187,25
3330,316,282,34
3331,230,206,24
3332,209,185,24
3333,275,245,30
3334,293,244,49
3335,520,436,84
3336,773,685,88
3337,137,127,10
3338,368,333,35
3339,186,163,23
3340,622,541,81
3341,222,199,23
3342,325,294,31
3343,114,101,13
3344,216,177,39
3345,656,572,84
3346,742,668,74
3347,156,128,28
3348,215,191,24
3349,755,668,87
3350,197,168,29
3351,348,303,45
3352,185,156,29
3353,220,199,21
3354,151,129,22
3355,920,812,108
3356,151,128,23
3357,128,115,13
3358,226,199,27
3359,257,234,23
3360,143,122,21
3361,211,189,22
3362,340,299,41
3363,187,160,27
3364,144,125,19
3365,282,250,32
3366,222,205,17
3367,113,102,11
3368,471,428,43
3369,409,345,64
3370,147,132,15
3371,929,799,130
3372,504,440,64
3373,126,115,11
3374,789,718,71
3375,364,310,54
3376,93,81,12
3377,232,191,41
3378,207,180,27
3379,173,152,21
3380,136,122,14
3381,449,372,77
3382,715,623,92
3383,595,536,59
3384,586,525,61
3385,211,180,31
3386,140,124,16
3387,550,482,68
3388,893,780,113
3389,216,186,30
3390,126,109,17
3391,366,328,38
3392,563,480,83
3393,167,146,21
3394,122,110,12
3395,319,279,40
3396,144,122,22
3397,424,365,59
3398,136,123,13
3399,188,164,24
3400,272,241,31
3401,651,557,94
3402,181,161,20
3403,185,165,20
3404,95,86,9
3405,158,147,11
3406,144,128,16
3407,127,108,19
3408,304,265,39
3409,226,203,23
3410,250,210,40
3411,143,130,13
3412,159,140,19
3413,210,172,38
3414,360,317,43
3415,371,335,36
3416,251,228,23
3417,154,130,24
3418,249,231,18
3419,105,93,12
3420,229,202,27
3421,179,158,21
3422,632,528,104
3423,131,104,27
3424,319,268,51
3425,317,253,64
3426,127,109,18
3427,187,173,14
3428,670,559,111
3429,146,128,18
3430,1003,872,131
3431,70,57,13
3432,107,97,10
3433,159,137,22
3434,380,309,71
3435,129,108,21
3436,378,325,53
3437,283,243,40
3438,806,710,96
3439,221,193,28
3440,133,118,15
3441,538,473,65
3442,79,61,18
3443,264,229,35
3444,192,173,19
3445,71,64,7
3446,504,442,62
3447,87,73,14
3448,297,249,48
3449,242,215,27
3450,328,295,33
3451,55,50,5
3452,454,394,60
3453,190,161,29
3454,149,128,21
3455,71,60,11
3456,95,78,17
3457,846,736,110
3458,315,278,37
3459,125,108,17
3460,522,448,74
3461,156,136,20
3462,226,199,27
3463,115,102,13
3464,325,278,47
3465,188,162,26
3466,181,170,11
3467,365,325,40
3468,466,404,62
3469,158,127,31
3470,137,120,17
3471,197,165,32
3472,129,113,16
3473,110,93,17
3474,424,382,42
3475,208,184,24
3476,210,182,28
3477,123,113,10
3478,171,148,23
3479,199,167,32
3480,151,132,19
3481,252,221,31
3482,301,275,26
3483,173,162,11
3484,266,236,30
3485,151,127,24
3486,132,123,9
3487,181,156,25
3488,203,184,19
3489,361,316,45
3490,234,206,28
3491,134,114,20
3492,356,300,56
3493,161,141,20
3494,474,403,71
3495,209,180,29
3496,121,105,16
3497,303,264,39
3498,415,369,46
3499,123,106,17
3500,249,223,26
3501,110,97,13
3502,217,198,19
3503,57,51,6
3504,370,325,45
3505,200,175,25
3506,313,280,33
3507,157,132,25
3508,208,180,28
3509,136,125,11
3510,619,529,90
3511,136,129,7
3512,153,130,23
3513,142,131,11
3514,210,191,19
3515,313,277,36
3516,133,129,4
3517,131,123,8
3518,133,106,27
3519,162,144,18
3520,279,240,39
3521,516,443,73
3522,227,198,29
3523,119,100,19
3524,437,378,59
3525,999,885,114
3526,206,196,10
3527,211,181,30
3528,120,111,9
3529,81,71,10
3530,207,187,20
3531,141,121,20
3532,163,149,14
3533,133,124,9
3534,421,374,47
3535,179,154,25
3536,111,95,16
3537,209,188,21
3538,139,117,22
3539,244,216,28
3540,398,359,39
3541,182,164,18
3542,195,172,23
3543,755,645,110
3544,139,117,22
3545,205,181,24
3546,147,136,11
3547,387,344,43
3548,178,155,23
3549,310,270,40
3550,346,301,45
3551,130,114,16
3552,138,115,23
3553,690,610,80
3554,49,42,7
3555,145,130,15
3556,228,204,24
3557,112,100,12
3558,214,188,26
3559,198,179,19
3560,132,113,19
3561,406,356,50
3562,151,130,21
3563,438,378,60
3564,598,522,76
3565,262,223,39
3566,345,301,44
3567,125,115,10
3568,144,128,16
3569,236,215,21
3570,162,147,15
3571,126,117,9
3572,141,128,13
3573,130,117,13
3574,464,412,52
3575,252,232,20
3576,125,109,16
3577,688,615,73
3578,120,112,8
3579,224,205,19
3580,240,222,18
3581,338,299,39
3582,340,296,44
3583,100,90,10
3584,96,86,10
3585,230,203,27
3586,562,493,69
3587,762,669,93
3588,166,149,17
3589,600,527,73
3590,236,203,33
3591,190,168,22
3592,107,93,14
3593,365,325,40
3594,156,136,20
3595,133,127,6
3596,313,283,30
3597,284,243,41
3598,156,135,21
3599,493,427,66
3600,173,150,23
3601,142,129,13
3602,254,221,33
3603,956,858,98
3604,113,101,12
3605,270,233,37
3606,540,466,74
3607,115,103,12
3608,242,211,31
3609,128,112,16
3610,196,166,30
3611,119,101,18
3612,145,131,14
3613,230,196,34
3614,122,103,19
3615,257,235,22
3616,259,226,33
3617,609,525,84
3618,342,306,36
3619,169,156,13
3620,155,138,17
3621,48,41,7
3622,261,210,51
3623,90,83,7
3624,115,97,18
3625,172,144,28
3626,654,557,97
3627,137,114,23
3628,140,125,15
3629,554,459,95
3630,152,128,24
3631,130,114,16
3632,49,46,3
3633,118,99,19
3634,232,218,14
3635,343,305,38
3636,128,122,6
3637,447,383,64
3638,84,74,10
3639,119,100,19
3640,500,437,63
3641,249,214,35
3642,63,57,6
3643,138,123,15
3644,327,296,31
3645,449,394,55
3646,285,242,43
3647,39,36,3
3648,125,112,13
3649,249,219,30
3650,150,131,19
3651,339,297,42
3652,171,146,25
3653,128,112,16
3654,138,120,18
3655,294,255,39
3656,167,148,19
3657,441,394,47
3658,271,235,36
3659,259,233,26
3660,422,358,64
3661,593,524,69
3662,302,276,26
3663,181,160,21
3664,109,101,8
3665,87,81,6
3666,182,170,12
3667,330,272,58
3668,530,443,87
3669,198,177,21
3670,184,156,28
3671,518,452,66
3672,63,55,8
3673,202,181,21
3674,141,121,20
3675,133,115,18
3676,125,105,20
3677,584,531,53
3678,98,87,11
3679,32,28,4
3680,137,123,14
3681,41,39,2
3682,141,133,8
3683,226,205,21
3684,177,163,14
3685,138,118,20
3686,329,276,53
3687,48,45,3
3688,146,130,16
3689,167,148,19
3690,117,104,13
3691,98,94,4
3692,250,210,40
3693,118,107,11
3694,167,146,21
3695,140,125,15
3696,295,274,21
3697,170,151,19
3698,175,154,21
3699,224,195,29
3700,247,221,26
3701,223,195,28
3702,510,448,62
3703,220,203,17
3704,164,141,23
3705,212,181,31
3706,347,295,52
3707,298,253,45
3708,245,211,34
3709,98,85,13
3710,132,120,12
3711,274,241,33
3712,489,417,72
3713,184,163,21
3714,155,130,25
3715,199,169,30
3716,210,177,33
3717,155,136,19
3718,641,569,72
3719,658,603,55
3720,157,139,18
3721,133,117,16
3722,148,127,21
3723,183,159,24
3724,302,263,39
3725,189,160,29
3726,126,117,9
3727,182,159,23
3728,228,206,22
3729,130,112,18
3730,168,148,20
3731,275,235,40
3732,110,100,10
3733,145,130,15
3734,268,233,35
3735,521,444,77
3736,141,121,20
3737,378,315,63
3738,109,89,20
3739,127,113,14
3740,157,130,27
3741,115,103,12
3742,1178,1039,139
3743,132,111,21
3744,55,46,9
3745,124,107,17
3746,145,121,24
3747,364,324,40
3748,121,110,11
3749,156,138,18
3750,279,241,38
3751,393,337,56
3752,155,137,18
3753,169,147,22
3754,96,81,15
3755,617,563,54
3756,148,127,21
3757,297,261,36
3758,195,168,27
3759,255,218,37
3760,193,171,22
3761,137,122,15
3762,42,41,1
3763,130,113,17
3764,140,132,8
3765,206,182,24
3766,284,232,52
3767,62,57,5
3768,152,134,18
3769,88,77,11
3770,69,66,3
3771,93,77,16
3772,73,62,11
3773,444,379,65
3774,125,112,13
3775,158,136,22
3776,118,100,18
3777,249,222,27
3778,61,54,7
3779,249,216,33
3780,148,133,15
3781,128,115,13
3782,143,125,18
3783,226,179,47
3784,191,165,26
3785,207,186,21
3786,251,217,34
3787,242,211,31
3788,96,86,10
3789,230,201,29
3790,198,160,38
3791,286,260,26
3792,333,299,34
3793,260,232,28
3794,106,92,14
3795,180,160,20
3796,142,128,14
3797,201,176,25
3798,112,102,10
3799,106,92,14
3800,204,188,16
3801,121,108,13
3802,349,300,49
3803,195,169,26
3804,322,285,37
3805,527,466,61
3806,394,335,59
3807,817,719,98
3808,309,271,38
3809,613,552,61
3810,245,205,40
3811,449,389,60
3812,90,75,15
3813,125,106,19
3814,112,94,18
3815,169,148,21
3816,207,183,24
3817,114,98,16
3818,43,40,3
3819,32,27,5
3820,40,38,2
3821,333,280,53
3822,22,18,4
3823,226,190,36
3824,141,123,18
3825,59,54,5
3826,47,36,11
3827,143,130,13
3828,272,240,32
3829,405,354,51
3830,225,189,36
3831,655,576,79
3832,190,167,23
3833,228,199,29
3834,361,322,39
3835,153,143,10
3836,296,262,34
3837,168,152,16
3838,70,63,7
3839,168,146,22
3840,191,168,23
3841,300,265,35
3842,129,112,17
3843,119,112,7
3844,677,601,76
3845,346,319,27
3846,259,232,27
3847,209,183,26
3848,133,112,21
3849,205,175,30
3850,219,195,24
3851,132,116,16
3852,138,126,12
3853,244,207,37
3854,121,105,16
3855,146,137,9
3856,508,437,71
3857,151,139,12
3858,67,60,7
3859,59,49,10
3860,112,100,12
3861,94,84,10
3862,340,312,28
3863,270,232,38
3864,474,407,67
3865,189,173,16
3866,283,244,39
3867,164,144,20
3868,456,399,57
3869,165,153,12
3870,212,192,20
3871,247,218,29
3872,175,156,19
3873,115,102,13
3874,431,372,59
3875,130,116,14
3876,139,112,27
3877,122,101,21
3878,316,272,44
3879,131,109,22
3880,97,89,8
3881,240,212,28
3882,133,123,10
3883,317,264,53
3884,145,130,15
3885,135,119,16
3886,126,111,15
3887,236,205,31
3888,291,257,34
3889,341,293,48
3890,121,110,11
3891,258,221,37
3892,251,215,36
3893,323,284,39
3894,83,69,14
3895,149,130,19
3896,387,341,46
3897,163,135,28
3898,162,145,17
3899,1023,899,124
3900,76,68,8
3901,206,173,33
3902,29,26,3
3903,44,36,8
3904,108,90,18
3905,704,607,97
3906,827,706,121
3907,231,197,34
3908,811,703,108
3909,181,163,18
3910,52,45,7
3911,59,51,8
3912,125,113,12
3913,102,85,17
3914,552,478,74
3915,237,208,29
3916,409,348,61
3917,267,232,35
3918,84,70,14
3919,247,202,45
3920,115,99,16
3921,97,83,14
3922,267,235,32
3923,298,261,37
3924,218,201,17
3925,189,160,29
3926,160,138,22
3927,190,162,28
3928,68,56,12
3929,67,58,9
3930,202,177,25
3931,115,101,14
3932,290,247,43
3933,224,191,33
3934,115,98,17
3935,197,176,21
3936,186,161,25
3937,149,125,24
3938,153,123,30
3939,237,203,34
3940,60,51,9
3941,275,231,44
3942,326,286,40
3943,127,112,15
3944,127,115,12
3945,122,106,16
3946,131,120,11
3947,131,123,8
3948,167,139,28
3949,154,135,19
3950,232,210,22
3951,243,215,28
3952,183,168,15
3953,195,178,17
3954,170,151,19
3955,194,173,21
3956,194,173,21
3957,103,95,8
3958,109,98,11
3959,166,139,27
3960,302,269,33
3961,75,67,8
3962,130,121,9
3963,54,48,6
3964,218,189,29
3965,209,182,27
3966,46,37,9
3967,155,145,10
3968,317,281,36
3969,546,471,75
3970,190,171,19
3971,81,72,9
3972,105,91,14
3973,105,97,8
3974,310,271,39
3975,191,169,22
3976,153,130,23
3977,130,106,24
3978,140,126,14
3979,195,168,27
3980,309,268,41
3981,166,147,19
3982,122,108,14
3983,176,160,16
3984,516,457,59
3985,391,345,46
3986,120,105,15
3987,162,148,14
3988,146,133,13
3989,127,111,16
3990,152,135,17
3991,234,208,26
3992,125,107,18
3993,280,250,30
3994,106,95,11
3995,199,167,32
3996,120,105,15
3997,289,263,26
3998,113,102,11
3999,137,126,11
4000,161,134,27
4001,193,166,27
4002,453,404,49
4003,819,714,105
4004,140,126,14
4005,158,144,14
4006,178,157,21
4007,437,392,45
4008,193,169,24
4009,210,186,24
4010,40,37,3
4011,156,141,15
4012,138,127,11
4013,985,850,135
4014,225,193,32
4015,119,103,16
4016,135,120,15
4017,142,120,22
4018,144,129,15
4019,132,110,22
4020,57,50,7
4021,205,178,27
4022,132,126,6
4023,147,127,20
4024,122,111,11
4025,594,533,61
4026,876,773,103
4027,111,103,8
4028,356,302,54
4029,144,128,16
4030,115,104,11
4031,168,149,19
4032,50,44,6
4033,120,109,11
4034,161,145,16
4035,172,149,23
4036,708,599,109
4037,361,316,45
4038,367,319,48
4039,490,423,67
4040,213,194,19
4041,177,161,16
4042,125,106,19
4043,340,301,39
4044,151,130,21
4045,131,113,18
4046,101,89,12
4047,55,47,8
4048,61,53,8
4049,98,85,13
4050,104,87,17
4051,231,190,41
4052,106,87,19
4053,172,148,24
4054,161,149,12
4055,172,146,26
4056,228,200,28
4057,110,97,13
4058,135,122,13
4059,456,405,51
4060,107,96,11
4061,359,311,48
4062,178,165,13
4063,118,105,13
4064,210,175,35
4065,152,127,25
4066,162,143,19
4067,138,119,19
4068,215,192,23
4069,160,139,21
4070,203,179,24
4071,139,119,20
4072,146,130,16
4073,109,96,13
4074,130,116,14
4075,156,142,14
4076,67,61,6
4077,119,99,20
4078,171,144,27
4079,403,356,47
4080,157,140,17
4081,297,264,33
4082,61,54,7
4083,157,139,18
4084,186,164,22
4085,181,158,23
4086,117,105,12
4087,162,141,21
4088,131,122,9
4089,375,313,62
4090,158,139,19
4091,238,218,20
4092,271,248,23
4093,188,172,16
4094,162,150,12
4095,144,130,14
4096,192,167,25
4097,246,213,33
4098,567,491,76
4099,103,89,14
4100,170,147,23
4101,462,400,62
4102,121,106,15
4103,280,256,24
4104,118,110,8
4105,200,174,26
4106,119,112,7
4107,154,142,12
4108,232,198,34
4109,132,123,9
4110,104,96,8
4111,158,147,11
4112,169,156,13
4113,79,72,7
4114,130,123,7
4115,126,110,16
4116,155,138,17
4117,142,130,12
4118,280,243,37
4119,306,270,36
4120,150,123,27
4121,192,176,16
4122,123,110,13
4123,289,241,48
4124,519,449,70
4125,377,338,39
4126,138,124,14
4127,622,525,97
4128,128,113,15
4129,172,148,24
4130,224,198,26
4131,17,15,2
4132,178,155,23
4133,77,64,13
4134,180,155,25
4135,51,42,9
4136,410,359,51
4137,377,343,34
4138,55,44,11
4139,998,863,135
4140,404,339,65
4141,552,477,75
4142,194,174,20
4143,147,138,9
4144,414,370,44
4145,139,120,19
4146,107,91,16
4147,522,465,57
4148,240,193,47
4149,655,556,99
4150,189,162,27
4151,199,174,25
4152,87,77,10
4153,178,149,29
4154,188,161,27
4155,249,219,30
4156,244,214,30
4157,180,166,14
4158,162,148,14
4159,196,171,25
4160,179,153,26
4161,115,104,11
4162,320,280,40
4163,304,265,39
4164,115,95,20
4165,101,90,11
4166,60,49,11
4167,258,235,23
4168,345,303,42
4169,341,301,40
4170,285,255,30
4171,129,116,13
4172,311,284,27
4173,275,247,28
4174,476,412,64
4175,169,148,21
4176,114,106,8
4177,120,110,10
4178,254,215,39
4179,187,172,15
4180,190,161,29
4181,140,123,17
4182,148,134,14
4183,252,217,35
4184,458,403,55
4185,257,234,23
4186,227,204,23
4187,369,335,34
4188,287,258,29
4189,140,124,16
4190,249,210,39
4191,150,132,18
4192,261,226,35
4193,145,132,13
4194,273,239,34
4195,179,160,19
4196,161,142,19
4197,34,29,5
4198,409,324,85
4199,163,138,25
4200,125,102,23
4201,114,90,24
4202,364,304,60
4203,464,384,80
4204,238,200,38
4205,177,140,37
4206,384,317,67
4207,80,71,9
4208,216,181,35
4209,334,283,51
4210,766,675,91
4211,302,258,44
4212,407,340,67
4213,152,125,27
4214,801,663,138
4215,979,827,152
4216,217,189,28
4217,231,201,30
4218,195,171,24
4219,527,444,83
4220,142,124,18
4221,411,366,45
4222,117,100,17
4223,205,180,25
4224,141,121,20
4225,41,38,3
4226,36,30,6
4227,95,85,10
4228,216,201,15
4229,229,209,20
4230,189,174,15
4231,421,353,68
4232,417,364,53
4233,113,104,9
4234,152,128,24
4235,304,269,35
4236,270,238,32
4237,60,51,9
4238,146,127,19
4239,184,160,24
4240,476,404,72
4241,247,216,31
4242,56,49,7
4243,530,465,65
4244,144,126,18
4245,69,62,7
4246,143,126,17
4247,258,232,26
4248,194,166,28
4249,357,324,33
4250,302,263,39
4251,139,117,22
4252,131,115,16
4253,548,472,76
4254,626,566,60
4255,137,119,18
4256,152,137,15
4257,729,635,94
4258,143,125,18
4259,224,192,32
4260,335,294,41
4261,163,142,21
4262,54,47,7
4263,155,140,15
4264,159,144,15
4265,412,362,50
4266,235,213,22
4267,126,106,20
4268,438,388,50
4269,183,169,14
4270,82,74,8
4271,142,119,23
4272,54,49,5
4273,96,87,9
4274,92,80,12
4275,225,199,26
4276,70,59,11
4277,174,156,18
4278,743,662,81
4279,486,426,60
4280,43,35,8
4281,277,245,32
4282,101,91,10
4283,68,60,8
4284,171,152,19
4285,124,107,17
4286,192,172,20
4287,172,147,25
4288,118,104,14
4289,249,217,32
4290,105,94,11
4291,131,115,16
4292,139,120,19
4293,205,175,30
4294,396,359,37
4295,158,133,25
4296,121,113,8
4297,378,331,47
4298,256,206,50
4299,66,57,9
4300,289,238,51
4301,117,94,23
4302,198,174,24
4303,153,129,24
4304,189,142,47
4305,186,160,26
4306,365,327,38
4307,424,365,59
4308,217,180,37
4309,131,121,10
4310,758,669,89
4311,129,112,17
4312,234,189,45
4313,384,326,58
4314,127,106,21
4315,413,356,57
4316,218,186,32
4317,229,197,32
4318,324,292,32
4319,81,71,10
4320,461,414,47
4321,208,184,24
4322,148,128,20
4323,136,118,18
4324,144,130,14
4325,171,155,16
4326,164,144,20
4327,171,155,16
4328,342,314,28
4329,280,248,32
4330,127,111,16
4331,76,70,6
4332,256,223,33
4333,176,153,23
4334,136,125,11
4335,268,230,38
4336,298,258,40
4337,178,163,15
4338,768,676,92
4339,925,816,109
4340,223,193,30
4341,133,113,20
4342,644,604,40
4343,373,310,63
4344,146,132,14
4345,338,297,41
4346,1598,1402,196
4347,442,390,52
4348,121,102,19
4349,676,599,77
4350,978,865,113
4351,291,253,38
4352,428,371,57
4353,69,58,11
4354,172,159,13
4355,49,44,5
4356,407,344,63
4357,123,108,15
4358,140,123,17
4359,120,107,13
4360,48,41,7
4361,157,134,23
4362,40,36,4
4363,269,231,38
4364,117,103,14
4365,159,140,19
4366,474,415,59
4367,238,221,17
4368,418,364,54
4369,137,117,20
4370,49,44,5
4371,32,30,2
4372,70,64,6
4373,155,140,15
4374,94,80,14
4375,143,132,11
4376,137,123,14
4377,104,88,16
4378,153,132,21
4379,272,235,37
4380,111,100,11
4381,166,139,27
4382,209,180,29
4383,816,713,103
4384,274,235,39
4385,34,29,5
4386,219,197,22
4387,120,105,15
4388,244,211,33
4389,591,517,74
4390,718,641,77
4391,566,518,48
4392,150,127,23
4393,211,176,35
4394,243,207,36
4395,129,117,12
4396,160,136,24
4397,258,226,32
4398,731,633,98
4399,141,121,20
4400,223,198,25
4401,385,325,60
4402,385,328,57
4403,310,255,55
4404,147,133,14
4405,231,202,29
4406,100,85,15
4407,150,135,15
4408,108,89,19
4409,506,455,51
4410,130,119,11
4411,471,420,51
4412,154,129,25
4413,108,90,18
4414,143,127,16
4415,264,231,33
4416,245,222,23
4417,76,68,8
4418,217,191,26
4419,143,122,21
4420,156,143,13
4421,161,140,21
4422,217,183,34
4423,122,111,11
4424,315,262,53
4425,698,603,95
4426,597,526,71
4427,719,615,104
4428,503,439,64
4429,284,254,30
4430,146,137,9
4431,451,388,63
4432,166,143,23
4433,195,174,21
4434,432,390,42
4435,118,103,15
4436,437,390,47
4437,585,498,87
4438,132,123,9
4439,363,326,37
4440,486,423,63
4441,59,50,9
4442,99,86,13
4443,203,178,25
4444,90,83,7
4445,39,35,4
4446,151,137,14
4447,62,55,7
4448,147,135,12
4449,62,57,5
4450,88,82,6
4451,115,105,10
4452,184,164,20
4453,179,164,15
4454,166,137,29
4455,342,306,36
4456,172,153,19
4457,147,131,16
4458,104,86,18
4459,512,456,56
4460,247,213,34
4461,467,405,62
4462,78,71,7
4463,144,129,15
4464,468,418,50
4465,130,116,14
4466,114,95,19
4467,372,316,56
4468,505,423,82
4469,420,364,56
4470,202,171,31
4471,186,167,19
4472,622,528,94
4473,649,538,111
4474,267,235,32
4475,293,257,36
4476,434,385,49
4477,122,107,15
4478,116,103,13
4479,133,118,15
4480,141,130,11
4481,125,108,17
4482,134,119,15
4483,159,133,26
4484,214,187,27
4485,245,213,32
4486,134,117,17
4487,140,124,16
4488,282,229,53
4489,233,210,23
4490,117,107,10
4491,136,119,17
4492,124,107,17
4493,142,115,27
4494,121,102,19
4495,218,199,19
4496,117,98,19
4497,443,401,42
4498,154,138,16
4499,337,286,51
4500,275,234,41
4501,380,335,45
4502,194,163,31
4503,108,95,13
4504,149,128,21
4505,266,237,29
4506,244,221,23
4507,81,74,7
4508,189,168,21
4509,474,420,54
4510,363,321,42
4511,64,57,7
4512,177,162,15
4513,177,156,21
4514,264,230,34
4515,64,56,8
4516,380,328,52
4517,346,315,31
4518,285,255,30
4519,441,406,35
4520,225,194,31
4521,69,60,9
4522,377,341,36
4523,841,735,106
4524,571,495,76
4525,500,410,90
4526,353,292,61
4527,359,323,36
4528,549,477,72
4529,169,151,18
4530,140,122,18
4531,271,243,28
4532,146,122,24
4533,58,45,13
4534,249,217,32
4535,147,132,15
4536,153,139,14
4537,129,117,12
4538,254,227,27
4539,537,452,85
4540,341,285,56
4541,138,121,17
4542,153,132,21
4543,319,281,38
4544,182,156,26
4545,296,249,47
4546,109,86,23
4547,212,191,21
4548,627,543,84
4549,738,655,83
4550,187,169,18
4551,254,223,31
4552,339,299,40
4553,341,314,27
4554,169,155,14
4555,73,66,7
4556,151,136,15
4557,262,229,33
4558,150,134,16
4559,287,253,34
4560,216,195,21
4561,170,147,23
4562,162,140,22
4563,848,729,119
4564,131,126,5
4565,122,110,12
4566,125,110,15
4567,314,280,34
4568,426,383,43
4569,354,313,41
4570,554,482,72
4571,335,296,39
4572,474,412,62
4573,202,177,25
4574,245,215,30
4575,142,130,12
4576,156,141,15
4577,125,115,10
4578,175,159,16
4579,142,123,19
4580,257,226,31
4581,224,192,32
4582,166,137,29
4583,137,122,15
4584,134,121,13
4585,318,288,30
4586,245,209,36
4587,158,144,14
4588,350,303,47
4589,808,713,95
4590,223,197,26
4591,353,305,48
4592,402,362,40
4593,169,146,23
4594,107,94,13
4595,156,138,18
4596,74,62,12
4597,133,125,8
4598,140,124,16
4599,523,468,55
4600,234,198,36
4601,186,166,20
4602,230,201,29
4603,410,365,45
4604,372,329,43
4605,423,384,39
4606,632,553,79
4607,118,91,27
4608,122,114,8
4609,147,123,24
4610,354,316,38
4611,377,337,40
4612,214,176,38
4613,636,548,88
4614,104,84,20
4615,196,173,23
4616,143,124,19
4617,150,128,22
4618,71,62,9
4619,123,107,16
4620,98,87,11
4621,138,122,16
4622,218,191,27
4623,205,182,23
4624,355,325,30
4625,205,175,30
4626,248,215,33
4627,223,192,31
4628,116,104,12
4629,63,59,4
4630,143,120,23
4631,122,108,14
4632,143,132,11
4633,44,38,6
4634,73,64,9
4635,241,217,24
4636,127,116,11
4637,119,109,10
4638,113,106,7
4639,59,53,6
4640,114,106,8
4641,134,125,9
4642,58,53,5
4643,122,110,12
4644,118,104,14
4645,148,136,12
4646,137,126,11
4647,47,40,7
4648,70,61,9
4649,149,139,10
4650,218,200,18
4651,125,113,12
4652,51,47,4
4653,144,131,13
4654,105,96,9
4655,128,118,10
4656,125,118,7
4657,115,103,12
4658,129,109,20
4659,141,127,14
4660,155,138,17
4661,75,71,4
4662,151,136,15
4663,188,174,14
4664,484,440,44
4665,230,181,49
4666,165,146,19
4667,99,85,14
4668,124,107,17
4669,42,35,7
4670,114,105,9
4671,300,268,32
4672,350,308,42
4673,46,39,7
4674,97,80,17
4675,111,99,12
4676,136,116,20
4677,237,214,23
4678,78,69,9
4679,351,302,49
4680,43,38,5
4681,117,107,10
4682,68,61,7
4683,69,63,6
4684,52,48,4
4685,58,53,5
4686,134,123,11
4687,243,205,38
4688,152,140,12
4689,171,156,15
4690,132,112,20
4691,120,108,12
4692,118,106,12
4693,152,135,17
4694,57,48,9
4695,181,161,20
4696,159,142,17
4697,210,186,24
4698,67,61,6
4699,141,122,19
4700,301,268,33
4701,213,193,20
4702,85,74,11
4703,275,245,30
4704,209,181,28
4705,157,143,14
4706,80,71,9
4707,168,143,25
4708,114,88,26
4709,81,73,8
4710,492,434,58
4711,53,50,3
4712,123,114,9
4713,84,73,11
4714,798,691,107
4715,51,45,6
4716,315,275,40
4717,226,193,33
4718,158,134,24
4719,272,240,32
4720,118,103,15
4721,682,589,93
4722,117,95,22
4723,633,553,80
4724,56,47,9
4725,93,85,8
4726,71,64,7
4727,155,135,20
4728,318,281,37
4729,256,229,27
4730,467,417,50
4731,135,115,20
4732,253,226,27
4733,332,283,49
4734,320,287,33
4735,232,193,39
4736,75,72,3
4737,252,228,24
4738,124,104,20
4739,121,106,15
4740,271,242,29
4741,220,188,32
4742,118,104,14
4743,228,213,15
4744,153,128,25
4745,462,398,64
4746,142,120,22
4747,149,122,27
4748,203,172,31
4749,147,125,22
4750,317,273,44
4751,260,217,43
4752,352,304,48
4753,460,385,75
4754,118,105,13
4755,77,67,10
4756,131,116,15
4757,246,219,27
4758,45,42,3
4759,62,53,9
4760,121,104,17
4761,224,190,34
4762,155,141,14
4763,1002,873,129
4764,776,678,98
4765,579,482,97
4766,198,171,27
4767,395,338,57
4768,942,799,143
4769,261,229,32
4770,425,345,80
4771,132,118,14
4772,197,161,36
4773,305,267,38
4774,55,48,7
4775,121,106,15
4776,454,403,51
4777,180,152,28
4778,62,59,3
4779,48,44,4
4780,106,94,12
4781,210,180,30
4782,164,146,18
4783,321,273,48
4784,152,131,21
4785,118,103,15
4786,100,90,10
4787,437,372,65
4788,137,118,19
4789,408,367,41
4790,259,211,48
4791,156,138,18
4792,187,163,24
4793,70,63,7
4794,63,58,5
4795,67,61,6
4796,187,161,26
4797,290,249,41
4798,1017,888,129
4799,88,75,13
4800,76,63,13
4801,64,57,7
4802,114,102,12
4803,177,157,20
4804,327,291,36
4805,139,122,17
4806,384,327,57
4807,123,114,9
4808,123,114,9
4809,125,110,15
4810,206,179,27
4811,117,105,12
4812,116,109,7
4813,130,116,14
4814,106,91,15
4815,232,203,29
4816,179,160,19
4817,105,93,12
4818,131,115,16
4819,137,121,16
4820,165,147,18
4821,422,378,44
4822,263,227,36
4823,273,242,31
4824,149,137,12
4825,140,127,13
4826,270,237,33
4827,272,249,23
4828,152,138,14
4829,135,119,16
4830,173,156,17
4831,99,91,8
4832,66,61,5
4833,127,114,13
4834,167,156,11
4835,576,507,69
4836,161,148,13
4837,153,139,14
4838,233,213,20
4839,399,360,39
4840,287,251,36
4841,191,164,27
4842,220,198,22
4843,336,284,52
4844,749,675,74
4845,136,123,13
4846,392,342,50
4847,714,648,66
4848,574,511,63
4849,225,199,26
4850,466,403,63
4851,279,250,29
4852,270,239,31
4853,207,185,22
4854,323,279,44
4855,484,433,51
4856,218,191,27
4857,990,883,107
4858,996,868,128
4859,118,107,11
4860,423,381,42
4861,192,171,21
4862,201,179,22
4863,139,123,16
4864,213,189,24
4865,123,105,18
4866,327,271,56
4867,305,269,36
4868,91,80,11
4869,191,176,15
4870,48,46,2
4871,115,99,16
4872,139,123,16
4873,98,87,11
4874,856,739,117
4875,294,254,40
4876,620,548,72
4877,164,144,20
4878,50,44,6
4879,309,262,47
4880,195,181,14
4881,142,122,20
4882,142,126,16
4883,593,543,50
4884,135,113,22
4885,111,95,16
4886,234,208,26
4887,425,383,42
4888,161,145,16
4889,993,851,142
4890,221,200,21
4891,122,105,17
4892,209,187,22
4893,160,138,22
4894,120,114,6
4895,202,188,14
4896,223,202,21
4897,308,276,32
4898,311,277,34
4899,128,118,10
4900,163,155,8
4901,192,176,16
4902,472,430,42
4903,433,382,51
4904,131,117,14
4905,225,198,27
4906,235,216,19
4907,334,288,46
4908,147,125,22
4909,235,225,10
4910,172,136,36
4911,127,116,11
4912,104,87,17
4913,114,102,12
4914,110,96,14
4915,134,120,14
4916,148,134,14
4917,174,151,23
4918,150,132,18
4919,121,107,14
4920,220,196,24
4921,152,126,26
4922,217,191,26
4923,115,106,9
4924,270,229,41
4925,614,545,69
4926,106,86,20
4927,124,109,15
4928,121,107,14
4929,241,217,24
4930,254,228,26
4931,322,290,32
4932,124,110,14
4933,246,217,29
4934,209,171,38
4935,125,117,8
4936,222,193,29
4937,208,184,24
4938,227,196,31
4939,228,207,21
4940,289,253,36
4941,301,266,35
4942,223,205,18
4943,34,30,4
4944,408,361,47
4945,196,168,28
4946,147,131,16
4947,104,99,5
4948,107,95,12
4949,47,43,4
4950,74,66,8
4951,59,48,11
4952,207,182,25
4953,43,39,4
4954,76,68,8
4955,925,793,132
4956,134,116,18
4957,105,95,10
4958,216,195,21
4959,118,102,16
4960,108,97,11
4961,128,114,14
4962,314,262,52
4963,228,204,24
4964,654,564,90
4965,410,367,43
4966,457,409,48
4967,136,126,10
4968,153,135,18
4969,109,96,13
4970,109,94,15
4971,268,227,41
4972,81,67,14
4973,235,208,27
4974,219,182,37
4975,244,212,32
4976,508,428,80
4977,114,107,7
4978,275,244,31
4979,230,211,19
4980,125,106,19
4981,94,80,14
4982,114,106,8
4983,111,93,18
4984,142,125,17
4985,277,247,30
4986,155,127,28
4987,437,388,49
4988,107,93,14
4989,71,67,4
4990,201,178,23
4991,124,114,10
4992,188,162,26
4993,227,204,23
4994,495,420,75
4995,204,181,23
4996,19,18,1
4997,55,53,2
4998,298,256,42
4999,241,213,28
5000,277,243,34
5001,201,171,30
5002,240,190,50
5003,65,56,9
5004,40,35,5
5005,228,203,25
5006,55,53,2
5007,249,225,24
5008,68,58,10
5009,212,194,18
5010,99,90,9
5011,108,94,14
5012,101,91,10
5013,125,118,7
5014,237,214,23
5015,423,371,52
5016,105,91,14
5017,184,160,24
5018,47,41,6
5019,139,122,17
5020,177,156,21
5021,279,244,35
5022,103,88,15
5023,187,158,29
5024,337,305,32
5025,147,131,16
5026,131,119,12
5027,652,574,78
5028,306,272,34
5029,136,123,13
5030,140,121,19
5031,291,258,33
5032,272,233,39
5033,187,169,18
5034,147,137,10
5035,67,60,7
5036,141,122,19
5037,476,425,51
5038,518,441,77
5039,88,78,10
5040,668,597,71
5041,201,180,21
5042,473,406,67
5043,206,188,18
5044,199,181,18
5045,217,187,30
5046,360,305,55
5047,229,196,33
5048,370,310,60
5049,68,58,10
5050,108,100,8
5051,146,123,23
5052,128,110,18
5053,78,70,8
5054,157,130,27
5055,436,371,65
5056,166,137,29
5057,116,102,14
5058,201,171,30
5059,39,36,3
5060,239,209,30
5061,196,168,28
5062,405,341,64
5063,201,176,25
5064,428,365,63
5065,216,196,20
5066,140,126,14
5067,196,171,25
5068,151,126,25
5069,260,233,27
5070,83,72,11
5071,35,34,1
5072,115,98,17
5073,130,119,11
5074,110,97,13
5075,217,174,43
5076,149,133,16
5077,124,112,12
5078,155,134,21
5079,115,106,9
5080,180,161,19
5081,176,153,23
5082,163,141,22
5083,162,149,13
5084,452,393,59
5085,218,194,24
5086,161,141,20
5087,283,250,33
5088,104,89,15
5089,155,135,20
5090,706,606,100
5091,445,391,54
5092,145,127,18
5093,144,135,9
5094,277,255,22
5095,974,863,111
5096,546,491,55
5097,110,96,14
5098,358,310,48
5099,154,139,15
5100,463,412,51
5101,129,121,8
5102,240,220,20
5103,158,135,23
5104,113,107,6
5105,306,274,32
5106,304,258,46
5107,225,194,31
5108,449,385,64
5109,224,193,31
5110,115,101,14
5111,218,192,26
5112,111,94,17
5113,119,93,26
5114,132,114,18
5115,156,138,18
5116,175,130,45
5117,181,146,35
5118,164,135,29
5119,150,133,17
5120,244,201,43
5121,190,170,20
5122,310,250,60
5123,375,332,43
5124,395,341,54
5125,264,228,36
5126,141,119,22
5127,432,385,47
5128,153,129,24
5129,138,121,17
5130,275,234,41
5131,137,131,6
5132,581,505,76
5133,379,331,48
5134,943,814,129
5135,347,305,42
5136,723,612,111
5137,242,203,39
5138,146,137,9
5139,120,104,16
5140,156,137,19
5141,115,103,12
5142,114,102,12
5143,421,357,64
5144,184,160,24
5145,69,62,7
5146,145,128,17
5147,214,186,28
5148,171,151,20
5149,106,96,10
5150,312,281,31
5151,160,139,21
5152,346,300,46
5153,492,425,67
5154,107,91,16
5155,257,228,29
5156,377,325,52
5157,201,179,22
5158,388,337,51
5159,215,191,24
5160,282,250,32
5161,130,113,17
5162,205,177,28
5163,300,258,42
5164,250,215,35
5165,160,136,24
5166,181,160,21
5167,237,200,37
5168,125,111,14
5169,702,613,89
5170,281,234,47
5171,406,355,51
5172,127,115,12
5173,123,109,14
5174,261,220,41
5175,224,199,25
5176,337,288,49
5177,56,53,3
5178,839,721,118
5179,110,96,14
5180,89,72,17
5181,233,203,30
5182,217,190,27
5183,136,119,17
5184,674,582,92
5185,240,213,27
5186,111,100,11
5187,229,204,25
5188,73,68,5
5189,118,108,10
5190,129,117,12
5191,551,502,49
5192,169,139,30
5193,216,190,26
5194,682,596,86
5195,206,179,27
5196,194,176,18
5197,154,139,15
5198,136,120,16
5199,56,53,3
5200,214,186,28
5201,302,243,59
5202,225,188,37
5203,157,130,27
5204,127,111,16
5205,146,132,14
5206,140,120,20
5207,170,147,23
5208,297,252,45
5209,597,541,56
5210,425,365,60
5211,189,172,17
5212,141,122,19
5213,99,90,9
5214,279,242,37
5215,555,509,46
5216,391,350,41
5217,812,720,92
5218,940,794,146
5219,170,150,20
5220,673,551,122
5221,104,91,13
5222,196,173,23
5223,183,163,20
5224,126,111,15
5225,348,288,60
5226,310,280,30
5227,345,273,72
5228,246,209,37
5229,390,331,59
5230,185,159,26
5231,214,181,33
5232,109,97,12
5233,158,131,27
5234,179,153,26
5235,556,463,93
5236,283,261,22
5237,177,159,18
5238,325,291,34
5239,152,134,18
5240,273,245,28
5241,137,124,13
5242,165,141,24
5243,162,146,16
5244,379,340,39
5245,172,153,19
5246,149,133,16
5247,98,89,9
5248,63,56,7
5249,391,330,61
5250,176,158,18
5251,191,163,28
5252,170,146,24
5253,126,114,12
5254,116,105,11
5255,131,103,28
5256,879,727,152
5257,162,144,18
5258,55,48,7
5259,187,166,21
5260,78,69,9
5261,73,64,9
5262,726,666,60
5263,913,818,95
5264,137,126,11
5265,229,210,19
5266,59,52,7
5267,68,59,9
5268,76,66,10
5269,113,101,12
5270,147,128,19
5271,37,34,3
5272,103,94,9
5273,109,92,17
5274,58,53,5
5275,171,152,19
5276,254,233,21
5277,296,263,33
5278,392,339,53
5279,103,93,10
5280,129,117,12
5281,202,181,21
5282,117,101,16
5283,206,184,22
5284,229,199,30
5285,257,223,34
5286,209,177,32
5287,127,114,13
5288,177,154,23
5289,196,179,17
5290,73,58,15
5291,41,37,4
5292,126,105,21
5293,47,41,6
5294,152,139,13
5295,124,113,11
5296,577,518,59
5297,28,24,4
5298,584,508,76
5299,126,117,9
5300,219,189,30
5301,150,132,18
5302,407,359,48
5303,132,109,23
5304,191,170,21
5305,625,562,63
5306,627,558,69
5307,366,316,50
5308,367,331,36
5309,285,249,36
5310,160,145,15
5311,475,424,51
5312,291,250,41
5313,368,330,38
5314,193,160,33
5315,232,203,29
5316,367,326,41
5317,117,107,10
5318,172,160,12
5319,905,795,110
5320,180,152,28
5321,413,366,47
5322,150,138,12
5323,293,250,43
5324,439,388,51
5325,1022,907,115
5326,132,111,21
5327,300,257,43
5328,167,147,20
5329,140,118,22
5330,175,142,33
5331,482,400,82
5332,749,681,68
5333,108,90,18
5334,482,405,77
5335,152,131,21
5336,251,226,25
5337,126,102,24
5338,797,688,109
5339,128,113,15
5340,54,49,5
5341,120,96,24
5342,253,227,26
5343,130,119,11
5344,220,186,34
5345,260,218,42
5346,295,248,47
5347,543,476,67
5348,719,624,95
5349,289,235,54
5350,226,183,43
5351,376,311,65
5352,104,94,10
5353,67,58,9
5354,120,103,17
5355,57,53,4
5356,131,118,13
5357,421,366,55
5358,94,88,6
5359,618,535,83
5360,324,288,36
5361,519,464,55
5362,142,131,11
5363,70,66,4
5364,514,468,46
5365,129,105,24
5366,216,186,30
5367,148,128,20
5368,280,246,34
5369,63,59,4
5370,169,151,18
5371,154,139,15
5372,182,158,24
5373,110,99,11
5374,138,122,16
5375,155,132,23
5376,130,106,24
5377,72,64,8
5378,208,183,25
5379,93,82,11
5380,74,67,7
5381,171,152,19
5382,46,43,3
5383,243,210,33
5384,131,119,12
5385,107,98,9
5386,111,99,12
5387,167,153,14
5388,129,111,18
5389,177,165,12
5390,195,173,22
5391,292,264,28
5392,220,189,31
5393,155,136,19
5394,147,133,14
5395,195,180,15
5396,271,242,29
5397,230,197,33
5398,173,145,28
5399,243,212,31
5400,171,143,28
5401,137,125,12
5402,767,668,99
5403,318,289,29
5404,141,122,19
5405,251,225,26
5406,477,426,51
5407,96,82,14
5408,861,746,115
5409,107,98,9
5410,206,189,17
5411,103,89,14
5412,45,36,9
5413,156,137,19
5414,109,94,15
5415,65,59,6
5416,239,209,30
5417,175,151,24
5418,58,52,6
5419,135,115,20
5420,70,65,5
5421,256,212,44
5422,47,38,9
5423,91,83,8
5424,74,68,6
5425,48,43,5
5426,73,60,13
5427,134,118,16
5428,178,153,25
5429,158,143,15
5430,523,477,46
5431,96,88,8
5432,100,88,12
5433,180,155,25
5434,333,284,49
5435,307,271,36
5436,177,163,14
5437,227,201,26
5438,230,204,26
5439,708,630,78
5440,218,191,27
5441,135,112,23
5442,139,117,22
5443,312,268,44
5444,443,383,60
5445,317,278,39
5446,153,135,18
5447,78,65,13
5448,43,39,4
5449,164,143,21
5450,264,231,33
5451,120,94,26
5452,146,122,24
5453,213,184,29
5454,56,52,4
5455,227,194,33
5456,167,133,34
5457,194,168,26
5458,311,264,47
5459,465,409,56
5460,791,701,90
5461,490,426,64
5462,154,135,19
5463,140,120,20
5464,176,146,30
5465,70,61,9
5466,133,118,15
5467,205,178,27
5468,264,225,39
5469,575,514,61
5470,930,786,144
5471,493,371,122
5472,643,555,88
5473,263,210,53
5474,129,109,20
5475,170,148,22
5476,66,58,8
5477,253,212,41
5478,124,99,25
5479,1002,831,171
5480,455,338,117
5481,676,569,107
5482,122,112,10
5483,243,216,27
5484,233,179,54
5485,217,175,42
5486,427,368,59
5487,68,55,13
5488,326,287,39
5489,121,109,12
5490,356,303,53
5491,843,719,124
5492,175,154,21
5493,616,520,96
5494,354,301,53
5495,324,288,36
5496,142,132,10
5497,128,115,13
5498,82,67,15
5499,45,35,10
5500,74,70,4
5501,142,131,11
5502,585,522,63
5503,74,68,6
5504,99,94,5
5505,93,75,18
5506,63,55,8
5507,391,332,59
5508,114,90,24
5509,223,191,32
5510,118,101,17
5511,628,537,91
5512,669,571,98
5513,394,336,58
5514,154,128,26
5515,119,105,14
5516,181,158,23
5517,123,104,19
5518,130,115,15
5519,147,123,24
5520,74,61,13
5521,195,172,23
5522,169,141,28
5523,72,64,8
5524,219,194,25
5525,93,80,13
5526,247,208,39
5527,142,121,21
5528,169,149,20
5529,72,59,13
5530,168,154,14
5531,131,121,10
5532,403,354,49
5533,350,319,31
5534,51,43,8
5535,170,147,23
5536,175,162,13
5537,214,179,35
5538,219,194,25
5539,957,829,128
5540,212,185,27
5541,511,440,71
5542,211,177,34
5543,122,113,9
5544,227,197,30
5545,207,177,30
5546,108,99,9
5547,98,86,12
5548,142,126,16
5549,114,101,13
5550,121,108,13
5551,184,160,24
5552,154,136,18
5553,138,116,22
5554,72,63,9
5555,153,146,7
5556,148,136,12
5557,141,124,17
5558,143,134,9
5559,199,180,19
5560,121,108,13
5561,122,107,15
5562,134,119,15
5563,140,118,22
5564,211,184,27
5565,69,61,8
5566,135,119,16
5567,135,118,17
5568,182,161,21
5569,169,150,19
5570,261,233,28
5571,474,400,74
5572,381,339,42
5573,358,314,44
5574,272,245,27
5575,131,120,11
5576,185,166,19
5577,118,100,18
5578,384,344,40
5579,137,124,13
5580,100,85,15
5581,300,254,46
5582,343,289,54
5583,44,40,4
5584,104,89,15
5585,448,407,41
5586,92,83,9
5587,351,297,54
5588,201,174,27
5589,271,247,24
5590,105,96,9
5591,44,39,5
5592,150,130,20
5593,293,265,28
5594,634,533,101
5595,60,48,12
5596,86,76,10
5597,233,191,42
5598,297,268,29
5599,138,121,17
5600,312,259,53
5601,70,65,5
5602,451,404,47
5603,545,474,71
5604,245,213,32
5605,166,148,18
5606,611,529,82
5607,559,489,70
5608,762,678,84
5609,203,173,30
5610,130,113,17
5611,218,193,25
5612,331,303,28
5613,216,180,36
5614,235,208,27
5615,731,667,64
5616,185,164,21
5617,108,93,15
5618,426,359,67
5619,127,111,16
5620,351,305,46
5621,158,137,21
5622,304,273,31
5623,206,191,15
5624,145,128,17
5625,624,540,84
5626,760,660,100
5627,403,352,51
5628,273,232,41
5629,190,171,19
5630,562,483,79
5631,130,119,11
5632,139,128,11
5633,223,197,26
5634,983,888,95
5635,731,634,97
5636,143,131,12
5637,573,506,67
5638,265,232,33
5639,420,364,56
5640,136,115,21
5641,137,119,18
5642,109,92,17
5643,89,79,10
5644,582,502,80
5645,522,454,68
5646,172,141,31
5647,78,64,14
5648,164,137,27
5649,132,115,17
5650,219,193,26
5651,236,200,36
5652,253,223,30
5653,150,130,20
5654,210,181,29
5655,123,106,17
5656,49,44,5
5657,286,233,53
5658,208,186,22
5659,360,300,60
5660,87,78,9
5661,288,249,39
5662,298,252,46
5663,245,204,41
5664,122,108,14
5665,164,135,29
5666,276,240,36
5667,495,440,55
5668,687,610,77
5669,614,546,68
5670,106,86,20
5671,359,295,64
5672,220,178,42
5673,475,410,65
5674,175,157,18
5675,181,156,25
5676,501,442,59
5677,323,274,49
5678,177,153,24
5679,140,124,16
5680,159,141,18
5681,410,358,52
5682,160,142,18
5683,372,340,32
5684,44,39,5
5685,102,91,11
5686,242,218,24
5687,257,221,36
5688,288,258,30
5689,539,437,102
5690,117,92,25
5691,111,90,21
5692,162,132,30
5693,167,139,28
5694,182,153,29
5695,178,157,21
5696,479,398,81
5697,109,93,16
5698,209,192,17
5699,224,188,36
5700,199,183,16
5701,69,62,7
5702,66,60,6
5703,39,35,4
5704,109,94,15
5705,57,51,6
5706,85,76,9
5707,90,81,9
5708,176,149,27
5709,180,153,27
5710,133,125,8
5711,137,121,16
5712,116,104,12
5713,147,124,23
5714,112,99,13
5715,116,90,26
5716,212,180,32
5717,228,205,23
5718,190,160,30
5719,56,44,12
5720,243,222,21
5721,89,76,13
5722,84,76,8
5723,69,62,7
5724,175,158,17
5725,56,53,3
5726,138,127,11
5727,121,107,14
5728,54,47,7
5729,44,39,5
5730,52,50,2
5731,60,53,7
5732,223,201,22
5733,206,182,24
5734,50,34,16
5735,35,30,5
5736,70,59,11
5737,72,61,11
5738,123,108,15
5739,50,43,7
5740,161,137,24
5741,353,303,50
5742,157,140,17
5743,277,250,27
5744,90,85,5
5745,242,200,42
5746,87,73,14
5747,142,128,14
5748,147,127,20
5749,598,516,82
5750,79,71,8
5751,169,153,16
5752,269,246,23
5753,471,419,52
5754,188,166,22
5755,238,198,40
5756,285,255,30
5757,283,248,35
5758,328,295,33
5759,150,130,20
5760,161,146,15
5761,305,267,38
5762,117,104,13
5763,200,175,25
5764,311,265,46
5765,43,38,5
5766,337,287,50
5767,691,592,99
5768,621,535,86
5769,367,317,50
5770,128,117,11
5771,144,126,18
5772,187,162,25
5773,105,86,19
5774,132,122,10
5775,300,268,32
5776,237,200,37
5777,143,124,19
5778,124,114,10
5779,115,107,8
5780,127,113,14
5781,108,99,9
5782,45,44,1
5783,104,90,14
5784,168,138,30
5785,243,205,38
5786,51,41,10
5787,109,101,8
5788,98,88,10
5789,355,313,42
5790,169,160,9
5791,120,104,16
5792,116,97,19
5793,178,154,24
5794,223,201,22
5795,158,141,17
5796,202,171,31
5797,123,113,10
5798,590,518,72
5799,248,224,24
5800,463,412,51
5801,561,499,62
5802,370,339,31
5803,474,422,52
5804,130,118,12
5805,128,111,17
5806,138,123,15
5807,154,141,13
5808,188,164,24
5809,298,268,30
5810,154,132,22
5811,147,129,18
5812,214,181,33
5813,157,134,23
5814,184,156,28
5815,337,304,33
5816,132,119,13
5817,356,311,45
5818,44,37,7
5819,130,116,14
5820,69,64,5
5821,865,770,95
5822,274,248,26
5823,499,441,58
5824,233,209,24
5825,128,112,16
5826,138,120,18
5827,492,431,61
5828,430,385,45
5829,138,118,20
5830,144,125,19
5831,117,105,12
5832,123,112,11
5833,102,93,9
5834,95,84,11
5835,651,575,76
5836,437,389,48
5837,135,120,15
5838,109,99,10
5839,134,120,14
5840,551,484,67
5841,282,245,37
5842,434,377,57
5843,740,643,97
5844,154,134,20
5845,243,207,36
5846,666,599,67
5847,146,123,23
5848,508,453,55
5849,213,189,24
5850,912,764,148
5851,138,114,24
5852,360,319,41
5853,415,357,58
5854,291,260,31
5855,75,65,10
5856,254,213,41
5857,145,126,19
5858,129,109,20
5859,373,334,39
5860,144,129,15
5861,234,200,34
5862,160,138,22
5863,105,88,17
5864,533,464,69
5865,180,140,40
5866,197,175,22
5867,124,112,12
5868,193,168,25
5869,140,117,23
5870,188,152,36
5871,145,123,22
5872,196,176,20
5873,285,246,39
5874,587,516,71
5875,262,229,33
5876,273,238,35
5877,294,254,40
5878,142,126,16
5879,213,183,30
5880,426,387,39
5881,220,196,24
5882,136,120,16
5883,157,142,15
5884,134,115,19
5885,30,26,4
5886,90,79,11
5887,431,376,55
5888,84,75,9
5889,308,259,49
5890,384,341,43
5891,483,425,58
5892,193,163,30
5893,161,144,17
5894,230,200,30
5895,232,209,23
5896,426,365,61
5897,991,855,136
5898,535,468,67
5899,88,77,11
5900,27,27,0
5901,278,247,31
5902,613,547,66
5903,385,326,59
5904,79,66,13
5905,124,111,13
5906,105,89,16
5907,502,425,77
5908,149,132,17
5909,485,415,70
5910,58,54,4
5911,204,186,18
5912,151,133,18
5913,327,271,56
5914,843,737,106
5915,1015,868,147
5916,165,147,18
5917,1759,1519,240
5918,181,167,14
5919,190,170,20
5920,272,247,25
5921,138,119,19
5922,349,302,47
5923,141,126,15
5924,205,167,38
5925,55,47,8
5926,303,260,43
5927,301,267,34
5928,205,182,23
5929,318,290,28
5930,139,125,14
5931,91,82,9
5932,97,95,2
5933,131,119,12
5934,511,460,51
5935,121,106,15
5936,489,416,73
5937,176,163,13
5938,110,97,13
5939,308,270,38
5940,83,72,11
5941,1415,1207,208
5942,458,405,53
5943,206,176,30
5944,271,242,29
5945,199,166,33
5946,588,504,84
5947,52,46,6
5948,207,170,37
5949,201,163,38
5950,42,38,4
5951,132,113,19
5952,125,116,9
5953,140,114,26
5954,45,43,2
5955,256,222,34
5956,230,208,22
5957,137,123,14
5958,123,107,16
5959,505,435,70
5960,204,176,28
5961,376,318,58
5962,425,354,71
5963,157,131,26
5964,854,735,119
5965,125,105,20
5966,339,308,31
5967,217,191,26
5968,136,120,16
5969,160,138,22
5970,952,827,125
5971,119,109,10
5972,120,107,13
5973,96,86,10
5974,335,306,29
5975,108,93,15
5976,103,91,12
5977,52,45,7
5978,20,18,2
5979,44,38,6
5980,271,233,38
5981,261,231,30
5982,264,223,41
5983,104,89,15
5984,107,96,11
5985,545,457,88
5986,174,154,20
5987,117,104,13
5988,128,109,19
5989,188,173,15
5990,44,38,6
5991,169,149,20
5992,480,428,52
5993,168,150,18
5994,133,119,14
5995,122,102,20
5996,152,137,15
5997,190,161,29
5998,287,238,49
5999,125,107,18
6000,123,112,11
6001,458,409,49
6002,639,587,52
6003,131,112,19
6004,165,140,25
6005,171,152,19
6006,142,121,21
6007,318,285,33
6008,59,45,14
6009,111,97,14
6010,125,113,12
6011,94,84,10
6012,967,815,152
6013,92,87,5
6014,129,112,17
6015,359,311,48
6016,315,273,42
6017,243,208,35
6018,105,92,13
6019,99,91,8
6020,65,59,6
6021,212,176,36
6022,197,177,20
6023,603,540,63
6024,32,28,4
6025,111,96,15
6026,163,140,23
6027,226,189,37
6028,46,43,3
6029,89,75,14
6030,111,100,11
6031,81,69,12
6032,143,123,20
6033,24,20,4
6034,203,182,21
6035,83,76,7
6036,354,316,38
6037,143,127,16
6038,117,108,9
6039,115,102,13
6040,165,145,20
6041,242,214,28
6042,202,183,19
6043,164,146,18
6044,259,241,18
6045,378,329,49
6046,393,342,51
6047,190,170,20
6048,374,308,66
6049,697,611,86
6050,245,217,28
6051,553,492,61
6052,243,204,39
6053,246,216,30
6054,378,338,40
6055,274,231,43
6056,273,227,46
6057,116,103,13
6058,579,499,80
6059,315,267,48
6060,160,142,18
6061,681,588,93
6062,315,270,45
6063,202,175,27
6064,336,296,40
6065,769,651,118
6066,477,403,74
6067,141,127,14
6068,113,107,6
6069,138,122,16
6070,111,97,14
6071,258,230,28
6072,976,870,106
6073,436,399,37
6074,210,186,24
6075,290,254,36
6076,541,463,78
6077,488,421,67
6078,266,234,32
6079,118,100,18
6080,161,148,13
6081,361,316,45
6082,137,115,22
6083,60,47,13
6084,170,145,25
6085,51,44,7
6086,95,85,10
6087,127,111,16
6088,280,238,42
6089,122,106,16
6090,329,287,42
6091,350,320,30
6092,588,504,84
6093,468,403,65
6094,87,81,6
6095,104,91,13
6096,193,171,22
6097,206,191,15
6098,136,121,15
6099,141,127,14
6100,49,43,6
6101,144,137,7
6102,129,117,12
6103,366,313,53
6104,181,157,24
6105,359,316,43
6106,323,285,38
6107,242,213,29
6108,58,48,10
6109,97,84,13
6110,134,121,13
6111,123,107,16
6112,40,31,9
6113,57,40,17
6114,151,133,18
6115,45,39,6
6116,45,39,6
6117,149,129,20
6118,96,92,4
6119,192,161,31
6120,170,151,19
6121,175,156,19
6122,164,143,21
6123,334,284,50
6124,137,121,16
6125,184,157,27
6126,135,112,23
6127,143,122,21
6128,470,398,72
6129,184,157,27
6130,51,48,3
6131,51,38,13
6132,772,663,109
6133,124,108,16
6134,143,126,17
6135,107,93,14
6136,34,31,3
6137,102,79,23
6138,170,157,13
6139,488,425,63
6140,135,110,25
6141,102,85,17
6142,180,156,24
6143,62,55,7
6144,109,94,15
6145,124,110,14
6146,102,88,14
6147,43,32,11
6148,132,108,24
6149,301,235,66
6150,70,62,8
6151,202,177,25
6152,103,92,11
6153,392,342,50
6154,51,44,7
6155,134,117,17
6156,191,165,26
6157,175,163,12
6158,209,174,35
6159,246,215,31
6160,160,129,31
6161,142,123,19
6162,168,136,32
6163,206,180,26
6164,101,85,16
6165,86,80,6
6166,63,52,11
6167,195,167,28
6168,61,56,5
6169,69,63,6
6170,149,129,20
6171,191,168,23
6172,171,148,23
6173,143,132,11
6174,185,167,18
6175,531,463,68
6176,380,328,52
6177,53,48,5
6178,455,395,60
6179,267,239,28
6180,310,270,40
6181,126,114,12
6182,464,400,64
6183,119,106,13
6184,393,345,48
6185,122,112,10
6186,164,144,20
6187,147,127,20
6188,155,140,15
6189,295,258,37
6190,183,170,13
6191,302,272,30
6192,604,517,87
6193,967,847,120
6194,121,101,20
6195,583,524,59
6196,213,188,25
6197,154,130,24
6198,411,350,61
6199,56,49,7
6200,90,74,16
6201,346,311,35
6202,163,139,24
6203,119,96,23
6204,202,168,34
6205,119,106,13
6206,118,102,16
6207,133,115,18
6208,127,107,20
6209,236,211,25
6210,117,101,16
6211,137,115,22
6212,138,123,15
6213,194,175,19
6214,155,129,26
6215,94,81,13
6216,456,398,58
6217,177,149,28
6218,184,164,20
6219,294,245,49
6220,251,216,35
6221,189,168,21
6222,140,114,26
6223,142,118,24
6224,165,144,21
6225,199,176,23
6226,165,133,32
6227,148,134,14
6228,541,469,72
6229,179,153,26
6230,135,120,15
6231,62,55,7
6232,553,491,62
6233,143,124,19
6234,297,254,43
6235,707,641,66
6236,183,154,29
6237,112,95,17
6238,427,379,48
6239,729,641,88
6240,254,216,38
6241,93,81,12
6242,182,160,22
6243,138,129,9
6244,41,34,7
6245,197,184,13
6246,115,97,18
6247,241,217,24
6248,625,532,93
6249,187,169,18
6250,212,199,13
6251,250,220,30
6252,708,610,98
6253,56,50,6
6254,123,107,16
6255,140,120,20
6256,203,179,24
6257,227,199,28
6258,1823,1607,216
6259,754,674,80
6260,88,75,13
6261,188,172,16
6262,84,73,11
6263,625,524,101
6264,284,247,37
6265,162,141,21
6266,122,103,19
6267,422,376,46
6268,124,107,17
6269,169,147,22
6270,659,586,73
6271,166,146,20
6272,127,114,13
6273,88,75,13
6274,391,344,47
6275,372,334,38
6276,140,126,14
6277,68,55,13
6278,100,83,17
6279,126,114,12
6280,103,86,17
6281,178,155,23
6282,527,471,56
6283,1002,865,137
6284,111,102,9
6285,126,115,11
6286,358,293,65
6287,167,147,20
6288,119,102,17
6289,422,378,44
6290,522,459,63
6291,387,345,42
6292,125,97,28
6293,165,141,24
6294,165,136,29
6295,158,140,18
6296,187,169,18
6297,122,100,22
6298,334,279,55
6299,239,222,17
6300,79,68,11
6301,132,105,27
6302,92,78,14
6303,118,96,22
6304,288,242,46
6305,221,198,23
6306,129,113,16
6307,59,49,10
6308,187,167,20
6309,147,130,17
6310,100,87,13
6311,541,459,82
6312,496,406,90
6313,229,204,25
6314,232,208,24
6315,139,124,15
6316,149,127,22
6317,142,128,14
6318,350,306,44
6319,214,189,25
6320,225,186,39
6321,170,152,18
6322,417,364,53
6323,424,378,46
6324,167,144,23
6325,1005,875,130
6326,194,179,15
6327,182,159,23
6328,326,288,38
6329,106,88,18
6330,179,160,19
6331,49,43,6
6332,275,234,41
6333,147,137,10
6334,251,220,31
6335,149,131,18
6336,127,108,19
6337,141,120,21
6338,140,125,15
6339,43,37,6
6340,111,97,14
6341,250,210,40
6342,512,450,62
6343,136,126,10
6344,157,144,13
6345,59,55,4
6346,260,227,33
6347,188,172,16
6348,125,111,14
6349,269,230,39
6350,766,634,132
6351,127,105,22
6352,281,248,33
6353,346,297,49
6354,85,73,12
6355,127,107,20
6356,155,127,28
6357,91,79,12
6358,1009,845,164
6359,831,711,120
6360,502,433,69
6361,409,358,51
6362,159,131,28
6363,273,237,36
6364,279,242,37
6365,124,108,16
6366,688,585,103
6367,184,161,23
6368,1112,970,142
6369,138,114,24
6370,387,332,55
6371,161,141,20
6372,314,274,40
6373,305,266,39
6374,236,209,27
6375,134,113,21
6376,129,113,16
6377,46,37,9
6378,169,154,15
6379,268,237,31
6380,64,62,2
6381,179,150,29
6382,317,288,29
6383,145,134,11
6384,188,165,23
6385,140,119,21
6386,227,197,30
6387,119,110,9
6388,149,135,14
6389,168,141,27
6390,242,204,38
6391,68,57,11
6392,118,99,19
6393,242,216,26
6394,329,295,34
6395,52,44,8
6396,146,129,17
6397,226,208,18
6398,432,389,43
6399,153,138,15
6400,178,144,34
6401,170,159,11
6402,302,269,33
6403,168,140,28
6404,132,110,22
6405,145,116,29
6406,70,62,8
6407,129,112,17
6408,12,10,2
6409,58,49,9
6410,173,142,31
6411,65,58,7
6412,65,58,7
6413,87,81,6
6414,117,100,17
6415,89,75,14
6416,41,39,2
6417,46,40,6
6418,232,192,40
6419,198,180,18
6420,308,268,40
6421,295,251,44
6422,363,312,51
6423,144,131,13
6424,314,271,43
6425,212,185,27
6426,215,190,25
6427,150,134,16
6428,126,114,12
6429,135,119,16
6430,158,145,13
6431,125,115,10
6432,126,113,13
6433,303,262,41
6434,82,73,9
6435,213,182,31
6436,327,291,36
6437,72,63,9
6438,111,103,8
6439,147,121,26
6440,76,67,9
6441,196,175,21
6442,234,208,26
6443,145,129,16
6444,271,234,37
6445,195,176,19
6446,79,68,11
6447,230,204,26
6448,662,573,89
6449,74,63,11
6450,154,142,12
6451,71,60,11
6452,133,117,16
6453,298,267,31
6454,92,85,7
6455,427,385,42
6456,116,107,9
6457,160,139,21
6458,300,259,41
6459,253,218,35
6460,824,698,126
6461,858,725,133
6462,329,285,44
6463,150,128,22
6464,368,313,55
6465,79,66,13
6466,150,134,16
6467,115,101,14
6468,59,53,6
6469,297,263,34
6470,135,118,17
6471,50,45,5
6472,123,109,14
6473,51,47,4
6474,53,47,6
6475,72,64,8
6476,139,123,16
6477,228,204,24
6478,479,408,71
6479,59,53,6
6480,72,68,4
6481,145,133,12
6482,65,56,9
6483,775,685,90
6484,146,130,16
6485,141,131,10
6486,185,160,25
6487,155,132,23
6488,120,116,4
6489,436,387,49
6490,660,573,87
6491,294,267,27
6492,71,62,9
6493,147,135,12
6494,163,150,13
6495,271,243,28
6496,87,75,12
6497,382,338,44
6498,149,131,18
6499,149,140,9
6500,133,124,9
6501,201,178,23
6502,142,123,19
6503,394,355,39
6504,342,309,33
6505,126,109,17
6506,54,47,7
6507,173,155,18
6508,547,477,70
6509,231,205,26
6510,243,206,37
6511,193,177,16
6512,371,325,46
6513,103,87,16
6514,111,104,7
6515,241,215,26
6516,163,144,19
6517,245,218,27
6518,117,100,17
6519,68,62,6
6520,203,175,28
6521,78,71,7
6522,167,149,18
6523,139,131,8
6524,226,201,25
6525,139,125,14
6526,448,424,24
6527,151,137,14
6528,804,695,109
6529,364,320,44
6530,232,202,30
6531,352,310,42
6532,118,101,17
6533,291,251,40
6534,402,334,68
6535,265,221,44
6536,231,201,30
6537,609,508,101
6538,630,522,108
6539,858,725,133
6540,469,388,81
6541,110,98,12
6542,176,156,20
6543,158,131,27
6544,156,136,20
6545,138,122,16
6546,322,291,31
6547,598,498,100
6548,168,145,23
6549,194,180,14
6550,129,117,12
6551,210,182,28
6552,336,299,37
6553,761,656,105
6554,108,91,17
6555,104,96,8
6556,80,71,9
6557,120,104,16
6558,145,133,12
6559,649,546,103
6560,342,295,47
6561,124,101,23
6562,153,125,28
6563,248,204,44
6564,156,126,30
6565,63,51,12
6566,198,175,23
6567,333,292,41
6568,219,179,40
6569,121,99,22
6570,400,343,57
6571,47,42,5
6572,153,135,18
6573,304,254,50
6574,174,149,25
6575,171,148,23
6576,99,83,16
6577,293,257,36
6578,127,109,18
6579,129,109,20
6580,133,118,15
6581,101,88,13
6582,216,193,23
6583,152,132,20
6584,157,130,27
6585,139,116,23
6586,105,89,16
6587,130,106,24
6588,104,86,18
6589,130,115,15
6590,996,888,108
6591,177,154,23
6592,228,195,33
6593,256,222,34
6594,219,205,14
6595,238,210,28
6596,164,144,20
6597,123,113,10
6598,325,283,42
6599,135,119,16
6600,37,31,6
6601,154,134,20
6602,168,147,21
6603,144,121,23
6604,119,103,16
6605,132,126,6
6606,283,244,39
6607,85,75,10
6608,67,64,3
6609,61,56,5
6610,319,267,52
6611,343,297,46
6612,115,97,18
6613,339,284,55
6614,76,69,7
6615,62,52,10
6616,93,81,12
6617,103,90,13
6618,135,110,25
6619,162,146,16
6620,312,278,34
6621,46,40,6
6622,177,148,29
6623,145,120,25
6624,100,86,14
6625,220,184,36
6626,150,130,20
6627,52,43,9
6628,65,54,11
6629,98,86,12
6630,139,128,11
6631,144,133,11
6632,169,153,16
6633,115,101,14
6634,75,67,8
6635,148,131,17
6636,116,105,11
6637,241,217,24
6638,85,71,14
6639,432,386,46
6640,133,122,11
6641,114,102,12
6642,154,133,21
6643,48,45,3
6644,63,56,7
6645,100,84,16
6646,112,103,9
6647,268,242,26
6648,109,97,12
6649,128,114,14
6650,48,43,5
6651,323,284,39
6652,63,59,4
6653,137,127,10
6654,34,30,4
6655,200,183,17
6656,551,491,60
6657,113,103,10
6658,163,150,13
6659,43,41,2
6660,171,152,19
6661,330,296,34
6662,218,197,21
6663,76,67,9
6664,196,174,22
6665,124,111,13
6666,285,252,33
6667,211,189,22
6668,350,302,48
6669,133,118,15
6670,130,110,20
6671,188,164,24
6672,137,121,16
6673,130,111,19
6674,176,150,26
6675,114,98,16
6676,122,101,21
6677,63,56,7
6678,81,73,8
6679,119,99,20
6680,208,192,16
6681,183,163,20
6682,79,64,15
6683,377,315,62
6684,151,135,16
6685,125,111,14
6686,223,199,24
6687,201,173,28
6688,102,92,10
6689,107,92,15
6690,221,201,20
6691,96,84,12
6692,54,47,7
6693,171,144,27
6694,149,136,13
6695,275,234,41
6696,128,109,19
6697,323,276,47
6698,257,221,36
6699,100,85,15
6700,84,69,15
6701,109,96,13
6702,121,108,13
6703,76,62,14
6704,397,350,47
6705,139,121,18
6706,587,500,87
6707,233,201,32
6708,312,270,42
6709,127,116,11
6710,509,449,60
6711,638,581,57
6712,82,70,12
6713,144,133,11
6714,115,99,16
6715,361,317,44
6716,434,382,52
6717,298,257,41
6718,131,116,15
6719,399,350,49
6720,325,284,41
6721,147,134,13
6722,189,160,29
6723,130,119,11
6724,281,248,33
6725,498,440,58
6726,113,95,18
6727,197,180,17
6728,206,172,34
6729,176,152,24
6730,273,228,45
6731,323,273,50
6732,307,269,38
6733,487,412,75
6734,1023,905,118
6735,374,332,42
6736,494,430,64
6737,143,120,23
6738,238,211,27
6739,250,221,29
6740,232,203,29
6741,351,309,42
6742,524,470,54
6743,98,80,18
6744,862,743,119
6745,229,203,26
6746,604,555,49
6747,254,221,33
6748,698,603,95
6749,401,354,47
6750,205,186,19
6751,138,122,16
6752,132,120,12
6753,782,661,121
6754,104,89,15
6755,208,183,25
6756,129,116,13
6757,923,792,131
6758,678,567,111
6759,160,135,25
6760,70,59,11
6761,252,211,41
6762,109,87,22
6763,83,76,7
6764,51,44,7
6765,158,134,24
6766,153,128,25
6767,188,167,21
6768,220,193,27
6769,160,140,20
6770,115,97,18
6771,180,153,27
6772,327,287,40
6773,229,203,26
6774,174,159,15
6775,188,165,23
6776,287,246,41
6777,281,242,39
6778,86,72,14
6779,179,161,18
6780,438,389,49
6781,129,111,18
6782,156,132,24
6783,229,207,22
6784,431,362,69
6785,420,363,57
6786,450,393,57
6787,167,137,30
6788,304,251,53
6789,187,160,27
6790,153,128,25
6791,186,156,30
6792,875,722,153
6793,193,165,28
6794,331,286,45
6795,191,161,30
6796,124,100,24
6797,136,118,18
6798,134,109,25
6799,75,66,9
6800,267,220,47
6801,535,460,75
6802,246,211,35
6803,114,94,20
6804,117,98,19
6805,203,183,20
6806,152,134,18
6807,415,360,55
6808,131,112,19
6809,364,296,68
6810,736,639,97
6811,203,172,31
6812,668,579,89
6813,120,100,20
6814,189,160,29
6815,185,162,23
6816,351,314,37
6817,51,45,6
6818,92,82,10
6819,53,45,8
6820,125,110,15
6821,59,54,5
6822,88,71,17
6823,192,158,34
6824,52,46,6
6825,142,122,20
6826,110,95,15
6827,635,563,72
6828,290,250,40
6829,55,44,11
6830,122,106,16
6831,303,245,58
6832,146,133,13
6833,164,145,19
6834,109,90,19
6835,351,310,41
6836,331,283,48
6837,128,115,13
6838,273,234,39
6839,60,53,7
6840,252,212,40
6841,397,351,46
6842,109,94,15
6843,980,803,177
6844,245,206,39
6845,209,183,26
6846,485,415,70
6847,252,223,29
6848,364,316,48
6849,205,177,28
6850,388,340,48
6851,559,493,66
6852,378,333,45
6853,241,204,37
6854,137,123,14
6855,109,94,15
6856,153,129,24
6857,364,324,40
6858,588,493,95
6859,393,331,62
6860,308,273,35
6861,411,364,47
6862,122,113,9
6863,188,164,24
6864,214,193,21
6865,173,152,21
6866,223,203,20
6867,175,142,33
6868,462,406,56
6869,118,99,19
6870,245,208,37
6871,198,171,27
6872,610,544,66
6873,105,90,15
6874,968,843,125
6875,157,136,21
6876,137,117,20
6877,121,110,11
6878,140,124,16
6879,268,233,35
6880,366,313,53
6881,168,154,14
6882,611,544,67
6883,392,339,53
6884,128,114,14
6885,311,280,31
6886,179,163,16
6887,153,127,26
6888,446,393,53
6889,525,463,62
6890,505,449,56
6891,458,394,64
6892,124,111,13
6893,147,131,16
6894,209,193,16
6895,301,256,45
6896,240,220,20
6897,545,483,62
6898,359,320,39
6899,179,153,26
6900,173,150,23
6901,124,108,16
6902,157,137,20
6903,257,223,34
6904,168,148,20
6905,796,704,92
6906,417,360,57
6907,110,96,14
6908,143,128,15
6909,46,39,7
6910,106,91,15
6911,178,151,27
6912,315,273,42
6913,78,69,9
6914,119,101,18
6915,115,107,8
6916,285,259,26
6917,123,114,9
6918,150,134,16
6919,279,248,31
6920,90,82,8
6921,130,121,9
6922,345,321,24
6923,152,139,13
6924,189,162,27
6925,88,77,11
6926,477,412,65
6927,86,77,9
6928,191,171,20
6929,367,315,52
6930,260,223,37
6931,307,271,36
6932,218,190,28
6933,233,201,32
6934,203,170,33
6935,132,108,24
6936,201,174,27
6937,284,242,42
6938,190,173,17
6939,78,73,5
6940,223,201,22
6941,244,220,24
6942,185,168,17
6943,207,185,22
6944,242,217,25
6945,191,169,22
6946,159,138,21
6947,158,139,19
6948,142,130,12
6949,162,142,20
6950,317,274,43
6951,168,156,12
6952,55,47,8
6953,716,603,113
6954,343,302,41
6955,88,80,8
6956,976,856,120
6957,44,36,8
6958,78,63,15
6959,140,120,20
6960,376,330,46
6961,243,215,28
6962,95,81,14
6963,69,67,2
6964,138,123,15
6965,98,86,12
6966,109,99,10
6967,169,153,16
6968,96,84,12
6969,117,96,21
6970,69,64,5
6971,589,526,63
6972,131,110,21
6973,210,188,22
6974,65,56,9
6975,44,41,3
6976,277,246,31
6977,202,177,25
6978,71,69,2
6979,107,99,8
6980,725,649,76
6981,119,110,9
6982,467,415,52
6983,155,132,23
6984,325,286,39
6985,282,250,32
6986,120,104,16
6987,140,128,12
6988,157,133,24
6989,146,131,15
6990,288,251,37
6991,148,130,18
6992,138,115,23
6993,129,118,11
6994,245,212,33
6995,144,130,14
6996,182,158,24
6997,279,240,39
6998,143,120,23
6999,378,338,40
7000,120,94,26
7001,805,682,123
7002,100,83,17
7003,177,152,25
7004,142,119,23
7005,67,59,8
7006,148,127,21
7007,76,68,8
7008,139,127,12
7009,135,113,22
7010,142,126,16
7011,40,34,6
7012,162,128,34
7013,58,50,8
7014,100,79,21
7015,122,107,15
7016,79,66,13
7017,123,102,21
7018,111,100,11
7019,201,170,31
7020,122,109,13
7021,220,188,32
7022,326,269,57
7023,173,159,14
7024,146,121,25
7025,240,200,40
7026,708,618,90
7027,78,66,12
7028,171,144,27
7029,133,118,15
7030,223,193,30
7031,103,85,18
7032,1002,857,145
7033,185,153,32
7034,238,212,26
7035,151,136,15
7036,176,154,22
7037,135,130,5
7038,826,717,109
7039,149,134,15
7040,145,125,20
7041,182,166,16
7042,127,112,15
7043,341,284,57
7044,132,114,18
7045,155,135,20
7046,161,138,23
7047,357,307,50
7048,126,110,16
7049,256,212,44
7050,133,110,23
7051,274,242,32
7052,348,307,41
7053,160,142,18
7054,136,116,20
7055,164,151,13
7056,49,42,7
7057,133,114,19
7058,146,133,13
7059,40,36,4
7060,65,57,8
7061,399,361,38
7062,136,120,16
7063,142,125,17
7064,299,264,35
7065,169,153,16
7066,106,101,5
7067,148,136,12
7068,138,124,14
7069,148,133,15
7070,79,68,11
7071,148,133,15
7072,179,162,17
7073,65,58,7
7074,238,217,21
7075,566,499,67
7076,132,118,14
7077,150,129,21
7078,134,121,13
7079,182,157,25
7080,151,132,19
7081,445,392,53
7082,81,75,6
7083,101,85,16
7084,384,344,40
7085,151,136,15
7086,688,612,76
7087,168,155,13
7088,161,136,25
7089,121,111,10
7090,144,124,20
7091,112,97,15
7092,241,215,26
7093,111,101,10
7094,90,73,17
7095,73,63,10
7096,113,98,15
7097,212,190,22
7098,29,23,6
7099,151,129,22
7100,43,33,10
7101,122,111,11
7102,143,123,20
7103,259,213,46
7104,60,54,6
7105,303,249,54
7106,201,175,26
7107,333,284,49
7108,220,200,20
7109,197,181,16
7110,70,64,6
7111,157,134,23
7112,553,479,74
7113,232,204,28
7114,422,377,45
7115,171,152,19
7116,474,401,73
7117,569,492,77
7118,398,348,50
7119,245,211,34
7120,298,259,39
7121,172,159,13
7122,192,161,31
7123,313,270,43
7124,526,448,78
7125,502,438,64
7126,218,187,31
7127,203,174,29
7128,158,138,20
7129,247,222,25
7130,582,498,84
7131,181,163,18
7132,88,75,13
7133,167,151,16
7134,205,183,22
7135,44,38,6
7136,133,119,14
7137,86,77,9
7138,53,44,9
7139,73,65,8
7140,74,68,6
7141,173,148,25
7142,211,182,29
7143,132,113,19
7144,249,231,18
7145,132,111,21
7146,121,101,20
7147,78,68,10
7148,157,129,28
7149,99,86,13
7150,147,136,11
7151,143,126,17
7152,402,344,58
7153,101,82,19
7154,226,197,29
7155,59,52,7
7156,178,166,12
7157,213,189,24
7158,129,113,16
7159,176,153,23
7160,215,196,19
7161,136,122,14
7162,166,147,19
7163,127,114,13
7164,140,131,9
7165,114,105,9
7166,147,132,15
7167,65,57,8
7168,209,176,33
7169,897,785,112
7170,476,417,59
7171,294,264,30
7172,581,504,77
7173,150,133,17
7174,935,820,115
7175,153,132,21
7176,207,177,30
7177,237,203,34
7178,193,176,17
7179,350,308,42
7180,261,228,33
7181,135,123,12
7182,849,737,112
7183,126,110,16
7184,174,146,28
7185,107,95,12
7186,331,288,43
7187,251,219,32
7188,272,238,34
7189,720,626,94
7190,218,196,22
7191,154,134,20
7192,455,398,57
7193,138,119,19
7194,297,269,28
7195,163,149,14
7196,120,107,13
7197,144,131,13
7198,198,177,21
7199,81,66,15
7200,91,87,4
7201,97,84,13
7202,229,195,34
7203,298,251,47
7204,129,109,20
7205,144,130,14
7206,178,150,28
7207,236,205,31
7208,140,124,16
7209,60,56,4
7210,183,165,18
7211,130,120,10
7212,98,84,14
7213,115,106,9
7214,428,379,49
7215,79,71,8
7216,148,131,17
7217,198,174,24
7218,35,30,5
7219,95,88,7
7220,152,140,12
7221,164,148,16
7222,178,158,20
7223,202,181,21
7224,81,80,1
7225,124,112,12
7226,35,29,6
7227,318,285,33
7228,129,93,36
7229,139,120,19
7230,123,109,14
7231,531,476,55
7232,129,112,17
7233,138,131,7
7234,114,109,5
7235,762,686,76
7236,128,109,19
7237,255,223,32
7238,121,111,10
7239,68,62,6
7240,119,106,13
7241,79,72,7
7242,226,203,23
7243,167,146,21
7244,96,86,10
7245,454,393,61
7246,91,80,11
7247,209,176,33
7248,222,208,14
7249,120,103,17
7250,171,143,28
7251,520,408,112
7252,109,95,14
7253,130,112,18
7254,743,640,103
7255,255,216,39
7256,240,207,33
7257,367,321,46
7258,281,254,27
7259,127,119,8
7260,421,362,59
7261,163,149,14
7262,174,154,20
7263,217,188,29
7264,120,110,10
7265,514,447,67
7266,135,121,14
7267,245,215,30
7268,471,421,50
7269,141,115,26
7270,176,155,21
7271,99,88,11
7272,105,88,17
7273,161,145,16
7274,67,62,5
7275,90,80,10
7276,207,180,27
7277,123,111,12
7278,51,43,8
7279,52,44,8
7280,97,87,10
7281,136,111,25
7282,162,142,20
7283,49,44,5
7284,48,40,8
7285,198,167,31
7286,37,31,6
7287,187,163,24
7288,377,323,54
7289,240,206,34
7290,107,92,15
7291,212,188,24
7292,138,124,14
7293,132,113,19
7294,130,115,15
7295,83,68,15
7296,407,364,43
7297,427,368,59
7298,194,173,21
7299,334,300,34
7300,118,107,11
7301,184,167,17
7302,121,105,16
7303,253,223,30
7304,719,639,80
7305,263,241,22
7306,297,259,38
7307,168,148,20
7308,190,173,17
7309,114,99,15
7310,161,144,17
7311,131,125,6
7312,162,147,15
7313,459,416,43
7314,240,208,32
7315,209,185,24
7316,52,50,2
7317,153,142,11
7318,187,162,25
7319,245,218,27
7320,858,768,90
7321,509,445,64
7322,153,134,19
7323,341,295,46
7324,406,369,37
7325,505,417,88
7326,322,295,27
7327,182,162,20
7328,238,212,26
7329,150,123,27
7330,70,56,14
7331,264,222,42
7332,599,525,74
7333,158,140,18
7334,128,113,15
7335,344,303,41
7336,475,413,62
7337,136,125,11
7338,113,103,10
7339,70,62,8
7340,105,89,16
7341,156,131,25
7342,506,460,46
7343,265,221,44
7344,137,127,10
7345,215,193,22
7346,279,250,29
7347,295,267,28
7348,745,659,86
7349,867,750,117
7350,321,297,24
7351,126,111,15
7352,287,241,46
7353,284,248,36
7354,112,97,15
7355,574,512,62
7356,253,219,34
7357,300,267,33
7358,281,254,27
7359,136,113,23
7360,432,370,62
7361,669,573,96
7362,250,214,36
7363,262,220,42
7364,466,406,60
7365,148,123,25
7366,369,309,60
7367,228,194,34
7368,153,133,20
7369,142,125,17
7370,121,106,15
7371,248,222,26
7372,498,433,65
7373,336,298,38
7374,133,117,16
7375,247,203,44
7376,82,69,13
7377,178,154,24
7378,419,363,56
7379,289,250,39
7380,156,135,21
7381,90,84,6
7382,194,169,25
7383,115,98,17
7384,92,67,25
7385,39,34,5
7386,221,180,41
7387,143,126,17
7388,171,140,31
7389,308,241,67
7390,489,391,98
7391,608,509,99
7392,76,60,16
7393,133,116,17
7394,104,90,14
7395,135,129,6
7396,213,192,21
7397,200,174,26
7398,118,106,12
7399,156,142,14
7400,496,437,59
7401,137,117,20
7402,139,125,14
7403,765,645,120
7404,264,216,48
7405,63,54,9
7406,268,246,22
7407,40,35,5
7408,94,76,18
7409,66,56,10
7410,216,196,20
7411,287,242,45
7412,259,217,42
7413,451,378,73
7414,154,130,24
7415,173,148,25
7416,179,152,27
7417,285,252,33
7418,152,129,23
7419,147,120,27
7420,1105,966,139
7421,142,128,14
7422,191,168,23
7423,210,173,37
7424,212,191,21
7425,68,58,10
7426,503,431,72
7427,123,104,19
7428,570,502,68
7429,182,156,26
7430,268,229,39
7431,210,171,39
7432,79,71,8
7433,386,329,57
7434,867,767,100
7435,160,135,25
7436,224,207,17
7437,148,129,19
7438,134,122,12
7439,189,166,23
7440,358,322,36
7441,69,55,14
7442,146,136,10
7443,157,145,12
7444,274,243,31
7445,615,539,76
7446,128,108,20
7447,61,55,6
7448,627,544,83
7449,143,130,13
7450,578,500,78
7451,315,278,37
7452,158,139,19
7453,182,155,27
7454,134,121,13
7455,156,130,26
7456,361,318,43
7457,356,324,32
7458,104,88,16
7459,165,143,22
7460,258,220,38
7461,125,107,18
7462,272,235,37
7463,270,244,26
7464,426,366,60
7465,96,87,9
7466,949,824,125
7467,226,192,34
7468,209,177,32
7469,630,552,78
7470,120,99,21
7471,493,429,64
7472,490,430,60
7473,118,106,12
7474,233,210,23
7475,246,210,36
7476,161,149,12
7477,140,129,11
7478,136,119,17
7479,141,123,18
7480,165,144,21
7481,195,172,23
7482,227,201,26
7483,156,144,12
7484,111,104,7
7485,168,148,20
7486,105,95,10
7487,149,135,14
7488,245,210,35
7489,707,619,88
7490,120,103,17
7491,388,351,37
7492,156,141,15
7493,492,439,53
7494,314,286,28
7495,170,146,24
7496,138,122,16
7497,87,73,14
7498,200,172,28
7499,250,217,33
7500,206,181,25
7501,103,94,9
7502,125,107,18
7503,230,203,27
7504,226,192,34
7505,209,182,27
7506,136,120,16
7507,184,165,19
7508,181,151,30
7509,610,530,80
7510,359,306,53
7511,546,482,64
7512,478,423,55
7513,114,105,9
7514,243,208,35
7515,279,246,33
7516,207,188,19
7517,514,447,67
7518,173,151,22
7519,527,451,76
7520,782,689,93
7521,596,507,89
7522,452,393,59
7523,796,683,113
7524,465,404,61
7525,879,757,122
7526,887,776,111
7527,149,129,20
7528,278,245,33
7529,350,313,37
7530,126,112,14
7531,181,168,13
7532,901,798,103
7533,151,136,15
7534,152,127,25
7535,154,138,16
7536,472,409,63
7537,699,594,105
7538,217,190,27
7539,134,116,18
7540,132,117,15
7541,294,252,42
7542,337,293,44
7543,64,54,10
7544,196,174,22
7545,59,53,6
7546,166,152,14
7547,53,48,5
7548,254,226,28
7549,245,219,26
7550,376,340,36
7551,148,128,20
7552,151,129,22
7553,227,189,38
7554,203,183,20
7555,189,162,27
7556,403,346,57
7557,778,670,108
7558,176,153,23
7559,343,314,29
7560,184,166,18
7561,57,50,7
7562,243,220,23
7563,147,139,8
7564,46,38,8
7565,157,139,18
7566,166,145,21
7567,213,185,28
7568,121,109,12
7569,68,61,7
7570,131,116,15
7571,156,140,16
7572,77,63,14
7573,93,82,11
7574,142,129,13
7575,199,168,31
7576,167,148,19
7577,86,78,8
7578,181,158,23
7579,76,68,8
7580,158,135,23
7581,167,140,27
7582,128,112,16
7583,145,133,12
7584,124,110,14
7585,269,233,36
7586,179,166,13
7587,250,224,26
7588,428,383,45
7589,198,165,33
7590,503,426,77
7591,184,164,20
7592,962,841,121
7593,250,213,37
7594,326,279,47
7595,547,465,82
7596,281,258,23
7597,225,187,38
7598,125,113,12
7599,541,482,59
7600,133,115,18
7601,221,184,37
7602,114,98,16
7603,611,521,90
7604,343,296,47
7605,75,67,8
7606,207,173,34
7607,751,642,109
7608,346,308,38
7609,168,143,25
7610,214,192,22
7611,147,124,23
7612,773,707,66
7613,182,155,27
7614,505,436,69
7615,290,247,43
7616,180,154,26
7617,164,138,26
7618,346,297,49
7619,244,210,34
7620,486,424,62
7621,157,140,17
7622,275,241,34
7623,297,256,41
7624,165,125,40
7625,695,626,69
7626,282,243,39
7627,180,148,32
7628,176,149,27
7629,508,452,56
7630,141,121,20
7631,336,300,36
7632,807,673,134
7633,496,423,73
7634,156,140,16
7635,45,39,6
7636,40,35,5
7637,153,134,19
7638,156,127,29
7639,238,207,31
7640,141,124,17
7641,225,193,32
7642,126,110,16
7643,910,797,113
7644,247,199,48
7645,152,128,24
7646,360,309,51
7647,185,153,32
7648,417,357,60
7649,679,597,82
7650,129,107,22
7651,169,156,13
7652,125,116,9
7653,242,214,28
7654,360,313,47
7655,127,115,12
7656,177,159,18
7657,384,330,54
7658,306,259,47
7659,285,241,44
7660,299,270,29
7661,177,164,13
7662,190,167,23
7663,178,160,18
7664,215,195,20
7665,83,69,14
7666,147,133,14
7667,143,120,23
7668,120,109,11
7669,126,108,18
7670,122,107,15
7671,185,160,25
7672,148,135,13
7673,128,124,4
7674,214,185,29
7675,168,148,20
7676,631,543,88
7677,121,111,10
7678,155,140,15
7679,129,120,9
7680,189,174,15
7681,633,566,67
7682,304,263,41
7683,241,216,25
7684,617,559,58
7685,140,126,14
7686,100,90,10
7687,281,236,45
7688,158,127,31
7689,124,104,20
7690,159,135,24
7691,157,138,19
7692,442,392,50
7693,137,112,25
7694,198,167,31
7695,113,101,12
7696,179,159,20
7697,221,177,44
7698,189,164,25
7699,165,142,23
7700,162,145,17
7701,264,233,31
7702,347,304,43
7703,174,155,19
7704,120,101,19
7705,320,258,62
7706,537,465,72
7707,152,137,15
7708,251,225,26
7709,210,175,35
7710,180,155,25
7711,363,319,44
7712,195,176,19
7713,245,215,30
7714,111,93,18
7715,264,222,42
7716,315,278,37
7717,103,92,11
7718,137,115,22
7719,278,228,50
7720,246,205,41
7721,168,153,15
7722,244,214,30
7723,569,493,76
7724,155,141,14
7725,63,53,10
7726,231,208,23
7727,114,104,10
7728,141,125,16
7729,108,97,11
7730,159,142,17
7731,193,179,14
7732,134,119,15
7733,226,204,22
7734,316,269,47
7735,368,334,34
7736,579,527,52
7737,258,227,31
7738,115,103,12
7739,208,195,13
7740,242,218,24
7741,265,245,20
7742,163,142,21
7743,189,168,21
7744,139,130,9
7745,233,222,11
7746,321,290,31
7747,204,182,22
7748,136,123,13
7749,287,259,28
7750,156,138,18
7751,828,736,92
7752,155,143,12
7753,138,116,22
7754,150,129,21
7755,122,101,21
7756,653,576,77
7757,239,217,22
7758,131,116,15
7759,214,192,22
7760,164,143,21
7761,576,522,54
7762,131,116,15
7763,122,108,14
7764,103,87,16
7765,141,116,25
7766,528,460,68
7767,130,116,14
7768,90,74,16
7769,85,73,12
7770,133,120,13
7771,913,778,135
7772,125,108,17
7773,214,186,28
7774,68,56,12
7775,199,177,22
7776,101,88,13
7777,284,236,48
7778,76,70,6
7779,50,44,6
7780,181,161,20
7781,124,114,10
7782,255,212,43
7783,297,257,40
7784,302,269,33
7785,150,132,18
7786,579,514,65
7787,105,95,10
7788,231,208,23
7789,136,123,13
7790,214,183,31
7791,229,198,31
7792,174,155,19
7793,537,479,58
7794,623,544,79
7795,410,373,37
7796,274,229,45
7797,162,144,18
7798,224,206,18
7799,48,41,7
7800,160,139,21
7801,120,103,17
7802,130,118,12
7803,244,212,32
7804,116,107,9
7805,538,476,62
7806,122,109,13
7807,124,110,14
7808,294,267,27
7809,128,115,13
7810,115,100,15
7811,182,161,21
7812,363,316,47
7813,185,166,19
7814,138,118,20
7815,170,156,14
7816,122,113,9
7817,137,123,14
7818,127,110,17
7819,189,163,26
7820,468,416,52
7821,317,285,32
7822,113,99,14
7823,76,67,9
7824,283,250,33
7825,39,38,1
7826,165,146,19
7827,790,705,85
7828,202,178,24
7829,144,132,12
7830,119,104,15
7831,320,277,43
7832,139,128,11
7833,119,110,9
7834,140,128,12
7835,38,34,4
7836,126,105,21
7837,155,141,14
7838,481,425,56
7839,63,54,9
7840,187,158,29
7841,57,48,9
7842,65,59,6
7843,192,172,20
7844,424,374,50
7845,127,105,22
7846,123,108,15
7847,345,309,36
7848,437,395,42
7849,165,145,20
7850,170,158,12
7851,142,119,23
7852,134,119,15
7853,147,138,9
7854,86,72,14
7855,749,667,82
7856,212,182,30
7857,142,115,27
7858,186,158,28
7859,46,40,6
7860,200,174,26
7861,195,185,10
7862,181,151,30
7863,136,115,21
7864,185,159,26
7865,293,251,42
7866,243,215,28
7867,390,345,45
7868,142,127,15
7869,131,115,16
7870,534,476,58
7871,194,178,16
7872,304,274,30
7873,245,211,34
7874,692,599,93
7875,148,133,15
7876,221,192,29
7877,322,280,42
7878,132,112,20
7879,243,209,34
7880,150,125,25
7881,84,74,10
7882,558,487,71
7883,122,115,7
7884,156,139,17
7885,161,151,10
7886,126,111,15
7887,60,54,6
7888,120,111,9
7889,396,348,48
7890,781,665,116
7891,203,170,33
7892,237,211,26
7893,139,126,13
7894,118,105,13
7895,156,142,14
7896,446,409,37
7897,175,156,19
7898,102,92,10
7899,62,55,7
7900,71,61,10
7901,71,63,8
7902,182,163,19
7903,233,215,18
7904,132,121,11
7905,977,865,112
7906,177,149,28
7907,187,165,22
7908,192,173,19
7909,426,364,62
7910,311,270,41
7911,115,101,14
7912,185,158,27
7913,306,271,35
7914,137,126,11
7915,151,130,21
7916,163,149,14
7917,151,139,12
7918,157,132,25
7919,127,105,22
7920,360,308,52
7921,162,136,26
7922,130,105,25
7923,112,89,23
7924,134,118,16
7925,107,97,10
7926,78,72,6
7927,80,64,16
7928,135,116,19
7929,185,166,19
7930,274,240,34
7931,306,243,63
7932,628,549,79
7933,133,113,20
7934,228,196,32
7935,273,232,41
7936,143,113,30
7937,120,100,20
7938,124,99,25
7939,148,136,12
7940,303,249,54
7941,250,215,35
7942,785,689,96
7943,148,130,18
7944,142,126,16
7945,210,176,34
7946,226,190,36
7947,118,110,8
7948,183,154,29
7949,655,553,102
7950,118,98,20
7951,117,103,14
7952,160,138,22
7953,159,142,17
7954,528,449,79
7955,179,158,21
7956,622,529,93
7957,759,653,106
7958,687,583,104
7959,314,282,32
7960,389,328,61
7961,335,279,56
7962,275,229,46
7963,93,80,13
7964,168,149,19
7965,790,686,104
7966,278,241,37
7967,191,172,19
7968,125,115,10
7969,113,95,18
7970,254,232,22
7971,60,55,5
7972,278,239,39
7973,262,231,31
7974,203,187,16
7975,107,98,9
7976,127,118,9
7977,140,119,21
7978,121,109,12
7979,121,107,14
7980,659,568,91
7981,134,122,12
7982,111,101,10
7983,96,91,5
7984,316,278,38
7985,253,223,30
7986,583,509,74
7987,165,151,14
7988,127,113,14
7989,133,115,18
7990,340,289,51
7991,128,117,11
7992,491,430,61
7993,691,622,69
7994,568,505,63
7995,187,166,21
7996,219,186,33
7997,51,46,5
7998,168,144,24
7999,132,112,20
8000,196,170,26
8001,202,178,24
8002,259,222,37
8003,215,177,38
8004,126,116,10
8005,262,236,26
8006,119,109,10
8007,161,136,25
8008,166,141,25
8009,561,492,69
8010,134,113,21
8011,114,102,12
8012,329,293,36
8013,168,154,14
8014,403,356,47
8015,154,137,17
8016,217,186,31
8017,314,264,50
8018,169,149,20
8019,68,57,11
8020,315,288,27
8021,42,37,5
8022,174,153,21
8023,60,54,6
8024,167,149,18
8025,416,378,38
8026,143,119,24
8027,244,216,28
8028,127,109,18
8029,170,155,15
8030,503,441,62
8031,950,830,120
8032,117,106,11
8033,382,328,54
8034,218,194,24
8035,136,119,17
8036,279,244,35
8037,118,112,6
8038,116,99,17
8039,319,276,43
8040,162,151,11
8041,368,316,52
8042,139,129,10
8043,191,164,27
8044,141,122,19
8045,201,176,25
8046,128,112,16
8047,215,186,29
8048,372,337,35
8049,411,367,44
8050,224,197,27
8051,168,150,18
8052,243,213,30
8053,168,146,22
8054,172,146,26
8055,235,206,29
8056,195,167,28
8057,179,145,34
8058,71,64,7
8059,105,95,10
8060,216,195,21
8061,195,180,15
8062,78,67,11
8063,118,105,13
8064,356,312,44
8065,307,265,42
8066,116,103,13
8067,278,238,40
8068,59,53,6
8069,214,191,23
8070,191,168,23
8071,193,170,23
8072,112,99,13
8073,32,29,3
8074,349,305,44
8075,107,94,13
8076,325,286,39
8077,133,120,13
8078,346,292,54
8079,210,187,23
8080,424,367,57
8081,601,526,75
8082,534,454,80
8083,954,861,93
8084,214,187,27
8085,489,423,66
8086,295,255,40
8087,817,713,104
8088,182,161,21
8089,1013,904,109
8090,338,300,38
8091,207,180,27
8092,207,182,25
8093,203,171,32
8094,308,281,27
8095,308,281,27
8096,137,115,22
8097,166,148,18
8098,161,139,22
8099,235,213,22
8100,121,106,15
8101,131,113,18
8102,114,99,15
8103,116,109,7
8104,135,114,21
8105,148,134,14
8106,158,143,15
8107,325,284,41
8108,153,132,21
8109,166,146,20
8110,160,130,30
8111,226,190,36
8112,148,122,26
8113,115,97,18
8114,178,145,33
8115,258,230,28
8116,167,141,26
8117,110,100,10
8118,128,111,17
8119,79,72,7
8120,77,68,9
8121,726,569,157
8122,57,48,9
8123,330,295,35
8124,111,94,17
8125,92,85,7
8126,170,151,19
8127,276,239,37
8128,239,219,20
8129,194,170,24
8130,113,99,14
8131,189,169,20
8132,137,118,19
8133,140,124,16
8134,193,167,26
8135,258,218,40
8136,208,181,27
8137,88,70,18
8138,462,397,65
8139,106,89,17
8140,172,150,22
8141,127,109,18
8142,129,110,19
8143,145,131,14
8144,347,293,54
8145,305,254,51
8146,165,140,25
8147,162,131,31
8148,77,67,10
8149,135,126,9
8150,166,155,11
8151,138,120,18
8152,143,130,13
8153,136,125,11
8154,161,141,20
8155,176,152,24
8156,221,197,24
8157,165,144,21
8158,315,283,32
8159,117,107,10
8160,455,407,48
8161,280,248,32
8162,136,125,11
8163,219,198,21
8164,475,421,54
8165,304,251,53
8166,577,502,75
8167,154,137,17
8168,129,112,17
8169,244,211,33
8170,141,122,19
8171,192,173,19
8172,164,144,20
8173,128,108,20
8174,79,71,8
8175,146,136,10
8176,117,108,9
8177,239,211,28
8178,288,252,36
8179,444,391,53
8180,129,116,13
8181,126,119,7
8182,123,108,15
8183,140,123,17
8184,212,193,19
8185,380,332,48
8186,113,99,14
8187,113,106,7
8188,186,175,11
8189,45,41,4
8190,68,64,4
8191,149,130,19
8192,246,220,26
8193,66,61,5
8194,198,174,24
8195,141,126,15
8196,124,110,14
8197,213,194,19
8198,344,307,37
8199,276,252,24
8200,76,61,15
8201,56,50,6
8202,129,118,11
8203,207,180,27
8204,147,135,12
8205,167,143,24
8206,129,116,13
8207,189,166,23
8208,300,262,38
8209,124,110,14
8210,262,231,31
8211,52,47,5
8212,182,159,23
8213,176,147,29
8214,148,116,32
8215,120,112,8
8216,149,136,13
8217,273,231,42
8218,150,130,20
8219,134,112,22
8220,217,188,29
8221,824,700,124
8222,171,150,21
8223,175,147,28
8224,232,204,28
8225,362,302,60
8226,627,528,99
8227,461,394,67
8228,180,168,12
8229,211,188,23
8230,158,139,19
8231,278,236,42
8232,121,105,16
8233,120,105,15
8234,231,196,35
8235,133,111,22
8236,145,127,18
8237,107,91,16
8238,162,137,25
8239,294,264,30
8240,77,59,18
8241,61,53,8
8242,112,96,16
8243,390,342,48
8244,75,65,10
8245,241,205,36
8246,425,337,88
8247,120,95,25
8248,175,154,21
8249,174,158,16
8250,207,171,36
8251,544,487,57
8252,169,149,20
8253,256,224,32
8254,239,212,27
8255,255,231,24
8256,262,227,35
8257,320,280,40
8258,286,254,32
8259,248,214,34
8260,287,243,44
8261,710,630,80
8262,229,203,26
8263,247,212,35
8264,247,207,40
8265,97,89,8
8266,295,255,40
8267,175,155,20
8268,513,449,64
8269,627,531,96
8270,298,258,40
8271,446,406,40
8272,116,99,17
8273,328,285,43
8274,472,409,63
8275,475,428,47
8276,239,217,22
8277,592,516,76
8278,191,167,24
8279,573,506,67
8280,179,163,16
8281,116,104,12
8282,454,395,59
8283,130,117,13
8284,146,122,24
8285,322,289,33
8286,345,300,45
8287,244,218,26
8288,243,201,42
8289,390,321,69
8290,176,158,18
8291,415,358,57
8292,46,42,4
8293,386,334,52
8294,248,215,33
8295,461,389,72
8296,896,777,119
8297,112,93,19
8298,743,638,105
8299,561,472,89
8300,42,34,8
8301,260,217,43
8302,226,195,31
8303,324,285,39
8304,641,539,102
8305,347,301,46
8306,172,145,27
8307,196,171,25
8308,115,100,15
8309,201,181,20
8310,249,221,28
8311,305,273,32
8312,138,124,14
8313,301,254,47
8314,358,305,53
8315,130,116,14
8316,257,217,40
8317,187,164,23
8318,239,216,23
8319,89,71,18
8320,247,223,24
8321,117,103,14
8322,100,92,8
8323,278,250,28
8324,339,300,39
8325,121,106,15
8326,324,290,34
8327,118,106,12
8328,239,209,30
8329,243,219,24
8330,298,268,30
8331,531,458,73
8332,668,593,75
8333,431,378,53
8334,110,101,9
8335,524,434,90
8336,243,212,31
8337,178,156,22
8338,171,152,19
8339,134,117,17
8340,160,145,15
8341,238,206,32
8342,111,100,11
8343,547,478,69
8344,119,108,11
8345,109,93,16
8346,116,99,17
8347,80,63,17
8348,287,247,40
8349,117,97,20
8350,115,93,22
8351,316,278,38
8352,89,76,13
8353,89,80,9
8354,528,450,78
8355,31,27,4
8356,135,116,19
8357,71,62,9
8358,112,104,8
8359,140,123,17
8360,61,56,5
8361,56,43,13
8362,62,55,7
8363,111,90,21
8364,62,55,7
8365,119,101,18
8366,220,198,22
8367,218,202,16
8368,228,196,32
8369,646,575,71
8370,822,719,103
8371,267,225,42
8372,180,162,18
8373,81,69,12
8374,650,547,103
8375,126,107,19
8376,114,101,13
8377,136,118,18
8378,518,456,62
8379,519,455,64
8380,135,119,16
8381,204,173,31
8382,61,55,6
8383,287,257,30
8384,218,198,20
8385,228,205,23
8386,94,76,18
8387,321,278,43
8388,118,108,10
8389,59,53,6
8390,72,64,8
8391,91,77,14
8392,130,112,18
8393,47,42,5
8394,76,68,8
8395,128,110,18
8396,149,130,19
8397,94,84,10
8398,278,224,54
8399,132,118,14
8400,125,116,9
8401,136,118,18
8402,333,301,32
8403,150,129,21
8404,149,128,21
8405,240,210,30
8406,116,96,20
8407,48,45,3
8408,295,255,40
8409,125,116,9
8410,103,87,16
8411,150,137,13
8412,435,381,54
8413,246,216,30
8414,242,214,28
8415,179,155,24
8416,110,96,14
8417,397,343,54
8418,38,33,5
8419,150,133,17
8420,232,209,23
8421,441,407,34
8422,407,360,47
8423,142,115,27
8424,151,132,19
8425,140,124,16
8426,209,191,18
8427,84,75,9
8428,186,169,17
8429,378,349,29
8430,100,91,9
8431,116,100,16
8432,918,809,109
8433,533,468,65
8434,262,237,25
8435,161,146,15
8436,238,210,28
8437,106,90,16
8438,101,86,15
8439,42,36,6
8440,409,369,40
8441,92,80,12
8442,51,44,7
8443,263,222,41
8444,109,94,15
8445,84,74,10
8446,60,57,3
8447,56,52,4
8448,77,69,8
8449,333,294,39
8450,150,136,14
8451,154,136,18
8452,180,153,27
8453,127,109,18
8454,192,167,25
8455,144,124,20
8456,248,215,33
8457,313,271,42
8458,133,113,20
8459,233,212,21
8460,67,60,7
8461,58,50,8
8462,89,82,7
8463,89,82,7
8464,88,79,9
8465,119,106,13
8466,158,141,17
8467,538,470,68
8468,40,36,4
8469,92,79,13
8470,92,80,12
8471,324,282,42
8472,102,89,13
8473,74,66,8
8474,117,102,15
8475,757,659,98
8476,142,126,16
8477,133,123,10
8478,364,330,34
8479,133,123,10
8480,148,137,11
8481,163,153,10
8482,105,94,11
8483,923,823,100
8484,130,123,7
8485,289,265,24
8486,137,121,16
8487,159,138,21
8488,38,36,2
8489,150,135,15
8490,298,261,37
8491,131,115,16
8492,234,205,29
8493,121,108,13
8494,121,102,19
8495,60,56,4
8496,109,94,15
8497,79,71,8
8498,179,154,25
8499,127,121,6
8500,101,93,8
8501,279,250,29
8502,73,65,8
8503,186,155,31
8504,95,87,8
8505,102,92,10
8506,63,56,7
8507,125,108,17
8508,152,134,18
8509,237,211,26
8510,123,116,7
8511,125,110,15
8512,163,140,23
8513,307,262,45
8514,312,266,46
8515,331,292,39
8516,122,108,14
8517,371,321,50
8518,254,212,42
8519,162,147,15
8520,366,313,53
8521,129,109,20
8522,134,110,24
8523,207,175,32
8524,607,510,97
8525,220,172,48
8526,161,137,24
8527,41,33,8
8528,126,106,20
8529,120,97,23
8530,37,31,6
8531,103,90,13
8532,156,138,18
8533,39,33,6
8534,74,65,9
8535,137,113,24
8536,249,205,44
8537,422,351,71
8538,188,168,20
8539,159,136,23
8540,239,208,31
8541,181,157,24
8542,157,141,16
8543,384,334,50
8544,339,306,33
8545,398,345,53
8546,115,103,12
8547,203,178,25
8548,336,291,45
8549,136,123,13
8550,176,149,27
8551,543,466,77
8552,197,170,27
8553,128,103,25
8554,205,176,29
8555,122,100,22
8556,433,389,44
8557,400,334,66
8558,180,159,21
8559,187,162,25
8560,330,300,30
8561,449,406,43
8562,690,601,89
8563,130,115,15
8564,155,130,25
8565,82,75,7
8566,116,102,14
8567,124,112,12
8568,241,202,39
8569,239,216,23
8570,119,109,10
8571,106,87,19
8572,155,139,16
8573,199,169,30
8574,229,204,25
8575,182,162,20
8576,205,176,29
8577,144,132,12
8578,90,82,8
8579,189,165,24
8580,801,707,94
8581,136,127,9
8582,131,119,12
8583,222,195,27
8584,301,257,44
8585,73,66,7
8586,215,191,24
8587,142,127,15
8588,125,110,15
8589,111,98,13
8590,155,140,15
8591,315,272,43
8592,164,145,19
8593,86,75,11
8594,98,91,7
8595,56,53,3
8596,143,125,18
8597,326,284,42
8598,372,306,66
8599,526,451,75
8600,60,54,6
8601,158,139,19
8602,167,151,16
8603,226,190,36
8604,142,125,17
8605,114,98,16
8606,122,111,11
8607,56,49,7
8608,143,132,11
8609,84,71,13
8610,663,588,75
8611,42,36,6
8612,122,106,16
8613,337,299,38
8614,374,331,43
8615,151,135,16
8616,339,297,42
8617,192,163,29
8618,399,340,59
8619,165,140,25
8620,324,293,31
8621,196,176,20
8622,353,321,32
8623,250,228,22
8624,165,142,23
8625,186,168,18
8626,121,106,15
8627,151,139,12
8628,154,140,14
8629,130,117,13
8630,213,178,35
8631,137,121,16
8632,337,312,25
8633,91,75,16
8634,156,135,21
8635,137,122,15
8636,133,109,24
8637,181,163,18
8638,502,423,79
8639,255,213,42
8640,178,150,28
8641,244,220,24
8642,170,156,14
8643,171,145,26
8644,594,523,71
8645,137,128,9
8646,299,265,34
8647,113,102,11
8648,118,108,10
8649,164,146,18
8650,146,132,14
8651,119,105,14
8652,148,132,16
8653,682,603,79
8654,929,756,173
8655,209,183,26
8656,318,282,36
8657,118,106,12
8658,118,101,17
8659,174,158,16
8660,196,174,22
8661,149,132,17
8662,323,291,32
8663,125,115,10
8664,168,150,18
8665,921,803,118
8666,280,252,28
8667,250,218,32
8668,175,162,13
8669,369,316,53
8670,178,159,19
8671,169,154,15
8672,281,256,25
8673,170,156,14
8674,149,131,18
8675,173,146,27
8676,462,400,62
8677,292,268,24
8678,134,123,11
8679,109,103,6
8680,594,516,78
8681,140,125,15
8682,257,229,28
8683,95,85,10
8684,326,286,40
8685,157,140,17
8686,320,273,47
8687,158,136,22
8688,59,52,7
8689,232,208,24
8690,300,267,33
8691,131,112,19
8692,117,98,19
8693,120,89,31
8694,493,411,82
8695,250,215,35
8696,691,601,90
8697,137,117,20
8698,119,102,17
8699,183,160,23
8700,141,125,16
8701,292,254,38
8702,283,238,45
8703,968,839,129
8704,141,124,17
8705,81,65,16
8706,282,250,32
8707,267,230,37
8708,115,107,8
8709,352,292,60
8710,205,176,29
8711,131,118,13
8712,97,81,16
8713,108,90,18
8714,325,281,44
8715,257,217,40
8716,167,160,7
8717,120,104,16
8718,171,154,17
8719,290,238,52
8720,162,145,17
8721,140,118,22
8722,205,182,23
8723,278,245,33
8724,415,365,50
8725,265,236,29
8726,449,386,63
8727,280,241,39
8728,190,169,21
8729,216,194,22
8730,117,96,21
8731,526,462,64
8732,150,134,16
8733,480,398,82
8734,425,378,47
8735,120,107,13
8736,248,218,30
8737,194,164,30
8738,553,441,112
8739,216,184,32
8740,358,326,32
8741,599,513,86
8742,126,111,15
8743,191,160,31
8744,147,123,24
8745,126,112,14
8746,269,244,25
8747,118,110,8
8748,153,133,20
8749,255,223,32
8750,701,602,99
8751,610,535,75
8752,404,357,47
8753,106,92,14
8754,108,98,10
8755,125,108,17
8756,142,126,16
8757,52,49,3
8758,265,236,29
8759,145,125,20
8760,71,64,7
8761,359,317,42
8762,457,392,65
8763,182,156,26
8764,110,99,11
8765,141,129,12
8766,155,136,19
8767,219,192,27
8768,701,598,103
8769,234,212,22
8770,181,160,21
8771,207,178,29
8772,286,228,58
8773,120,100,20
8774,637,547,90
8775,884,762,122
8776,364,331,33
8777,203,178,25
8778,234,196,38
8779,168,152,16
8780,277,230,47
8781,154,136,18
8782,121,105,16
8783,161,141,20
8784,1003,882,121
8785,168,148,20
8786,202,176,26
8787,288,253,35
8788,126,111,15
8789,454,396,58
8790,165,147,18
8791,236,198,38
8792,159,150,9
8793,56,51,5
8794,426,374,52
8795,135,115,20
8796,877,754,123
8797,370,340,30
8798,122,109,13
8799,210,191,19
8800,56,48,8
8801,161,141,20
8802,107,93,14
8803,160,146,14
8804,144,132,12
8805,994,873,121
8806,114,101,13
8807,208,188,20
8808,326,299,27
8809,410,362,48
8810,207,186,21
8811,173,160,13
8812,190,166,24
8813,163,139,24
8814,168,151,17
8815,568,482,86
8816,146,130,16
8817,161,135,26
8818,155,135,20
8819,279,247,32
8820,213,201,12
8821,80,69,11
8822,100,84,16
8823,664,591,73
8824,41,40,1
8825,117,108,9
8826,154,139,15
8827,409,359,50
8828,144,127,17
8829,247,215,32
8830,287,247,40
8831,420,380,40
8832,406,355,51
8833,206,173,33
8834,352,310,42
8835,284,248,36
8836,314,289,25
8837,312,274,38
8838,170,147,23
8839,95,79,16
8840,230,204,26
8841,139,131,8
8842,117,96,21
8843,179,158,21
8844,158,141,17
8845,733,658,75
8846,121,107,14
8847,156,134,22
8848,359,312,47
8849,121,105,16
8850,291,259,32
8851,364,322,42
8852,631,560,71
8853,260,228,32
8854,509,455,54
8855,314,282,32
8856,354,308,46
8857,273,241,32
8858,138,128,10
8859,113,106,7
8860,116,101,15
8861,119,101,18
8862,317,276,41
8863,174,155,19
8864,189,167,22
8865,135,117,18
8866,225,202,23
8867,122,108,14
8868,135,119,16
8869,131,112,19
8870,155,132,23
8871,388,336,52
8872,783,687,96
8873,275,238,37
8874,155,133,22
8875,685,607,78
8876,208,190,18
8877,182,160,22
8878,368,316,52
8879,155,134,21
8880,264,227,37
8881,106,83,23
8882,619,529,90
8883,199,171,28
8884,532,475,57
8885,634,515,119
8886,474,414,60
8887,376,339,37
8888,159,142,17
8889,285,251,34
8890,175,148,27
8891,129,107,22
8892,261,230,31
8893,443,389,54
8894,462,398,64
8895,360,310,50
8896,548,486,62
8897,250,209,41
8898,336,290,46
8899,415,358,57
8900,108,94,14
8901,444,392,52
8902,700,618,82
8903,580,500,80
8904,769,687,82
8905,355,306,49
8906,357,304,53
8907,120,108,12
8908,156,149,7
8909,350,310,40
8910,181,155,26
8911,133,116,17
8912,129,118,11
8913,132,112,20
8914,51,47,4
8915,44,39,5
8916,41,36,5
8917,407,355,52
8918,241,201,40
8919,163,137,26
8920,628,549,79
8921,224,189,35
8922,215,183,32
8923,386,328,58
8924,95,82,13
8925,442,369,73
8926,945,805,140
8927,241,210,31
8928,107,96,11
8929,128,109,19
8930,599,547,52
8931,135,118,17
8932,168,155,13
8933,122,107,15
8934,366,328,38
8935,152,134,18
8936,257,240,17
8937,188,169,19
8938,296,263,33
8939,112,98,14
8940,125,107,18
8941,308,265,43
8942,220,188,32
8943,360,323,37
8944,148,128,20
8945,144,125,19
8946,213,190,23
8947,119,104,15
8948,266,237,29
8949,195,172,23
8950,319,270,49
8951,92,85,7
8952,132,117,15
8953,132,120,12
8954,162,144,18
8955,336,303,33
8956,168,151,17
8957,778,696,82
8958,627,537,90
8959,559,504,55
8960,131,109,22
8961,487,431,56
8962,156,138,18
8963,43,34,9
8964,222,199,23
8965,562,491,71
8966,161,139,22
8967,478,417,61
8968,229,205,24
8969,191,169,22
8970,977,851,126
8971,314,283,31
8972,746,663,83
8973,136,124,12
8974,319,264,55
8975,141,118,23
8976,204,172,32
8977,238,211,27
8978,256,215,41
8979,112,93,19
8980,112,93,19
8981,176,154,22
8982,465,390,75
8983,985,858,127
8984,226,206,20
8985,648,573,75
8986,115,101,14
8987,190,170,20
8988,133,122,11
8989,161,135,26
8990,41,38,3
8991,195,166,29
8992,604,520,84
8993,122,102,20
8994,57,50,7
8995,412,369,43
8996,181,159,22
8997,500,450,50
8998,188,162,26
8999,596,535,61
9000,854,740,114
9001,691,586,105
9002,155,139,16
9003,267,220,47
9004,53,47,6
9005,348,306,42
9006,127,106,21
9007,575,492,83
9008,734,620,114
9009,149,134,15
9010,240,198,42
9011,172,139,33
9012,281,239,42
9013,216,186,30
9014,149,135,14
9015,63,57,6
9016,140,127,13
9017,105,98,7
9018,128,118,10
9019,59,55,4
9020,87,81,6
9021,117,111,6
9022,65,57,8
9023,49,40,9
9024,60,54,6
9025,83,71,12
9026,160,146,14
9027,439,391,48
9028,487,437,50
9029,146,130,16
9030,165,144,21
9031,62,56,6
9032,448,399,49
9033,165,147,18
9034,122,109,13
9035,201,178,23
9036,124,106,18
9037,160,140,20
9038,240,214,26
9039,112,103,9
9040,322,288,34
9041,144,127,17
9042,126,110,16
9043,150,131,19
9044,665,562,103
9045,174,147,27
9046,57,48,9
9047,204,178,26
9048,57,52,5
9049,739,649,90
9050,100,85,15
9051,260,224,36
9052,61,52,9
9053,88,80,8
9054,513,438,75
9055,210,176,34
9056,40,34,6
9057,389,343,46
9058,76,63,13
9059,72,60,12
9060,156,141,15
9061,142,125,17
9062,178,152,26
9063,260,217,43
9064,191,162,29
9065,163,149,14
9066,128,115,13
9067,165,144,21
9068,192,164,28
9069,232,196,36
9070,126,107,19
9071,145,123,22
9072,173,155,18
9073,553,473,80
9074,67,58,9
9075,482,419,63
9076,187,172,15
9077,37,32,5
9078,84,73,11
9079,251,215,36
9080,124,101,23
9081,314,276,38
9082,224,189,35
9083,524,448,76
9084,509,446,63
9085,416,354,62
9086,254,225,29
9087,154,133,21
9088,394,343,51
9089,143,121,22
9090,139,115,24
9091,715,601,114
9092,116,99,17
9093,176,152,24
9094,144,125,19
9095,138,115,23
9096,217,192,25
9097,193,167,26
9098,128,109,19
9099,483,402,81
9100,422,368,54
9101,267,236,31
9102,900,798,102
9103,293,253,40
9104,604,515,89
9105,183,157,26
9106,126,106,20
9107,138,121,17
9108,691,603,88
9109,159,140,19
9110,284,237,47
9111,208,189,19
9112,221,188,33
9113,175,151,24
9114,174,158,16
9115,156,138,18
9116,197,173,24
9117,160,142,18
9118,417,374,43
9119,188,166,22
9120,159,142,17
9121,150,130,20
9122,128,117,11
9123,291,259,32
9124,234,206,28
9125,610,543,67
9126,173,157,16
9127,360,317,43
9128,329,271,58
9129,260,226,34
9130,362,321,41
9131,131,112,19
9132,333,299,34
9133,165,142,23
9134,208,183,25
9135,145,127,18
9136,235,193,42
9137,199,172,27
9138,152,132,20
9139,95,79,16
9140,230,193,37
9141,189,173,16
9142,113,106,7
9143,217,182,35
9144,163,139,24
9145,301,267,34
9146,133,116,17
9147,328,273,55
9148,1004,864,140
9149,167,156,11
9150,149,130,19
9151,174,146,28
9152,164,142,22
9153,170,152,18
9154,162,138,24
9155,119,101,18
9156,215,189,26
9157,228,204,24
9158,253,224,29
9159,225,193,32
9160,140,130,10
9161,179,159,20
9162,275,244,31
9163,360,325,35
9164,162,143,19
9165,326,293,33
9166,91,82,9
9167,351,314,37
9168,148,136,12
9169,244,215,29
9170,142,123,19
9171,149,130,19
9172,194,182,12
9173,333,310,23
9174,130,118,12
9175,196,174,22
9176,180,164,16
9177,107,100,7
9178,218,193,25
9179,324,294,30
9180,116,99,17
9181,303,270,33
9182,202,178,24
9183,328,300,28
9184,146,129,17
9185,219,195,24
9186,1001,869,132
9187,592,518,74
9188,201,179,22
9189,690,621,69
9190,208,183,25
9191,167,147,20
9192,107,92,15
9193,144,128,16
9194,163,136,27
9195,234,207,27
9196,227,203,24
9197,153,130,23
9198,392,341,51
9199,420,367,53
9200,203,184,19
9201,71,64,7
9202,248,225,23
9203,301,263,38
9204,173,164,9
9205,106,96,10
9206,124,107,17
9207,112,100,12
9208,137,119,18
9209,333,284,49
9210,140,123,17
9211,122,107,15
9212,441,366,75
9213,669,603,66
9214,479,411,68
9215,442,382,60
9216,213,183,30
9217,332,284,48
9218,145,127,18
9219,441,387,54
9220,435,360,75
9221,159,140,19
9222,177,162,15
9223,216,194,22
9224,388,329,59
9225,300,261,39
9226,128,120,8
9227,101,88,13
9228,80,74,6
9229,66,58,8
9230,103,95,8
9231,115,100,15
9232,169,148,21
9233,154,141,13
9234,117,110,7
9235,397,337,60
9236,450,384,66
9237,478,398,80
9238,280,246,34
9239,210,175,35
9240,156,126,30
9241,585,503,82
9242,259,227,32
9243,125,114,11
9244,297,246,51
9245,625,548,77
9246,95,83,12
9247,185,172,13
9248,113,102,11
9249,393,349,44
9250,176,158,18
9251,118,105,13
9252,965,843,122
9253,240,213,27
9254,75,66,9
9255,128,109,19
9256,429,382,47
9257,238,212,26
9258,187,162,25
9259,472,417,55
9260,334,290,44
9261,556,482,74
9262,509,456,53
9263,958,827,131
9264,409,348,61
9265,103,99,4
9266,579,517,62
9267,198,173,25
9268,410,353,57
9269,275,238,37
9270,824,703,121
9271,157,131,26
9272,291,255,36
9273,432,377,55
9274,170,151,19
9275,489,408,81
9276,113,98,15
9277,42,39,3
9278,175,158,17
9279,528,470,58
9280,111,91,20
9281,116,105,11
9282,268,241,27
9283,653,555,98
9284,440,358,82
9285,120,104,16
9286,142,123,19
9287,248,231,17
9288,200,181,19
9289,175,146,29
9290,594,520,74
9291,130,110,20
9292,174,156,18
9293,358,301,57
9294,86,77,9
9295,674,583,91
9296,220,194,26
9297,130,111,19
9298,237,196,41
9299,223,187,36
9300,180,162,18
9301,426,370,56
9302,300,259,41
9303,356,314,42
9304,171,152,19
9305,140,122,18
9306,198,172,26
9307,185,163,22
9308,201,177,24
9309,292,245,47
9310,50,44,6
9311,142,129,13
9312,154,130,24
9313,127,107,20
9314,176,153,23
9315,97,82,15
9316,86,79,7
9317,65,58,7
9318,189,164,25
9319,159,140,19
9320,374,312,62
9321,134,116,18
9322,289,251,38
9323,161,141,20
9324,281,235,46
9325,111,98,13
9326,222,202,20
9327,102,88,14
9328,61,53,8
9329,53,48,5
9330,132,109,23
9331,61,54,7
9332,84,74,10
9333,208,191,17
9334,192,170,22
9335,71,64,7
9336,245,217,28
9337,154,135,19
9338,114,92,22
9339,204,174,30
9340,138,121,17
9341,191,160,31
9342,180,161,19
9343,120,101,19
9344,165,143,22
9345,147,133,14
9346,127,113,14
9347,123,107,16
9348,698,612,86
9349,143,131,12
9350,301,273,28
9351,158,145,13
9352,433,376,57
9353,153,139,14
9354,48,42,6
9355,147,129,18
9356,608,542,66
9357,624,557,67
9358,113,98,15
9359,99,85,14
9360,48,43,5
9361,155,136,19
9362,164,141,23
9363,668,564,104
9364,285,255,30
9365,116,105,11
9366,271,245,26
9367,130,114,16
9368,130,113,17
9369,320,279,41
9370,121,111,10
9371,325,281,44
9372,264,221,43
9373,211,187,24
9374,232,213,19
9375,122,99,23
9376,134,116,18
9377,177,144,33
9378,132,115,17
9379,257,212,45
9380,984,840,144
9381,66,55,11
9382,134,119,15
9383,488,390,98
9384,128,105,23
9385,145,131,14
9386,245,214,31
9387,169,147,22
9388,238,216,22
9389,129,120,9
9390,75,71,4
9391,112,103,9
9392,45,39,6
9393,164,143,21
9394,159,140,19
9395,88,79,9
9396,372,331,41
9397,144,123,21
9398,295,262,33
9399,202,181,21
9400,269,244,25
9401,58,52,6
9402,307,272,35
9403,806,702,104
9404,266,236,30
9405,652,567,85
9406,118,99,19
9407,141,126,15
9408,317,279,38
9409,265,232,33
9410,204,174,30
9411,262,232,30
9412,374,323,51
9413,103,90,13
9414,390,344,46
9415,330,286,44
9416,146,128,18
9417,99,81,18
9418,155,135,20
9419,105,95,10
9420,117,99,18
9421,415,358,57
9422,230,202,28
9423,134,118,16
9424,203,185,18
9425,324,286,38
9426,486,424,62
9427,171,147,24
9428,533,472,61
9429,52,42,10
9430,311,268,43
9431,195,170,25
9432,789,697,92
9433,78,65,13
9434,282,229,53
9435,133,114,19
9436,331,274,57
9437,125,114,11
9438,125,115,10
9439,135,125,10
9440,282,250,32
9441,125,102,23
9442,326,294,32
9443,330,290,40
9444,281,246,35
9445,76,70,6
9446,217,195,22
9447,222,200,22
9448,44,40,4
9449,113,99,14
9450,130,112,18
9451,237,216,21
9452,211,195,16
9453,84,80,4
9454,361,315,46
9455,357,319,38
9456,229,200,29
9457,194,170,24
9458,42,37,5
9459,84,74,10
9460,103,96,7
9461,167,145,22
9462,287,240,47
9463,145,131,14
9464,54,48,6
9465,318,283,35
9466,56,50,6
9467,165,144,21
9468,194,176,18
9469,131,122,9
9470,269,235,34
9471,179,158,21
9472,55,49,6
9473,329,292,37
9474,187,168,19
9475,116,106,10
9476,157,136,21
9477,147,136,11
9478,243,221,22
9479,371,334,37
9480,108,98,10
9481,265,231,34
9482,105,92,13
9483,215,193,22
9484,550,489,61
9485,274,247,27
9486,129,119,10
9487,142,121,21
9488,155,135,20
9489,121,104,17
9490,353,322,31
9491,327,294,33
9492,267,242,25
9493,119,105,14
9494,126,114,12
9495,124,116,8
9496,234,207,27
9497,188,168,20
9498,194,172,22
9499,129,114,15
9500,200,179,21
9501,283,249,34
9502,307,271,36
9503,137,128,9
9504,912,824,88
9505,248,219,29
9506,650,587,63
9507,133,118,15
9508,242,215,27
9509,548,487,61
9510,129,118,11
9511,162,148,14
9512,143,133,10
9513,209,190,19
9514,281,258,23
9515,229,212,17
9516,290,245,45
9517,363,321,42
9518,357,317,40
9519,525,460,65
9520,340,307,33
9521,208,186,22
9522,820,741,79
9523,136,123,13
9524,254,226,28
9525,306,267,39
9526,390,347,43
9527,115,96,19
9528,615,549,66
9529,977,865,112
9530,127,108,19
9531,181,162,19
9532,331,288,43
9533,165,139,26
9534,280,225,55
9535,390,342,48
9536,146,137,9
9537,620,545,75
9538,296,255,41
9539,302,249,53
9540,152,130,22
9541,277,236,41
9542,98,87,11
9543,202,181,21
9544,235,213,22
9545,266,225,41
9546,595,500,95
9547,92,83,9
9548,203,180,23
9549,59,53,6
9550,115,97,18
9551,251,217,34
9552,47,36,11
9553,179,149,30
9554,272,227,45
9555,289,252,37
9556,111,87,24
9557,102,88,14
9558,122,104,18
9559,180,153,27
9560,121,111,10
9561,126,113,13
9562,182,168,14
9563,212,188,24
9564,401,353,48
9565,326,270,56
9566,222,200,22
9567,185,173,12
9568,160,145,15
9569,138,120,18
9570,248,215,33
9571,138,122,16
9572,149,129,20
9573,190,167,23
9574,135,120,15
9575,146,128,18
9576,209,186,23
9577,121,106,15
9578,63,51,12
9579,264,242,22
9580,535,467,68
9581,85,72,13
9582,86,75,11
9583,77,67,10
9584,112,96,16
9585,141,118,23
9586,57,50,7
9587,215,192,23
9588,67,60,7
9589,252,216,36
9590,57,50,7
9591,230,195,35
9592,170,152,18
9593,302,262,40
9594,248,225,23
9595,233,200,33
9596,64,54,10
9597,330,301,29
9598,259,220,39
9599,40,34,6
9600,712,629,83
9601,125,113,12
9602,77,69,8
9603,119,98,21
9604,186,169,17
9605,126,111,15
9606,358,316,42
9607,255,228,27
9608,157,132,25
9609,180,156,24
9610,257,214,43
9611,59,50,9
9612,84,73,11
9613,59,51,8
9614,39,35,4
9615,71,61,10
9616,56,50,6
9617,126,109,17
9618,167,153,14
9619,166,134,32
9620,92,85,7
9621,418,358,60
9622,193,165,28
9623,303,271,32
9624,51,40,11
9625,107,91,16
9626,72,63,9
9627,160,147,13
9628,114,102,12
9629,128,107,21
9630,164,143,21
9631,201,177,24
9632,151,128,23
9633,124,103,21
9634,400,350,50
9635,130,112,18
9636,123,106,17
9637,385,359,26
9638,194,166,28
9639,195,168,27
9640,217,201,16
9641,150,126,24
9642,137,124,13
9643,223,194,29
9644,134,117,17
9645,129,109,20
9646,756,672,84
9647,89,75,14
9648,894,795,99
9649,228,191,37
9650,168,135,33
9651,517,454,63
9652,44,38,6
9653,254,211,43
9654,222,191,31
9655,120,111,9
9656,65,61,4
9657,165,150,15
9658,233,214,19
9659,52,48,4
9660,43,39,4
9661,151,138,13
9662,191,175,16
9663,105,93,12
9664,38,35,3
9665,82,76,6
9666,163,142,21
9667,161,134,27
9668,152,129,23
9669,417,353,64
9670,263,225,38
9671,305,282,23
9672,743,634,109
9673,130,120,10
9674,132,111,21
9675,446,390,56
9676,33,27,6
9677,226,202,24
9678,63,56,7
9679,298,267,31
9680,313,288,25
9681,70,62,8
9682,1527,1346,181
9683,67,60,7
9684,325,294,31
9685,173,154,19
9686,70,61,9
9687,191,171,20
9688,239,209,30
9689,221,197,24
9690,148,131,17
9691,91,83,8
9692,172,154,18
9693,240,213,27
9694,131,120,11
9695,119,103,16
9696,269,241,28
9697,155,141,14
9698,270,234,36
9699,184,163,21
9700,364,329,35
9701,134,119,15
9702,175,151,24
9703,1035,894,141
9704,158,139,19
9705,443,384,59
9706,440,380,60
9707,355,311,44
9708,169,139,30
9709,110,96,14
9710,284,244,40
9711,323,283,40
9712,285,233,52
9713,528,443,85
9714,227,196,31
9715,63,56,7
9716,137,117,20
9717,129,115,14
9718,63,54,9
9719,124,114,10
9720,448,383,65
9721,480,415,65
9722,119,110,9
9723,57,51,6
9724,137,128,9
9725,136,118,18
9726,151,140,11
9727,322,276,46
9728,924,802,122
9729,320,277,43
9730,137,118,19
9731,529,452,77
9732,443,381,62
9733,584,494,90
9734,1004,860,144
9735,383,331,52
9736,783,686,97
9737,659,566,93
9738,425,366,59
9739,251,218,33
9740,491,420,71
9741,173,152,21
9742,699,592,107
9743,65,56,9
9744,554,491,63
9745,405,340,65
9746,651,561,90
9747,270,223,47
9748,180,154,26
9749,195,162,33
9750,225,189,36
9751,353,313,40
9752,355,310,45
9753,226,202,24
9754,211,185,26
9755,120,106,14
9756,474,437,37
9757,785,720,65
9758,181,164,17
9759,156,149,7
9760,133,116,17
9761,204,177,27
9762,160,149,11
9763,54,48,6
9764,151,138,13
9765,283,245,38
9766,117,103,14
9767,429,389,40
9768,434,393,41
9769,327,272,55
9770,211,183,28
9771,120,112,8
9772,122,105,17
9773,146,121,25
9774,369,334,35
9775,158,143,15
9776,460,419,41
9777,147,126,21
9778,181,154,27
9779,158,140,18
9780,145,128,17
9781,257,233,24
9782,174,156,18
9783,114,109,5
9784,209,182,27
9785,99,88,11
9786,78,72,6
9787,158,138,20
9788,79,70,9
9789,144,129,15
9790,434,384,50
9791,829,743,86
9792,489,429,60
9793,434,385,49
9794,473,422,51
9795,141,120,21
9796,146,126,20
9797,178,160,18
9798,131,114,17
9799,289,256,33
9800,70,66,4
9801,84,76,8
9802,71,60,11
9803,77,69,8
9804,191,168,23
9805,133,107,26
9806,143,120,23
9807,99,83,16
9808,541,443,98
9809,190,166,24
9810,243,213,30
9811,434,372,62
9812,132,114,18
9813,217,178,39
9814,174,155,19
9815,96,83,13
9816,439,374,65
9817,180,157,23
9818,731,636,95
9819,410,366,44
9820,168,146,22
9821,159,143,16
9822,371,330,41
9823,347,312,35
9824,248,227,21
9825,169,145,24
9826,189,169,20
9827,234,206,28
9828,382,325,57
9829,120,104,16
9830,158,142,16
9831,125,110,15
9832,341,293,48
9833,153,144,9
9834,129,111,18
9835,269,236,33
9836,135,117,18
9837,349,304,45
9838,185,168,17
9839,105,95,10
9840,193,175,18
9841,144,131,13
9842,129,116,13
9843,108,97,11
9844,137,113,24
9845,300,270,30
9846,149,135,14
9847,123,112,11
9848,135,118,17
9849,159,143,16
9850,227,194,33
9851,121,111,10
9852,181,165,16
9853,219,200,19
9854,96,90,6
9855,144,130,14
9856,733,661,72
9857,142,128,14
9858,424,380,44
9859,260,227,33
9860,117,109,8
9861,150,141,9
9862,234,213,21
9863,127,115,12
9864,144,134,10
9865,161,147,14
9866,135,118,17
9867,118,104,14
9868,497,448,49
9869,375,332,43
9870,93,79,14
9871,178,158,20
9872,316,286,30
9873,160,149,11
9874,287,252,35
9875,193,182,11
9876,107,98,9
9877,752,673,79
9878,80,74,6
9879,171,140,31
9880,143,128,15
9881,157,133,24
9882,145,124,21
9883,67,62,5
9884,361,319,42
9885,91,74,17
9886,66,56,10
9887,143,126,17
9888,115,108,7
9889,183,156,27
9890,241,206,35
9891,50,44,6
9892,1010,903,107
9893,181,157,24
9894,52,47,5
9895,58,52,6
9896,325,288,37
9897,98,87,11
9898,348,313,35
9899,156,137,19
9900,162,141,21
9901,311,262,49
9902,194,165,29
9903,41,36,5
9904,50,41,9
9905,78,65,13
9906,382,323,59
9907,126,108,18
9908,159,139,20
9909,119,100,19
9910,383,344,39
9911,153,128,25
9912,426,361,65
9913,945,802,143
9914,148,129,19
9915,192,167,25
9916,134,119,15
9917,152,135,17
9918,230,201,29
9919,131,110,21
9920,185,161,24
9921,141,127,14
9922,213,184,29
9923,157,132,25
9924,271,234,37
9925,144,133,11
9926,108,92,16
9927,494,433,61
9928,579,498,81
9929,126,113,13
9930,136,118,18
9931,157,124,33
9932,649,555,94
9933,351,315,36
9934,485,434,51
9935,118,114,4
9936,129,118,11
9937,182,160,22
9938,303,270,33
9939,110,98,12
9940,190,167,23
9941,147,130,17
9942,168,144,24
9943,289,255,34
9944,207,175,32
9945,307,267,40
9946,648,561,87
9947,118,103,15
9948,122,106,16
9949,204,183,21
9950,788,689,99
9951,357,322,35
9952,119,96,23
9953,220,197,23
9954,138,120,18
9955,765,673,92
9956,158,137,21
9957,127,122,5
9958,144,131,13
9959,228,207,21
9960,210,190,20
9961,431,379,52
9962,100,91,9
9963,526,461,65
9964,317,291,26
9965,205,183,22
9966,461,403,58
9967,519,450,69
9968,573,488,85
9969,186,167,19
9970,201,176,25
9971,409,371,38
9972,399,354,45
9973,134,114,20
9974,95,87,8
9975,95,87,8
9976,103,85,18
9977,183,164,19
9978,102,86,16
9979,65,58,7
9980,60,55,5
9981,159,144,15
9982,90,83,7
9983,41,38,3
9984,124,107,17
9985,537,470,67
9986,182,166,16
9987,121,110,11
9988,184,158,26
9989,135,123,12
9990,167,146,21
9991,145,126,19
9992,58,50,8
9993,187,159,28
9994,295,252,43
9995,407,356,51
9996,155,133,22
9997,168,137,31
9998,116,108,8
9999,164,147,17
10000,152,133,19
10001,368,331,37
10002,169,145,24
10003,270,239,31
10004,179,151,28
10005,150,136,14
10006,566,484,82
10007,238,210,28
10008,105,93,12
10009,343,311,32
10010,333,288,45
10011,557,469,88
10012,254,213,41
10013,287,256,31
10014,307,274,33
10015,139,117,22
10016,272,227,45
10017,159,147,12
10018,227,197,30
10019,180,164,16
10020,161,142,19
10021,330,290,40
10022,267,227,40
10023,330,269,61
10024,229,197,32
10025,387,340,47
10026,183,165,18
10027,194,170,24
10028,182,160,22
10029,1166,1024,142
10030,182,156,26
10031,653,574,79
10032,360,317,43
10033,638,542,96
10034,111,100,11
10035,159,134,25
10036,113,101,12
10037,133,120,13
10038,297,266,31
10039,146,121,25
10040,110,88,22
10041,35,32,3
10042,139,127,12
10043,48,41,7
10044,113,106,7
10045,167,148,19
10046,151,140,11
10047,153,138,15
10048,131,114,17
10049,141,121,20
10050,465,418,47
10051,156,134,22
10052,372,324,48
10053,256,203,53
10054,328,289,39
10055,124,112,12
10056,118,101,17
10057,87,75,12
10058,214,180,34
10059,166,146,20
10060,403,347,56
10061,162,134,28
10062,113,99,14
10063,256,233,23
10064,144,132,12
10065,41,37,4
10066,300,261,39
10067,280,234,46
10068,349,302,47
10069,57,47,10
10070,39,35,4
10071,98,85,13
10072,429,379,50
10073,500,432,68
10074,155,139,16
10075,518,441,77
10076,80,71,9
10077,797,667,130
10078,180,148,32
10079,207,186,21
10080,107,94,13
10081,140,123,17
10082,571,505,66
10083,111,92,19
10084,105,94,11
10085,120,100,20
10086,52,49,3
10087,127,107,20
10088,112,99,13
10089,131,101,30
10090,422,353,69
10091,490,418,72
10092,512,446,66
10093,216,186,30
10094,516,392,124
10095,316,289,27
10096,203,172,31
10097,202,171,31
10098,167,153,14
10099,204,175,29
10100,262,235,27
10101,186,168,18
10102,169,153,16
10103,219,198,21
10104,150,135,15
10105,214,197,17
10106,237,210,27
10107,222,182,40
10108,78,73,5
10109,54,48,6
10110,473,411,62
10111,154,133,21
10112,299,259,40
10113,403,343,60
10114,49,48,1
10115,301,255,46
10116,439,398,41
10117,680,593,87
10118,140,129,11
10119,449,392,57
10120,166,152,14
10121,181,153,28
10122,423,377,46
10123,262,226,36
10124,92,86,6
10125,369,329,40
10126,149,134,15
10127,441,379,62
10128,209,166,43
10129,181,150,31
10130,366,315,51
10131,303,261,42
10132,222,190,32
10133,184,158,26
10134,156,144,12
10135,202,176,26
10136,466,390,76
10137,467,408,59
10138,180,157,23
10139,585,486,99
10140,134,114,20
10141,177,156,21
10142,47,38,9
10143,187,161,26
10144,34,29,5
10145,224,199,25
10146,121,111,10
10147,306,252,54
10148,352,314,38
10149,162,146,16
10150,177,165,12
10151,228,198,30
10152,192,175,17
10153,195,173,22
10154,248,215,33
10155,357,310,47
10156,182,158,24
10157,384,341,43
10158,109,94,15
10159,192,165,27
10160,61,58,3
10161,247,215,32
10162,220,199,21
10163,164,151,13
10164,256,222,34
10165,161,144,17
10166,129,122,7
10167,268,237,31
10168,85,74,11
10169,279,241,38
10170,125,111,14
10171,166,144,22
10172,170,151,19
10173,213,185,28
10174,76,67,9
10175,170,156,14
10176,123,109,14
10177,84,80,4
10178,145,128,17
10179,126,114,12
10180,68,61,7
10181,101,94,7
10182,180,164,16
10183,284,249,35
10184,411,363,48
10185,209,191,18
10186,249,221,28
10187,194,176,18
10188,165,144,21
10189,137,123,14
10190,216,191,25
10191,757,674,83
10192,457,404,53
10193,77,70,7
10194,531,481,50
10195,736,645,91
10196,188,172,16
10197,445,395,50
10198,50,43,7
10199,264,228,36
10200,263,238,25
10201,166,147,19
10202,212,198,14
10203,312,275,37
10204,444,391,53
10205,551,480,71
10206,195,173,22
10207,278,230,48
10208,152,128,24
10209,189,160,29
10210,406,357,49
10211,430,364,66
10212,81,72,9
10213,201,175,26
10214,258,226,32
10215,213,181,32
10216,260,231,29
10217,140,127,13
10218,475,429,46
10219,670,581,89
10220,137,118,19
10221,150,128,22
10222,146,127,19
10223,160,150,10
10224,216,182,34
10225,134,116,18
10226,137,128,9
10227,126,117,9
10228,133,121,12
10229,123,116,7
10230,137,126,11
10231,224,194,30
10232,253,215,38
10233,412,363,49
10234,218,193,25
10235,48,43,5
10236,92,81,11
10237,156,138,18
10238,228,204,24
10239,297,271,26
10240,372,330,42
10241,72,64,8
10242,126,112,14
10243,82,73,9
10244,133,119,14
10245,151,135,16
10246,132,118,14
10247,167,146,21
10248,335,295,40
10249,142,117,25
10250,277,248,29
10251,262,234,28
10252,268,238,30
10253,329,294,35
10254,229,197,32
10255,235,194,41
10256,148,130,18
10257,211,193,18
10258,318,275,43
10259,999,869,130
10260,144,131,13
10261,247,207,40
10262,140,126,14
10263,442,377,65
10264,128,120,8
10265,745,659,86
10266,473,401,72
10267,418,359,59
10268,168,150,18
10269,156,135,21
10270,224,191,33
10271,188,164,24
10272,113,98,15
10273,278,253,25
10274,137,119,18
10275,134,117,17
10276,122,111,11
10277,127,110,17
10278,140,125,15
10279,136,111,25
10280,134,120,14
10281,147,124,23
10282,947,826,121
10283,258,225,33
10284,235,205,30
10285,336,309,27
10286,309,271,38
10287,311,274,37
10288,165,148,17
10289,223,206,17
10290,172,166,6
10291,124,109,15
10292,295,269,26
10293,67,57,10
10294,76,64,12
10295,141,124,17
10296,214,170,44
10297,252,216,36
10298,521,462,59
10299,177,156,21
10300,154,137,17
10301,319,274,45
10302,125,108,17
10303,708,636,72
10304,287,258,29
10305,82,69,13
10306,288,252,36
10307,123,111,12
10308,51,45,6
10309,213,189,24
10310,231,200,31
10311,95,84,11
10312,174,152,22
10313,54,49,5
10314,113,100,13
10315,72,65,7
10316,108,92,16
10317,277,237,40
10318,133,116,17
10319,154,136,18
10320,99,83,16
10321,198,179,19
10322,182,162,20
10323,234,201,33
10324,459,390,69
10325,129,117,12
10326,129,120,9
10327,190,166,24
10328,165,144,21
10329,82,70,12
10330,59,49,10
10331,79,71,8
10332,312,270,42
10333,123,101,22
10334,296,262,34
10335,597,542,55
10336,162,143,19
10337,200,168,32
10338,581,518,63
10339,164,128,36
10340,508,441,67
10341,444,389,55
10342,113,95,18
10343,249,212,37
10344,722,610,112
10345,103,93,10
10346,567,489,78
10347,227,187,40
10348,533,466,67
10349,469,407,62
10350,308,265,43
10351,179,164,15
10352,306,270,36
10353,381,333,48
10354,131,122,9
10355,562,484,78
10356,129,118,11
10357,64,55,9
10358,119,101,18
10359,310,272,38
10360,266,232,34
10361,178,151,27
10362,216,196,20
10363,120,103,17
10364,159,140,19
10365,253,218,35
10366,212,188,24
10367,23,22,1
10368,72,62,10
10369,92,83,9
10370,197,182,15
10371,239,215,24
10372,336,294,42
10373,166,141,25
10374,1013,855,158
10375,605,514,91
10376,160,145,15
10377,322,274,48
10378,935,799,136
10379,230,202,28
10380,141,123,18
10381,219,190,29
10382,414,356,58
10383,191,167,24
10384,897,796,101
10385,431,371,60
10386,560,473,87
10387,210,180,30
10388,102,86,16
10389,966,830,136
10390,369,319,50
10391,353,308,45
10392,426,387,39
10393,234,206,28
10394,453,396,57
10395,292,256,36
10396,140,123,17
10397,136,120,16
10398,133,110,23
10399,589,509,80
10400,105,88,17
10401,257,219,38
10402,173,151,22
10403,170,154,16
10404,375,325,50
10405,791,680,111
10406,636,555,81
10407,125,107,18
10408,161,143,18
10409,59,50,9
10410,249,207,42
10411,192,167,25
10412,329,286,43
10413,80,65,15
10414,769,694,75
10415,262,235,27
10416,316,279,37
10417,871,753,118
10418,134,116,18
10419,134,116,18
10420,612,503,109
10421,834,709,125
10422,53,47,6
10423,162,149,13
10424,125,111,14
10425,125,112,13
10426,58,52,6
10427,119,102,17
10428,211,182,29
10429,123,113,10
10430,170,157,13
10431,47,42,5
10432,663,552,111
10433,203,180,23
10434,66,57,9
10435,82,70,12
10436,58,53,5
10437,79,73,6
10438,78,71,7
10439,491,436,55
10440,59,51,8
10441,204,184,20
10442,323,285,38
10443,176,157,19
10444,145,123,22
10445,164,143,21
10446,163,145,18
10447,126,110,16
10448,697,619,78
10449,121,112,9
10450,46,40,6
10451,216,183,33
10452,69,58,11
10453,81,69,12
10454,650,575,75
10455,461,411,50
10456,152,141,11
10457,155,132,23
10458,291,245,46
10459,95,84,11
10460,327,283,44
10461,128,116,12
10462,49,44,5
10463,661,589,72
10464,114,99,15
10465,276,252,24
10466,174,151,23
10467,115,106,9
10468,414,366,48
10469,156,137,19
10470,154,132,22
10471,128,115,13
10472,491,438,53
10473,236,205,31
10474,427,370,57
10475,334,299,35
10476,1300,1157,143
10477,142,129,13
10478,82,70,12
10479,483,424,59
10480,551,486,65
10481,458,396,62
10482,50,42,8
10483,173,157,16
10484,131,114,17
10485,129,120,9
10486,153,142,11
10487,178,148,30
10488,159,137,22
10489,134,118,16
10490,117,105,12
10491,966,861,105
10492,177,151,26
10493,57,52,5
10494,88,78,10
10495,121,109,12
10496,95,85,10
10497,281,249,32
10498,407,358,49
10499,205,175,30
10500,241,223,18
10501,299,267,32
10502,159,140,19
10503,649,564,85
10504,235,207,28
10505,512,451,61
10506,145,122,23
10507,220,194,26
10508,262,237,25
10509,766,667,99
10510,948,839,109
10511,62,54,8
10512,87,79,8
10513,500,441,59
10514,198,182,16
10515,251,224,27
10516,536,466,70
10517,528,458,70
10518,215,189,26
10519,100,84,16
10520,132,121,11
10521,561,491,70
10522,167,147,20
10523,144,125,19
10524,1015,872,143
10525,95,84,11
10526,141,118,23
10527,120,102,18
10528,97,86,11
10529,138,113,25
10530,151,121,30
10531,116,99,17
10532,243,208,35
10533,188,153,35
10534,251,210,41
10535,219,171,48
10536,139,126,13
10537,117,100,17
10538,392,343,49
10539,258,219,39
10540,338,307,31
10541,141,128,13
10542,456,389,67
10543,160,146,14
10544,141,130,11
10545,330,291,39
10546,154,137,17
10547,410,347,63
10548,224,204,20
10549,96,79,17
10550,577,505,72
10551,411,365,46
10552,220,196,24
10553,155,136,19
10554,497,438,59
10555,328,295,33
10556,176,157,19
10557,530,479,51
10558,175,162,13
10559,315,268,47
10560,152,137,15
10561,105,90,15
10562,366,315,51
10563,304,263,41
10564,383,329,54
10565,424,371,53
10566,209,162,47
10567,312,272,40
10568,140,115,25
10569,323,282,41
10570,152,131,21
10571,160,138,22
10572,249,212,37
10573,104,88,16
10574,340,296,44
10575,220,200,20
10576,310,281,29
10577,176,154,22
10578,239,194,45
10579,262,236,26
10580,171,150,21
10581,106,91,15
10582,297,254,43
10583,166,142,24
10584,55,48,7
10585,171,150,21
10586,53,45,8
10587,981,849,132
10588,165,135,30
10589,383,353,30
10590,342,293,49
10591,98,83,15
10592,310,281,29
10593,549,477,72
10594,339,302,37
10595,773,668,105
10596,63,49,14
10597,50,46,4
10598,239,212,27
10599,133,119,14
10600,270,241,29
10601,43,39,4
10602,268,231,37
10603,142,126,16
10604,113,99,14
10605,150,133,17
10606,195,160,35
10607,95,72,23
10608,261,216,45
10609,127,117,10
10610,333,292,41
10611,253,219,34
10612,338,284,54
10613,188,162,26
10614,93,81,12
10615,267,245,22
10616,199,176,23
10617,119,106,13
10618,160,147,13
10619,110,96,14
10620,131,116,15
10621,134,113,21
10622,51,46,5
10623,69,63,6
10624,288,255,33
10625,126,108,18
10626,150,135,15
10627,122,104,18
10628,132,115,17
10629,475,412,63
10630,76,65,11
10631,253,221,32
10632,169,138,31
10633,175,148,27
10634,97,86,11
10635,67,59,8
10636,67,61,6
10637,60,50,10
10638,227,190,37
10639,185,158,27
10640,130,111,19
10641,47,44,3
10642,55,47,8
10643,199,168,31
10644,315,277,38
10645,143,129,14
10646,149,135,14
10647,142,119,23
10648,552,479,73
10649,129,107,22
10650,89,71,18
10651,222,198,24
10652,88,79,9
10653,117,107,10
10654,178,159,19
10655,278,252,26
10656,156,131,25
10657,74,68,6
10658,328,298,30
10659,164,140,24
10660,137,119,18
10661,317,287,30
10662,156,141,15
10663,560,497,63
10664,195,169,26
10665,227,189,38
10666,163,145,18
10667,262,224,38
10668,81,68,13
10669,198,172,26
10670,145,123,22
10671,182,155,27
10672,160,137,23
10673,150,128,22
10674,173,149,24
10675,204,175,29
10676,126,111,15
10677,110,98,12
10678,313,268,45
10679,115,98,17
10680,170,147,23
10681,188,172,16
10682,670,605,65
10683,92,81,11
10684,55,49,6
10685,34,28,6
10686,253,226,27
10687,184,156,28
10688,47,45,2
10689,47,45,2
10690,119,101,18
10691,154,143,11
10692,84,74,10
10693,82,70,12
10694,143,121,22
10695,211,181,30
10696,73,62,11
10697,160,142,18
10698,424,375,49
10699,144,127,17
10700,125,115,10
10701,118,106,12
10702,352,313,39
10703,197,179,18
10704,166,152,14
10705,54,48,6
10706,151,128,23
10707,108,98,10
10708,146,124,22
10709,139,117,22
10710,77,69,8
10711,355,307,48
10712,199,173,26
10713,887,780,107
10714,817,677,140
10715,801,674,127
10716,171,143,28
10717,109,95,14
10718,177,152,25
10719,182,167,15
10720,147,122,25
10721,217,189,28
10722,131,121,10
10723,126,109,17
10724,78,65,13
10725,139,127,12
10726,118,105,13
10727,276,236,40
10728,144,128,16
10729,162,147,15
10730,108,96,12
10731,174,157,17
10732,171,152,19
10733,299,266,33
10734,139,113,26
10735,164,144,20
10736,190,167,23
10737,459,401,58
10738,151,134,17
10739,1014,855,159
10740,206,182,24
10741,196,165,31
10742,166,138,28
10743,141,128,13
10744,870,742,128
10745,137,115,22
10746,164,145,19
10747,553,482,71
10748,121,106,15
10749,114,103,11
10750,426,362,64
10751,555,481,74
10752,312,271,41
10753,160,133,27
10754,182,158,24
10755,184,160,24
10756,330,285,45
10757,205,179,26
10758,73,68,5
10759,109,102,7
10760,202,166,36
10761,93,88,5
10762,59,53,6
10763,105,94,11
10764,108,98,10
10765,172,163,9
10766,211,191,20
10767,85,76,9
10768,131,109,22
10769,97,80,17
10770,462,402,60
10771,132,114,18
10772,50,45,5
10773,281,258,23
10774,90,77,13
10775,181,152,29
10776,114,97,17
10777,600,553,47
10778,213,175,38
10779,391,336,55
10780,341,293,48
10781,424,378,46
10782,154,134,20
10783,170,140,30
10784,132,108,24
10785,412,354,58
10786,378,333,45
10787,456,393,63
10788,203,173,30
10789,757,645,112
10790,224,195,29
10791,632,553,79
10792,236,198,38
10793,240,219,21
10794,135,122,13
10795,159,142,17
10796,131,114,17
10797,105,91,14
10798,257,234,23
10799,420,369,51
10800,117,102,15
10801,147,130,17
10802,292,258,34
10803,106,93,13
10804,138,125,13
10805,165,143,22
10806,106,90,16
10807,188,162,26
10808,204,182,22
10809,662,582,80
10810,179,160,19
10811,369,316,53
10812,343,292,51
10813,126,111,15
10814,52,46,6
10815,58,51,7
10816,41,38,3
10817,178,152,26
10818,283,257,26
10819,135,124,11
10820,330,294,36
10821,129,117,12
10822,269,247,22
10823,253,227,26
10824,146,129,17
10825,411,368,43
10826,764,653,111
10827,210,191,19
10828,51,46,5
10829,79,67,12
10830,54,44,10
10831,629,558,71
10832,200,177,23
10833,185,166,19
10834,88,77,11
10835,130,102,28
10836,542,471,71
10837,248,217,31
10838,1050,934,116
10839,143,131,12
10840,183,156,27
10841,161,135,26
10842,258,233,25
10843,131,107,24
10844,285,259,26
10845,140,124,16
10846,165,153,12
10847,209,189,20
10848,97,86,11
10849,76,63,13
10850,150,138,12
10851,239,202,37
10852,196,174,22
10853,136,120,16
10854,343,293,50
10855,142,125,17
10856,134,120,14
10857,186,166,20
10858,148,131,17
10859,141,117,24
10860,158,136,22
10861,108,101,7
10862,118,102,16
10863,130,117,13
10864,86,79,7
10865,159,148,11
10866,108,97,11
10867,126,111,15
10868,210,179,31
10869,168,141,27
10870,333,277,56
10871,106,95,11
10872,138,123,15
10873,43,36,7
10874,43,34,9
10875,86,69,17
10876,223,191,32
10877,141,117,24
10878,135,101,34
10879,210,174,36
10880,178,158,20
10881,372,323,49
10882,123,117,6
10883,145,128,17
10884,147,135,12
10885,98,89,9
10886,152,130,22
10887,528,452,76
10888,364,321,43
10889,179,164,15
10890,174,148,26
10891,140,131,9
10892,162,146,16
10893,221,200,21
10894,89,81,8
10895,327,295,32
10896,133,111,22
10897,160,147,13
10898,132,116,16
10899,116,108,8
10900,144,118,26
10901,258,229,29
10902,107,90,17
10903,259,229,30
10904,71,64,7
10905,92,81,11
10906,144,132,12
10907,165,143,22
10908,86,71,15
10909,131,115,16
10910,241,211,30
10911,171,147,24
10912,151,134,17
10913,191,170,21
10914,424,370,54
10915,246,215,31
10916,58,52,6
10917,58,52,6
10918,86,73,13
10919,244,218,26
10920,252,215,37
10921,30,30,0
10922,109,93,16
10923,106,88,18
10924,263,226,37
10925,54,47,7
10926,270,228,42
10927,171,145,26
10928,372,327,45
10929,210,176,34
10930,326,287,39
10931,264,235,29
10932,114,100,14
10933,140,127,13
10934,171,152,19
10935,136,121,15
10936,148,129,19
10937,125,98,27
10938,113,97,16
10939,314,286,28
10940,525,447,78
10941,138,125,13
10942,150,139,11
10943,204,184,20
10944,269,234,35
10945,197,172,25
10946,207,183,24
10947,343,310,33
10948,84,75,9
10949,141,111,30
10950,119,100,19
10951,164,145,19
10952,131,112,19
10953,153,133,20
10954,173,154,19
10955,114,101,13
10956,278,247,31
10957,201,183,18
10958,369,325,44
10959,127,116,11
10960,176,154,22
10961,613,526,87
10962,269,241,28
10963,311,267,44
10964,390,343,47
10965,200,178,22
10966,182,169,13
10967,19,18,1
10968,140,123,17
10969,327,283,44
10970,433,383,50
10971,250,212,38
10972,322,274,48
10973,65,54,11
10974,151,130,21
10975,488,415,73
10976,172,150,22
10977,633,548,85
10978,706,606,100
10979,80,62,18
10980,120,98,22
10981,171,157,14
10982,66,48,18
10983,113,98,15
10984,364,298,66
10985,349,313,36
10986,144,132,12
10987,196,169,27
10988,166,142,24
10989,573,523,50
10990,212,180,32
10991,93,82,11
10992,397,350,47
10993,578,506,72
10994,295,246,49
10995,76,62,14
10996,273,233,40
10997,284,249,35
10998,70,60,10
10999,79,64,15
11000,167,144,23
11001,470,402,68
11002,342,306,36
11003,169,155,14
11004,188,155,33
11005,935,809,126
11006,169,155,14
11007,421,366,55
11008,166,140,26
11009,168,147,21
11010,184,165,19
11011,167,138,29
11012,312,274,38
11013,92,81,11
11014,257,213,44
11015,216,190,26
11016,365,325,40
11017,371,327,44
11018,926,780,146
11019,190,161,29
11020,511,450,61
11021,952,841,111
11022,703,629,74
11023,329,276,53
11024,1002,868,134
11025,79,66,13
11026,195,164,31
11027,121,103,18
11028,78,66,12
11029,172,148,24
11030,179,163,16
11031,122,105,17
11032,360,323,37
11033,282,248,34
11034,167,139,28
11035,447,371,76
11036,137,103,34
11037,449,383,66
11038,84,73,11
11039,236,202,34
11040,302,253,49
11041,92,78,14
11042,84,77,7
11043,306,256,50
11044,204,170,34
11045,155,139,16
11046,172,149,23
11047,171,146,25
11048,57,52,5
11049,123,106,17
11050,143,119,24
11051,133,109,24
11052,48,42,6
11053,136,121,15
11054,131,118,13
11055,164,144,20
11056,307,282,25
11057,221,186,35
11058,139,123,16
11059,213,181,32
11060,230,206,24
11061,370,330,40
11062,345,318,27
11063,114,103,11
11064,140,128,12
11065,288,251,37
11066,130,112,18
11067,141,131,10
11068,687,592,95
11069,44,38,6
11070,37,35,2
11071,69,63,6
11072,30,27,3
11073,152,139,13
11074,58,51,7
11075,103,95,8
11076,391,321,70
11077,458,386,72
11078,129,114,15
11079,150,131,19
11080,60,54,6
11081,62,53,9
11082,87,78,9
11083,251,220,31
11084,144,132,12
11085,535,476,59
11086,152,137,15
11087,479,412,67
11088,169,144,25
11089,733,648,85
11090,534,457,77
11091,201,176,25
11092,135,115,20
11093,1031,878,153
11094,303,274,29
11095,139,120,19
11096,66,55,11
11097,190,164,26
11098,184,157,27
11099,91,84,7
11100,129,111,18
11101,713,625,88
11102,114,99,15
11103,107,90,17
11104,244,214,30
11105,47,45,2
11106,298,261,37
11107,95,87,8
11108,184,177,7
11109,125,112,13
11110,252,218,34
11111,472,424,48
11112,301,272,29
11113,139,128,11
11114,170,157,13
11115,478,435,43
11116,211,180,31
11117,181,160,21
11118,395,347,48
11119,696,611,85
11120,173,148,25
11121,168,158,10
11122,140,121,19
11123,122,109,13
11124,119,105,14
11125,131,107,24
11126,200,177,23
11127,396,348,48
11128,199,176,23
11129,220,194,26
11130,160,138,22
11131,187,151,36
11132,157,134,23
11133,288,250,38
11134,342,308,34
11135,332,284,48
11136,329,284,45
11137,225,194,31
11138,153,134,19
11139,46,38,8
11140,482,419,63
11141,402,351,51
11142,78,71,7
11143,147,127,20
11144,296,259,37
11145,381,338,43
11146,177,145,32
11147,478,412,66
11148,831,711,120
11149,591,499,92
11150,155,131,24
11151,321,283,38
11152,32,32,0
11153,161,138,23
11154,92,87,5
11155,64,60,4
11156,194,169,25
11157,45,41,4
11158,201,176,25
11159,85,73,12
11160,652,581,71
11161,66,57,9
11162,506,458,48
11163,102,87,15
11164,809,723,86
11165,176,159,17
11166,349,304,45
11167,178,158,20
11168,195,168,27
11169,266,233,33
11170,213,185,28
11171,160,135,25
11172,381,334,47
11173,267,240,27
11174,516,443,73
11175,111,101,10
11176,290,255,35
11177,233,198,35
11178,356,298,58
11179,250,223,27
11180,170,153,17
11181,440,370,70
11182,348,280,68
11183,208,185,23
11184,552,477,75
11185,583,484,99
11186,51,51,0
11187,85,71,14
11188,154,137,17
11189,353,303,50
11190,112,93,19
11191,148,130,18
11192,115,97,18
11193,107,96,11
11194,169,155,14
11195,120,102,18
11196,137,123,14
11197,205,188,17
11198,129,118,11
11199,169,149,20
11200,374,333,41
11201,264,218,46
11202,191,172,19
11203,60,51,9
11204,295,250,45
11205,143,123,20
11206,148,132,16
11207,159,139,20
11208,282,253,29
11209,443,387,56
11210,203,175,28
11211,101,91,10
11212,711,622,89
11213,144,131,13
11214,691,585,106
11215,137,124,13
11216,139,127,12
11217,152,132,20
11218,410,365,45
11219,258,234,24
11220,263,224,39
11221,226,185,41
11222,231,201,30
11223,591,506,85
11224,364,307,57
11225,650,560,90
11226,170,158,12
11227,293,253,40
11228,219,193,26
11229,633,542,91
11230,469,398,71
11231,626,548,78
11232,970,835,135
11233,277,245,32
11234,499,441,58
11235,304,268,36
11236,577,505,72
11237,633,535,98
11238,133,127,6
11239,106,90,16
11240,101,92,9
11241,92,82,10
11242,346,306,40
11243,542,463,79
11244,145,127,18
11245,158,121,37
11246,318,283,35
11247,139,118,21
11248,50,41,9
11249,44,40,4
11250,174,155,19
11251,59,49,10
11252,83,70,13
11253,731,636,95
11254,272,246,26
11255,462,408,54
11256,231,198,33
11257,350,303,47
11258,146,135,11
11259,59,49,10
11260,129,112,17
11261,73,68,5
11262,86,81,5
11263,161,144,17
11264,251,230,21
11265,71,63,8
11266,122,105,17
11267,101,91,10
11268,123,112,11
11269,51,46,5
11270,137,123,14
11271,135,121,14
11272,130,113,17
11273,264,231,33
11274,545,482,63
11275,85,75,10
11276,168,144,24
11277,139,129,10
11278,1012,852,160
11279,126,117,9
11280,256,230,26
11281,458,407,51
11282,218,195,23
11283,161,145,16
11284,121,110,11
11285,172,159,13
11286,145,129,16
11287,116,98,18
11288,224,200,24
11289,308,262,46
11290,257,237,20
11291,99,88,11
11292,125,104,21
11293,495,426,69
11294,171,151,20
11295,197,164,33
11296,95,86,9
11297,326,292,34
11298,59,52,7
11299,282,246,36
11300,150,132,18
11301,161,138,23
11302,126,110,16
11303,127,120,7
11304,293,253,40
11305,303,271,32
11306,347,286,61
11307,775,645,130
11308,162,144,18
11309,122,101,21
11310,593,540,53
11311,300,264,36
11312,314,272,42
11313,296,254,42
11314,282,254,28
11315,514,445,69
11316,137,114,23
11317,65,56,9
11318,155,129,26
11319,160,135,25
11320,1009,896,113
11321,229,206,23
11322,168,142,26
11323,164,146,18
11324,207,192,15
11325,133,114,19
11326,129,113,16
11327,112,96,16
11328,72,60,12
11329,107,97,10
11330,74,67,7
11331,242,203,39
11332,248,216,32
11333,714,598,116
11334,252,217,35
11335,425,380,45
11336,563,467,96
11337,275,244,31
11338,119,103,16
11339,154,122,32
11340,108,97,11
11341,164,145,19
11342,139,133,6
11343,144,132,12
11344,268,237,31
11345,453,379,74
11346,270,227,43
11347,218,191,27
11348,80,75,5
11349,174,146,28
11350,394,321,73
11351,133,114,19
11352,231,191,40
11353,953,852,101
11354,256,225,31
11355,258,219,39
11356,275,233,42
11357,171,143,28
11358,124,101,23
11359,428,367,61
11360,365,313,52
11361,148,128,20
11362,723,624,99
11363,193,181,12
11364,231,201,30
11365,616,529,87
11366,300,249,51
11367,125,107,18
11368,125,114,11
11369,130,116,14
11370,125,110,15
11371,116,100,16
11372,284,246,38
11373,272,240,32
11374,454,400,54
11375,138,118,20
11376,637,563,74
11377,147,124,23
11378,146,125,21
11379,168,143,25
11380,416,361,55
11381,285,252,33
11382,617,502,115
11383,416,368,48
11384,44,39,5
11385,215,192,23
11386,455,402,53
11387,194,175,19
11388,89,80,9
11389,64,57,7
11390,52,44,8
11391,49,48,1
11392,228,195,33
11393,90,77,13
11394,44,36,8
11395,48,40,8
11396,45,39,6
11397,68,58,10
11398,133,122,11
11399,131,113,18
11400,150,122,28
11401,171,152,19
11402,483,416,67
11403,138,124,14
11404,169,154,15
11405,234,204,30
11406,47,41,6
11407,128,105,23
11408,326,287,39
11409,98,85,13
11410,122,104,18
11411,117,91,26
11412,126,108,18
11413,89,82,7
11414,82,75,7
11415,200,167,33
11416,79,68,11
11417,59,52,7
11418,77,67,10
11419,48,40,8
11420,73,66,7
11421,135,123,12
11422,112,104,8
11423,930,805,125
11424,54,49,5
11425,140,125,15
11426,127,115,12
11427,124,112,12
11428,57,50,7
11429,639,549,90
11430,125,113,12
11431,164,145,19
11432,320,267,53
11433,174,157,17
11434,374,330,44
11435,161,145,16
11436,373,330,43
11437,139,127,12
11438,218,193,25
11439,269,244,25
11440,457,383,74
11441,275,244,31
11442,538,486,52
11443,144,122,22
11444,161,140,21
11445,182,160,22
11446,214,191,23
11447,135,125,10
11448,375,329,46
11449,159,145,14
11450,115,103,12
11451,96,90,6
11452,103,93,10
11453,175,156,19
11454,962,853,109
11455,132,115,17
11456,206,185,21
11457,137,119,18
11458,444,395,49
11459,176,154,22
11460,601,544,57
11461,253,224,29
11462,154,135,19
11463,192,176,16
11464,359,321,38
11465,352,300,52
11466,370,325,45
11467,125,108,17
11468,315,280,35
11469,229,198,31
11470,162,140,22
11471,129,117,12
11472,198,167,31
11473,236,214,22
11474,120,109,11
11475,116,105,11
11476,118,104,14
11477,158,142,16
11478,96,87,9
11479,460,425,35
11480,225,200,25
11481,228,205,23
11482,126,119,7
11483,167,151,16
11484,267,232,35
11485,636,560,76
11486,986,839,147
11487,268,235,33
11488,312,274,38
11489,187,161,26
11490,126,115,11
11491,165,146,19
11492,129,115,14
11493,155,135,20
11494,143,128,15
11495,183,162,21
11496,115,101,14
11497,39,32,7
11498,255,229,26
11499,170,151,19
11500,132,119,13
11501,378,317,61
11502,343,294,49
11503,180,145,35
11504,138,125,13
11505,242,198,44
11506,170,137,33
11507,412,350,62
11508,195,160,35
11509,176,154,22
11510,193,171,22
11511,108,102,6
11512,111,97,14
11513,163,149,14
11514,195,166,29
11515,233,205,28
11516,144,121,23
11517,256,228,28
11518,123,93,30
11519,135,118,17
11520,116,104,12
11521,417,349,68
11522,135,115,20
11523,357,327,30
11524,121,103,18
11525,220,197,23
11526,109,92,17
11527,38,32,6
11528,75,67,8
11529,146,133,13
11530,213,192,21
11531,180,163,17
11532,314,269,45
11533,534,497,37
11534,127,114,13
11535,296,263,33
11536,200,180,20
11537,158,141,17
11538,174,157,17
11539,279,252,27
11540,131,122,9
11541,122,111,11
11542,145,125,20
11543,408,345,63
11544,143,130,13
11545,309,282,27
11546,134,123,11
11547,305,274,31
11548,112,99,13
11549,261,224,37
11550,363,316,47
11551,324,291,33
11552,449,394,55
11553,110,100,10
11554,201,169,32
11555,54,50,4
11556,110,98,12
11557,209,179,30
11558,181,164,17
11559,152,135,17
11560,168,151,17
11561,167,151,16
11562,130,114,16
11563,353,292,61
11564,469,400,69
11565,165,139,26
11566,60,56,4
11567,490,429,61
11568,170,149,21
11569,314,277,37
11570,418,379,39
11571,222,188,34
11572,242,212,30
11573,115,103,12
11574,158,139,19
11575,163,134,29
11576,960,830,130
11577,752,680,72
11578,366,317,49
11579,323,275,48
11580,167,147,20
11581,182,161,21
11582,1006,855,151
11583,260,225,35
11584,112,100,12
11585,72,62,10
11586,123,105,18
11587,198,173,25
11588,1008,875,133
11589,197,167,30
11590,356,318,38
11591,344,299,45
11592,551,499,52
11593,173,149,24
11594,279,237,42
11595,411,371,40
11596,216,201,15
11597,466,414,52
11598,247,210,37
11599,185,157,28
11600,449,403,46
11601,358,305,53
11602,129,116,13
11603,132,122,10
11604,351,306,45
11605,146,126,20
11606,184,163,21
11607,121,106,15
11608,268,236,32
11609,198,172,26
11610,138,125,13
11611,163,138,25
11612,159,135,24
11613,174,147,27
11614,206,184,22
11615,427,361,66
11616,337,293,44
11617,199,179,20
11618,326,275,51
11619,119,106,13
11620,237,198,39
11621,78,69,9
11622,164,149,15
11623,114,100,14
11624,142,124,18
11625,151,132,19
11626,757,653,104
11627,403,352,51
11628,62,57,5
11629,263,223,40
11630,141,126,15
11631,118,104,14
11632,773,670,103
11633,147,130,17
11634,268,244,24
11635,699,576,123
11636,307,247,60
11637,152,126,26
11638,113,99,14
11639,626,540,86
11640,306,244,62
11641,690,580,110
11642,477,402,75
11643,292,256,36
11644,346,299,47
11645,212,180,32
11646,313,272,41
11647,176,139,37
11648,150,132,18
11649,371,307,64
11650,176,151,25
11651,128,118,10
11652,139,129,10
11653,185,170,15
11654,152,141,11
11655,129,117,12
11656,138,127,11
11657,277,243,34
11658,189,174,15
11659,155,138,17
11660,245,218,27
11661,249,222,27
11662,205,187,18
11663,306,268,38
11664,205,180,25
11665,124,106,18
11666,196,164,32
11667,122,111,11
11668,43,36,7
11669,142,126,16
11670,156,130,26
11671,158,134,24
11672,58,49,9
11673,148,132,16
11674,436,389,47
11675,127,115,12
11676,425,382,43
11677,259,215,44
11678,1005,867,138
11679,165,142,23
11680,175,154,21
11681,636,549,87
11682,362,315,47
11683,320,280,40
11684,150,132,18
11685,418,364,54
11686,294,264,30
11687,100,94,6
11688,185,172,13
11689,264,229,35
11690,133,123,10
11691,176,148,28
11692,302,272,30
11693,849,712,137
11694,168,141,27
11695,222,188,34
11696,135,121,14
11697,207,171,36
11698,151,137,14
11699,145,124,21
11700,261,223,38
11701,134,114,20
11702,468,404,64
11703,329,277,52
11704,141,128,13
11705,667,588,79
11706,228,203,25
11707,407,352,55
11708,352,306,46
11709,255,222,33
11710,562,488,74
11711,127,110,17
11712,128,116,12
11713,115,103,12
11714,293,252,41
11715,242,200,42
11716,182,163,19
11717,48,41,7
11718,64,52,12
11719,335,287,48
11720,240,216,24
11721,101,89,12
11722,212,175,37
11723,249,220,29
11724,120,108,12
11725,135,118,17
11726,135,121,14
11727,102,91,11
11728,110,98,12
11729,153,132,21
11730,130,117,13
11731,130,120,10
11732,184,159,25
11733,127,113,14
11734,142,131,11
11735,154,142,12
11736,166,155,11
11737,113,102,11
11738,131,109,22
11739,333,284,49
11740,159,147,12
11741,113,99,14
11742,189,169,20
11743,227,201,26
11744,196,173,23
11745,104,89,15
11746,143,128,15
11747,151,138,13
11748,222,190,32
11749,156,135,21
11750,426,374,52
11751,167,149,18
11752,197,176,21
11753,166,146,20
11754,258,232,26
11755,171,148,23
11756,120,109,11
11757,34,29,5
11758,303,269,34
11759,172,147,25
11760,394,334,60
11761,165,155,10
11762,135,119,16
11763,196,171,25
11764,148,133,15
11765,301,284,17
11766,151,128,23
11767,130,109,21
11768,226,192,34
11769,387,338,49
11770,505,434,71
11771,506,454,52
11772,156,137,19
11773,649,570,79
11774,763,658,105
11775,580,509,71
11776,441,390,51
11777,179,149,30
11778,526,461,65
11779,116,97,19
11780,166,143,23
11781,529,473,56
11782,563,495,68
11783,875,751,124
11784,207,175,32
11785,509,438,71
11786,168,153,15
11787,50,42,8
11788,661,587,74
11789,134,117,17
11790,334,276,58
11791,164,145,19
11792,1006,888,118
11793,190,170,20
11794,498,425,73
11795,276,246,30
11796,165,144,21
11797,90,81,9
11798,595,528,67
11799,331,272,59
11800,138,122,16
11801,92,81,11
11802,153,141,12
11803,598,517,81
11804,85,75,10
11805,28,26,2
11806,124,103,21
11807,85,74,11
11808,173,157,16
11809,248,221,27
11810,398,358,40
11811,124,103,21
11812,444,390,54
11813,418,375,43
11814,431,376,55
11815,332,286,46
11816,420,367,53
11817,222,192,30
11818,212,192,20
11819,196,173,23
11820,204,187,17
11821,95,78,17
11822,187,164,23
11823,236,216,20
11824,151,130,21
11825,506,431,75
11826,106,97,9
11827,252,217,35
11828,313,272,41
11829,249,229,20
11830,128,118,10
11831,359,323,36
11832,140,130,10
11833,300,262,38
11834,202,177,25
11835,165,145,20
11836,145,121,24
11837,296,246,50
11838,115,99,16
11839,246,217,29
11840,501,423,78
11841,446,383,63
11842,108,93,15
11843,207,186,21
11844,167,149,18
11845,150,129,21
11846,76,65,11
11847,391,332,59
11848,235,212,23
11849,668,585,83
11850,564,504,60
11851,297,263,34
11852,135,117,18
11853,144,128,16
11854,178,151,27
11855,338,298,40
11856,456,412,44
11857,68,59,9
11858,153,133,20
11859,244,216,28
11860,128,116,12
11861,113,101,12
11862,871,781,90
11863,191,164,27
11864,154,139,15
11865,77,70,7
11866,160,143,17
11867,149,132,17
11868,208,176,32
11869,152,130,22
11870,174,150,24
11871,417,358,59
11872,700,630,70
11873,677,588,89
11874,417,362,55
11875,256,224,32
11876,52,48,4
11877,155,128,27
11878,125,111,14
11879,519,438,81
11880,176,162,14
11881,906,795,111
11882,210,190,20
11883,128,112,16
11884,281,247,34
11885,172,153,19
11886,299,271,28
11887,848,748,100
11888,246,205,41
11889,149,125,24
11890,373,333,40
11891,219,186,33
11892,392,351,41
11893,690,597,93
11894,273,245,28
11895,560,502,58
11896,278,245,33
11897,185,158,27
11898,573,504,69
11899,207,183,24
11900,209,181,28
11901,123,114,9
11902,423,369,54
11903,302,247,55
11904,157,134,23
11905,344,305,39
11906,149,127,22
11907,204,177,27
11908,391,350,41
11909,375,315,60
11910,148,131,17
11911,236,208,28
11912,843,753,90
11913,167,143,24
11914,208,181,27
11915,282,248,34
11916,183,154,29
11917,143,125,18
11918,225,206,19
11919,132,120,12
11920,160,140,20
11921,38,32,6
11922,70,62,8
11923,153,121,32
11924,117,100,17
11925,59,50,9
11926,70,63,7
11927,94,84,10
11928,43,40,3
11929,169,147,22
11930,140,116,24
11931,137,117,20
11932,204,175,29
11933,144,128,16
11934,158,139,19
11935,118,110,8
11936,306,266,40
11937,379,340,39
11938,484,420,64
11939,203,177,26
11940,206,175,31
11941,95,81,14
11942,86,71,15
11943,135,123,12
11944,121,101,20
11945,167,150,17
11946,54,52,2
11947,65,54,11
11948,188,165,23
11949,50,39,11
11950,204,172,32
11951,420,358,62
11952,200,172,28
11953,171,153,18
11954,96,84,12
11955,219,186,33
11956,149,132,17
11957,167,156,11
11958,126,112,14
11959,92,82,10
11960,258,232,26
11961,174,148,26
11962,54,50,4
11963,117,104,13
11964,380,331,49
11965,187,165,22
11966,212,193,19
11967,203,183,20
11968,292,260,32
11969,242,212,30
11970,652,561,91
11971,377,328,49
11972,469,413,56
11973,135,126,9
11974,521,450,71
11975,318,276,42
11976,284,255,29
11977,161,149,12
11978,552,479,73
11979,274,244,30
11980,495,437,58
11981,384,340,44
11982,345,290,55
11983,224,202,22
11984,289,259,30
11985,411,370,41
11986,123,106,17
11987,187,161,26
11988,289,251,38
11989,244,211,33
11990,202,178,24
11991,237,206,31
11992,108,100,8
11993,274,242,32
11994,415,366,49
11995,136,113,23
11996,146,122,24
11997,159,142,17
11998,544,455,89
11999,109,96,13
12000,121,108,13
12001,44,33,11
12002,34,33,1
12003,186,167,19
12004,148,133,15
12005,167,144,23
12006,153,131,22
12007,155,140,15
12008,651,561,90
12009,56,48,8
12010,416,353,63
12011,201,154,47
12012,538,465,73
12013,119,102,17
12014,155,139,16
12015,338,295,43
12016,212,182,30
12017,369,320,49
12018,343,300,43
12019,389,344,45
12020,176,160,16
12021,805,735,70
12022,623,534,89
12023,528,478,50
12024,403,373,30
12025,126,107,19
12026,546,475,71
12027,112,97,15
12028,846,746,100
12029,80,73,7
12030,463,410,53
12031,47,46,1
12032,481,421,60
12033,111,91,20
12034,177,155,22
12035,354,319,35
12036,126,112,14
12037,150,131,19
12038,126,114,12
12039,153,136,17
12040,152,133,19
12041,247,222,25
12042,76,66,10
12043,363,320,43
12044,119,110,9
12045,270,233,37
12046,128,113,15
12047,136,116,20
12048,283,246,37
12049,121,106,15
12050,159,129,30
12051,193,148,45
12052,116,98,18
12053,292,259,33
12054,129,112,17
12055,198,168,30
12056,223,194,29
12057,244,200,44
12058,138,119,19
12059,116,95,21
12060,213,183,30
12061,169,153,16
12062,291,252,39
12063,57,54,3
12064,148,132,16
12065,152,136,16
12066,109,98,11
12067,327,291,36
12068,105,93,12
12069,180,153,27
12070,53,41,12
12071,105,94,11
12072,286,248,38
12073,381,334,47
12074,148,130,18
12075,129,119,10
12076,445,382,63
12077,136,122,14
12078,411,360,51
12079,121,114,7
12080,310,275,35
12081,126,113,13
12082,111,100,11
12083,169,151,18
12084,69,64,5
12085,236,204,32
12086,459,395,64
12087,278,233,45
12088,138,115,23
12089,98,84,14
12090,168,147,21
12091,197,171,26
12092,491,445,46
12093,69,60,9
12094,320,279,41
12095,113,105,8
12096,147,131,16
12097,69,56,13
12098,283,237,46
12099,73,62,11
12100,63,56,7
12101,113,102,11
12102,118,100,18
12103,162,145,17
12104,139,129,10
12105,137,118,19
12106,95,85,10
12107,81,65,16
12108,109,103,6
12109,331,283,48
12110,385,334,51
12111,193,170,23
12112,681,612,69
12113,573,494,79
12114,168,143,25
12115,460,392,68
12116,44,32,12
12117,632,508,124
12118,573,485,88
12119,125,112,13
12120,342,298,44
12121,233,218,15
12122,260,233,27
12123,83,72,11
12124,35,34,1
12125,115,98,17
12126,130,119,11
12127,110,97,13
12128,52,44,8
12129,81,72,9
12130,87,78,9
12131,224,201,23
12132,170,150,20
12133,154,129,25
12134,136,113,23
12135,232,199,33
12136,402,350,52
12137,344,295,49
12138,156,131,25
12139,129,113,16
12140,156,141,15
12141,57,49,8
12142,883,736,147
12143,42,35,7
12144,86,67,19
12145,175,154,21
12146,89,79,10
12147,104,90,14
12148,48,41,7
12149,193,160,33
12150,186,154,32
12151,896,750,146
12152,58,52,6
12153,917,788,129
12154,238,199,39
12155,51,43,8
12156,69,63,6
12157,127,114,13
12158,88,78,10
12159,132,107,25
12160,88,73,15
12161,87,80,7
12162,356,300,56
12163,123,105,18
12164,319,273,46
12165,181,150,31
12166,285,239,46
12167,669,579,90
12168,171,144,27
12169,169,148,21
12170,400,341,59
12171,832,739,93
12172,379,312,67
12173,140,122,18
12174,194,171,23
12175,128,116,12
12176,344,310,34
12177,120,104,16
12178,218,187,31
12179,123,113,10
12180,277,248,29
12181,614,547,67
12182,129,114,15
12183,154,131,23
12184,268,235,33
12185,259,232,27
12186,156,131,25
12187,429,371,58
12188,110,93,17
12189,128,111,17
12190,677,581,96
12191,403,359,44
12192,171,152,19
12193,291,265,26
12194,174,150,24
12195,113,93,20
12196,113,95,18
12197,313,272,41
12198,188,153,35
12199,374,327,47
12200,463,407,56
12201,240,205,35
12202,130,109,21
12203,273,238,35
12204,264,225,39
12205,175,146,29
12206,117,96,21
12207,135,118,17
12208,158,138,20
12209,188,153,35
12210,469,408,61
12211,165,142,23
12212,212,189,23
12213,600,505,95
12214,233,195,38
12215,138,119,19
12216,283,242,41
12217,221,196,25
12218,104,95,9
12219,127,122,5
12220,407,351,56
12221,76,59,17
12222,631,561,70
12223,189,171,18
12224,190,172,18
12225,72,65,7
12226,118,112,6
12227,49,46,3
12228,84,78,6
12229,153,138,15
12230,130,117,13
12231,845,713,132
12232,128,110,18
12233,108,97,11
12234,362,333,29
12235,143,127,16
12236,99,88,11
12237,171,154,17
12238,676,610,66
12239,563,485,78
12240,144,124,20
12241,109,94,15
12242,174,150,24
12243,127,113,14
12244,182,147,35
12245,194,160,34
12246,257,226,31
12247,100,94,6
12248,163,141,22
12249,573,494,79
12250,92,81,11
12251,370,302,68
12252,258,230,28
12253,803,698,105
12254,110,89,21
12255,637,562,75
12256,360,323,37
12257,312,278,34
12258,503,455,48
12259,234,206,28
12260,112,98,14
12261,180,159,21
12262,134,118,16
12263,126,111,15
12264,418,353,65
12265,371,324,47
12266,122,106,16
12267,138,126,12
12268,117,107,10
12269,179,159,20
12270,247,224,23
12271,381,335,46
12272,346,321,25
12273,521,447,74
12274,70,63,7
12275,139,120,19
12276,94,84,10
12277,563,486,77
12278,336,296,40
12279,560,504,56
12280,168,143,25
12281,272,243,29
12282,341,298,43
12283,261,244,17
12284,97,84,13
12285,692,606,86
12286,416,367,49
12287,382,346,36
12288,131,115,16
12289,410,362,48
12290,320,280,40
12291,123,92,31
12292,167,139,28
12293,74,65,9
12294,82,75,7
12295,136,128,8
12296,435,391,44
12297,143,121,22
12298,55,48,7
12299,191,169,22
12300,279,249,30
12301,186,164,22
12302,174,159,15
12303,108,96,12
12304,128,116,12
12305,367,334,33
12306,36,30,6
12307,98,93,5
12308,207,191,16
12309,122,109,13
12310,320,275,45
12311,167,118,49
12312,168,142,26
12313,313,261,52
12314,82,71,11
12315,213,193,20
12316,143,129,14
12317,491,429,62
12318,124,114,10
12319,113,104,9
12320,66,56,10
12321,304,271,33
12322,301,261,40
12323,431,378,53
12324,198,182,16
12325,91,84,7
12326,113,101,12
12327,198,181,17
12328,83,74,9
12329,88,75,13
12330,84,77,7
12331,196,174,22
12332,172,146,26
12333,91,81,10
12334,277,247,30
12335,56,54,2
12336,56,52,4
12337,123,107,16
12338,105,91,14
12339,67,65,2
12340,207,192,15
12341,152,136,16
12342,174,156,18
12343,119,109,10
12344,611,527,84
12345,258,236,22
12346,210,181,29
12347,256,216,40
12348,90,83,7
12349,123,108,15
12350,298,268,30
12351,231,214,17
12352,202,178,24
12353,137,112,25
12354,249,215,34
12355,139,113,26
12356,85,75,10
12357,239,194,45
12358,115,98,17
12359,206,190,16
12360,64,59,5
12361,191,162,29
12362,84,76,8
12363,467,403,64
12364,40,35,5
12365,204,186,18
12366,355,310,45
12367,323,280,43
12368,146,131,15
12369,305,261,44
12370,86,74,12
12371,124,104,20
12372,190,161,29
12373,183,158,25
12374,310,268,42
12375,77,68,9
12376,214,187,27
12377,434,387,47
12378,173,151,22
12379,213,185,28
12380,194,169,25
12381,294,255,39
12382,229,209,20
12383,193,175,18
12384,164,147,17
12385,537,474,63
12386,119,105,14
12387,117,104,13
12388,318,298,20
12389,570,493,77
12390,863,798,65
12391,340,308,32
12392,388,339,49
12393,292,269,23
12394,116,102,14
12395,336,301,35
12396,425,385,40
12397,231,194,37
12398,122,103,19
12399,46,41,5
12400,49,44,5
12401,128,122,6
12402,129,112,17
12403,235,199,36
12404,126,109,17
12405,359,311,48
12406,141,116,25
12407,487,448,39
12408,106,96,10
12409,324,284,40
12410,710,606,104
12411,154,135,19
12412,138,119,19
12413,1016,893,123
12414,343,310,33
12415,146,131,15
12416,214,191,23
12417,251,216,35
12418,514,460,54
12419,218,186,32
12420,87,76,11
12421,161,141,20
12422,159,135,24
12423,307,267,40
12424,147,127,20
12425,462,412,50
12426,365,326,39
12427,127,113,14
12428,211,196,15
12429,295,266,29
12430,139,123,16
12431,158,142,16
12432,126,112,14
12433,172,148,24
12434,110,95,15
12435,165,146,19
12436,186,167,19
12437,132,121,11
12438,80,72,8
12439,66,57,9
12440,155,139,16
12441,134,120,14
12442,136,122,14
12443,55,46,9
12444,140,120,20
12445,194,174,20
12446,42,38,4
12447,86,71,15
12448,149,126,23
12449,751,681,70
12450,247,224,23
12451,245,229,16
12452,123,114,9
12453,76,64,12
12454,229,203,26
12455,226,194,32
12456,194,170,24
12457,159,141,18
12458,325,290,35
12459,193,173,20
12460,186,174,12
12461,221,202,19
12462,161,137,24
12463,208,191,17
12464,76,64,12
12465,52,46,6
12466,61,55,6
12467,198,175,23
12468,128,114,14
12469,146,127,19
12470,61,52,9
12471,132,113,19
12472,586,516,70
12473,184,168,16
12474,149,121,28
12475,127,106,21
12476,189,169,20
12477,625,529,96
12478,189,153,36
12479,161,140,21
12480,390,362,28
12481,120,104,16
12482,116,105,11
12483,150,132,18
12484,158,142,16
12485,349,301,48
12486,131,114,17
12487,305,269,36
12488,167,154,13
12489,119,106,13
12490,85,76,9
12491,153,137,16
12492,95,81,14
12493,149,136,13
12494,180,166,14
12495,117,105,12
12496,52,47,5
12497,425,378,47
12498,187,166,21
12499,171,146,25
12500,114,98,16
12501,778,709,69
12502,142,133,9
12503,153,135,18
12504,401,346,55
12505,104,88,16
12506,327,293,34
12507,159,139,20
12508,68,60,8
12509,288,262,26
12510,343,300,43
12511,146,131,15
12512,101,92,9
12513,138,125,13
12514,174,154,20
12515,134,118,16
12516,67,61,6
12517,87,75,12
12518,132,120,12
12519,181,163,18
12520,20,13,7
12521,471,411,60
12522,187,161,26
12523,174,154,20
12524,115,106,9
12525,848,755,93
12526,227,198,29
12527,192,170,22
12528,494,429,65
12529,234,209,25
12530,127,113,14
12531,321,263,58
12532,301,270,31
12533,156,141,15
12534,507,443,64
12535,342,310,32
12536,234,211,23
12537,157,144,13
12538,248,217,31
12539,110,100,10
12540,188,161,27
12541,112,99,13
12542,117,108,9
12543,225,199,26
12544,345,307,38
12545,251,222,29
12546,729,635,94
12547,214,197,17
12548,387,331,56
12549,116,102,14
12550,132,116,16
12551,157,140,17
12552,162,154,8
12553,689,628,61
12554,179,152,27
12555,245,208,37
12556,174,153,21
12557,195,171,24
12558,197,172,25
12559,171,148,23
12560,162,152,10
12561,355,331,24
12562,194,171,23
12563,978,879,99
12564,135,124,11
12565,174,153,21
12566,161,141,20
12567,115,101,14
12568,141,122,19
12569,208,182,26
12570,138,124,14
12571,143,131,12
12572,52,48,4
12573,136,120,16
12574,1037,931,106
12575,160,139,21
12576,335,303,32
12577,458,422,36
12578,141,129,12
12579,317,280,37
12580,244,215,29
12581,363,321,42
12582,54,49,5
12583,191,171,20
12584,298,258,40
12585,414,374,40
12586,134,118,16
12587,533,473,60
12588,216,184,32
12589,136,123,13
12590,129,118,11
12591,171,148,23
12592,97,90,7
12593,221,196,25
12594,105,102,3
12595,56,47,9
12596,87,73,14
12597,177,158,19
12598,693,601,92
12599,129,117,12
12600,149,135,14
12601,129,119,10
12602,322,288,34
12603,201,186,15
12604,200,183,17
12605,191,178,13
12606,127,114,13
12607,213,195,18
12608,114,109,5
12609,152,137,15
12610,327,289,38
12611,115,107,8
12612,94,86,8
12613,201,190,11
12614,228,205,23
12615,277,243,34
12616,305,270,35
12617,426,385,41
12618,250,231,19
12619,185,165,20
12620,693,601,92
12621,165,152,13
12622,204,182,22
12623,227,207,20
12624,177,155,22
12625,250,226,24
12626,150,133,17
12627,141,132,9
12628,128,120,8
12629,103,91,12
12630,192,177,15
12631,62,53,9
12632,135,124,11
12633,209,179,30
12634,145,124,21
12635,124,109,15
12636,205,179,26
12637,578,506,72
12638,140,134,6
12639,599,543,56
12640,575,510,65
12641,157,134,23
12642,349,306,43
12643,183,169,14
12644,132,120,12
12645,306,271,35
12646,157,135,22
12647,313,268,45
12648,131,116,15
12649,229,197,32
12650,164,147,17
12651,215,184,31
12652,170,149,21
12653,186,161,25
12654,211,180,31
12655,210,190,20
12656,100,88,12
12657,413,349,64
12658,577,522,55
12659,170,145,25
12660,194,168,26
12661,121,103,18
12662,189,165,24
12663,110,100,10
12664,669,579,90
12665,293,255,38
12666,105,98,7
12667,146,119,27
12668,598,518,80
12669,80,73,7
12670,203,180,23
12671,124,113,11
12672,330,294,36
12673,138,128,10
12674,185,166,19
12675,176,158,18
12676,737,657,80
12677,98,90,8
12678,189,160,29
12679,152,132,20
12680,301,271,30
12681,177,162,15
12682,134,118,16
12683,368,335,33
12684,295,267,28
12685,73,69,4
12686,67,60,7
12687,237,213,24
12688,174,156,18
12689,343,309,34
12690,188,170,18
12691,174,154,20
12692,224,190,34
12693,105,94,11
12694,351,318,33
12695,610,536,74
12696,47,43,4
12697,103,92,11
12698,122,110,12
12699,180,161,19
12700,122,110,12
12701,199,175,24
12702,141,129,12
12703,146,127,19
12704,141,129,12
12705,121,106,15
12706,201,178,23
12707,108,96,12
12708,305,273,32
12709,132,122,10
12710,233,207,26
12711,104,92,12
12712,68,56,12
12713,114,95,19
12714,244,217,27
12715,203,189,14
12716,135,124,11
12717,104,95,9
12718,391,360,31
12719,48,47,1
12720,50,46,4
12721,256,233,23
12722,228,207,21
12723,54,48,6
12724,101,91,10
12725,346,305,41
12726,274,252,22
12727,157,145,12
12728,195,174,21
12729,221,191,30
12730,184,161,23
12731,254,229,25
12732,300,270,30
12733,483,425,58
12734,177,147,30
12735,156,139,17
12736,454,420,34
12737,215,198,17
12738,181,159,22
12739,211,185,26
12740,495,448,47
12741,62,52,10
12742,311,269,42
12743,407,352,55
12744,239,210,29
12745,169,148,21
12746,1001,863,138
12747,177,159,18
12748,161,145,16
12749,179,161,18
12750,396,337,59
12751,171,149,22
12752,394,353,41
12753,187,168,19
12754,118,112,6
12755,185,165,20
12756,117,104,13
12757,143,129,14
12758,126,113,13
12759,182,162,20
12760,140,123,17
12761,122,110,12
12762,319,274,45
12763,692,596,96
12764,125,111,14
12765,109,93,16
12766,460,407,53
12767,440,402,38
12768,148,134,14
12769,328,293,35
12770,140,122,18
12771,173,147,26
12772,138,117,21
12773,268,242,26
12774,76,71,5
12775,215,181,34
12776,192,173,19
12777,230,209,21
12778,72,62,10
12779,130,117,13
12780,165,141,24
12781,59,51,8
12782,535,481,54
12783,353,326,27
12784,149,130,19
12785,232,204,28
12786,170,145,25
12787,131,118,13
12788,157,146,11
12789,72,61,11
12790,276,248,28
12791,282,250,32
12792,91,72,19
12793,170,150,20
12794,132,109,23
12795,187,166,21
12796,44,42,2
12797,126,115,11
12798,123,112,11
12799,209,184,25
12800,217,188,29
12801,182,165,17
12802,226,208,18
12803,307,275,32
12804,200,172,28
12805,132,118,14
12806,172,155,17
12807,133,119,14
12808,276,248,28
12809,115,100,15
12810,243,222,21
12811,132,117,15
12812,134,124,10
12813,139,123,16
12814,552,490,62
12815,239,207,32
12816,520,475,45
12817,185,169,16
12818,500,446,54
12819,108,97,11
12820,145,126,19
12821,622,545,77
12822,105,91,14
12823,193,164,29
12824,239,211,28
12825,177,160,17
12826,140,132,8
12827,116,102,14
12828,191,166,25
12829,960,824,136
12830,164,144,20
12831,147,134,13
12832,240,214,26
12833,177,158,19
12834,115,102,13
12835,223,195,28
12836,209,188,21
12837,259,237,22
12838,185,169,16
12839,191,169,22
12840,453,400,53
12841,328,296,32
12842,146,130,16
12843,242,211,31
12844,54,49,5
12845,189,162,27
12846,153,139,14
12847,298,264,34
12848,161,140,21
12849,209,185,24
12850,164,148,16
12851,292,260,32
12852,115,104,11
12853,268,251,17
12854,228,203,25
12855,212,195,17
12856,230,208,22
12857,202,184,18
12858,196,179,17
12859,212,191,21
12860,126,116,10
12861,141,130,11
12862,553,485,68
12863,496,434,62
12864,128,119,9
12865,124,117,7
12866,167,148,19
12867,186,167,19
12868,188,165,23
12869,128,117,11
12870,149,133,16
12871,101,86,15
12872,99,87,12
12873,45,42,3
12874,162,145,17
12875,234,210,24
12876,138,122,16
12877,180,159,21
12878,155,138,17
12879,204,182,22
12880,96,81,15
12881,138,116,22
12882,213,201,12
12883,196,175,21
12884,490,416,74
12885,420,354,66
12886,178,162,16
12887,165,142,23
12888,134,118,16
12889,1006,876,130
12890,136,121,15
12891,370,318,52
12892,218,197,21
12893,206,190,16
12894,312,273,39
12895,406,365,41
12896,135,124,11
12897,191,167,24
12898,172,156,16
12899,118,106,12
12900,149,143,6
12901,208,179,29
12902,123,114,9
12903,125,110,15
12904,124,110,14
12905,195,177,18
12906,144,127,17
12907,118,106,12
12908,248,208,40
12909,194,173,21
12910,94,81,13
12911,172,150,22
12912,370,319,51
12913,104,91,13
12914,113,102,11
12915,182,167,15
12916,54,47,7
12917,131,119,12
12918,43,39,4
12919,396,348,48
12920,257,223,34
12921,189,165,24
12922,490,436,54
12923,267,241,26
12924,650,547,103
12925,152,138,14
12926,162,152,10
12927,586,521,65
12928,240,207,33
12929,31,30,1
12930,308,268,40
12931,406,365,41
12932,121,106,15
12933,405,364,41
12934,581,522,59
12935,434,383,51
12936,570,514,56
12937,116,103,13
12938,399,352,47
12939,296,254,42
12940,122,104,18
12941,56,51,5
12942,132,118,14
12943,130,117,13
12944,103,88,15
12945,175,159,16
12946,399,367,32
12947,189,172,17
12948,47,45,2
12949,117,105,12
12950,214,194,20
12951,358,315,43
12952,158,140,18
12953,172,149,23
12954,168,147,21
12955,112,101,11
12956,255,205,50
12957,219,191,28
12958,47,40,7
12959,144,129,15
12960,220,188,32
12961,331,297,34
12962,106,100,6
12963,323,298,25
12964,109,100,9
12965,169,147,22
12966,166,150,16
12967,445,395,50
12968,213,188,25
12969,142,128,14
12970,136,120,16
12971,126,113,13
12972,175,154,21
12973,53,48,5
12974,133,126,7
12975,135,129,6
12976,140,122,18
12977,175,158,17
12978,467,421,46
12979,285,250,35
12980,137,113,24
12981,120,111,9
12982,388,349,39
12983,156,137,19
12984,541,474,67
12985,164,131,33
12986,115,103,12
12987,122,107,15
12988,135,119,16
12989,288,261,27
12990,165,152,13
12991,124,107,17
12992,151,131,20
12993,197,176,21
12994,151,135,16
12995,100,94,6
12996,171,148,23
12997,1001,914,87
12998,794,704,90
12999,428,382,46
13000,133,127,6
13001,278,247,31
13002,240,215,25
13003,150,135,15
13004,435,388,47
13005,196,170,26
13006,138,131,7
13007,228,189,39
13008,265,234,31
13009,113,98,15
13010,169,145,24
13011,44,42,2
13012,133,120,13
13013,74,69,5
13014,216,195,21
13015,214,194,20
13016,362,319,43
13017,536,474,62
13018,171,149,22
13019,103,91,12
13020,160,149,11
13021,53,47,6
13022,138,124,14
13023,422,375,47
13024,109,96,13
13025,151,133,18
13026,63,53,10
13027,104,90,14
13028,146,130,16
13029,40,38,2
13030,111,99,12
13031,416,370,46
13032,312,268,44
13033,194,178,16
13034,96,83,13
13035,245,213,32
13036,132,118,14
13037,128,115,13
13038,152,124,28
13039,291,269,22
13040,145,134,11
13041,199,175,24
13042,231,206,25
13043,1327,1177,150
13044,270,234,36
13045,57,51,6
13046,44,40,4
13047,133,118,15
13048,143,134,9
13049,117,108,9
13050,209,188,21
13051,344,306,38
13052,173,155,18
13053,234,221,13
13054,119,105,14
13055,332,287,45
13056,640,561,79
13057,623,554,69
13058,295,267,28
13059,124,116,8
13060,166,155,11
13061,176,158,18
13062,957,849,108
13063,275,241,34
13064,151,133,18
13065,187,162,25
13066,347,295,52
13067,296,273,23
13068,322,284,38
13069,125,114,11
13070,132,119,13
13071,191,168,23
13072,154,138,16
13073,609,555,54
13074,833,745,88
13075,119,109,10
13076,153,139,14
13077,247,210,37
13078,122,110,12
13079,134,115,19
13080,423,383,40
13081,163,148,15
13082,298,267,31
13083,50,44,6
13084,84,79,5
13085,223,202,21
13086,231,204,27
13087,248,211,37
13088,354,317,37
13089,193,159,34
13090,402,353,49
13091,377,342,35
13092,333,288,45
13093,56,55,1
13094,111,102,9
13095,269,223,46
13096,124,100,24
13097,190,172,18
13098,474,410,64
13099,79,72,7
13100,194,166,28
13101,631,565,66
13102,295,251,44
13103,206,175,31
13104,366,318,48
13105,42,38,4
13106,77,67,10
13107,88,84,4
13108,550,475,75
13109,177,154,23
13110,119,102,17
13111,299,258,41
13112,182,159,23
13113,126,111,15
13114,131,123,8
13115,125,116,9
13116,302,270,32
13117,298,260,38
13118,110,98,12
13119,199,173,26
13120,373,317,56
13121,220,204,16
13122,240,212,28
13123,198,183,15
13124,120,98,22
13125,200,181,19
13126,162,147,15
13127,144,127,17
13128,96,87,9
13129,155,136,19
13130,339,309,30
13131,138,124,14
13132,191,171,20
13133,55,52,3
13134,137,128,9
13135,287,256,31
13136,372,337,35
13137,191,168,23
13138,517,454,63
13139,166,147,19
13140,142,132,10
13141,361,320,41
13142,741,635,106
13143,84,78,6
13144,200,177,23
13145,136,124,12
13146,136,120,16
13147,159,148,11
13148,255,233,22
13149,76,68,8
13150,127,111,16
13151,344,295,49
13152,50,44,6
13153,181,166,15
13154,252,204,48
13155,53,47,6
13156,429,377,52
13157,470,418,52
13158,461,410,51
13159,45,41,4
13160,56,50,6
13161,114,106,8
13162,143,125,18
13163,89,79,10
13164,305,265,40
13165,247,213,34
13166,168,151,17
13167,125,109,16
13168,236,202,34
13169,129,109,20
13170,198,174,24
13171,153,138,15
13172,128,111,17
13173,365,330,35
13174,365,314,51
13175,138,129,9
13176,501,432,69
13177,238,201,37
13178,808,695,113
13179,200,180,20
13180,251,222,29
13181,92,82,10
13182,83,76,7
13183,119,103,16
13184,150,131,19
13185,125,110,15
13186,351,319,32
13187,127,112,15
13188,405,357,48
13189,134,115,19
13190,103,90,13
13191,131,119,12
13192,137,121,16
13193,311,273,38
13194,163,148,15
13195,125,112,13
13196,249,219,30
13197,349,328,21
13198,115,103,12
13199,127,110,17
13200,439,390,49
13201,341,304,37
13202,167,150,17
13203,136,116,20
13204,295,260,35
13205,153,140,13
13206,237,209,28
13207,120,110,10
13208,93,85,8
13209,115,102,13
13210,113,102,11
13211,398,350,48
13212,51,45,6
13213,135,122,13
13214,87,75,12
13215,180,157,23
13216,133,112,21
13217,121,95,26
13218,260,199,61
13219,223,191,32
13220,481,404,77
13221,117,102,15
13222,201,178,23
13223,147,127,20
13224,288,264,24
13225,231,200,31
13226,191,172,19
13227,391,330,61
13228,172,152,20
13229,244,206,38
13230,735,631,104
13231,248,214,34
13232,128,114,14
13233,93,83,10
13234,171,147,24
13235,51,47,4
13236,127,115,12
13237,95,80,15
13238,144,137,7
13239,311,279,32
13240,252,231,21
13241,134,129,5
13242,125,109,16
13243,429,383,46
13244,122,112,10
13245,131,116,15
13246,123,111,12
13247,124,111,13
13248,120,109,11
13249,125,115,10
13250,186,170,16
13251,163,149,14
13252,150,133,17
13253,203,184,19
13254,256,238,18
13255,341,306,35
13256,159,137,22
13257,217,192,25
13258,470,434,36
13259,137,130,7
13260,118,106,12
13261,210,188,22
13262,127,119,8
13263,145,135,10
13264,172,149,23
13265,651,568,83
13266,156,140,16
13267,138,121,17
13268,377,326,51
13269,236,199,37
13270,43,39,4
13271,137,129,8
13272,446,401,45
13273,260,228,32
13274,377,330,47
13275,289,252,37
13276,118,101,17
13277,162,144,18
13278,215,183,32
13279,134,113,21
13280,352,317,35
13281,91,79,12
13282,83,70,13
13283,371,336,35
13284,154,136,18
13285,166,143,23
13286,213,185,28
13287,149,134,15
13288,170,138,32
13289,221,179,42
13290,348,294,54
13291,144,133,11
13292,121,111,10
13293,157,143,14
13294,171,148,23
13295,801,691,110
13296,267,239,28
13297,234,209,25
13298,158,146,12
13299,414,364,50
13300,157,131,26
13301,200,177,23
13302,532,453,79
13303,259,233,26
13304,138,127,11
13305,144,128,16
13306,175,159,16
13307,206,180,26
13308,120,111,9
13309,259,232,27
13310,51,48,3
13311,147,138,9
13312,209,181,28
13313,171,150,21
13314,513,453,60
13315,132,121,11
13316,337,299,38
13317,205,182,23
13318,547,478,69
13319,88,81,7
13320,124,110,14
13321,126,115,11
13322,126,116,10
13323,483,416,67
13324,177,161,16
13325,73,65,8
13326,147,136,11
13327,52,46,6
13328,363,309,54
13329,287,261,26
13330,244,226,18
13331,364,330,34
13332,88,77,11
13333,866,774,92
13334,145,136,9
13335,316,292,24
13336,134,119,15
13337,118,110,8
13338,108,95,13
13339,719,646,73
13340,237,206,31
13341,137,121,16
13342,184,165,19
13343,52,49,3
13344,411,356,55
13345,191,156,35
13346,128,115,13
13347,144,133,11
13348,135,122,13
13349,397,338,59
13350,102,91,11
13351,161,139,22
13352,280,254,26
13353,134,114,20
13354,78,71,7
13355,186,170,16
13356,282,255,27
13357,125,114,11
13358,122,113,9
13359,131,112,19
13360,60,54,6
13361,189,170,19
13362,47,43,4
13363,50,48,2
13364,292,244,48
13365,102,95,7
13366,43,38,5
13367,116,99,17
13368,112,100,12
13369,61,56,5
13370,79,71,8
13371,147,130,17
13372,136,127,9
13373,160,142,18
13374,316,284,32
13375,145,121,24
13376,178,145,33
13377,257,225,32
13378,126,114,12
13379,174,155,19
13380,177,158,19
13381,49,41,8
13382,94,80,14
13383,79,73,6
13384,129,117,12
13385,509,449,60
13386,204,180,24
13387,166,147,19
13388,174,154,20
13389,130,120,10
13390,169,149,20
13391,200,174,26
13392,158,142,16
13393,836,723,113
13394,135,121,14
13395,77,66,11
13396,191,172,19
13397,212,193,19
13398,63,59,4
13399,137,114,23
13400,66,61,5
13401,59,53,6
13402,101,90,11
13403,125,111,14
13404,123,113,10
13405,172,155,17
13406,157,144,13
13407,977,830,147
13408,212,176,36
13409,191,179,12
13410,136,122,14
13411,211,187,24
13412,116,104,12
13413,155,136,19
13414,392,340,52
13415,158,135,23
13416,246,210,36
13417,196,182,14
13418,262,233,29
13419,336,306,30
13420,305,275,30
13421,178,161,17
13422,132,120,12
13423,91,81,10
13424,134,124,10
13425,126,115,11
13426,133,122,11
13427,122,102,20
13428,305,269,36
13429,154,131,23
13430,370,327,43
13431,156,141,15
13432,132,116,16
13433,201,180,21
13434,266,237,29
13435,748,656,92
13436,130,116,14
13437,371,333,38
13438,170,157,13
13439,136,125,11
13440,143,133,10
13441,343,302,41
13442,257,223,34
13443,140,118,22
13444,260,229,31
13445,495,445,50
13446,208,191,17
13447,419,355,64
13448,479,399,80
13449,401,359,42
13450,252,228,24
13451,155,139,16
13452,74,66,8
13453,140,128,12
13454,431,382,49
13455,174,151,23
13456,208,188,20
13457,226,192,34
13458,121,103,18
13459,186,160,26
13460,92,82,10
13461,249,228,21
13462,112,102,10
13463,296,253,43
13464,85,75,10
13465,355,301,54
13466,195,165,30
13467,798,679,119
13468,178,157,21
13469,173,157,16
13470,112,96,16
13471,53,48,5
13472,95,83,12
13473,51,45,6
13474,69,58,11
13475,135,117,18
13476,77,68,9
13477,113,101,12
13478,158,144,14
13479,187,170,17
13480,96,85,11
13481,261,234,27
13482,564,499,65
13483,313,276,37
13484,115,103,12
13485,118,107,11
13486,100,91,9
13487,165,139,26
13488,68,63,5
13489,125,112,13
13490,76,71,5
13491,181,157,24
13492,183,163,20
13493,87,74,13
13494,557,498,59
13495,150,137,13
13496,131,117,14
13497,110,93,17
13498,63,58,5
13499,152,130,22
13500,272,241,31
13501,243,212,31
13502,136,125,11
13503,240,213,27
13504,76,66,10
13505,128,116,12
13506,72,69,3
13507,190,164,26
13508,213,193,20
13509,165,147,18
13510,136,116,20
13511,413,359,54
13512,73,68,5
13513,180,164,16
13514,238,207,31
13515,270,241,29
13516,114,96,18
13517,237,218,19
13518,130,107,23
13519,158,135,23
13520,265,237,28
13521,418,374,44
13522,177,163,14
13523,241,210,31
13524,161,135,26
13525,114,99,15
13526,396,349,47
13527,130,119,11
13528,169,157,12
13529,160,136,24
13530,111,99,12
13531,131,123,8
13532,345,294,51
13533,172,154,18
13534,143,131,12
13535,121,112,9
13536,128,116,12
13537,234,210,24
13538,477,427,50
13539,186,174,12
13540,176,161,15
13541,181,154,27
13542,94,90,4
13543,285,246,39
13544,255,225,30
13545,139,124,15
13546,90,72,18
13547,380,328,52
13548,289,256,33
13549,112,100,12
13550,341,304,37
13551,58,53,5
13552,136,120,16
13553,116,104,12
13554,138,121,17
13555,135,119,16
13556,176,162,14
13557,221,203,18
13558,145,127,18
13559,172,153,19
13560,278,247,31
13561,139,125,14
13562,531,459,72
13563,416,373,43
13564,203,185,18
13565,417,363,54
13566,145,133,12
13567,628,559,69
13568,10,10,0
13569,134,121,13
13570,279,243,36
13571,149,138,11
13572,458,386,72
13573,283,263,20
13574,854,750,104
13575,175,162,13
13576,170,155,15
13577,278,254,24
13578,156,136,20
13579,130,119,11
13580,121,114,7
13581,343,309,34
13582,188,167,21
13583,168,151,17
13584,406,365,41
13585,141,114,27
13586,254,231,23
13587,175,157,18
13588,119,106,13
13589,218,199,19
13590,266,244,22
13591,281,255,26
13592,130,121,9
13593,166,142,24
13594,975,851,124
13595,299,258,41
13596,525,470,55
13597,416,375,41
13598,221,192,29
13599,396,352,44
13600,156,143,13
13601,209,189,20
13602,136,121,15
13603,58,52,6
13604,188,169,19
13605,134,122,12
13606,140,123,17
13607,50,49,1
13608,137,129,8
13609,140,124,16
13610,73,70,3
13611,130,113,17
13612,71,65,6
13613,76,67,9
13614,215,200,15
13615,136,125,11
13616,157,144,13
13617,208,189,19
13618,242,207,35
13619,154,140,14
13620,135,127,8
13621,157,144,13
13622,636,542,94
13623,171,154,17
13624,182,171,11
13625,873,789,84
13626,161,151,10
13627,157,133,24
13628,274,243,31
13629,137,129,8
13630,129,108,21
13631,85,79,6
13632,149,129,20
13633,186,170,16
13634,374,320,54
13635,484,426,58
13636,264,227,37
13637,687,609,78
13638,187,163,24
13639,711,623,88
13640,169,149,20
13641,551,477,74
13642,289,260,29
13643,975,825,150
13644,208,191,17
13645,198,172,26
13646,219,193,26
13647,357,316,41
13648,133,118,15
13649,164,145,19
13650,249,231,18
13651,143,126,17
13652,124,109,15
13653,386,338,48
13654,195,171,24
13655,129,115,14
13656,256,229,27
13657,139,133,6
13658,152,140,12
13659,52,52,0
13660,123,108,15
13661,46,41,5
13662,163,147,16
13663,122,109,13
13664,26,24,2
13665,373,324,49
13666,263,233,30
13667,136,122,14
13668,242,209,33
13669,236,219,17
13670,111,97,14
13671,699,609,90
13672,270,242,28
13673,165,147,18
13674,710,631,79
13675,215,186,29
13676,143,122,21
13677,215,187,28
13678,69,62,7
13679,150,128,22
13680,141,121,20
13681,121,105,16
13682,318,280,38
13683,193,168,25
13684,121,104,17
13685,80,70,10
13686,175,149,26
13687,282,248,34
13688,141,129,12
13689,67,62,5
13690,103,93,10
13691,117,105,12
13692,186,168,18
13693,56,51,5
13694,123,106,17
13695,566,489,77
13696,151,127,24
13697,174,157,17
13698,134,116,18
13699,114,104,10
13700,133,120,13
13701,424,376,48
13702,170,147,23
13703,145,136,9
13704,67,55,12
13705,212,184,28
13706,183,165,18
13707,134,118,16
13708,151,141,10
13709,89,77,12
13710,91,77,14
13711,71,64,7
13712,119,105,14
13713,557,500,57
13714,261,223,38
13715,196,175,21
13716,46,40,6
13717,232,209,23
13718,82,73,9
13719,410,363,47
13720,616,543,73
13721,267,236,31
13722,906,787,119
13723,336,307,29
13724,471,422,49
13725,621,578,43
13726,333,306,27
13727,295,267,28
13728,151,144,7
13729,473,433,40
13730,157,143,14
13731,214,199,15
13732,177,164,13
13733,180,165,15
13734,243,224,19
13735,219,192,27
13736,204,182,22
13737,145,131,14
13738,46,43,3
13739,143,131,12
13740,152,137,15
13741,82,74,8
13742,173,157,16
13743,245,220,25
13744,170,151,19
13745,365,327,38
13746,350,322,28
13747,138,128,10
13748,484,432,52
13749,335,298,37
13750,136,126,10
13751,294,264,30
13752,174,151,23
13753,516,449,67
13754,119,103,16
13755,122,109,13
13756,950,830,120
13757,248,218,30
13758,188,156,32
13759,68,62,6
13760,106,93,13
13761,179,153,26
13762,129,117,12
13763,118,105,13
13764,525,460,65
13765,101,92,9
13766,81,69,12
13767,95,84,11
13768,135,122,13
13769,120,110,10
13770,378,333,45
13771,312,274,38
13772,88,82,6
13773,160,142,18
13774,115,104,11
13775,210,182,28
13776,551,491,60
13777,94,82,12
13778,223,205,18
13779,679,612,67
13780,129,115,14
13781,266,241,25
13782,204,186,18
13783,225,198,27
13784,228,201,27
13785,434,388,46
13786,124,106,18
13787,84,76,8
13788,95,89,6
13789,171,149,22
13790,852,760,92
13791,158,145,13
13792,140,127,13
13793,112,99,13
13794,121,110,11
13795,298,263,35
13796,190,171,19
13797,190,174,16
13798,125,110,15
13799,310,269,41
13800,74,63,11
13801,184,162,22
13802,329,295,34
13803,108,98,10
13804,125,105,20
13805,125,110,15
13806,216,192,24
13807,234,204,30
13808,116,101,15
13809,142,119,23
13810,153,140,13
13811,131,114,17
13812,166,147,19
13813,198,175,23
13814,198,171,27
13815,119,112,7
13816,147,130,17
13817,159,138,21
13818,235,218,17
13819,127,113,14
13820,146,126,20
13821,121,104,17
13822,151,131,20
13823,721,657,64
13824,122,110,12
13825,297,263,34
13826,84,72,12
13827,458,404,54
13828,100,88,12
13829,357,323,34
13830,279,251,28
13831,92,83,9
13832,398,346,52
13833,82,72,10
13834,632,535,97
13835,46,44,2
13836,663,564,99
13837,354,327,27
13838,247,215,32
13839,307,277,30
13840,333,285,48
13841,372,326,46
13842,250,227,23
13843,177,157,20
13844,333,299,34
13845,133,115,18
13846,147,139,8
13847,114,101,13
13848,365,314,51
13849,172,153,19
13850,220,194,26
13851,131,118,13
13852,167,151,16
13853,211,193,18
13854,161,142,19
13855,121,101,20
13856,133,119,14
13857,89,73,16
13858,164,140,24
13859,105,89,16
13860,390,339,51
13861,234,207,27
13862,364,324,40
13863,416,364,52
13864,129,107,22
13865,153,140,13
13866,56,49,7
13867,132,120,12
13868,152,139,13
13869,124,118,6
13870,127,118,9
13871,170,154,16
13872,459,399,60
13873,116,103,13
13874,154,138,16
13875,86,83,3
13876,156,144,12
13877,54,45,9
13878,278,235,43
13879,278,249,29
13880,186,164,22
13881,669,607,62
13882,382,343,39
13883,426,383,43
13884,421,378,43
13885,260,241,19
13886,136,116,20
13887,346,311,35
13888,182,161,21
13889,147,128,19
13890,484,417,67
13891,664,576,88
13892,147,138,9
13893,119,107,12
13894,164,143,21
13895,213,191,22
13896,192,180,12
13897,327,285,42
13898,76,60,16
13899,143,135,8
13900,353,322,31
13901,145,129,16
13902,163,140,23
13903,108,95,13
13904,228,199,29
13905,196,180,16
13906,95,87,8
13907,201,178,23
13908,74,66,8
13909,96,82,14
13910,85,77,8
13911,90,75,15
13912,44,40,4
13913,125,114,11
13914,87,74,13
13915,108,96,12
13916,147,125,22
13917,306,285,21
13918,132,122,10
13919,195,174,21
13920,129,115,14
13921,44,40,4
13922,125,116,9
13923,302,269,33
13924,415,353,62
13925,156,136,20
13926,85,77,8
13927,179,157,22
13928,328,295,33
13929,365,321,44
13930,179,157,22
13931,140,130,10
13932,163,144,19
13933,150,137,13
13934,137,119,18
13935,149,127,22
13936,628,560,68
13937,205,178,27
13938,313,278,35
13939,524,457,67
13940,235,203,32
13941,442,375,67
13942,177,153,24
13943,60,55,5
13944,208,191,17
13945,220,197,23
13946,186,160,26
13947,480,413,67
13948,72,57,15
13949,150,128,22
13950,171,150,21
13951,185,166,19
13952,64,56,8
13953,86,78,8
13954,124,109,15
13955,205,183,22
13956,401,351,50
13957,172,150,22
13958,114,95,19
13959,299,265,34
13960,242,205,37
13961,50,42,8
13962,166,148,18
13963,72,65,7
13964,50,41,9
13965,259,214,45
13966,137,107,30
13967,146,132,14
13968,158,142,16
13969,87,76,11
13970,128,118,10
13971,434,381,53
13972,153,132,21
13973,120,107,13
13974,448,386,62
13975,351,300,51
13976,119,107,12
13977,161,140,21
13978,107,95,12
13979,151,123,28
13980,212,188,24
13981,231,195,36
13982,176,161,15
13983,161,142,19
13984,817,709,108
13985,808,727,81
13986,452,396,56
13987,505,435,70
13988,277,245,32
13989,132,114,18
13990,288,256,32
13991,312,275,37
13992,122,112,10
13993,189,166,23
13994,149,137,12
13995,61,53,8
13996,606,547,59
13997,877,760,117
13998,128,111,17
13999,510,444,66
14000,139,124,15
14001,220,199,21
14002,140,124,16
14003,141,127,14
14004,132,117,15
14005,361,336,25
14006,113,103,10
14007,152,137,15
14008,172,153,19
14009,194,178,16
14010,255,224,31
14011,299,270,29
14012,144,139,5
14013,193,171,22
14014,125,111,14
14015,123,111,12
14016,128,116,12
14017,199,172,27
14018,145,120,25
14019,112,94,18
14020,229,199,30
14021,161,145,16
14022,169,154,15
14023,125,114,11
14024,600,537,63
14025,365,315,50
14026,129,112,17
14027,185,164,21
14028,414,366,48
14029,135,129,6
14030,174,156,18
14031,129,115,14
14032,136,121,15
14033,129,113,16
14034,187,160,27
14035,235,208,27
14036,226,200,26
14037,201,175,26
14038,469,419,50
14039,167,147,20
14040,220,195,25
14041,297,252,45
14042,200,180,20
14043,81,73,8
14044,156,136,20
14045,149,131,18
14046,254,230,24
14047,370,342,28
14048,318,278,40
14049,160,141,19
14050,133,113,20
14051,118,105,13
14052,244,212,32
14053,125,116,9
14054,175,157,18
14055,353,302,51
14056,212,195,17
14057,187,164,23
14058,192,176,16
14059,355,323,32
14060,254,226,28
14061,140,126,14
14062,69,62,7
14063,126,109,17
14064,130,118,12
14065,380,331,49
14066,135,121,14
14067,79,69,10
14068,114,100,14
14069,362,325,37
14070,390,353,37
14071,52,48,4
14072,596,548,48
14073,245,224,21
14074,109,93,16
14075,87,73,14
14076,121,112,9
14077,127,111,16
14078,150,137,13
14079,461,413,48
14080,146,131,15
14081,573,508,65
14082,219,195,24
14083,138,129,9
14084,264,237,27
14085,179,165,14
14086,127,118,9
14087,120,112,8
14088,193,171,22
14089,213,181,32
14090,345,302,43
14091,193,177,16
14092,156,137,19
14093,729,641,88
14094,204,184,20
14095,408,355,53
14096,462,404,58
14097,201,174,27
14098,134,119,15
14099,105,96,9
14100,149,137,12
14101,206,185,21
14102,88,82,6
14103,357,313,44
14104,184,161,23
14105,125,112,13
14106,131,122,9
14107,121,110,11
14108,196,165,31
14109,451,392,59
14110,375,322,53
14111,383,334,49
14112,175,153,22
14113,138,132,6
14114,166,151,15
14115,155,143,12
14116,217,199,18
14117,128,119,9
14118,117,106,11
14119,150,137,13
14120,153,137,16
14121,51,45,6
14122,151,136,15
14123,176,144,32
14124,239,213,26
14125,276,244,32
14126,106,93,13
14127,228,198,30
14128,499,437,62
14129,593,520,73
14130,140,127,13
14131,164,141,23
14132,127,118,9
14133,814,739,75
14134,257,230,27
14135,82,72,10
14136,45,44,1
14137,127,112,15
14138,155,144,11
14139,787,696,91
14140,146,132,14
14141,181,162,19
14142,515,470,45
14143,137,120,17
14144,272,250,22
14145,174,153,21
14146,136,126,10
14147,240,213,27
14148,161,151,10
14149,412,360,52
14150,335,294,41
14151,407,358,49
14152,300,271,29
14153,254,230,24
14154,122,107,15
14155,307,269,38
14156,436,383,53
14157,124,113,11
14158,148,133,15
14159,198,174,24
14160,121,106,15
14161,136,119,17
14162,119,111,8
14163,220,191,29
14164,129,111,18
14165,628,534,94
14166,142,127,15
14167,110,100,10
14168,117,105,12
14169,133,115,18
14170,299,262,37
14171,139,124,15
14172,245,211,34
14173,96,94,2
14174,124,110,14
14175,142,126,16
14176,231,207,24
14177,743,650,93
14178,59,57,2
14179,184,170,14
14180,408,378,30
14181,354,309,45
14182,144,131,13
14183,109,99,10
14184,855,741,114
14185,89,72,17
14186,596,545,51
14187,91,82,9
14188,319,290,29
14189,178,156,22
14190,146,137,9
14191,240,216,24
14192,276,234,42
14193,239,209,30
14194,134,121,13
14195,159,140,19
14196,159,149,10
14197,166,150,16
14198,169,153,16
14199,188,163,25
14200,194,173,21
14201,189,164,25
14202,382,342,40
14203,259,223,36
14204,738,650,88
14205,293,250,43
14206,973,837,136
14207,328,280,48
14208,358,324,34
14209,122,104,18
14210,120,108,12
14211,131,120,11
14212,298,270,28
14213,304,263,41
14214,205,186,19
14215,145,127,18
14216,183,158,25
14217,1016,903,113
14218,137,127,10
14219,176,152,24
14220,138,129,9
14221,207,172,35
14222,181,168,13
14223,117,110,7
14224,589,519,70
14225,130,115,15
14226,170,151,19
14227,198,173,25
14228,87,79,8
14229,161,140,21
14230,164,147,17
14231,502,438,64
14232,167,146,21
14233,603,543,60
14234,485,418,67
14235,109,92,17
14236,338,299,39
14237,362,311,51
14238,116,105,11
14239,119,109,10
14240,148,139,9
14241,361,330,31
14242,165,147,18
14243,337,300,37
14244,163,154,9
14245,579,507,72
14246,130,116,14
14247,293,264,29
14248,236,205,31
14249,193,172,21
14250,142,128,14
14251,130,102,28
14252,37,34,3
14253,211,190,21
14254,327,288,39
14255,73,67,6
14256,93,86,7
14257,100,91,9
14258,157,142,15
14259,87,81,6
14260,772,677,95
14261,341,307,34
14262,84,79,5
14263,45,43,2
14264,52,48,4
14265,202,171,31
14266,137,125,12
14267,193,173,20
14268,489,442,47
14269,253,223,30
14270,121,104,17
14271,178,156,22
14272,270,227,43
14273,234,212,22
14274,106,93,13
14275,178,159,19
14276,55,49,6
14277,135,114,21
14278,70,64,6
14279,337,315,22
14280,452,408,44
14281,272,247,25
14282,63,56,7
14283,274,248,26
14284,87,82,5
14285,79,68,11
14286,254,234,20
14287,239,217,22
14288,98,84,14
14289,133,117,16
14290,157,134,23
14291,238,208,30
14292,154,131,23
14293,154,132,22
14294,361,325,36
14295,338,319,19
14296,195,171,24
14297,148,138,10
14298,169,147,22
14299,143,127,16
14300,124,109,15
14301,373,338,35
14302,255,232,23
14303,124,112,12
14304,171,148,23
14305,135,120,15
14306,183,170,13
14307,132,113,19
14308,281,246,35
14309,141,111,30
14310,130,118,12
14311,100,89,11
14312,352,294,58
14313,193,163,30
14314,122,112,10
14315,181,158,23
14316,186,168,18
14317,183,163,20
14318,294,255,39
14319,554,479,75
14320,608,541,67
14321,358,318,40
14322,1028,923,105
14323,341,289,52
14324,427,394,33
14325,136,118,18
14326,356,296,60
14327,310,266,44
14328,160,144,16
14329,143,116,27
14330,209,186,23
14331,105,87,18
14332,570,509,61
14333,300,271,29
14334,206,184,22
14335,175,150,25
14336,68,60,8
14337,62,50,12
14338,363,329,34
14339,156,134,22
14340,129,110,19
14341,138,121,17
14342,298,267,31
14343,190,173,17
14344,140,124,16
14345,227,212,15
14346,191,169,22
14347,149,131,18
14348,162,142,20
14349,236,209,27
14350,201,183,18
14351,185,166,19
14352,199,185,14
14353,253,222,31
14354,128,114,14
14355,541,486,55
14356,319,286,33
14357,174,155,19
14358,107,96,11
14359,530,471,59
14360,301,265,36
14361,373,334,39
14362,145,132,13
14363,387,342,45
14364,121,113,8
14365,232,206,26
14366,138,117,21
14367,186,167,19
14368,150,132,18
14369,201,175,26
14370,123,108,15
14371,588,524,64
14372,402,365,37
14373,293,252,41
14374,441,397,44
14375,981,868,113
14376,557,481,76
14377,131,122,9
14378,465,399,66
14379,44,41,3
14380,240,209,31
14381,140,131,9
14382,238,214,24
14383,120,110,10
14384,166,149,17
14385,258,232,26
14386,113,101,12
14387,53,46,7
14388,144,127,17
14389,131,120,11
14390,209,187,22
14391,493,424,69
14392,491,454,37
14393,87,72,15
14394,68,59,9
14395,390,338,52
14396,374,323,51
14397,143,138,5
14398,81,70,11
14399,373,320,53
14400,215,178,37
14401,187,158,29
14402,208,186,22
14403,124,111,13
14404,128,113,15
14405,514,460,54
14406,138,127,11
14407,139,128,11
14408,142,127,15
14409,106,92,14
14410,151,131,20
14411,168,148,20
14412,115,103,12
14413,367,328,39
14414,445,395,50
14415,303,269,34
14416,366,326,40
14417,212,184,28
14418,232,209,23
14419,124,110,14
14420,123,109,14
14421,270,237,33
14422,127,111,16
14423,177,154,23
14424,225,197,28
14425,126,117,9
14426,195,175,20
14427,183,167,16
14428,140,123,17
14429,417,371,46
14430,421,380,41
14431,255,220,35
14432,258,230,28
14433,93,83,10
14434,149,126,23
14435,47,44,3
14436,75,69,6
14437,306,283,23
14438,318,280,38
14439,137,120,17
14440,131,121,10
14441,152,134,18
14442,93,85,8
14443,118,101,17
14444,121,110,11
14445,155,137,18
14446,73,66,7
14447,49,42,7
14448,316,276,40
14449,53,47,6
14450,69,58,11
14451,292,248,44
14452,135,126,9
14453,146,124,22
14454,219,197,22
14455,135,121,14
14456,118,109,9
14457,205,180,25
14458,213,189,24
14459,347,304,43
14460,122,109,13
14461,499,432,67
14462,177,167,10
14463,517,458,59
14464,839,762,77
14465,171,147,24
14466,338,296,42
14467,325,295,30
14468,167,149,18
14469,377,332,45
14470,344,313,31
14471,122,110,12
14472,210,180,30
14473,248,217,31
14474,889,795,94
14475,264,237,27
14476,128,118,10
14477,907,811,96
14478,386,330,56
14479,109,97,12
14480,126,115,11
14481,63,55,8
14482,45,41,4
14483,137,122,15
14484,38,34,4
14485,175,159,16
14486,120,112,8
14487,112,95,17
14488,55,51,4
14489,125,113,12
14490,161,149,12
14491,239,207,32
14492,100,89,11
14493,59,57,2
14494,154,141,13
14495,210,192,18
14496,288,253,35
14497,139,129,10
14498,197,170,27
14499,265,222,43
14500,480,422,58
14501,154,130,24
14502,231,193,38
14503,223,196,27
14504,397,340,57
14505,170,163,7
14506,305,263,42
14507,596,518,78
14508,457,379,78
14509,138,123,15
14510,253,224,29
14511,240,215,25
14512,314,268,46
14513,227,192,35
14514,555,477,78
14515,234,207,27
14516,177,157,20
14517,238,215,23
14518,151,133,18
14519,240,207,33
14520,107,94,13
14521,149,136,13
14522,310,276,34
14523,126,110,16
14524,117,93,24
14525,231,196,35
14526,40,38,2
14527,421,365,56
14528,105,88,17
14529,210,186,24
14530,227,202,25
14531,203,177,26
14532,170,148,22
14533,162,140,22
14534,194,182,12
14535,105,96,9
14536,161,149,12
14537,148,131,17
14538,428,385,43
14539,113,99,14
14540,123,111,12
14541,145,134,11
14542,306,265,41
14543,187,170,17
14544,510,450,60
14545,95,84,11
14546,96,88,8
14547,178,150,28
14548,86,76,10
14549,116,105,11
14550,191,167,24
14551,156,138,18
14552,174,149,25
14553,464,406,58
14554,136,124,12
14555,171,143,28
14556,135,114,21
14557,248,218,30
14558,199,178,21
14559,137,120,17
14560,213,190,23
14561,146,133,13
14562,174,167,7
14563,133,118,15
14564,151,132,19
14565,346,306,40
14566,226,209,17
14567,757,693,64
14568,301,275,26
14569,360,331,29
14570,199,180,19
14571,107,97,10
14572,222,208,14
14573,199,177,22
14574,155,137,18
14575,84,72,12
14576,381,339,42
14577,182,164,18
14578,78,70,8
14579,81,70,11
14580,44,37,7
14581,396,347,49
14582,239,212,27
14583,249,225,24
14584,249,226,23
14585,140,121,19
14586,258,239,19
14587,864,770,94
14588,1027,886,141
14589,74,69,5
14590,355,323,32
14591,325,282,43
14592,227,205,22
14593,551,493,58
14594,101,86,15
14595,124,113,11
14596,118,110,8
14597,108,92,16
14598,63,53,10
14599,667,591,76
14600,53,47,6
14601,640,561,79
14602,140,124,16
14603,253,219,34
14604,215,199,16
14605,207,187,20
14606,83,73,10
14607,223,193,30
14608,115,103,12
14609,125,116,9
14610,232,203,29
14611,178,151,27
14612,110,94,16
14613,285,245,40
14614,262,237,25
14615,214,192,22
14616,195,173,22
14617,149,125,24
14618,250,222,28
14619,904,795,109
14620,139,121,18
14621,128,113,15
14622,142,130,12
14623,331,302,29
14624,316,280,36
14625,308,268,40
14626,240,211,29
14627,135,117,18
14628,186,164,22
14629,587,524,63
14630,225,194,31
14631,146,135,11
14632,89,84,5
14633,156,132,24
14634,160,142,18
14635,96,82,14
14636,75,69,6
14637,507,436,71
14638,133,120,13
14639,186,161,25
14640,171,153,18
14641,364,320,44
14642,92,87,5
14643,147,133,14
14644,442,399,43
14645,49,42,7
14646,291,242,49
14647,230,207,23
14648,93,83,10
14649,1070,960,110
14650,62,58,4
14651,62,57,5
14652,246,219,27
14653,414,391,23
14654,117,107,10
14655,388,348,40
14656,141,130,11
14657,194,173,21
14658,59,56,3
14659,67,57,10
14660,42,38,4
14661,424,355,69
14662,123,115,8
14663,197,180,17
14664,78,70,8
14665,132,116,16
14666,26,24,2
14667,37,36,1
14668,141,116,25
14669,190,175,15
14670,140,122,18
14671,107,90,17
14672,153,141,12
14673,850,756,94
14674,128,116,12
14675,123,104,19
14676,264,242,22
14677,299,262,37
14678,241,225,16
14679,499,426,73
14680,195,175,20
14681,139,120,19
14682,171,152,19
14683,199,178,21
14684,176,151,25
14685,219,202,17
14686,213,186,27
14687,124,107,17
14688,166,154,12
14689,390,350,40
14690,259,226,33
14691,112,103,9
14692,298,265,33
14693,122,113,9
14694,225,210,15
14695,132,109,23
14696,539,482,57
14697,969,835,134
14698,110,99,11
14699,396,343,53
14700,153,138,15
14701,226,191,35
14702,158,142,16
14703,203,182,21
14704,244,217,27
14705,143,122,21
14706,150,140,10
14707,376,331,45
14708,187,161,26
14709,673,592,81
14710,163,148,15
14711,135,130,5
14712,540,472,68
14713,786,704,82
14714,609,544,65
14715,245,218,27
14716,477,404,73
14717,105,93,12
14718,272,243,29
14719,445,401,44
14720,200,184,16
14721,504,435,69
14722,140,126,14
14723,217,190,27
14724,110,99,11
14725,402,355,47
14726,127,113,14
14727,171,153,18
14728,297,264,33
14729,349,299,50
14730,173,156,17
14731,894,780,114
14732,183,162,21
14733,72,63,9
14734,158,131,27
14735,165,138,27
14736,91,86,5
14737,81,73,8
14738,166,141,25
14739,109,96,13
14740,93,79,14
14741,374,321,53
14742,233,206,27
14743,201,183,18
14744,56,49,7
14745,133,120,13
14746,212,195,17
14747,146,130,16
14748,202,177,25
14749,100,89,11
14750,344,311,33
14751,86,78,8
14752,138,127,11
14753,101,90,11
14754,190,176,14
14755,146,126,20
14756,509,443,66
14757,130,115,15
14758,160,144,16
14759,116,105,11
14760,127,114,13
14761,162,150,12
14762,160,139,21
14763,155,140,15
14764,93,87,6
14765,480,426,54
14766,450,388,62
14767,172,155,17
14768,175,156,19
14769,177,146,31
14770,170,145,25
14771,379,355,24
14772,333,284,49
14773,223,199,24
14774,283,237,46
14775,89,82,7
14776,132,117,15
14777,192,169,23
14778,305,272,33
14779,219,197,22
14780,158,136,22
14781,291,256,35
14782,202,176,26
14783,160,136,24
14784,123,107,16
14785,275,236,39
14786,35,31,4
14787,330,283,47
14788,232,202,30
14789,711,621,90
14790,68,59,9
14791,357,309,48
14792,317,273,44
14793,379,349,30
14794,277,242,35
14795,148,134,14
14796,255,224,31
14797,142,126,16
14798,120,103,17
14799,278,246,32
14800,377,321,56
14801,70,66,4
14802,674,615,59
14803,479,425,54
14804,248,219,29
14805,113,102,11
14806,452,410,42
14807,12,8,4
14808,156,138,18
14809,112,99,13
14810,295,252,43
14811,179,153,26
14812,112,101,11
14813,150,139,11
14814,152,133,19
14815,253,214,39
14816,242,213,29
14817,86,76,10
14818,293,260,33
14819,134,122,12
14820,384,337,47
14821,93,87,6
14822,238,214,24
14823,169,151,18
14824,237,214,23
14825,157,132,25
14826,78,69,9
14827,939,831,108
14828,63,53,10
14829,130,116,14
14830,711,635,76
14831,646,557,89
14832,185,150,35
14833,304,256,48
14834,369,320,49
14835,402,371,31
14836,404,362,42
14837,414,371,43
14838,291,252,39
14839,62,55,7
14840,157,137,20
14841,698,621,77
14842,97,88,9
14843,417,356,61
14844,149,129,20
14845,200,174,26
14846,701,628,73
14847,133,122,11
14848,291,257,34
14849,174,149,25
14850,396,337,59
14851,45,43,2
14852,259,235,24
14853,195,172,23
14854,977,853,124
14855,212,189,23
14856,129,116,13
14857,448,398,50
14858,395,324,71
14859,572,518,54
14860,43,38,5
14861,192,170,22
14862,155,147,8
14863,139,122,17
14864,287,250,37
14865,223,188,35
14866,232,213,19
14867,282,243,39
14868,212,193,19
14869,170,139,31
14870,985,839,146
14871,168,145,23
14872,133,123,10
14873,178,164,14
14874,54,48,6
14875,61,56,5
14876,479,425,54
14877,186,162,24
14878,144,126,18
14879,446,403,43
14880,163,151,12
14881,489,442,47
14882,228,212,16
14883,388,355,33
14884,169,139,30
14885,158,145,13
14886,237,222,15
14887,176,156,20
14888,288,256,32
14889,222,199,23
14890,153,138,15
14891,151,133,18
14892,350,313,37
14893,140,127,13
14894,139,121,18
14895,167,154,13
14896,588,528,60
14897,164,144,20
14898,243,219,24
14899,593,541,52
14900,407,348,59
14901,248,223,25
14902,197,184,13
14903,144,130,14
14904,234,211,23
14905,565,509,56
14906,248,212,36
14907,91,76,15
14908,150,137,13
14909,476,429,47
14910,117,104,13
14911,138,120,18
14912,315,289,26
14913,71,66,5
14914,52,47,5
14915,107,97,10
14916,289,256,33
14917,460,400,60
14918,385,320,65
14919,128,114,14
14920,142,131,11
14921,458,409,49
14922,285,259,26
14923,222,189,33
14924,139,122,17
14925,134,115,19
14926,46,44,2
14927,88,71,17
14928,262,233,29
14929,140,121,19
14930,362,326,36
14931,265,239,26
14932,448,400,48
14933,124,107,17
14934,773,666,107
14935,616,525,91
14936,812,694,118
14937,366,321,45
14938,216,187,29
14939,210,186,24
14940,138,118,20
14941,180,164,16
14942,290,271,19
14943,515,462,53
14944,115,101,14
14945,101,90,11
14946,407,346,61
14947,803,710,93
14948,138,120,18
14949,790,696,94
14950,517,457,60
14951,533,467,66
14952,114,103,11
14953,190,171,19
14954,291,251,40
14955,192,166,26
14956,161,148,13
14957,184,165,19
14958,635,559,76
14959,154,133,21
14960,153,140,13
14961,128,112,16
14962,169,162,7
14963,220,199,21
14964,361,319,42
14965,146,128,18
14966,245,222,23
14967,135,122,13
14968,159,144,15
14969,488,420,68
14970,393,340,53
14971,109,93,16
14972,85,73,12
14973,217,186,31
14974,170,150,20
14975,849,724,125
14976,132,115,17
14977,127,111,16
14978,463,401,62
14979,203,177,26
14980,57,47,10
14981,390,351,39
14982,75,61,14
14983,172,151,21
14984,169,147,22
14985,156,137,19
14986,192,160,32
14987,269,237,32
14988,211,188,23
14989,352,310,42
14990,189,179,10
14991,354,305,49
14992,122,103,19
14993,227,203,24
14994,104,92,12
14995,473,410,63
14996,120,108,12
14997,151,133,18
14998,74,68,6
14999,123,108,15
15000,285,237,48
15001,500,459,41
15002,178,161,17
15003,90,83,7
15004,87,77,10
15005,186,156,30
15006,259,232,27
15007,115,101,14
15008,764,668,96
15009,233,202,31
15010,193,178,15
15011,209,190,19
15012,264,231,33
15013,332,292,40
15014,188,162,26
15015,75,67,8
15016,158,143,15
15017,245,226,19
15018,217,202,15
15019,285,257,28
15020,140,123,17
15021,309,277,32
15022,184,165,19
15023,157,141,16
15024,77,70,7
15025,318,262,56
15026,168,152,16
15027,239,209,30
15028,117,99,18
15029,63,56,7
15030,260,229,31
15031,529,473,56
15032,233,206,27
15033,138,122,16
15034,104,95,9
15035,160,133,27
15036,223,189,34
15037,616,544,72
15038,89,79,10
15039,229,204,25
15040,354,307,47
15041,149,135,14
15042,378,328,50
15043,402,357,45
15044,55,49,6
15045,111,100,11
15046,74,63,11
15047,75,70,5
15048,158,143,15
15049,52,47,5
15050,576,502,74
15051,165,148,17
15052,292,259,33
15053,606,544,62
15054,131,115,16
15055,123,112,11
15056,638,561,77
15057,368,324,44
15058,421,359,62
15059,189,170,19
15060,159,137,22
15061,138,119,19
15062,85,76,9
15063,121,101,20
15064,103,87,16
15065,68,58,10
15066,155,139,16
15067,203,179,24
15068,168,142,26
15069,392,347,45
15070,169,152,17
15071,458,398,60
15072,169,145,24
15073,128,112,16
15074,108,94,14
15075,122,108,14
15076,165,141,24
15077,363,316,47
15078,136,120,16
15079,156,145,11
15080,327,278,49
15081,164,144,20
15082,131,104,27
15083,137,126,11
15084,256,231,25
15085,159,138,21
15086,170,156,14
15087,482,425,57
15088,804,719,85
15089,674,601,73
15090,184,154,30
15091,145,126,19
15092,71,64,7
15093,127,110,17
15094,124,108,16
15095,244,209,35
15096,27,24,3
15097,170,154,16
15098,70,62,8
15099,125,113,12
15100,276,235,41
15101,259,224,35
15102,249,213,36
15103,173,154,19
15104,109,92,17
15105,680,603,77
15106,225,207,18
15107,151,135,16
15108,116,105,11
15109,286,254,32
15110,867,776,91
15111,151,135,16
15112,179,159,20
15113,79,70,9
15114,36,33,3
15115,168,147,21
15116,197,186,11
15117,98,82,16
15118,186,167,19
15119,93,81,12
15120,119,110,9
15121,116,107,9
15122,125,113,12
15123,233,196,37
15124,91,82,9
15125,118,108,10
15126,100,92,8
15127,293,264,29
15128,112,98,14
15129,481,429,52
15130,506,467,39
15131,211,188,23
15132,284,245,39
15133,192,174,18
15134,132,114,18
15135,413,369,44
15136,277,240,37
15137,151,139,12
15138,198,171,27
15139,128,116,12
15140,198,179,19
15141,129,116,13
15142,234,208,26
15143,63,61,2
15144,121,107,14
15145,172,150,22
15146,132,113,19
15147,186,164,22
15148,27,26,1
15149,62,56,6
15150,132,119,13
15151,125,110,15
15152,201,168,33
15153,268,227,41
15154,108,92,16
15155,200,177,23
15156,363,306,57
15157,148,121,27
15158,183,169,14
15159,183,169,14
15160,183,169,14
15161,277,242,35
15162,152,141,11
15163,124,108,16
15164,62,56,6
15165,119,106,13
15166,310,278,32
15167,148,129,19
15168,128,113,15
15169,261,238,23
15170,254,219,35
15171,167,147,20
15172,135,119,16
15173,323,280,43
15174,175,155,20
15175,511,450,61
15176,96,90,6
15177,77,69,8
15178,122,112,10
15179,225,194,31
15180,595,518,77
15181,442,397,45
15182,228,200,28
15183,199,181,18
15184,447,402,45
15185,135,122,13
15186,579,509,70
15187,559,500,59
15188,70,59,11
15189,148,139,9
15190,199,176,23
15191,173,151,22
15192,222,192,30
15193,158,145,13
15194,296,257,39
15195,62,59,3
15196,147,140,7
15197,86,76,10
15198,120,106,14
15199,54,50,4
15200,373,342,31
15201,361,324,37
15202,107,95,12
15203,127,109,18
15204,147,130,17
15205,187,167,20
15206,380,340,40
15207,172,156,16
15208,155,135,20
15209,161,142,19
15210,68,61,7
15211,156,141,15
15212,136,117,19
15213,209,185,24
15214,221,196,25
15215,102,88,14
15216,442,377,65
15217,55,47,8
15218,148,134,14
15219,447,387,60
15220,148,134,14
15221,85,77,8
15222,87,78,9
15223,116,105,11
15224,142,130,12
15225,114,105,9
15226,126,116,10
15227,305,267,38
15228,434,386,48
15229,115,100,15
15230,259,224,35
15231,175,158,17
15232,376,336,40
15233,139,129,10
15234,204,171,33
15235,154,137,17
15236,228,206,22
15237,119,104,15
15238,162,148,14
15239,155,143,12
15240,200,179,21
15241,182,161,21
15242,131,119,12
15243,114,105,9
15244,652,575,77
15245,112,101,11
15246,91,82,9
15247,121,105,16
15248,160,137,23
15249,87,79,8
15250,421,369,52
15251,205,181,24
15252,289,265,24
15253,222,195,27
15254,35,32,3
15255,539,458,81
15256,209,189,20
15257,341,293,48
15258,120,104,16
15259,797,671,126
15260,80,74,6
15261,262,231,31
15262,286,245,41
15263,128,121,7
15264,443,400,43
15265,375,347,28
15266,177,159,18
15267,114,104,10
15268,119,103,16
15269,63,56,7
15270,122,113,9
15271,603,539,64
15272,183,155,28
15273,239,214,25
15274,153,133,20
15275,139,123,16
15276,271,234,37
15277,118,102,16
15278,654,571,83
15279,36,31,5
15280,45,44,1
15281,76,68,8
15282,153,138,15
15283,62,55,7
15284,682,589,93
15285,915,805,110
15286,1026,895,131
15287,231,204,27
15288,91,87,4
15289,241,208,33
15290,107,95,12
15291,137,126,11
15292,129,116,13
15293,400,355,45
15294,176,148,28
15295,195,173,22
15296,140,126,14
15297,330,296,34
15298,225,192,33
15299,227,207,20
15300,136,116,20
15301,155,145,10
15302,118,106,12
15303,161,142,19
15304,199,166,33
15305,86,80,6
15306,256,224,32
15307,209,193,16
15308,70,62,8
15309,199,178,21
15310,289,259,30
15311,265,231,34
15312,445,397,48
15313,118,102,16
15314,210,193,17
15315,172,150,22
15316,117,101,16
15317,160,139,21
15318,645,587,58
15319,40,33,7
15320,87,75,12
15321,149,130,19
15322,176,159,17
15323,138,125,13
15324,424,379,45
15325,322,279,43
15326,307,271,36
15327,199,174,25
15328,485,423,62
15329,270,234,36
15330,149,125,24
15331,112,96,16
15332,182,166,16
15333,328,283,45
15334,197,178,19
15335,267,234,33
15336,261,231,30
15337,203,178,25
15338,235,199,36
15339,197,178,19
15340,319,280,39
15341,136,121,15
15342,211,191,20
15343,126,119,7
15344,786,680,106
15345,213,189,24
15346,109,97,12
15347,233,217,16
15348,82,74,8
15349,155,142,13
15350,211,186,25
15351,736,650,86
15352,263,243,20
15353,222,190,32
15354,169,138,31
15355,156,131,25
15356,177,157,20
15357,184,165,19
15358,298,255,43
15359,439,381,58
15360,111,99,12
15361,168,146,22
15362,608,531,77
15363,62,53,9
15364,145,128,17
15365,84,78,6
15366,121,104,17
15367,229,194,35
15368,73,65,8
15369,123,110,13
15370,108,99,9
15371,350,312,38
15372,77,70,7
15373,73,67,6
15374,56,53,3
15375,153,140,13
15376,329,277,52
15377,158,148,10
15378,405,350,55
15379,307,266,41
15380,191,168,23
15381,197,176,21
15382,161,147,14
15383,589,532,57
15384,133,123,10
15385,582,513,69
15386,141,129,12
15387,300,268,32
15388,232,211,21
15389,243,223,20
15390,562,490,72
15391,246,219,27
15392,159,140,19
15393,123,110,13
15394,466,422,44
15395,196,174,22
15396,566,488,78
15397,291,256,35
15398,309,266,43
15399,860,777,83
15400,145,127,18
15401,295,248,47
15402,153,130,23
15403,163,146,17
15404,201,170,31
15405,278,240,38
15406,371,331,40
15407,55,49,6
15408,122,104,18
15409,325,271,54
15410,309,275,34
15411,265,242,23
15412,138,121,17
15413,140,122,18
15414,212,188,24
15415,135,123,12
15416,53,47,6
15417,141,128,13
15418,142,127,15
15419,132,116,16
15420,132,114,18
15421,400,368,32
15422,156,134,22
15423,614,540,74
15424,68,60,8
15425,118,107,11
15426,332,301,31
15427,84,75,9
15428,52,48,4
15429,153,134,19
15430,75,67,8
15431,160,145,15
15432,93,82,11
15433,188,167,21
15434,351,303,48
15435,208,182,26
15436,191,165,26
15437,348,313,35
15438,110,97,13
15439,202,181,21
15440,128,108,20
15441,206,180,26
15442,363,321,42
15443,87,74,13
15444,111,102,9
15445,112,97,15
15446,155,144,11
15447,124,111,13
15448,138,125,13
15449,200,168,32
15450,986,861,125
15451,357,313,44
15452,121,110,11
15453,174,156,18
15454,337,292,45
15455,83,76,7
15456,260,217,43
15457,307,276,31
15458,368,331,37
15459,360,320,40
15460,130,117,13
15461,365,325,40
15462,122,114,8
15463,104,82,22
15464,88,81,7
15465,183,158,25
15466,57,47,10
15467,177,156,21
15468,847,770,77
15469,176,155,21
15470,672,586,86
15471,173,150,23
15472,229,205,24
15473,311,276,35
15474,254,223,31
15475,91,83,8
15476,470,420,50
15477,157,144,13
15478,182,164,18
15479,317,269,48
15480,43,37,6
15481,60,52,8
15482,393,356,37
15483,285,245,40
15484,139,124,15
15485,125,111,14
15486,293,249,44
15487,267,233,34
15488,121,112,9
15489,128,106,22
15490,127,120,7
15491,195,171,24
15492,213,189,24
15493,117,105,12
15494,176,150,26
15495,122,102,20
15496,146,126,20
15497,132,120,12
15498,286,259,27
15499,252,231,21
15500,283,252,31
15501,544,479,65
15502,171,145,26
15503,153,136,17
15504,302,263,39
15505,249,219,30
15506,222,191,31
15507,120,105,15
15508,240,218,22
15509,301,253,48
15510,552,495,57
15511,277,249,28
15512,190,171,19
15513,417,372,45
15514,177,152,25
15515,329,284,45
15516,337,307,30
15517,754,656,98
15518,322,289,33
15519,99,92,7
15520,110,102,8
15521,55,51,4
15522,231,207,24
15523,122,113,9
15524,136,119,17
15525,384,320,64
15526,595,513,82
15527,115,104,11
15528,70,58,12
15529,378,347,31
15530,132,117,15
15531,142,131,11
15532,209,189,20
15533,271,253,18
15534,110,105,5
15535,160,144,16
15536,126,113,13
15537,151,139,12
15538,587,529,58
15539,126,115,11
15540,92,84,8
15541,209,184,25
15542,173,153,20
15543,411,378,33
15544,137,124,13
15545,552,488,64
15546,402,360,42
15547,305,286,19
15548,431,398,33
15549,168,155,13
15550,222,198,24
15551,221,201,20
15552,731,656,75
15553,541,488,53
15554,154,142,12
15555,167,133,34
15556,218,193,25
15557,27,22,5
15558,76,59,17
15559,184,147,37
15560,418,359,59
15561,206,170,36
15562,381,339,42
15563,44,38,6
15564,127,108,19
15565,112,97,15
15566,131,113,18
15567,156,141,15
15568,838,754,84
15569,228,201,27
15570,187,167,20
15571,318,275,43
15572,166,147,19
15573,508,442,66
15574,338,300,38
15575,84,79,5
15576,67,59,8
15577,174,166,8
15578,67,64,3
15579,49,43,6
15580,93,81,12
15581,99,90,9
15582,89,81,8
15583,125,111,14
15584,123,116,7
15585,216,196,20
15586,36,32,4
15587,68,63,5
15588,314,271,43
15589,297,261,36
15590,121,103,18
15591,172,153,19
15592,144,128,16
15593,142,124,18
15594,313,294,19
15595,485,430,55
15596,182,159,23
15597,220,196,24
15598,246,223,23
15599,998,856,142
15600,39,33,6
15601,210,183,27
15602,275,246,29
15603,62,54,8
15604,65,60,5
15605,549,482,67
15606,78,67,11
15607,326,293,33
15608,195,176,19
15609,80,76,4
15610,124,113,11
15611,41,40,1
15612,149,135,14
15613,205,190,15
15614,64,57,7
15615,170,150,20
15616,294,261,33
15617,134,113,21
15618,113,102,11
15619,61,55,6
15620,138,123,15
15621,131,118,13
15622,106,93,13
15623,66,61,5
15624,52,45,7
15625,120,103,17
15626,252,226,26
15627,124,105,19
15628,139,125,14
15629,65,59,6
15630,72,62,10
15631,95,89,6
15632,322,292,30
15633,15,15,0
15634,94,81,13
15635,132,119,13
15636,122,107,15
15637,150,138,12
15638,68,64,4
15639,147,119,28
15640,397,341,56
15641,196,180,16
15642,57,51,6
15643,138,129,9
15644,94,79,15
15645,116,103,13
15646,158,145,13
15647,305,281,24
15648,128,120,8
15649,273,231,42
15650,162,149,13
15651,209,193,16
15652,157,145,12
15653,231,212,19
15654,118,101,17
15655,291,264,27
15656,505,446,59
15657,221,189,32
15658,739,631,108
15659,173,153,20
15660,144,117,27
15661,113,104,9
15662,327,290,37
15663,50,46,4
15664,94,86,8
15665,154,134,20
15666,501,456,45
15667,93,85,8
15668,106,92,14
15669,152,143,9
15670,139,124,15
15671,399,350,49
15672,267,234,33
15673,252,223,29
15674,405,355,50
15675,914,809,105
15676,398,356,42
15677,134,117,17
15678,311,270,41
15679,137,123,14
15680,116,100,16
15681,995,879,116
15682,338,274,64
15683,316,280,36
15684,184,156,28
15685,237,209,28
15686,382,342,40
15687,200,173,27
15688,158,144,14
15689,198,169,29
15690,249,219,30
15691,204,176,28
15692,170,148,22
15693,167,141,26
15694,237,210,27
15695,117,104,13
15696,494,441,53
15697,209,182,27
15698,60,52,8
15699,132,116,16
15700,121,101,20
15701,607,528,79
15702,165,145,20
15703,99,86,13
15704,149,134,15
15705,447,388,59
15706,67,62,5
15707,54,51,3
15708,459,419,40
15709,83,75,8
15710,68,58,10
15711,78,70,8
15712,135,123,12
15713,171,147,24
15714,94,83,11
15715,99,90,9
15716,206,181,25
15717,112,102,10
15718,241,218,23
15719,135,122,13
15720,257,217,40
15721,115,101,14
15722,129,114,15
15723,102,91,11
15724,143,123,20
15725,236,218,18
15726,891,812,79
15727,301,271,30
15728,402,357,45
15729,83,80,3
15730,142,131,11
15731,47,39,8
15732,489,431,58
15733,208,182,26
15734,108,101,7
15735,123,106,17
15736,218,204,14
15737,89,79,10
15738,128,115,13
15739,168,146,22
15740,135,123,12
15741,453,407,46
15742,378,339,39
15743,211,178,33
15744,111,95,16
15745,96,91,5
15746,173,155,18
15747,48,43,5
15748,95,82,13
15749,141,122,19
15750,144,126,18
15751,551,479,72
15752,168,153,15
15753,428,374,54
15754,162,143,19
15755,113,91,22
15756,120,107,13
15757,491,437,54
15758,114,103,11
15759,668,596,72
15760,185,160,25
15761,235,208,27
15762,130,113,17
15763,131,113,18
15764,134,121,13
15765,271,232,39
15766,127,115,12
15767,145,126,19
15768,158,141,17
15769,148,135,13
15770,134,116,18
15771,199,186,13
15772,520,458,62
15773,160,140,20
15774,109,100,9
15775,213,183,30
15776,183,164,19
15777,418,371,47
15778,160,145,15
15779,232,200,32
15780,215,187,28
15781,149,126,23
15782,150,127,23
15783,122,110,12
15784,150,137,13
15785,113,101,12
15786,180,167,13
15787,236,208,28
15788,473,422,51
15789,453,383,70
15790,207,195,12
15791,251,222,29
15792,200,170,30
15793,153,137,16
15794,231,204,27
15795,313,280,33
15796,109,96,13
15797,153,131,22
15798,289,250,39
15799,69,60,9
15800,123,113,10
15801,125,108,17
15802,172,149,23
15803,255,239,16
15804,236,210,26
15805,142,131,11
15806,519,462,57
15807,259,228,31
15808,595,519,76
15809,219,187,32
15810,122,110,12
15811,144,128,16
15812,172,158,14
15813,334,286,48
15814,156,136,20
15815,111,97,14
15816,324,288,36
15817,126,108,18
15818,122,99,23
15819,240,198,42
15820,280,243,37
15821,88,76,12
15822,129,117,12
15823,249,212,37
15824,383,342,41
15825,312,276,36
15826,176,157,19
15827,168,139,29
15828,108,98,10
15829,138,118,20
15830,343,302,41
15831,114,97,17
15832,657,594,63
15833,189,162,27
15834,133,120,13
15835,394,346,48
15836,262,228,34
15837,139,118,21
15838,158,142,16
15839,267,237,30
15840,109,94,15
15841,142,135,7
15842,188,167,21
15843,160,150,10
15844,125,116,9
15845,289,271,18
15846,144,128,16
15847,137,126,11
15848,134,120,14
15849,125,104,21
15850,375,337,38
15851,188,167,21
15852,225,198,27
15853,315,278,37
15854,191,172,19
15855,122,110,12
15856,68,59,9
15857,190,177,13
15858,68,62,6
15859,249,226,23
15860,410,358,52
15861,207,190,17
15862,147,136,11
15863,187,157,30
15864,213,188,25
15865,130,116,14
15866,153,133,20
15867,94,77,17
15868,225,194,31
15869,158,143,15
15870,208,187,21
15871,491,443,48
15872,609,541,68
15873,574,510,64
15874,163,143,20
15875,294,260,34
15876,202,189,13
15877,129,111,18
15878,123,114,9
15879,494,446,48
15880,196,176,20
15881,121,109,12
15882,165,144,21
15883,526,448,78
15884,121,106,15
15885,148,132,16
15886,185,164,21
15887,138,124,14
15888,47,42,5
15889,472,413,59
15890,236,198,38
15891,140,127,13
15892,151,133,18
15893,701,615,86
15894,612,528,84
15895,287,235,52
15896,231,199,32
15897,985,840,145
15898,162,142,20
15899,391,340,51
15900,115,106,9
15901,424,361,63
15902,99,90,9
15903,109,93,16
15904,174,157,17
15905,508,441,67
15906,158,141,17
15907,404,339,65
15908,98,89,9
15909,300,264,36
15910,139,125,14
15911,523,467,56
15912,43,34,9
15913,232,206,26
15914,113,96,17
15915,121,112,9
15916,143,130,13
15917,121,110,11
15918,307,271,36
15919,153,134,19
15920,128,113,15
15921,125,118,7
15922,131,119,12
15923,115,104,11
15924,480,412,68
15925,204,183,21
15926,169,153,16
15927,129,119,10
15928,140,115,25
15929,409,356,53
15930,286,256,30
15931,125,116,9
15932,158,141,17
15933,152,139,13
15934,328,295,33
15935,143,126,17
15936,224,203,21
15937,133,123,10
15938,264,238,26
15939,137,127,10
15940,349,298,51
15941,152,135,17
15942,139,130,9
15943,126,107,19
15944,135,120,15
15945,167,147,20
15946,74,66,8
15947,169,159,10
15948,45,42,3
15949,139,122,17
15950,125,114,11
15951,599,522,77
15952,171,148,23
15953,251,230,21
15954,506,466,40
15955,91,81,10
15956,107,95,12
15957,149,134,15
15958,52,44,8
15959,84,76,8
15960,162,147,15
15961,292,257,35
15962,187,168,19
15963,175,162,13
15964,295,273,22
15965,891,796,95
15966,323,282,41
15967,157,136,21
15968,276,259,17
15969,246,216,30
15970,364,325,39
15971,264,237,27
15972,384,348,36
15973,372,334,38
15974,524,461,63
15975,195,172,23
15976,42,39,3
15977,110,94,16
15978,139,130,9
15979,128,114,14
15980,458,409,49
15981,78,66,12
15982,133,116,17
15983,250,220,30
15984,323,279,44
15985,180,154,26
15986,139,118,21
15987,85,72,13
15988,137,123,14
15989,105,88,17
15990,143,117,26
15991,85,78,7
15992,219,193,26
15993,375,335,40
15994,83,77,6
15995,56,51,5
15996,100,89,11
15997,536,469,67
15998,85,73,12
15999,158,138,20
16000,320,273,47
16001,191,173,18
16002,615,542,73
16003,399,365,34
16004,292,264,28
16005,254,217,37
16006,134,118,16
16007,164,135,29
16008,133,119,14
16009,72,64,8
16010,162,150,12
16011,59,50,9
16012,99,80,19
16013,76,65,11
16014,226,197,29
16015,66,58,8
16016,217,188,29
16017,190,167,23
16018,92,80,12
16019,212,186,26
16020,219,198,21
16021,159,141,18
16022,162,144,18
16023,307,264,43
16024,124,112,12
16025,272,243,29
16026,658,573,85
16027,317,282,35
16028,272,242,30
16029,694,601,93
16030,352,309,43
16031,1507,1330,177
16032,221,195,26
16033,1539,1361,178
16034,96,89,7
16035,720,633,87
16036,329,290,39
16037,654,577,77
16038,156,139,17
16039,139,128,11
16040,186,156,30
16041,273,237,36
16042,120,107,13
16043,129,106,23
16044,230,205,25
16045,146,127,19
16046,507,464,43
16047,109,95,14
16048,131,120,11
16049,633,570,63
16050,191,170,21
16051,274,241,33
16052,130,114,16
16053,195,174,21
16054,58,51,7
16055,126,112,14
16056,697,621,76
16057,202,184,18
16058,173,154,19
16059,506,452,54
16060,154,136,18
16061,226,204,22
16062,153,135,18
16063,145,133,12
16064,137,121,16
16065,75,63,12
16066,132,117,15
16067,118,110,8
16068,203,185,18
16069,209,192,17
16070,458,408,50
16071,316,285,31
16072,145,130,15
16073,593,543,50
16074,614,569,45
16075,172,156,16
16076,154,135,19
16077,77,69,8
16078,132,115,17
16079,164,143,21
16080,117,102,15
16081,158,140,18
16082,161,153,8
16083,129,116,13
16084,182,172,10
16085,137,126,11
16086,140,129,11
16087,88,77,11
16088,495,441,54
16089,181,165,16
16090,61,55,6
16091,284,254,30
16092,167,143,24
16093,165,150,15
16094,139,124,15
16095,137,131,6
16096,142,127,15
16097,151,136,15
16098,237,211,26
16099,126,116,10
16100,128,117,11
16101,170,157,13
16102,371,330,41
16103,63,57,6
16104,156,133,23
16105,191,171,20
16106,166,151,15
16107,358,315,43
16108,145,122,23
16109,129,112,17
16110,187,165,22
16111,128,108,20
16112,120,105,15
16113,948,814,134
16114,129,113,16
16115,241,218,23
16116,180,163,17
16117,163,151,12
16118,213,194,19
16119,131,115,16
16120,214,186,28
16121,308,280,28
16122,149,139,10
16123,162,144,18
16124,182,161,21
16125,334,301,33
16126,112,99,13
16127,162,144,18
16128,160,141,19
16129,148,134,14
16130,219,187,32
16131,457,386,71
16132,95,89,6
16133,128,111,17
16134,195,171,24
16135,116,97,19
16136,149,128,21
16137,175,154,21
16138,324,286,38
16139,100,88,12
16140,285,248,37
16141,270,245,25
16142,579,514,65
16143,478,420,58
16144,83,79,4
16145,349,307,42
16146,123,104,19
16147,90,85,5
16148,215,194,21
16149,123,112,11
16150,187,173,14
16151,197,172,25
16152,129,116,13
16153,504,445,59
16154,235,214,21
16155,928,788,140
16156,470,420,50
16157,389,354,35
16158,312,281,31
16159,115,100,15
16160,154,140,14
16161,139,126,13
16162,128,115,13
16163,136,127,9
16164,183,167,16
16165,245,222,23
16166,226,198,28
16167,259,234,25
16168,260,228,32
16169,98,86,12
16170,79,71,8
16171,368,325,43
16172,124,109,15
16173,77,68,9
16174,63,57,6
16175,143,130,13
16176,162,134,28
16177,342,310,32
16178,156,135,21
16179,139,125,14
16180,333,302,31
16181,113,97,16
16182,126,116,10
16183,123,107,16
16184,165,149,16
16185,477,422,55
16186,168,154,14
16187,202,177,25
16188,142,129,13
16189,275,230,45
16190,136,122,14
16191,153,133,20
16192,256,236,20
16193,620,560,60
16194,459,410,49
16195,161,149,12
16196,120,104,16
16197,135,123,12
16198,161,145,16
16199,94,80,14
16200,370,336,34
16201,117,107,10
16202,236,208,28
16203,413,381,32
16204,128,110,18
16205,172,152,20
16206,193,174,19
16207,458,405,53
16208,121,103,18
16209,131,119,12
16210,113,99,14
16211,120,99,21
16212,213,193,20
16213,186,163,23
16214,187,162,25
16215,149,135,14
16216,244,213,31
16217,300,271,29
16218,192,167,25
16219,112,96,16
16220,990,896,94
16221,120,112,8
16222,136,132,4
16223,162,143,19
16224,334,279,55
16225,50,42,8
16226,145,128,17
16227,347,303,44
16228,98,84,14
16229,74,64,10
16230,102,89,13
16231,239,210,29
16232,103,86,17
16233,273,242,31
16234,780,680,100
16235,117,102,15
16236,330,298,32
16237,207,172,35
16238,152,121,31
16239,395,329,66
16240,141,121,20
16241,254,222,32
16242,139,128,11
16243,473,416,57
16244,265,235,30
16245,298,270,28
16246,274,252,22
16247,110,92,18
16248,169,146,23
16249,182,159,23
16250,244,223,21
16251,149,138,11
16252,145,130,15
16253,113,104,9
16254,151,131,20
16255,181,158,23
16256,395,348,47
16257,140,122,18
16258,143,124,19
16259,549,484,65
16260,136,118,18
16261,143,128,15
16262,92,85,7
16263,191,166,25
16264,365,308,57
16265,215,187,28
16266,124,114,10
16267,382,328,54
16268,118,111,7
16269,128,119,9
16270,283,251,32
16271,137,129,8
16272,150,138,12
16273,142,127,15
16274,346,296,50
16275,362,322,40
16276,223,194,29
16277,179,161,18
16278,234,206,28
16279,73,62,11
16280,424,384,40
16281,143,127,16
16282,137,124,13
16283,236,205,31
16284,193,172,21
16285,223,200,23
16286,138,126,12
16287,490,432,58
16288,308,268,40
16289,414,362,52
16290,208,185,23
16291,154,136,18
16292,292,257,35
16293,135,115,20
16294,360,316,44
16295,424,373,51
16296,148,133,15
16297,115,109,6
16298,150,126,24
16299,308,268,40
16300,226,192,34
16301,119,109,10
16302,157,136,21
16303,425,380,45
16304,133,118,15
16305,188,173,15
16306,128,120,8
16307,653,595,58
16308,141,129,12
16309,183,166,17
16310,160,142,18
16311,194,173,21
16312,69,63,6
16313,201,174,27
16314,153,142,11
16315,216,195,21
16316,314,283,31
16317,163,147,16
16318,93,86,7
16319,69,60,9
16320,46,40,6
16321,389,353,36
16322,219,191,28
16323,246,226,20
16324,123,109,14
16325,124,112,12
16326,148,135,13
16327,157,135,22
16328,317,273,44
16329,212,193,19
16330,282,256,26
16331,128,117,11
16332,163,145,18
16333,246,213,33
16334,339,309,30
16335,148,120,28
16336,132,122,10
16337,233,202,31
16338,375,332,43
16339,176,158,18
16340,139,124,15
16341,301,265,36
16342,646,560,86
16343,241,211,30
16344,262,231,31
16345,117,103,14
16346,158,141,17
16347,348,309,39
16348,454,407,47
16349,240,221,19
16350,204,182,22
16351,213,190,23
16352,473,417,56
16353,336,288,48
16354,147,133,14
16355,188,157,31
16356,121,111,10
16357,194,186,8
16358,125,112,13
16359,115,99,16
16360,172,159,13
16361,181,162,19
16362,106,86,20
16363,576,502,74
16364,180,165,15
16365,115,105,10
16366,158,130,28
16367,132,115,17
16368,148,136,12
16369,166,152,14
16370,189,174,15
16371,158,140,18
16372,59,55,4
16373,130,124,6
16374,115,103,12
16375,64,61,3
16376,141,120,21
16377,71,63,8
16378,439,374,65
16379,174,157,17
16380,385,342,43
16381,92,78,14
16382,360,328,32
16383,128,110,18
16384,138,120,18
16385,81,67,14
16386,103,89,14
16387,184,155,29
16388,148,130,18
16389,237,210,27
16390,126,115,11
16391,283,251,32
16392,843,722,121
16393,131,116,15
16394,188,171,17
16395,266,238,28
16396,778,690,88
16397,118,100,18
16398,128,118,10
16399,157,129,28
16400,157,136,21
16401,78,71,7
16402,496,442,54
16403,184,158,26
16404,344,309,35
16405,64,56,8
16406,171,156,15
16407,32,31,1
16408,66,62,4
16409,307,278,29
16410,172,151,21
16411,116,109,7
16412,120,107,13
16413,332,293,39
16414,128,116,12
16415,296,267,29
16416,124,110,14
16417,126,105,21
16418,256,214,42
16419,637,565,72
16420,417,362,55
16421,173,148,25
16422,397,331,66
16423,124,109,15
16424,166,133,33
16425,201,174,27
16426,145,131,14
16427,125,114,11
16428,510,436,74
16429,119,104,15
16430,294,255,39
16431,246,205,41
16432,252,220,32
16433,440,393,47
16434,658,563,95
16435,249,228,21
16436,219,196,23
16437,67,57,10
16438,119,92,27
16439,274,234,40
16440,159,145,14
16441,239,210,29
16442,272,241,31
16443,181,162,19
16444,283,251,32
16445,881,776,105
16446,135,123,12
16447,1012,894,118
16448,304,274,30
16449,521,462,59
16450,186,167,19
16451,133,118,15
16452,118,105,13
16453,121,106,15
16454,153,135,18
16455,194,169,25
16456,153,136,17
16457,46,43,3
16458,150,137,13
16459,232,197,35
16460,154,137,17
16461,392,343,49
16462,151,131,20
16463,168,157,11
16464,146,126,20
16465,391,345,46
16466,148,133,15
16467,219,201,18
16468,234,207,27
16469,234,209,25
16470,63,56,7
16471,112,104,8
16472,153,138,15
16473,144,128,16
16474,349,299,50
16475,228,201,27
16476,550,487,63
16477,144,127,17
16478,218,198,20
16479,11,11,0
16480,113,96,17
16481,36,32,4
16482,197,180,17
16483,141,126,15
16484,192,167,25
16485,138,122,16
16486,168,145,23
16487,131,113,18
16488,168,142,26
16489,71,63,8
16490,712,625,87
16491,118,109,9
16492,497,431,66
16493,226,197,29
16494,127,111,16
16495,236,201,35
16496,221,200,21
16497,98,92,6
16498,244,210,34
16499,402,357,45
16500,150,141,9
16501,164,149,15
16502,160,139,21
16503,167,140,27
16504,195,175,20
16505,377,335,42
16506,129,112,17
16507,372,337,35
16508,148,130,18
16509,180,161,19
16510,143,127,16
16511,153,137,16
16512,228,203,25
16513,385,347,38
16514,131,118,13
16515,126,106,20
16516,150,131,19
16517,75,70,5
16518,60,54,6
16519,235,214,21
16520,231,196,35
16521,441,389,52
16522,823,743,80
16523,149,137,12
16524,323,282,41
16525,673,604,69
16526,612,539,73
16527,316,286,30
16528,112,102,10
16529,34,33,1
16530,147,136,11
16531,103,93,10
16532,107,97,10
16533,56,51,5
16534,71,65,6
16535,191,174,17
16536,106,91,15
16537,53,49,4
16538,176,155,21
16539,187,170,17
16540,170,155,15
16541,208,179,29
16542,189,167,22
16543,124,113,11
16544,177,161,16
16545,264,234,30
16546,234,211,23
16547,717,636,81
16548,125,111,14
16549,95,85,10
16550,96,86,10
16551,284,253,31
16552,387,347,40
16553,98,88,10
16554,181,162,19
16555,176,155,21
16556,248,226,22
16557,173,156,17
16558,59,52,7
16559,141,119,22
16560,133,120,13
16561,231,207,24
16562,138,116,22
16563,240,211,29
16564,131,121,10
16565,181,160,21
16566,156,133,23
16567,110,99,11
16568,292,257,35
16569,133,119,14
16570,737,672,65
16571,388,342,46
16572,300,269,31
16573,187,168,19
16574,751,672,79
16575,133,115,18
16576,130,114,16
16577,625,543,82
16578,196,176,20
16579,113,99,14
16580,124,114,10
16581,148,132,16
16582,507,458,49
16583,181,158,23
16584,211,183,28
16585,258,214,44
16586,321,286,35
16587,126,108,18
16588,219,191,28
16589,980,869,111
16590,118,103,15
16591,107,93,14
16592,27,25,2
16593,91,82,9
16594,203,184,19
16595,37,33,4
16596,336,305,31
16597,728,635,93
16598,136,118,18
16599,144,125,19
16600,135,111,24
16601,126,111,15
16602,264,227,37
16603,157,138,19
16604,140,118,22
16605,95,85,10
16606,220,194,26
16607,201,170,31
16608,391,336,55
16609,119,97,22
16610,50,44,6
16611,248,212,36
16612,68,63,5
16613,555,485,70
16614,162,145,17
16615,440,382,58
16616,263,231,32
16617,1031,909,122
16618,160,151,9
16619,126,107,19
16620,1017,891,126
16621,184,164,20
16622,151,135,16
16623,124,105,19
16624,120,109,11
16625,154,136,18
16626,139,130,9
16627,124,111,13
16628,442,383,59
16629,321,284,37
16630,384,334,50
16631,131,120,11
16632,234,207,27
16633,149,127,22
16634,217,192,25
16635,315,287,28
16636,140,126,14
16637,127,114,13
16638,116,101,15
16639,103,91,12
16640,132,120,12
16641,257,227,30
16642,140,122,18
16643,264,240,24
16644,458,400,58
16645,325,297,28
16646,342,303,39
16647,289,244,45
16648,84,77,7
16649,191,178,13
16650,49,38,11
16651,328,286,42
16652,185,163,22
16653,281,246,35
16654,75,68,7
16655,209,182,27
16656,110,104,6
16657,151,133,18
16658,182,164,18
16659,166,145,21
16660,671,604,67
16661,264,245,19
16662,186,162,24
16663,362,323,39
16664,176,151,25
16665,150,138,12
16666,240,212,28
16667,159,140,19
16668,214,190,24
16669,300,257,43
16670,301,264,37
16671,149,127,22
16672,179,163,16
16673,56,46,10
16674,275,247,28
16675,180,165,15
16676,511,436,75
16677,115,106,9
16678,197,163,34
16679,124,106,18
16680,136,120,16
16681,174,158,16
16682,151,135,16
16683,138,115,23
16684,132,119,13
16685,302,267,35
16686,186,167,19
16687,154,141,13
16688,220,197,23
16689,267,242,25
16690,123,109,14
16691,115,104,11
16692,123,105,18
16693,700,617,83
16694,126,112,14
16695,346,294,52
16696,79,71,8
16697,81,73,8
16698,127,103,24
16699,124,108,16
16700,161,144,17
16701,641,580,61
16702,292,250,42
16703,167,137,30
16704,974,844,130
16705,497,442,55
16706,152,138,14
16707,56,47,9
16708,339,299,40
16709,67,56,11
16710,311,259,52
16711,187,171,16
16712,240,218,22
16713,201,173,28
16714,163,144,19
16715,330,276,54
16716,129,118,11
16717,83,73,10
16718,153,139,14
16719,122,111,11
16720,128,114,14
16721,309,264,45
16722,201,184,17
16723,193,173,20
16724,169,148,21
16725,183,166,17
16726,228,203,25
16727,158,140,18
16728,181,166,15
16729,131,122,9
16730,106,96,10
16731,134,124,10
16732,870,758,112
16733,124,118,6
16734,536,489,47
16735,146,139,7
16736,155,133,22
16737,148,131,17
16738,366,332,34
16739,143,125,18
16740,48,40,8
16741,395,339,56
16742,115,100,15
16743,178,159,19
16744,113,106,7
16745,239,212,27
16746,106,91,15
16747,119,102,17
16748,148,128,20
16749,164,143,21
16750,538,479,59
16751,220,197,23
16752,142,126,16
16753,175,153,22
16754,223,193,30
16755,131,121,10
16756,807,724,83
16757,171,147,24
16758,122,115,7
16759,225,200,25
16760,107,100,7
16761,182,157,25
16762,132,123,9
16763,329,275,54
16764,529,463,66
16765,146,129,17
16766,148,128,20
16767,250,219,31
16768,797,730,67
16769,296,269,27
16770,142,128,14
16771,83,74,9
16772,171,156,15
16773,423,365,58
16774,130,120,10
16775,171,154,17
16776,36,32,4
16777,258,230,28
16778,209,188,21
16779,115,99,16
16780,130,115,15
16781,158,133,25
16782,250,214,36
16783,159,135,24
16784,300,259,41
16785,173,158,15
16786,59,53,6
16787,261,229,32
16788,76,68,8
16789,74,64,10
16790,43,39,4
16791,149,134,15
16792,123,105,18
16793,419,369,50
16794,361,321,40
16795,121,97,24
16796,152,142,10
16797,145,129,16
16798,103,89,14
16799,66,54,12
16800,223,194,29
16801,119,100,19
16802,126,107,19
16803,261,238,23
16804,303,273,30
16805,139,125,14
16806,137,119,18
16807,129,115,14
16808,99,81,18
16809,76,60,16
16810,121,102,19
16811,128,116,12
16812,126,111,15
16813,312,281,31
16814,309,276,33
16815,317,274,43
16816,152,137,15
16817,203,178,25
16818,108,93,15
16819,139,128,11
16820,323,302,21
16821,118,103,15
16822,357,322,35
16823,108,91,17
16824,159,151,8
16825,344,305,39
16826,312,271,41
16827,64,57,7
16828,231,201,30
16829,265,235,30
16830,291,260,31
16831,123,108,15
16832,584,523,61
16833,123,104,19
16834,106,98,8
16835,419,375,44
16836,141,124,17
16837,249,217,32
16838,318,284,34
16839,185,167,18
16840,224,193,31
16841,334,289,45
16842,116,102,14
16843,458,413,45
16844,135,121,14
16845,440,376,64
16846,44,36,8
16847,77,68,9
16848,68,64,4
16849,95,86,9
16850,127,117,10
16851,68,61,7
16852,93,84,9
16853,174,152,22
16854,13,12,1
16855,169,144,25
16856,201,178,23
16857,274,241,33
16858,138,115,23
16859,158,139,19
16860,51,47,4
16861,86,73,13
16862,197,176,21
16863,172,146,26
16864,377,340,37
16865,150,136,14
16866,136,117,19
16867,88,79,9
16868,157,136,21
16869,167,151,16
16870,82,72,10
16871,127,115,12
16872,433,389,44
16873,129,102,27
16874,693,585,108
16875,142,120,22
16876,291,255,36
16877,143,129,14
16878,56,47,9
16879,108,98,10
16880,245,224,21
16881,260,234,26
16882,676,598,78
16883,137,117,20
16884,540,484,56
16885,133,121,12
16886,212,187,25
16887,532,474,58
16888,167,152,15
16889,214,185,29
16890,185,166,19
16891,405,355,50
16892,248,217,31
16893,425,378,47
16894,130,112,18
16895,354,326,28
16896,493,429,64
16897,276,247,29
16898,131,113,18
16899,106,98,8
16900,135,123,12
16901,90,79,11
16902,221,201,20
16903,182,167,15
16904,117,96,21
16905,200,172,28
16906,460,410,50
16907,93,85,8
16908,90,80,10
16909,129,114,15
16910,277,255,22
16911,885,808,77
16912,142,126,16
16913,141,125,16
16914,353,305,48
16915,458,394,64
16916,144,122,22
16917,110,97,13
16918,127,117,10
16919,407,347,60
16920,229,197,32
16921,255,228,27
16922,724,634,90
16923,192,173,19
16924,191,174,17
16925,278,252,26
16926,124,108,16
16927,136,123,13
16928,128,121,7
16929,111,105,6
16930,132,114,18
16931,60,55,5
16932,231,194,37
16933,506,456,50
16934,191,162,29
16935,188,166,22
16936,140,126,14
16937,136,125,11
16938,150,125,25
16939,129,118,11
16940,303,273,30
16941,144,136,8
16942,122,109,13
16943,268,237,31
16944,184,164,20
16945,156,140,16
16946,170,151,19
16947,126,104,22
16948,323,293,30
16949,181,154,27
16950,336,301,35
16951,179,164,15
16952,309,286,23
16953,163,151,12
16954,294,258,36
16955,1007,892,115
16956,592,521,71
16957,480,439,41
16958,351,302,49
16959,249,220,29
16960,168,153,15
16961,399,364,35
16962,110,100,10
16963,113,100,13
16964,133,116,17
16965,83,76,7
16966,331,294,37
16967,361,326,35
16968,115,104,11
16969,238,207,31
16970,126,111,15
16971,224,206,18
16972,157,131,26
16973,328,294,34
16974,283,260,23
16975,126,110,16
16976,326,281,45
16977,373,314,59
16978,213,188,25
16979,134,117,17
16980,251,218,33
16981,183,162,21
16982,274,258,16
16983,546,470,76
16984,325,279,46
16985,285,246,39
16986,188,173,15
16987,124,117,7
16988,323,286,37
16989,620,545,75
16990,530,467,63
16991,326,294,32
16992,132,119,13
16993,185,160,25
16994,255,230,25
16995,132,120,12
16996,231,211,20
16997,108,94,14
16998,186,167,19
16999,154,134,20
17000,157,144,13
17001,197,169,28
17002,173,150,23
17003,298,276,22
17004,150,124,26
17005,150,134,16
17006,123,109,14
17007,129,115,14
17008,140,118,22
17009,309,278,31
17010,188,165,23
17011,104,94,10
17012,139,128,11
17013,251,222,29
17014,172,155,17
17015,185,161,24
17016,249,204,45
17017,167,145,22
17018,206,194,12
17019,197,159,38
17020,268,237,31
17021,128,117,11
17022,92,82,10
17023,99,84,15
17024,140,129,11
17025,209,192,17
17026,126,112,14
17027,389,346,43
17028,421,359,62
17029,163,142,21
17030,477,418,59
17031,112,100,12
17032,149,133,16
17033,226,191,35
17034,189,174,15
17035,366,317,49
17036,132,116,16
17037,283,254,29
17038,128,117,11
17039,222,191,31
17040,109,97,12
17041,103,86,17
17042,86,78,8
17043,164,146,18
17044,273,247,26
17045,192,174,18
17046,374,335,39
17047,201,179,22
17048,378,339,39
17049,116,105,11
17050,63,54,9
17051,52,49,3
17052,191,163,28
17053,97,88,9
17054,358,318,40
17055,101,92,9
17056,149,130,19
17057,207,177,30
17058,82,64,18
17059,234,211,23
17060,191,168,23
17061,588,520,68
17062,345,305,40
17063,182,165,17
17064,171,158,13
17065,234,210,24
17066,131,121,10
17067,126,116,10
17068,196,175,21
17069,148,134,14
17070,130,118,12
17071,265,236,29
17072,209,188,21
17073,140,133,7
17074,131,114,17
17075,310,280,30
17076,536,468,68
17077,119,111,8
17078,131,114,17
17079,121,110,11
17080,136,126,10
17081,295,262,33
17082,215,196,19
17083,107,92,15
17084,441,399,42
17085,119,102,17
17086,143,124,19
17087,122,107,15
17088,109,101,8
17089,121,113,8
17090,131,116,15
17091,157,142,15
17092,265,243,22
17093,144,132,12
17094,137,122,15
17095,238,204,34
17096,176,152,24
17097,135,121,14
17098,168,152,16
17099,178,160,18
17100,260,240,20
17101,148,133,15
17102,191,166,25
17103,647,574,73
17104,207,192,15
17105,127,112,15
17106,179,165,14
17107,228,203,25
17108,133,126,7
17109,115,99,16
17110,131,119,12
17111,234,212,22
17112,170,156,14
17113,243,220,23
17114,235,215,20
17115,126,115,11
17116,337,301,36
17117,417,372,45
17118,212,194,18
17119,110,98,12
17120,201,175,26
17121,84,79,5
17122,309,271,38
17123,94,85,9
17124,132,109,23
17125,361,310,51
17126,371,332,39
17127,124,110,14
17128,383,355,28
17129,450,398,52
17130,565,489,76
17131,162,139,23
17132,171,149,22
17133,93,85,8
17134,263,225,38
17135,118,105,13
17136,115,108,7
17137,167,155,12
17138,125,108,17
17139,231,202,29
17140,304,252,52
17141,411,369,42
17142,147,137,10
17143,117,105,12
17144,181,168,13
17145,453,393,60
17146,273,241,32
17147,131,118,13
17148,204,179,25
17149,622,548,74
17150,135,118,17
17151,329,283,46
17152,451,393,58
17153,187,157,30
17154,338,298,40
17155,289,257,32
17156,934,811,123
17157,54,45,9
17158,58,46,12
17159,87,84,3
17160,117,111,6
17161,257,229,28
17162,134,118,16
17163,46,45,1
17164,202,178,24
17165,433,371,62
17166,117,111,6
17167,218,194,24
17168,515,431,84
17169,359,311,48
17170,202,178,24
17171,127,106,21
17172,115,98,17
17173,65,52,13
17174,159,141,18
17175,226,199,27
17176,108,96,12
17177,241,221,20
17178,119,111,8
17179,228,191,37
17180,243,212,31
17181,133,119,14
17182,151,139,12
17183,148,135,13
17184,524,449,75
17185,342,310,32
17186,139,120,19
17187,47,43,4
17188,122,108,14
17189,163,141,22
17190,182,162,20
17191,130,123,7
17192,198,176,22
17193,397,350,47
17194,170,157,13
17195,929,802,127
17196,253,222,31
17197,267,235,32
17198,216,192,24
17199,657,561,96
17200,1362,1176,186
17201,805,717,88
17202,966,868,98
17203,260,231,29
17204,411,369,42
17205,455,403,52
17206,101,90,11
17207,110,88,22
17208,462,421,41
17209,197,172,25
17210,311,283,28
17211,385,326,59
17212,369,315,54
17213,128,114,14
17214,833,724,109
17215,132,114,18
17216,147,129,18
17217,152,129,23
17218,91,82,9
17219,88,74,14
17220,119,92,27
17221,522,443,79
17222,132,120,12
17223,307,262,45
17224,88,75,13
17225,544,501,43
17226,151,127,24
17227,160,144,16
17228,332,298,34
17229,487,432,55
17230,376,332,44
17231,100,88,12
17232,236,209,27
17233,197,175,22
17234,135,126,9
17235,147,129,18
17236,163,146,17
17237,239,204,35
17238,143,127,16
17239,137,116,21
17240,118,104,14
17241,242,213,29
17242,428,380,48
17243,133,119,14
17244,82,72,10
17245,1000,896,104
17246,424,376,48
17247,288,264,24
17248,255,223,32
17249,425,380,45
17250,173,149,24
17251,134,120,14
17252,155,133,22
17253,521,473,48
17254,334,295,39
17255,125,107,18
17256,187,163,24
17257,322,283,39
17258,79,74,5
17259,247,218,29
17260,132,118,14
17261,472,410,62
17262,151,138,13
17263,124,115,9
17264,138,128,10
17265,159,146,13
17266,181,163,18
17267,108,98,10
17268,230,209,21
17269,155,145,10
17270,102,90,12
17271,86,78,8
17272,296,271,25
17273,180,161,19
17274,286,264,22
17275,127,111,16
17276,218,191,27
17277,125,110,15
17278,279,246,33
17279,480,430,50
17280,656,580,76
17281,139,130,9
17282,148,129,19
17283,45,39,6
17284,331,303,28
17285,236,213,23
17286,241,220,21
17287,130,115,15
17288,83,78,5
17289,575,516,59
17290,81,76,5
17291,211,196,15
17292,148,132,16
17293,261,242,19
17294,149,137,12
17295,223,203,20
17296,193,172,21
17297,118,102,16
17298,149,113,36
17299,22,19,3
17300,301,258,43
17301,136,122,14
17302,341,295,46
17303,131,120,11
17304,84,72,12
17305,155,135,20
17306,256,230,26
17307,106,90,16
17308,67,63,4
17309,67,63,4
17310,50,48,2
17311,219,198,21
17312,103,94,9
17313,147,130,17
17314,57,56,1
17315,176,147,29
17316,174,154,20
17317,153,137,16
17318,201,181,20
17319,385,359,26
17320,123,113,10
17321,62,55,7
17322,226,206,20
17323,50,45,5
17324,98,85,13
17325,485,439,46
17326,173,152,21
17327,254,223,31
17328,290,268,22
17329,399,351,48
17330,98,90,8
17331,185,167,18
17332,139,118,21
17333,154,128,26
17334,156,135,21
17335,546,484,62
17336,255,231,24
17337,205,180,25
17338,179,162,17
17339,85,79,6
17340,375,341,34
17341,115,101,14
17342,182,161,21
17343,137,121,16
17344,70,62,8
17345,192,169,23
17346,125,115,10
17347,247,218,29
17348,130,118,12
17349,110,97,13
17350,189,171,18
17351,86,72,14
17352,173,160,13
17353,155,142,13
17354,284,250,34
17355,150,130,20
17356,191,168,23
17357,176,152,24
17358,317,268,49
17359,228,204,24
17360,459,395,64
17361,192,163,29
17362,119,103,16
17363,179,151,28
17364,133,122,11
17365,378,338,40
17366,124,112,12
17367,135,123,12
17368,602,549,53
17369,224,209,15
17370,138,119,19
17371,179,162,17
17372,131,117,14
17373,264,246,18
17374,173,154,19
17375,216,202,14
17376,193,168,25
17377,63,58,5
17378,443,390,53
17379,303,265,38
17380,499,434,65
17381,488,428,60
17382,42,38,4
17383,158,136,22
17384,162,147,15
17385,554,487,67
17386,147,122,25
17387,237,218,19
17388,146,128,18
17389,56,50,6
17390,151,128,23
17391,143,127,16
17392,74,63,11
17393,154,140,14
17394,20,20,0
17395,220,194,26
17396,144,129,15
17397,139,126,13
17398,200,177,23
17399,124,110,14
17400,156,149,7
17401,229,204,25
17402,150,133,17
17403,210,192,18
17404,123,107,16
17405,136,122,14
17406,190,164,26
17407,341,301,40
17408,149,138,11
17409,173,157,16
17410,128,109,19
17411,514,463,51
17412,167,151,16
17413,369,339,30
17414,158,143,15
17415,97,86,11
17416,340,308,32
17417,151,136,15
17418,368,335,33
17419,135,122,13
17420,225,196,29
17421,139,124,15
17422,128,114,14
17423,233,208,25
17424,102,91,11
17425,118,111,7
17426,214,189,25
17427,88,81,7
17428,65,59,6
17429,61,53,8
17430,96,83,13
17431,135,125,10
17432,132,121,11
17433,141,123,18
17434,183,164,19
17435,165,152,13
17436,58,52,6
17437,169,152,17
17438,530,462,68
17439,128,116,12
17440,433,391,42
17441,406,359,47
17442,211,187,24
17443,160,138,22
17444,173,149,24
17445,621,555,66
17446,226,200,26
17447,279,257,22
17448,508,420,88
17449,203,167,36
17450,376,337,39
17451,580,497,83
17452,139,126,13
17453,134,126,8
17454,103,92,11
17455,146,130,16
17456,201,175,26
17457,346,298,48
17458,172,161,11
17459,770,714,56
17460,352,319,33
17461,137,122,15
17462,976,862,114
17463,285,239,46
17464,137,118,19
17465,315,278,37
17466,293,249,44
17467,199,183,16
17468,124,118,6
17469,269,234,35
17470,214,193,21
17471,120,109,11
17472,91,85,6
17473,359,314,45
17474,207,181,26
17475,203,176,27
17476,105,94,11
17477,285,262,23
17478,176,158,18
17479,168,153,15
17480,278,252,26
17481,129,118,11
17482,252,225,27
17483,572,506,66
17484,484,435,49
17485,325,294,31
17486,175,158,17
17487,212,190,22
17488,134,124,10
17489,361,328,33
17490,186,171,15
17491,225,204,21
17492,169,157,12
17493,204,188,16
17494,650,577,73
17495,260,224,36
17496,558,502,56
17497,348,306,42
17498,441,388,53
17499,146,130,16
17500,584,513,71
17501,85,78,7
17502,54,49,5
17503,106,98,8
17504,149,121,28
17505,412,360,52
17506,753,688,65
17507,110,102,8
17508,209,184,25
17509,56,52,4
17510,185,173,12
17511,123,108,15
17512,963,849,114
17513,437,371,66
17514,100,89,11
17515,60,53,7
17516,140,112,28
17517,405,348,57
17518,616,534,82
17519,154,131,23
17520,318,283,35
17521,222,189,33
17522,146,132,14
17523,49,46,3
17524,145,126,19
17525,263,220,43
17526,244,208,36
17527,307,267,40
17528,161,143,18
17529,195,177,18
17530,218,196,22
17531,199,178,21
17532,410,363,47
17533,168,150,18
17534,142,126,16
17535,152,136,16
17536,142,130,12
17537,298,264,34
17538,212,197,15
17539,317,284,33
17540,156,140,16
17541,872,791,81
17542,176,157,19
17543,181,162,19
17544,140,121,19
17545,129,110,19
17546,204,181,23
17547,102,89,13
17548,490,441,49
17549,99,91,8
17550,387,349,38
17551,172,154,18
17552,369,332,37
17553,203,189,14
17554,94,83,11
17555,527,469,58
17556,71,67,4
17557,332,294,38
17558,198,173,25
17559,41,36,5
17560,158,138,20
17561,105,99,6
17562,239,207,32
17563,172,155,17
17564,137,120,17
17565,116,100,16
17566,145,131,14
17567,50,45,5
17568,293,256,37
17569,169,154,15
17570,139,129,10
17571,137,120,17
17572,305,263,42
17573,180,149,31
17574,129,111,18
17575,103,89,14
17576,151,131,20
17577,199,174,25
17578,384,340,44
17579,264,238,26
17580,161,147,14
17581,153,137,16
17582,208,188,20
17583,201,175,26
17584,819,716,103
17585,168,146,22
17586,399,348,51
17587,203,183,20
17588,212,189,23
17589,115,102,13
17590,133,121,12
17591,172,152,20
17592,146,130,16
17593,161,141,20
17594,162,144,18
17595,46,43,3
17596,213,193,20
17597,166,146,20
17598,201,173,28
17599,284,256,28
17600,231,201,30
17601,177,159,18
17602,325,265,60
17603,159,133,26
17604,127,106,21
17605,152,135,17
17606,280,245,35
17607,528,474,54
17608,582,520,62
17609,261,231,30
17610,242,221,21
17611,40,36,4
17612,201,176,25
17613,131,118,13
17614,113,100,13
17615,185,166,19
17616,162,151,11
17617,370,329,41
17618,932,822,110
17619,137,125,12
17620,192,175,17
17621,185,164,21
17622,500,447,53
17623,123,108,15
17624,370,330,40
17625,96,91,5
17626,233,206,27
17627,217,200,17
17628,136,117,19
17629,603,534,69
17630,103,92,11
17631,277,243,34
17632,255,229,26
17633,154,136,18
17634,110,100,10
17635,194,160,34
17636,76,67,9
17637,152,136,16
17638,246,226,20
17639,485,421,64
17640,505,440,65
17641,220,194,26
17642,119,103,16
17643,93,83,10
17644,162,140,22
17645,129,116,13
17646,130,118,12
17647,179,164,15
17648,141,129,12
17649,601,533,68
17650,220,194,26
17651,447,400,47
17652,173,153,20
17653,244,218,26
17654,185,162,23
17655,617,541,76
17656,178,161,17
17657,158,139,19
17658,304,271,33
17659,84,77,7
17660,55,52,3
17661,36,36,0
17662,196,176,20
17663,127,111,16
17664,93,83,10
17665,156,140,16
17666,112,106,6
17667,162,142,20
17668,243,218,25
17669,148,128,20
17670,263,234,29
17671,171,161,10
17672,119,106,13
17673,225,194,31
17674,171,152,19
17675,221,204,17
17676,123,109,14
17677,219,201,18
17678,253,223,30
17679,178,159,19
17680,131,118,13
17681,322,281,41
17682,261,232,29
17683,94,86,8
17684,47,43,4
17685,161,147,14
17686,454,411,43
17687,204,192,12
17688,427,371,56
17689,251,232,19
17690,242,220,22
17691,84,75,9
17692,194,171,23
17693,196,176,20
17694,137,119,18
17695,188,169,19
17696,79,67,12
17697,171,159,12
17698,141,121,20
17699,36,32,4
17700,153,137,16
17701,101,89,12
17702,352,312,40
17703,150,135,15
17704,148,138,10
17705,207,190,17
17706,187,165,22
17707,177,164,13
17708,179,161,18
17709,270,251,19
17710,250,210,40
17711,126,116,10
17712,140,129,11
17713,219,192,27
17714,317,296,21
17715,368,326,42
17716,255,216,39
17717,128,118,10
17718,133,122,11
17719,165,153,12
17720,153,133,20
17721,267,232,35
17722,378,344,34
17723,226,196,30
17724,152,138,14
17725,91,82,9
17726,342,300,42
17727,131,119,12
17728,469,411,58
17729,364,321,43
17730,128,114,14
17731,155,140,15
17732,325,300,25
17733,84,74,10
17734,115,104,11
17735,112,104,8
17736,284,252,32
17737,257,229,28
17738,31,28,3
17739,335,298,37
17740,211,193,18
17741,318,285,33
17742,907,813,94
17743,57,51,6
17744,173,157,16
17745,185,164,21
17746,141,127,14
17747,124,106,18
17748,130,115,15
17749,511,452,59
17750,222,198,24
17751,250,218,32
17752,155,128,27
17753,141,127,14
17754,104,88,16
17755,147,135,12
17756,134,121,13
17757,127,109,18
17758,129,108,21
17759,189,167,22
17760,197,176,21
17761,405,362,43
17762,517,450,67
17763,226,205,21
17764,282,234,48
17765,127,106,21
17766,153,140,13
17767,134,119,15
17768,81,75,6
17769,140,129,11
17770,141,130,11
17771,192,175,17
17772,182,172,10
17773,349,304,45
17774,125,110,15
17775,122,109,13
17776,246,208,38
17777,49,45,4
17778,137,127,10
17779,203,193,10
17780,375,341,34
17781,142,130,12
17782,129,113,16
17783,360,322,38
17784,213,194,19
17785,212,184,28
17786,370,334,36
17787,163,144,19
17788,132,113,19
17789,196,181,15
17790,213,188,25
17791,449,396,53
17792,292,258,34
17793,143,129,14
17794,265,239,26
17795,144,123,21
17796,129,113,16
17797,93,86,7
17798,159,141,18
17799,181,163,18
17800,525,472,53
17801,247,227,20
17802,186,164,22
17803,145,120,25
17804,151,134,17
17805,53,49,4
17806,87,80,7
17807,183,166,17
17808,128,106,22
17809,241,206,35
17810,100,90,10
17811,318,273,45
17812,206,191,15
17813,122,104,18
17814,348,301,47
17815,127,110,17
17816,744,671,73
17817,253,228,25
17818,472,406,66
17819,577,524,53
17820,228,202,26
17821,140,123,17
17822,184,157,27
17823,385,335,50
17824,222,200,22
17825,616,559,57
17826,353,309,44
17827,603,537,66
17828,147,130,17
17829,564,499,65
17830,493,435,58
17831,143,131,12
17832,75,61,14
17833,270,241,29
17834,69,62,7
17835,292,275,17
17836,63,53,10
17837,178,163,15
17838,237,211,26
17839,131,110,21
17840,376,325,51
17841,133,120,13
17842,414,355,59
17843,108,90,18
17844,112,96,16
17845,183,163,20
17846,192,171,21
17847,121,111,10
17848,121,103,18
17849,491,433,58
17850,265,237,28
17851,396,347,49
17852,148,123,25
17853,227,204,23
17854,159,142,17
17855,37,35,2
17856,170,155,15
17857,260,236,24
17858,365,327,38
17859,102,93,9
17860,61,53,8
17861,96,86,10
17862,180,157,23
17863,151,133,18
17864,183,165,18
17865,447,383,64
17866,472,398,74
17867,335,299,36
17868,232,215,17
17869,58,49,9
17870,266,242,24
17871,273,242,31
17872,70,61,9
17873,141,113,28
17874,124,105,19
17875,151,139,12
17876,816,713,103
17877,257,230,27
17878,1001,891,110
17879,312,282,30
17880,204,181,23
17881,107,97,10
17882,197,175,22
17883,182,157,25
17884,359,305,54
17885,335,310,25
17886,126,120,6
17887,217,195,22
17888,846,771,75
17889,189,168,21
17890,119,104,15
17891,276,242,34
17892,91,84,7
17893,372,330,42
17894,101,91,10
17895,134,114,20
17896,167,155,12
17897,127,111,16
17898,173,156,17
17899,188,164,24
17900,159,138,21
17901,884,781,103
17902,153,141,12
17903,84,74,10
17904,191,170,21
17905,191,175,16
17906,102,92,10
17907,273,240,33
17908,128,114,14
17909,133,114,19
17910,126,113,13
17911,317,277,40
17912,187,161,26
17913,139,121,18
17914,293,241,52
17915,760,675,85
17916,177,153,24
17917,241,220,21
17918,161,147,14
17919,113,103,10
17920,683,604,79
17921,89,76,13
17922,384,325,59
17923,120,97,23
17924,1034,873,161
17925,158,139,19
17926,68,60,8
17927,50,43,7
17928,152,136,16
17929,216,197,19
17930,243,198,45
17931,106,99,7
17932,185,172,13
17933,263,232,31
17934,554,476,78
17935,231,203,28
17936,422,388,34
17937,182,169,13
17938,163,139,24
17939,131,118,13
17940,121,109,12
17941,180,160,20
17942,207,179,28
17943,275,249,26
17944,212,197,15
17945,154,132,22
17946,162,149,13
17947,130,120,10
17948,248,210,38
17949,338,292,46
17950,379,323,56
17951,130,116,14
17952,186,164,22
17953,408,344,64
17954,111,97,14
17955,834,724,110
17956,131,115,16
17957,667,580,87
17958,363,315,48
17959,406,345,61
17960,235,211,24
17961,164,151,13
17962,311,276,35
17963,222,201,21
17964,81,71,10
17965,421,368,53
17966,149,130,19
17967,98,81,17
17968,102,76,26
17969,125,110,15
17970,196,180,16
17971,137,123,14
17972,150,132,18
17973,56,46,10
17974,401,348,53
17975,114,102,12
17976,91,82,9
17977,578,488,90
17978,448,398,50
17979,481,432,49
17980,752,661,91
17981,171,149,22
17982,886,794,92
17983,472,414,58
17984,128,115,13
17985,134,119,15
17986,307,269,38
17987,142,132,10
17988,126,111,15
17989,118,104,14
17990,420,369,51
17991,109,98,11
17992,342,298,44
17993,115,107,8
17994,176,157,19
17995,488,427,61
17996,108,95,13
17997,71,64,7
17998,138,127,11
17999,124,113,11
18000,135,119,16
18001,46,42,4
18002,49,46,3
18003,124,112,12
18004,166,156,10
18005,166,156,10
18006,63,57,6
18007,118,108,10
18008,133,114,19
18009,189,164,25
18010,82,73,9
18011,106,100,6
18012,206,184,22
18013,327,289,38
18014,695,618,77
18015,185,160,25
18016,218,195,23
18017,148,134,14
18018,167,148,19
18019,996,876,120
18020,314,271,43
18021,53,48,5
18022,169,153,16
18023,168,152,16
18024,87,77,10
18025,151,136,15
18026,206,180,26
18027,269,245,24
18028,133,118,15
18029,106,95,11
18030,236,219,17
18031,136,127,9
18032,251,219,32
18033,257,235,22
18034,146,131,15
18035,151,137,14
18036,77,72,5
18037,76,72,4
18038,191,175,16
18039,113,101,12
18040,420,374,46
18041,172,158,14
18042,149,129,20
18043,166,150,16
18044,231,218,13
18045,47,42,5
18046,59,52,7
18047,299,270,29
18048,327,289,38
18049,177,151,26
18050,365,308,57
18051,31,30,1
18052,115,104,11
18053,131,118,13
18054,867,742,125
18055,154,137,17
18056,133,113,20
18057,131,120,11
18058,107,91,16
18059,128,109,19
18060,162,152,10
18061,261,238,23
18062,134,123,11
18063,148,138,10
18064,204,188,16
18065,381,337,44
18066,213,198,15
18067,154,131,23
18068,393,364,29
18069,137,122,15
18070,209,185,24
18071,159,143,16
18072,126,116,10
18073,133,120,13
18074,312,277,35
18075,495,426,69
18076,192,171,21
18077,183,158,25
18078,141,128,13
18079,94,81,13
18080,204,179,25
18081,74,67,7
18082,178,163,15
18083,539,491,48
18084,175,163,12
18085,66,55,11
18086,169,149,20
18087,119,107,12
18088,891,790,101
18089,384,341,43
18090,213,195,18
18091,269,232,37
18092,441,370,71
18093,128,118,10
18094,168,151,17
18095,116,104,12
18096,172,157,15
18097,843,760,83
18098,143,130,13
18099,118,108,10
18100,175,162,13
18101,173,152,21
18102,251,219,32
18103,439,382,57
18104,1002,910,92
18105,58,51,7
18106,274,234,40
18107,375,343,32
18108,59,53,6
18109,135,120,15
18110,291,261,30
18111,289,267,22
18112,139,123,16
18113,145,128,17
18114,452,408,44
18115,147,130,17
18116,143,129,14
18117,181,157,24
18118,248,221,27
18119,646,573,73
18120,167,153,14
18121,149,127,22
18122,265,235,30
18123,122,103,19
18124,292,269,23
18125,135,115,20
18126,284,254,30
18127,117,105,12
18128,133,123,10
18129,111,98,13
18130,430,387,43
18131,199,170,29
18132,149,129,20
18133,294,250,44
18134,494,424,70
18135,1000,855,145
18136,609,523,86
18137,255,224,31
18138,623,542,81
18139,85,82,3
18140,126,104,22
18141,264,228,36
18142,166,143,23
18143,364,330,34
18144,222,195,27
18145,216,186,30
18146,435,364,71
18147,60,53,7
18148,151,141,10
18149,845,727,118
18150,189,168,21
18151,183,158,25
18152,160,144,16
18153,228,203,25
18154,147,123,24
18155,140,124,16
18156,45,39,6
18157,133,124,9
18158,554,485,69
18159,152,138,14
18160,191,173,18
18161,293,252,41
18162,204,159,45
18163,194,170,24
18164,146,126,20
18165,167,143,24
18166,164,143,21
18167,201,182,19
18168,168,156,12
18169,100,89,11
18170,90,81,9
18171,88,80,8
18172,203,190,13
18173,143,129,14
18174,154,143,11
18175,161,141,20
18176,65,58,7
18177,98,86,12
18178,98,84,14
18179,136,118,18
18180,367,334,33
18181,158,138,20
18182,148,135,13
18183,189,175,14
18184,286,255,31
18185,97,82,15
18186,348,294,54
18187,439,368,71
18188,127,107,20
18189,135,121,14
18190,110,97,13
18191,98,85,13
18192,218,200,18
18193,70,64,6
18194,58,51,7
18195,206,189,17
18196,508,450,58
18197,172,149,23
18198,110,92,18
18199,304,272,32
18200,713,637,76
18201,308,286,22
18202,557,497,60
18203,242,213,29
18204,121,115,6
18205,192,177,15
18206,186,171,15
18207,259,236,23
18208,321,293,28
18209,164,143,21
18210,56,50,6
18211,656,579,77
18212,261,228,33
18213,376,330,46
18214,203,173,30
18215,281,234,47
18216,230,209,21
18217,125,118,7
18218,132,114,18
18219,209,186,23
18220,128,114,14
18221,327,280,47
18222,277,240,37
18223,129,111,18
18224,310,267,43
18225,365,317,48
18226,306,266,40
18227,99,82,17
18228,70,61,9
18229,156,133,23
18230,236,207,29
18231,175,151,24
18232,123,119,4
18233,285,242,43
18234,32,27,5
18235,38,35,3
18236,90,72,18
18237,50,46,4
18238,102,95,7
18239,264,231,33
18240,150,134,16
18241,304,279,25
18242,63,58,5
18243,362,320,42
18244,50,47,3
18245,130,111,19
18246,53,50,3
18247,675,602,73
18248,96,83,13
18249,179,157,22
18250,134,122,12
18251,93,82,11
18252,539,464,75
18253,225,197,28
18254,48,44,4
18255,128,115,13
18256,837,767,70
18257,106,98,8
18258,139,121,18
18259,194,162,32
18260,31,29,2
18261,237,223,14
18262,242,211,31
18263,195,170,25
18264,52,44,8
18265,187,171,16
18266,166,142,24
18267,123,111,12
18268,128,119,9
18269,395,345,50
18270,178,154,24
18271,235,210,25
18272,401,346,55
18273,169,156,13
18274,243,216,27
18275,249,219,30
18276,705,616,89
18277,159,143,16
18278,463,414,49
18279,121,102,19
18280,120,111,9
18281,134,126,8
18282,592,531,61
18283,135,121,14
18284,214,190,24
18285,165,141,24
18286,225,201,24
18287,442,401,41
18288,122,109,13
18289,298,257,41
18290,196,178,18
18291,268,252,16
18292,148,132,16
18293,356,312,44
18294,94,85,9
18295,666,595,71
18296,148,136,12
18297,173,157,16
18298,196,180,16
18299,135,122,13
18300,141,122,19
18301,531,458,73
18302,318,284,34
18303,256,228,28
18304,196,179,17
18305,104,97,7
18306,234,195,39
18307,303,269,34
18308,263,242,21
18309,536,489,47
18310,169,151,18
18311,108,98,10
18312,129,114,15
18313,151,133,18
18314,144,135,9
18315,176,157,19
18316,121,109,12
18317,127,112,15
18318,324,280,44
18319,228,208,20
18320,251,215,36
18321,107,92,15
18322,240,213,27
18323,254,241,13
18324,179,170,9
18325,398,352,46
18326,373,332,41
18327,261,234,27
18328,377,345,32
18329,338,317,21
18330,553,472,81
18331,95,85,10
18332,279,244,35
18333,318,277,41
18334,283,261,22
18335,157,133,24
18336,126,112,14
18337,157,138,19
18338,116,103,13
18339,733,633,100
18340,982,885,97
18341,380,338,42
18342,135,118,17
18343,463,416,47
18344,188,173,15
18345,396,359,37
18346,405,351,54
18347,855,776,79
18348,529,483,46
18349,66,58,8
18350,127,113,14
18351,104,91,13
18352,213,190,23
18353,129,114,15
18354,127,118,9
18355,234,213,21
18356,346,275,71
18357,175,155,20
18358,160,150,10
18359,185,167,18
18360,300,248,52
18361,43,39,4
18362,55,51,4
18363,114,105,9
18364,942,833,109
18365,268,235,33
18366,132,122,10
18367,193,167,26
18368,730,643,87
18369,147,124,23
18370,145,133,12
18371,146,128,18
18372,320,282,38
18373,224,197,27
18374,130,123,7
18375,143,123,20
18376,523,448,75
18377,160,133,27
18378,167,152,15
18379,381,322,59
18380,150,130,20
18381,159,140,19
18382,147,128,19
18383,745,659,86
18384,163,151,12
18385,977,879,98
18386,146,133,13
18387,349,314,35
18388,90,80,10
18389,121,107,14
18390,180,156,24
18391,498,434,64
18392,403,346,57
18393,356,305,51
18394,385,350,35
18395,495,440,55
18396,149,135,14
18397,145,131,14
18398,105,88,17
18399,145,130,15
18400,311,255,56
18401,90,81,9
18402,116,100,16
18403,377,341,36
18404,125,113,12
18405,315,276,39
18406,305,258,47
18407,169,151,18
18408,285,244,41
18409,180,162,18
18410,295,269,26
18411,145,131,14
18412,588,526,62
18413,109,95,14
18414,99,87,12
18415,147,132,15
18416,200,173,27
18417,198,178,20
18418,197,184,13
18419,341,299,42
18420,126,116,10
18421,150,139,11
18422,101,88,13
18423,61,54,7
18424,338,301,37
18425,111,102,9
18426,258,227,31
18427,149,130,19
18428,217,190,27
18429,137,114,23
18430,139,123,16
18431,140,130,10
18432,47,42,5
18433,1005,872,133
18434,308,248,60
18435,137,117,20
18436,192,172,20
18437,452,407,45
18438,173,152,21
18439,135,124,11
18440,151,134,17
18441,228,210,18
18442,252,222,30
18443,278,247,31
18444,587,518,69
18445,321,292,29
18446,131,120,11
18447,173,147,26
18448,150,138,12
18449,563,499,64
18450,184,163,21
18451,205,179,26
18452,625,547,78
18453,117,102,15
18454,160,145,15
18455,240,213,27
18456,185,172,13
18457,300,248,52
18458,113,93,20
18459,112,98,14
18460,184,170,14
18461,132,119,13
18462,146,137,9
18463,92,85,7
18464,122,113,9
18465,93,87,6
18466,182,164,18
18467,118,98,20
18468,64,53,11
18469,54,47,7
18470,93,84,9
18471,683,588,95
18472,189,171,18
18473,132,117,15
18474,175,153,22
18475,102,96,6
18476,119,105,14
18477,1028,885,143
18478,83,73,10
18479,125,110,15
18480,202,179,23
18481,137,120,17
18482,399,367,32
18483,162,143,19
18484,138,129,9
18485,247,215,32
18486,134,121,13
18487,95,83,12
18488,298,264,34
18489,231,218,13
18490,168,147,21
18491,125,114,11
18492,143,129,14
18493,717,643,74
18494,612,540,72
18495,170,152,18
18496,182,167,15
18497,150,138,12
18498,169,150,19
18499,308,282,26
18500,416,370,46
18501,213,192,21
18502,618,556,62
18503,386,342,44
18504,266,248,18
18505,317,293,24
18506,177,163,14
18507,440,390,50
18508,211,193,18
18509,156,132,24
18510,170,155,15
18511,136,119,17
18512,102,90,12
18513,180,158,22
18514,256,232,24
18515,298,265,33
18516,61,54,7
18517,142,130,12
18518,137,119,18
18519,143,134,9
18520,168,146,22
18521,536,479,57
18522,212,194,18
18523,323,293,30
18524,389,341,48
18525,289,262,27
18526,146,134,12
18527,159,140,19
18528,257,233,24
18529,167,152,15
18530,392,342,50
18531,132,118,14
18532,735,642,93
18533,363,329,34
18534,467,412,55
18535,335,304,31
18536,170,153,17
18537,463,397,66
18538,136,119,17
18539,183,158,25
18540,178,153,25
18541,226,204,22
18542,160,140,20
18543,331,294,37
18544,205,177,28
18545,155,135,20
18546,77,71,6
18547,591,503,88
18548,202,181,21
18549,282,247,35
18550,152,136,16
18551,158,132,26
18552,470,400,70
18553,72,63,9
18554,375,334,41
18555,270,234,36
18556,38,32,6
18557,46,38,8
18558,302,267,35
18559,251,212,39
18560,484,360,124
18561,89,74,15
18562,144,123,21
18563,661,602,59
18564,154,138,16
18565,167,140,27
18566,151,135,16
18567,106,94,12
18568,108,94,14
18569,138,124,14
18570,168,147,21
18571,130,117,13
18572,729,654,75
18573,428,382,46
18574,116,103,13
18575,207,175,32
18576,163,151,12
18577,271,247,24
18578,96,82,14
18579,129,113,16
18580,176,153,23
18581,32,24,8
18582,228,201,27
18583,166,146,20
18584,370,327,43
18585,122,112,10
18586,136,124,12
18587,173,147,26
18588,263,230,33
18589,196,180,16
18590,247,218,29
18591,160,146,14
18592,96,89,7
18593,150,133,17
18594,432,379,53
18595,314,273,41
18596,169,140,29
18597,167,157,10
18598,126,115,11
18599,142,128,14
18600,145,133,12
18601,142,124,18
18602,150,139,11
18603,204,179,25
18604,513,459,54
18605,134,123,11
18606,136,118,18
18607,402,348,54
18608,156,141,15
18609,419,376,43
18610,344,307,37
18611,82,78,4
18612,72,63,9
18613,125,114,11
18614,178,159,19
18615,114,105,9
18616,665,588,77
18617,178,159,19
18618,164,141,23
18619,322,275,47
18620,240,219,21
18621,280,255,25
18622,164,152,12
18623,205,193,12
18624,150,132,18
18625,119,100,19
18626,146,130,16
18627,115,100,15
18628,358,312,46
18629,164,143,21
18630,219,198,21
18631,214,185,29
18632,246,215,31
18633,160,133,27
18634,211,192,19
18635,340,294,46
18636,244,209,35
18637,122,110,12
18638,181,170,11
18639,608,550,58
18640,348,301,47
18641,175,151,24
18642,201,172,29
18643,68,56,12
18644,101,85,16
18645,385,333,52
18646,165,135,30
18647,244,200,44
18648,197,182,15
18649,169,155,14
18650,339,306,33
18651,135,119,16
18652,45,41,4
18653,136,117,19
18654,63,55,8
18655,367,315,52
18656,37,33,4
18657,168,150,18
18658,185,154,31
18659,538,481,57
18660,130,115,15
18661,188,173,15
18662,164,152,12
18663,89,80,9
18664,125,109,16
18665,118,104,14
18666,268,224,44
18667,65,53,12
18668,156,143,13
18669,582,525,57
18670,230,200,30
18671,293,253,40
18672,434,372,62
18673,148,135,13
18674,129,111,18
18675,46,39,7
18676,169,152,17
18677,47,43,4
18678,265,236,29
18679,249,232,17
18680,112,100,12
18681,212,186,26
18682,631,569,62
18683,450,402,48
18684,552,484,68
18685,123,112,11
18686,177,160,17
18687,210,182,28
18688,263,223,40
18689,214,190,24
18690,120,112,8
18691,169,150,19
18692,127,110,17
18693,201,175,26
18694,195,173,22
18695,489,427,62
18696,80,71,9
18697,258,242,16
18698,274,247,27
18699,225,201,24
18700,186,155,31
18701,173,160,13
18702,123,104,19
18703,141,126,15
18704,384,327,57
18705,254,220,34
18706,218,195,23
18707,257,227,30
18708,167,142,25
18709,142,127,15
18710,61,57,4
18711,256,223,33
18712,138,129,9
18713,141,118,23
18714,491,426,65
18715,132,115,17
18716,144,125,19
18717,373,331,42
18718,138,119,19
18719,183,168,15
18720,152,128,24
18721,1025,899,126
18722,498,452,46
18723,130,114,16
18724,291,267,24
18725,156,138,18
18726,207,190,17
18727,124,115,9
18728,236,209,27
18729,259,224,35
18730,394,361,33
18731,659,593,66
18732,202,181,21
18733,102,87,15
18734,126,115,11
18735,181,152,29
18736,134,116,18
18737,115,103,12
18738,140,125,15
18739,547,478,69
18740,240,213,27
18741,117,103,14
18742,353,301,52
18743,981,846,135
18744,386,345,41
18745,132,115,17
18746,264,238,26
18747,358,298,60
18748,232,203,29
18749,146,129,17
18750,135,109,26
18751,632,548,84
18752,237,208,29
18753,152,133,19
18754,128,112,16
18755,142,126,16
18756,270,245,25
18757,272,224,48
18758,67,58,9
18759,327,288,39
18760,523,477,46
18761,168,155,13
18762,779,715,64
18763,130,122,8
18764,63,58,5
18765,563,500,63
18766,182,160,22
18767,328,287,41
18768,119,104,15
18769,310,282,28
18770,119,111,8
18771,276,241,35
18772,121,108,13
18773,136,116,20
18774,146,130,16
18775,155,136,19
18776,149,132,17
18777,242,207,35
18778,71,64,7
18779,137,120,17
18780,357,327,30
18781,144,135,9
18782,613,545,68
18783,173,155,18
18784,194,166,28
18785,774,685,89
18786,386,334,52
18787,134,121,13
18788,263,222,41
18789,60,49,11
18790,301,250,51
18791,57,51,6
18792,79,63,16
18793,176,160,16
18794,187,161,26
18795,164,143,21
18796,236,206,30
18797,628,545,83
18798,381,347,34
18799,284,253,31
18800,149,129,20
18801,257,219,38
18802,169,147,22
18803,121,104,17
18804,177,162,15
18805,193,177,16
18806,37,34,3
18807,632,572,60
18808,99,90,9
18809,104,93,11
18810,119,115,4
18811,181,157,24
18812,196,173,23
18813,172,153,19
18814,176,160,16
18815,276,248,28
18816,136,118,18
18817,77,66,11
18818,166,148,18
18819,103,93,10
18820,224,189,35
18821,194,171,23
18822,350,301,49
18823,139,118,21
18824,154,138,16
18825,663,606,57
18826,263,229,34
18827,157,138,19
18828,451,393,58
18829,234,201,33
18830,322,278,44
18831,114,99,15
18832,332,287,45
18833,149,131,18
18834,149,140,9
18835,297,265,32
18836,212,193,19
18837,378,337,41
18838,318,280,38
18839,576,523,53
18840,754,653,101
18841,129,117,12
18842,172,157,15
18843,206,184,22
18844,119,108,11
18845,161,139,22
18846,149,132,17
18847,405,355,50
18848,38,36,2
18849,96,85,11
18850,38,35,3
18851,157,143,14
18852,261,241,20
18853,573,526,47
18854,332,295,37
18855,173,150,23
18856,103,99,4
18857,578,502,76
18858,134,119,15
18859,89,81,8
18860,130,115,15
18861,289,253,36
18862,197,166,31
18863,252,216,36
18864,179,172,7
18865,112,99,13
18866,449,416,33
18867,301,261,40
18868,216,177,39
18869,164,151,13
18870,352,307,45
18871,167,154,13
18872,237,212,25
18873,446,407,39
18874,42,41,1
18875,403,370,33
18876,146,136,10
18877,404,350,54
18878,191,180,11
18879,486,443,43
18880,1030,909,121
18881,1082,975,107
18882,766,676,90
18883,332,295,37
18884,150,134,16
18885,553,484,69
18886,138,121,17
18887,216,196,20
18888,159,136,23
18889,180,167,13
18890,129,116,13
18891,448,386,62
18892,268,247,21
18893,179,156,23
18894,299,259,40
18895,140,129,11
18896,245,218,27
18897,225,207,18
18898,388,335,53
18899,128,113,15
18900,129,109,20
18901,120,99,21
18902,133,117,16
18903,164,148,16
18904,901,791,110
18905,315,263,52
18906,237,217,20
18907,140,127,13
18908,358,318,40
18909,267,241,26
18910,94,86,8
18911,131,112,19
18912,114,97,17
18913,172,156,16
18914,249,227,22
18915,472,409,63
18916,253,218,35
18917,302,259,43
18918,557,487,70
18919,161,138,23
18920,127,118,9
18921,172,149,23
18922,104,91,13
18923,163,139,24
18924,260,228,32
18925,469,414,55
18926,143,128,15
18927,128,115,13
18928,141,125,16
18929,151,137,14
18930,128,106,22
18931,172,155,17
18932,190,166,24
18933,111,97,14
18934,760,665,95
18935,505,457,48
18936,136,120,16
18937,159,144,15
18938,215,182,33
18939,361,317,44
18940,237,214,23
18941,143,129,14
18942,126,108,18
18943,189,165,24
18944,269,246,23
18945,369,327,42
18946,749,658,91
18947,146,131,15
18948,166,138,28
18949,231,202,29
18950,164,150,14
18951,336,309,27
18952,179,170,9
18953,162,150,12
18954,446,390,56
18955,186,153,33
18956,61,57,4
18957,211,184,27
18958,344,299,45
18959,659,598,61
18960,419,376,43
18961,798,716,82
18962,179,157,22
18963,165,143,22
18964,167,148,19
18965,107,95,12
18966,255,208,47
18967,217,187,30
18968,115,107,8
18969,997,887,110
18970,257,233,24
18971,329,286,43
18972,184,168,16
18973,402,346,56
18974,154,136,18
18975,258,236,22
18976,168,156,12
18977,201,172,29
18978,342,304,38
18979,132,119,13
18980,133,117,16
18981,588,517,71
18982,113,97,16
18983,69,60,9
18984,879,780,99
18985,154,136,18
18986,138,122,16
18987,212,198,14
18988,131,117,14
18989,601,538,63
18990,222,188,34
18991,409,362,47
18992,413,378,35
18993,50,44,6
18994,181,162,19
18995,294,250,44
18996,269,242,27
18997,252,222,30
18998,175,163,12
18999,365,319,46
19000,141,126,15
19001,796,696,100
19002,242,212,30
19003,270,246,24
19004,143,128,15
19005,327,289,38
19006,500,444,56
19007,333,287,46
19008,143,130,13
19009,536,468,68
19010,128,119,9
19011,149,132,17
19012,194,173,21
19013,84,75,9
19014,153,137,16
19015,355,310,45
19016,145,132,13
19017,179,163,16
19018,430,370,60
19019,975,837,138
19020,441,404,37
19021,135,129,6
19022,41,37,4
19023,230,212,18
19024,280,251,29
19025,261,227,34
19026,180,163,17
19027,100,92,8
19028,432,391,41
19029,27,24,3
19030,141,123,18
19031,139,129,10
19032,132,117,15
19033,276,248,28
19034,142,126,16
19035,131,117,14
19036,636,578,58
19037,188,165,23
19038,489,428,61
19039,225,205,20
19040,221,195,26
19041,731,647,84
19042,144,128,16
19043,161,143,18
19044,330,284,46
19045,346,309,37
19046,162,149,13
19047,124,114,10
19048,177,155,22
19049,132,115,17
19050,104,97,7
19051,129,120,9
19052,119,110,9
19053,153,134,19
19054,143,126,17
19055,248,213,35
19056,93,83,10
19057,155,135,20
19058,157,142,15
19059,206,181,25
19060,370,324,46
19061,55,49,6
19062,253,226,27
19063,325,280,45
19064,332,294,38
19065,330,293,37
19066,261,230,31
19067,165,138,27
19068,246,227,19
19069,163,142,21
19070,123,110,13
19071,191,164,27
19072,109,101,8
19073,130,115,15
19074,179,147,32
19075,188,162,26
19076,199,177,22
19077,373,330,43
19078,45,40,5
19079,93,83,10
19080,244,215,29
19081,152,134,18
19082,343,294,49
19083,635,571,64
19084,183,164,19
19085,63,59,4
19086,117,102,15
19087,151,138,13
19088,327,292,35
19089,238,218,20
19090,95,87,8
19091,240,210,30
19092,135,121,14
19093,185,160,25
19094,89,79,10
19095,390,348,42
19096,315,280,35
19097,150,135,15
19098,365,318,47
19099,288,264,24
19100,124,108,16
19101,107,91,16
19102,225,200,25
19103,254,230,24
19104,282,243,39
19105,129,115,14
19106,124,112,12
19107,144,134,10
19108,161,148,13
19109,203,175,28
19110,138,126,12
19111,264,244,20
19112,244,218,26
19113,371,335,36
19114,144,133,11
19115,109,98,11
19116,172,141,31
19117,161,144,17
19118,120,111,9
19119,268,242,26
19120,795,706,89
19121,169,157,12
19122,241,217,24
19123,166,149,17
19124,226,214,12
19125,430,386,44
19126,193,170,23
19127,271,250,21
19128,171,152,19
19129,152,139,13
19130,759,654,105
19131,109,100,9
19132,63,55,8
19133,192,158,34
19134,159,146,13
19135,204,168,36
19136,519,441,78
19137,128,114,14
19138,362,302,60
19139,168,153,15
19140,365,320,45
19141,623,556,67
19142,134,118,16
19143,139,124,15
19144,497,431,66
19145,132,113,19
19146,350,315,35
19147,284,257,27
19148,248,225,23
19149,457,393,64
19150,327,290,37
19151,191,154,37
19152,280,245,35
19153,544,460,84
19154,660,600,60
19155,242,221,21
19156,124,113,11
19157,260,225,35
19158,162,148,14
19159,88,80,8
19160,251,230,21
19161,876,806,70
19162,125,114,11
19163,614,553,61
19164,259,236,23
19165,797,709,88
19166,185,164,21
19167,134,118,16
19168,101,97,4
19169,121,109,12
19170,194,175,19
19171,154,137,17
19172,146,129,17
19173,282,247,35
19174,495,435,60
19175,207,182,25
19176,167,140,27
19177,317,279,38
19178,447,388,59
19179,165,147,18
19180,248,223,25
19181,231,202,29
19182,170,150,20
19183,138,123,15
19184,200,180,20
19185,171,152,19
19186,130,117,13
19187,204,176,28
19188,143,132,11
19189,177,161,16
19190,147,130,17
19191,118,106,12
19192,397,367,30
19193,132,114,18
19194,239,199,40
19195,141,128,13
19196,130,123,7
19197,126,110,16
19198,147,133,14
19199,169,153,16
19200,200,176,24
19201,227,197,30
19202,88,82,6
19203,107,92,15
19204,536,480,56
19205,99,87,12
19206,60,57,3
19207,229,199,30
19208,309,271,38
19209,190,172,18
19210,212,200,12
19211,259,229,30
19212,170,156,14
19213,485,426,59
19214,255,230,25
19215,229,196,33
19216,198,178,20
19217,263,227,36
19218,540,459,81
19219,144,135,9
19220,495,436,59
19221,649,576,73
19222,241,215,26
19223,99,83,16
19224,142,129,13
19225,155,136,19
19226,172,151,21
19227,231,208,23
19228,375,327,48
19229,114,102,12
19230,282,232,50
19231,434,381,53
19232,504,451,53
19233,434,373,61
19234,364,307,57
19235,149,128,21
19236,384,345,39
19237,420,377,43
19238,333,305,28
19239,186,161,25
19240,116,105,11
19241,153,138,15
19242,228,200,28
19243,194,172,22
19244,417,365,52
19245,127,104,23
19246,55,45,10
19247,167,153,14
19248,108,94,14
19249,116,108,8
19250,159,143,16
19251,164,147,17
19252,238,198,40
19253,203,178,25
19254,526,450,76
19255,251,234,17
19256,278,255,23
19257,248,224,24
19258,137,126,11
19259,160,139,21
19260,107,88,19
19261,253,227,26
19262,316,280,36
19263,140,124,16
19264,157,142,15
19265,277,244,33
19266,115,102,13
19267,132,117,15
19268,159,146,13
19269,264,239,25
19270,155,143,12
19271,126,115,11
19272,429,386,43
19273,295,266,29
19274,604,547,57
19275,248,229,19
19276,219,196,23
19277,159,141,18
19278,222,204,18
19279,352,321,31
19280,240,218,22
19281,691,619,72
19282,524,460,64
19283,232,202,30
19284,247,225,22
19285,219,202,17
19286,227,199,28
19287,110,96,14
19288,168,147,21
19289,216,186,30
19290,136,120,16
19291,75,68,7
19292,41,33,8
19293,74,71,3
19294,50,43,7
19295,215,194,21
19296,72,71,1
19297,110,102,8
19298,191,169,22
19299,92,82,10
19300,56,49,7
19301,107,92,15
19302,71,64,7
19303,169,150,19
19304,277,253,24
19305,178,165,13
19306,119,109,10
19307,131,116,15
19308,140,119,21
19309,127,110,17
19310,139,119,20
19311,298,278,20
19312,316,285,31
19313,187,170,17
19314,246,207,39
19315,172,154,18
19316,256,223,33
19317,135,128,7
19318,166,148,18
19319,500,448,52
19320,139,129,10
19321,208,188,20
19322,408,362,46
19323,132,123,9
19324,228,203,25
19325,140,126,14
19326,101,95,6
19327,146,138,8
19328,216,193,23
19329,369,325,44
19330,126,108,18
19331,181,170,11
19332,349,291,58
19333,335,297,38
19334,564,488,76
19335,601,525,76
19336,138,118,20
19337,211,178,33
19338,162,143,19
19339,78,71,7
19340,369,335,34
19341,173,153,20
19342,112,98,14
19343,197,179,18
19344,324,292,32
19345,315,279,36
19346,271,245,26
19347,48,45,3
19348,133,118,15
19349,203,172,31
19350,365,326,39
19351,213,187,26
19352,100,85,15
19353,236,210,26
19354,100,89,11
19355,322,275,47
19356,149,130,19
19357,395,357,38
19358,186,170,16
19359,216,193,23
19360,99,88,11
19361,127,115,12
19362,130,118,12
19363,124,110,14
19364,316,281,35
19365,148,132,16
19366,56,50,6
19367,135,118,17
19368,471,399,72
19369,159,148,11
19370,498,448,50
19371,240,220,20
19372,122,107,15
19373,161,146,15
19374,157,133,24
19375,249,225,24
19376,118,104,14
19377,127,111,16
19378,199,178,21
19379,217,192,25
19380,132,114,18
19381,401,351,50
19382,131,115,16
19383,111,98,13
19384,422,360,62
19385,195,166,29
19386,978,873,105
19387,77,71,6
19388,497,437,60
19389,307,274,33
19390,151,140,11
19391,127,115,12
19392,212,198,14
19393,167,143,24
19394,253,225,28
19395,271,236,35
19396,156,140,16
19397,599,557,42
19398,31,28,3
19399,699,632,67
19400,156,144,12
19401,125,113,12
19402,227,198,29
19403,126,107,19
19404,131,118,13
19405,142,121,21
19406,337,305,32
19407,129,113,16
19408,362,316,46
19409,77,69,8
19410,106,98,8
19411,221,189,32
19412,141,122,19
19413,106,93,13
19414,169,150,19
19415,234,206,28
19416,796,674,122
19417,156,129,27
19418,178,162,16
19419,244,216,28
19420,162,148,14
19421,242,223,19
19422,393,340,53
19423,452,387,65
19424,112,101,11
19425,83,73,10
19426,295,259,36
19427,323,283,40
19428,309,273,36
19429,346,291,55
19430,270,244,26
19431,72,67,5
19432,128,119,9
19433,107,101,6
19434,126,120,6
19435,175,157,18
19436,162,151,11
19437,120,103,17
19438,129,114,15
19439,149,130,19
19440,138,123,15
19441,129,119,10
19442,333,304,29
19443,122,107,15
19444,74,64,10
19445,119,115,4
19446,228,207,21
19447,68,59,9
19448,96,86,10
19449,151,141,10
19450,112,97,15
19451,240,212,28
19452,137,125,12
19453,137,125,12
19454,121,111,10
19455,270,246,24
19456,70,69,1
19457,126,109,17
19458,279,251,28
19459,234,219,15
19460,220,207,13
19461,170,155,15
19462,226,198,28
19463,163,142,21
19464,158,146,12
19465,82,77,5
19466,742,667,75
19467,138,129,9
19468,81,70,11
19469,140,122,18
19470,314,277,37
19471,216,179,37
19472,434,383,51
19473,370,321,49
19474,432,352,80
19475,677,578,99
19476,147,126,21
19477,157,132,25
19478,300,264,36
19479,261,224,37
19480,162,142,20
19481,73,63,10
19482,116,106,10
19483,272,235,37
19484,282,251,31
19485,251,226,25
19486,43,36,7
19487,130,111,19
19488,107,97,10
19489,137,125,12
19490,294,257,37
19491,154,147,7
19492,237,206,31
19493,177,165,12
19494,213,191,22
19495,152,137,15
19496,562,504,58
19497,389,338,51
19498,189,171,18
19499,293,254,39
19500,71,68,3
19501,248,230,18
19502,191,163,28
19503,428,393,35
19504,105,96,9
19505,283,248,35
19506,247,216,31
19507,102,87,15
19508,153,137,16
19509,170,151,19
19510,280,254,26
19511,179,152,27
19512,240,196,44
19513,189,163,26
19514,154,131,23
19515,181,164,17
19516,67,62,5
19517,156,133,23
19518,130,115,15
19519,310,278,32
19520,527,470,57
19521,128,110,18
19522,155,136,19
19523,323,278,45
19524,414,363,51
19525,319,279,40
19526,152,132,20
19527,131,118,13
19528,586,475,111
19529,152,133,19
19530,123,114,9
19531,479,409,70
19532,359,320,39
19533,282,241,41
19534,335,302,33
19535,74,62,12
19536,206,185,21
19537,157,140,17
19538,115,100,15
19539,99,86,13
19540,189,157,32
19541,116,99,17
19542,122,97,25
19543,122,109,13
19544,196,171,25
19545,167,145,22
19546,221,182,39
19547,143,128,15
19548,199,175,24
19549,165,146,19
19550,278,242,36
19551,376,329,47
19552,249,209,40
19553,500,448,52
19554,149,128,21
19555,183,162,21
19556,130,116,14
19557,164,148,16
19558,153,127,26
19559,79,69,10
19560,148,133,15
19561,151,137,14
19562,210,180,30
19563,215,190,25
19564,173,159,14
19565,224,205,19
19566,153,138,15
19567,468,426,42
19568,144,127,17
19569,236,211,25
19570,51,47,4
19571,73,65,8
19572,182,149,33
19573,158,145,13
19574,244,213,31
19575,378,333,45
19576,483,436,47
19577,155,134,21
19578,335,307,28
19579,125,116,9
19580,672,609,63
19581,612,555,57
19582,790,707,83
19583,290,264,26
19584,121,112,9
19585,276,236,40
19586,245,208,37
19587,85,77,8
19588,359,304,55
19589,355,316,39
19590,154,129,25
19591,505,457,48
19592,222,193,29
19593,125,105,20
19594,120,105,15
19595,167,152,15
19596,1005,876,129
19597,504,462,42
19598,146,132,14
19599,141,124,17
19600,170,144,26
19601,281,253,28
19602,143,121,22
19603,177,161,16
19604,569,510,59
19605,51,47,4
19606,96,83,13
19607,300,271,29
19608,146,128,18
19609,225,199,26
19610,141,122,19
19611,168,143,25
19612,221,190,31
19613,53,45,8
19614,31,28,3
19615,66,62,4
19616,58,53,5
19617,135,116,19
19618,101,92,9
19619,84,76,8
19620,147,131,16
19621,272,238,34
19622,505,447,58
19623,116,108,8
19624,282,244,38
19625,704,639,65
19626,158,140,18
19627,84,69,15
19628,151,142,9
19629,146,133,13
19630,345,305,40
19631,208,189,19
19632,247,212,35
19633,166,155,11
19634,167,151,16
19635,184,169,15
19636,198,177,21
19637,419,369,50
19638,579,523,56
19639,158,139,19
19640,172,155,17
19641,193,180,13
19642,220,196,24
19643,235,204,31
19644,115,104,11
19645,220,195,25
19646,198,176,22
19647,197,172,25
19648,99,90,9
19649,361,307,54
19650,180,154,26
19651,218,191,27
19652,142,129,13
19653,176,156,20
19654,201,167,34
19655,470,415,55
19656,305,275,30
19657,311,281,30
19658,253,221,32
19659,181,164,17
19660,245,215,30
19661,115,98,17
19662,125,98,27
19663,109,100,9
19664,271,240,31
19665,165,147,18
19666,156,140,16
19667,150,137,13
19668,217,198,19
19669,279,252,27
19670,296,268,28
19671,116,100,16
19672,111,102,9
19673,228,192,36
19674,118,102,16
19675,180,163,17
19676,95,86,9
19677,130,113,17
19678,179,157,22
19679,451,405,46
19680,330,305,25
19681,416,371,45
19682,208,186,22
19683,141,126,15
19684,338,301,37
19685,305,274,31
19686,180,163,17
19687,388,343,45
19688,142,129,13
19689,313,288,25
19690,85,79,6
19691,67,61,6
19692,86,78,8
19693,39,35,4
19694,155,131,24
19695,121,106,15
19696,248,233,15
19697,154,146,8
19698,111,101,10
19699,151,136,15
19700,139,121,18
19701,54,49,5
19702,155,139,16
19703,425,394,31
19704,130,116,14
19705,230,209,21
19706,154,142,12
19707,124,105,19
19708,149,137,12
19709,319,275,44
19710,142,128,14
19711,133,115,18
19712,342,311,31
19713,199,188,11
19714,153,127,26
19715,497,439,58
19716,130,116,14
19717,341,316,25
19718,69,62,7
19719,248,228,20
19720,137,125,12
19721,183,155,28
19722,181,166,15
19723,187,168,19
19724,113,103,10
19725,163,151,12
19726,807,724,83
19727,130,121,9
19728,49,47,2
19729,145,128,17
19730,133,114,19
19731,117,114,3
19732,126,110,16
19733,143,134,9
19734,137,123,14
19735,192,179,13
19736,198,186,12
19737,670,608,62
19738,58,50,8
19739,64,57,7
19740,59,50,9
19741,59,51,8
19742,38,32,6
19743,120,102,18
19744,51,48,3
19745,404,362,42
19746,118,99,19
19747,146,133,13
19748,125,115,10
19749,396,347,49
19750,366,330,36
19751,128,109,19
19752,302,268,34
19753,168,156,12
19754,126,104,22
19755,191,165,26
19756,58,54,4
19757,250,227,23
19758,521,464,57
19759,475,424,51
19760,343,289,54
19761,189,174,15
19762,186,156,30
19763,150,128,22
19764,874,767,107
19765,181,159,22
19766,200,179,21
19767,400,348,52
19768,184,156,28
19769,212,192,20
19770,51,40,11
19771,185,163,22
19772,299,268,31
19773,289,262,27
19774,196,177,19
19775,119,112,7
19776,175,158,17
19777,120,102,18
19778,169,145,24
19779,230,197,33
19780,111,86,25
19781,415,368,47
19782,518,458,60
19783,1001,875,126
19784,130,112,18
19785,327,288,39
19786,165,152,13
19787,145,133,12
19788,157,144,13
19789,155,142,13
19790,130,109,21
19791,204,187,17
19792,601,533,68
19793,225,198,27
19794,127,112,15
19795,120,108,12
19796,248,223,25
19797,78,67,11
19798,82,72,10
19799,200,179,21
19800,136,120,16
19801,520,459,61
19802,137,118,19
19803,119,103,16
19804,135,118,17
19805,180,154,26
19806,90,77,13
19807,17,13,4
19808,237,210,27
19809,78,65,13
19810,190,166,24
19811,134,122,12
19812,27,26,1
19813,291,268,23
19814,194,165,29
19815,259,229,30
19816,201,169,32
19817,61,59,2
19818,259,237,22
19819,170,155,15
19820,68,60,8
19821,573,508,65
19822,156,144,12
19823,119,110,9
19824,162,149,13
19825,40,38,2
19826,168,146,22
19827,92,86,6
19828,220,190,30
19829,840,739,101
19830,162,141,21
19831,116,102,14
19832,151,137,14
19833,382,349,33
19834,139,118,21
19835,230,211,19
19836,215,190,25
19837,291,263,28
19838,127,112,15
19839,113,101,12
19840,355,323,32
19841,215,193,22
19842,437,372,65
19843,286,251,35
19844,158,129,29
19845,159,143,16
19846,103,94,9
19847,131,120,11
19848,137,125,12
19849,216,191,25
19850,402,355,47
19851,120,107,13
19852,301,267,34
19853,261,229,32
19854,550,482,68
19855,196,179,17
19856,151,132,19
19857,143,124,19
19858,173,163,10
19859,267,230,37
19860,413,369,44
19861,886,790,96
19862,741,680,61
19863,260,225,35
19864,239,211,28
19865,716,612,104
19866,296,258,38
19867,280,239,41
19868,269,242,27
19869,353,318,35
19870,130,117,13
19871,130,125,5
19872,200,178,22
19873,101,94,7
19874,354,324,30
19875,175,157,18
19876,116,103,13
19877,207,179,28
19878,185,160,25
19879,808,703,105
19880,74,61,13
19881,279,245,34
19882,200,169,31
19883,207,188,19
19884,119,102,17
19885,521,463,58
19886,400,342,58
19887,1007,877,130
19888,371,324,47
19889,111,97,14
19890,76,69,7
19891,123,109,14
19892,207,177,30
19893,323,297,26
19894,196,177,19
19895,133,120,13
19896,157,137,20
19897,769,702,67
19898,189,165,24
19899,218,190,28
19900,46,44,2
19901,403,357,46
19902,184,149,35
19903,231,196,35
19904,141,122,19
19905,109,95,14
19906,283,238,45
19907,187,160,27
19908,321,271,50
19909,185,162,23
19910,134,122,12
19911,155,127,28
19912,319,297,22
19913,276,249,27
19914,420,368,52
19915,178,163,15
19916,143,130,13
19917,258,220,38
19918,165,150,15
19919,828,742,86
19920,258,213,45
19921,133,107,26
19922,363,306,57
19923,156,129,27
19924,255,231,24
19925,572,494,78
19926,142,127,15
19927,311,278,33
19928,319,287,32
19929,155,134,21
19930,693,597,96
19931,513,451,62
19932,169,153,16
19933,133,122,11
19934,178,158,20
19935,50,47,3
19936,84,71,13
19937,430,370,60
19938,162,139,23
19939,116,103,13
19940,170,145,25
19941,169,147,22
19942,490,446,44
19943,365,333,32
19944,218,192,26
19945,283,247,36
19946,140,131,9
19947,132,115,17
19948,221,195,26
19949,307,280,27
19950,234,197,37
19951,370,334,36
19952,200,177,23
19953,198,174,24
19954,93,87,6
19955,271,230,41
19956,156,140,16
19957,151,131,20
19958,171,153,18
19959,40,37,3
19960,225,195,30
19961,54,47,7
19962,130,114,16
19963,104,90,14
19964,87,76,11
19965,160,142,18
19966,135,117,18
19967,330,297,33
19968,882,768,114
19969,984,856,128
19970,151,128,23
19971,678,611,67
19972,343,301,42
19973,245,210,35
19974,125,112,13
19975,215,187,28
19976,151,134,17
19977,118,106,12
19978,125,114,11
19979,392,348,44
19980,300,270,30
19981,136,112,24
19982,278,237,41
19983,249,216,33
19984,417,356,61
19985,175,155,20
19986,138,123,15
19987,456,410,46
19988,142,122,20
19989,133,123,10
19990,357,323,34
19991,34,31,3
19992,96,87,9
19993,37,33,4
19994,53,51,2
19995,45,41,4
19996,59,52,7
19997,239,209,30
19998,221,197,24
19999,121,106,15
20000,378,323,55
20001,125,114,11
20002,201,176,25
20003,130,117,13
20004,278,255,23
20005,191,163,28
20006,102,96,6
20007,101,92,9
20008,261,234,27
20009,111,98,13
20010,231,193,38
20011,175,156,19
20012,216,198,18
20013,321,280,41
20014,638,549,89
20015,136,124,12
20016,200,174,26
20017,600,523,77
20018,355,312,43
20019,205,189,16
20020,175,150,25
20021,131,121,10
20022,162,143,19
20023,174,156,18
20024,134,118,16
20025,433,377,56
20026,350,314,36
20027,252,225,27
20028,206,182,24
20029,239,216,23
20030,138,124,14
20031,405,348,57
20032,93,83,10
20033,305,268,37
20034,196,154,42
20035,168,146,22
20036,202,180,22
20037,205,181,24
20038,239,214,25
20039,256,234,22
20040,118,107,11
20041,615,522,93
20042,231,191,40
20043,153,142,11
20044,272,241,31
20045,276,237,39
20046,514,444,70
20047,138,129,9
20048,316,275,41
20049,409,367,42
20050,254,214,40
20051,224,198,26
20052,472,401,71
20053,485,425,60
20054,139,124,15
20055,298,265,33
20056,122,113,9
20057,225,210,15
20058,78,71,7
20059,366,307,59
20060,153,138,15
20061,714,603,111
20062,182,170,12
20063,137,127,10
20064,121,107,14
20065,247,225,22
20066,82,65,17
20067,134,117,17
20068,94,83,11
20069,79,71,8
20070,52,45,7
20071,505,435,70
20072,71,59,12
20073,295,262,33
20074,230,199,31
20075,128,118,10
20076,287,254,33
20077,102,95,7
20078,40,39,1
20079,138,116,22
20080,419,368,51
20081,155,139,16
20082,846,740,106
20083,265,239,26
20084,135,123,12
20085,90,79,11
20086,221,201,20
20087,260,228,32
20088,182,167,15
20089,117,96,21
20090,200,172,28
20091,460,410,50
20092,93,85,8
20093,132,111,21
20094,235,208,27
20095,282,254,28
20096,119,108,11
20097,244,217,27
20098,387,331,56
20099,195,169,26
20100,615,522,93
20101,453,393,60
20102,298,273,25
20103,500,447,53
20104,89,83,6
20105,725,641,84
20106,135,124,11
20107,111,103,8
20108,390,351,39
20109,354,320,34
20110,145,132,13
20111,107,93,14
20112,117,103,14
20113,135,119,16
20114,45,43,2
20115,177,155,22
20116,148,127,21
20117,349,324,25
20118,557,497,60
20119,273,252,21
20120,530,466,64
20121,456,387,69
20122,107,94,13
20123,114,97,17
20124,202,180,22
20125,162,138,24
20126,823,690,133
20127,304,272,32
20128,123,109,14
20129,242,215,27
20130,271,243,28
20131,359,320,39
20132,325,288,37
20133,398,344,54
20134,258,230,28
20135,239,217,22
20136,121,106,15
20137,253,222,31
20138,651,583,68
20139,143,133,10
20140,134,122,12
20141,176,155,21
20142,197,178,19
20143,176,157,19
20144,126,111,15
20145,151,137,14
20146,178,155,23
20147,430,379,51
20148,266,231,35
20149,154,139,15
20150,179,152,27
20151,283,247,36
20152,257,233,24
20153,181,159,22
20154,244,221,23
20155,165,138,27
20156,178,163,15
20157,169,152,17
20158,164,141,23
20159,240,209,31
20160,121,99,22
20161,151,132,19
20162,345,307,38
20163,229,194,35
20164,392,354,38
20165,140,127,13
20166,118,106,12
20167,125,118,7
20168,130,116,14
20169,146,129,17
20170,263,223,40
20171,130,114,16
20172,175,151,24
20173,224,194,30
20174,209,178,31
20175,126,112,14
20176,272,235,37
20177,180,153,27
20178,152,132,20
20179,234,200,34
20180,193,171,22
20181,202,179,23
20182,87,75,12
20183,712,612,100
20184,202,180,22
20185,195,174,21
20186,139,126,13
20187,51,45,6
20188,513,455,58
20189,197,174,23
20190,117,99,18
20191,269,248,21
20192,668,595,73
20193,161,146,15
20194,123,110,13
20195,573,512,61
20196,132,114,18
20197,129,116,13
20198,135,119,16
20199,393,335,58
20200,273,235,38
20201,131,120,11
20202,128,117,11
20203,145,127,18
20204,704,621,83
20205,264,237,27
20206,100,88,12
20207,448,408,40
20208,442,376,66
20209,239,219,20
20210,649,579,70
20211,853,741,112
20212,110,94,16
20213,154,142,12
20214,226,202,24
20215,120,103,17
20216,70,62,8
20217,120,103,17
20218,154,131,23
20219,146,133,13
20220,343,308,35
20221,57,53,4
20222,226,206,20
20223,124,112,12
20224,114,100,14
20225,257,227,30
20226,222,197,25
20227,626,553,73
20228,162,147,15
20229,445,390,55
20230,184,166,18
20231,803,693,110
20232,512,453,59
20233,153,134,19
20234,398,353,45
20235,272,235,37
20236,471,428,43
20237,139,121,18
20238,286,250,36
20239,197,182,15
20240,371,334,37
20241,118,112,6
20242,150,145,5
20243,107,91,16
20244,341,297,44
20245,201,177,24
20246,209,188,21
20247,249,216,33
20248,123,107,16
20249,217,198,19
20250,135,122,13
20251,359,327,32
20252,685,621,64
20253,157,142,15
20254,221,203,18
20255,148,137,11
20256,192,178,14
20257,133,122,11
20258,145,133,12
20259,148,136,12
20260,222,202,20
20261,138,128,10
20262,500,447,53
20263,161,139,22
20264,213,187,26
20265,134,121,13
20266,225,193,32
20267,191,171,20
20268,138,123,15
20269,328,302,26
20270,242,214,28
20271,319,284,35
20272,229,201,28
20273,131,108,23
20274,178,159,19
20275,57,55,2
20276,53,44,9
20277,288,267,21
20278,115,101,14
20279,98,92,6
20280,825,736,89
20281,143,129,14
20282,157,136,21
20283,153,134,19
20284,137,123,14
20285,194,174,20
20286,119,107,12
20287,105,97,8
20288,210,191,19
20289,83,78,5
20290,414,374,40
20291,108,91,17
20292,169,158,11
20293,263,236,27
20294,277,249,28
20295,273,241,32
20296,126,114,12
20297,211,185,26
20298,63,55,8
20299,188,169,19
20300,590,534,56
20301,350,311,39
20302,355,325,30
20303,183,154,29
20304,133,121,12
20305,57,52,5
20306,183,154,29
20307,214,195,19
20308,114,102,12
20309,84,72,12
20310,171,151,20
20311,212,198,14
20312,133,122,11
20313,246,228,18
20314,338,302,36
20315,346,296,50
20316,177,152,25
20317,90,78,12
20318,286,232,54
20319,132,121,11
20320,82,72,10
20321,183,162,21
20322,205,180,25
20323,187,164,23
20324,210,190,20
20325,159,143,16
20326,105,93,12
20327,88,83,5
20328,1005,898,107
20329,480,422,58
20330,260,236,24
20331,360,324,36
20332,220,193,27
20333,363,321,42
20334,166,146,20
20335,312,277,35
20336,870,751,119
20337,472,429,43
20338,155,131,24
20339,138,116,22
20340,100,91,9
20341,159,139,20
20342,125,115,10
20343,260,222,38
20344,255,227,28
20345,482,411,71
20346,266,221,45
20347,239,214,25
20348,81,74,7
20349,84,73,11
20350,146,130,16
20351,116,108,8
20352,85,73,12
20353,188,163,25
20354,307,282,25
20355,180,163,17
20356,120,108,12
20357,531,466,65
20358,322,286,36
20359,112,107,5
20360,162,139,23
20361,102,89,13
20362,206,187,19
20363,317,276,41
20364,215,190,25
20365,101,91,10
20366,827,723,104
20367,282,249,33
20368,518,454,64
20369,130,107,23
20370,169,139,30
20371,270,238,32
20372,81,73,8
20373,176,156,20
20374,123,105,18
20375,498,437,61
20376,361,321,40
20377,522,475,47
20378,514,462,52
20379,106,93,13
20380,621,567,54
20381,178,163,15
20382,179,164,15
20383,256,236,20
20384,153,137,16
20385,421,363,58
20386,121,111,10
20387,165,151,14
20388,236,202,34
20389,209,180,29
20390,271,239,32
20391,252,222,30
20392,191,175,16
20393,212,178,34
20394,193,178,15
20395,336,307,29
20396,409,345,64
20397,93,82,11
20398,167,142,25
20399,282,245,37
20400,138,128,10
20401,329,289,40
20402,110,106,4
20403,136,124,12
20404,99,89,10
20405,127,108,19
20406,52,44,8
20407,95,90,5
20408,178,170,8
20409,132,119,13
20410,245,216,29
20411,755,642,113
20412,134,124,10
20413,177,161,16
20414,106,91,15
20415,150,132,18
20416,92,80,12
20417,155,134,21
20418,126,100,26
20419,108,98,10
20420,130,110,20
20421,159,140,19
20422,158,142,16
20423,164,143,21
20424,136,123,13
20425,127,118,9
20426,425,370,55
20427,183,167,16
20428,122,108,14
20429,199,174,25
20430,303,273,30
20431,188,166,22
20432,108,97,11
20433,54,45,9
20434,124,101,23
20435,171,157,14
20436,196,173,23
20437,163,142,21
20438,151,134,17
20439,156,137,19
20440,630,563,67
20441,292,260,32
20442,356,315,41
20443,779,663,116
20444,352,320,32
20445,384,323,61
20446,162,151,11
20447,244,224,20
20448,244,211,33
20449,149,136,13
20450,160,147,13
20451,190,174,16
20452,64,59,5
20453,93,83,10
20454,183,165,18
20455,46,40,6
20456,376,336,40
20457,166,148,18
20458,57,53,4
20459,195,170,25
20460,149,136,13
20461,189,168,21
20462,340,289,51
20463,236,197,39
20464,150,131,19
20465,324,292,32
20466,120,100,20
20467,190,169,21
20468,93,81,12
20469,131,117,14
20470,188,161,27
20471,252,221,31
20472,260,238,22
20473,328,284,44
20474,137,125,12
20475,268,237,31
20476,146,128,18
20477,178,159,19
20478,298,266,32
20479,138,128,10
20480,165,143,22
20481,346,311,35
20482,323,291,32
20483,200,176,24
20484,150,138,12
20485,130,124,6
20486,129,118,11
20487,284,257,27
20488,604,537,67
20489,214,190,24
20490,327,300,27
20491,407,358,49
20492,289,246,43
20493,130,117,13
20494,144,123,21
20495,197,179,18
20496,142,123,19
20497,83,77,6
20498,125,115,10
20499,220,194,26
20500,60,52,8
20501,298,265,33
20502,122,113,9
20503,225,210,15
20504,456,392,64
20505,124,110,14
20506,357,318,39
20507,633,562,71
20508,216,188,28
20509,359,335,24
20510,271,243,28
20511,160,151,9
20512,230,197,33
20513,281,248,33
20514,415,359,56
20515,272,215,57
20516,203,181,22
20517,146,133,13
20518,57,46,11
20519,295,257,38
20520,239,213,26
20521,287,258,29
20522,68,64,4
20523,66,56,10
20524,87,74,13
20525,189,171,18
20526,311,275,36
20527,366,331,35
20528,165,148,17
20529,66,60,6
20530,147,128,19
20531,247,221,26
20532,338,301,37
20533,109,99,10
20534,217,192,25
20535,199,179,20
20536,199,179,20
20537,119,104,15
20538,807,713,94
20539,119,107,12
20540,482,419,63
20541,137,123,14
20542,248,229,19
20543,452,406,46
20544,168,145,23
20545,146,138,8
20546,149,130,19
20547,233,206,27
20548,184,164,20
20549,570,510,60
20550,496,428,68
20551,432,386,46
20552,443,387,56
20553,244,225,19
20554,79,71,8
20555,204,187,17
20556,979,854,125
20557,130,120,10
20558,160,147,13
20559,221,200,21
20560,208,189,19
20561,235,202,33
20562,327,288,39
20563,358,321,37
20564,228,191,37
20565,125,106,19
20566,125,115,10
20567,173,158,15
20568,227,205,22
20569,451,404,47
20570,186,169,17
20571,148,129,19
20572,493,444,49
20573,172,158,14
20574,100,95,5
20575,70,66,4
20576,135,125,10
20577,286,263,23
20578,147,137,10
20579,146,128,18
20580,108,95,13
20581,161,146,15
20582,193,174,19
20583,400,368,32
20584,115,100,15
20585,227,213,14
20586,439,396,43
20587,174,153,21
20588,142,123,19
20589,573,518,55
20590,729,652,77
20591,273,246,27
20592,121,114,7
20593,160,153,7
20594,145,132,13
20595,257,234,23
20596,325,287,38
20597,105,88,17
20598,936,858,78
20599,230,210,20
20600,135,119,16
20601,159,137,22
20602,684,591,93
20603,211,187,24
20604,142,115,27
20605,137,118,19
20606,179,161,18
20607,166,138,28
20608,857,738,119
20609,259,216,43
20610,294,261,33
20611,164,142,22
20612,150,129,21
20613,159,143,16
20614,138,119,19
20615,132,115,17
20616,420,386,34
20617,118,105,13
20618,106,94,12
20619,133,114,19
20620,133,123,10
20621,248,222,26
20622,179,164,15
20623,179,156,23
20624,224,199,25
20625,292,247,45
20626,221,199,22
20627,707,628,79
20628,484,432,52
20629,838,731,107
20630,127,103,24
20631,211,194,17
20632,143,129,14
20633,152,131,21
20634,47,43,4
20635,133,114,19
20636,423,371,52
20637,114,99,15
20638,132,113,19
20639,262,226,36
20640,129,115,14
20641,128,118,10
20642,115,103,12
20643,396,345,51
20644,248,225,23
20645,235,201,34
20646,354,309,45
20647,159,140,19
20648,432,387,45
20649,158,140,18
20650,371,342,29
20651,240,212,28
20652,419,372,47
20653,523,463,60
20654,482,419,63
20655,569,514,55
20656,144,134,10
20657,434,390,44
20658,340,311,29
20659,315,284,31
20660,156,137,19
20661,995,921,74
20662,192,172,20
20663,176,158,18
20664,162,146,16
20665,121,111,10
20666,139,126,13
20667,273,248,25
20668,312,273,39
20669,35,32,3
20670,183,154,29
20671,588,519,69
20672,163,150,13
20673,144,122,22
20674,55,49,6
20675,155,133,22
20676,65,56,9
20677,287,255,32
20678,172,154,18
20679,351,302,49
20680,110,103,7
20681,66,62,4
20682,378,336,42
20683,736,639,97
20684,564,503,61
20685,200,183,17
20686,134,117,17
20687,165,143,22
20688,137,119,18
20689,421,384,37
20690,491,432,59
20691,578,509,69
20692,201,181,20
20693,697,614,83
20694,125,114,11
20695,76,68,8
20696,117,105,12
20697,99,90,9
20698,244,212,32
20699,148,134,14
20700,229,197,32
20701,66,56,10
20702,251,223,28
20703,130,112,18
20704,100,90,10
20705,272,242,30
20706,98,87,11
20707,221,189,32
20708,265,234,31
20709,160,144,16
20710,148,139,9
20711,68,59,9
20712,82,71,11
20713,122,108,14
20714,194,175,19
20715,232,209,23
20716,292,246,46
20717,417,370,47
20718,131,114,17
20719,192,169,23
20720,156,149,7
20721,130,122,8
20722,140,128,12
20723,507,458,49
20724,285,261,24
20725,163,150,13
20726,100,92,8
20727,49,43,6
20728,59,54,5
20729,126,111,15
20730,421,378,43
20731,297,264,33
20732,191,173,18
20733,79,72,7
20734,128,112,16
20735,164,149,15
20736,146,128,18
20737,53,45,8
20738,160,140,20
20739,139,118,21
20740,567,504,63
20741,123,112,11
20742,323,277,46
20743,362,323,39
20744,177,158,19
20745,145,130,15
20746,357,314,43
20747,71,65,6
20748,372,328,44
20749,144,130,14
20750,193,175,18
20751,247,222,25
20752,128,113,15
20753,139,131,8
20754,162,145,17
20755,533,478,55
20756,263,230,33
20757,250,221,29
20758,311,278,33
20759,185,167,18
20760,275,224,51
20761,128,107,21
20762,206,177,29
20763,128,117,11
20764,131,114,17
20765,248,235,13
20766,990,858,132
20767,168,157,11
20768,102,96,6
20769,326,295,31
20770,272,228,44
20771,135,116,19
20772,377,338,39
20773,224,196,28
20774,229,205,24
20775,167,153,14
20776,173,162,11
20777,266,234,32
20778,210,193,17
20779,123,116,7
20780,94,87,7
20781,106,96,10
20782,403,363,40
20783,181,160,21
20784,284,255,29
20785,154,137,17
20786,373,328,45
20787,898,777,121
20788,394,359,35
20789,123,111,12
20790,631,556,75
20791,161,146,15
20792,221,195,26
20793,207,185,22
20794,137,126,11
20795,201,177,24
20796,862,768,94
20797,606,545,61
20798,144,133,11
20799,363,322,41
20800,150,132,18
20801,642,573,69
20802,487,437,50
20803,791,700,91
20804,721,650,71
20805,174,148,26
20806,222,197,25
20807,55,51,4
20808,169,147,22
20809,328,294,34
20810,95,86,9
20811,178,163,15
20812,197,168,29
20813,345,309,36
20814,58,49,9
20815,174,153,21
20816,124,112,12
20817,117,105,12
20818,267,240,27
20819,329,298,31
20820,187,164,23
20821,857,790,67
20822,206,176,30
20823,249,221,28
20824,472,426,46
20825,249,217,32
20826,160,137,23
20827,200,181,19
20828,158,145,13
20829,889,815,74
20830,256,229,27
20831,357,324,33
20832,209,189,20
20833,531,466,65
20834,186,161,25
20835,197,169,28
20836,174,152,22
20837,147,131,16
20838,49,47,2
20839,784,712,72
20840,270,239,31
20841,207,184,23
20842,1020,907,113
20843,365,331,34
20844,111,104,7
20845,167,147,20
20846,214,191,23
20847,116,97,19
20848,314,276,38
20849,132,117,15
20850,320,279,41
20851,404,359,45
20852,68,61,7
20853,57,50,7
20854,221,197,24
20855,308,281,27
20856,204,183,21
20857,265,226,39
20858,133,114,19
20859,71,64,7
20860,114,108,6
20861,205,172,33
20862,260,234,26
20863,178,159,19
20864,279,254,25
20865,135,123,12
20866,677,594,83
20867,670,589,81
20868,465,407,58
20869,264,236,28
20870,158,144,14
20871,165,151,14
20872,440,389,51
20873,236,213,23
20874,187,163,24
20875,110,99,11
20876,244,209,35
20877,238,204,34
20878,328,301,27
20879,221,204,17
20880,143,129,14
20881,445,399,46
20882,106,93,13
20883,99,87,12
20884,150,128,22
20885,92,77,15
20886,179,157,22
20887,133,120,13
20888,359,312,47
20889,60,52,8
20890,153,132,21
20891,287,246,41
20892,125,115,10
20893,216,183,33
20894,142,130,12
20895,168,141,27
20896,150,135,15
20897,180,162,18
20898,176,154,22
20899,512,447,65
20900,197,174,23
20901,177,163,14
20902,381,327,54
20903,194,172,22
20904,213,195,18
20905,126,111,15
20906,485,423,62
20907,199,184,15
20908,43,39,4
20909,138,119,19
20910,577,535,42
20911,43,39,4
20912,233,211,22
20913,113,97,16
20914,156,144,12
20915,197,179,18
20916,416,372,44
20917,47,45,2
20918,265,231,34
20919,246,226,20
20920,166,150,16
20921,167,157,10
20922,140,125,15
20923,215,195,20
20924,140,127,13
20925,113,108,5
20926,185,164,21
20927,396,344,52
20928,199,181,18
20929,56,50,6
20930,45,39,6
20931,247,221,26
20932,118,104,14
20933,174,144,30
20934,202,178,24
20935,202,180,22
20936,114,100,14
20937,248,218,30
20938,155,138,17
20939,216,189,27
20940,137,120,17
20941,156,137,19
20942,317,286,31
20943,654,570,84
20944,337,301,36
20945,174,159,15
20946,122,103,19
20947,135,121,14
20948,189,167,22
20949,147,136,11
20950,213,199,14
20951,199,175,24
20952,201,176,25
20953,351,319,32
20954,173,156,17
20955,123,110,13
20956,71,67,4
20957,244,214,30
20958,145,135,10
20959,116,105,11
20960,265,241,24
20961,198,177,21
20962,56,50,6
20963,106,92,14
20964,159,136,23
20965,202,176,26
20966,154,136,18
20967,574,512,62
20968,136,118,18
20969,124,111,13
20970,202,179,23
20971,603,550,53
20972,123,104,19
20973,729,639,90
20974,124,114,10
20975,101,91,10
20976,153,137,16
20977,159,143,16
20978,133,119,14
20979,160,137,23
20980,166,150,16
20981,275,244,31
20982,230,211,19
20983,142,124,18
20984,226,205,21
20985,128,111,17
20986,218,190,28
20987,117,107,10
20988,75,69,6
20989,268,248,20
20990,119,106,13
20991,357,322,35
20992,318,291,27
20993,746,683,63
20994,54,50,4
20995,114,104,10
20996,142,127,15
20997,172,150,22
20998,173,150,23
20999,130,113,17
21000,241,215,26
21001,202,177,25
21002,116,108,8
21003,185,172,13
21004,110,99,11
21005,145,129,16
21006,107,93,14
21007,60,52,8
21008,292,253,39
21009,226,206,20
21010,122,112,10
21011,646,589,57
21012,163,143,20
21013,139,122,17
21014,196,176,20
21015,131,124,7
21016,126,113,13
21017,312,277,35
21018,261,234,27
21019,243,227,16
21020,106,90,16
21021,164,146,18
21022,159,149,10
21023,180,166,14
21024,442,384,58
21025,318,273,45
21026,237,202,35
21027,53,50,3
21028,116,104,12
21029,179,161,18
21030,372,316,56
21031,101,88,13
21032,194,175,19
21033,47,44,3
21034,186,166,20
21035,225,207,18
21036,439,391,48
21037,284,250,34
21038,218,199,19
21039,125,109,16
21040,271,240,31
21041,217,197,20
21042,689,615,74
21043,128,116,12
21044,317,285,32
21045,235,207,28
21046,362,315,47
21047,150,135,15
21048,181,158,23
21049,325,274,51
21050,150,135,15
21051,156,137,19
21052,203,182,21
21053,193,174,19
21054,247,232,15
21055,133,122,11
21056,271,240,31
21057,114,103,11
21058,159,138,21
21059,122,100,22
21060,219,199,20
21061,123,117,6
21062,152,143,9
21063,711,620,91
21064,124,108,16
21065,466,436,30
21066,542,489,53
21067,42,38,4
21068,115,101,14
21069,122,109,13
21070,180,160,20
21071,60,49,11
21072,193,171,22
21073,206,185,21
21074,317,269,48
21075,132,119,13
21076,142,124,18
21077,224,197,27
21078,98,93,5
21079,443,408,35
21080,188,163,25
21081,370,326,44
21082,582,517,65
21083,140,121,19
21084,470,424,46
21085,158,144,14
21086,427,362,65
21087,110,104,6
21088,71,66,5
21089,339,310,29
21090,132,111,21
21091,215,194,21
21092,1002,885,117
21093,517,459,58
21094,256,220,36
21095,311,272,39
21096,141,125,16
21097,130,113,17
21098,417,365,52
21099,426,377,49
21100,235,209,26
21101,207,184,23
21102,215,181,34
21103,152,134,18
21104,254,218,36
21105,153,137,16
21106,176,162,14
21107,136,122,14
21108,142,129,13
21109,280,249,31
21110,334,298,36
21111,132,120,12
21112,135,116,19
21113,471,409,62
21114,342,307,35
21115,150,137,13
21116,183,162,21
21117,209,183,26
21118,197,176,21
21119,127,112,15
21120,123,110,13
21121,533,462,71
21122,207,178,29
21123,42,34,8
21124,221,192,29
21125,112,97,15
21126,69,63,6
21127,175,155,20
21128,525,459,66
21129,112,94,18
21130,97,85,12
21131,109,92,17
21132,257,233,24
21133,368,311,57
21134,240,214,26
21135,276,254,22
21136,423,373,50
21137,355,318,37
21138,161,147,14
21139,145,132,13
21140,180,159,21
21141,454,399,55
21142,106,97,9
21143,152,135,17
21144,138,118,20
21145,272,253,19
21146,255,234,21
21147,73,65,8
21148,103,90,13
21149,441,391,50
21150,69,58,11
21151,120,113,7
21152,375,338,37
21153,268,223,45
21154,157,143,14
21155,153,137,16
21156,386,327,59
21157,128,112,16
21158,190,165,25
21159,136,126,10
21160,482,423,59
21161,94,85,9
21162,418,369,49
21163,297,261,36
21164,127,117,10
21165,738,650,88
21166,480,429,51
21167,100,90,10
21168,241,207,34
21169,403,358,45
21170,224,206,18
21171,196,181,15
21172,260,234,26
21173,270,235,35
21174,76,66,10
21175,80,67,13
21176,352,318,34
21177,194,166,28
21178,126,114,12
21179,493,432,61
21180,122,109,13
21181,151,124,27
21182,97,81,16
21183,152,129,23
21184,132,119,13
21185,476,414,62
21186,309,273,36
21187,804,721,83
21188,306,269,37
21189,170,156,14
21190,240,211,29
21191,213,185,28
21192,319,278,41
21193,112,105,7
21194,139,128,11
21195,71,62,9
21196,159,142,17
21197,589,502,87
21198,550,484,66
21199,39,33,6
21200,66,59,7
21201,396,360,36
21202,125,110,15
21203,279,253,26
21204,472,428,44
21205,149,130,19
21206,567,513,54
21207,160,151,9
21208,289,260,29
21209,395,365,30
21210,312,279,33
21211,601,535,66
21212,116,104,12
21213,114,98,16
21214,134,123,11
21215,236,210,26
21216,211,181,30
21217,214,187,27
21218,146,122,24
21219,549,491,58
21220,267,236,31
21221,179,159,20
21222,303,267,36
21223,58,47,11
21224,92,79,13
21225,122,99,23
21226,125,116,9
21227,148,136,12
21228,349,300,49
21229,241,210,31
21230,132,117,15
21231,356,315,41
21232,310,270,40
21233,199,164,35
21234,523,432,91
21235,207,177,30
21236,202,172,30
21237,470,422,48
21238,226,180,46
21239,342,309,33
21240,122,97,25
21241,485,415,70
21242,121,108,13
21243,789,729,60
21244,792,659,133
21245,131,116,15
21246,151,135,16
21247,319,267,52
21248,288,250,38
21249,147,130,17
21250,115,102,13
21251,313,266,47
21252,158,140,18
21253,199,162,37
21254,384,344,40
21255,232,202,30
21256,153,130,23
21257,361,315,46
21258,223,197,26
21259,145,127,18
21260,136,117,19
21261,127,114,13
21262,126,116,10
21263,209,187,22
21264,74,62,12
21265,274,248,26
21266,206,185,21
21267,157,140,17
21268,115,100,15
21269,99,86,13
21270,189,157,32
21271,116,99,17
21272,122,97,25
21273,998,859,139
21274,126,108,18
21275,201,171,30
21276,279,247,32
21277,177,160,17
21278,80,70,10
21279,129,115,14
21280,207,185,22
21281,235,205,30
21282,305,265,40
21283,141,128,13
21284,119,106,13
21285,465,412,53
21286,209,182,27
21287,191,162,29
21288,227,212,15
21289,401,368,33
21290,376,345,31
21291,436,385,51
21292,359,312,47
21293,328,290,38
21294,129,114,15
21295,154,136,18
21296,303,268,35
21297,214,198,16
21298,273,247,26
21299,194,169,25
21300,172,159,13
21301,164,142,22
21302,131,115,16
21303,351,317,34
21304,98,89,9
21305,348,318,30
21306,213,196,17
21307,151,131,20
21308,262,219,43
21309,457,407,50
21310,84,71,13
21311,56,51,5
21312,121,112,9
21313,133,118,15
21314,109,99,10
21315,121,111,10
21316,159,140,19
21317,480,429,51
21318,162,148,14
21319,193,173,20
21320,133,121,12
21321,184,164,20
21322,232,208,24
21323,162,147,15
21324,182,168,14
21325,70,59,11
21326,167,153,14
21327,737,658,79
21328,405,366,39
21329,546,487,59
21330,109,96,13
21331,304,272,32
21332,188,162,26
21333,277,244,33
21334,146,128,18
21335,49,49,0
21336,159,143,16
21337,122,114,8
21338,285,251,34
21339,108,104,4
21340,199,174,25
21341,203,175,28
21342,92,85,7
21343,306,273,33
21344,61,53,8
21345,130,115,15
21346,97,86,11
21347,124,110,14
21348,59,51,8
21349,121,109,12
21350,129,114,15
21351,257,241,16
21352,118,105,13
21353,134,110,24
21354,453,399,54
21355,281,245,36
21356,45,39,6
21357,136,119,17
21358,125,118,7
21359,188,165,23
21360,214,194,20
21361,207,186,21
21362,561,494,67
21363,57,51,6
21364,116,105,11
21365,461,398,63
21366,89,78,11
21367,162,147,15
21368,134,121,13
21369,273,236,37
21370,187,163,24
21371,279,252,27
21372,233,206,27
21373,194,168,26
21374,293,256,37
21375,256,229,27
21376,159,135,24
21377,429,377,52
21378,330,303,27
21379,211,180,31
21380,71,64,7
21381,202,167,35
21382,111,97,14
21383,447,406,41
21384,220,193,27
21385,131,120,11
21386,117,104,13
21387,112,97,15
21388,453,402,51
21389,129,119,10
21390,189,173,16
21391,646,565,81
21392,112,101,11
21393,215,176,39
21394,474,419,55
21395,217,187,30
21396,317,285,32
21397,196,176,20
21398,163,137,26
21399,100,81,19
21400,326,289,37
21401,111,101,10
21402,122,111,11
21403,559,483,76
21404,303,278,25
21405,218,195,23
21406,140,126,14
21407,340,302,38
21408,140,123,17
21409,202,182,20
21410,143,128,15
21411,189,169,20
21412,439,398,41
21413,849,743,106
21414,261,229,32
21415,315,276,39
21416,139,124,15
21417,155,137,18
21418,273,241,32
21419,237,200,37
21420,183,160,23
21421,189,169,20
21422,189,166,23
21423,206,174,32
21424,206,190,16
21425,237,218,19
21426,139,126,13
21427,593,504,89
21428,366,336,30
21429,115,97,18
21430,160,143,17
21431,77,71,6
21432,146,127,19
21433,131,113,18
21434,138,124,14
21435,119,103,16
21436,73,66,7
21437,125,115,10
21438,115,99,16
21439,115,103,12
21440,165,148,17
21441,152,132,20
21442,39,35,4
21443,212,185,27
21444,285,251,34
21445,311,279,32
21446,206,190,16
21447,238,225,13
21448,185,163,22
21449,162,145,17
21450,212,187,25
21451,754,673,81
21452,508,460,48
21453,150,128,22
21454,92,79,13
21455,141,129,12
21456,203,181,22
21457,148,126,22
21458,137,118,19
21459,427,374,53
21460,210,188,22
21461,296,261,35
21462,50,43,7
21463,187,163,24
21464,187,163,24
21465,751,676,75
21466,129,117,12
21467,149,129,20
21468,172,149,23
21469,211,187,24
21470,120,103,17
21471,252,218,34
21472,186,165,21
21473,115,100,15
21474,155,129,26
21475,74,63,11
21476,415,363,52
21477,55,51,4
21478,123,112,11
21479,147,133,14
21480,72,61,11
21481,249,218,31
21482,309,270,39
21483,97,87,10
21484,240,215,25
21485,188,173,15
21486,107,95,12
21487,198,177,21
21488,132,115,17
21489,111,97,14
21490,116,105,11
21491,125,109,16
21492,281,250,31
21493,196,171,25
21494,69,60,9
21495,165,131,34
21496,78,76,2
21497,201,180,21
21498,115,102,13
21499,122,94,28
21500,361,329,32
21501,92,79,13
21502,100,88,12
21503,33,26,7
21504,121,108,13
21505,625,550,75
21506,126,112,14
21507,314,273,41
21508,510,443,67
21509,153,134,19
21510,472,411,61
21511,104,97,7
21512,76,71,5
21513,385,342,43
21514,787,704,83
21515,234,213,21
21516,129,112,17
21517,221,195,26
21518,334,299,35
21519,424,373,51
21520,363,320,43
21521,273,226,47
21522,141,135,6
21523,102,93,9
21524,331,295,36
21525,173,156,17
21526,143,124,19
21527,286,262,24
21528,305,259,46
21529,176,158,18
21530,357,315,42
21531,294,256,38
21532,334,291,43
21533,381,330,51
21534,285,254,31
21535,105,92,13
21536,1021,886,135
21537,159,153,6
21538,115,105,10
21539,120,110,10
21540,91,80,11
21541,122,102,20
21542,273,234,39
21543,153,130,23
21544,158,141,17
21545,229,195,34
21546,105,87,18
21547,190,172,18
21548,207,182,25
21549,174,161,13
21550,131,118,13
21551,146,130,16
21552,128,111,17
21553,244,216,28
21554,51,48,3
21555,126,111,15
21556,158,142,16
21557,297,277,20
21558,80,72,8
21559,380,334,46
21560,143,125,18
21561,234,210,24
21562,59,54,5
21563,141,127,14
21564,57,56,1
21565,241,219,22
21566,175,156,19
21567,126,113,13
21568,201,181,20
21569,378,338,40
21570,147,134,13
21571,225,213,12
21572,445,391,54
21573,163,138,25
21574,168,152,16
21575,296,270,26
21576,134,123,11
21577,175,154,21
21578,188,166,22
21579,105,88,17
21580,368,322,46
21581,134,118,16
21582,145,131,14
21583,437,389,48
21584,158,145,13
21585,184,167,17
21586,253,224,29
21587,221,196,25
21588,165,143,22
21589,369,325,44
21590,171,151,20
21591,109,100,9
21592,200,183,17
21593,958,842,116
21594,100,92,8
21595,281,251,30
21596,206,181,25
21597,259,225,34
21598,293,267,26
21599,222,196,26
21600,68,63,5
21601,144,131,13
21602,174,158,16
21603,141,123,18
21604,177,147,30
21605,222,202,20
21606,91,82,9
21607,188,154,34
21608,388,326,62
21609,185,156,29
21610,554,495,59
21611,888,816,72
21612,157,136,21
21613,639,566,73
21614,407,366,41
21615,165,149,16
21616,153,137,16
21617,117,103,14
21618,47,44,3
21619,154,131,23
21620,297,273,24
21621,140,119,21
21622,153,128,25
21623,78,66,12
21624,111,102,9
21625,344,299,45
21626,46,42,4
21627,691,624,67
21628,90,86,4
21629,262,232,30
21630,121,105,16
21631,207,186,21
21632,206,189,17
21633,205,177,28
21634,135,123,12
21635,369,326,43
21636,102,91,11
21637,90,86,4
21638,190,160,30
21639,123,107,16
21640,628,543,85
21641,142,128,14
21642,161,149,12
21643,78,67,11
21644,640,584,56
21645,204,174,30
21646,167,146,21
21647,174,158,16
21648,570,494,76
21649,312,271,41
21650,389,343,46
21651,137,122,15
21652,69,65,4
21653,72,67,5
21654,118,107,11
21655,107,95,12
21656,160,139,21
21657,154,137,17
21658,141,126,15
21659,296,266,30
21660,595,519,76
21661,140,120,20
21662,231,202,29
21663,541,476,65
21664,182,166,16
21665,123,103,20
21666,145,124,21
21667,319,270,49
21668,50,48,2
21669,152,135,17
21670,314,274,40
21671,737,637,100
21672,646,550,96
21673,150,130,20
21674,138,126,12
21675,119,100,19
21676,461,428,33
21677,137,123,14
21678,382,336,46
21679,112,97,15
21680,130,106,24
21681,73,62,11
21682,73,64,9
21683,149,131,18
21684,373,336,37
21685,536,456,80
21686,166,151,15
21687,346,318,28
21688,462,415,47
21689,271,242,29
21690,408,368,40
21691,165,146,19
21692,110,95,15
21693,138,121,17
21694,365,324,41
21695,146,127,19
21696,409,347,62
21697,490,407,83
21698,477,407,70
21699,174,149,25
21700,160,138,22
21701,123,110,13
21702,223,193,30
21703,284,248,36
21704,904,784,120
21705,141,130,11
21706,182,159,23
21707,136,116,20
21708,153,130,23
21709,44,42,2
21710,171,154,17
21711,143,125,18
21712,152,136,16
21713,90,78,12
21714,231,203,28
21715,165,141,24
21716,122,108,14
21717,170,151,19
21718,96,87,9
21719,118,105,13
21720,257,231,26
21721,178,153,25
21722,411,354,57
21723,173,156,17
21724,135,122,13
21725,148,111,37
21726,129,104,25
21727,323,280,43
21728,167,147,20
21729,164,143,21
21730,189,168,21
21731,448,401,47
21732,279,247,32
21733,127,111,16
21734,176,149,27
21735,453,424,29
21736,117,102,15
21737,348,312,36
21738,226,207,19
21739,146,128,18
21740,154,139,15
21741,677,611,66
21742,252,226,26
21743,168,149,19
21744,148,132,16
21745,374,336,38
21746,174,154,20
21747,166,148,18
21748,193,165,28
21749,150,137,13
21750,266,227,39
21751,422,352,70
21752,219,189,30
21753,74,63,11
21754,706,632,74
21755,356,319,37
21756,73,66,7
21757,133,117,16
21758,123,118,5
21759,155,145,10
21760,242,221,21
21761,247,220,27
21762,172,159,13
21763,71,62,9
21764,152,130,22
21765,168,149,19
21766,194,180,14
21767,247,220,27
21768,167,149,18
21769,149,130,19
21770,589,504,85
21771,116,102,14
21772,152,134,18
21773,103,92,11
21774,141,118,23
21775,47,42,5
21776,259,224,35
21777,143,127,16
21778,60,54,6
21779,188,169,19
21780,291,262,29
21781,223,203,20
21782,76,69,7
21783,48,45,3
21784,258,221,37
21785,172,151,21
21786,123,107,16
21787,258,235,23
21788,118,103,15
21789,122,101,21
21790,291,270,21
21791,140,123,17
21792,242,214,28
21793,182,167,15
21794,161,144,17
21795,117,102,15
21796,294,259,35
21797,231,204,27
21798,167,148,19
21799,188,167,21
21800,78,71,7
21801,218,183,35
21802,307,274,33
21803,161,143,18
21804,248,224,24
21805,332,280,52
21806,145,135,10
21807,213,189,24
21808,101,89,12
21809,167,140,27
21810,195,179,16
21811,152,139,13
21812,343,300,43
21813,860,762,98
21814,212,188,24
21815,283,258,25
21816,260,236,24
21817,127,107,20
21818,173,154,19
21819,156,142,14
21820,153,134,19
21821,241,220,21
21822,112,103,9
21823,131,120,11
21824,122,114,8
21825,336,305,31
21826,158,144,14
21827,155,136,19
21828,193,175,18
21829,96,85,11
21830,156,144,12
21831,140,125,15
21832,112,91,21
21833,305,268,37
21834,250,219,31
21835,171,151,20
21836,436,385,51
21837,244,215,29
21838,95,87,8
21839,139,122,17
21840,177,156,21
21841,101,88,13
21842,266,237,29
21843,286,256,30
21844,592,534,58
21845,125,110,15
21846,128,108,20
21847,198,181,17
21848,151,128,23
21849,52,47,5
21850,114,105,9
21851,65,56,9
21852,101,91,10
21853,69,58,11
21854,202,183,19
21855,88,79,9
21856,173,153,20
21857,208,181,27
21858,565,502,63
21859,166,154,12
21860,355,316,39
21861,142,121,21
21862,372,329,43
21863,111,92,19
21864,130,115,15
21865,195,181,14
21866,363,317,46
21867,116,104,12
21868,212,186,26
21869,103,93,10
21870,138,121,17
21871,232,196,36
21872,143,127,16
21873,141,127,14
21874,208,176,32
21875,154,143,11
21876,592,519,73
21877,453,390,63
21878,120,111,9
21879,171,151,20
21880,117,102,15
21881,149,132,17
21882,352,307,45
21883,727,642,85
21884,180,159,21
21885,90,81,9
21886,89,78,11
21887,499,433,66
21888,268,242,26
21889,100,90,10
21890,373,346,27
21891,60,58,2
21892,53,50,3
21893,183,164,19
21894,104,93,11
21895,107,90,17
21896,55,50,5
21897,388,350,38
21898,188,170,18
21899,795,704,91
21900,356,317,39
21901,316,286,30
21902,261,224,37
21903,262,230,32
21904,703,602,101
21905,141,128,13
21906,206,185,21
21907,184,170,14
21908,144,127,17
21909,128,120,8
21910,118,104,14
21911,217,191,26
21912,124,109,15
21913,140,125,15
21914,236,218,18
21915,420,367,53
21916,159,142,17
21917,104,96,8
21918,201,183,18
21919,343,315,28
21920,279,248,31
21921,210,178,32
21922,262,237,25
21923,307,270,37
21924,214,175,39
21925,441,398,43
21926,265,223,42
21927,244,208,36
21928,241,213,28
21929,103,88,15
21930,93,81,12
21931,67,59,8
21932,96,85,11
21933,44,38,6
21934,402,362,40
21935,98,83,15
21936,15,15,0
21937,70,61,9
21938,85,76,9
21939,56,47,9
21940,283,249,34
21941,133,116,17
21942,150,135,15
21943,133,115,18
21944,127,112,15
21945,136,122,14
21946,233,217,16
21947,219,193,26
21948,185,168,17
21949,87,76,11
21950,161,141,20
21951,135,115,20
21952,162,136,26
21953,172,147,25
21954,151,139,12
21955,483,425,58
21956,355,310,45
21957,188,168,20
21958,286,254,32
21959,109,97,12
21960,135,123,12
21961,175,153,22
21962,232,206,26
21963,197,176,21
21964,105,92,13
21965,933,831,102
21966,185,167,18
21967,136,124,12
21968,216,193,23
21969,240,217,23
21970,271,235,36
21971,279,247,32
21972,753,652,101
21973,267,234,33
21974,75,65,10
21975,184,165,19
21976,257,228,29
21977,468,416,52
21978,472,410,62
21979,188,162,26
21980,835,738,97
21981,637,579,58
21982,60,52,8
21983,187,164,23
21984,187,164,23
21985,429,390,39
21986,96,82,14
21987,42,37,5
21988,97,88,9
21989,77,62,15
21990,266,236,30
21991,453,402,51
21992,46,39,7
21993,188,168,20
21994,110,96,14
21995,241,216,25
21996,145,135,10
21997,126,114,12
21998,120,103,17
21999,469,409,60
22000,271,240,31
22001,203,182,21
22002,123,108,15
22003,184,162,22
22004,589,531,58
22005,479,438,41
22006,195,170,25
22007,225,206,19
22008,363,314,49
22009,987,884,103
22010,125,110,15
22011,588,531,57
22012,282,260,22
22013,749,664,85
22014,297,272,25
22015,396,351,45
22016,326,294,32
22017,254,229,25
22018,341,300,41
22019,176,156,20
22020,386,350,36
22021,133,105,28
22022,106,96,10
22023,66,59,7
22024,241,208,33
22025,161,145,16
22026,212,185,27
22027,115,102,13
22028,92,85,7
22029,1243,1132,111
22030,796,702,94
22031,231,197,34
22032,172,157,15
22033,289,247,42
22034,208,190,18
22035,128,112,16
22036,156,138,18
22037,161,146,15
22038,285,240,45
22039,218,189,29
22040,119,100,19
22041,157,137,20
22042,131,121,10
22043,457,399,58
22044,117,107,10
22045,95,83,12
22046,223,192,31
22047,173,158,15
22048,167,150,17
22049,122,108,14
22050,165,141,24
22051,136,120,16
22052,71,62,9
22053,205,173,32
22054,268,235,33
22055,153,134,19
22056,421,381,40
22057,82,74,8
22058,163,142,21
22059,232,211,21
22060,169,162,7
22061,193,165,28
22062,41,38,3
22063,995,878,117
22064,223,196,27
22065,209,179,30
22066,271,240,31
22067,95,80,15
22068,180,152,28
22069,159,137,22
22070,128,111,17
22071,161,132,29
22072,349,313,36
22073,295,247,48
22074,246,217,29
22075,129,118,11
22076,327,288,39
22077,132,115,17
22078,128,117,11
22079,225,192,33
22080,248,217,31
22081,139,118,21
22082,154,134,20
22083,179,168,11
22084,189,174,15
22085,636,581,55
22086,191,162,29
22087,168,147,21
22088,256,221,35
22089,126,116,10
22090,193,172,21
22091,164,151,13
22092,332,295,37
22093,161,150,11
22094,148,133,15
22095,157,138,19
22096,131,116,15
22097,230,203,27
22098,276,246,30
22099,190,168,22
22100,180,165,15
22101,385,343,42
22102,225,200,25
22103,701,616,85
22104,518,445,73
22105,333,300,33
22106,86,77,9
22107,411,361,50
22108,1011,907,104
22109,438,383,55
22110,285,254,31
22111,144,125,19
22112,109,91,18
22113,316,277,39
22114,237,210,27
22115,517,458,59
22116,128,118,10
22117,219,191,28
22118,267,228,39
22119,311,287,24
22120,332,293,39
22121,962,854,108
22122,218,189,29
22123,198,179,19
22124,116,102,14
22125,202,181,21
22126,415,369,46
22127,277,252,25
22128,549,488,61
22129,125,113,12
22130,142,121,21
22131,179,156,23
22132,443,393,50
22133,241,215,26
22134,213,187,26
22135,105,98,7
22136,239,210,29
22137,329,297,32
22138,124,110,14
22139,261,229,32
22140,727,653,74
22141,480,432,48
22142,535,495,40
22143,258,234,24
22144,118,107,11
22145,181,153,28
22146,462,402,60
22147,172,148,24
22148,62,57,5
22149,116,106,10
22150,180,159,21
22151,135,122,13
22152,153,137,16
22153,149,132,17
22154,153,133,20
22155,158,138,20
22156,120,101,19
22157,148,140,8
22158,146,134,12
22159,220,201,19
22160,112,92,20
22161,187,166,21
22162,149,130,19
22163,486,414,72
22164,127,110,17
22165,153,133,20
22166,140,130,10
22167,293,249,44
22168,80,72,8
22169,65,62,3
22170,89,81,8
22171,46,40,6
22172,129,112,17
22173,127,117,10
22174,543,480,63
22175,94,79,15
22176,345,315,30
22177,71,60,11
22178,515,453,62
22179,213,186,27
22180,74,67,7
22181,279,253,26
22182,49,43,6
22183,106,92,14
22184,434,380,54
22185,264,226,38
22186,131,111,20
22187,428,375,53
22188,285,245,40
22189,790,685,105
22190,110,97,13
22191,185,171,14
22192,153,138,15
22193,152,133,19
22194,151,126,25
22195,67,57,10
22196,119,109,10
22197,43,39,4
22198,128,117,11
22199,567,510,57
22200,116,102,14
22201,75,64,11
22202,234,211,23
22203,113,99,14
22204,179,160,19
22205,50,48,2
22206,186,165,21
22207,172,154,18
22208,155,139,16
22209,277,252,25
22210,129,112,17
22211,584,509,75
22212,212,174,38
22213,183,164,19
22214,1000,897,103
22215,352,300,52
22216,86,77,9
22217,97,84,13
22218,106,91,15
22219,141,122,19
22220,156,140,16
22221,246,212,34
22222,314,276,38
22223,106,96,10
22224,112,101,11
22225,491,418,73
22226,166,147,19
22227,190,166,24
22228,54,47,7
22229,226,195,31
22230,261,232,29
22231,372,321,51
22232,521,472,49
22233,223,200,23
22234,237,211,26
22235,211,185,26
22236,75,67,8
22237,98,90,8
22238,80,71,9
22239,168,150,18
22240,332,304,28
22241,489,437,52
22242,476,418,58
22243,376,338,38
22244,174,153,21
22245,607,538,69
22246,150,137,13
22247,135,122,13
22248,450,399,51
22249,493,455,38
22250,212,193,19
22251,531,478,53
22252,149,134,15
22253,210,187,23
22254,1015,895,120
22255,173,152,21
22256,140,122,18
22257,115,103,12
22258,308,269,39
22259,115,107,8
22260,145,126,19
22261,541,486,55
22262,175,152,23
22263,132,114,18
22264,147,132,15
22265,336,300,36
22266,500,440,60
22267,140,122,18
22268,160,146,14
22269,366,332,34
22270,378,342,36
22271,270,237,33
22272,148,134,14
22273,835,783,52
22274,530,459,71
22275,490,437,53
22276,250,226,24
22277,220,202,18
22278,149,137,12
22279,707,625,82
22280,508,444,64
22281,151,132,19
22282,122,113,9
22283,812,724,88
22284,241,210,31
22285,142,130,12
22286,161,144,17
22287,494,444,50
22288,123,103,20
22289,138,113,25
22290,203,184,19
22291,151,133,18
22292,160,149,11
22293,331,295,36
22294,1039,912,127
22295,208,181,27
22296,290,254,36
22297,185,165,20
22298,938,809,129
22299,413,355,58
22300,123,107,16
22301,127,117,10
22302,164,141,23
22303,204,186,18
22304,272,251,21
22305,38,32,6
22306,208,181,27
22307,307,265,42
22308,329,284,45
22309,162,141,21
22310,204,182,22
22311,347,300,47
22312,218,174,44
22313,129,116,13
22314,506,431,75
22315,185,167,18
22316,334,296,38
22317,484,425,59
22318,222,193,29
22319,170,142,28
22320,170,153,17
22321,140,121,19
22322,287,247,40
22323,540,437,103
22324,131,116,15
22325,278,251,27
22326,119,101,18
22327,150,134,16
22328,92,80,12
22329,449,388,61
22330,288,243,45
22331,39,31,8
22332,464,401,63
22333,127,114,13
22334,158,140,18
22335,268,241,27
22336,69,64,5
22337,219,196,23
22338,124,114,10
22339,358,321,37
22340,342,297,45
22341,234,204,30
22342,239,213,26
22343,144,122,22
22344,160,140,20
22345,196,165,31
22346,832,736,96
22347,130,114,16
22348,129,114,15
22349,146,133,13
22350,587,514,73
22351,155,142,13
22352,143,139,4
22353,169,154,15
22354,156,139,17
22355,356,314,42
22356,244,221,23
22357,459,405,54
22358,178,151,27
22359,105,90,15
22360,420,382,38
22361,135,121,14
22362,48,46,2
22363,119,111,8
22364,136,117,19
22365,83,74,9
22366,125,113,12
22367,322,278,44
22368,346,305,41
22369,522,457,65
22370,175,143,32
22371,212,189,23
22372,292,268,24
22373,133,118,15
22374,167,152,15
22375,140,120,20
22376,169,144,25
22377,239,210,29
22378,138,123,15
22379,110,104,6
22380,252,218,34
22381,186,165,21
22382,115,100,15
22383,155,129,26
22384,109,98,11
22385,175,153,22
22386,175,150,25
22387,204,176,28
22388,191,173,18
22389,867,773,94
22390,316,274,42
22391,220,190,30
22392,568,513,55
22393,403,354,49
22394,311,282,29
22395,776,683,93
22396,382,339,43
22397,219,190,29
22398,382,339,43
22399,151,129,22
22400,662,582,80
22401,716,648,68
22402,117,105,12
22403,165,153,12
22404,113,105,8
22405,1006,892,114
22406,781,708,73
22407,133,118,15
22408,345,306,39
22409,85,73,12
22410,129,117,12
22411,137,131,6
22412,251,224,27
22413,118,108,10
22414,716,648,68
22415,209,190,19
22416,225,208,17
22417,117,106,11
22418,305,258,47
22419,387,329,58
22420,55,48,7
22421,177,156,21
22422,70,67,3
22423,190,167,23
22424,326,279,47
22425,366,316,50
22426,185,156,29
22427,933,829,104
22428,180,158,22
22429,128,115,13
22430,94,87,7
22431,129,111,18
22432,142,128,14
22433,262,227,35
22434,480,422,58
22435,567,507,60
22436,140,131,9
22437,141,122,19
22438,239,213,26
22439,258,235,23
22440,125,112,13
22441,197,166,31
22442,164,144,20
22443,194,174,20
22444,131,119,12
22445,112,102,10
22446,729,651,78
22447,183,163,20
22448,97,87,10
22449,88,80,8
22450,529,479,50
22451,293,254,39
22452,68,58,10
22453,81,71,10
22454,195,165,30
22455,112,98,14
22456,263,238,25
22457,229,207,22
22458,103,98,5
22459,218,189,29
22460,141,122,19
22461,211,179,32
22462,329,293,36
22463,390,345,45
22464,384,321,63
22465,56,49,7
22466,208,179,29
22467,99,87,12
22468,223,187,36
22469,520,455,65
22470,354,308,46
22471,301,263,38
22472,1406,1226,180
22473,413,364,49
22474,237,210,27
22475,257,229,28
22476,193,166,27
22477,117,102,15
22478,239,209,30
22479,100,84,16
22480,214,188,26
22481,72,70,2
22482,597,488,109
22483,451,401,50
22484,50,42,8
22485,67,64,3
22486,142,124,18
22487,239,210,29
22488,520,460,60
22489,509,448,61
22490,429,385,44
22491,155,133,22
22492,610,549,61
22493,131,116,15
22494,370,322,48
22495,140,120,20
22496,275,250,25
22497,167,149,18
22498,152,135,17
22499,179,163,16
22500,150,140,10
22501,192,171,21
22502,163,148,15
22503,307,275,32
22504,480,420,60
22505,129,117,12
22506,232,209,23
22507,149,135,14
22508,375,316,59
22509,216,196,20
22510,174,141,33
22511,233,216,17
22512,268,251,17
22513,401,343,58
22514,122,109,13
22515,102,95,7
22516,161,140,21
22517,236,212,24
22518,170,151,19
22519,330,299,31
22520,164,154,10
22521,199,173,26
22522,137,125,12
22523,191,175,16
22524,180,161,19
22525,277,244,33
22526,280,256,24
22527,271,243,28
22528,137,126,11
22529,122,107,15
22530,122,110,12
22531,159,145,14
22532,341,298,43
22533,183,155,28
22534,426,385,41
22535,123,110,13
22536,188,163,25
22537,139,123,16
22538,124,113,11
22539,198,174,24
22540,174,151,23
22541,424,366,58
22542,311,275,36
22543,151,130,21
22544,124,114,10
22545,30,28,2
22546,232,204,28
22547,129,116,13
22548,163,144,19
22549,294,260,34
22550,281,251,30
22551,199,178,21
22552,369,324,45
22553,135,123,12
22554,191,170,21
22555,110,96,14
22556,146,134,12
22557,159,142,17
22558,252,222,30
22559,167,149,18
22560,247,221,26
22561,116,106,10
22562,140,133,7
22563,210,189,21
22564,101,86,15
22565,209,187,22
22566,232,206,26
22567,591,524,67
22568,441,391,50
22569,200,175,25
22570,245,204,41
22571,186,169,17
22572,481,449,32
22573,126,108,18
22574,123,113,10
22575,283,259,24
22576,113,102,11
22577,709,624,85
22578,170,147,23
22579,173,148,25
22580,1030,913,117
22581,751,660,91
22582,886,785,101
22583,181,162,19
22584,909,808,101
22585,73,66,7
22586,167,143,24
22587,127,113,14
22588,227,199,28
22589,687,604,83
22590,159,140,19
22591,589,545,44
22592,229,217,12
22593,304,277,27
22594,202,177,25
22595,1061,950,111
22596,106,92,14
22597,113,102,11
22598,111,101,10
22599,324,283,41
22600,185,163,22
22601,173,152,21
22602,192,162,30
22603,467,412,55
22604,737,658,79
22605,285,254,31
22606,473,424,49
22607,142,128,14
22608,258,234,24
22609,369,320,49
22610,233,200,33
22611,351,307,44
22612,432,389,43
22613,115,107,8
22614,147,136,11
22615,130,122,8
22616,137,120,17
22617,792,722,70
22618,184,165,19
22619,309,281,28
22620,460,392,68
22621,227,197,30
22622,188,167,21
22623,876,771,105
22624,150,139,11
22625,208,185,23
22626,445,380,65
22627,842,762,80
22628,172,152,20
22629,144,126,18
22630,112,101,11
22631,472,408,64
22632,83,73,10
22633,295,259,36
22634,323,283,40
22635,309,273,36
22636,346,291,55
22637,270,244,26
22638,99,85,14
22639,85,76,9
22640,111,95,16
22641,169,151,18
22642,121,112,9
22643,144,124,20
22644,432,382,50
22645,227,203,24
22646,150,128,22
22647,151,132,19
22648,135,120,15
22649,187,169,18
22650,216,198,18
22651,128,118,10
22652,325,295,30
22653,310,281,29
22654,120,108,12
22655,277,248,29
22656,167,155,12
22657,299,272,27
22658,131,120,11
22659,124,110,14
22660,100,93,7
22661,268,230,38
22662,133,122,11
22663,448,396,52
22664,145,129,16
22665,137,123,14
22666,140,125,15
22667,975,845,130
22668,260,232,28
22669,180,170,10
22670,218,200,18
22671,590,533,57
22672,250,217,33
22673,159,143,16
22674,162,149,13
22675,111,97,14
22676,76,63,13
22677,197,169,28
22678,444,400,44
22679,770,690,80
22680,382,346,36
22681,272,237,35
22682,353,312,41
22683,966,862,104
22684,114,94,20
22685,136,122,14
22686,167,148,19
22687,189,170,19
22688,44,41,3
22689,104,97,7
22690,179,154,25
22691,311,269,42
22692,332,288,44
22693,262,232,30
22694,174,160,14
22695,171,155,16
22696,117,103,14
22697,147,137,10
22698,120,103,17
22699,134,124,10
22700,222,201,21
22701,157,142,15
22702,335,302,33
22703,106,94,12
22704,134,127,7
22705,388,353,35
22706,142,131,11
22707,296,265,31
22708,134,121,13
22709,248,225,23
22710,189,163,26
22711,267,240,27
22712,426,388,38
22713,106,88,18
22714,39,34,5
22715,305,266,39
22716,85,80,5
22717,354,305,49
22718,176,162,14
22719,720,628,92
22720,272,247,25
22721,191,162,29
22722,190,165,25
22723,503,433,70
22724,107,92,15
22725,128,121,7
22726,319,288,31
22727,169,154,15
22728,176,162,14
22729,251,227,24
22730,208,183,25
22731,287,240,47
22732,102,95,7
22733,329,295,34
22734,152,135,17
22735,277,243,34
22736,412,368,44
22737,53,47,6
22738,723,647,76
22739,781,685,96
22740,781,695,86
22741,150,131,19
22742,59,54,5
22743,159,142,17
22744,142,125,17
22745,170,154,16
22746,185,165,20
22747,142,122,20
22748,247,206,41
22749,245,217,28
22750,85,74,11
22751,609,531,78
22752,83,72,11
22753,118,107,11
22754,142,118,24
22755,173,146,27
22756,412,365,47
22757,288,248,40
22758,173,160,13
22759,455,397,58
22760,714,628,86
22761,136,122,14
22762,384,340,44
22763,307,279,28
22764,155,134,21
22765,143,125,18
22766,295,249,46
22767,323,284,39
22768,458,414,44
22769,180,164,16
22770,192,178,14
22771,165,146,19
22772,285,249,36
22773,163,152,11
22774,149,129,20
22775,281,249,32
22776,158,141,17
22777,314,272,42
22778,326,303,23
22779,382,353,29
22780,132,120,12
22781,236,209,27
22782,368,338,30
22783,620,545,75
22784,947,843,104
22785,215,177,38
22786,228,197,31
22787,64,54,10
22788,296,272,24
22789,121,107,14
22790,206,185,21
22791,109,95,14
22792,204,180,24
22793,189,172,17
22794,549,500,49
22795,547,484,63
22796,330,311,19
22797,154,138,16
22798,301,278,23
22799,164,145,19
22800,196,175,21
22801,133,114,19
22802,340,306,34
22803,264,247,17
22804,788,707,81
22805,474,418,56
22806,203,187,16
22807,96,84,12
22808,149,138,11
22809,177,154,23
22810,176,152,24
22811,132,117,15
22812,143,126,17
22813,146,133,13
22814,297,254,43
22815,320,286,34
22816,109,105,4
22817,361,316,45
22818,121,110,11
22819,573,521,52
22820,122,109,13
22821,99,86,13
22822,305,261,44
22823,64,59,5
22824,129,112,17
22825,252,226,26
22826,332,301,31
22827,189,168,21
22828,354,319,35
22829,444,393,51
22830,139,115,24
22831,88,71,17
22832,222,198,24
22833,111,100,11
22834,51,45,6
22835,119,113,6
22836,86,73,13
22837,116,103,13
22838,496,431,65
22839,161,145,16
22840,357,323,34
22841,216,189,27
22842,190,156,34
22843,98,88,10
22844,139,128,11
22845,207,187,20
22846,62,56,6
22847,107,97,10
22848,57,54,3
22849,172,155,17
22850,102,87,15
22851,145,128,17
22852,343,311,32
22853,233,202,31
22854,209,195,14
22855,356,322,34
22856,255,223,32
22857,111,100,11
22858,96,90,6
22859,346,304,42
22860,409,354,55
22861,63,59,4
22862,130,118,12
22863,682,606,76
22864,127,109,18
22865,139,127,12
22866,75,66,9
22867,364,314,50
22868,183,170,13
22869,174,156,18
22870,929,830,99
22871,522,466,56
22872,250,221,29
22873,212,200,12
22874,183,164,19
22875,166,152,14
22876,296,259,37
22877,224,202,22
22878,421,370,51
22879,138,123,15
22880,132,112,20
22881,314,280,34
22882,761,670,91
22883,94,86,8
22884,313,274,39
22885,132,117,15
22886,101,92,9
22887,176,164,12
22888,118,102,16
22889,285,258,27
22890,137,127,10
22891,160,139,21
22892,157,145,12
22893,190,166,24
22894,152,137,15
22895,176,147,29
22896,84,76,8
22897,315,292,23
22898,822,722,100
22899,153,132,21
22900,126,103,23
22901,251,215,36
22902,214,188,26
22903,222,193,29
22904,202,183,19
22905,134,120,14
22906,52,45,7
22907,98,86,12
22908,196,176,20
22909,211,191,20
22910,69,65,4
22911,141,125,16
22912,140,128,12
22913,81,69,12
22914,245,224,21
22915,127,115,12
22916,126,114,12
22917,393,354,39
22918,577,512,65
22919,84,76,8
22920,511,447,64
22921,83,71,12
22922,158,142,16
22923,72,65,7
22924,622,549,73
22925,155,138,17
22926,327,284,43
22927,61,56,5
22928,44,37,7
22929,190,172,18
22930,510,447,63
22931,257,226,31
22932,113,100,13
22933,169,145,24
22934,149,133,16
22935,136,120,16
22936,157,138,19
22937,122,115,7
22938,181,165,16
22939,165,140,25
22940,120,107,13
22941,122,98,24
22942,129,109,20
22943,120,111,9
22944,187,164,23
22945,107,100,7
22946,351,315,36
22947,111,104,7
22948,137,126,11
22949,143,127,16
22950,125,109,16
22951,858,785,73
22952,130,116,14
22953,69,63,6
22954,873,769,104
22955,125,112,13
22956,154,138,16
22957,87,75,12
22958,246,218,28
22959,163,145,18
22960,182,160,22
22961,255,231,24
22962,200,179,21
22963,852,753,99
22964,764,693,71
22965,304,269,35
22966,127,111,16
22967,995,890,105
22968,113,101,12
22969,148,134,14
22970,444,391,53
22971,117,103,14
22972,465,431,34
22973,237,197,40
22974,245,219,26
22975,150,121,29
22976,168,152,16
22977,115,104,11
22978,244,219,25
22979,46,42,4
22980,156,144,12
22981,200,182,18
22982,139,122,17
22983,127,114,13
22984,147,128,19
22985,286,252,34
22986,456,396,60
22987,221,188,33
22988,447,391,56
22989,462,405,57
22990,174,161,13
22991,288,255,33
22992,164,149,15
22993,197,171,26
22994,423,359,64
22995,372,313,59
22996,365,315,50
22997,109,98,11
22998,71,64,7
22999,129,116,13
23000,114,107,7
23001,113,94,19
23002,229,198,31
23003,39,37,2
23004,379,333,46
23005,86,75,11
23006,134,124,10
23007,418,371,47
23008,219,201,18
23009,207,192,15
23010,98,82,16
23011,381,336,45
23012,328,284,44
23013,158,127,31
23014,146,134,12
23015,481,425,56
23016,204,183,21
23017,489,430,59
23018,851,778,73
23019,131,114,17
23020,152,134,18
23021,245,203,42
23022,615,546,69
23023,189,169,20
23024,219,193,26
23025,256,237,19
23026,118,104,14
23027,143,129,14
23028,314,284,30
23029,136,115,21
23030,198,178,20
23031,465,418,47
23032,232,203,29
23033,604,542,62
23034,299,266,33
23035,173,164,9
23036,140,120,20
23037,333,294,39
23038,461,409,52
23039,120,111,9
23040,147,131,16
23041,221,194,27
23042,103,95,8
23043,158,132,26
23044,154,140,14
23045,126,109,17
23046,200,182,18
23047,176,158,18
23048,296,276,20
23049,192,170,22
23050,186,155,31
23051,117,104,13
23052,114,98,16
23053,233,209,24
23054,206,178,28
23055,172,154,18
23056,407,346,61
23057,147,131,16
23058,141,122,19
23059,123,114,9
23060,76,66,10
23061,126,111,15
23062,220,192,28
23063,178,155,23
23064,508,463,45
23065,30,26,4
23066,195,184,11
23067,120,106,14
23068,117,103,14
23069,173,146,27
23070,146,132,14
23071,184,165,19
23072,118,110,8
23073,288,264,24
23074,162,148,14
23075,361,311,50
23076,58,54,4
23077,123,112,11
23078,632,567,65
23079,433,381,52
23080,158,135,23
23081,284,253,31
23082,251,227,24
23083,132,118,14
23084,130,123,7
23085,439,397,42
23086,176,162,14
23087,150,134,16
23088,124,118,6
23089,115,104,11
23090,216,195,21
23091,278,259,19
23092,397,358,39
23093,223,208,15
23094,319,277,42
23095,179,146,33
23096,245,200,45
23097,142,132,10
23098,193,173,20
23099,224,203,21
23100,70,65,5
23101,426,367,59
23102,659,603,56
23103,125,111,14
23104,175,161,14
23105,251,226,25
23106,145,131,14
23107,72,66,6
23108,91,79,12
23109,113,104,9
23110,140,124,16
23111,125,105,20
23112,137,124,13
23113,198,170,28
23114,200,168,32
23115,250,204,46
23116,150,129,21
23117,140,123,17
23118,194,176,18
23119,163,139,24
23120,406,357,49
23121,100,94,6
23122,164,149,15
23123,97,91,6
23124,253,217,36
23125,123,106,17
23126,498,448,50
23127,266,234,32
23128,153,127,26
23129,125,105,20
23130,183,149,34
23131,117,109,8
23132,505,452,53
23133,166,138,28
23134,491,436,55
23135,293,271,22
23136,346,310,36
23137,146,130,16
23138,142,129,13
23139,441,400,41
23140,131,116,15
23141,173,143,30
23142,414,376,38
23143,425,382,43
23144,343,317,26
23145,467,410,57
23146,422,376,46
23147,186,172,14
23148,113,98,15
23149,131,117,14
23150,193,175,18
23151,256,218,38
23152,105,90,15
23153,127,116,11
23154,143,130,13
23155,115,100,15
23156,135,121,14
23157,340,309,31
23158,166,149,17
23159,369,323,46
23160,144,121,23
23161,127,114,13
23162,126,115,11
23163,161,143,18
23164,119,108,11
23165,205,174,31
23166,121,108,13
23167,133,115,18
23168,135,121,14
23169,195,173,22
23170,311,272,39
23171,162,137,25
23172,206,191,15
23173,174,153,21
23174,276,234,42
23175,127,105,22
23176,151,134,17
23177,377,336,41
23178,562,478,84
23179,155,142,13
23180,140,128,12
23181,78,69,9
23182,113,102,11
23183,181,157,24
23184,110,94,16
23185,257,225,32
23186,257,225,32
23187,86,73,13
23188,657,571,86
23189,200,173,27
23190,132,118,14
23191,190,168,22
23192,114,102,12
23193,505,420,85
23194,196,169,27
23195,211,184,27
23196,145,132,13
23197,248,224,24
23198,303,258,45
23199,128,115,13
23200,268,233,35
23201,123,110,13
23202,282,251,31
23203,270,236,34
23204,101,94,7
23205,276,241,35
23206,225,209,16
23207,300,271,29
23208,55,54,1
23209,840,692,148
23210,443,391,52
23211,202,187,15
23212,499,434,65
23213,191,172,19
23214,135,123,12
23215,361,318,43
23216,153,135,18
23217,987,883,104
23218,263,231,32
23219,186,166,20
23220,137,120,17
23221,481,418,63
23222,81,77,4
23223,182,166,16
23224,135,121,14
23225,132,116,16
23226,385,329,56
23227,319,282,37
23228,145,129,16
23229,58,51,7
23230,398,358,40
23231,84,72,12
23232,87,78,9
23233,376,340,36
23234,192,177,15
23235,369,327,42
23236,830,726,104
23237,79,75,4
23238,116,98,18
23239,134,120,14
23240,288,253,35
23241,253,218,35
23242,236,212,24
23243,259,236,23
23244,74,65,9
23245,830,730,100
23246,925,814,111
23247,411,357,54
23248,382,339,43
23249,101,86,15
23250,391,337,54
23251,339,294,45
23252,224,210,14
23253,153,132,21
23254,137,125,12
23255,674,593,81
23256,408,362,46
23257,229,199,30
23258,221,197,24
23259,92,76,16
23260,62,55,7
23261,204,169,35
23262,198,171,27
23263,195,173,22
23264,561,485,76
23265,320,269,51
23266,477,421,56
23267,125,109,16
23268,343,298,45
23269,156,143,13
23270,589,520,69
23271,232,203,29
23272,117,103,14
23273,483,426,57
23274,903,798,105
23275,136,125,11
23276,64,59,5
23277,251,224,27
23278,159,145,14
23279,286,255,31
23280,213,193,20
23281,125,109,16
23282,157,136,21
23283,105,95,10
23284,117,110,7
23285,296,269,27
23286,261,239,22
23287,257,234,23
23288,175,153,22
23289,125,112,13
23290,124,108,16
23291,115,102,13
23292,286,259,27
23293,191,170,21
23294,98,90,8
23295,161,146,15
23296,118,107,11
23297,90,82,8
23298,79,71,8
23299,195,170,25
23300,47,45,2
23301,119,107,12
23302,52,46,6
23303,155,134,21
23304,192,173,19
23305,201,178,23
23306,206,182,24
23307,157,139,18
23308,301,272,29
23309,200,181,19
23310,216,189,27
23311,204,185,19
23312,191,170,21
23313,584,535,49
23314,156,138,18
23315,131,114,17
23316,170,154,16
23317,169,148,21
23318,463,401,62
23319,122,102,20
23320,198,174,24
23321,163,147,16
23322,139,116,23
23323,112,98,14
23324,237,214,23
23325,191,157,34
23326,548,494,54
23327,285,258,27
23328,327,279,48
23329,516,478,38
23330,125,113,12
23331,463,418,45
23332,238,201,37
23333,472,388,84
23334,97,86,11
23335,110,92,18
23336,163,146,17
23337,705,614,91
23338,133,117,16
23339,155,136,19
23340,93,84,9
23341,122,116,6
23342,332,301,31
23343,246,215,31
23344,198,172,26
23345,140,121,19
23346,80,75,5
23347,67,58,9
23348,131,120,11
23349,125,111,14
23350,140,120,20
23351,233,205,28
23352,135,122,13
23353,61,50,11
23354,433,391,42
23355,129,114,15
23356,335,297,38
23357,31,26,5
23358,41,34,7
23359,970,832,138
23360,35,32,3
23361,542,480,62
23362,211,195,16
23363,299,274,25
23364,176,154,22
23365,140,112,28
23366,421,374,47
23367,99,90,9
23368,239,215,24
23369,535,463,72
23370,50,44,6
23371,162,151,11
23372,298,259,39
23373,51,47,4
23374,51,47,4
23375,308,275,33
23376,137,131,6
23377,178,152,26
23378,450,409,41
23379,142,135,7
23380,146,132,14
23381,148,140,8
23382,444,402,42
23383,330,294,36
23384,134,123,11
23385,716,629,87
23386,336,305,31
23387,202,177,25
23388,458,404,54
23389,164,142,22
23390,273,239,34
23391,186,168,18
23392,112,104,8
23393,375,320,55
23394,271,249,22
23395,308,277,31
23396,250,224,26
23397,847,747,100
23398,134,117,17
23399,333,289,44
23400,178,163,15
23401,237,193,44
23402,95,85,10
23403,116,102,14
23404,122,112,10
23405,581,505,76
23406,97,88,9
23407,86,76,10
23408,221,193,28
23409,217,194,23
23410,230,206,24
23411,88,81,7
23412,182,159,23
23413,193,166,27
23414,819,718,101
23415,108,84,24
23416,104,82,22
23417,299,256,43
23418,143,119,24
23419,378,335,43
23420,347,303,44
23421,544,481,63
23422,73,66,7
23423,369,320,49
23424,129,112,17
23425,41,36,5
23426,170,159,11
23427,130,114,16
23428,528,461,67
23429,240,217,23
23430,265,236,29
23431,164,152,12
23432,199,170,29
23433,237,208,29
23434,129,108,21
23435,998,893,105
23436,568,516,52
23437,217,188,29
23438,190,167,23
23439,43,41,2
23440,65,60,5
23441,195,177,18
23442,360,316,44
23443,857,763,94
23444,88,75,13
23445,207,194,13
23446,202,186,16
23447,387,348,39
23448,230,212,18
23449,138,119,19
23450,232,207,25
23451,443,402,41
23452,229,201,28
23453,105,90,15
23454,767,669,98
23455,60,49,11
23456,410,374,36
23457,69,57,12
23458,295,261,34
23459,132,109,23
23460,115,108,7
23461,52,48,4
23462,155,134,21
23463,126,107,19
23464,49,44,5
23465,104,89,15
23466,249,220,29
23467,146,133,13
23468,179,152,27
23469,134,122,12
23470,209,175,34
23471,159,134,25
23472,165,151,14
23473,153,136,17
23474,129,116,13
23475,166,155,11
23476,167,133,34
23477,338,309,29
23478,89,75,14
23479,140,125,15
23480,418,352,66
23481,102,85,17
23482,163,141,22
23483,63,59,4
23484,194,168,26
23485,128,121,7
23486,54,41,13
23487,232,205,27
23488,239,217,22
23489,488,424,64
23490,169,148,21
23491,150,129,21
23492,159,147,12
23493,246,221,25
23494,129,112,17
23495,130,117,13
23496,149,132,17
23497,141,127,14
23498,231,202,29
23499,129,118,11
23500,130,116,14
23501,129,122,7
23502,248,230,18
23503,115,97,18
23504,118,106,12
23505,163,142,21
23506,434,382,52
23507,371,327,44
23508,141,128,13
23509,105,92,13
23510,132,117,15
23511,154,135,19
23512,126,117,9
23513,303,265,38
23514,172,156,16
23515,164,134,30
23516,149,133,16
23517,103,90,13
23518,261,235,26
23519,404,346,58
23520,409,368,41
23521,817,717,100
23522,211,178,33
23523,151,125,26
23524,822,714,108
23525,184,163,21
23526,601,505,96
23527,75,69,6
23528,139,128,11
23529,198,170,28
23530,689,624,65
23531,184,170,14
23532,284,243,41
23533,537,472,65
23534,173,156,17
23535,334,307,27
23536,153,135,18
23537,165,150,15
23538,374,344,30
23539,128,116,12
23540,146,131,15
23541,223,187,36
23542,151,137,14
23543,126,111,15
23544,129,119,10
23545,142,129,13
23546,136,124,12
23547,120,112,8
23548,132,115,17
23549,340,304,36
23550,91,78,13
23551,127,116,11
23552,390,344,46
23553,166,150,16
23554,132,118,14
23555,70,64,6
23556,187,171,16
23557,387,348,39
23558,211,186,25
23559,91,83,8
23560,152,143,9
23561,199,176,23
23562,170,143,27
23563,171,152,19
23564,253,231,22
23565,209,186,23
23566,177,162,15
23567,270,243,27
23568,544,497,47
23569,131,120,11
23570,158,148,10
23571,247,211,36
23572,111,107,4
23573,227,193,34
23574,185,157,28
23575,109,102,7
23576,192,163,29
23577,129,115,14
23578,97,86,11
23579,173,146,27
23580,81,72,9
23581,394,366,28
23582,610,549,61
23583,318,282,36
23584,347,304,43
23585,79,68,11
23586,182,155,27
23587,169,151,18
23588,455,397,58
23589,129,117,12
23590,98,90,8
23591,646,583,63
23592,101,93,8
23593,231,209,22
23594,569,518,51
23595,668,610,58
23596,230,201,29
23597,51,50,1
23598,186,161,25
23599,157,144,13
23600,117,107,10
23601,319,290,29
23602,427,389,38
23603,166,154,12
23604,106,98,8
23605,172,154,18
23606,126,112,14
23607,122,116,6
23608,103,87,16
23609,14,13,1
23610,221,189,32
23611,135,121,14
23612,144,131,13
23613,129,108,21
23614,131,116,15
23615,141,126,15
23616,211,188,23
23617,76,68,8
23618,92,75,17
23619,56,53,3
23620,478,426,52
23621,92,85,7
23622,489,439,50
23623,126,107,19
23624,194,171,23
23625,282,255,27
23626,375,336,39
23627,276,241,35
23628,124,108,16
23629,324,278,46
23630,189,172,17
23631,150,132,18
23632,146,127,19
23633,203,175,28
23634,189,162,27
23635,202,182,20
23636,201,176,25
23637,169,148,21
23638,140,127,13
23639,201,188,13
23640,208,186,22
23641,130,121,9
23642,117,104,13
23643,313,279,34
23644,439,405,34
23645,717,654,63
23646,148,133,15
23647,141,133,8
23648,204,179,25
23649,426,379,47
23650,149,133,16
23651,318,281,37
23652,146,135,11
23653,149,129,20
23654,81,76,5
23655,330,285,45
23656,138,120,18
23657,265,236,29
23658,284,262,22
23659,190,167,23
23660,253,210,43
23661,131,116,15
23662,217,192,25
23663,266,238,28
23664,391,339,52
23665,139,131,8
23666,121,106,15
23667,383,339,44
23668,206,184,22
23669,236,208,28
23670,196,169,27
23671,52,47,5
23672,143,134,9
23673,75,63,12
23674,325,289,36
23675,306,268,38
23676,211,181,30
23677,120,107,13
23678,250,233,17
23679,151,140,11
23680,53,47,6
23681,381,334,47
23682,370,335,35
23683,125,108,17
23684,382,342,40
23685,176,155,21
23686,273,253,20
23687,312,273,39
23688,172,153,19
23689,299,265,34
23690,319,281,38
23691,515,449,66
23692,155,132,23
23693,132,122,10
23694,278,257,21
23695,174,160,14
23696,449,383,66
23697,135,120,15
23698,78,70,8
23699,143,122,21
23700,286,263,23
23701,142,121,21
23702,163,145,18
23703,127,110,17
23704,167,149,18
23705,402,366,36
23706,545,497,48
23707,216,184,32
23708,189,165,24
23709,158,143,15
23710,264,237,27
23711,141,132,9
23712,318,283,35
23713,542,471,71
23714,176,156,20
23715,136,125,11
23716,87,76,11
23717,154,137,17
23718,268,227,41
23719,260,235,25
23720,492,410,82
23721,172,147,25
23722,568,500,68
23723,346,312,34
23724,219,200,19
23725,125,110,15
23726,245,224,21
23727,340,300,40
23728,66,63,3
23729,265,223,42
23730,361,311,50
23731,150,135,15
23732,319,284,35
23733,245,210,35
23734,467,406,61
23735,241,206,35
23736,147,126,21
23737,933,789,144
23738,217,189,28
23739,178,161,17
23740,128,116,12
23741,185,162,23
23742,201,176,25
23743,187,152,35
23744,106,95,11
23745,61,55,6
23746,108,94,14
23747,105,98,7
23748,392,347,45
23749,63,55,8
23750,123,106,17
23751,151,136,15
23752,212,192,20
23753,352,314,38
23754,74,71,3
23755,292,259,33
23756,171,150,21
23757,167,146,21
23758,78,71,7
23759,410,367,43
23760,261,226,35
23761,67,59,8
23762,153,138,15
23763,410,359,51
23764,208,189,19
23765,213,184,29
23766,338,285,53
23767,149,131,18
23768,301,257,44
23769,191,164,27
23770,547,459,88
23771,130,116,14
23772,232,200,32
23773,335,296,39
23774,108,99,9
23775,135,114,21
23776,123,108,15
23777,103,91,12
23778,237,207,30
23779,469,416,53
23780,70,62,8
23781,277,232,45
23782,432,366,66
23783,51,42,9
23784,214,192,22
23785,141,132,9
23786,325,296,29
23787,453,407,46
23788,203,183,20
23789,593,506,87
23790,147,137,10
23791,307,282,25
23792,171,152,19
23793,334,299,35
23794,169,148,21
23795,108,95,13
23796,266,229,37
23797,296,257,39
23798,307,280,27
23799,116,100,16
23800,179,157,22
23801,217,193,24
23802,207,178,29
23803,173,150,23
23804,136,121,15
23805,217,192,25
23806,312,248,64
23807,513,438,75
23808,152,126,26
23809,1014,906,108
23810,604,508,96
23811,773,683,90
23812,313,276,37
23813,585,516,69
23814,180,135,45
23815,948,826,122
23816,1118,957,161
23817,245,224,21
23818,103,96,7
23819,231,214,17
23820,184,174,10
23821,430,380,50
23822,118,102,16
23823,421,383,38
23824,201,171,30
23825,168,152,16
23826,168,153,15
23827,137,128,9
23828,214,183,31
23829,145,121,24
23830,244,222,22
23831,195,174,21
23832,226,208,18
23833,337,292,45
23834,572,527,45
23835,619,553,66
23836,177,164,13
23837,155,135,20
23838,129,117,12
23839,347,318,29
23840,398,347,51
23841,128,112,16
23842,448,404,44
23843,185,164,21
23844,186,169,17
23845,138,123,15
23846,151,140,11
23847,241,216,25
23848,174,148,26
23849,196,172,24
23850,128,116,12
23851,338,306,32
23852,116,111,5
23853,155,141,14
23854,348,303,45
23855,390,334,56
23856,54,46,8
23857,42,36,6
23858,100,91,9
23859,90,82,8
23860,111,94,17
23861,106,92,14
23862,118,105,13
23863,294,249,45
23864,169,144,25
23865,129,117,12
23866,138,120,18
23867,148,130,18
23868,145,119,26
23869,698,601,97
23870,130,117,13
23871,215,200,15
23872,118,107,11
23873,246,227,19
23874,375,342,33
23875,99,88,11
23876,440,381,59
23877,46,44,2
23878,165,146,19
23879,110,102,8
23880,128,107,21
23881,142,124,18
23882,130,117,13
23883,283,264,19
23884,133,121,12
23885,198,175,23
23886,638,544,94
23887,225,202,23
23888,140,131,9
23889,69,64,5
23890,182,163,19
23891,130,120,10
23892,437,408,29
23893,73,66,7
23894,170,149,21
23895,285,257,28
23896,124,116,8
23897,100,89,11
23898,304,265,39
23899,517,456,61
23900,548,513,35
23901,113,103,10
23902,176,161,15
23903,127,116,11
23904,108,99,9
23905,161,144,17
23906,152,141,11
23907,140,131,9
23908,188,168,20
23909,352,322,30
23910,57,47,10
23911,122,111,11
23912,34,30,4
23913,488,436,52
23914,340,307,33
23915,264,240,24
23916,92,79,13
23917,229,198,31
23918,132,119,13
23919,288,241,47
23920,155,137,18
23921,392,352,40
23922,130,117,13
23923,183,157,26
23924,161,146,15
23925,375,327,48
23926,203,182,21
23927,172,155,17
23928,142,126,16
23929,450,402,48
23930,141,125,16
23931,90,78,12
23932,162,137,25
23933,150,134,16
23934,122,111,11
23935,162,145,17
23936,156,144,12
23937,310,274,36
23938,126,107,19
23939,133,122,11
23940,130,116,14
23941,194,176,18
23942,131,113,18
23943,199,175,24
23944,197,177,20
23945,234,213,21
23946,304,280,24
23947,246,206,40
23948,188,169,19
23949,279,249,30
23950,357,320,37
23951,55,48,7
23952,435,368,67
23953,107,95,12
23954,181,150,31
23955,302,273,29
23956,137,127,10
23957,132,117,15
23958,232,201,31
23959,209,178,31
23960,342,312,30
23961,120,110,10
23962,274,244,30
23963,69,69,0
23964,681,610,71
23965,128,115,13
23966,385,350,35
23967,183,159,24
23968,117,109,8
23969,100,91,9
23970,197,172,25
23971,212,185,27
23972,179,158,21
23973,87,82,5
23974,106,102,4
23975,150,137,13
23976,109,97,12
23977,156,139,17
23978,545,477,68
23979,137,124,13
23980,143,131,12
23981,130,120,10
23982,236,214,22
23983,379,321,58
23984,167,147,20
23985,216,199,17
23986,166,150,16
23987,100,90,10
23988,120,110,10
23989,119,104,15
23990,299,264,35
23991,107,91,16
23992,236,219,17
23993,789,716,73
23994,179,161,18
23995,145,125,20
23996,195,171,24
23997,224,200,24
23998,85,76,9
23999,301,261,40
24000,303,270,33
24001,98,85,13
24002,145,126,19
24003,464,422,42
24004,270,247,23
24005,256,219,37
24006,268,240,28
24007,144,134,10
24008,162,147,15
24009,286,258,28
24010,100,87,13
24011,208,193,15
24012,508,436,72
24013,133,118,15
24014,157,146,11
24015,211,196,15
24016,137,131,6
24017,407,378,29
24018,214,191,23
24019,127,117,10
24020,122,113,9
24021,125,113,12
24022,29,24,5
24023,85,76,9
24024,22,20,2
24025,112,102,10
24026,207,181,26
24027,276,256,20
24028,46,41,5
24029,271,243,28
24030,297,258,39
24031,148,126,22
24032,188,171,17
24033,361,318,43
24034,562,488,74
24035,276,240,36
24036,225,203,22
24037,179,156,23
24038,279,245,34
24039,481,434,47
24040,281,251,30
24041,866,769,97
24042,113,104,9
24043,143,132,11
24044,130,114,16
24045,419,376,43
24046,534,480,54
24047,162,149,13
24048,200,180,20
24049,262,231,31
24050,322,280,42
24051,559,505,54
24052,119,110,9
24053,152,144,8
24054,145,131,14
24055,667,606,61
24056,776,689,87
24057,661,585,76
24058,285,252,33
24059,159,136,23
24060,130,113,17
24061,162,135,27
24062,212,193,19
24063,162,146,16
24064,116,101,15
24065,49,45,4
24066,193,168,25
24067,281,262,19
24068,180,170,10
24069,117,109,8
24070,234,211,23
24071,148,138,10
24072,586,522,64
24073,491,447,44
24074,344,309,35
24075,91,84,7
24076,140,121,19
24077,348,322,26
24078,61,54,7
24079,152,139,13
24080,261,232,29
24081,93,80,13
24082,103,94,9
24083,91,86,5
24084,115,106,9
24085,103,91,12
24086,452,399,53
24087,340,293,47
24088,500,455,45
24089,314,271,43
24090,69,65,4
24091,642,562,80
24092,129,124,5
24093,166,153,13
24094,349,307,42
24095,182,163,19
24096,217,198,19
24097,292,259,33
24098,745,653,92
24099,146,133,13
24100,179,161,18
24101,233,208,25
24102,1344,1200,144
24103,229,204,25
24104,764,675,89
24105,221,197,24
24106,545,479,66
24107,908,812,96
24108,417,368,49
24109,179,157,22
24110,156,136,20
24111,107,97,10
24112,116,102,14
24113,148,136,12
24114,270,236,34
24115,132,117,15
24116,59,54,5
24117,144,124,20
24118,203,179,24
24119,121,105,16
24120,585,529,56
24121,272,237,35
24122,73,65,8
24123,193,168,25
24124,79,71,8
24125,245,219,26
24126,118,105,13
24127,177,159,18
24128,386,332,54
24129,267,230,37
24130,579,514,65
24131,417,377,40
24132,90,81,9
24133,111,98,13
24134,183,161,22
24135,232,201,31
24136,71,58,13
24137,395,350,45
24138,88,79,9
24139,134,123,11
24140,372,331,41
24141,158,140,18
24142,182,170,12
24143,187,171,16
24144,294,270,24
24145,203,181,22
24146,59,52,7
24147,48,46,2
24148,73,61,12
24149,66,57,9
24150,175,155,20
24151,200,181,19
24152,176,160,16
24153,164,135,29
24154,186,158,28
24155,243,201,42
24156,721,655,66
24157,250,222,28
24158,180,156,24
24159,360,320,40
24160,68,59,9
24161,207,172,35
24162,175,156,19
24163,57,51,6
24164,141,125,16
24165,94,78,16
24166,53,46,7
24167,77,69,8
24168,124,115,9
24169,235,205,30
24170,373,332,41
24171,463,401,62
24172,138,124,14
24173,68,60,8
24174,109,98,11
24175,117,101,16
24176,118,111,7
24177,144,128,16
24178,428,375,53
24179,232,207,25
24180,256,238,18
24181,261,220,41
24182,130,113,17
24183,483,426,57
24184,86,75,11
24185,748,643,105
24186,148,129,19
24187,174,146,28
24188,648,586,62
24189,186,163,23
24190,800,717,83
24191,166,148,18
24192,142,124,18
24193,206,187,19
24194,209,188,21
24195,138,124,14
24196,251,228,23
24197,128,110,18
24198,172,152,20
24199,126,118,8
24200,380,345,35
24201,68,61,7
24202,127,115,12
24203,72,68,4
24204,113,103,10
24205,124,107,17
24206,337,296,41
24207,182,165,17
24208,197,174,23
24209,89,79,10
24210,366,319,47
24211,237,213,24
24212,223,205,18
24213,655,577,78
24214,171,154,17
24215,339,311,28
24216,353,311,42
24217,64,58,6
24218,44,42,2
24219,224,198,26
24220,136,123,13
24221,128,119,9
24222,217,193,24
24223,390,353,37
24224,185,172,13
24225,245,222,23
24226,131,119,12
24227,156,146,10
24228,209,187,22
24229,262,240,22
24230,154,138,16
24231,257,222,35
24232,504,444,60
24233,141,135,6
24234,122,111,11
24235,167,146,21
24236,131,124,7
24237,347,320,27
24238,195,169,26
24239,498,445,53
24240,281,246,35
24241,221,206,15
24242,184,168,16
24243,59,53,6
24244,127,113,14
24245,124,111,13
24246,323,296,27
24247,304,275,29
24248,140,124,16
24249,128,118,10
24250,238,217,21
24251,142,124,18
24252,433,393,40
24253,111,104,7
24254,204,188,16
24255,106,95,11
24256,156,146,10
24257,142,123,19
24258,153,131,22
24259,119,101,18
24260,173,145,28
24261,137,118,19
24262,373,322,51
24263,284,247,37
24264,164,147,17
24265,134,123,11
24266,90,83,7
24267,343,296,47
24268,269,226,43
24269,438,379,59
24270,158,139,19
24271,372,337,35
24272,102,87,15
24273,128,114,14
24274,246,222,24
24275,220,191,29
24276,124,111,13
24277,264,233,31
24278,141,126,15
24279,175,151,24
24280,257,216,41
24281,165,137,28
24282,165,150,15
24283,129,118,11
24284,185,178,7
24285,130,111,19
24286,134,111,23
24287,412,370,42
24288,158,144,14
24289,153,144,9
24290,193,177,16
24291,123,113,10
24292,858,754,104
24293,717,663,54
24294,172,157,15
24295,448,398,50
24296,338,304,34
24297,125,110,15
24298,462,426,36
24299,117,106,11
24300,471,413,58
24301,286,263,23
24302,159,137,22
24303,141,130,11
24304,98,92,6
24305,188,157,31
24306,51,44,7
24307,84,72,12
24308,158,144,14
24309,564,504,60
24310,112,100,12
24311,187,170,17
24312,47,38,9
24313,160,146,14
24314,151,138,13
24315,290,258,32
24316,252,219,33
24317,265,233,32
24318,188,160,28
24319,249,209,40
24320,56,50,6
24321,455,399,56
24322,44,40,4
24323,161,139,22
24324,155,139,16
24325,376,345,31
24326,411,365,46
24327,85,75,10
24328,698,623,75
24329,379,337,42
24330,123,104,19
24331,243,218,25
24332,389,346,43
24333,83,73,10
24334,124,109,15
24335,148,140,8
24336,77,69,8
24337,139,117,22
24338,90,82,8
24339,532,472,60
24340,129,114,15
24341,628,585,43
24342,185,167,18
24343,178,157,21
24344,188,168,20
24345,401,368,33
24346,146,129,17
24347,188,154,34
24348,259,225,34
24349,160,138,22
24350,266,229,37
24351,992,903,89
24352,145,130,15
24353,207,183,24
24354,105,95,10
24355,121,109,12
24356,129,121,8
24357,119,102,17
24358,564,488,76
24359,127,110,17
24360,189,183,6
24361,118,98,20
24362,214,197,17
24363,299,275,24
24364,431,390,41
24365,226,210,16
24366,132,123,9
24367,144,124,20
24368,362,322,40
24369,437,392,45
24370,250,209,41
24371,287,249,38
24372,304,278,26
24373,144,130,14
24374,308,273,35
24375,408,367,41
24376,153,138,15
24377,471,431,40
24378,197,167,30
24379,222,197,25
24380,920,837,83
24381,129,120,9
24382,155,140,15
24383,75,64,11
24384,234,216,18
24385,110,101,9
24386,313,284,29
24387,184,163,21
24388,139,126,13
24389,122,108,14
24390,132,118,14
24391,153,135,18
24392,142,121,21
24393,219,202,17
24394,526,464,62
24395,204,181,23
24396,253,228,25
24397,129,115,14
24398,606,540,66
24399,163,147,16
24400,131,120,11
24401,278,252,26
24402,125,111,14
24403,167,145,22
24404,177,152,25
24405,134,118,16
24406,102,94,8
24407,144,129,15
24408,125,105,20
24409,174,161,13
24410,405,373,32
24411,250,220,30
24412,342,296,46
24413,56,48,8
24414,249,225,24
24415,113,102,11
24416,131,116,15
24417,123,100,23
24418,199,185,14
24419,146,134,12
24420,213,194,19
24421,62,57,5
24422,198,168,30
24423,130,124,6
24424,53,48,5
24425,308,276,32
24426,337,295,42
24427,552,503,49
24428,153,141,12
24429,326,290,36
24430,476,410,66
24431,116,104,12
24432,132,119,13
24433,140,132,8
24434,140,122,18
24435,208,186,22
24436,121,110,11
24437,197,176,21
24438,113,102,11
24439,162,144,18
24440,123,116,7
24441,136,121,15
24442,152,131,21
24443,178,155,23
24444,205,181,24
24445,356,310,46
24446,137,125,12
24447,391,316,75
24448,178,159,19
24449,201,184,17
24450,75,70,5
24451,132,127,5
24452,64,60,4
24453,55,50,5
24454,275,236,39
24455,113,98,15
24456,217,205,12
24457,73,68,5
24458,128,120,8
24459,147,124,23
24460,282,257,25
24461,169,144,25
24462,239,206,33
24463,109,98,11
24464,800,691,109
24465,278,257,21
24466,325,281,44
24467,119,102,17
24468,221,199,22
24469,150,137,13
24470,67,57,10
24471,340,303,37
24472,133,119,14
24473,140,130,10
24474,163,141,22
24475,131,120,11
24476,205,179,26
24477,127,114,13
24478,139,121,18
24479,207,188,19
24480,595,522,73
24481,81,69,12
24482,136,122,14
24483,148,130,18
24484,719,630,89
24485,121,115,6
24486,192,171,21
24487,227,198,29
24488,60,53,7
24489,348,319,29
24490,172,156,16
24491,266,242,24
24492,134,123,11
24493,249,219,30
24494,114,108,6
24495,143,126,17
24496,164,156,8
24497,138,125,13
24498,534,463,71
24499,126,120,6
24500,173,149,24
24501,111,97,14
24502,119,107,12
24503,165,153,12
24504,753,676,77
24505,116,103,13
24506,200,180,20
24507,140,116,24
24508,260,229,31
24509,244,216,28
24510,131,117,14
24511,288,250,38
24512,124,115,9
24513,955,843,112
24514,287,267,20
24515,120,115,5
24516,154,139,15
24517,142,131,11
24518,46,41,5
24519,470,423,47
24520,142,131,11
24521,349,317,32
24522,1015,896,119
24523,55,48,7
24524,104,93,11
24525,75,70,5
24526,188,171,17
24527,47,45,2
24528,40,36,4
24529,93,79,14
24530,272,234,38
24531,106,95,11
24532,124,106,18
24533,184,169,15
24534,296,271,25
24535,47,39,8
24536,40,35,5
24537,175,164,11
24538,145,128,17
24539,164,147,17
24540,997,895,102
24541,232,209,23
24542,193,181,12
24543,114,95,19
24544,723,616,107
24545,139,123,16
24546,178,151,27
24547,265,235,30
24548,359,315,44
24549,137,117,20
24550,174,155,19
24551,485,432,53
24552,36,32,4
24553,174,156,18
24554,157,130,27
24555,195,165,30
24556,420,369,51
24557,129,115,14
24558,250,208,42
24559,284,248,36
24560,155,139,16
24561,482,423,59
24562,264,232,32
24563,329,289,40
24564,132,116,16
24565,123,109,14
24566,125,106,19
24567,258,232,26
24568,119,105,14
24569,400,342,58
24570,213,187,26
24571,135,121,14
24572,122,109,13
24573,184,155,29
24574,152,144,8
24575,126,107,19
24576,407,352,55
24577,228,205,23
24578,268,242,26
24579,180,158,22
24580,294,261,33
24581,110,103,7
24582,399,350,49
24583,271,250,21
24584,136,128,8
24585,111,104,7
24586,222,194,28
24587,109,98,11
24588,270,244,26
24589,121,108,13
24590,137,122,15
24591,148,138,10
24592,201,175,26
24593,252,226,26
24594,187,157,30
24595,135,123,12
24596,440,382,58
24597,236,199,37
24598,162,144,18
24599,245,217,28
24600,238,213,25
24601,284,240,44
24602,132,125,7
24603,135,111,24
24604,405,350,55
24605,137,126,11
24606,633,564,69
24607,353,313,40
24608,337,299,38
24609,31,29,2
24610,149,136,13
24611,215,189,26
24612,217,184,33
24613,190,175,15
24614,192,172,20
24615,237,212,25
24616,167,151,16
24617,128,117,11
24618,232,213,19
24619,226,209,17
24620,248,222,26
24621,465,422,43
24622,135,122,13
24623,231,205,26
24624,165,149,16
24625,118,103,15
24626,148,135,13
24627,104,93,11
24628,81,67,14
24629,96,83,13
24630,59,54,5
24631,403,359,44
24632,561,499,62
24633,248,216,32
24634,124,118,6
24635,190,169,21
24636,66,61,5
24637,616,564,52
24638,178,154,24
24639,118,104,14
24640,77,66,11
24641,98,95,3
24642,156,138,18
24643,58,48,10
24644,43,36,7
24645,126,104,22
24646,99,87,12
24647,50,43,7
24648,347,295,52
24649,211,178,33
24650,483,411,72
24651,209,188,21
24652,99,81,18
24653,75,71,4
24654,523,457,66
24655,260,220,40
24656,272,237,35
24657,271,230,41
24658,260,214,46
24659,138,119,19
24660,94,88,6
24661,231,202,29
24662,144,130,14
24663,361,317,44
24664,136,120,16
24665,158,145,13
24666,155,134,21
24667,116,101,15
24668,105,99,6
24669,147,137,10
24670,136,122,14
24671,82,75,7
24672,119,108,11
24673,147,138,9
24674,215,184,31
24675,171,158,13
24676,99,90,9
24677,522,465,57
24678,423,371,52
24679,160,137,23
24680,200,176,24
24681,171,149,22
24682,238,215,23
24683,104,91,13
24684,147,130,17
24685,597,506,91
24686,111,91,20
24687,260,228,32
24688,191,167,24
24689,68,62,6
24690,100,96,4
24691,167,148,19
24692,95,84,11
24693,48,43,5
24694,138,127,11
24695,167,154,13
24696,294,272,22
24697,148,139,9
24698,138,121,17
24699,127,114,13
24700,73,66,7
24701,134,118,16
24702,179,159,20
24703,128,112,16
24704,98,88,10
24705,387,342,45
24706,426,380,46
24707,242,210,32
24708,245,224,21
24709,105,93,12
24710,129,114,15
24711,191,167,24
24712,121,110,11
24713,169,144,25
24714,183,156,27
24715,108,100,8
24716,141,119,22
24717,271,239,32
24718,533,468,65
24719,410,371,39
24720,185,158,27
24721,230,186,44
24722,169,160,9
24723,287,247,40
24724,372,344,28
24725,731,657,74
24726,103,82,21
24727,176,145,31
24728,100,86,14
24729,456,391,65
24730,325,276,49
24731,129,119,10
24732,136,116,20
24733,543,476,67
24734,116,103,13
24735,114,95,19
24736,298,272,26
24737,329,286,43
24738,308,267,41
24739,147,123,24
24740,922,833,89
24741,189,172,17
24742,358,311,47
24743,103,88,15
24744,669,591,78
24745,124,111,13
24746,313,279,34
24747,292,251,41
24748,84,75,9
24749,320,274,46
24750,559,496,63
24751,233,210,23
24752,125,109,16
24753,1014,893,121
24754,149,136,13
24755,132,118,14
24756,85,73,12
24757,306,260,46
24758,149,136,13
24759,195,173,22
24760,214,196,18
24761,214,194,20
24762,70,64,6
24763,179,160,19
24764,230,203,27
24765,153,126,27
24766,235,204,31
24767,137,125,12
24768,111,101,10
24769,114,106,8
24770,152,134,18
24771,194,179,15
24772,328,292,36
24773,276,235,41
24774,97,86,11
24775,274,240,34
24776,165,152,13
24777,176,158,18
24778,299,270,29
24779,144,131,13
24780,93,86,7
24781,88,81,7
24782,109,97,12
24783,170,152,18
24784,283,258,25
24785,285,260,25
24786,195,179,16
24787,179,164,15
24788,125,108,17
24789,127,112,15
24790,122,108,14
24791,142,123,19
24792,130,117,13
24793,197,174,23
24794,144,126,18
24795,120,108,12
24796,206,181,25
24797,146,127,19
24798,196,166,30
24799,128,116,12
24800,125,111,14
24801,94,86,8
24802,780,698,82
24803,188,174,14
24804,60,55,5
24805,163,145,18
24806,177,158,19
24807,185,162,23
24808,139,122,17
24809,148,128,20
24810,171,154,17
24811,177,156,21
24812,975,865,110
24813,130,116,14
24814,361,322,39
24815,625,560,65
24816,306,265,41
24817,392,340,52
24818,246,227,19
24819,137,122,15
24820,404,341,63
24821,140,125,15
24822,363,333,30
24823,134,123,11
24824,146,129,17
24825,182,163,19
24826,142,128,14
24827,147,126,21
24828,306,275,31
24829,248,222,26
24830,185,171,14
24831,190,163,27
24832,130,117,13
24833,104,97,7
24834,169,150,19
24835,144,125,19
24836,281,253,28
24837,170,158,12
24838,221,191,30
24839,139,119,20
24840,157,137,20
24841,145,128,17
24842,173,147,26
24843,130,116,14
24844,129,109,20
24845,127,120,7
24846,148,139,9
24847,335,302,33
24848,184,174,10
24849,144,129,15
24850,197,177,20
24851,240,214,26
24852,186,171,15
24853,150,138,12
24854,211,191,20
24855,118,107,11
24856,287,246,41
24857,118,104,14
24858,144,118,26
24859,106,95,11
24860,157,145,12
24861,242,210,32
24862,249,221,28
24863,477,416,61
24864,563,499,64
24865,118,106,12
24866,327,293,34
24867,187,164,23
24868,112,97,15
24869,111,99,12
24870,123,101,22
24871,264,237,27
24872,566,480,86
24873,653,568,85
24874,442,395,47
24875,122,111,11
24876,118,98,20
24877,65,57,8
24878,131,117,14
24879,143,125,18
24880,282,249,33
24881,140,124,16
24882,214,190,24
24883,177,149,28
24884,143,121,22
24885,121,110,11
24886,348,311,37
24887,361,317,44
24888,302,257,45
24889,184,172,12
24890,45,37,8
24891,71,62,9
24892,125,105,20
24893,382,329,53
24894,497,444,53
24895,481,432,49
24896,201,171,30
24897,99,87,12
24898,172,158,14
24899,122,112,10
24900,118,104,14
24901,141,126,15
24902,74,62,12
24903,411,366,45
24904,372,334,38
24905,232,215,17
24906,138,114,24
24907,154,147,7
24908,234,199,35
24909,113,101,12
24910,299,262,37
24911,138,124,14
24912,261,227,34
24913,170,145,25
24914,229,206,23
24915,150,140,10
24916,170,154,16
24917,114,105,9
24918,920,806,114
24919,133,117,16
24920,192,164,28
24921,124,109,15
24922,143,125,18
24923,106,89,17
24924,642,559,83
24925,170,151,19
24926,325,275,50
24927,128,118,10
24928,292,263,29
24929,163,142,21
24930,233,209,24
24931,1001,919,82
24932,168,148,20
24933,76,66,10
24934,109,101,8
24935,222,205,17
24936,42,38,4
24937,96,84,12
24938,991,890,101
24939,197,170,27
24940,63,51,12
24941,150,133,17
24942,124,110,14
24943,212,191,21
24944,329,289,40
24945,306,269,37
24946,161,146,15
24947,101,91,10
24948,144,131,13
24949,161,135,26
24950,552,490,62
24951,122,103,19
24952,123,106,17
24953,260,236,24
24954,144,122,22
24955,211,186,25
24956,394,339,55
24957,221,200,21
24958,193,164,29
24959,232,206,26
24960,198,181,17
24961,48,43,5
24962,101,89,12
24963,122,111,11
24964,266,237,29
24965,496,435,61
24966,437,398,39
24967,81,73,8
24968,142,131,11
24969,86,79,7
24970,213,188,25
24971,151,133,18
24972,261,229,32
24973,201,182,19
24974,34,32,2
24975,505,459,46
24976,113,107,6
24977,74,67,7
24978,59,53,6
24979,81,69,12
24980,63,56,7
24981,131,117,14
24982,132,118,14
24983,51,41,10
24984,86,75,11
24985,129,115,14
24986,351,316,35
24987,219,194,25
24988,497,447,50
24989,271,241,30
24990,780,715,65
24991,555,488,67
24992,53,48,5
24993,201,173,28
24994,241,211,30
24995,285,260,25
24996,154,140,14
24997,303,277,26
24998,231,199,32
24999,143,126,17
25000,153,134,19
25001,352,305,47
25002,247,223,24
25003,128,114,14
25004,205,174,31
25005,315,269,46
25006,344,303,41
25007,143,127,16
25008,174,160,14
25009,960,827,133
25010,256,230,26
25011,146,129,17
25012,214,188,26
25013,165,154,11
25014,111,103,8
25015,361,320,41
25016,207,174,33
25017,703,589,114
25018,191,167,24
25019,131,111,20
25020,305,270,35
25021,191,165,26
25022,204,171,33
25023,48,44,4
25024,99,86,13
25025,140,119,21
25026,269,234,35
25027,128,114,14
25028,162,141,21
25029,1005,832,173
25030,523,461,62
25031,160,133,27
25032,981,822,159
25033,146,129,17
25034,251,200,51
25035,763,656,107
25036,319,273,46
25037,119,108,11
25038,742,629,113
25039,139,130,9
25040,190,173,17
25041,304,260,44
25042,509,444,65
25043,58,44,14
25044,216,191,25
25045,91,77,14
25046,80,63,17
25047,462,391,71
25048,193,166,27
25049,525,438,87
25050,487,409,78
25051,49,45,4
25052,159,132,27
25053,119,97,22
25054,870,736,134
25055,828,707,121
25056,123,106,17
25057,526,477,49
25058,221,184,37
25059,134,116,18
25060,248,218,30
25061,160,146,14
25062,253,228,25
25063,159,144,15
25064,152,132,20
25065,108,99,9
25066,161,135,26
25067,57,49,8
25068,47,41,6
25069,136,122,14
25070,57,50,7
25071,69,63,6
25072,154,138,16
25073,174,156,18
25074,162,137,25
25075,264,232,32
25076,247,217,30
25077,560,471,89
25078,69,61,8
25079,537,463,74
25080,255,230,25
25081,173,150,23
25082,207,179,28
25083,152,126,26
25084,107,93,14
25085,36,29,7
25086,137,124,13
25087,98,77,21
25088,149,132,17
25089,201,177,24
25090,185,163,22
25091,143,123,20
25092,196,178,18
25093,238,212,26
25094,134,126,8
25095,209,178,31
25096,228,209,19
25097,201,186,15
25098,430,372,58
25099,142,126,16
25100,295,257,38
25101,144,131,13
25102,132,124,8
25103,209,188,21
25104,617,538,79
25105,230,210,20
25106,208,179,29
25107,463,414,49
25108,374,312,62
25109,196,171,25
25110,127,115,12
25111,179,158,21
25112,214,183,31
25113,556,477,79
25114,194,162,32
25115,431,387,44
25116,213,196,17
25117,1028,949,79
25118,940,798,142
25119,196,170,26
25120,320,283,37
25121,591,542,49
25122,161,144,17
25123,140,124,16
25124,220,199,21
25125,250,223,27
25126,144,124,20
25127,176,150,26
25128,63,57,6
25129,46,42,4
25130,51,46,5
25131,450,396,54
25132,71,63,8
25133,139,119,20
25134,103,94,9
25135,130,117,13
25136,92,80,12
25137,163,144,19
25138,435,395,40
25139,34,31,3
25140,225,206,19
25141,72,63,9
25142,91,78,13
25143,255,224,31
25144,249,211,38
25145,305,273,32
25146,396,347,49
25147,133,117,16
25148,245,217,28
25149,156,134,22
25150,522,469,53
25151,124,112,12
25152,159,146,13
25153,146,130,16
25154,546,477,69
25155,101,89,12
25156,145,122,23
25157,375,339,36
25158,147,132,15
25159,293,251,42
25160,179,152,27
25161,115,99,16
25162,161,137,24
25163,75,62,13
25164,449,399,50
25165,351,310,41
25166,577,514,63
25167,319,275,44
25168,170,146,24
25169,133,125,8
25170,138,127,11
25171,149,131,18
25172,155,134,21
25173,114,97,17
25174,124,110,14
25175,249,221,28
25176,231,194,37
25177,139,119,20
25178,747,647,100
25179,151,129,22
25180,176,156,20
25181,300,246,54
25182,155,138,17
25183,235,202,33
25184,183,156,27
25185,1009,903,106
25186,390,347,43
25187,220,190,30
25188,170,153,17
25189,392,346,46
25190,621,537,84
25191,518,448,70
25192,50,44,6
25193,64,54,10
25194,45,39,6
25195,56,50,6
25196,63,53,10
25197,103,90,13
25198,129,116,13
25199,222,195,27
25200,214,192,22
25201,172,151,21
25202,215,187,28
25203,259,210,49
25204,129,114,15
25205,302,265,37
25206,108,95,13
25207,129,116,13
25208,150,133,17
25209,119,106,13
25210,147,121,26
25211,112,96,16
25212,157,142,15
25213,210,181,29
25214,454,383,71
25215,219,196,23
25216,96,80,16
25217,86,77,9
25218,151,140,11
25219,192,171,21
25220,673,572,101
25221,146,128,18
25222,193,173,20
25223,292,260,32
25224,107,89,18
25225,136,110,26
25226,127,116,11
25227,594,507,87
25228,62,53,9
25229,213,181,32
25230,234,206,28
25231,173,150,23
25232,145,118,27
25233,593,479,114
25234,195,167,28
25235,452,383,69
25236,530,474,56
25237,200,178,22
25238,110,90,20
25239,190,166,24
25240,44,39,5
25241,329,267,62
25242,125,105,20
25243,85,69,16
25244,208,185,23
25245,250,221,29
25246,212,183,29
25247,241,202,39
25248,100,81,19
25249,425,381,44
25250,205,183,22
25251,206,181,25
25252,166,151,15
25253,158,139,19
25254,194,165,29
25255,176,158,18
25256,120,110,10
25257,182,161,21
25258,493,445,48
25259,535,465,70
25260,392,330,62
25261,144,130,14
25262,211,186,25
25263,106,86,20
25264,195,170,25
25265,256,221,35
25266,196,177,19
25267,344,298,46
25268,138,121,17
25269,281,248,33
25270,340,275,65
25271,803,681,122
25272,293,232,61
25273,278,250,28
25274,172,160,12
25275,170,147,23
25276,201,182,19
25277,134,112,22
25278,125,102,23
25279,139,114,25
25280,224,189,35
25281,407,352,55
25282,221,195,26
25283,148,122,26
25284,116,98,18
25285,333,285,48
25286,238,210,28
25287,152,138,14
25288,172,144,28
25289,127,117,10
25290,51,49,2
25291,376,326,50
25292,978,850,128
25293,351,313,38
25294,179,155,24
25295,295,244,51
25296,602,536,66
25297,75,65,10
25298,521,460,61
25299,112,105,7
25300,145,127,18
25301,320,283,37
25302,282,257,25
25303,118,103,15
25304,631,558,73
25305,103,81,22
25306,64,57,7
25307,60,56,4
25308,60,51,9
25309,165,143,22
25310,69,56,13
25311,130,120,10
25312,57,54,3
25313,55,42,13
25314,61,53,8
25315,127,111,16
25316,372,322,50
25317,116,96,20
25318,123,99,24
25319,272,217,55
25320,232,200,32
25321,141,128,13
25322,687,596,91
25323,707,609,98
25324,424,366,58
25325,559,492,67
25326,42,37,5
25327,334,288,46
25328,108,96,12
25329,206,175,31
25330,117,99,18
25331,278,247,31
25332,124,116,8
25333,198,174,24
25334,171,144,27
25335,208,186,22
25336,210,174,36
25337,136,121,15
25338,61,54,7
25339,130,109,21
25340,115,97,18
25341,453,390,63
25342,324,278,46
25343,434,381,53
25344,109,94,15
25345,62,53,9
25346,63,54,9
25347,52,43,9
25348,62,57,5
25349,190,173,17
25350,164,135,29
25351,159,146,13
25352,89,79,10
25353,126,103,23
25354,164,141,23
25355,234,196,38
25356,425,360,65
25357,192,166,26
25358,154,135,19
25359,114,98,16
25360,137,118,19
25361,239,213,26
25362,119,102,17
25363,114,104,10
25364,185,164,21
25365,172,153,19
25366,270,234,36
25367,132,125,7
25368,262,229,33
25369,126,109,17
25370,122,112,10
25371,334,310,24
25372,167,145,22
25373,204,182,22
25374,296,258,38
25375,52,47,5
25376,104,88,16
25377,124,111,13
25378,130,114,16
25379,232,207,25
25380,69,62,7
25381,65,53,12
25382,145,124,21
25383,165,132,33
25384,71,60,11
25385,280,247,33
25386,115,95,20
25387,226,188,38
25388,128,112,16
25389,125,114,11
25390,236,213,23
25391,140,131,9
25392,111,94,17
25393,221,200,21
25394,288,245,43
25395,309,261,48
25396,831,737,94
25397,320,263,57
25398,114,99,15
25399,132,112,20
25400,275,250,25
25401,103,92,11
25402,159,150,9
25403,196,170,26
25404,178,160,18
25405,108,100,8
25406,188,166,22
25407,311,268,43
25408,175,156,19
25409,211,183,28
25410,130,117,13
25411,271,232,39
25412,119,102,17
25413,360,301,59
25414,244,205,39
25415,150,132,18
25416,220,180,40
25417,213,195,18
25418,647,591,56
25419,115,102,13
25420,151,137,14
25421,76,69,7
25422,136,117,19
25423,112,96,16
25424,39,34,5
25425,75,65,10
25426,107,90,17
25427,117,97,20
25428,86,71,15
25429,33,30,3
25430,128,111,17
25431,702,588,114
25432,419,354,65
25433,118,106,12
25434,500,430,70
25435,140,119,21
25436,336,297,39
25437,236,208,28
25438,129,109,20
25439,251,227,24
25440,476,410,66
25441,523,444,79
25442,183,165,18
25443,127,101,26
25444,105,89,16
25445,679,596,83
25446,231,208,23
25447,375,340,35
25448,212,191,21
25449,128,113,15
25450,189,171,18
25451,496,423,73
25452,257,224,33
25453,254,224,30
25454,526,469,57
25455,168,153,15
25456,113,101,12
25457,175,154,21
25458,164,150,14
25459,203,186,17
25460,205,183,22
25461,146,127,19
25462,107,90,17
25463,155,137,18
25464,72,65,7
25465,130,109,21
25466,134,122,12
25467,193,167,26
25468,211,183,28
25469,820,708,112
25470,258,232,26
25471,157,138,19
25472,115,103,12
25473,152,138,14
25474,66,57,9
25475,343,295,48
25476,83,81,2
25477,518,435,83
25478,36,27,9
25479,71,61,10
25480,143,126,17
25481,171,151,20
25482,298,275,23
25483,181,169,12
25484,196,183,13
25485,150,137,13
25486,147,131,16
25487,207,183,24
25488,113,99,14
25489,141,123,18
25490,146,133,13
25491,109,99,10
25492,297,275,22
25493,398,363,35
25494,135,119,16
25495,273,244,29
25496,166,157,9
25497,382,347,35
25498,166,152,14
25499,139,118,21
25500,571,504,67
25501,228,206,22
25502,373,329,44
25503,599,536,63
25504,134,118,16
25505,335,292,43
25506,184,161,23
25507,92,85,7
25508,115,102,13
25509,62,46,16
25510,537,465,72
25511,127,115,12
25512,305,260,45
25513,136,115,21
25514,137,116,21
25515,124,106,18
25516,152,134,18
25517,176,162,14
25518,184,159,25
25519,802,676,126
25520,142,122,20
25521,232,190,42
25522,44,40,4
25523,162,141,21
25524,423,370,53
25525,122,104,18
25526,151,128,23
25527,227,197,30
25528,189,154,35
25529,427,379,48
25530,117,101,16
25531,987,872,115
25532,117,101,16
25533,174,154,20
25534,212,181,31
25535,448,380,68
25536,160,128,32
25537,175,143,32
25538,425,355,70
25539,244,206,38
25540,118,102,16
25541,737,646,91
25542,367,290,77
25543,143,124,19
25544,161,142,19
25545,182,162,20
25546,123,111,12
25547,70,62,8
25548,111,100,11
25549,133,120,13
25550,396,342,54
25551,84,68,16
25552,128,112,16
25553,279,255,24
25554,15,11,4
25555,57,49,8
25556,169,147,22
25557,66,59,7
25558,361,320,41
25559,839,752,87
25560,180,160,20
25561,528,466,62
25562,80,67,13
25563,142,125,17
25564,204,178,26
25565,150,136,14
25566,79,67,12
25567,176,158,18
25568,61,55,6
25569,53,51,2
25570,220,195,25
25571,138,125,13
25572,175,155,20
25573,135,123,12
25574,52,46,6
25575,55,43,12
25576,148,124,24
25577,152,138,14
25578,133,111,22
25579,114,99,15
25580,134,112,22
25581,122,105,17
25582,150,133,17
25583,118,99,19
25584,104,83,21
25585,148,125,23
25586,461,404,57
25587,137,115,22
25588,294,259,35
25589,131,107,24
25590,135,112,23
25591,164,143,21
25592,117,104,13
25593,202,179,23
25594,228,212,16
25595,154,138,16
25596,155,137,18
25597,139,121,18
25598,402,358,44
25599,155,129,26
25600,137,123,14
25601,81,70,11
25602,99,86,13
25603,115,99,16
25604,190,167,23
25605,123,111,12
25606,56,51,5
25607,133,120,13
25608,176,159,17
25609,56,50,6
25610,78,61,17
25611,131,119,12
25612,132,115,17
25613,159,135,24
25614,332,282,50
25615,173,150,23
25616,136,119,17
25617,174,146,28
25618,125,105,20
25619,73,61,12
25620,247,225,22
25621,117,102,15
25622,115,105,10
25623,94,78,16
25624,121,99,22
25625,215,185,30
25626,419,361,58
25627,630,585,45
25628,179,150,29
25629,125,109,16
25630,122,107,15
25631,209,188,21
25632,326,284,42
25633,125,114,11
25634,124,118,6
25635,147,131,16
25636,108,98,10
25637,296,253,43
25638,335,301,34
25639,145,125,20
25640,460,398,62
25641,121,107,14
25642,212,174,38
25643,358,301,57
25644,295,245,50
25645,356,306,50
25646,111,99,12
25647,162,147,15
25648,125,114,11
25649,155,132,23
25650,284,230,54
25651,150,141,9
25652,158,142,16
25653,63,59,4
25654,205,177,28
25655,63,59,4
25656,68,62,6
25657,111,102,9
25658,62,58,4
25659,114,102,12
25660,111,100,11
25661,138,122,16
25662,161,144,17
25663,187,158,29
25664,248,229,19
25665,250,217,33
25666,158,139,19
25667,147,134,13
25668,187,164,23
25669,220,196,24
25670,117,100,17
25671,173,151,22
25672,152,137,15
25673,278,252,26
25674,145,129,16
25675,563,491,72
25676,115,105,10
25677,169,146,23
25678,813,683,130
25679,795,699,96
25680,702,612,90
25681,253,218,35
25682,168,147,21
25683,111,102,9
25684,315,278,37
25685,82,71,11
25686,74,61,13
25687,163,142,21
25688,239,207,32
25689,170,147,23
25690,273,253,20
25691,100,87,13
25692,128,106,22
25693,834,724,110
25694,338,290,48
25695,334,287,47
25696,211,189,22
25697,321,276,45
25698,472,418,54
25699,524,432,92
25700,399,359,40
25701,198,173,25
25702,337,291,46
25703,693,612,81
25704,238,206,32
25705,436,362,74
25706,177,148,29
25707,144,129,15
25708,497,410,87
25709,217,190,27
25710,168,145,23
25711,50,50,0
25712,151,135,16
25713,56,50,6
25714,281,247,34
25715,267,226,41
25716,149,132,17
25717,249,214,35
25718,248,210,38
25719,67,56,11
25720,67,53,14
25721,65,59,6
25722,151,125,26
25723,366,322,44
25724,139,115,24
25725,126,112,14
25726,151,135,16
25727,247,216,31
25728,177,142,35
25729,151,135,16
25730,600,506,94
25731,118,94,24
25732,437,368,69
25733,1011,858,153
25734,67,60,7
25735,122,104,18
25736,758,634,124
25737,239,204,35
25738,176,137,39
25739,150,128,22
25740,591,510,81
25741,138,114,24
25742,101,91,10
25743,213,184,29
25744,236,209,27
25745,258,234,24
25746,193,175,18
25747,73,63,10
25748,346,300,46
25749,607,534,73
25750,149,130,19
25751,247,227,20
25752,83,75,8
25753,140,126,14
25754,153,131,22
25755,190,168,22
25756,189,159,30
25757,295,270,25
25758,207,182,25
25759,47,39,8
25760,452,390,62
25761,213,192,21
25762,187,157,30
25763,131,119,12
25764,126,117,9
25765,536,449,87
25766,51,46,5
25767,127,107,20
25768,97,88,9
25769,206,179,27
25770,140,120,20
25771,122,115,7
25772,377,331,46
25773,131,114,17
25774,220,193,27
25775,127,113,14
25776,148,131,17
25777,284,236,48
25778,164,138,26
25779,67,61,6
25780,132,116,16
25781,258,232,26
25782,120,107,13
25783,377,321,56
25784,440,373,67
25785,109,91,18
25786,984,878,106
25787,1014,862,152
25788,388,333,55
25789,444,378,66
25790,167,149,18
25791,118,100,18
25792,186,159,27
25793,213,200,13
25794,276,243,33
25795,183,153,30
25796,550,491,59
25797,187,169,18
25798,194,164,30
25799,275,245,30
25800,110,96,14
25801,515,445,70
25802,261,238,23
25803,868,773,95
25804,104,88,16
25805,74,67,7
25806,132,108,24
25807,250,218,32
25808,158,144,14
25809,574,505,69
25810,131,119,12
25811,270,248,22
25812,278,245,33
25813,126,113,13
25814,485,420,65
25815,213,181,32
25816,526,473,53
25817,472,424,48
25818,165,145,20
25819,270,235,35
25820,171,148,23
25821,266,222,44
25822,123,103,20
25823,97,85,12
25824,316,282,34
25825,56,52,4
25826,263,235,28
25827,938,828,110
25828,222,200,22
25829,74,65,9
25830,77,71,6
25831,80,76,4
25832,139,122,17
25833,279,262,17
25834,145,127,18
25835,395,346,49
25836,443,392,51
25837,124,111,13
25838,743,658,85
25839,584,512,72
25840,281,245,36
25841,128,108,20
25842,556,481,75
25843,194,163,31
25844,495,409,86
25845,128,110,18
25846,175,151,24
25847,222,193,29
25848,131,119,12
25849,141,129,12
25850,163,146,17
25851,799,683,116
25852,87,73,14
25853,360,314,46
25854,153,121,32
25855,398,346,52
25856,149,126,23
25857,547,485,62
25858,30,26,4
25859,52,44,8
25860,33,28,5
25861,86,78,8
25862,132,112,20
25863,218,190,28
25864,214,191,23
25865,271,231,40
25866,1019,872,147
25867,88,73,15
25868,157,140,17
25869,169,154,15
25870,126,112,14
25871,163,145,18
25872,389,343,46
25873,531,482,49
25874,483,413,70
25875,174,147,27
25876,362,303,59
25877,257,230,27
25878,186,169,17
25879,650,575,75
25880,145,130,15
25881,229,192,37
25882,156,143,13
25883,574,513,61
25884,636,548,88
25885,190,172,18
25886,764,666,98
25887,249,210,39
25888,261,227,34
25889,116,105,11
25890,191,162,29
25891,175,155,20
25892,110,100,10
25893,181,145,36
25894,284,236,48
25895,332,288,44
25896,228,185,43
25897,405,354,51
25898,139,130,9
25899,438,375,63
25900,373,325,48
25901,58,47,11
25902,343,272,71
25903,53,49,4
25904,630,509,121
25905,118,91,27
25906,150,122,28
25907,418,367,51
25908,128,113,15
25909,268,228,40
25910,135,121,14
25911,113,102,11
25912,119,104,15
25913,161,132,29
25914,125,103,22
25915,254,215,39
25916,104,89,15
25917,179,155,24
25918,134,112,22
25919,262,230,32
25920,250,202,48
25921,217,185,32
25922,236,186,50
25923,554,462,92
25924,142,125,17
25925,175,161,14
25926,149,129,20
25927,127,112,15
25928,187,164,23
25929,100,92,8
25930,507,455,52
25931,54,46,8
25932,1016,870,146
25933,75,70,5
25934,57,46,11
25935,141,127,14
25936,222,202,20
25937,113,104,9
25938,503,450,53
25939,57,46,11
25940,113,100,13
25941,196,174,22
25942,193,167,26
25943,253,220,33
25944,151,130,21
25945,127,110,17
25946,127,111,16
25947,266,227,39
25948,222,192,30
25949,397,348,49
25950,197,168,29
25951,161,131,30
25952,305,275,30
25953,171,152,19
25954,27,23,4
25955,169,150,19
25956,128,115,13
25957,106,89,17
25958,328,281,47
25959,192,165,27
25960,194,174,20
25961,114,92,22
25962,133,125,8
25963,146,134,12
25964,167,142,25
25965,105,95,10
25966,367,313,54
25967,391,323,68
25968,117,86,31
25969,206,168,38
25970,161,149,12
25971,199,174,25
25972,131,123,8
25973,56,50,6
25974,331,301,30
25975,47,41,6
25976,146,126,20
25977,104,96,8
25978,219,198,21
25979,116,103,13
25980,111,101,10
25981,106,93,13
25982,167,149,18
25983,111,97,14
25984,133,125,8
25985,530,476,54
25986,165,144,21
25987,292,259,33
25988,213,184,29
25989,396,347,49
25990,400,367,33
25991,158,146,12
25992,322,299,23
25993,84,76,8
25994,267,244,23
25995,87,76,11
25996,157,121,36
25997,309,271,38
25998,130,113,17
25999,457,381,76
26000,176,157,19
26001,348,296,52
26002,224,199,25
26003,144,125,19
26004,460,393,67
26005,116,101,15
26006,110,99,11
26007,169,155,14
26008,237,208,29
26009,292,240,52
26010,117,103,14
26011,316,275,41
26012,501,420,81
26013,69,59,10
26014,84,73,11
26015,1013,883,130
26016,129,112,17
26017,221,194,27
26018,122,101,21
26019,127,110,17
26020,120,99,21
26021,195,169,26
26022,160,135,25
26023,118,106,12
26024,206,174,32
26025,189,177,12
26026,304,274,30
26027,185,168,17
26028,331,301,30
26029,97,89,8
26030,122,110,12
26031,47,44,3
26032,652,545,107
26033,180,159,21
26034,96,80,16
26035,272,245,27
26036,118,113,5
26037,284,246,38
26038,214,191,23
26039,188,158,30
26040,615,526,89
26041,275,240,35
26042,170,157,13
26043,163,142,21
26044,475,418,57
26045,743,659,84
26046,138,119,19
26047,137,129,8
26048,113,98,15
26049,104,88,16
26050,86,79,7
26051,502,442,60
26052,81,69,12
26053,155,140,15
26054,100,89,11
26055,121,107,14
26056,164,141,23
26057,92,84,8
26058,185,172,13
26059,377,339,38
26060,232,210,22
26061,97,83,14
26062,169,144,25
26063,231,192,39
26064,363,309,54
26065,120,106,14
26066,242,218,24
26067,349,314,35
26068,245,210,35
26069,640,570,70
26070,735,655,80
26071,238,219,19
26072,330,290,40
26073,194,163,31
26074,409,355,54
26075,167,146,21
26076,115,101,14
26077,379,326,53
26078,379,328,51
26079,199,172,27
26080,53,52,1
26081,84,77,7
26082,60,51,9
26083,83,77,6
26084,47,44,3
26085,56,43,13
26086,89,77,12
26087,131,114,17
26088,52,46,6
26089,161,142,19
26090,150,138,12
26091,166,154,12
26092,96,88,8
26093,45,39,6
26094,360,319,41
26095,219,192,27
26096,82,75,7
26097,110,100,10
26098,138,120,18
26099,74,69,5
26100,62,55,7
26101,152,133,19
26102,307,264,43
26103,76,69,7
26104,84,68,16
26105,87,81,6
26106,96,86,10
26107,89,74,15
26108,245,217,28
26109,140,127,13
26110,47,38,9
26111,140,128,12
26112,190,155,35
26113,130,109,21
26114,165,145,20
26115,353,319,34
26116,119,104,15
26117,149,126,23
26118,178,151,27
26119,70,60,10
26120,127,109,18
26121,512,449,63
26122,184,166,18
26123,306,278,28
26124,179,159,20
26125,120,107,13
26126,146,124,22
26127,182,153,29
26128,45,39,6
26129,67,58,9
26130,401,365,36
26131,151,137,14
26132,148,130,18
26133,430,375,55
26134,311,279,32
26135,129,112,17
26136,48,41,7
26137,102,91,11
26138,73,62,11
26139,113,97,16
26140,60,53,7
26141,131,106,25
26142,123,114,9
26143,423,369,54
26144,180,166,14
26145,199,170,29
26146,129,113,16
26147,128,115,13
26148,119,110,9
26149,248,217,31
26150,155,133,22
26151,675,582,93
26152,139,123,16
26153,157,136,21
26154,95,85,10
26155,168,149,19
26156,65,56,9
26157,147,125,22
26158,385,350,35
26159,70,63,7
26160,173,153,20
26161,125,106,19
26162,329,287,42
26163,299,262,37
26164,135,119,16
26165,488,432,56
26166,234,207,27
26167,400,355,45
26168,697,624,73
26169,917,817,100
26170,212,178,34
26171,368,318,50
26172,170,152,18
26173,376,335,41
26174,163,146,17
26175,180,154,26
26176,147,127,20
26177,265,235,30
26178,161,138,23
26179,202,177,25
26180,115,98,17
26181,189,171,18
26182,538,486,52
26183,164,139,25
26184,337,282,55
26185,62,56,6
26186,223,195,28
26187,83,77,6
26188,176,154,22
26189,122,112,10
26190,155,139,16
26191,131,119,12
26192,513,455,58
26193,155,145,10
26194,118,106,12
26195,246,220,26
26196,112,91,21
26197,223,174,49
26198,198,167,31
26199,550,476,74
26200,197,174,23
26201,154,137,17
26202,660,578,82
26203,48,43,5
26204,149,139,10
26205,138,126,12
26206,302,265,37
26207,84,70,14
26208,183,156,27
26209,101,86,15
26210,235,203,32
26211,975,841,134
26212,59,51,8
26213,316,270,46
26214,70,62,8
26215,115,98,17
26216,311,266,45
26217,380,326,54
26218,50,47,3
26219,169,150,19
26220,24,21,3
26221,248,210,38
26222,151,124,27
26223,543,468,75
26224,380,338,42
26225,91,84,7
26226,266,229,37
26227,59,50,9
26228,135,121,14
26229,226,203,23
26230,979,847,132
26231,201,174,27
26232,66,60,6
26233,110,101,9
26234,295,267,28
26235,28,24,4
26236,63,59,4
26237,164,148,16
26238,125,114,11
26239,228,211,17
26240,140,121,19
26241,203,177,26
26242,273,232,41
26243,687,609,78
26244,305,261,44
26245,385,339,46
26246,173,151,22
26247,62,56,6
26248,50,42,8
26249,75,67,8
26250,192,181,11
26251,118,102,16
26252,200,182,18
26253,241,210,31
26254,93,77,16
26255,123,104,19
26256,497,444,53
26257,123,111,12
26258,514,448,66
26259,118,101,17
26260,76,66,10
26261,285,237,48
26262,76,65,11
26263,66,59,7
26264,109,96,13
26265,91,79,12
26266,198,166,32
26267,96,89,7
26268,83,78,5
26269,428,381,47
26270,35,28,7
26271,322,283,39
26272,339,286,53
26273,357,302,55
26274,63,55,8
26275,226,188,38
26276,170,141,29
26277,242,209,33
26278,432,361,71
26279,279,238,41
26280,877,769,108
26281,234,203,31
26282,371,323,48
26283,390,354,36
26284,115,101,14
26285,199,177,22
26286,237,207,30
26287,222,186,36
26288,136,117,19
26289,184,156,28
26290,304,270,34
26291,860,749,111
26292,216,185,31
26293,150,131,19
26294,140,125,15
26295,122,107,15
26296,152,135,17
26297,122,106,16
26298,41,36,5
26299,134,109,25
26300,64,59,5
26301,62,53,9
26302,129,114,15
26303,124,116,8
26304,147,127,20
26305,133,118,15
26306,91,84,7
26307,134,121,13
26308,96,82,14
26309,208,184,24
26310,156,142,14
26311,66,54,12
26312,1048,926,122
26313,62,52,10
26314,237,200,37
26315,604,522,82
26316,158,139,19
26317,295,254,41
26318,94,79,15
26319,151,138,13
26320,59,57,2
26321,115,99,16
26322,44,32,12
26323,226,205,21
26324,130,121,9
26325,127,107,20
26326,225,195,30
26327,527,439,88
26328,131,108,23
26329,164,135,29
26330,118,105,13
26331,174,154,20
26332,152,123,29
26333,61,55,6
26334,447,381,66
26335,274,232,42
26336,101,85,16
26337,294,240,54
26338,363,325,38
26339,765,653,112
26340,236,204,32
26341,165,143,22
26342,125,112,13
26343,339,279,60
26344,129,113,16
26345,557,495,62
26346,414,350,64
26347,319,277,42
26348,275,225,50
26349,404,340,64
26350,146,129,17
26351,127,107,20
26352,243,213,30
26353,129,113,16
26354,115,101,14
26355,585,504,81
26356,551,483,68
26357,236,207,29
26358,308,251,57
26359,246,207,39
26360,300,253,47
26361,144,118,26
26362,226,195,31
26363,589,529,60
26364,176,152,24
26365,214,190,24
26366,165,143,22
26367,769,663,106
26368,245,208,37
26369,440,384,56
26370,192,166,26
26371,135,123,12
26372,141,128,13
26373,127,115,12
26374,124,117,7
26375,138,129,9
26376,113,101,12
26377,116,102,14
26378,138,121,17
26379,142,124,18
26380,516,457,59
26381,147,131,16
26382,205,189,16
26383,112,99,13
26384,498,454,44
26385,354,318,36
26386,113,101,12
26387,102,90,12
26388,336,295,41
26389,50,44,6
26390,110,99,11
26391,138,129,9
26392,66,56,10
26393,57,52,5
26394,370,329,41
26395,65,58,7
26396,183,162,21
26397,136,116,20
26398,95,79,16
26399,122,117,5
26400,167,154,13
26401,117,111,6
26402,178,156,22
26403,24,23,1
26404,115,98,17
26405,153,136,17
26406,145,132,13
26407,72,62,10
26408,132,112,20
26409,126,114,12
26410,213,187,26
26411,161,148,13
26412,110,96,14
26413,85,69,16
26414,64,59,5
26415,167,153,14
26416,104,94,10
26417,86,78,8
26418,137,116,21
26419,426,374,52
26420,158,142,16
26421,180,166,14
26422,237,204,33
26423,214,184,30
26424,225,189,36
26425,172,158,14
26426,274,230,44
26427,314,283,31
26428,229,196,33
26429,693,607,86
26430,406,364,42
26431,178,160,18
26432,426,373,53
26433,204,176,28
26434,391,359,32
26435,83,72,11
26436,307,272,35
26437,384,328,56
26438,268,227,41
26439,145,135,10
26440,288,246,42
26441,108,95,13
26442,289,248,41
26443,403,363,40
26444,585,505,80
26445,219,192,27
26446,174,155,19
26447,310,278,32
26448,140,121,19
26449,136,118,18
26450,310,261,49
26451,135,122,13
26452,150,134,16
26453,85,76,9
26454,101,93,8
26455,164,143,21
26456,71,64,7
26457,112,96,16
26458,79,70,9
26459,150,142,8
26460,196,180,16
26461,396,339,57
26462,130,111,19
26463,118,97,21
26464,161,147,14
26465,137,124,13
26466,135,123,12
26467,231,214,17
26468,188,170,18
26469,246,213,33
26470,147,124,23
26471,131,116,15
26472,135,113,22
26473,132,111,21
26474,72,65,7
26475,160,135,25
26476,165,141,24
26477,185,165,20
26478,197,178,19
26479,193,171,22
26480,565,499,66
26481,113,102,11
26482,73,60,13
26483,65,57,8
26484,332,292,40
26485,231,205,26
26486,69,58,11
26487,188,163,25
26488,156,144,12
26489,652,595,57
26490,285,251,34
26491,505,447,58
26492,161,140,21
26493,295,266,29
26494,238,206,32
26495,124,110,14
26496,394,351,43
26497,526,464,62
26498,136,117,19
26499,411,348,63
26500,381,334,47
26501,390,341,49
26502,179,160,19
26503,238,206,32
26504,261,233,28
26505,850,736,114
26506,509,464,45
26507,142,129,13
26508,115,97,18
26509,197,169,28
26510,138,126,12
26511,33,29,4
26512,165,148,17
26513,302,270,32
26514,137,117,20
26515,200,184,16
26516,44,40,4
26517,212,189,23
26518,241,209,32
26519,55,51,4
26520,109,100,9
26521,201,178,23
26522,132,120,12
26523,145,128,17
26524,151,134,17
26525,78,71,7
26526,183,157,26
26527,344,312,32
26528,126,113,13
26529,75,66,9
26530,170,151,19
26531,66,61,5
26532,125,108,17
26533,76,62,14
26534,65,61,4
26535,108,87,21
26536,388,332,56
26537,300,270,30
26538,70,59,11
26539,233,215,18
26540,617,530,87
26541,105,92,13
26542,336,288,48
26543,216,195,21
26544,192,162,30
26545,167,143,24
26546,893,794,99
26547,257,219,38
26548,236,210,26
26549,146,135,11
26550,113,104,9
26551,412,373,39
26552,193,167,26
26553,138,121,17
26554,159,143,16
26555,112,98,14
26556,71,62,9
26557,633,573,60
26558,608,523,85
26559,254,229,25
26560,141,132,9
26561,183,152,31
26562,142,126,16
26563,187,161,26
26564,404,364,40
26565,249,231,18
26566,265,228,37
26567,105,96,9
26568,141,130,11
26569,203,178,25
26570,163,146,17
26571,362,326,36
26572,434,395,39
26573,101,93,8
26574,164,145,19
26575,160,142,18
26576,212,191,21
26577,215,192,23
26578,185,169,16
26579,53,49,4
26580,142,120,22
26581,80,64,16
26582,246,217,29
26583,71,60,11
26584,212,186,26
26585,134,121,13
26586,102,87,15
26587,74,70,4
26588,75,61,14
26589,576,498,78
26590,516,434,82
26591,475,407,68
26592,228,200,28
26593,345,294,51
26594,134,124,10
26595,1033,882,151
26596,208,185,23
26597,135,117,18
26598,245,209,36
26599,288,248,40
26600,114,100,14
26601,138,117,21
26602,203,177,26
26603,273,230,43
26604,174,160,14
26605,149,127,22
26606,293,258,35
26607,179,150,29
26608,488,428,60
26609,521,452,69
26610,248,212,36
26611,146,119,27
26612,191,166,25
26613,178,154,24
26614,173,139,34
26615,469,394,75
26616,230,209,21
26617,106,88,18
26618,167,154,13
26619,155,142,13
26620,267,237,30
26621,88,71,17
26622,305,280,25
26623,239,215,24
26624,122,108,14
26625,186,163,23
26626,165,149,16
26627,171,141,30
26628,171,147,24
26629,121,97,24
26630,147,129,18
26631,235,213,22
26632,57,48,9
26633,134,125,9
26634,562,509,53
26635,249,220,29
26636,132,118,14
26637,178,153,25
26638,400,337,63
26639,100,89,11
26640,191,173,18
26641,206,179,27
26642,138,120,18
26643,115,96,19
26644,160,135,25
26645,187,163,24
26646,213,186,27
26647,103,87,16
26648,191,170,21
26649,68,58,10
26650,79,70,9
26651,126,114,12
26652,100,84,16
26653,41,35,6
26654,141,124,17
26655,168,153,15
26656,190,172,18
26657,52,43,9
26658,157,135,22
26659,620,520,100
26660,709,606,103
26661,194,169,25
26662,281,242,39
26663,123,107,16
26664,1030,857,173
26665,226,191,35
26666,104,93,11
26667,51,40,11
26668,125,108,17
26669,110,93,17
26670,104,94,10
26671,90,79,11
26672,137,119,18
26673,48,44,4
26674,65,57,8
26675,41,36,5
26676,177,149,28
26677,125,105,20
26678,203,174,29
26679,326,281,45
26680,183,163,20
26681,377,337,40
26682,137,123,14
26683,107,99,8
26684,434,372,62
26685,809,714,95
26686,297,246,51
26687,292,253,39
26688,132,113,19
26689,117,99,18
26690,111,96,15
26691,52,49,3
26692,70,58,12
26693,202,172,30
26694,123,113,10
26695,96,85,11
26696,217,192,25
26697,127,111,16
26698,422,377,45
26699,464,396,68
26700,503,438,65
26701,243,212,31
26702,127,118,9
26703,223,194,29
26704,105,89,16
26705,231,209,22
26706,499,436,63
26707,407,363,44
26708,125,113,12
26709,45,36,9
26710,118,100,18
26711,56,54,2
26712,280,253,27
26713,100,88,12
26714,75,71,4
26715,338,309,29
26716,33,24,9
26717,346,309,37
26718,41,33,8
26719,149,130,19
26720,274,236,38
26721,158,141,17
26722,181,158,23
26723,177,150,27
26724,181,154,27
26725,131,108,23
26726,211,189,22
26727,179,163,16
26728,503,439,64
26729,395,355,40
26730,280,249,31
26731,129,119,10
26732,211,178,33
26733,471,414,57
26734,298,255,43
26735,110,103,7
26736,62,56,6
26737,129,115,14
26738,179,160,19
26739,131,126,5
26740,141,125,16
26741,496,436,60
26742,98,89,9
26743,936,787,149
26744,53,46,7
26745,886,791,95
26746,236,196,40
26747,121,108,13
26748,141,130,11
26749,490,426,64
26750,255,224,31
26751,376,333,43
26752,148,126,22
26753,611,533,78
26754,288,255,33
26755,245,222,23
26756,911,785,126
26757,444,385,59
26758,578,477,101
26759,1035,878,157
26760,491,434,57
26761,193,169,24
26762,545,488,57
26763,560,469,91
26764,250,219,31
26765,513,447,66
26766,757,650,107
26767,855,750,105
26768,145,117,28
26769,131,109,22
26770,698,592,106
26771,157,137,20
26772,259,223,36
26773,639,541,98
26774,210,180,30
26775,87,75,12
26776,157,132,25
26777,245,216,29
26778,112,91,21
26779,149,125,24
26780,118,97,21
26781,140,119,21
26782,124,112,12
26783,135,114,21
26784,257,221,36
26785,367,306,61
26786,724,630,94
26787,201,181,20
26788,255,221,34
26789,181,162,19
26790,196,173,23
26791,247,221,26
26792,189,170,19
26793,387,344,43
26794,464,410,54
26795,434,388,46
26796,453,383,70
26797,242,199,43
26798,769,687,82
26799,146,130,16
26800,183,157,26
26801,123,109,14
26802,115,98,17
26803,851,730,121
26804,147,124,23
26805,75,71,4
26806,106,93,13
26807,279,252,27
26808,196,176,20
26809,339,299,40
26810,65,52,13
26811,155,136,19
26812,337,301,36
26813,222,203,19
26814,466,402,64
26815,132,123,9
26816,217,190,27
26817,362,318,44
26818,335,302,33
26819,200,171,29
26820,568,491,77
26821,158,137,21
26822,28,25,3
26823,94,82,12
26824,183,162,21
26825,193,175,18
26826,286,253,33
26827,186,168,18
26828,470,414,56
26829,61,57,4
26830,369,337,32
26831,119,108,11
26832,244,215,29
26833,154,133,21
26834,79,70,9
26835,106,82,24
26836,167,146,21
26837,236,211,25
26838,268,236,32
26839,84,78,6
26840,81,71,10
26841,84,69,15
26842,63,58,5
26843,282,239,43
26844,67,55,12
26845,310,285,25
26846,197,186,11
26847,63,59,4
26848,192,173,19
26849,75,61,14
26850,1021,865,156
26851,368,311,57
26852,99,91,8
26853,80,78,2
26854,198,158,40
26855,292,267,25
26856,62,56,6
26857,112,94,18
26858,139,122,17
26859,178,164,14
26860,103,94,9
26861,103,94,9
26862,99,87,12
26863,435,387,48
26864,133,119,14
26865,172,135,37
26866,109,99,10
26867,378,343,35
26868,264,225,39
26869,571,508,63
26870,178,164,14
26871,134,109,25
26872,199,176,23
26873,405,346,59
26874,117,105,12
26875,169,145,24
26876,260,234,26
26877,130,122,8
26878,943,768,175
26879,589,518,71
26880,152,138,14
26881,284,213,71
26882,196,169,27
26883,138,120,18
26884,117,101,16
26885,56,50,6
26886,309,272,37
26887,147,128,19
26888,174,151,23
26889,182,158,24
26890,46,40,6
26891,55,50,5
26892,305,275,30
26893,198,172,26
26894,206,180,26
26895,246,211,35
26896,376,329,47
26897,316,271,45
26898,203,175,28
26899,62,51,11
26900,118,104,14
26901,145,128,17
26902,332,289,43
26903,167,157,10
26904,740,630,110
26905,70,63,7
26906,274,254,20
26907,295,260,35
26908,137,121,16
26909,180,160,20
26910,334,277,57
26911,47,42,5
26912,208,186,22
26913,514,446,68
26914,62,55,7
26915,206,178,28
26916,132,115,17
26917,451,387,64
26918,559,495,64
26919,494,414,80
26920,248,207,41
26921,51,40,11
26922,252,222,30
26923,235,202,33
26924,150,136,14
26925,195,176,19
26926,143,125,18
26927,127,117,10
26928,143,129,14
26929,114,99,15
26930,200,177,23
26931,155,138,17
26932,91,76,15
26933,797,700,97
26934,348,316,32
26935,199,176,23
26936,185,166,19
26937,300,264,36
26938,213,188,25
26939,125,100,25
26940,123,110,13
26941,501,424,77
26942,604,534,70
26943,342,303,39
26944,130,118,12
26945,390,328,62
26946,200,174,26
26947,178,161,17
26948,144,126,18
26949,92,80,12
26950,110,100,10
26951,346,312,34
26952,52,43,9
26953,184,157,27
26954,211,181,30
26955,49,44,5
26956,61,56,5
26957,64,50,14
26958,63,55,8
26959,175,160,15
26960,25,23,2
26961,76,70,6
26962,75,63,12
26963,75,63,12
26964,202,180,22
26965,147,131,16
26966,168,148,20
26967,133,116,17
26968,68,60,8
26969,142,126,16
26970,105,90,15
26971,191,175,16
26972,162,138,24
26973,201,176,25
26974,43,41,2
26975,164,144,20
26976,184,149,35
26977,210,190,20
26978,220,195,25
26979,115,100,15
26980,136,122,14
26981,219,185,34
26982,144,124,20
26983,140,127,13
26984,133,118,15
26985,128,115,13
26986,61,56,5
26987,84,69,15
26988,127,109,18
26989,124,114,10
26990,51,46,5
26991,101,84,17
26992,225,195,30
26993,430,376,54
26994,62,52,10
26995,159,148,11
26996,242,217,25
26997,157,140,17
26998,69,53,16
26999,42,38,4
27000,152,138,14
27001,350,309,41
27002,120,107,13
27003,99,89,10
27004,45,42,3
27005,290,256,34
27006,84,73,11
27007,77,71,6
27008,86,75,11
27009,294,261,33
27010,143,130,13
27011,399,363,36
27012,139,123,16
27013,123,112,11
27014,134,118,16
27015,202,172,30
27016,178,160,18
27017,201,173,28
27018,36,32,4
27019,447,384,63
27020,173,161,12
27021,146,123,23
27022,152,140,12
27023,760,667,93
27024,162,132,30
27025,80,75,5
27026,575,514,61
27027,597,516,81
27028,211,189,22
27029,198,176,22
27030,169,154,15
27031,305,249,56
27032,202,170,32
27033,273,236,37
27034,844,731,113
27035,115,100,15
27036,152,135,17
27037,200,164,36
27038,212,190,22
27039,100,89,11
27040,99,89,10
27041,150,126,24
27042,313,268,45
27043,185,173,12
27044,140,117,23
27045,137,122,15
27046,156,131,25
27047,153,134,19
27048,133,117,16
27049,195,175,20
27050,117,98,19
27051,211,189,22
27052,163,143,20
27053,132,118,14
27054,313,282,31
27055,122,110,12
27056,220,195,25
27057,445,399,46
27058,194,165,29
27059,480,423,57
27060,512,448,64
27061,605,529,76
27062,246,224,22
27063,126,118,8
27064,155,144,11
27065,135,120,15
27066,72,60,12
27067,230,201,29
27068,145,129,16
27069,66,61,5
27070,225,205,20
27071,173,155,18
27072,190,169,21
27073,129,116,13
27074,270,247,23
27075,127,114,13
27076,113,103,10
27077,275,242,33
27078,119,105,14
27079,195,173,22
27080,154,128,26
27081,281,252,29
27082,810,699,111
27083,115,96,19
27084,109,90,19
27085,169,137,32
27086,157,143,14
27087,51,46,5
27088,92,81,11
27089,76,71,5
27090,259,242,17
27091,77,70,7
27092,143,126,17
27093,226,207,19
27094,454,403,51
27095,159,134,25
27096,456,405,51
27097,79,73,6
27098,126,117,9
27099,177,149,28
27100,128,112,16
27101,146,126,20
27102,125,106,19
27103,97,85,12
27104,116,107,9
27105,217,181,36
27106,147,134,13
27107,112,102,10
27108,126,111,15
27109,496,439,57
27110,168,143,25
27111,228,196,32
27112,133,124,9
27113,164,138,26
27114,127,103,24
27115,106,93,13
27116,135,122,13
27117,155,139,16
27118,133,115,18
27119,161,146,15
27120,98,91,7
27121,270,240,30
27122,122,114,8
27123,468,416,52
27124,137,120,17
27125,200,169,31
27126,154,142,12
27127,115,103,12
27128,122,107,15
27129,106,94,12
27130,44,40,4
27131,108,89,19
27132,242,204,38
27133,38,33,5
27134,72,61,11
27135,91,76,15
27136,86,78,8
27137,85,77,8
27138,337,304,33
27139,187,163,24
27140,122,109,13
27141,255,238,17
27142,230,213,17
27143,294,269,25
27144,127,114,13
27145,111,102,9
27146,161,131,30
27147,52,42,10
27148,340,289,51
27149,259,228,31
27150,187,162,25
27151,164,152,12
27152,138,124,14
27153,454,415,39
27154,547,456,91
27155,191,161,30
27156,184,169,15
27157,242,214,28
27158,196,178,18
27159,147,130,17
27160,213,188,25
27161,165,156,9
27162,148,136,12
27163,154,140,14
27164,149,123,26
27165,207,192,15
27166,216,200,16
27167,135,118,17
27168,135,121,14
27169,112,102,10
27170,101,88,13
27171,47,38,9
27172,105,94,11
27173,63,57,6
27174,155,134,21
27175,180,154,26
27176,134,122,12
27177,500,423,77
27178,241,202,39
27179,187,165,22
27180,112,97,15
27181,293,256,37
27182,123,107,16
27183,421,374,47
27184,237,212,25
27185,218,189,29
27186,66,57,9
27187,189,177,12
27188,161,149,12
27189,397,350,47
27190,137,123,14
27191,368,319,49
27192,434,384,50
27193,763,672,91
27194,238,195,43
27195,158,141,17
27196,389,340,49
27197,387,340,47
27198,189,156,33
27199,172,149,23
27200,158,141,17
27201,190,166,24
27202,450,391,59
27203,194,179,15
27204,192,172,20
27205,107,97,10
27206,190,174,16
27207,194,173,21
27208,67,62,5
27209,133,115,18
27210,472,409,63
27211,90,75,15
27212,166,144,22
27213,266,240,26
27214,142,126,16
27215,171,161,10
27216,466,396,70
27217,52,42,10
27218,83,69,14
27219,162,147,15
27220,242,215,27
27221,500,452,48
27222,587,517,70
27223,271,230,41
27224,176,150,26
27225,62,55,7
27226,187,169,18
27227,139,123,16
27228,105,88,17
27229,118,110,8
27230,90,82,8
27231,139,113,26
27232,169,148,21
27233,89,78,11
27234,172,157,15
27235,194,168,26
27236,219,189,30
27237,107,96,11
27238,248,215,33
27239,419,368,51
27240,180,154,26
27241,312,278,34
27242,117,105,12
27243,120,105,15
27244,81,70,11
27245,64,57,7
27246,128,115,13
27247,139,119,20
27248,284,250,34
27249,129,119,10
27250,230,213,17
27251,173,158,15
27252,229,209,20
27253,133,121,12
27254,91,78,13
27255,401,337,64
27256,275,229,46
27257,456,393,63
27258,503,432,71
27259,91,83,8
27260,166,148,18
27261,53,43,10
27262,374,333,41
27263,750,648,102
27264,167,146,21
27265,112,98,14
27266,153,140,13
27267,128,113,15
27268,223,187,36
27269,89,78,11
27270,140,125,15
27271,45,42,3
27272,135,119,16
27273,163,146,17
27274,164,129,35
27275,135,120,15
27276,383,329,54
27277,478,437,41
27278,118,104,14
27279,154,131,23
27280,194,176,18
27281,224,196,28
27282,51,36,15
27283,212,180,32
27284,165,145,20
27285,193,164,29
27286,145,129,16
27287,147,131,16
27288,309,276,33
27289,319,284,35
27290,132,115,17
27291,144,131,13
27292,154,138,16
27293,196,185,11
27294,122,114,8
27295,217,192,25
27296,208,196,12
27297,263,228,35
27298,169,151,18
27299,235,214,21
27300,132,113,19
27301,184,146,38
27302,127,114,13
27303,283,249,34
27304,140,132,8
27305,139,125,14
27306,188,165,23
27307,134,122,12
27308,70,66,4
27309,125,115,10
27310,183,165,18
27311,130,119,11
27312,157,141,16
27313,169,151,18
27314,48,41,7
27315,303,263,40
27316,162,148,14
27317,502,429,73
27318,131,115,16
27319,184,165,19
27320,188,166,22
27321,68,62,6
27322,152,107,45
27323,278,238,40
27324,131,110,21
27325,187,144,43
27326,106,94,12
27327,91,80,11
27328,150,123,27
27329,593,518,75
27330,104,91,13
27331,211,171,40
27332,238,211,27
27333,211,182,29
27334,108,86,22
27335,153,134,19
27336,135,114,21
27337,217,177,40
27338,560,462,98
27339,140,122,18
27340,143,112,31
27341,239,199,40
27342,232,195,37
27343,230,198,32
27344,214,187,27
27345,125,106,19
27346,240,194,46
27347,1014,846,168
27348,453,398,55
27349,144,117,27
27350,63,55,8
27351,134,115,19
27352,509,434,75
27353,128,114,14
27354,903,795,108
27355,501,432,69
27356,167,148,19
27357,351,320,31
27358,83,71,12
27359,186,164,22
27360,212,194,18
27361,133,118,15
27362,109,95,14
27363,45,39,6
27364,131,116,15
27365,131,117,14
27366,733,642,91
27367,53,45,8
27368,61,56,5
27369,62,51,11
27370,57,46,11
27371,154,137,17
27372,189,167,22
27373,197,178,19
27374,136,125,11
27375,175,161,14
27376,496,451,45
27377,982,892,90
27378,164,153,11
27379,655,580,75
27380,445,394,51
27381,422,372,50
27382,677,584,93
27383,329,287,42
27384,418,358,60
27385,93,81,12
27386,512,431,81
27387,168,144,24
27388,154,134,20
27389,136,122,14
27390,141,124,17
27391,327,283,44
27392,706,607,99
27393,689,605,84
27394,135,116,19
27395,209,176,33
27396,394,352,42
27397,125,111,14
27398,490,433,57
27399,157,142,15
27400,245,219,26
27401,341,301,40
27402,378,340,38
27403,356,317,39
27404,643,563,80
27405,267,240,27
27406,220,187,33
27407,63,56,7
27408,187,166,21
27409,102,89,13
27410,210,181,29
27411,118,102,16
27412,173,155,18
27413,90,81,9
27414,84,78,6
27415,70,62,8
27416,69,58,11
27417,182,165,17
27418,136,114,22
27419,540,484,56
27420,102,90,12
27421,454,383,71
27422,181,145,36
27423,283,223,60
27424,203,186,17
27425,154,138,16
27426,135,121,14
27427,197,173,24
27428,126,117,9
27429,55,50,5
27430,112,95,17
27431,191,156,35
27432,105,94,11
27433,59,55,4
27434,440,369,71
27435,168,130,38
27436,66,61,5
27437,195,169,26
27438,127,112,15
27439,427,376,51
27440,909,756,153
27441,117,105,12
27442,389,349,40
27443,131,115,16
27444,969,860,109
27445,115,107,8
27446,156,138,18
27447,142,123,19
27448,126,114,12
27449,156,143,13
27450,140,122,18
27451,135,123,12
27452,458,411,47
27453,216,203,13
27454,128,117,11
27455,144,133,11
27456,206,181,25
27457,131,123,8
27458,177,156,21
27459,164,142,22
27460,124,113,11
27461,144,133,11
27462,143,127,16
27463,336,300,36
27464,143,124,19
27465,148,127,21
27466,159,139,20
27467,249,219,30
27468,149,135,14
27469,805,690,115
27470,159,134,25
27471,205,183,22
27472,140,122,18
27473,246,224,22
27474,383,344,39
27475,124,114,10
27476,69,60,9
27477,128,110,18
27478,244,202,42
27479,141,125,16
27480,49,44,5
27481,78,67,11
27482,256,218,38
27483,192,169,23
27484,131,112,19
27485,128,121,7
27486,259,230,29
27487,273,242,31
27488,136,119,17
27489,62,60,2
27490,634,568,66
27491,654,558,96
27492,120,105,15
27493,179,160,19
27494,126,109,17
27495,173,147,26
27496,224,197,27
27497,194,168,26
27498,266,236,30
27499,138,122,16
27500,154,141,13
27501,327,286,41
27502,54,51,3
27503,725,632,93
27504,152,132,20
27505,144,128,16
27506,127,113,14
27507,108,98,10
27508,199,169,30
27509,686,603,83
27510,154,137,17
27511,347,311,36
27512,222,192,30
27513,126,112,14
27514,135,123,12
27515,165,142,23
27516,126,111,15
27517,196,171,25
27518,50,44,6
27519,172,155,17
27520,210,187,23
27521,334,288,46
27522,337,304,33
27523,139,130,9
27524,55,41,14
27525,136,113,23
27526,51,43,8
27527,109,95,14
27528,65,59,6
27529,401,343,58
27530,549,469,80
27531,280,244,36
27532,113,97,16
27533,188,163,25
27534,189,165,24
27535,162,141,21
27536,113,97,16
27537,200,166,34
27538,177,162,15
27539,231,201,30
27540,99,90,9
27541,250,215,35
27542,274,236,38
27543,480,420,60
27544,181,158,23
27545,177,150,27
27546,181,154,27
27547,131,108,23
27548,211,189,22
27549,179,163,16
27550,503,439,64
27551,395,355,40
27552,280,249,31
27553,220,187,33
27554,279,248,31
27555,351,320,31
27556,122,106,16
27557,67,59,8
27558,166,137,29
27559,119,101,18
27560,54,46,8
27561,94,83,11
27562,427,371,56
27563,236,211,25
27564,182,158,24
27565,507,429,78
27566,187,163,24
27567,227,190,37
27568,133,111,22
27569,138,120,18
27570,150,134,16
27571,81,67,14
27572,228,191,37
27573,121,101,20
27574,410,346,64
27575,236,202,34
27576,232,199,33
27577,255,232,23
27578,547,482,65
27579,49,44,5
27580,125,115,10
27581,238,196,42
27582,194,166,28
27583,121,108,13
27584,287,248,39
27585,295,255,40
27586,207,180,27
27587,95,90,5
27588,184,163,21
27589,317,286,31
27590,196,174,22
27591,147,130,17
27592,149,128,21
27593,177,154,23
27594,105,96,9
27595,278,253,25
27596,264,242,22
27597,473,424,49
27598,133,113,20
27599,131,118,13
27600,333,297,36
27601,199,173,26
27602,334,287,47
27603,416,367,49
27604,135,116,19
27605,857,780,77
27606,359,310,49
27607,87,74,13
27608,124,107,17
27609,166,147,19
27610,141,120,21
27611,309,276,33
27612,98,83,15
27613,1024,862,162
27614,396,337,59
27615,157,139,18
27616,202,170,32
27617,149,130,19
27618,227,199,28
27619,488,419,69
27620,270,240,30
27621,312,268,44
27622,225,185,40
27623,138,122,16
27624,361,313,48
27625,131,116,15
27626,255,228,27
27627,379,337,42
27628,316,279,37
27629,474,412,62
27630,238,206,32
27631,52,42,10
27632,232,197,35
27633,136,119,17
27634,352,292,60
27635,638,558,80
27636,114,103,11
27637,261,227,34
27638,274,231,43
27639,139,129,10
27640,227,205,22
27641,349,321,28
27642,323,298,25
27643,202,180,22
27644,334,286,48
27645,62,59,3
27646,163,149,14
27647,169,152,17
27648,111,96,15
27649,37,34,3
27650,225,200,25
27651,159,141,18
27652,174,153,21
27653,253,221,32
27654,163,142,21
27655,388,346,42
27656,244,218,26
27657,670,559,111
27658,296,253,43
27659,250,221,29
27660,244,221,23
27661,503,443,60
27662,184,169,15
27663,116,105,11
27664,74,68,6
27665,206,187,19
27666,50,42,8
27667,62,54,8
27668,47,37,10
27669,68,57,11
27670,114,105,9
27671,64,60,4
27672,159,144,15
27673,129,123,6
27674,134,119,15
27675,179,150,29
27676,71,67,4
27677,39,36,3
27678,80,76,4
27679,165,145,20
27680,401,364,37
27681,243,219,24
27682,140,116,24
27683,146,132,14
27684,137,122,15
27685,386,340,46
27686,214,182,32
27687,121,112,9
27688,57,52,5
27689,769,699,70
27690,503,437,66
27691,151,131,20
27692,118,108,10
27693,286,259,27
27694,119,116,3
27695,183,158,25
27696,132,118,14
27697,192,161,31
27698,162,140,22
27699,90,83,7
27700,109,98,11
27701,110,91,19
27702,428,377,51
27703,228,199,29
27704,943,805,138
27705,130,110,20
27706,203,174,29
27707,216,180,36
27708,129,115,14
27709,60,56,4
27710,54,47,7
27711,194,163,31
27712,122,103,19
27713,40,33,7
27714,107,90,17
27715,166,140,26
27716,142,130,12
27717,106,93,13
27718,150,139,11
27719,127,110,17
27720,189,170,19
27721,42,38,4
27722,309,270,39
27723,73,62,11
27724,371,309,62
27725,213,193,20
27726,213,193,20
27727,50,44,6
27728,147,127,20
27729,444,387,57
27730,615,542,73
27731,91,78,13
27732,42,37,5
27733,53,47,6
27734,113,97,16
27735,110,86,24
27736,120,109,11
27737,366,318,48
27738,159,143,16
27739,102,91,11
27740,137,111,26
27741,393,320,73
27742,360,313,47
27743,111,96,15
27744,303,271,32
27745,365,331,34
27746,95,81,14
27747,381,329,52
27748,263,235,28
27749,252,207,45
27750,152,132,20
27751,595,521,74
27752,184,156,28
27753,408,349,59
27754,382,338,44
27755,179,149,30
27756,106,88,18
27757,781,642,139
27758,135,118,17
27759,261,215,46
27760,873,712,161
27761,184,148,36
27762,452,396,56
27763,80,69,11
27764,267,229,38
27765,148,124,24
27766,330,266,64
27767,153,133,20
27768,455,383,72
27769,355,287,68
27770,205,179,26
27771,154,139,15
27772,103,95,8
27773,120,106,14
27774,220,196,24
27775,161,147,14
27776,137,120,17
27777,472,415,57
27778,121,102,19
27779,161,142,19
27780,205,176,29
27781,130,120,10
27782,419,360,59
27783,260,232,28
27784,386,334,52
27785,205,184,21
27786,104,89,15
27787,129,118,11
27788,409,339,70
27789,58,50,8
27790,601,535,66
27791,232,209,23
27792,77,68,9
27793,119,105,14
27794,139,131,8
27795,176,155,21
27796,142,123,19
27797,160,147,13
27798,112,97,15
27799,372,334,38
27800,109,100,9
27801,137,112,25
27802,136,120,16
27803,314,282,32
27804,91,82,9
27805,70,60,10
27806,132,112,20
27807,760,666,94
27808,403,361,42
27809,300,262,38
27810,138,120,18
27811,398,356,42
27812,308,277,31
27813,387,348,39
27814,730,635,95
27815,498,442,56
27816,109,98,11
27817,269,238,31
27818,124,110,14
27819,161,142,19
27820,182,155,27
27821,149,132,17
27822,291,258,33
27823,146,125,21
27824,178,152,26
27825,201,178,23
27826,63,57,6
27827,108,97,11
27828,276,241,35
27829,185,151,34
27830,150,139,11
27831,450,404,46
27832,159,138,21
27833,227,190,37
27834,143,129,14
27835,338,298,40
27836,106,95,11
27837,619,542,77
27838,400,348,52
27839,237,196,41
27840,160,144,16
27841,126,112,14
27842,292,256,36
27843,187,157,30
27844,118,96,22
27845,251,213,38
27846,100,89,11
27847,153,132,21
27848,191,156,35
27849,349,284,65
27850,127,109,18
27851,167,146,21
27852,223,189,34
27853,441,371,70
27854,488,427,61
27855,135,120,15
27856,94,76,18
27857,335,283,52
27858,142,128,14
27859,138,116,22
27860,196,166,30
27861,178,152,26
27862,151,136,15
27863,152,143,9
27864,247,226,21
27865,471,417,54
27866,91,80,11
27867,116,103,13
27868,177,156,21
27869,166,150,16
27870,136,127,9
27871,148,131,17
27872,122,101,21
27873,157,143,14
27874,139,119,20
27875,428,377,51
27876,544,471,73
27877,316,283,33
27878,216,187,29
27879,184,160,24
27880,170,154,16
27881,209,185,24
27882,131,116,15
27883,147,129,18
27884,126,111,15
27885,171,147,24
27886,142,121,21
27887,158,142,16
27888,946,831,115
27889,231,209,22
27890,65,53,12
27891,267,238,29
27892,278,231,47
27893,132,104,28
27894,171,146,25
27895,135,119,16
27896,178,168,10
27897,124,115,9
27898,115,105,10
27899,447,392,55
27900,120,106,14
27901,138,129,9
27902,671,593,78
27903,137,126,11
27904,243,214,29
27905,71,67,4
27906,48,42,6
27907,95,88,7
27908,240,208,32
27909,414,367,47
27910,208,182,26
27911,139,130,9
27912,204,174,30
27913,249,214,35
27914,145,129,16
27915,242,220,22
27916,138,121,17
27917,742,661,81
27918,123,110,13
27919,681,608,73
27920,187,172,15
27921,210,178,32
27922,315,280,35
27923,220,198,22
27924,394,339,55
27925,235,218,17
27926,588,499,89
27927,316,263,53
27928,136,118,18
27929,164,145,19
27930,969,811,158
27931,33,29,4
27932,137,127,10
27933,359,306,53
27934,422,369,53
27935,173,144,29
27936,163,143,20
27937,137,123,14
27938,85,74,11
27939,136,112,24
27940,244,207,37
27941,321,270,51
27942,115,100,15
27943,117,101,16
27944,153,131,22
27945,416,361,55
27946,353,305,48
27947,256,215,41
27948,127,118,9
27949,56,53,3
27950,327,276,51
27951,153,135,18
27952,331,302,29
27953,173,145,28
27954,85,74,11
27955,420,373,47
27956,279,245,34
27957,125,113,12
27958,145,131,14
27959,20,15,5
27960,114,95,19
27961,450,393,57
27962,122,108,14
27963,165,147,18
27964,161,138,23
27965,341,302,39
27966,300,266,34
27967,141,117,24
27968,327,294,33
27969,107,89,18
27970,107,89,18
27971,107,89,18
27972,192,166,26
27973,102,95,7
27974,155,135,20
27975,80,72,8
27976,135,119,16
27977,324,295,29
27978,456,414,42
27979,226,192,34
27980,962,811,151
27981,108,89,19
27982,520,451,69
27983,146,134,12
27984,430,368,62
27985,596,507,89
27986,71,63,8
27987,218,192,26
27988,664,580,84
27989,113,97,16
27990,108,89,19
27991,134,119,15
27992,563,502,61
27993,149,127,22
27994,686,593,93
27995,423,369,54
27996,189,170,19
27997,182,159,23
27998,118,107,11
27999,131,115,16
28000,739,639,100
28001,348,290,58
28002,223,183,40
28003,113,96,17
28004,421,375,46
28005,127,111,16
28006,395,342,53
28007,478,424,54
28008,291,250,41
28009,57,43,14
28010,446,386,60
28011,434,383,51
28012,143,133,10
28013,180,154,26
28014,159,133,26
28015,159,133,26
28016,215,193,22
28017,313,279,34
28018,149,138,11
28019,214,192,22
28020,125,112,13
28021,346,304,42
28022,261,238,23
28023,120,110,10
28024,102,94,8
28025,181,165,16
28026,731,610,121
28027,319,281,38
28028,90,77,13
28029,238,201,37
28030,157,137,20
28031,63,52,11
28032,200,182,18
28033,382,339,43
28034,136,118,18
28035,223,186,37
28036,194,182,12
28037,271,233,38
28038,833,741,92
28039,142,132,10
28040,135,122,13
28041,189,164,25
28042,196,182,14
28043,219,193,26
28044,157,140,17
28045,197,179,18
28046,139,125,14
28047,155,133,22
28048,328,292,36
28049,357,323,34
28050,101,92,9
28051,384,340,44
28052,978,855,123
28053,226,203,23
28054,472,396,76
28055,216,187,29
28056,205,188,17
28057,814,727,87
28058,124,112,12
28059,354,294,60
28060,374,328,46
28061,253,216,37
28062,394,345,49
28063,244,211,33
28064,145,126,19
28065,415,351,64
28066,762,645,117
28067,656,577,79
28068,527,463,64
28069,219,188,31
28070,194,155,39
28071,607,529,78
28072,523,447,76
28073,177,162,15
28074,89,77,12
28075,74,61,13
28076,135,117,18
28077,219,185,34
28078,273,232,41
28079,490,425,65
28080,75,68,7
28081,57,49,8
28082,238,212,26
28083,63,57,6
28084,242,210,32
28085,86,77,9
28086,69,62,7
28087,113,96,17
28088,153,130,23
28089,75,66,9
28090,125,110,15
28091,162,147,15
28092,147,132,15
28093,132,114,18
28094,68,63,5
28095,148,130,18
28096,108,91,17
28097,128,116,12
28098,129,113,16
28099,457,397,60
28100,277,236,41
28101,194,167,27
28102,228,201,27
28103,206,184,22
28104,106,90,16
28105,41,35,6
28106,150,137,13
28107,209,176,33
28108,178,158,20
28109,169,147,22
28110,147,129,18
28111,448,397,51
28112,155,139,16
28113,164,144,20
28114,147,130,17
28115,155,136,19
28116,349,311,38
28117,237,211,26
28118,136,123,13
28119,239,218,21
28120,157,137,20
28121,820,720,100
28122,134,119,15
28123,265,233,32
28124,131,112,19
28125,123,111,12
28126,115,100,15
28127,159,137,22
28128,177,155,22
28129,733,650,83
28130,297,265,32
28131,211,185,26
28132,270,240,30
28133,157,142,15
28134,113,103,10
28135,196,168,28
28136,275,241,34
28137,305,269,36
28138,468,411,57
28139,448,393,55
28140,459,383,76
28141,216,181,35
28142,411,360,51
28143,191,177,14
28144,220,189,31
28145,253,218,35
28146,92,74,18
28147,129,117,12
28148,256,224,32
28149,259,224,35
28150,192,176,16
28151,497,412,85
28152,970,839,131
28153,106,89,17
28154,191,176,15
28155,85,71,14
28156,74,60,14
28157,36,29,7
28158,138,121,17
28159,262,206,56
28160,281,238,43
28161,195,168,27
28162,201,168,33
28163,312,267,45
28164,403,346,57
28165,201,178,23
28166,269,245,24
28167,119,97,22
28168,141,129,12
28169,258,225,33
28170,439,393,46
28171,290,242,48
28172,318,278,40
28173,92,73,19
28174,662,584,78
28175,951,814,137
28176,201,156,45
28177,276,241,35
28178,332,281,51
28179,268,225,43
28180,267,229,38
28181,675,582,93
28182,540,457,83
28183,125,113,12
28184,217,200,17
28185,291,256,35
28186,183,167,16
28187,117,100,17
28188,345,308,37
28189,230,202,28
28190,156,133,23
28191,209,189,20
28192,324,275,49
28193,432,383,49
28194,296,260,36
28195,185,169,16
28196,144,127,17
28197,179,166,13
28198,494,412,82
28199,120,110,10
28200,314,277,37
28201,172,158,14
28202,166,149,17
28203,526,446,80
28204,526,454,72
28205,642,557,85
28206,152,138,14
28207,258,231,27
28208,105,94,11
28209,112,107,5
28210,63,55,8
28211,298,249,49
28212,103,91,12
28213,785,675,110
28214,140,121,19
28215,120,97,23
28216,194,165,29
28217,440,382,58
28218,566,474,92
28219,277,252,25
28220,117,95,22
28221,163,141,22
28222,128,112,16
28223,400,349,51
28224,66,53,13
28225,48,44,4
28226,72,64,8
28227,150,128,22
28228,149,127,22
28229,247,214,33
28230,197,168,29
28231,258,225,33
28232,333,287,46
28233,327,278,49
28234,316,283,33
28235,119,102,17
28236,292,251,41
28237,432,374,58
28238,136,120,16
28239,185,156,29
28240,102,87,15
28241,431,378,53
28242,637,545,92
28243,235,208,27
28244,185,155,30
28245,302,269,33
28246,538,451,87
28247,179,153,26
28248,159,133,26
28249,718,631,87
28250,251,205,46
28251,162,140,22
28252,158,130,28
28253,120,105,15
28254,137,121,16
28255,883,723,160
28256,126,105,21
28257,177,158,19
28258,248,213,35
28259,260,235,25
28260,115,102,13
28261,218,196,22
28262,115,102,13
28263,182,161,21
28264,142,131,11
28265,452,390,62
28266,41,33,8
28267,99,90,9
28268,227,186,41
28269,112,98,14
28270,78,66,12
28271,614,517,97
28272,215,188,27
28273,172,148,24
28274,244,228,16
28275,233,220,13
28276,130,121,9
28277,209,176,33
28278,124,116,8
28279,250,221,29
28280,283,251,32
28281,304,269,35
28282,146,123,23
28283,327,295,32
28284,382,334,48
28285,454,399,55
28286,476,434,42
28287,566,516,50
28288,752,679,73
28289,638,551,87
28290,733,645,88
28291,598,526,72
28292,183,167,16
28293,158,142,16
28294,234,212,22
28295,207,186,21
28296,214,195,19
28297,339,300,39
28298,342,299,43
28299,187,164,23
28300,177,161,16
28301,156,133,23
28302,155,136,19
28303,141,123,18
28304,137,124,13
28305,512,459,53
28306,161,139,22
28307,204,184,20
28308,177,159,18
28309,424,381,43
28310,89,77,12
28311,368,325,43
28312,144,129,15
28313,142,124,18
28314,492,439,53
28315,317,293,24
28316,167,151,16
28317,143,128,15
28318,939,834,105
28319,293,255,38
28320,177,164,13
28321,210,193,17
28322,438,387,51
28323,129,117,12
28324,132,123,9
28325,93,85,8
28326,140,121,19
28327,492,426,66
28328,244,214,30
28329,359,315,44
28330,279,236,43
28331,547,497,50
28332,382,338,44
28333,397,351,46
28334,171,152,19
28335,313,261,52
28336,174,153,21
28337,320,286,34
28338,132,120,12
28339,102,93,9
28340,199,165,34
28341,416,366,50
28342,437,387,50
28343,123,114,9
28344,247,221,26
28345,192,164,28
28346,86,80,6
28347,133,117,16
28348,170,151,19
28349,226,202,24
28350,120,109,11
28351,174,150,24
28352,420,357,63
28353,55,48,7
28354,139,125,14
28355,103,75,28
28356,171,148,23
28357,212,185,27
28358,290,246,44
28359,155,131,24
28360,388,339,49
28361,267,230,37
28362,319,280,39
28363,74,61,13
28364,569,511,58
28365,730,625,105
28366,581,488,93
28367,194,165,29
28368,311,272,39
28369,327,276,51
28370,507,442,65
28371,474,419,55
28372,312,267,45
28373,158,135,23
28374,731,604,127
28375,191,182,9
28376,64,59,5
28377,56,50,6
28378,476,407,69
28379,607,515,92
28380,325,267,58
28381,189,159,30
28382,638,553,85
28383,531,465,66
28384,212,195,17
28385,115,98,17
28386,84,72,12
28387,97,87,10
28388,10,7,3
28389,274,234,40
28390,137,125,12
28391,63,55,8
28392,70,57,13
28393,73,67,6
28394,78,70,8
28395,126,111,15
28396,132,110,22
28397,73,65,8
28398,64,60,4
28399,101,86,15
28400,96,87,9
28401,46,38,8
28402,63,58,5
28403,57,47,10
28404,77,71,6
28405,54,49,5
28406,100,88,12
28407,152,138,14
28408,103,90,13
28409,127,110,17
28410,291,251,40
28411,96,84,12
28412,74,68,6
28413,197,174,23
28414,35,31,4
28415,328,303,25
28416,320,284,36
28417,55,48,7
28418,95,81,14
28419,106,92,14
28420,45,42,3
28421,125,109,16
28422,82,75,7
28423,57,53,4
28424,125,107,18
28425,46,42,4
28426,135,120,15
28427,215,199,16
28428,46,38,8
28429,387,355,32
28430,74,64,10
28431,118,109,9
28432,206,174,32
28433,219,193,26
28434,132,110,22
28435,146,125,21
28436,188,165,23
28437,50,43,7
28438,306,266,40
28439,256,219,37
28440,184,165,19
28441,125,113,12
28442,123,108,15
28443,221,195,26
28444,149,135,14
28445,90,81,9
28446,109,95,14
28447,751,643,108
28448,151,133,18
28449,179,153,26
28450,443,392,51
28451,198,176,22
28452,127,115,12
28453,356,309,47
28454,204,175,29
28455,143,126,17
28456,524,461,63
28457,173,151,22
28458,347,306,41
28459,424,364,60
28460,271,239,32
28461,197,160,37
28462,191,160,31
28463,173,153,20
28464,126,112,14
28465,245,211,34
28466,181,162,19
28467,146,125,21
28468,247,211,36
28469,439,389,50
28470,151,123,28
28471,180,164,16
28472,115,100,15
28473,167,145,22
28474,123,105,18
28475,282,245,37
28476,265,233,32
28477,543,454,89
28478,312,285,27
28479,154,140,14
28480,237,210,27
28481,189,170,19
28482,220,190,30
28483,104,93,11
28484,197,178,19
28485,152,132,20
28486,117,105,12
28487,184,164,20
28488,221,183,38
28489,197,167,30
28490,129,124,5
28491,232,214,18
28492,135,117,18
28493,133,116,17
28494,108,97,11
28495,148,132,16
28496,78,68,10
28497,126,118,8
28498,140,123,17
28499,129,113,16
28500,243,204,39
28501,41,36,5
28502,118,103,15
28503,146,125,21
28504,148,128,20
28505,109,91,18
28506,146,134,12
28507,74,65,9
28508,411,355,56
28509,183,164,19
28510,129,108,21
28511,70,57,13
28512,955,850,105
28513,139,121,18
28514,340,295,45
28515,161,137,24
28516,96,89,7
28517,559,497,62
28518,110,90,20
28519,96,82,14
28520,130,117,13
28521,971,836,135
28522,100,92,8
28523,478,412,66
28524,424,373,51
28525,178,151,27
28526,708,610,98
28527,388,336,52
28528,557,504,53
28529,289,249,40
28530,336,304,32
28531,962,849,113
28532,214,176,38
28533,144,126,18
28534,134,109,25
28535,273,238,35
28536,148,120,28
28537,163,142,21
28538,360,313,47
28539,319,274,45
28540,154,133,21
28541,313,271,42
28542,417,371,46
28543,409,353,56
28544,120,108,12
28545,120,106,14
28546,142,126,16
28547,110,99,11
28548,302,271,31
28549,231,205,26
28550,134,120,14
28551,482,435,47
28552,165,148,17
28553,186,162,24
28554,939,812,127
28555,771,679,92
28556,180,146,34
28557,275,235,40
28558,269,253,16
28559,164,149,15
28560,236,206,30
28561,114,103,11
28562,141,134,7
28563,302,270,32
28564,160,144,16
28565,399,356,43
28566,194,167,27
28567,423,367,56
28568,302,272,30
28569,175,156,19
28570,120,105,15
28571,360,316,44
28572,109,96,13
28573,77,71,6
28574,214,171,43
28575,114,105,9
28576,576,483,93
28577,81,72,9
28578,193,176,17
28579,118,110,8
28580,231,197,34
28581,268,248,20
28582,198,177,21
28583,98,89,9
28584,67,59,8
28585,83,74,9
28586,37,32,5
28587,248,205,43
28588,71,63,8
28589,53,49,4
28590,94,80,14
28591,218,186,32
28592,367,319,48
28593,82,70,12
28594,542,466,76
28595,639,545,94
28596,493,439,54
28597,638,559,79
28598,330,285,45
28599,591,523,68
28600,299,269,30
28601,692,592,100
28602,218,198,20
28603,376,323,53
28604,367,333,34
28605,114,104,10
28606,144,126,18
28607,182,160,22
28608,76,70,6
28609,81,76,5
28610,109,95,14
28611,143,130,13
28612,178,159,19
28613,376,337,39
28614,93,84,9
28615,140,126,14
28616,204,181,23
28617,148,130,18
28618,145,126,19
28619,411,380,31
28620,92,83,9
28621,159,128,31
28622,540,475,65
28623,104,92,12
28624,220,195,25
28625,135,121,14
28626,138,121,17
28627,196,177,19
28628,171,149,22
28629,80,69,11
28630,81,76,5
28631,81,76,5
28632,158,139,19
28633,150,126,24
28634,96,88,8
28635,132,117,15
28636,131,114,17
28637,162,144,18
28638,68,59,9
28639,231,210,21
28640,127,111,16
28641,169,149,20
28642,353,305,48
28643,909,805,104
28644,207,169,38
28645,180,156,24
28646,242,208,34
28647,89,79,10
28648,127,116,11
28649,406,361,45
28650,239,210,29
28651,772,679,93
28652,128,119,9
28653,185,163,22
28654,206,174,32
28655,405,340,65
28656,39,35,4
28657,347,312,35
28658,153,133,20
28659,229,203,26
28660,170,155,15
28661,65,56,9
28662,106,97,9
28663,209,189,20
28664,62,54,8
28665,41,36,5
28666,85,69,16
28667,307,273,34
28668,299,270,29
28669,134,120,14
28670,54,48,6
28671,229,200,29
28672,531,469,62
28673,277,248,29
28674,144,130,14
28675,226,200,26
28676,103,87,16
28677,233,210,23
28678,330,298,32
28679,150,128,22
28680,231,199,32
28681,250,225,25
28682,141,124,17
28683,217,192,25
28684,151,134,17
28685,473,408,65
28686,112,97,15
28687,205,187,18
28688,141,119,22
28689,126,106,20
28690,55,47,8
28691,223,185,38
28692,395,343,52
28693,313,266,47
28694,334,287,47
28695,98,83,15
28696,157,134,23
28697,43,38,5
28698,322,284,38
28699,111,94,17
28700,158,145,13
28701,128,110,18
28702,277,239,38
28703,308,268,40
28704,196,176,20
28705,284,247,37
28706,165,144,21
28707,189,166,23
28708,167,141,26
28709,247,216,31
28710,189,176,13
28711,144,130,14
28712,336,286,50
28713,166,144,22
28714,668,600,68
28715,300,268,32
28716,188,163,25
28717,399,310,89
28718,63,53,10
28719,320,277,43
28720,182,166,16
28721,613,525,88
28722,197,172,25
28723,151,128,23
28724,131,112,19
28725,251,196,55
28726,97,82,15
28727,124,112,12
28728,135,111,24
28729,269,228,41
28730,199,176,23
28731,261,223,38
28732,123,109,14
28733,291,256,35
28734,280,250,30
28735,141,120,21
28736,157,143,14
28737,131,122,9
28738,244,218,26
28739,154,138,16
28740,218,198,20
28741,142,122,20
28742,127,115,12
28743,136,119,17
28744,296,261,35
28745,113,106,7
28746,230,203,27
28747,117,106,11
28748,167,142,25
28749,167,142,25
28750,120,108,12
28751,137,123,14
28752,163,147,16
28753,167,148,19
28754,231,203,28
28755,334,294,40
28756,324,289,35
28757,129,110,19
28758,139,115,24
28759,128,108,20
28760,136,120,16
28761,684,606,78
28762,466,397,69
28763,71,60,11
28764,457,386,71
28765,131,118,13
28766,176,155,21
28767,143,125,18
28768,603,513,90
28769,109,95,14
28770,907,790,117
28771,187,162,25
28772,256,222,34
28773,1000,858,142
28774,788,683,105
28775,197,164,33
28776,158,137,21
28777,240,212,28
28778,164,145,19
28779,242,206,36
28780,437,362,75
28781,134,121,13
28782,155,133,22
28783,151,130,21
28784,46,38,8
28785,353,313,40
28786,321,294,27
28787,126,114,12
28788,264,235,29
28789,664,593,71
28790,407,367,40
28791,159,140,19
28792,82,71,11
28793,159,141,18
28794,86,76,10
28795,139,123,16
28796,165,143,22
28797,133,115,18
28798,104,92,12
28799,169,151,18
28800,68,64,4
28801,201,175,26
28802,270,231,39
28803,92,74,18
28804,198,178,20
28805,255,220,35
28806,507,457,50
28807,410,349,61
28808,159,140,19
28809,187,168,19
28810,141,125,16
28811,445,377,68
28812,217,186,31
28813,240,209,31
28814,435,367,68
28815,185,164,21
28816,141,124,17
28817,132,111,21
28818,620,528,92
28819,204,169,35
28820,516,443,73
28821,318,276,42
28822,91,79,12
28823,93,84,9
28824,147,126,21
28825,257,221,36
28826,279,242,37
28827,431,360,71
28828,154,135,19
28829,146,130,16
28830,281,233,48
28831,580,488,92
28832,535,466,69
28833,189,146,43
28834,145,126,19
28835,210,182,28
28836,51,42,9
28837,120,104,16
28838,171,139,32
28839,139,121,18
28840,252,228,24
28841,171,136,35
28842,584,520,64
28843,156,144,12
28844,201,175,26
28845,240,212,28
28846,314,271,43
28847,212,188,24
28848,165,148,17
28849,239,203,36
28850,118,111,7
28851,137,122,15
28852,201,179,22
28853,214,193,21
28854,131,119,12
28855,154,132,22
28856,225,206,19
28857,14,13,1
28858,65,59,6
28859,52,48,4
28860,69,63,6
28861,211,193,18
28862,116,104,12
28863,129,116,13
28864,178,162,16
28865,158,139,19
28866,681,605,76
28867,346,316,30
28868,203,181,22
28869,134,115,19
28870,199,172,27
28871,83,74,9
28872,127,110,17
28873,64,59,5
28874,142,127,15
28875,56,45,11
28876,285,245,40
28877,168,145,23
28878,100,89,11
28879,119,96,23
28880,137,125,12
28881,201,179,22
28882,575,517,58
28883,205,188,17
28884,185,162,23
28885,194,164,30
28886,138,127,11
28887,565,481,84
28888,155,144,11
28889,257,225,32
28890,521,452,69
28891,144,123,21
28892,150,128,22
28893,352,304,48
28894,148,133,15
28895,284,257,27
28896,133,122,11
28897,136,126,10
28898,371,320,51
28899,134,123,11
28900,118,104,14
28901,153,135,18
28902,543,467,76
28903,261,240,21
28904,212,176,36
28905,566,469,97
28906,489,420,69
28907,185,161,24
28908,129,112,17
28909,516,440,76
28910,488,434,54
28911,723,606,117
28912,755,657,98
28913,187,168,19
28914,205,181,24
28915,164,144,20
28916,187,157,30
28917,985,821,164
28918,131,115,16
28919,132,112,20
28920,193,178,15
28921,40,35,5
28922,204,171,33
28923,234,206,28
28924,169,150,19
28925,28,27,1
28926,104,90,14
28927,113,97,16
28928,170,154,16
28929,168,148,20
28930,419,365,54
28931,226,205,21
28932,125,113,12
28933,618,547,71
28934,133,112,21
28935,172,156,16
28936,74,61,13
28937,145,119,26
28938,314,270,44
28939,138,122,16
28940,87,83,4
28941,195,172,23
28942,137,123,14
28943,162,146,16
28944,412,346,66
28945,84,75,9
28946,60,52,8
28947,215,178,37
28948,665,573,92
28949,189,158,31
28950,211,157,54
28951,242,202,40
28952,50,43,7
28953,58,49,9
28954,86,78,8
28955,190,165,25
28956,41,35,6
28957,159,138,21
28958,88,80,8
28959,169,152,17
28960,97,89,8
28961,65,59,6
28962,125,114,11
28963,113,100,13
28964,151,138,13
28965,162,146,16
28966,101,88,13
28967,176,153,23
28968,119,105,14
28969,118,105,13
28970,220,200,20
28971,123,105,18
28972,247,223,24
28973,168,148,20
28974,82,77,5
28975,286,260,26
28976,251,215,36
28977,122,109,13
28978,205,175,30
28979,181,154,27
28980,502,425,77
28981,247,212,35
28982,98,89,9
28983,142,125,17
28984,421,365,56
28985,129,114,15
28986,418,352,66
28987,137,122,15
28988,204,178,26
28989,141,116,25
28990,99,88,11
28991,160,144,16
28992,124,111,13
28993,257,223,34
28994,119,105,14
28995,256,232,24
28996,244,213,31
28997,242,208,34
28998,565,503,62
28999,308,278,30
29000,793,691,102
29001,328,275,53
29002,339,304,35
29003,86,72,14
29004,215,197,18
29005,60,55,5
29006,166,147,19
29007,116,96,20
29008,164,139,25
29009,123,110,13
29010,132,119,13
29011,362,317,45
29012,35,30,5
29013,409,361,48
29014,112,102,10
29015,318,274,44
29016,151,129,22
29017,223,192,31
29018,197,172,25
29019,181,152,29
29020,124,103,21
29021,343,296,47
29022,389,330,59
29023,153,139,14
29024,731,616,115
29025,149,130,19
29026,143,120,23
29027,283,245,38
29028,319,273,46
29029,136,115,21
29030,267,234,33
29031,127,116,11
29032,176,152,24
29033,143,121,22
29034,147,128,19
29035,161,141,20
29036,358,309,49
29037,122,110,12
29038,158,141,17
29039,335,289,46
29040,136,125,11
29041,131,121,10
29042,147,129,18
29043,151,123,28
29044,125,110,15
29045,119,111,8
29046,129,113,16
29047,139,121,18
29048,135,117,18
29049,137,127,10
29050,143,124,19
29051,171,151,20
29052,173,153,20
29053,140,120,20
29054,97,84,13
29055,90,71,19
29056,134,119,15
29057,179,161,18
29058,512,461,51
29059,94,77,17
29060,125,105,20
29061,355,321,34
29062,140,130,10
29063,41,38,3
29064,75,60,15
29065,124,109,15
29066,286,243,43
29067,155,139,16
29068,319,276,43
29069,115,100,15
29070,230,205,25
29071,116,103,13
29072,74,68,6
29073,159,134,25
29074,221,190,31
29075,62,56,6
29076,124,109,15
29077,206,183,23
29078,240,210,30
29079,204,178,26
29080,169,155,14
29081,571,511,60
29082,90,80,10
29083,260,227,33
29084,190,172,18
29085,124,110,14
29086,160,137,23
29087,300,272,28
29088,170,148,22
29089,350,288,62
29090,215,194,21
29091,241,207,34
29092,180,149,31
29093,100,83,17
29094,386,314,72
29095,92,81,11
29096,128,104,24
29097,110,102,8
29098,94,82,12
29099,499,451,48
29100,129,115,14
29101,104,95,9
29102,139,126,13
29103,144,125,19
29104,184,157,27
29105,108,94,14
29106,106,98,8
29107,239,207,32
29108,177,154,23
29109,200,182,18
29110,441,376,65
29111,61,52,9
29112,85,74,11
29113,105,92,13
29114,218,186,32
29115,262,235,27
29116,146,123,23
29117,144,125,19
29118,185,161,24
29119,216,183,33
29120,157,136,21
29121,415,366,49
29122,200,176,24
29123,201,177,24
29124,260,234,26
29125,127,112,15
29126,271,248,23
29127,189,163,26
29128,191,164,27
29129,175,158,17
29130,141,130,11
29131,222,198,24
29132,560,482,78
29133,358,320,38
29134,349,311,38
29135,44,41,3
29136,148,134,14
29137,114,106,8
29138,408,356,52
29139,120,114,6
29140,165,150,15
29141,300,267,33
29142,117,107,10
29143,379,338,41
29144,192,175,17
29145,707,610,97
29146,179,158,21
29147,201,181,20
29148,234,202,32
29149,116,106,10
29150,273,246,27
29151,224,196,28
29152,470,428,42
29153,136,114,22
29154,214,184,30
29155,775,695,80
29156,201,185,16
29157,655,573,82
29158,401,350,51
29159,919,808,111
29160,285,232,53
29161,58,53,5
29162,199,175,24
29163,94,82,12
29164,55,53,2
29165,690,601,89
29166,612,538,74
29167,167,149,18
29168,55,46,9
29169,62,55,7
29170,130,111,19
29171,205,181,24
29172,122,103,19
29173,50,44,6
29174,161,140,21
29175,644,550,94
29176,273,236,37
29177,117,102,15
29178,263,234,29
29179,234,212,22
29180,202,179,23
29181,431,374,57
29182,373,308,65
29183,223,192,31
29184,113,102,11
29185,136,117,19
29186,118,102,16
29187,403,361,42
29188,136,121,15
29189,156,134,22
29190,94,84,10
29191,124,110,14
29192,99,89,10
29193,265,237,28
29194,886,765,121
29195,560,479,81
29196,183,159,24
29197,128,118,10
29198,195,163,32
29199,485,414,71
29200,302,255,47
29201,280,229,51
29202,107,95,12
29203,159,130,29
29204,136,116,20
29205,225,201,24
29206,190,165,25
29207,189,165,24
29208,108,87,21
29209,267,227,40
29210,64,52,12
29211,145,128,17
29212,201,174,27
29213,72,60,12
29214,162,143,19
29215,112,102,10
29216,194,151,43
29217,131,117,14
29218,272,248,24
29219,206,186,20
29220,167,144,23
29221,61,54,7
29222,201,177,24
29223,527,463,64
29224,866,759,107
29225,185,166,19
29226,317,269,48
29227,336,297,39
29228,115,104,11
29229,632,553,79
29230,160,142,18
29231,328,295,33
29232,80,68,12
29233,111,99,12
29234,194,170,24
29235,384,348,36
29236,307,278,29
29237,817,711,106
29238,177,155,22
29239,233,200,33
29240,227,194,33
29241,759,676,83
29242,138,118,20
29243,214,184,30
29244,165,137,28
29245,398,343,55
29246,197,172,25
29247,142,125,17
29248,142,122,20
29249,231,206,25
29250,228,199,29
29251,315,264,51
29252,213,180,33
29253,535,462,73
29254,102,88,14
29255,605,520,85
29256,837,763,74
29257,315,281,34
29258,789,718,71
29259,204,179,25
29260,162,147,15
29261,257,227,30
29262,184,158,26
29263,138,125,13
29264,175,156,19
29265,81,69,12
29266,221,205,16
29267,79,71,8
29268,47,44,3
29269,113,98,15
29270,126,109,17
29271,189,170,19
29272,244,216,28
29273,211,189,22
29274,141,124,17
29275,290,262,28
29276,110,93,17
29277,203,182,21
29278,93,84,9
29279,160,140,20
29280,59,53,6
29281,144,129,15
29282,412,358,54
29283,194,177,17
29284,274,250,24
29285,339,310,29
29286,71,65,6
29287,143,130,13
29288,49,41,8
29289,133,125,8
29290,340,303,37
29291,241,211,30
29292,225,201,24
29293,180,160,20
29294,98,82,16
29295,175,152,23
29296,301,238,63
29297,152,132,20
29298,312,280,32
29299,52,43,9
29300,349,281,68
29301,197,160,37
29302,571,484,87
29303,137,122,15
29304,127,116,11
29305,165,145,20
29306,146,130,16
29307,285,248,37
29308,150,131,19
29309,123,110,13
29310,148,130,18
29311,54,49,5
29312,49,42,7
29313,123,101,22
29314,113,102,11
29315,138,120,18
29316,89,80,9
29317,218,188,30
29318,126,112,14
29319,148,127,21
29320,73,63,10
29321,59,52,7
29322,178,157,21
29323,448,400,48
29324,185,166,19
29325,395,348,47
29326,62,59,3
29327,115,102,13
29328,527,466,61
29329,310,271,39
29330,134,112,22
29331,177,160,17
29332,119,109,10
29333,723,640,83
29334,178,153,25
29335,314,279,35
29336,647,568,79
29337,979,883,96
29338,599,505,94
29339,1002,858,144
29340,444,392,52
29341,389,320,69
29342,116,94,22
29343,104,90,14
29344,530,458,72
29345,246,214,32
29346,227,198,29
29347,306,265,41
29348,215,182,33
29349,523,454,69
29350,568,481,87
29351,238,207,31
29352,428,379,49
29353,188,163,25
29354,121,114,7
29355,238,204,34
29356,513,444,69
29357,195,171,24
29358,155,144,11
29359,131,115,16
29360,90,83,7
29361,142,122,20
29362,183,156,27
29363,135,122,13
29364,254,226,28
29365,162,138,24
29366,122,114,8
29367,352,300,52
29368,129,111,18
29369,256,222,34
29370,126,117,9
29371,174,155,19
29372,129,117,12
29373,288,254,34
29374,163,135,28
29375,143,124,19
29376,359,323,36
29377,396,357,39
29378,296,257,39
29379,144,125,19
29380,131,118,13
29381,168,155,13
29382,193,160,33
29383,152,128,24
29384,254,223,31
29385,126,113,13
29386,460,402,58
29387,179,147,32
29388,97,88,9
29389,144,131,13
29390,52,41,11
29391,145,124,21
29392,347,304,43
29393,179,159,20
29394,141,124,17
29395,173,156,17
29396,113,98,15
29397,162,144,18
29398,401,371,30
29399,168,151,17
29400,205,185,20
29401,268,236,32
29402,377,332,45
29403,137,118,19
29404,359,319,40
29405,152,137,15
29406,241,204,37
29407,120,102,18
29408,304,277,27
29409,501,427,74
29410,487,422,65
29411,222,177,45
29412,384,334,50
29413,364,309,55
29414,164,143,21
29415,371,301,70
29416,114,106,8
29417,165,141,24
29418,397,348,49
29419,769,668,101
29420,245,201,44
29421,169,145,24
29422,244,218,26
29423,133,112,21
29424,934,785,149
29425,322,281,41
29426,587,495,92
29427,493,426,67
29428,219,187,32
29429,128,114,14
29430,796,685,111
29431,138,118,20
29432,49,44,5
29433,145,127,18
29434,130,116,14
29435,78,62,16
29436,117,98,19
29437,250,213,37
29438,152,143,9
29439,246,214,32
29440,164,144,20
29441,251,210,41
29442,147,125,22
29443,177,153,24
29444,168,143,25
29445,48,44,4
29446,91,79,12
29447,139,126,13
29448,132,122,10
29449,136,115,21
29450,326,283,43
29451,56,51,5
29452,1079,972,107
29453,238,209,29
29454,199,168,31
29455,160,151,9
29456,149,139,10
29457,328,287,41
29458,359,311,48
29459,116,104,12
29460,227,206,21
29461,141,126,15
29462,157,144,13
29463,149,134,15
29464,161,149,12
29465,208,176,32
29466,142,132,10
29467,137,119,18
29468,180,163,17
29469,140,123,17
29470,152,141,11
29471,160,137,23
29472,146,135,11
29473,65,53,12
29474,140,127,13
29475,55,49,6
29476,65,56,9
29477,254,228,26
29478,144,134,10
29479,144,122,22
29480,44,38,6
29481,101,90,11
29482,47,42,5
29483,112,99,13
29484,54,48,6
29485,79,71,8
29486,75,65,10
29487,127,113,14
29488,168,149,19
29489,102,96,6
29490,234,210,24
29491,130,116,14
29492,186,160,26
29493,337,277,60
29494,281,247,34
29495,442,394,48
29496,165,142,23
29497,186,174,12
29498,154,138,16
29499,136,111,25
29500,361,307,54
29501,357,323,34
29502,623,551,72
29503,299,235,64
29504,238,205,33
29505,153,142,11
29506,132,121,11
29507,424,372,52
29508,165,144,21
29509,140,130,10
29510,174,152,22
29511,260,236,24
29512,174,156,18
29513,154,131,23
29514,301,262,39
29515,163,144,19
29516,281,240,41
29517,1002,867,135
29518,134,120,14
29519,146,127,19
29520,461,419,42
29521,114,93,21
29522,158,142,16
29523,135,119,16
29524,136,127,9
29525,123,114,9
29526,196,167,29
29527,39,33,6
29528,131,117,14
29529,54,49,5
29530,1045,922,123
29531,84,76,8
29532,766,661,105
29533,314,265,49
29534,1006,862,144
29535,195,170,25
29536,131,121,10
29537,127,112,15
29538,427,375,52
29539,267,232,35
29540,112,97,15
29541,173,140,33
29542,86,80,6
29543,423,374,49
29544,170,146,24
29545,100,82,18
29546,261,237,24
29547,34,28,6
29548,202,184,18
29549,176,160,16
29550,256,228,28
29551,355,322,33
29552,411,360,51
29553,192,159,33
29554,150,142,8
29555,152,134,18
29556,292,261,31
29557,100,87,13
29558,959,829,130
29559,293,261,32
29560,174,154,20
29561,694,599,95
29562,426,368,58
29563,553,488,65
29564,333,281,52
29565,278,248,30
29566,213,186,27
29567,604,527,77
29568,177,156,21
29569,700,612,88
29570,271,237,34
29571,350,301,49
29572,198,176,22
29573,121,107,14
29574,151,135,16
29575,108,99,9
29576,226,206,20
29577,133,123,10
29578,224,193,31
29579,137,122,15
29580,178,166,12
29581,353,320,33
29582,229,202,27
29583,135,123,12
29584,243,218,25
29585,194,179,15
29586,198,175,23
29587,161,140,21
29588,400,361,39
29589,71,60,11
29590,128,114,14
29591,116,99,17
29592,228,198,30
29593,239,194,45
29594,143,126,17
29595,90,81,9
29596,179,169,10
29597,137,120,17
29598,335,288,47
29599,388,345,43
29600,173,148,25
29601,43,36,7
29602,193,172,21
29603,207,172,35
29604,539,478,61
29605,140,120,20
29606,231,200,31
29607,187,164,23
29608,519,460,59
29609,165,150,15
29610,222,202,20
29611,166,146,20
29612,143,123,20
29613,97,84,13
29614,129,112,17
29615,241,202,39
29616,1006,818,188
29617,265,239,26
29618,413,362,51
29619,125,107,18
29620,115,100,15
29621,287,252,35
29622,530,447,83
29623,113,100,13
29624,537,476,61
29625,335,303,32
29626,97,83,14
29627,628,546,82
29628,316,277,39
29629,308,274,34
29630,378,315,63
29631,102,89,13
29632,386,340,46
29633,44,40,4
29634,298,248,50
29635,266,218,48
29636,887,760,127
29637,558,464,94
29638,761,659,102
29639,149,136,13
29640,137,113,24
29641,136,120,16
29642,119,101,18
29643,260,225,35
29644,1006,885,121
29645,177,160,17
29646,126,111,15
29647,126,115,11
29648,139,130,9
29649,328,276,52
29650,136,116,20
29651,290,263,27
29652,803,712,91
29653,598,529,69
29654,117,101,16
29655,151,132,19
29656,179,160,19
29657,121,110,11
29658,289,259,30
29659,132,112,20
29660,189,170,19
29661,328,282,46
29662,191,168,23
29663,142,124,18
29664,130,117,13
29665,230,195,35
29666,289,249,40
29667,215,191,24
29668,105,96,9
29669,357,321,36
29670,123,108,15
29671,106,88,18
29672,834,726,108
29673,1010,863,147
29674,167,139,28
29675,275,239,36
29676,325,283,42
29677,76,70,6
29678,157,139,18
29679,137,120,17
29680,326,279,47
29681,256,235,21
29682,139,119,20
29683,78,72,6
29684,52,48,4
29685,137,120,17
29686,326,279,47
29687,131,112,19
29688,37,31,6
29689,125,114,11
29690,48,42,6
29691,130,120,10
29692,123,114,9
29693,125,114,11
29694,126,112,14
29695,340,297,43
29696,1029,921,108
29697,115,99,16
29698,138,122,16
29699,154,138,16
29700,120,107,13
29701,364,326,38
29702,233,213,20
29703,616,526,90
29704,120,109,11
29705,108,99,9
29706,195,171,24
29707,134,122,12
29708,312,276,36
29709,122,109,13
29710,119,108,11
29711,170,155,15
29712,279,255,24
29713,163,146,17
29714,462,405,57
29715,141,124,17
29716,183,164,19
29717,142,128,14
29718,193,169,24
29719,226,197,29
29720,516,452,64
29721,76,63,13
29722,311,284,27
29723,264,231,33
29724,164,139,25
29725,242,207,35
29726,46,43,3
29727,174,154,20
29728,118,109,9
29729,131,117,14
29730,152,140,12
29731,301,251,50
29732,156,144,12
29733,215,188,27
29734,148,131,17
29735,109,97,12
29736,274,235,39
29737,409,342,67
29738,121,107,14
29739,174,150,24
29740,205,177,28
29741,194,171,23
29742,153,129,24
29743,722,620,102
29744,317,264,53
29745,191,161,30
29746,179,146,33
29747,199,174,25
29748,356,298,58
29749,127,113,14
29750,493,437,56
29751,576,509,67
29752,170,148,22
29753,277,242,35
29754,375,319,56
29755,616,545,71
29756,354,303,51
29757,503,448,55
29758,140,116,24
29759,198,175,23
29760,750,638,112
29761,161,138,23
29762,143,132,11
29763,140,126,14
29764,128,117,11
29765,143,116,27
29766,137,115,22
29767,112,90,22
29768,89,76,13
29769,142,119,23
29770,589,507,82
29771,195,173,22
29772,191,164,27
29773,168,145,23
29774,164,140,24
29775,103,86,17
29776,128,112,16
29777,750,622,128
29778,176,152,24
29779,130,114,16
29780,267,231,36
29781,122,109,13
29782,313,277,36
29783,352,321,31
29784,292,260,32
29785,143,122,21
29786,235,207,28
29787,40,36,4
29788,969,835,134
29789,99,95,4
29790,75,68,7
29791,77,73,4
29792,47,43,4
29793,64,57,7
29794,124,111,13
29795,86,77,9
29796,202,172,30
29797,55,52,3
29798,102,90,12
29799,788,673,115
29800,158,138,20
29801,233,202,31
29802,61,55,6
29803,257,222,35
29804,102,89,13
29805,135,124,11
29806,71,62,9
29807,110,98,12
29808,142,123,19
29809,136,122,14
29810,990,835,155
29811,236,213,23
29812,167,146,21
29813,451,389,62
29814,166,147,19
29815,107,94,13
29816,251,218,33
29817,74,60,14
29818,890,763,127
29819,189,172,17
29820,647,532,115
29821,355,322,33
29822,508,443,65
29823,607,527,80
29824,426,366,60
29825,986,844,142
29826,176,147,29
29827,198,174,24
29828,322,276,46
29829,323,284,39
29830,315,282,33
29831,189,172,17
29832,501,430,71
29833,202,170,32
29834,263,238,25
29835,497,429,68
29836,137,120,17
29837,355,306,49
29838,124,106,18
29839,1003,859,144
29840,253,227,26
29841,321,274,47
29842,144,126,18
29843,338,293,45
29844,238,202,36
29845,108,97,11
29846,123,104,19
29847,167,146,21
29848,286,243,43
29849,196,162,34
29850,122,111,11
29851,53,48,5
29852,398,329,69
29853,170,148,22
29854,161,150,11
29855,130,107,23
29856,208,174,34
29857,230,196,34
29858,523,460,63
29859,743,654,89
29860,380,328,52
29861,459,406,53
29862,480,417,63
29863,116,104,12
29864,561,495,66
29865,133,113,20
29866,333,284,49
29867,160,136,24
29868,191,172,19
29869,225,186,39
29870,254,211,43
29871,95,80,15
29872,217,193,24
29873,598,538,60
29874,187,153,34
29875,113,96,17
29876,373,321,52
29877,841,708,133
29878,567,485,82
29879,353,308,45
29880,704,606,98
29881,331,279,52
29882,206,184,22
29883,91,83,8
29884,106,86,20
29885,127,116,11
29886,152,139,13
29887,112,99,13
29888,250,223,27
29889,168,145,23
29890,131,113,18
29891,170,149,21
29892,174,159,15
29893,179,154,25
29894,134,113,21
29895,280,247,33
29896,205,190,15
29897,160,147,13
29898,234,211,23
29899,570,481,89
29900,296,274,22
29901,297,260,37
29902,297,260,37
29903,296,274,22
29904,214,188,26
29905,184,162,22
29906,184,165,19
29907,170,144,26
29908,144,124,20
29909,659,575,84
29910,294,249,45
29911,188,163,25
29912,207,186,21
29913,35,28,7
29914,158,130,28
29915,197,175,22
29916,172,158,14
29917,117,102,15
29918,191,169,22
29919,117,100,17
29920,125,113,12
29921,426,379,47
29922,131,107,24
29923,137,124,13
29924,131,124,7
29925,184,161,23
29926,124,114,10
29927,135,115,20
29928,59,53,6
29929,133,113,20
29930,63,55,8
29931,168,135,33
29932,540,474,66
29933,119,99,20
29934,140,127,13
29935,250,217,33
29936,194,171,23
29937,201,182,19
29938,287,257,30
29939,348,310,38
29940,122,109,13
29941,105,89,16
29942,134,119,15
29943,381,314,67
29944,446,379,67
29945,135,111,24
29946,182,158,24
29947,108,97,11
29948,119,106,13
29949,203,173,30
29950,164,150,14
29951,121,96,25
29952,212,186,26
29953,177,153,24
29954,154,128,26
29955,205,185,20
29956,132,120,12
29957,168,148,20
29958,165,134,31
29959,172,145,27
29960,137,118,19
29961,126,108,18
29962,203,181,22
29963,230,202,28
29964,136,121,15
29965,153,130,23
29966,72,63,9
29967,155,149,6
29968,123,111,12
29969,201,177,24
29970,165,152,13
29971,224,201,23
29972,166,152,14
29973,177,148,29
29974,233,206,27
29975,182,163,19
29976,329,285,44
29977,576,506,70
29978,125,99,26
29979,41,39,2
29980,77,69,8
29981,175,155,20
29982,161,144,17
29983,554,490,64
29984,126,112,14
29985,172,162,10
29986,221,189,32
29987,220,187,33
29988,648,555,93
29989,633,565,68
29990,367,330,37
29991,151,125,26
29992,98,85,13
29993,52,45,7
29994,183,153,30
29995,71,64,7
29996,326,272,54
29997,65,60,5
29998,64,56,8
29999,171,145,26
30000,110,96,14
30001,126,113,13
30002,194,167,27
30003,287,251,36
30004,123,109,14
30005,188,177,11
30006,171,159,12
30007,266,227,39
30008,146,126,20
30009,132,115,17
30010,134,117,17
30011,625,555,70
30012,160,137,23
30013,234,208,26
30014,122,107,15
30015,144,129,15
30016,444,392,52
30017,75,69,6
30018,103,90,13
30019,347,297,50
30020,261,223,38
30021,144,119,25
30022,693,592,101
30023,250,215,35
30024,190,167,23
30025,607,528,79
30026,50,45,5
30027,135,117,18
30028,203,192,11
30029,103,88,15
30030,203,192,11
30031,108,92,16
30032,39,34,5
30033,352,296,56
30034,329,284,45
30035,114,88,26
30036,138,121,17
30037,151,133,18
30038,126,110,16
30039,314,277,37
30040,48,44,4
30041,280,242,38
30042,151,128,23
30043,66,54,12
30044,292,254,38
30045,130,115,15
30046,140,126,14
30047,240,210,30
30048,249,219,30
30049,119,107,12
30050,108,96,12
30051,161,142,19
30052,200,178,22
30053,124,108,16
30054,188,161,27
30055,448,377,71
30056,164,139,25
30057,217,188,29
30058,51,45,6
30059,141,131,10
30060,61,56,5
30061,85,75,10
30062,175,154,21
30063,111,105,6
30064,202,168,34
30065,138,129,9
30066,114,98,16
30067,300,274,26
30068,273,240,33
30069,146,129,17
30070,335,293,42
30071,145,125,20
30072,310,283,27
30073,327,285,42
30074,562,500,62
30075,319,284,35
30076,319,299,20
30077,165,139,26
30078,604,534,70
30079,106,88,18
30080,484,418,66
30081,199,181,18
30082,157,141,16
30083,45,36,9
30084,105,96,9
30085,108,101,7
30086,41,36,5
30087,146,129,17
30088,125,102,23
30089,169,149,20
30090,110,99,11
30091,315,285,30
30092,295,254,41
30093,133,113,20
30094,135,114,21
30095,109,97,12
30096,142,123,19
30097,281,242,39
30098,402,352,50
30099,189,162,27
30100,197,179,18
30101,127,116,11
30102,45,41,4
30103,142,122,20
30104,903,796,107
30105,30,26,4
30106,195,166,29
30107,545,488,57
30108,407,375,32
30109,57,50,7
30110,139,126,13
30111,123,108,15
30112,216,198,18
30113,276,245,31
30114,152,134,18
30115,691,626,65
30116,285,250,35
30117,571,520,51
30118,130,110,20
30119,176,151,25
30120,280,243,37
30121,162,143,19
30122,65,58,7
30123,47,43,4
30124,123,111,12
30125,171,150,21
30126,958,825,133
30127,188,159,29
30128,202,179,23
30129,227,201,26
30130,364,324,40
30131,321,284,37
30132,119,101,18
30133,710,623,87
30134,468,425,43
30135,250,212,38
30136,666,603,63
30137,376,334,42
30138,424,379,45
30139,62,57,5
30140,323,281,42
30141,149,131,18
30142,126,111,15
30143,574,481,93
30144,291,249,42
30145,127,115,12
30146,126,112,14
30147,200,173,27
30148,426,376,50
30149,68,58,10
30150,69,57,12
30151,191,169,22
30152,133,122,11
30153,242,213,29
30154,306,263,43
30155,592,485,107
30156,50,46,4
30157,196,172,24
30158,130,118,12
30159,136,123,13
30160,103,89,14
30161,212,183,29
30162,158,143,15
30163,992,864,128
30164,124,99,25
30165,147,133,14
30166,197,165,32
30167,119,107,12
30168,194,174,20
30169,132,114,18
30170,187,171,16
30171,148,134,14
30172,197,175,22
30173,133,116,17
30174,100,82,18
30175,107,93,14
30176,404,340,64
30177,276,236,40
30178,167,141,26
30179,306,262,44
30180,128,108,20
30181,535,472,63
30182,136,120,16
30183,124,114,10
30184,241,213,28
30185,94,76,18
30186,162,145,17
30187,140,124,16
30188,570,481,89
30189,115,101,14
30190,244,211,33
30191,139,125,14
30192,222,186,36
30193,169,143,26
30194,309,266,43
30195,151,130,21
30196,198,170,28
30197,125,105,20
30198,64,54,10
30199,191,160,31
30200,183,157,26
30201,258,237,21
30202,58,49,9
30203,179,154,25
30204,184,152,32
30205,203,171,32
30206,114,97,17
30207,260,234,26
30208,498,441,57
30209,171,147,24
30210,550,485,65
30211,303,254,49
30212,266,231,35
30213,489,424,65
30214,105,99,6
30215,197,163,34
30216,177,146,31
30217,44,34,10
30218,297,256,41
30219,61,56,5
30220,121,99,22
30221,138,120,18
30222,115,102,13
30223,49,46,3
30224,322,284,38
30225,300,257,43
30226,116,98,18
30227,182,160,22
30228,170,148,22
30229,137,124,13
30230,123,109,14
30231,147,133,14
30232,410,357,53
30233,120,104,16
30234,133,115,18
30235,400,353,47
30236,508,441,67
30237,182,162,20
30238,170,148,22
30239,503,452,51
30240,159,143,16
30241,189,164,25
30242,112,102,10
30243,152,133,19
30244,147,127,20
30245,180,159,21
30246,180,166,14
30247,198,178,20
30248,101,87,14
30249,519,458,61
30250,211,189,22
30251,220,173,47
30252,314,281,33
30253,144,124,20
30254,377,328,49
30255,307,275,32
30256,209,189,20
30257,140,125,15
30258,280,234,46
30259,335,299,36
30260,168,146,22
30261,332,285,47
30262,98,79,19
30263,457,395,62
30264,368,317,51
30265,316,274,42
30266,81,73,8
30267,144,127,17
30268,201,172,29
30269,190,178,12
30270,151,138,13
30271,105,94,11
30272,204,179,25
30273,25,22,3
30274,126,114,12
30275,108,95,13
30276,150,136,14
30277,210,184,26
30278,218,186,32
30279,125,106,19
30280,258,225,33
30281,141,127,14
30282,80,71,9
30283,73,61,12
30284,63,61,2
30285,74,66,8
30286,131,114,17
30287,138,119,19
30288,103,93,10
30289,142,124,18
30290,163,149,14
30291,362,322,40
30292,225,197,28
30293,161,141,20
30294,270,248,22
30295,131,113,18
30296,178,158,20
30297,114,102,12
30298,177,164,13
30299,84,70,14
30300,239,212,27
30301,130,111,19
30302,139,120,19
30303,312,274,38
30304,258,232,26
30305,235,197,38
30306,406,363,43
30307,77,69,8
30308,198,164,34
30309,219,197,22
30310,99,92,7
30311,541,472,69
30312,380,340,40
30313,418,374,44
30314,119,108,11
30315,240,212,28
30316,179,155,24
30317,65,50,15
30318,90,80,10
30319,224,193,31
30320,142,120,22
30321,115,104,11
30322,225,206,19
30323,39,33,6
30324,154,131,23
30325,141,117,24
30326,206,176,30
30327,173,153,20
30328,167,145,22
30329,130,116,14
30330,271,228,43
30331,208,179,29
30332,632,576,56
30333,607,526,81
30334,224,196,28
30335,178,163,15
30336,540,470,70
30337,189,163,26
30338,199,172,27
30339,778,667,111
30340,128,121,7
30341,879,749,130
30342,125,103,22
30343,522,476,46
30344,253,220,33
30345,445,366,79
30346,1005,861,144
30347,245,192,53
30348,474,422,52
30349,65,54,11
30350,203,177,26
30351,362,318,44
30352,465,416,49
30353,204,171,33
30354,434,378,56
30355,194,172,22
30356,287,239,48
30357,110,90,20
30358,197,169,28
30359,386,313,73
30360,79,67,12
30361,56,48,8
30362,702,592,110
30363,78,66,12
30364,136,121,15
30365,175,163,12
30366,93,87,6
30367,46,41,5
30368,129,116,13
30369,117,98,19
30370,56,51,5
30371,132,115,17
30372,126,110,16
30373,200,179,21
30374,141,123,18
30375,118,105,13
30376,633,539,94
30377,201,171,30
30378,84,76,8
30379,138,124,14
30380,150,135,15
30381,147,123,24
30382,185,168,17
30383,127,117,10
30384,44,38,6
30385,71,63,8
30386,105,95,10
30387,443,379,64
30388,202,180,22
30389,69,59,10
30390,151,128,23
30391,94,84,10
30392,285,254,31
30393,160,130,30
30394,98,89,9
30395,46,39,7
30396,105,91,14
30397,194,173,21
30398,317,286,31
30399,76,71,5
30400,37,34,3
30401,130,114,16
30402,311,251,60
30403,186,160,26
30404,66,57,9
30405,136,120,16
30406,429,367,62
30407,466,409,57
30408,138,118,20
30409,438,393,45
30410,66,60,6
30411,209,168,41
30412,117,109,8
30413,426,359,67
30414,96,81,15
30415,301,249,52
30416,223,188,35
30417,148,123,25
30418,482,413,69
30419,57,51,6
30420,151,136,15
30421,67,60,7
30422,182,158,24
30423,244,221,23
30424,170,153,17
30425,161,139,22
30426,187,161,26
30427,261,210,51
30428,60,52,8
30429,45,39,6
30430,128,110,18
30431,118,98,20
30432,110,99,11
30433,203,163,40
30434,97,88,9
30435,281,250,31
30436,122,107,15
30437,124,104,20
30438,128,111,17
30439,35,27,8
30440,124,105,19
30441,168,151,17
30442,134,110,24
30443,106,84,22
30444,292,258,34
30445,146,126,20
30446,137,116,21
30447,133,112,21
30448,135,118,17
30449,196,175,21
30450,104,88,16
30451,208,169,39
30452,264,230,34
30453,813,718,95
30454,43,37,6
30455,179,160,19
30456,171,153,18
30457,209,181,28
30458,131,118,13
30459,128,114,14
30460,452,386,66
30461,163,149,14
30462,215,192,23
30463,71,63,8
30464,66,59,7
30465,108,99,9
30466,203,183,20
30467,237,200,37
30468,182,157,25
30469,175,162,13
30470,69,63,6
30471,108,98,10
30472,136,119,17
30473,136,124,12
30474,165,146,19
30475,160,144,16
30476,173,150,23
30477,147,129,18
30478,305,271,34
30479,168,151,17
30480,194,171,23
30481,55,47,8
30482,184,156,28
30483,130,113,17
30484,273,224,49
30485,165,150,15
30486,442,386,56
30487,75,66,9
30488,172,142,30
30489,148,131,17
30490,76,69,7
30491,186,165,21
30492,145,134,11
30493,171,155,16
30494,150,132,18
30495,118,104,14
30496,264,232,32
30497,67,60,7
30498,413,368,45
30499,303,259,44
30500,101,90,11
30501,82,75,7
30502,121,108,13
30503,190,168,22
30504,127,110,17
30505,241,208,33
30506,277,246,31
30507,167,140,27
30508,134,119,15
30509,244,216,28
30510,221,201,20
30511,115,101,14
30512,287,245,42
30513,141,120,21
30514,160,134,26
30515,157,136,21
30516,160,133,27
30517,265,221,44
30518,130,117,13
30519,344,298,46
30520,46,39,7
30521,324,277,47
30522,305,264,41
30523,135,124,11
30524,190,163,27
30525,223,181,42
30526,31,29,2
30527,380,325,55
30528,298,274,24
30529,62,58,4
30530,469,399,70
30531,137,120,17
30532,385,334,51
30533,118,100,18
30534,127,108,19
30535,154,137,17
30536,143,128,15
30537,240,211,29
30538,376,332,44
30539,196,175,21
30540,104,98,6
30541,194,177,17
30542,168,141,27
30543,594,533,61
30544,645,568,77
30545,143,122,21
30546,253,219,34
30547,783,681,102
30548,236,204,32
30549,377,341,36
30550,746,654,92
30551,120,109,11
30552,157,137,20
30553,194,172,22
30554,211,191,20
30555,130,115,15
30556,148,134,14
30557,82,76,6
30558,187,166,21
30559,175,166,9
30560,348,306,42
30561,143,135,8
30562,168,152,16
30563,99,86,13
30564,138,128,10
30565,939,810,129
30566,223,191,32
30567,128,118,10
30568,125,114,11
30569,225,204,21
30570,512,451,61
30571,180,164,16
30572,134,121,13
30573,160,147,13
30574,114,91,23
30575,277,245,32
30576,279,254,25
30577,122,110,12
30578,70,67,3
30579,156,141,15
30580,120,109,11
30581,136,117,19
30582,175,157,18
30583,136,119,17
30584,132,116,16
30585,165,143,22
30586,258,225,33
30587,566,471,95
30588,165,147,18
30589,99,87,12
30590,387,338,49
30591,167,150,17
30592,272,237,35
30593,564,500,64
30594,165,153,12
30595,188,175,13
30596,201,170,31
30597,195,170,25
30598,534,471,63
30599,251,222,29
30600,193,168,25
30601,332,287,45
30602,94,81,13
30603,325,297,28
30604,612,518,94
30605,128,118,10
30606,214,198,16
30607,230,201,29
30608,145,130,15
30609,659,576,83
30610,172,150,22
30611,49,48,1
30612,2151,1894,257
30613,598,554,44
30614,149,131,18
30615,118,105,13
30616,396,344,52
30617,175,155,20
30618,81,73,8
30619,226,197,29
30620,53,45,8
30621,900,780,120
30622,57,51,6
30623,229,203,26
30624,253,233,20
30625,115,105,10
30626,71,67,4
30627,65,61,4
30628,678,596,82
30629,244,215,29
30630,96,87,9
30631,158,141,17
30632,996,855,141
30633,144,129,15
30634,232,197,35
30635,138,125,13
30636,746,668,78
30637,144,124,20
30638,196,178,18
30639,237,206,31
30640,379,337,42
30641,130,114,16
30642,346,289,57
30643,733,651,82
30644,525,461,64
30645,186,162,24
30646,265,220,45
30647,257,222,35
30648,130,107,23
30649,605,539,66
30650,133,112,21
30651,68,58,10
30652,63,59,4
30653,166,152,14
30654,947,828,119
30655,140,127,13
30656,120,108,12
30657,337,278,59
30658,504,434,70
30659,248,213,35
30660,196,175,21
30661,307,269,38
30662,215,181,34
30663,212,188,24
30664,379,329,50
30665,193,163,30
30666,252,215,37
30667,106,88,18
30668,323,281,42
30669,216,191,25
30670,110,89,21
30671,141,120,21
30672,272,235,37
30673,155,136,19
30674,186,163,23
30675,197,176,21
30676,341,289,52
30677,553,488,65
30678,139,117,22
30679,193,168,25
30680,369,329,40
30681,172,144,28
30682,150,136,14
30683,315,273,42
30684,471,406,65
30685,155,137,18
30686,294,266,28
30687,341,302,39
30688,403,354,49
30689,130,117,13
30690,210,189,21
30691,118,106,12
30692,203,173,30
30693,170,160,10
30694,145,129,16
30695,382,321,61
30696,287,260,27
30697,190,152,38
30698,223,200,23
30699,140,130,10
30700,102,86,16
30701,289,255,34
30702,462,405,57
30703,129,106,23
30704,628,567,61
30705,360,316,44
30706,202,174,28
30707,270,239,31
30708,561,484,77
30709,725,619,106
30710,141,122,19
30711,105,91,14
30712,47,38,9
30713,102,88,14
30714,50,42,8
30715,110,98,12
30716,132,112,20
30717,114,96,18
30718,133,114,19
30719,76,66,10
30720,783,691,92
30721,129,100,29
30722,50,40,10
30723,145,125,20
30724,135,116,19
30725,177,152,25
30726,221,192,29
30727,158,146,12
30728,206,182,24
30729,244,222,22
30730,127,117,10
30731,187,169,18
30732,69,57,12
30733,154,131,23
30734,197,171,26
30735,245,215,30
30736,249,222,27
30737,133,121,12
30738,302,284,18
30739,233,213,20
30740,133,121,12
30741,140,126,14
30742,192,172,20
30743,116,108,8
30744,381,347,34
30745,387,349,38
30746,193,158,35
30747,397,361,36
30748,291,266,25
30749,439,392,47
30750,117,104,13
30751,316,270,46
30752,473,427,46
30753,471,409,62
30754,139,123,16
30755,190,172,18
30756,956,835,121
30757,239,216,23
30758,160,139,21
30759,309,266,43
30760,223,194,29
30761,283,238,45
30762,121,106,15
30763,188,165,23
30764,322,284,38
30765,184,158,26
30766,220,192,28
30767,142,122,20
30768,371,328,43
30769,188,169,19
30770,731,643,88
30771,531,465,66
30772,279,249,30
30773,95,77,18
30774,427,372,55
30775,186,156,30
30776,616,547,69
30777,254,234,20
30778,141,121,20
30779,110,104,6
30780,179,156,23
30781,105,93,12
30782,145,132,13
30783,232,200,32
30784,171,152,19
30785,1400,1262,138
30786,103,82,21
30787,189,161,28
30788,141,133,8
30789,123,113,10
30790,189,164,25
30791,238,205,33
30792,143,128,15
30793,206,186,20
30794,167,149,18
30795,514,454,60
30796,161,143,18
30797,130,112,18
30798,146,124,22
30799,331,292,39
30800,633,546,87
30801,129,111,18
30802,263,238,25
30803,360,310,50
30804,117,102,15
30805,239,215,24
30806,155,142,13
30807,113,106,7
30808,280,245,35
30809,695,601,94
30810,141,124,17
30811,151,139,12
30812,30,25,5
30813,52,45,7
30814,24,23,1
30815,44,37,7
30816,170,151,19
30817,156,137,19
30818,130,116,14
30819,123,112,11
30820,686,579,107
30821,158,138,20
30822,266,240,26
30823,111,94,17
30824,827,741,86
30825,238,208,30
30826,828,742,86
30827,99,80,19
30828,176,151,25
30829,131,118,13
30830,88,78,10
30831,293,254,39
30832,287,244,43
30833,267,237,30
30834,563,484,79
30835,414,357,57
30836,438,379,59
30837,158,135,23
30838,525,473,52
30839,165,149,16
30840,300,268,32
30841,384,344,40
30842,152,137,15
30843,129,115,14
30844,85,76,9
30845,448,399,49
30846,140,135,5
30847,162,148,14
30848,123,112,11
30849,725,641,84
30850,174,140,34
30851,335,282,53
30852,210,184,26
30853,67,53,14
30854,502,429,73
30855,114,91,23
30856,245,218,27
30857,168,150,18
30858,424,372,52
30859,268,248,20
30860,192,159,33
30861,120,97,23
30862,178,150,28
30863,152,131,21
30864,142,126,16
30865,129,109,20
30866,226,199,27
30867,72,63,9
30868,327,291,36
30869,537,473,64
30870,239,207,32
30871,76,63,13
30872,218,195,23
30873,175,161,14
30874,132,111,21
30875,199,175,24
30876,139,130,9
30877,295,253,42
30878,239,212,27
30879,173,162,11
30880,317,284,33
30881,185,171,14
30882,171,151,20
30883,234,202,32
30884,31,30,1
30885,161,141,20
30886,110,93,17
30887,122,106,16
30888,129,108,21
30889,173,149,24
30890,2147,1829,318
30891,53,44,9
30892,313,267,46
30893,149,131,18
30894,56,44,12
30895,108,94,14
30896,222,190,32
30897,446,388,58
30898,152,125,27
30899,414,364,50
30900,98,83,15
30901,327,275,52
30902,228,199,29
30903,303,265,38
30904,384,352,32
30905,168,140,28
30906,599,521,78
30907,62,56,6
30908,213,188,25
30909,298,250,48
30910,251,220,31
30911,76,70,6
30912,1039,882,157
30913,120,102,18
30914,67,56,11
30915,111,99,12
30916,115,103,12
30917,51,46,5
30918,121,110,11
30919,464,398,66
30920,186,168,18
30921,266,222,44
30922,245,219,26
30923,465,411,54
30924,158,132,26
30925,191,165,26
30926,122,111,11
30927,96,84,12
30928,176,151,25
30929,133,121,12
30930,130,122,8
30931,148,130,18
30932,201,184,17
30933,191,164,27
30934,169,154,15
30935,186,154,32
30936,284,255,29
30937,958,825,133
30938,220,191,29
30939,108,98,10
30940,115,101,14
30941,132,116,16
30942,130,114,16
30943,158,136,22
30944,107,93,14
30945,372,336,36
30946,107,89,18
30947,59,55,4
30948,128,119,9
30949,65,56,9
30950,112,93,19
30951,225,203,22
30952,72,64,8
30953,228,201,27
30954,71,63,8
30955,145,123,22
30956,320,282,38
30957,187,167,20
30958,312,278,34
30959,399,336,63
30960,153,136,17
30961,135,118,17
30962,169,140,29
30963,136,126,10
30964,270,239,31
30965,293,254,39
30966,54,49,5
30967,120,111,9
30968,252,221,31
30969,90,79,11
30970,393,343,50
30971,466,419,47
30972,106,96,10
30973,522,467,55
30974,137,124,13
30975,172,153,19
30976,121,101,20
30977,85,77,8
30978,160,134,26
30979,52,44,8
30980,112,94,18
30981,286,252,34
30982,170,155,15
30983,167,152,15
30984,501,424,77
30985,29,23,6
30986,112,95,17
30987,138,125,13
30988,298,249,49
30989,184,166,18
30990,385,348,37
30991,713,625,88
30992,296,258,38
30993,230,209,21
30994,148,124,24
30995,169,152,17
30996,137,123,14
30997,269,240,29
30998,160,143,17
30999,147,135,12
31000,443,384,59
31001,140,128,12
31002,356,313,43
31003,180,157,23
31004,766,666,100
31005,285,248,37
31006,209,176,33
31007,625,540,85
31008,196,172,24
31009,610,503,107
31010,49,43,6
31011,218,185,33
31012,664,560,104
31013,636,554,82
31014,200,178,22
31015,305,268,37
31016,87,82,5
31017,206,192,14
31018,158,140,18
31019,192,176,16
31020,228,193,35
31021,129,116,13
31022,192,173,19
31023,68,64,4
31024,180,156,24
31025,412,349,63
31026,258,232,26
31027,671,567,104
31028,91,78,13
31029,577,493,84
31030,225,193,32
31031,213,188,25
31032,88,80,8
31033,236,202,34
31034,130,112,18
31035,149,133,16
31036,90,80,10
31037,345,314,31
31038,507,444,63
31039,243,213,30
31040,242,214,28
31041,113,93,20
31042,70,62,8
31043,67,60,7
31044,287,252,35
31045,586,528,58
31046,645,562,83
31047,471,422,49
31048,493,444,49
31049,454,393,61
31050,834,737,97
31051,176,146,30
31052,1019,860,159
31053,329,268,61
31054,196,176,20
31055,138,118,20
31056,173,153,20
31057,287,259,28
31058,188,160,28
31059,249,200,49
31060,304,261,43
31061,218,191,27
31062,120,107,13
31063,742,632,110
31064,533,462,71
31065,200,179,21
31066,49,41,8
31067,170,149,21
31068,197,169,28
31069,741,634,107
31070,162,151,11
31071,147,134,13
31072,155,132,23
31073,128,116,12
31074,44,42,2
31075,211,194,17
31076,91,85,6
31077,54,45,9
31078,55,52,3
31079,68,63,5
31080,46,43,3
31081,107,90,17
31082,49,47,2
31083,180,161,19
31084,44,40,4
31085,70,57,13
31086,136,115,21
31087,73,67,6
31088,120,102,18
31089,47,44,3
31090,205,181,24
31091,138,121,17
31092,84,73,11
31093,233,205,28
31094,114,103,11
31095,288,252,36
31096,374,326,48
31097,151,126,25
31098,59,51,8
31099,116,103,13
31100,144,134,10
31101,148,129,19
31102,311,260,51
31103,658,590,68
31104,780,666,114
31105,81,76,5
31106,165,138,27
31107,50,42,8
31108,156,136,20
31109,302,262,40
31110,126,114,12
31111,967,859,108
31112,170,151,19
31113,708,630,78
31114,680,588,92
31115,111,100,11
31116,124,109,15
31117,227,201,26
31118,101,96,5
31119,117,101,16
31120,137,118,19
31121,87,76,11
31122,117,105,12
31123,221,186,35
31124,167,150,17
31125,143,123,20
31126,305,277,28
31127,115,105,10
31128,128,115,13
31129,204,178,26
31130,111,103,8
31131,659,568,91
31132,57,51,6
31133,126,114,12
31134,127,100,27
31135,139,123,16
31136,131,122,9
31137,240,215,25
31138,156,144,12
31139,131,116,15
31140,122,109,13
31141,128,109,19
31142,159,141,18
31143,122,115,7
31144,115,102,13
31145,368,331,37
31146,176,162,14
31147,421,371,50
31148,161,141,20
31149,424,387,37
31150,461,405,56
31151,261,235,26
31152,213,197,16
31153,204,163,41
31154,232,203,29
31155,454,405,49
31156,481,416,65
31157,247,223,24
31158,146,128,18
31159,487,423,64
31160,157,139,18
31161,198,178,20
31162,132,113,19
31163,218,201,17
31164,571,501,70
31165,112,98,14
31166,134,115,19
31167,121,100,21
31168,136,124,12
31169,271,240,31
31170,130,111,19
31171,119,101,18
31172,126,112,14
31173,116,101,15
31174,96,84,12
31175,241,217,24
31176,120,105,15
31177,142,119,23
31178,260,225,35
31179,68,57,11
31180,117,102,15
31181,179,160,19
31182,182,167,15
31183,130,111,19
31184,93,87,6
31185,204,187,17
31186,180,158,22
31187,298,253,45
31188,124,111,13
31189,273,248,25
31190,171,156,15
31191,199,179,20
31192,388,352,36
31193,185,164,21
31194,164,142,22
31195,126,115,11
31196,135,121,14
31197,205,176,29
31198,246,211,35
31199,173,149,24
31200,239,213,26
31201,212,191,21
31202,143,127,16
31203,189,166,23
31204,143,129,14
31205,85,76,9
31206,243,208,35
31207,340,312,28
31208,146,124,22
31209,660,586,74
31210,330,283,47
31211,130,110,20
31212,322,293,29
31213,180,156,24
31214,293,261,32
31215,144,129,15
31216,267,238,29
31217,282,239,43
31218,493,439,54
31219,128,113,15
31220,418,361,57
31221,108,95,13
31222,452,379,73
31223,239,213,26
31224,123,106,17
31225,140,120,20
31226,232,184,48
31227,161,134,27
31228,131,106,25
31229,150,129,21
31230,117,101,16
31231,987,839,148
31232,132,116,16
31233,174,156,18
31234,248,214,34
31235,70,60,10
31236,344,300,44
31237,161,141,20
31238,533,459,74
31239,334,303,31
31240,58,48,10
31241,298,261,37
31242,692,601,91
31243,130,116,14
31244,200,174,26
31245,464,415,49
31246,170,148,22
31247,235,202,33
31248,195,168,27
31249,177,152,25
31250,132,116,16
31251,404,354,50
31252,420,369,51
31253,76,67,9
31254,926,789,137
31255,283,241,42
31256,84,74,10
31257,88,74,14
31258,62,51,11
31259,250,215,35
31260,63,53,10
31261,156,142,14
31262,40,35,5
31263,51,43,8
31264,106,96,10
31265,67,60,7
31266,111,102,9
31267,245,218,27
31268,123,112,11
31269,168,151,17
31270,125,110,15
31271,55,49,6
31272,142,120,22
31273,173,149,24
31274,198,177,21
31275,167,151,16
31276,53,44,9
31277,287,255,32
31278,242,210,32
31279,908,812,96
31280,188,161,27
31281,188,159,29
31282,223,205,18
31283,79,67,12
31284,244,225,19
31285,119,100,19
31286,150,133,17
31287,236,212,24
31288,274,236,38
31289,149,124,25
31290,365,316,49
31291,618,535,83
31292,336,291,45
31293,242,215,27
31294,424,362,62
31295,884,779,105
31296,154,140,14
31297,154,140,14
31298,154,140,14
31299,77,66,11
31300,154,140,14
31301,175,163,12
31302,154,140,14
31303,130,112,18
31304,176,157,19
31305,153,131,22
31306,211,190,21
31307,371,327,44
31308,45,37,8
31309,175,149,26
31310,171,140,31
31311,173,157,16
31312,216,187,29
31313,126,106,20
31314,531,460,71
31315,574,503,71
31316,225,192,33
31317,332,297,35
31318,290,257,33
31319,768,657,111
31320,228,195,33
31321,179,145,34
31322,239,213,26
31323,748,645,103
31324,454,365,89
31325,508,432,76
31326,276,236,40
31327,170,145,25
31328,308,256,52
31329,147,128,19
31330,179,152,27
31331,284,239,45
31332,64,58,6
31333,102,81,21
31334,65,52,13
31335,169,144,25
31336,409,348,61
31337,357,304,53
31338,346,297,49
31339,274,228,46
31340,337,289,48
31341,142,126,16
31342,413,348,65
31343,114,93,21
31344,650,562,88
31345,104,85,19
31346,325,267,58
31347,100,87,13
31348,301,251,50
31349,268,230,38
31350,362,303,59
31351,205,172,33
31352,252,220,32
31353,261,227,34
31354,88,74,14
31355,101,88,13
31356,16,13,3
31357,93,77,16
31358,96,79,17
31359,129,114,15
31360,162,141,21
31361,80,74,6
31362,105,92,13
31363,195,173,22
31364,134,114,20
31365,100,86,14
31366,385,329,56
31367,110,94,16
31368,199,166,33
31369,47,41,6
31370,128,117,11
31371,140,126,14
31372,139,118,21
31373,144,137,7
31374,173,155,18
31375,275,234,41
31376,194,161,33
31377,258,220,38
31378,150,133,17
31379,142,127,15
31380,273,226,47
31381,149,138,11
31382,158,133,25
31383,224,198,26
31384,219,205,14
31385,195,173,22
31386,847,714,133
31387,178,160,18
31388,107,91,16
31389,89,76,13
31390,141,125,16
31391,165,152,13
31392,113,93,20
31393,830,702,128
31394,418,356,62
31395,873,769,104
31396,1031,887,144
31397,327,284,43
31398,200,181,19
31399,664,546,118
31400,404,326,78
31401,174,144,30
31402,413,367,46
31403,140,126,14
31404,132,123,9
31405,181,158,23
31406,240,216,24
31407,556,495,61
31408,138,126,12
31409,170,157,13
31410,154,128,26
31411,152,138,14
31412,192,171,21
31413,179,160,19
31414,224,202,22
31415,128,116,12
31416,113,99,14
31417,833,731,102
31418,130,110,20
31419,296,264,32
31420,206,171,35
31421,400,353,47
31422,118,107,11
31423,458,412,46
31424,289,261,28
31425,224,189,35
31426,191,171,20
31427,127,108,19
31428,74,62,12
31429,125,107,18
31430,99,86,13
31431,65,60,5
31432,193,163,30
31433,20,17,3
31434,31,27,4
31435,40,35,5
31436,112,100,12
31437,88,79,9
31438,142,124,18
31439,56,45,11
31440,199,174,25
31441,63,61,2
31442,93,80,13
31443,106,88,18
31444,586,505,81
31445,198,178,20
31446,404,357,47
31447,52,44,8
31448,47,44,3
31449,332,290,42
31450,123,100,23
31451,141,124,17
31452,114,98,16
31453,243,204,39
31454,156,135,21
31455,269,218,51
31456,83,72,11
31457,128,109,19
31458,600,531,69
31459,148,129,19
31460,727,619,108
31461,126,105,21
31462,122,109,13
31463,104,92,12
31464,58,54,4
31465,280,234,46
31466,139,125,14
31467,111,102,9
31468,135,111,24
31469,164,147,17
31470,159,136,23
31471,139,128,11
31472,193,176,17
31473,129,117,12
31474,210,192,18
31475,142,135,7
31476,468,401,67
31477,256,244,12
31478,106,94,12
31479,263,244,19
31480,382,346,36
31481,273,243,30
31482,274,250,24
31483,500,444,56
31484,606,537,69
31485,486,438,48
31486,254,223,31
31487,331,290,41
31488,158,137,21
31489,167,151,16
31490,438,387,51
31491,239,210,29
31492,546,477,69
31493,155,135,20
31494,274,234,40
31495,249,219,30
31496,200,176,24
31497,248,221,27
31498,385,336,49
31499,94,85,9
31500,500,435,65
31501,335,294,41
31502,229,210,19
31503,154,130,24
31504,271,228,43
31505,261,221,40
31506,354,311,43
31507,585,503,82
31508,1034,911,123
31509,121,103,18
31510,308,274,34
31511,188,164,24
31512,167,134,33
31513,121,103,18
31514,118,112,6
31515,125,101,24
31516,170,142,28
31517,433,377,56
31518,250,225,25
31519,376,342,34
31520,73,64,9
31521,188,157,31
31522,207,189,18
31523,339,313,26
31524,488,439,49
31525,155,146,9
31526,305,267,38
31527,195,163,32
31528,145,128,17
31529,279,247,32
31530,121,105,16
31531,298,264,34
31532,136,118,18
31533,308,275,33
31534,168,149,19
31535,431,381,50
31536,182,161,21
31537,128,114,14
31538,53,49,4
31539,42,39,3
31540,97,90,7
31541,55,49,6
31542,173,152,21
31543,119,108,11
31544,62,54,8
31545,97,86,11
31546,79,74,5
31547,215,195,20
31548,525,462,63
31549,43,39,4
31550,111,102,9
31551,44,42,2
31552,267,217,50
31553,136,128,8
31554,113,103,10
31555,182,161,21
31556,182,161,21
31557,182,161,21
31558,188,161,27
31559,208,181,27
31560,203,182,21
31561,291,264,27
31562,273,241,32
31563,233,203,30
31564,274,246,28
31565,148,128,20
31566,87,78,9
31567,498,451,47
31568,273,238,35
31569,675,593,82
31570,97,85,12
31571,331,277,54
31572,498,439,59
31573,121,108,13
31574,230,210,20
31575,165,146,19
31576,149,132,17
31577,70,54,16
31578,54,44,10
31579,221,200,21
31580,97,88,9
31581,238,205,33
31582,82,66,16
31583,136,118,18
31584,59,53,6
31585,288,249,39
31586,485,432,53
31587,410,369,41
31588,98,86,12
31589,161,137,24
31590,699,608,91
31591,216,184,32
31592,296,256,40
31593,299,266,33
31594,966,828,138
31595,174,154,20
31596,125,110,15
31597,159,144,15
31598,102,84,18
31599,136,120,16
31600,293,235,58
31601,112,97,15
31602,104,91,13
31603,128,114,14
31604,237,207,30
31605,616,554,62
31606,539,455,84
31607,445,381,64
31608,293,235,58
31609,218,196,22
31610,178,155,23
31611,815,723,92
31612,44,38,6
31613,76,66,10
31614,83,73,10
31615,177,155,22
31616,149,127,22
31617,340,306,34
31618,207,189,18
31619,239,205,34
31620,116,100,16
31621,133,117,16
31622,117,103,14
31623,258,232,26
31624,135,124,11
31625,143,128,15
31626,95,79,16
31627,229,199,30
31628,157,134,23
31629,116,102,14
31630,241,213,28
31631,364,328,36
31632,139,120,19
31633,117,101,16
31634,179,163,16
31635,77,67,10
31636,439,373,66
31637,67,56,11
31638,222,192,30
31639,227,185,42
31640,109,97,12
31641,51,47,4
31642,117,105,12
31643,381,325,56
31644,114,97,17
31645,430,379,51
31646,282,258,24
31647,33,29,4
31648,645,570,75
31649,119,108,11
31650,302,271,31
31651,107,96,11
31652,65,59,6
31653,179,156,23
31654,636,563,73
31655,330,288,42
31656,600,534,66
31657,675,590,85
31658,101,90,11
31659,320,278,42
31660,83,71,12
31661,136,114,22
31662,100,91,9
31663,156,137,19
31664,114,99,15
31665,363,317,46
31666,123,103,20
31667,168,151,17
31668,200,171,29
31669,496,439,57
31670,155,146,9
31671,341,303,38
31672,255,225,30
31673,150,127,23
31674,251,212,39
31675,150,130,20
31676,196,176,20
31677,104,87,17
31678,598,503,95
31679,574,509,65
31680,687,593,94
31681,349,300,49
31682,201,179,22
31683,243,208,35
31684,297,269,28
31685,55,49,6
31686,108,99,9
31687,611,554,57
31688,107,95,12
31689,172,156,16
31690,261,238,23
31691,234,207,27
31692,230,206,24
31693,337,291,46
31694,150,135,15
31695,169,151,18
31696,193,175,18
31697,66,62,4
31698,137,120,17
31699,103,93,10
31700,81,71,10
31701,209,181,28
31702,159,143,16
31703,505,442,63
31704,110,104,6
31705,142,133,9
31706,124,104,20
31707,84,75,9
31708,201,175,26
31709,187,168,19
31710,259,215,44
31711,232,199,33
31712,295,243,52
31713,915,774,141
31714,380,339,41
31715,212,185,27
31716,448,389,59
31717,180,159,21
31718,208,180,28
31719,306,256,50
31720,308,275,33
31721,177,163,14
31722,226,180,46
31723,298,238,60
31724,155,135,20
31725,249,213,36
31726,134,117,17
31727,153,133,20
31728,119,102,17
31729,188,171,17
31730,402,343,59
31731,72,63,9
31732,149,134,15
31733,186,165,21
31734,155,144,11
31735,210,177,33
31736,56,49,7
31737,246,203,43
31738,749,644,105
31739,168,146,22
31740,142,124,18
31741,76,64,12
31742,313,265,48
31743,96,76,20
31744,92,78,14
31745,187,166,21
31746,130,115,15
31747,157,139,18
31748,299,263,36
31749,211,184,27
31750,178,158,20
31751,226,197,29
31752,241,221,20
31753,264,238,26
31754,869,740,129
31755,308,269,39
31756,141,125,16
31757,525,460,65
31758,476,424,52
31759,45,37,8
31760,127,104,23
31761,174,156,18
31762,271,240,31
31763,72,60,12
31764,141,125,16
31765,69,63,6
31766,61,53,8
31767,218,187,31
31768,144,135,9
31769,51,45,6
31770,71,61,10
31771,1029,891,138
31772,190,163,27
31773,61,55,6
31774,135,117,18
31775,145,120,25
31776,328,285,43
31777,48,43,5
31778,242,209,33
31779,246,218,28
31780,156,132,24
31781,486,423,63
31782,256,235,21
31783,202,183,19
31784,249,217,32
31785,347,308,39
31786,348,311,37
31787,119,102,17
31788,296,266,30
31789,618,532,86
31790,202,173,29
31791,243,207,36
31792,163,151,12
31793,144,119,25
31794,268,225,43
31795,114,106,8
31796,265,235,30
31797,468,419,49
31798,145,133,12
31799,148,141,7
31800,136,126,10
31801,114,104,10
31802,272,242,30
31803,189,159,30
31804,558,478,80
31805,307,264,43
31806,405,359,46
31807,327,284,43
31808,169,154,15
31809,226,207,19
31810,161,138,23
31811,126,117,9
31812,120,107,13
31813,128,119,9
31814,154,134,20
31815,147,130,17
31816,386,339,47
31817,137,117,20
31818,119,100,19
31819,97,84,13
31820,206,174,32
31821,264,227,37
31822,518,453,65
31823,329,283,46
31824,186,162,24
31825,466,375,91
31826,934,817,117
31827,559,470,89
31828,498,404,94
31829,160,136,24
31830,293,253,40
31831,44,40,4
31832,217,198,19
31833,188,163,25
31834,50,40,10
31835,432,380,52
31836,245,219,26
31837,212,176,36
31838,563,492,71
31839,55,45,10
31840,297,255,42
31841,197,166,31
31842,122,100,22
31843,554,497,57
31844,156,137,19
31845,261,231,30
31846,200,181,19
31847,236,194,42
31848,85,68,17
31849,126,106,20
31850,141,123,18
31851,102,89,13
31852,241,216,25
31853,161,139,22
31854,74,70,4
31855,119,108,11
31856,80,73,7
31857,24,22,2
31858,184,164,20
31859,194,175,19
31860,86,74,12
31861,239,202,37
31862,421,359,62
31863,256,211,45
31864,221,189,32
31865,62,56,6
31866,107,97,10
31867,823,695,128
31868,118,108,10
31869,168,150,18
31870,115,103,12
31871,49,45,4
31872,137,108,29
31873,228,206,22
31874,133,117,16
31875,489,393,96
31876,234,203,31
31877,153,139,14
31878,170,152,18
31879,267,234,33
31880,171,146,25
31881,316,283,33
31882,112,103,9
31883,369,325,44
31884,92,81,11
31885,127,113,14
31886,184,160,24
31887,56,51,5
31888,187,171,16
31889,747,671,76
31890,122,100,22
31891,213,193,20
31892,122,104,18
31893,58,54,4
31894,130,118,12
31895,153,137,16
31896,251,235,16
31897,459,414,45
31898,66,62,4
31899,337,300,37
31900,73,68,5
31901,204,178,26
31902,297,248,49
31903,117,100,17
31904,78,63,15
31905,276,245,31
31906,260,221,39
31907,202,179,23
31908,154,139,15
31909,36,30,6
31910,266,230,36
31911,146,135,11
31912,57,49,8
31913,180,152,28
31914,321,280,41
31915,117,101,16
31916,315,275,40
31917,188,163,25
31918,295,260,35
31919,481,412,69
31920,95,86,9
31921,94,80,14
31922,633,554,79
31923,112,101,11
31924,120,111,9
31925,286,256,30
31926,276,251,25
31927,247,217,30
31928,458,391,67
31929,172,155,17
31930,107,95,12
31931,67,62,5
31932,722,638,84
31933,154,145,9
31934,152,132,20
31935,207,178,29
31936,167,144,23
31937,491,421,70
31938,178,158,20
31939,310,280,30
31940,134,118,16
31941,110,90,20
31942,142,130,12
31943,153,126,27
31944,99,90,9
31945,473,389,84
31946,66,56,10
31947,136,116,20
31948,485,425,60
31949,147,128,19
31950,161,143,18
31951,422,360,62
31952,133,119,14
31953,149,132,17
31954,119,107,12
31955,168,147,21
31956,150,130,20
31957,104,93,11
31958,410,347,63
31959,278,248,30
31960,43,38,5
31961,111,97,14
31962,320,280,40
31963,137,124,13
31964,196,175,21
31965,139,122,17
31966,200,181,19
31967,92,84,8
31968,200,175,25
31969,162,140,22
31970,63,54,9
31971,164,140,24
31972,57,52,5
31973,81,69,12
31974,33,26,7
31975,65,58,7
31976,107,94,13
31977,67,59,8
31978,195,169,26
31979,131,115,16
31980,166,141,25
31981,129,112,17
31982,192,175,17
31983,224,195,29
31984,97,85,12
31985,119,107,12
31986,97,86,11
31987,143,127,16
31988,80,69,11
31989,139,125,14
31990,193,161,32
31991,782,682,100
31992,411,343,68
31993,123,102,21
31994,131,113,18
31995,104,94,10
31996,125,112,13
31997,184,163,21
31998,186,167,19
31999,56,52,4
32000,185,162,23
32001,371,294,77
32002,90,80,10
32003,346,287,59
32004,261,225,36
32005,87,71,16
32006,138,124,14
32007,214,192,22
32008,589,525,64
32009,294,257,37
32010,130,116,14
32011,401,351,50
32012,190,153,37
32013,534,452,82
32014,409,351,58
32015,196,170,26
32016,412,358,54
32017,180,159,21
32018,143,128,15
32019,159,136,23
32020,523,474,49
32021,73,61,12
32022,635,549,86
32023,249,210,39
32024,421,381,40
32025,366,310,56
32026,786,668,118
32027,269,233,36
32028,493,420,73
32029,355,302,53
32030,833,704,129
32031,240,204,36
32032,376,326,50
32033,305,258,47
32034,116,105,11
32035,183,150,33
32036,251,228,23
32037,326,301,25
32038,301,271,30
32039,137,127,10
32040,522,465,57
32041,380,329,51
32042,133,112,21
32043,312,289,23
32044,240,215,25
32045,108,93,15
32046,207,173,34
32047,143,121,22
32048,25,20,5
32049,160,146,14
32050,247,215,32
32051,156,139,17
32052,244,209,35
32053,386,336,50
32054,209,186,23
32055,120,101,19
32056,183,156,27
32057,148,128,20
32058,231,196,35
32059,69,57,12
32060,144,126,18
32061,363,303,60
32062,297,254,43
32063,289,249,40
32064,759,636,123
32065,126,115,11
32066,62,54,8
32067,19,18,1
32068,78,70,8
32069,128,115,13
32070,45,40,5
32071,126,113,13
32072,153,141,12
32073,225,193,32
32074,53,49,4
32075,132,110,22
32076,130,112,18
32077,642,546,96
32078,136,123,13
32079,134,116,18
32080,210,182,28
32081,112,91,21
32082,139,128,11
32083,131,117,14
32084,146,123,23
32085,171,160,11
32086,139,118,21
32087,130,120,10
32088,123,109,14
32089,126,114,12
32090,132,117,15
32091,174,150,24
32092,172,159,13
32093,195,178,17
32094,283,258,25
32095,140,124,16
32096,241,203,38
32097,262,232,30
32098,182,159,23
32099,75,71,4
32100,125,110,15
32101,126,108,18
32102,286,245,41
32103,154,130,24
32104,127,111,16
32105,213,179,34
32106,169,148,21
32107,210,180,30
32108,322,269,53
32109,192,166,26
32110,122,108,14
32111,183,165,18
32112,882,747,135
32113,186,164,22
32114,314,275,39
32115,238,211,27
32116,188,159,29
32117,187,163,24
32118,225,202,23
32119,552,478,74
32120,129,117,12
32121,446,387,59
32122,639,549,90
32123,271,240,31
32124,512,444,68
32125,200,184,16
32126,736,643,93
32127,175,153,22
32128,171,150,21
32129,152,134,18
32130,401,341,60
32131,156,141,15
32132,165,149,16
32133,162,149,13
32134,128,112,16
32135,154,133,21
32136,166,149,17
32137,56,48,8
32138,45,42,3
32139,287,250,37
32140,187,171,16
32141,121,107,14
32142,228,198,30
32143,398,348,50
32144,421,371,50
32145,130,115,15
32146,119,98,21
32147,463,401,62
32148,153,125,28
32149,139,123,16
32150,320,264,56
32151,98,87,11
32152,42,35,7
32153,55,46,9
32154,170,153,17
32155,103,88,15
32156,168,140,28
32157,136,121,15
32158,515,445,70
32159,368,309,59
32160,241,213,28
32161,486,422,64
32162,37,35,2
32163,167,140,27
32164,122,105,17
32165,175,162,13
32166,120,108,12
32167,125,105,20
32168,213,189,24
32169,121,113,8
32170,118,96,22
32171,652,585,67
32172,135,121,14
32173,115,102,13
32174,494,434,60
32175,211,190,21
32176,154,130,24
32177,633,539,94
32178,626,551,75
32179,367,320,47
32180,261,229,32
32181,121,97,24
32182,210,187,23
32183,62,55,7
32184,132,121,11
32185,134,111,23
32186,682,585,97
32187,67,63,4
32188,725,655,70
32189,110,94,16
32190,279,246,33
32191,117,102,15
32192,454,417,37
32193,204,180,24
32194,256,223,33
32195,105,94,11
32196,220,185,35
32197,57,55,2
32198,160,146,14
32199,107,97,10
32200,146,129,17
32201,360,326,34
32202,535,467,68
32203,131,113,18
32204,516,451,65
32205,738,654,84
32206,265,225,40
32207,327,287,40
32208,331,296,35
32209,141,127,14
32210,474,410,64
32211,608,535,73
32212,305,275,30
32213,238,209,29
32214,452,401,51
32215,497,450,47
32216,119,106,13
32217,188,171,17
32218,449,396,53
32219,216,190,26
32220,565,504,61
32221,124,113,11
32222,46,40,6
32223,207,177,30
32224,124,100,24
32225,147,128,19
32226,122,108,14
32227,180,164,16
32228,223,200,23
32229,497,424,73
32230,203,182,21
32231,524,462,62
32232,151,133,18
32233,155,141,14
32234,174,153,21
32235,187,157,30
32236,168,136,32
32237,85,71,14
32238,134,114,20
32239,110,97,13
32240,166,153,13
32241,218,197,21
32242,771,673,98
32243,305,264,41
32244,168,146,22
32245,96,79,17
32246,350,305,45
32247,56,49,7
32248,223,197,26
32249,47,40,7
32250,129,113,16
32251,172,156,16
32252,208,180,28
32253,373,308,65
32254,53,50,3
32255,354,314,40
32256,329,288,41
32257,441,360,81
32258,204,171,33
32259,691,553,138
32260,584,482,102
32261,124,108,16
32262,813,699,114
32263,618,502,116
32264,233,203,30
32265,161,138,23
32266,506,417,89
32267,302,245,57
32268,218,182,36
32269,106,88,18
32270,119,100,19
32271,1027,860,167
32272,719,603,116
32273,168,145,23
32274,443,378,65
32275,267,224,43
32276,63,57,6
32277,160,140,20
32278,897,711,186
32279,219,192,27
32280,163,145,18
32281,361,316,45
32282,632,541,91
32283,231,196,35
32284,370,306,64
32285,126,108,18
32286,242,215,27
32287,215,188,27
32288,132,120,12
32289,793,680,113
32290,174,146,28
32291,547,479,68
32292,204,164,40
32293,184,152,32
32294,133,121,12
32295,156,136,20
32296,164,141,23
32297,230,202,28
32298,175,154,21
32299,70,60,10
32300,789,689,100
32301,995,847,148
32302,354,313,41
32303,288,258,30
32304,79,68,11
32305,303,266,37
32306,144,128,16
32307,159,142,17
32308,419,370,49
32309,309,260,49
32310,142,126,16
32311,221,203,18
32312,538,491,47
32313,241,211,30
32314,136,114,22
32315,203,169,34
32316,236,200,36
32317,623,535,88
32318,155,138,17
32319,142,132,10
32320,341,309,32
32321,355,325,30
32322,145,124,21
32323,243,211,32
32324,283,250,33
32325,434,357,77
32326,183,148,35
32327,198,177,21
32328,135,120,15
32329,116,102,14
32330,135,116,19
32331,127,108,19
32332,131,118,13
32333,381,324,57
32334,207,183,24
32335,298,253,45
32336,783,665,118
32337,990,873,117
32338,456,401,55
32339,458,407,51
32340,245,206,39
32341,952,825,127
32342,126,110,16
32343,33,29,4
32344,218,194,24
32345,373,321,52
32346,436,376,60
32347,191,155,36
32348,137,119,18
32349,135,122,13
32350,97,83,14
32351,177,157,20
32352,238,202,36
32353,240,218,22
32354,152,134,18
32355,212,191,21
32356,118,109,9
32357,366,309,57
32358,227,192,35
32359,73,62,11
32360,288,247,41
32361,657,574,83
32362,298,256,42
32363,210,173,37
32364,420,364,56
32365,134,120,14
32366,439,396,43
32367,113,97,16
32368,111,91,20
32369,536,450,86
32370,109,98,11
32371,131,115,16
32372,534,471,63
32373,153,143,10
32374,369,320,49
32375,131,108,23
32376,121,111,10
32377,141,127,14
32378,341,296,45
32379,97,83,14
32380,96,79,17
32381,115,99,16
32382,129,113,16
32383,124,111,13
32384,161,141,20
32385,273,229,44
32386,152,138,14
32387,71,60,11
32388,639,561,78
32389,100,90,10
32390,300,271,29
32391,132,122,10
32392,178,155,23
32393,219,198,21
32394,291,253,38
32395,282,242,40
32396,985,865,120
32397,736,646,90
32398,115,104,11
32399,155,140,15
32400,252,212,40
32401,218,190,28
32402,142,131,11
32403,195,167,28
32404,301,264,37
32405,143,126,17
32406,260,239,21
32407,77,66,11
32408,138,124,14
32409,182,163,19
32410,256,224,32
32411,88,77,11
32412,198,184,14
32413,83,76,7
32414,169,152,17
32415,185,158,27
32416,245,215,30
32417,149,137,12
32418,222,187,35
32419,112,101,11
32420,140,125,15
32421,264,236,28
32422,211,182,29
32423,317,271,46
32424,252,225,27
32425,145,133,12
32426,145,127,18
32427,212,190,22
32428,149,130,19
32429,170,150,20
32430,103,92,11
32431,158,136,22
32432,89,77,12
32433,136,115,21
32434,145,126,19
32435,143,121,22
32436,122,112,10
32437,139,122,17
32438,158,143,15
32439,998,862,136
32440,274,247,27
32441,332,285,47
32442,329,298,31
32443,148,136,12
32444,212,193,19
32445,196,182,14
32446,421,377,44
32447,54,51,3
32448,285,251,34
32449,216,187,29
32450,216,184,32
32451,52,41,11
32452,388,342,46
32453,194,166,28
32454,135,119,16
32455,158,140,18
32456,346,301,45
32457,81,69,12
32458,127,114,13
32459,142,126,16
32460,121,113,8
32461,81,64,17
32462,121,109,12
32463,158,140,18
32464,143,124,19
32465,142,126,16
32466,185,154,31
32467,127,114,13
32468,234,204,30
32469,99,85,14
32470,105,85,20
32471,131,106,25
32472,208,176,32
32473,115,102,13
32474,336,284,52
32475,306,265,41
32476,134,123,11
32477,157,135,22
32478,217,184,33
32479,274,230,44
32480,75,63,12
32481,102,90,12
32482,320,279,41
32483,239,213,26
32484,421,358,63
32485,199,179,20
32486,650,564,86
32487,110,93,17
32488,113,99,14
32489,153,134,19
32490,191,164,27
32491,151,129,22
32492,660,591,69
32493,249,206,43
32494,127,102,25
32495,111,96,15
32496,115,95,20
32497,132,100,32
32498,155,125,30
32499,141,120,21
32500,234,207,27
32501,135,117,18
32502,276,249,27
32503,119,109,10
32504,99,91,8
32505,252,227,25
32506,173,160,13
32507,156,138,18
32508,99,89,10
32509,89,80,9
32510,250,228,22
32511,103,92,11
32512,149,135,14
32513,136,117,19
32514,330,298,32
32515,234,211,23
32516,171,150,21
32517,45,37,8
32518,172,154,18
32519,111,97,14
32520,260,234,26
32521,186,155,31
32522,164,143,21
32523,129,110,19
32524,299,261,38
32525,1013,898,115
32526,155,137,18
32527,240,189,51
32528,519,428,91
32529,76,63,13
32530,216,175,41
32531,304,265,39
32532,221,195,26
32533,201,165,36
32534,625,525,100
32535,51,39,12
32536,42,40,2
32537,79,66,13
32538,139,122,17
32539,250,218,32
32540,593,518,75
32541,290,243,47
32542,90,83,7
32543,96,79,17
32544,72,61,11
32545,145,123,22
32546,265,228,37
32547,346,319,27
32548,143,116,27
32549,417,364,53
32550,161,135,26
32551,162,140,22
32552,72,61,11
32553,131,115,16
32554,35,33,2
32555,126,111,15
32556,57,49,8
32557,132,113,19
32558,109,90,19
32559,51,48,3
32560,56,48,8
32561,46,43,3
32562,152,134,18
32563,104,94,10
32564,310,273,37
32565,258,225,33
32566,315,281,34
32567,180,151,29
32568,360,325,35
32569,166,147,19
32570,552,496,56
32571,253,225,28
32572,161,138,23
32573,131,112,19
32574,787,656,131
32575,331,284,47
32576,107,89,18
32577,217,174,43
32578,73,68,5
32579,195,174,21
32580,94,76,18
32581,113,97,16
32582,188,166,22
32583,139,113,26
32584,92,79,13
32585,321,275,46
32586,229,200,29
32587,174,155,19
32588,95,85,10
32589,156,136,20
32590,354,311,43
32591,128,110,18
32592,157,135,22
32593,106,97,9
32594,102,93,9
32595,162,152,10
32596,194,171,23
32597,149,135,14
32598,355,294,61
32599,298,263,35
32600,262,235,27
32601,176,156,20
32602,346,305,41
32603,613,536,77
32604,681,586,95
32605,199,167,32
32606,94,85,9
32607,121,98,23
32608,463,390,73
32609,86,75,11
32610,142,124,18
32611,450,380,70
32612,68,58,10
32613,112,95,17
32614,122,103,19
32615,54,47,7
32616,43,39,4
32617,211,187,24
32618,158,138,20
32619,243,217,26
32620,91,80,11
32621,120,107,13
32622,34,27,7
32623,715,607,108
32624,167,145,22
32625,205,186,19
32626,458,412,46
32627,209,189,20
32628,377,327,50
32629,121,105,16
32630,330,276,54
32631,748,615,133
32632,114,100,14
32633,331,280,51
32634,471,392,79
32635,239,218,21
32636,409,343,66
32637,247,215,32
32638,64,53,11
32639,63,53,10
32640,118,104,14
32641,107,92,15
32642,60,50,10
32643,184,162,22
32644,158,145,13
32645,138,130,8
32646,242,209,33
32647,443,380,63
32648,91,83,8
32649,529,461,68
32650,233,212,21
32651,61,58,3
32652,74,67,7
32653,172,152,20
32654,257,229,28
32655,114,100,14
32656,61,54,7
32657,598,501,97
32658,517,451,66
32659,391,340,51
32660,122,101,21
32661,444,386,58
32662,943,818,125
32663,141,124,17
32664,159,142,17
32665,238,213,25
32666,703,606,97
32667,224,195,29
32668,993,849,144
32669,923,794,129
32670,620,520,100
32671,159,138,21
32672,588,517,71
32673,285,253,32
32674,104,87,17
32675,123,114,9
32676,119,105,14
32677,159,148,11
32678,56,50,6
32679,36,25,11
32680,474,403,71
32681,78,66,12
32682,147,121,26
32683,86,72,14
32684,38,37,1
32685,49,40,9
32686,40,33,7
32687,209,184,25
32688,227,194,33
32689,161,149,12
32690,467,418,49
32691,201,181,20
32692,413,380,33
32693,232,212,20
32694,131,117,14
32695,176,155,21
32696,125,110,15
32697,120,112,8
32698,328,295,33
32699,401,356,45
32700,116,105,11
32701,266,239,27
32702,260,222,38
32703,89,81,8
32704,144,133,11
32705,232,210,22
32706,219,193,26
32707,584,517,67
32708,259,235,24
32709,203,184,19
32710,564,499,65
32711,113,107,6
32712,176,154,22
32713,192,159,33
32714,305,274,31
32715,147,132,15
32716,242,216,26
32717,433,376,57
32718,556,480,76
32719,402,341,61
32720,119,106,13
32721,155,130,25
32722,135,113,22
32723,212,183,29
32724,423,365,58
32725,213,187,26
32726,287,238,49
32727,487,406,81
32728,124,106,18
32729,89,68,21
32730,270,232,38
32731,254,211,43
32732,56,54,2
32733,146,125,21
32734,42,37,5
32735,29,24,5
32736,54,48,6
32737,63,54,9
32738,85,70,15
32739,67,61,6
32740,52,47,5
32741,127,112,15
32742,189,165,24
32743,164,141,23
32744,145,133,12
32745,531,470,61
32746,279,244,35
32747,390,339,51
32748,499,442,57
32749,139,125,14
32750,618,560,58
32751,343,304,39
32752,302,265,37
32753,112,101,11
32754,219,198,21
32755,522,460,62
32756,62,60,2
32757,135,117,18
32758,133,114,19
32759,121,106,15
32760,121,101,20
32761,199,164,35
32762,408,359,49
32763,594,531,63
32764,202,170,32
32765,147,133,14
32766,54,49,5
32767,186,157,29
32768,157,136,21
32769,109,95,14
32770,137,128,9
32771,165,149,16
32772,100,88,12
32773,131,118,13
32774,182,165,17
32775,110,94,16
32776,169,144,25
32777,122,111,11
32778,81,73,8
32779,63,59,4
32780,145,128,17
32781,118,102,16
32782,99,86,13
32783,152,134,18
32784,141,122,19
32785,181,163,18
32786,131,113,18
32787,177,159,18
32788,96,88,8
32789,117,111,6
32790,56,50,6
32791,202,185,17
32792,160,136,24
32793,162,141,21
32794,57,49,8
32795,150,139,11
32796,114,95,19
32797,163,136,27
32798,149,123,26
32799,87,75,12
32800,129,102,27
32801,169,147,22
32802,61,56,5
32803,168,141,27
32804,282,253,29
32805,194,178,16
32806,521,459,62
32807,361,317,44
32808,87,78,9
32809,50,44,6
32810,152,130,22
32811,616,563,53
32812,223,192,31
32813,304,265,39
32814,160,133,27
32815,200,174,26
32816,218,197,21
32817,203,182,21
32818,202,179,23
32819,371,336,35
32820,411,357,54
32821,202,175,27
32822,158,133,25
32823,61,55,6
32824,283,249,34
32825,206,170,36
32826,461,397,64
32827,166,144,22
32828,300,252,48
32829,152,133,19
32830,560,501,59
32831,328,288,40
32832,158,133,25
32833,215,201,14
32834,197,184,13
32835,140,125,15
32836,300,260,40
32837,251,224,27
32838,138,123,15
32839,180,162,18
32840,144,120,24
32841,137,121,16
32842,115,102,13
32843,340,289,51
32844,475,434,41
32845,271,246,25
32846,261,226,35
32847,41,29,12
32848,109,97,12
32849,586,500,86
32850,137,117,20
32851,394,347,47
32852,256,222,34
32853,75,69,6
32854,105,88,17
32855,129,107,22
32856,139,123,16
32857,156,141,15
32858,313,288,25
32859,858,754,104
32860,576,513,63
32861,156,142,14
32862,183,160,23
32863,650,575,75
32864,175,156,19
32865,1003,860,143
32866,289,258,31
32867,171,148,23
32868,160,143,17
32869,305,274,31
32870,340,302,38
32871,220,199,21
32872,266,237,29
32873,187,162,25
32874,153,139,14
32875,128,121,7
32876,125,115,10
32877,203,179,24
32878,180,159,21
32879,215,215,0
32880,169,159,10
32881,134,118,16
32882,197,168,29
32883,1001,897,104
32884,198,182,16
32885,105,92,13
32886,63,58,5
32887,131,119,12
32888,90,81,9
32889,239,206,33
32890,337,301,36
32891,234,212,22
32892,140,122,18
32893,333,295,38
32894,334,300,34
32895,235,204,31
32896,203,184,19
32897,728,657,71
32898,229,198,31
32899,137,118,19
32900,579,517,62
32901,347,291,56
32902,81,72,9
32903,226,203,23
32904,180,166,14
32905,211,192,19
32906,165,149,16
32907,506,445,61
32908,1013,888,125
32909,145,125,20
32910,142,126,16
32911,53,49,4
32912,104,95,9
32913,68,58,10
32914,171,153,18
32915,597,541,56
32916,279,255,24
32917,187,164,23
32918,364,316,48
32919,303,261,42
32920,204,178,26
32921,300,257,43
32922,41,36,5
32923,112,99,13
32924,219,194,25
32925,480,396,84
32926,406,352,54
32927,155,138,17
32928,172,153,19
32929,123,98,25
32930,677,612,65
32931,226,185,41
32932,115,97,18
32933,139,124,15
32934,708,626,82
32935,130,120,10
32936,641,563,78
32937,449,392,57
32938,791,707,84
32939,83,75,8
32940,445,391,54
32941,221,191,30
32942,134,125,9
32943,104,85,19
32944,262,231,31
32945,127,106,21
32946,267,229,38
32947,159,140,19
32948,141,119,22
32949,137,122,15
32950,357,305,52
32951,288,253,35
32952,114,95,19
32953,239,203,36
32954,374,324,50
32955,123,117,6
32956,112,97,15
32957,238,197,41
32958,48,39,9
32959,60,50,10
32960,235,209,26
32961,281,239,42
32962,734,638,96
32963,231,195,36
32964,117,103,14
32965,91,80,11
32966,315,257,58
32967,318,281,37
32968,143,122,21
32969,76,69,7
32970,210,184,26
32971,384,335,49
32972,231,205,26
32973,132,113,19
32974,492,424,68
32975,56,51,5
32976,190,155,35
32977,362,334,28
32978,175,152,23
32979,312,271,41
32980,383,333,50
32981,269,243,26
32982,229,209,20
32983,604,529,75
32984,140,124,16
32985,123,108,15
32986,130,114,16
32987,108,90,18
32988,42,34,8
32989,253,223,30
32990,133,118,15
32991,176,152,24
32992,133,106,27
32993,138,124,14
32994,230,197,33
32995,127,108,19
32996,106,91,15
32997,151,135,16
32998,684,599,85
32999,169,153,16
33000,126,113,13
33001,251,224,27
33002,312,267,45
33003,146,122,24
33004,187,177,10
33005,225,184,41
33006,173,153,20
33007,447,384,63
33008,122,108,14
33009,214,193,21
33010,168,146,22
33011,96,78,18
33012,217,193,24
33013,176,153,23
33014,141,125,16
33015,606,528,78
33016,152,130,22
33017,150,132,18
33018,167,131,36
33019,141,128,13
33020,120,104,16
33021,404,348,56
33022,108,101,7
33023,258,220,38
33024,349,309,40
33025,557,475,82
33026,42,38,4
33027,176,155,21
33028,1004,842,162
33029,59,52,7
33030,974,839,135
33031,113,98,15
33032,124,106,18
33033,207,186,21
33034,120,100,20
33035,273,224,49
33036,124,101,23
33037,161,131,30
33038,108,91,17
33039,131,117,14
33040,119,100,19
33041,159,135,24
33042,143,121,22
33043,127,106,21
33044,231,199,32
33045,133,116,17
33046,138,124,14
33047,154,136,18
33048,169,148,21
33049,61,56,5
33050,193,162,31
33051,143,127,16
33052,110,99,11
33053,471,419,52
33054,204,171,33
33055,151,137,14
33056,123,103,20
33057,610,512,98
33058,124,105,19
33059,470,415,55
33060,545,472,73
33061,519,465,54
33062,215,191,24
33063,131,114,17
33064,393,337,56
33065,301,271,30
33066,260,239,21
33067,132,110,22
33068,308,264,44
33069,275,234,41
33070,217,189,28
33071,160,134,26
33072,188,165,23
33073,111,101,10
33074,158,146,12
33075,142,120,22
33076,119,105,14
33077,150,131,19
33078,142,125,17
33079,65,57,8
33080,118,107,11
33081,160,139,21
33082,97,89,8
33083,57,51,6
33084,126,105,21
33085,277,246,31
33086,119,106,13
33087,80,72,8
33088,173,142,31
33089,157,135,22
33090,155,135,20
33091,818,701,117
33092,437,378,59
33093,726,621,105
33094,138,117,21
33095,245,207,38
33096,606,521,85
33097,209,169,40
33098,40,37,3
33099,243,217,26
33100,128,112,16
33101,48,44,4
33102,227,212,15
33103,75,68,7
33104,74,64,10
33105,231,205,26
33106,358,317,41
33107,88,79,9
33108,146,134,12
33109,242,217,25
33110,166,134,32
33111,231,208,23
33112,83,75,8
33113,170,150,20
33114,146,122,24
33115,130,111,19
33116,131,114,17
33117,779,691,88
33118,360,324,36
33119,238,215,23
33120,116,103,13
33121,293,259,34
33122,70,66,4
33123,266,231,35
33124,103,92,11
33125,123,109,14
33126,111,100,11
33127,420,382,38
33128,142,123,19
33129,123,111,12
33130,70,61,9
33131,119,103,16
33132,348,305,43
33133,66,60,6
33134,485,425,60
33135,391,338,53
33136,132,117,15
33137,298,261,37
33138,145,127,18
33139,139,124,15
33140,184,157,27
33141,860,707,153
33142,570,512,58
33143,225,182,43
33144,133,118,15
33145,130,97,33
33146,726,631,95
33147,294,261,33
33148,311,279,32
33149,762,652,110
33150,216,180,36
33151,238,206,32
33152,289,259,30
33153,146,126,20
33154,134,108,26
33155,144,123,21
33156,210,184,26
33157,142,124,18
33158,739,627,112
33159,1011,846,165
33160,35,29,6
33161,77,67,10
33162,189,175,14
33163,45,36,9
33164,171,146,25
33165,291,256,35
33166,370,323,47
33167,237,210,27
33168,326,289,37
33169,114,107,7
33170,631,551,80
33171,166,156,10
33172,51,43,8
33173,249,219,30
33174,118,107,11
33175,485,429,56
33176,67,61,6
33177,387,338,49
33178,106,97,9
33179,203,178,25
33180,142,128,14
33181,72,63,9
33182,104,96,8
33183,39,34,5
33184,119,104,15
33185,25,22,3
33186,118,110,8
33187,135,121,14
33188,503,436,67
33189,142,128,14
33190,422,374,48
33191,165,148,17
33192,167,148,19
33193,317,283,34
33194,254,225,29
33195,804,720,84
33196,94,81,13
33197,112,104,8
33198,405,350,55
33199,369,288,81
33200,134,123,11
33201,76,66,10
33202,130,116,14
33203,147,131,16
33204,126,116,10
33205,136,117,19
33206,142,129,13
33207,150,136,14
33208,69,62,7
33209,340,308,32
33210,151,114,37
33211,130,119,11
33212,94,84,10
33213,174,155,19
33214,70,60,10
33215,135,120,15
33216,283,248,35
33217,58,50,8
33218,70,62,8
33219,166,144,22
33220,117,102,15
33221,65,56,9
33222,244,214,30
33223,46,41,5
33224,135,124,11
33225,198,160,38
33226,173,151,22
33227,180,162,18
33228,52,45,7
33229,38,33,5
33230,293,259,34
33231,123,111,12
33232,173,150,23
33233,61,55,6
33234,109,101,8
33235,63,58,5
33236,122,111,11
33237,223,200,23
33238,134,117,17
33239,362,324,38
33240,272,239,33
33241,528,449,79
33242,230,198,32
33243,140,119,21
33244,245,213,32
33245,250,221,29
33246,346,306,40
33247,110,94,16
33248,75,69,6
33249,319,276,43
33250,430,368,62
33251,281,239,42
33252,269,222,47
33253,142,127,15
33254,217,192,25
33255,86,81,5
33256,280,247,33
33257,179,153,26
33258,124,106,18
33259,654,545,109
33260,399,339,60
33261,285,245,40
33262,338,292,46
33263,582,499,83
33264,327,293,34
33265,74,62,12
33266,123,108,15
33267,109,93,16
33268,123,115,8
33269,214,187,27
33270,207,176,31
33271,236,210,26
33272,127,109,18
33273,112,100,12
33274,158,143,15
33275,360,310,50
33276,57,50,7
33277,213,183,30
33278,123,111,12
33279,113,101,12
33280,131,121,10
33281,130,118,12
33282,209,183,26
33283,303,268,35
33284,137,112,25
33285,177,157,20
33286,70,60,10
33287,706,622,84
33288,103,92,11
33289,276,236,40
33290,265,236,29
33291,179,163,16
33292,564,487,77
33293,119,109,10
33294,180,157,23
33295,94,87,7
33296,147,134,13
33297,173,154,19
33298,181,144,37
33299,285,253,32
33300,205,169,36
33301,171,135,36
33302,82,69,13
33303,42,37,5
33304,657,600,57
33305,158,139,19
33306,156,138,18
33307,104,95,9
33308,336,282,54
33309,413,363,50
33310,106,94,12
33311,325,265,60
33312,180,161,19
33313,484,435,49
33314,240,194,46
33315,185,171,14
33316,800,714,86
33317,92,79,13
33318,150,126,24
33319,842,740,102
33320,75,65,10
33321,85,77,8
33322,161,139,22
33323,240,209,31
33324,201,175,26
33325,640,555,85
33326,193,172,21
33327,287,245,42
33328,140,124,16
33329,228,206,22
33330,562,492,70
33331,428,370,58
33332,71,65,6
33333,117,103,14
33334,151,126,25
33335,229,201,28
33336,134,118,16
33337,398,359,39
33338,136,115,21
33339,151,146,5
33340,92,84,8
33341,88,81,7
33342,141,120,21
33343,75,66,9
33344,75,64,11
33345,57,51,6
33346,89,79,10
33347,116,105,11
33348,104,91,13
33349,123,108,15
33350,153,124,29
33351,161,143,18
33352,158,137,21
33353,163,138,25
33354,58,51,7
33355,137,123,14
33356,388,352,36
33357,165,150,15
33358,156,133,23
33359,38,34,4
33360,193,176,17
33361,392,333,59
33362,91,82,9
33363,207,186,21
33364,164,143,21
33365,100,93,7
33366,47,39,8
33367,46,40,6
33368,75,64,11
33369,80,77,3
33370,58,54,4
33371,218,180,38
33372,544,489,55
33373,73,63,10
33374,21,19,2
33375,79,73,6
33376,91,83,8
33377,222,194,28
33378,101,90,11
33379,161,144,17
33380,122,106,16
33381,123,109,14
33382,57,53,4
33383,107,97,10
33384,111,101,10
33385,228,192,36
33386,465,386,79
33387,177,159,18
33388,154,139,15
33389,271,236,35
33390,451,383,68
33391,469,399,70
33392,202,176,26
33393,107,93,14
33394,103,91,12
33395,198,169,29
33396,249,215,34
33397,203,179,24
33398,115,98,17
33399,314,267,47
33400,150,130,20
33401,176,162,14
33402,611,529,82
33403,151,129,22
33404,134,119,15
33405,179,163,16
33406,223,194,29
33407,268,233,35
33408,668,573,95
33409,158,145,13
33410,134,118,16
33411,129,113,16
33412,141,127,14
33413,101,86,15
33414,449,402,47
33415,142,119,23
33416,177,149,28
33417,417,358,59
33418,590,504,86
33419,76,62,14
33420,125,107,18
33421,210,196,14
33422,122,96,26
33423,219,183,36
33424,122,116,6
33425,278,250,28
33426,728,623,105
33427,124,103,21
33428,146,132,14
33429,197,173,24
33430,447,387,60
33431,160,144,16
33432,216,201,15
33433,167,144,23
33434,144,128,16
33435,208,180,28
33436,152,134,18
33437,109,96,13
33438,268,237,31
33439,207,178,29
33440,115,99,16
33441,320,286,34
33442,289,250,39
33443,162,140,22
33444,219,192,27
33445,92,77,15
33446,90,80,10
33447,165,140,25
33448,49,44,5
33449,64,62,2
33450,158,142,16
33451,86,76,10
33452,96,82,14
33453,50,40,10
33454,282,251,31
33455,123,101,22
33456,119,98,21
33457,600,528,72
33458,38,35,3
33459,174,158,16
33460,109,96,13
33461,109,98,11
33462,187,157,30
33463,119,102,17
33464,156,136,20
33465,50,44,6
33466,379,329,50
33467,267,244,23
33468,156,135,21
33469,125,113,12
33470,192,165,27
33471,175,158,17
33472,151,123,28
33473,152,130,22
33474,229,191,38
33475,298,265,33
33476,915,784,131
33477,199,175,24
33478,191,166,25
33479,156,135,21
33480,182,157,25
33481,137,123,14
33482,194,177,17
33483,129,115,14
33484,150,136,14
33485,145,127,18
33486,192,167,25
33487,136,121,15
33488,154,136,18
33489,190,161,29
33490,146,126,20
33491,150,137,13
33492,131,119,12
33493,156,132,24
33494,296,257,39
33495,400,353,47
33496,121,114,7
33497,126,114,12
33498,393,339,54
33499,122,106,16
33500,136,118,18
33501,120,103,17
33502,146,129,17
33503,132,118,14
33504,141,126,15
33505,140,127,13
33506,137,123,14
33507,196,169,27
33508,246,213,33
33509,151,140,11
33510,509,449,60
33511,81,69,12
33512,269,226,43
33513,201,172,29
33514,149,137,12
33515,393,336,57
33516,352,298,54
33517,370,327,43
33518,415,367,48
33519,178,152,26
33520,202,179,23
33521,353,302,51
33522,341,266,75
33523,851,733,118
33524,152,134,18
33525,180,161,19
33526,569,491,78
33527,234,187,47
33528,172,136,36
33529,202,179,23
33530,133,113,20
33531,238,214,24
33532,83,75,8
33533,212,184,28
33534,116,104,12
33535,345,305,40
33536,249,210,39
33537,161,135,26
33538,160,147,13
33539,126,116,10
33540,137,128,9
33541,519,454,65
33542,388,336,52
33543,257,232,25
33544,242,197,45
33545,251,236,15
33546,196,175,21
33547,340,295,45
33548,178,154,24
33549,150,128,22
33550,34,28,6
33551,359,324,35
33552,122,98,24
33553,132,120,12
33554,67,60,7
33555,130,112,18
33556,177,159,18
33557,117,111,6
33558,145,129,16
33559,263,238,25
33560,163,146,17
33561,40,33,7
33562,175,151,24
33563,404,350,54
33564,206,168,38
33565,66,51,15
33566,513,448,65
33567,271,231,40
33568,356,298,58
33569,158,133,25
33570,158,130,28
33571,329,288,41
33572,58,51,7
33573,338,300,38
33574,175,146,29
33575,144,126,18
33576,138,120,18
33577,256,225,31
33578,175,147,28
33579,531,459,72
33580,707,604,103
33581,168,137,31
33582,169,149,20
33583,249,219,30
33584,559,467,92
33585,246,212,34
33586,288,254,34
33587,148,128,20
33588,46,40,6
33589,175,157,18
33590,426,375,51
33591,322,293,29
33592,280,254,26
33593,669,604,65
33594,228,181,47
33595,534,460,74
33596,404,341,63
33597,302,271,31
33598,293,258,35
33599,147,129,18
33600,161,143,18
33601,316,261,55
33602,203,172,31
33603,120,110,10
33604,333,287,46
33605,140,122,18
33606,104,82,22
33607,104,82,22
33608,35,30,5
33609,953,834,119
33610,144,125,19
33611,119,104,15
33612,92,80,12
33613,184,162,22
33614,121,110,11
33615,60,49,11
33616,361,317,44
33617,364,324,40
33618,171,151,20
33619,50,43,7
33620,253,232,21
33621,150,132,18
33622,103,96,7
33623,136,119,17
33624,113,101,12
33625,206,180,26
33626,104,92,12
33627,155,140,15
33628,288,247,41
33629,168,135,33
33630,253,219,34
33631,52,41,11
33632,133,120,13
33633,197,163,34
33634,551,472,79
33635,148,133,15
33636,139,123,16
33637,180,157,23
33638,56,48,8
33639,104,92,12
33640,179,161,18
33641,116,101,15
33642,161,146,15
33643,115,104,11
33644,147,128,19
33645,300,269,31
33646,208,186,22
33647,191,170,21
33648,130,118,12
33649,162,142,20
33650,176,159,17
33651,121,104,17
33652,399,355,44
33653,353,314,39
33654,75,73,2
33655,519,456,63
33656,847,758,89
33657,103,94,9
33658,208,190,18
33659,493,440,53
33660,316,290,26
33661,144,125,19
33662,117,105,12
33663,184,169,15
33664,154,138,16
33665,230,206,24
33666,114,92,22
33667,402,342,60
33668,180,157,23
33669,104,92,12
33670,186,167,19
33671,148,134,14
33672,122,113,9
33673,60,52,8
33674,99,89,10
33675,358,303,55
33676,73,63,10
33677,132,117,15
33678,67,58,9
33679,140,123,17
33680,253,219,34
33681,97,88,9
33682,233,209,24
33683,334,297,37
33684,151,131,20
33685,88,79,9
33686,140,120,20
33687,436,380,56
33688,294,264,30
33689,140,123,17
33690,186,160,26
33691,329,285,44
33692,233,190,43
33693,138,116,22
33694,120,103,17
33695,130,109,21
33696,120,103,17
33697,187,165,22
33698,102,87,15
33699,139,124,15
33700,163,145,18
33701,127,110,17
33702,558,473,85
33703,182,154,28
33704,137,118,19
33705,171,150,21
33706,255,218,37
33707,167,149,18
33708,147,129,18
33709,837,735,102
33710,187,153,34
33711,240,200,40
33712,214,174,40
33713,149,131,18
33714,195,162,33
33715,142,129,13
33716,230,202,28
33717,164,141,23
33718,166,147,19
33719,109,104,5
33720,153,141,12
33721,134,124,10
33722,133,121,12
33723,235,200,35
33724,876,781,95
33725,180,158,22
33726,451,388,63
33727,844,716,128
33728,156,136,20
33729,200,179,21
33730,61,51,10
33731,107,94,13
33732,173,149,24
33733,323,286,37
33734,209,179,30
33735,311,271,40
33736,338,296,42
33737,581,507,74
33738,104,94,10
33739,224,196,28
33740,233,208,25
33741,357,324,33
33742,244,219,25
33743,140,123,17
33744,172,151,21
33745,157,137,20
33746,446,405,41
33747,433,368,65
33748,137,125,12
33749,174,156,18
33750,226,194,32
33751,323,270,53
33752,58,45,13
33753,117,97,20
33754,623,566,57
33755,104,87,17
33756,848,720,128
33757,172,139,33
33758,227,190,37
33759,125,105,20
33760,526,452,74
33761,294,261,33
33762,183,157,26
33763,215,190,25
33764,425,385,40
33765,153,138,15
33766,131,106,25
33767,257,199,58
33768,180,159,21
33769,532,461,71
33770,161,139,22
33771,620,544,76
33772,261,222,39
33773,226,192,34
33774,137,122,15
33775,118,111,7
33776,135,118,17
33777,249,219,30
33778,190,168,22
33779,154,140,14
33780,626,552,74
33781,138,118,20
33782,288,244,44
33783,331,299,32
33784,145,130,15
33785,181,159,22
33786,482,430,52
33787,316,284,32
33788,306,282,24
33789,209,179,30
33790,663,561,102
33791,170,156,14
33792,629,540,89
33793,169,149,20
33794,191,168,23
33795,77,68,9
33796,44,39,5
33797,205,174,31
33798,419,365,54
33799,98,92,6
33800,134,122,12
33801,85,78,7
33802,128,114,14
33803,144,129,15
33804,542,470,72
33805,62,55,7
33806,69,63,6
33807,176,157,19
33808,875,789,86
33809,142,126,16
33810,124,106,18
33811,123,107,16
33812,156,141,15
33813,174,152,22
33814,357,323,34
33815,538,488,50
33816,101,91,10
33817,129,119,10
33818,130,117,13
33819,156,138,18
33820,323,290,33
33821,185,170,15
33822,227,204,23
33823,189,166,23
33824,955,807,148
33825,401,364,37
33826,227,196,31
33827,194,168,26
33828,122,105,17
33829,20,14,6
33830,42,40,2
33831,183,164,19
33832,120,104,16
33833,65,52,13
33834,179,156,23
33835,542,497,45
33836,41,38,3
33837,175,151,24
33838,184,166,18
33839,134,120,14
33840,63,59,4
33841,154,131,23
33842,538,484,54
33843,301,258,43
33844,192,170,22
33845,329,296,33
33846,581,509,72
33847,861,744,117
33848,205,173,32
33849,967,866,101
33850,303,261,42
33851,256,230,26
33852,1019,894,125
33853,478,423,55
33854,227,206,21
33855,424,369,55
33856,521,446,75
33857,862,768,94
33858,305,265,40
33859,470,434,36
33860,669,614,55
33861,134,116,18
33862,135,118,17
33863,143,134,9
33864,124,106,18
33865,121,104,17
33866,248,222,26
33867,164,135,29
33868,199,179,20
33869,61,52,9
33870,56,50,6
33871,45,37,8
33872,184,155,29
33873,105,87,18
33874,100,83,17
33875,163,143,20
33876,470,429,41
33877,171,152,19
33878,139,123,16
33879,105,92,13
33880,521,460,61
33881,248,221,27
33882,570,492,78
33883,139,125,14
33884,117,97,20
33885,365,314,51
33886,156,134,22
33887,146,133,13
33888,121,114,7
33889,226,199,27
33890,183,165,18
33891,336,293,43
33892,88,78,10
33893,304,246,58
33894,193,165,28
33895,115,104,11
33896,366,313,53
33897,143,131,12
33898,298,263,35
33899,84,66,18
33900,74,64,10
33901,76,61,15
33902,100,92,8
33903,95,88,7
33904,137,112,25
33905,305,268,37
33906,138,126,12
33907,111,98,13
33908,65,57,8
33909,332,284,48
33910,384,322,62
33911,172,156,16
33912,133,124,9
33913,231,207,24
33914,364,306,58
33915,152,134,18
33916,99,92,7
33917,218,190,28
33918,366,326,40
33919,88,80,8
33920,118,103,15
33921,112,98,14
33922,228,203,25
33923,245,217,28
33924,146,131,15
33925,560,504,56
33926,109,100,9
33927,142,127,15
33928,366,321,45
33929,140,124,16
33930,272,240,32
33931,402,358,44
33932,306,264,42
33933,87,78,9
33934,63,58,5
33935,116,102,14
33936,72,61,11
33937,61,56,5
33938,226,195,31
33939,186,164,22
33940,205,177,28
33941,163,144,19
33942,149,129,20
33943,120,110,10
33944,185,165,20
33945,286,254,32
33946,125,110,15
33947,456,396,60
33948,208,176,32
33949,124,114,10
33950,561,503,58
33951,207,194,13
33952,202,174,28
33953,369,315,54
33954,165,151,14
33955,179,146,33
33956,168,147,21
33957,111,89,22
33958,56,48,8
33959,92,80,12
33960,189,175,14
33961,183,161,22
33962,122,107,15
33963,194,182,12
33964,165,146,19
33965,80,72,8
33966,117,104,13
33967,185,162,23
33968,554,451,103
33969,132,108,24
33970,143,131,12
33971,54,43,11
33972,104,90,14
33973,169,144,25
33974,120,113,7
33975,215,196,19
33976,377,334,43
33977,145,137,8
33978,211,175,36
33979,83,73,10
33980,73,61,12
33981,59,53,6
33982,90,72,18
33983,61,53,8
33984,172,152,20
33985,44,37,7
33986,404,344,60
33987,195,175,20
33988,128,111,17
33989,61,51,10
33990,132,115,17
33991,114,96,18
33992,107,95,12
33993,137,124,13
33994,60,51,9
33995,111,98,13
33996,170,146,24
33997,153,133,20
33998,167,147,20
33999,201,172,29
34000,267,227,40
34001,129,110,19
34002,100,93,7
34003,133,117,16
34004,133,120,13
34005,91,80,11
34006,72,64,8
34007,526,445,81
34008,331,301,30
34009,123,113,10
34010,208,188,20
34011,92,77,15
34012,172,149,23
34013,118,108,10
34014,218,191,27
34015,193,177,16
34016,135,122,13
34017,719,630,89
34018,60,53,7
34019,400,347,53
34020,103,95,8
34021,217,193,24
34022,243,221,22
34023,196,165,31
34024,505,448,57
34025,151,128,23
34026,245,206,39
34027,197,186,11
34028,373,326,47
34029,143,121,22
34030,313,260,53
34031,54,51,3
34032,139,118,21
34033,112,95,17
34034,140,120,20
34035,97,80,17
34036,165,151,14
34037,582,520,62
34038,149,139,10
34039,135,118,17
34040,257,235,22
34041,127,111,16
34042,139,116,23
34043,149,144,5
34044,172,152,20
34045,289,254,35
34046,866,772,94
34047,298,269,29
34048,728,639,89
34049,202,178,24
34050,115,83,32
34051,120,108,12
34052,165,146,19
34053,159,148,11
34054,66,59,7
34055,204,186,18
34056,357,301,56
34057,132,112,20
34058,692,602,90
34059,319,281,38
34060,193,173,20
34061,215,188,27
34062,308,273,35
34063,265,240,25
34064,242,205,37
34065,131,111,20
34066,422,378,44
34067,66,61,5
34068,749,675,74
34069,484,433,51
34070,119,108,11
34071,169,151,18
34072,78,69,9
34073,72,61,11
34074,213,185,28
34075,147,128,19
34076,851,746,105
34077,182,164,18
34078,158,141,17
34079,196,174,22
34080,127,104,23
34081,119,105,14
34082,60,49,11
34083,125,111,14
34084,119,102,17
34085,172,154,18
34086,288,251,37
34087,419,367,52
34088,127,113,14
34089,124,106,18
34090,135,125,10
34091,236,207,29
34092,310,270,40
34093,675,588,87
34094,304,271,33
34095,624,557,67
34096,326,281,45
34097,111,98,13
34098,238,199,39
34099,238,216,22
34100,305,281,24
34101,203,176,27
34102,194,169,25
34103,949,846,103
34104,466,402,64
34105,837,729,108
34106,318,283,35
34107,252,224,28
34108,139,113,26
34109,132,116,16
34110,81,76,5
34111,124,103,21
34112,245,207,38
34113,138,122,16
34114,134,120,14
34115,162,131,31
34116,376,331,45
34117,101,90,11
34118,41,32,9
34119,113,101,12
34120,126,111,15
34121,77,69,8
34122,171,148,23
34123,44,42,2
34124,216,187,29
34125,153,138,15
34126,252,221,31
34127,94,83,11
34128,193,175,18
34129,136,124,12
34130,248,219,29
34131,149,128,21
34132,47,39,8
34133,285,242,43
34134,429,384,45
34135,573,513,60
34136,312,279,33
34137,123,111,12
34138,657,566,91
34139,81,74,7
34140,136,116,20
34141,97,85,12
34142,44,41,3
34143,130,114,16
34144,63,57,6
34145,561,505,56
34146,198,175,23
34147,432,388,44
34148,112,102,10
34149,165,149,16
34150,145,136,9
34151,494,433,61
34152,96,90,6
34153,72,60,12
34154,138,122,16
34155,289,253,36
34156,677,596,81
34157,77,69,8
34158,131,113,18
34159,147,134,13
34160,149,134,15
34161,124,111,13
34162,308,275,33
34163,580,503,77
34164,175,151,24
34165,81,74,7
34166,133,115,18
34167,477,417,60
34168,212,184,28
34169,460,408,52
34170,117,106,11
34171,577,511,66
34172,112,100,12
34173,290,256,34
34174,164,145,19
34175,234,205,29
34176,186,173,13
34177,360,313,47
34178,430,376,54
34179,138,118,20
34180,215,197,18
34181,206,189,17
34182,213,188,25
34183,148,138,10
34184,201,176,25
34185,129,117,12
34186,210,185,25
34187,143,126,17
34188,133,116,17
34189,169,151,18
34190,234,209,25
34191,114,96,18
34192,124,103,21
34193,297,247,50
34194,162,145,17
34195,111,98,13
34196,141,124,17
34197,148,135,13
34198,287,252,35
34199,287,247,40
34200,152,143,9
34201,136,121,15
34202,410,346,64
34203,464,407,57
34204,193,177,16
34205,225,206,19
34206,201,177,24
34207,258,223,35
34208,141,127,14
34209,121,108,13
34210,194,175,19
34211,123,110,13
34212,156,135,21
34213,138,123,15
34214,164,146,18
34215,128,118,10
34216,106,95,11
34217,148,133,15
34218,130,118,12
34219,140,125,15
34220,168,156,12
34221,609,530,79
34222,440,398,42
34223,278,251,27
34224,140,127,13
34225,209,186,23
34226,199,182,17
34227,295,256,39
34228,205,184,21
34229,465,420,45
34230,239,211,28
34231,545,489,56
34232,32,28,4
34233,340,297,43
34234,67,60,7
34235,129,110,19
34236,187,173,14
34237,172,154,18
34238,442,402,40
34239,335,296,39
34240,109,101,8
34241,101,92,9
34242,378,323,55
34243,41,38,3
34244,130,115,15
34245,297,243,54
34246,90,73,17
34247,63,53,10
34248,52,43,9
34249,58,52,6
34250,78,67,11
34251,76,69,7
34252,197,167,30
34253,135,113,22
34254,241,225,16
34255,412,362,50
34256,83,69,14
34257,101,89,12
34258,146,131,15
34259,110,99,11
34260,95,78,17
34261,79,71,8
34262,146,132,14
34263,347,311,36
34264,346,311,35
34265,201,185,16
34266,120,104,16
34267,506,446,60
34268,469,410,59
34269,98,83,15
34270,172,142,30
34271,154,141,13
34272,194,172,22
34273,365,330,35
34274,169,144,25
34275,183,150,33
34276,199,174,25
34277,295,264,31
34278,292,251,41
34279,292,251,41
34280,126,120,6
34281,183,144,39
34282,307,263,44
34283,193,160,33
34284,243,210,33
34285,575,493,82
34286,194,164,30
34287,95,86,9
34288,142,129,13
34289,227,194,33
34290,734,603,131
34291,196,170,26
34292,265,234,31
34293,328,283,45
34294,258,220,38
34295,422,387,35
34296,126,113,13
34297,120,107,13
34298,291,264,27
34299,169,152,17
34300,285,252,33
34301,240,219,21
34302,137,125,12
34303,162,149,13
34304,151,136,15
34305,238,213,25
34306,188,168,20
34307,299,270,29
34308,534,477,57
34309,141,124,17
34310,119,109,10
34311,304,266,38
34312,453,401,52
34313,370,341,29
34314,141,123,18
34315,121,107,14
34316,126,109,17
34317,159,138,21
34318,374,332,42
34319,136,126,10
34320,36,34,2
34321,66,58,8
34322,130,117,13
34323,117,102,15
34324,139,121,18
34325,121,101,20
34326,130,115,15
34327,124,114,10
34328,122,106,16
34329,65,54,11
34330,585,508,77
34331,295,258,37
34332,174,163,11
34333,118,110,8
34334,141,124,17
34335,124,117,7
34336,185,160,25
34337,108,94,14
34338,283,242,41
34339,165,144,21
34340,177,154,23
34341,145,127,18
34342,160,145,15
34343,272,244,28
34344,144,131,13
34345,168,150,18
34346,293,257,36
34347,47,44,3
34348,274,249,25
34349,113,92,21
34350,374,325,49
34351,150,127,23
34352,316,273,43
34353,117,96,21
34354,167,155,12
34355,176,161,15
34356,127,108,19
34357,46,38,8
34358,111,93,18
34359,162,139,23
34360,324,282,42
34361,203,184,19
34362,287,238,49
34363,253,222,31
34364,76,65,11
34365,257,229,28
34366,90,82,8
34367,266,233,33
34368,180,153,27
34369,138,119,19
34370,105,93,12
34371,107,97,10
34372,172,150,22
34373,190,174,16
34374,322,291,31
34375,30,30,0
34376,130,116,14
34377,145,127,18
34378,119,107,12
34379,153,130,23
34380,159,120,39
34381,301,273,28
34382,215,185,30
34383,170,150,20
34384,259,209,50
34385,67,62,5
34386,216,192,24
34387,82,73,9
34388,125,110,15
34389,193,157,36
34390,197,177,20
34391,81,70,11
34392,92,86,6
34393,188,174,14
34394,89,75,14
34395,222,185,37
34396,568,497,71
34397,45,41,4
34398,92,74,18
34399,188,165,23
34400,128,107,21
34401,150,131,19
34402,67,61,6
34403,52,43,9
34404,77,65,12
34405,70,56,14
34406,79,71,8
34407,89,78,11
34408,174,153,21
34409,102,88,14
34410,119,108,11
34411,66,59,7
34412,144,118,26
34413,70,52,18
34414,273,241,32
34415,143,122,21
34416,126,106,20
34417,129,112,17
34418,51,46,5
34419,146,125,21
34420,355,305,50
34421,165,156,9
34422,663,581,82
34423,119,96,23
34424,221,179,42
34425,223,190,33
34426,207,178,29
34427,120,104,16
34428,214,188,26
34429,647,550,97
34430,195,162,33
34431,178,149,29
34432,122,103,19
34433,118,102,16
34434,277,236,41
34435,217,182,35
34436,118,101,17
34437,250,227,23
34438,168,143,25
34439,171,143,28
34440,209,177,32
34441,215,187,28
34442,354,307,47
34443,119,105,14
34444,181,153,28
34445,36,31,5
34446,98,82,16
34447,183,167,16
34448,121,106,15
34449,153,137,16
34450,118,92,26
34451,133,121,12
34452,157,138,19
34453,160,139,21
34454,147,137,10
34455,326,274,52
34456,77,70,7
34457,125,109,16
34458,213,189,24
34459,121,111,10
34460,154,130,24
34461,164,135,29
34462,190,168,22
34463,166,142,24
34464,133,115,18
34465,349,319,30
34466,258,225,33
34467,47,46,1
34468,77,66,11
34469,244,193,51
34470,215,183,32
34471,43,39,4
34472,126,111,15
34473,115,106,9
34474,291,257,34
34475,110,101,9
34476,169,149,20
34477,97,92,5
34478,126,108,18
34479,164,138,26
34480,118,104,14
34481,94,86,8
34482,113,106,7
34483,134,118,16
34484,178,161,17
34485,168,150,18
34486,45,38,7
34487,220,199,21
34488,118,106,12
34489,156,141,15
34490,156,143,13
34491,125,110,15
34492,228,191,37
34493,916,784,132
34494,314,282,32
34495,235,210,25
34496,373,328,45
34497,20,16,4
34498,137,118,19
34499,361,320,41
34500,182,160,22
34501,53,41,12
34502,117,107,10
34503,214,199,15
34504,205,180,25
34505,99,88,11
34506,248,219,29
34507,54,49,5
34508,369,312,57
34509,323,281,42
34510,186,168,18
34511,366,316,50
34512,40,33,7
34513,295,267,28
34514,131,114,17
34515,167,144,23
34516,121,114,7
34517,232,204,28
34518,90,85,5
34519,71,66,5
34520,167,150,17
34521,220,200,20
34522,166,150,16
34523,125,116,9
34524,279,253,26
34525,518,454,64
34526,143,130,13
34527,51,43,8
34528,654,568,86
34529,65,54,11
34530,155,140,15
34531,201,176,25
34532,219,179,40
34533,135,123,12
34534,197,174,23
34535,169,157,12
34536,142,130,12
34537,116,99,17
34538,147,130,17
34539,200,182,18
34540,384,345,39
34541,213,188,25
34542,250,220,30
34543,195,180,15
34544,310,271,39
34545,129,117,12
34546,140,127,13
34547,131,117,14
34548,214,187,27
34549,150,126,24
34550,125,116,9
34551,126,108,18
34552,195,163,32
34553,172,152,20
34554,151,133,18
34555,132,121,11
34556,352,304,48
34557,203,187,16
34558,39,33,6
34559,160,150,10
34560,57,51,6
34561,232,200,32
34562,57,52,5
34563,395,360,35
34564,46,43,3
34565,151,139,12
34566,67,58,9
34567,80,75,5
34568,307,282,25
34569,41,38,3
34570,66,57,9
34571,159,131,28
34572,142,126,16
34573,407,365,42
34574,562,505,57
34575,116,102,14
34576,141,127,14
34577,302,270,32
34578,616,538,78
34579,336,298,38
34580,323,282,41
34581,187,169,18
34582,335,308,27
34583,411,377,34
34584,183,169,14
34585,259,230,29
34586,197,177,20
34587,190,169,21
34588,129,119,10
34589,106,87,19
34590,92,80,12
34591,65,60,5
34592,152,142,10
34593,162,143,19
34594,224,202,22
34595,186,162,24
34596,60,50,10
34597,110,96,14
34598,476,427,49
34599,110,93,17
34600,393,365,28
34601,127,119,8
34602,139,129,10
34603,227,205,22
34604,349,321,28
34605,323,298,25
34606,334,286,48
34607,62,59,3
34608,163,149,14
34609,196,172,24
34610,101,89,12
34611,169,152,17
34612,111,96,15
34613,37,34,3
34614,225,200,25
34615,485,434,51
34616,136,118,18
34617,155,134,21
34618,186,159,27
34619,137,122,15
34620,90,78,12
34621,143,122,21
34622,148,126,22
34623,510,445,65
34624,314,276,38
34625,111,103,8
34626,192,177,15
34627,129,118,11
34628,48,44,4
34629,45,43,2
34630,34,28,6
34631,148,131,17
34632,398,336,62
34633,143,124,19
34634,312,276,36
34635,137,121,16
34636,301,265,36
34637,197,170,27
34638,126,111,15
34639,174,139,35
34640,139,114,25
34641,470,413,57
34642,173,148,25
34643,111,104,7
34644,143,130,13
34645,219,193,26
34646,120,107,13
34647,192,173,19
34648,188,168,20
34649,128,117,11
34650,119,111,8
34651,136,130,6
34652,113,104,9
34653,131,116,15
34654,113,99,14
34655,140,130,10
34656,180,162,18
34657,285,250,35
34658,174,158,16
34659,214,187,27
34660,438,403,35
34661,153,133,20
34662,322,283,39
34663,402,358,44
34664,180,169,11
34665,185,169,16
34666,819,731,88
34667,399,355,44
34668,264,235,29
34669,449,397,52
34670,129,105,24
34671,116,100,16
34672,268,239,29
34673,538,452,86
34674,352,302,50
34675,768,690,78
34676,366,325,41
34677,157,139,18
34678,171,146,25
34679,177,158,19
34680,219,195,24
34681,160,144,16
34682,152,137,15
34683,782,692,90
34684,130,116,14
34685,326,284,42
34686,56,51,5
34687,234,214,20
34688,55,48,7
34689,95,80,15
34690,57,49,8
34691,84,78,6
34692,126,116,10
34693,96,83,13
34694,91,77,14
34695,110,97,13
34696,245,213,32
34697,122,105,17
34698,223,195,28
34699,68,58,10
34700,188,172,16
34701,175,154,21
34702,413,359,54
34703,122,110,12
34704,695,603,92
34705,210,183,27
34706,100,84,16
34707,529,446,83
34708,216,182,34
34709,201,176,25
34710,131,118,13
34711,48,45,3
34712,169,155,14
34713,111,103,8
34714,303,265,38
34715,302,262,40
34716,315,280,35
34717,346,306,40
34718,124,107,17
34719,125,111,14
34720,189,158,31
34721,274,242,32
34722,290,255,35
34723,86,76,10
34724,44,38,6
34725,131,113,18
34726,113,96,17
34727,124,110,14
34728,283,248,35
34729,135,118,17
34730,108,100,8
34731,129,114,15
34732,309,278,31
34733,626,555,71
34734,130,122,8
34735,157,142,15
34736,770,660,110
34737,123,109,14
34738,288,251,37
34739,221,183,38
34740,199,167,32
34741,330,278,52
34742,511,443,68
34743,440,386,54
34744,134,115,19
34745,213,181,32
34746,129,112,17
34747,387,338,49
34748,142,130,12
34749,142,126,16
34750,139,116,23
34751,152,136,16
34752,248,219,29
34753,207,184,23
34754,313,285,28
34755,137,118,19
34756,154,139,15
34757,387,328,59
34758,233,207,26
34759,162,138,24
34760,117,103,14
34761,56,52,4
34762,211,179,32
34763,203,180,23
34764,112,96,16
34765,422,360,62
34766,188,149,39
34767,581,488,93
34768,122,101,21
34769,128,117,11
34770,93,83,10
34771,71,68,3
34772,86,75,11
34773,143,123,20
34774,586,520,66
34775,160,139,21
34776,1733,1478,255
34777,180,165,15
34778,509,431,78
34779,306,271,35
34780,397,341,56
34781,60,53,7
34782,109,101,8
34783,390,327,63
34784,142,128,14
34785,110,91,19
34786,81,70,11
34787,224,198,26
34788,133,122,11
34789,143,122,21
34790,204,178,26
34791,73,62,11
34792,81,70,11
34793,581,511,70
34794,513,454,59
34795,832,745,87
34796,70,63,7
34797,48,43,5
34798,131,116,15
34799,132,116,16
34800,137,122,15
34801,150,125,25
34802,179,160,19
34803,43,37,6
34804,216,192,24
34805,100,85,15
34806,148,132,16
34807,119,108,11
34808,128,111,17
34809,206,188,18
34810,95,82,13
34811,88,77,11
34812,96,87,9
34813,150,134,16
34814,99,86,13
34815,91,79,12
34816,152,127,25
34817,278,250,28
34818,178,149,29
34819,176,143,33
34820,145,123,22
34821,285,247,38
34822,122,109,13
34823,914,789,125
34824,225,206,19
34825,165,147,18
34826,72,66,6
34827,86,74,12
34828,55,48,7
34829,149,128,21
34830,291,258,33
34831,195,168,27
34832,193,173,20
34833,254,220,34
34834,72,65,7
34835,130,115,15
34836,87,79,8
34837,238,213,25
34838,109,100,9
34839,62,58,4
34840,158,142,16
34841,118,101,17
34842,138,126,12
34843,367,323,44
34844,129,118,11
34845,221,193,28
34846,162,148,14
34847,629,541,88
34848,373,316,57
34849,129,117,12
34850,136,122,14
34851,113,96,17
34852,126,105,21
34853,56,51,5
34854,125,99,26
34855,119,106,13
34856,186,169,17
34857,164,146,18
34858,52,46,6
34859,68,62,6
34860,125,117,8
34861,146,134,12
34862,490,423,67
34863,272,243,29
34864,368,314,54
34865,168,150,18
34866,716,614,102
34867,91,83,8
34868,163,142,21
34869,650,564,86
34870,141,122,19
34871,290,258,32
34872,85,75,10
34873,66,57,9
34874,163,153,10
34875,165,150,15
34876,144,126,18
34877,161,148,13
34878,277,230,47
34879,109,90,19
34880,602,529,73
34881,129,120,9
34882,230,202,28
34883,199,178,21
34884,106,97,9
34885,122,107,15
34886,243,218,25
34887,197,152,45
34888,219,191,28
34889,201,177,24
34890,131,113,18
34891,118,103,15
34892,185,145,40
34893,266,223,43
34894,126,106,20
34895,159,138,21
34896,63,51,12
34897,68,57,11
34898,280,247,33
34899,275,230,45
34900,299,267,32
34901,182,157,25
34902,186,169,17
34903,310,271,39
34904,266,234,32
34905,260,229,31
34906,266,231,35
34907,38,31,7
34908,151,134,17
34909,130,123,7
34910,26,24,2
34911,150,131,19
34912,150,131,19
34913,133,121,12
34914,213,187,26
34915,180,160,20
34916,127,114,13
34917,145,131,14
34918,166,143,23
34919,434,394,40
34920,502,438,64
34921,136,121,15
34922,130,115,15
34923,123,113,10
34924,737,661,76
34925,139,124,15
34926,231,202,29
34927,164,152,12
34928,138,123,15
34929,179,159,20
34930,316,270,46
34931,130,116,14
34932,121,107,14
34933,535,472,63
34934,153,131,22
34935,143,127,16
34936,602,531,71
34937,90,78,12
34938,140,125,15
34939,72,58,14
34940,292,260,32
34941,379,325,54
34942,415,351,64
34943,608,505,103
34944,79,75,4
34945,59,50,9
34946,113,98,15
34947,231,203,28
34948,140,130,10
34949,264,238,26
34950,225,199,26
34951,38,33,5
34952,62,53,9
34953,138,121,17
34954,392,333,59
34955,125,109,16
34956,66,53,13
34957,348,300,48
34958,227,196,31
34959,121,100,21
34960,64,53,11
34961,131,113,18
34962,256,229,27
34963,131,117,14
34964,147,131,16
34965,370,331,39
34966,219,193,26
34967,131,117,14
34968,284,238,46
34969,227,200,27
34970,203,177,26
34971,134,114,20
34972,434,370,64
34973,198,170,28
34974,506,432,74
34975,131,116,15
34976,120,102,18
34977,59,52,7
34978,167,137,30
34979,233,195,38
34980,421,374,47
34981,191,171,20
34982,115,91,24
34983,705,601,104
34984,198,171,27
34985,147,123,24
34986,130,103,27
34987,111,94,17
34988,202,169,33
34989,96,84,12
34990,122,99,23
34991,318,265,53
34992,360,311,49
34993,167,146,21
34994,244,210,34
34995,154,137,17
34996,139,130,9
34997,120,102,18
34998,147,134,13
34999,352,309,43
35000,185,159,26
35001,146,124,22
35002,437,379,58
35003,692,602,90
35004,499,417,82
35005,468,397,71
35006,123,108,15
35007,110,96,14
35008,178,160,18
35009,168,145,23
35010,445,370,75
35011,194,172,22
35012,583,524,59
35013,143,122,21
35014,51,47,4
35015,173,154,19
35016,187,169,18
35017,133,114,19
35018,310,270,40
35019,213,191,22
35020,303,248,55
35021,136,113,23
35022,120,101,19
35023,156,129,27
35024,71,62,9
35025,55,50,5
35026,70,66,4
35027,64,56,8
35028,141,121,20
35029,65,60,5
35030,44,38,6
35031,154,130,24
35032,120,102,18
35033,136,118,18
35034,239,214,25
35035,171,153,18
35036,124,113,11
35037,116,103,13
35038,205,169,36
35039,179,148,31
35040,184,161,23
35041,126,100,26
35042,125,110,15
35043,162,135,27
35044,147,129,18
35045,120,111,9
35046,119,112,7
35047,115,98,17
35048,91,67,24
35049,40,31,9
35050,62,60,2
35051,88,77,11
35052,490,412,78
35053,427,365,62
35054,134,126,8
35055,196,174,22
35056,769,648,121
35057,87,79,8
35058,50,48,2
35059,284,219,65
35060,210,174,36
35061,169,143,26
35062,148,130,18
35063,346,293,53
35064,64,57,7
35065,402,354,48
35066,267,211,56
35067,381,308,73
35068,255,215,40
35069,275,242,33
35070,156,139,17
35071,287,254,33
35072,346,298,48
35073,203,174,29
35074,128,112,16
35075,125,112,13
35076,126,107,19
35077,314,269,45
35078,119,108,11
35079,175,152,23
35080,177,150,27
35081,334,291,43
35082,185,165,20
35083,305,281,24
35084,232,208,24
35085,163,142,21
35086,294,257,37
35087,155,142,13
35088,131,112,19
35089,281,242,39
35090,138,117,21
35091,137,126,11
35092,706,632,74
35093,229,201,28
35094,149,133,16
35095,154,138,16
35096,210,187,23
35097,282,254,28
35098,123,101,22
35099,132,110,22
35100,904,772,132
35101,242,215,27
35102,355,316,39
35103,256,219,37
35104,631,539,92
35105,315,269,46
35106,453,387,66
35107,708,620,88
35108,289,253,36
35109,131,112,19
35110,183,155,28
35111,83,70,13
35112,111,96,15
35113,85,76,9
35114,128,105,23
35115,45,38,7
35116,224,192,32
35117,178,153,25
35118,177,155,22
35119,330,285,45
35120,219,184,35
35121,344,289,55
35122,347,308,39
35123,232,207,25
35124,572,493,79
35125,369,305,64
35126,106,89,17
35127,355,316,39
35128,114,102,12
35129,67,57,10
35130,620,534,86
35131,287,246,41
35132,82,74,8
35133,144,134,10
35134,138,125,13
35135,44,39,5
35136,66,60,6
35137,115,97,18
35138,174,152,22
35139,245,217,28
35140,185,155,30
35141,171,147,24
35142,151,136,15
35143,98,86,12
35144,187,162,25
35145,146,129,17
35146,204,178,26
35147,266,236,30
35148,133,119,14
35149,522,454,68
35150,338,284,54
35151,177,159,18
35152,288,254,34
35153,210,178,32
35154,267,234,33
35155,456,410,46
35156,261,231,30
35157,364,307,57
35158,122,110,12
35159,172,156,16
35160,293,260,33
35161,581,523,58
35162,38,35,3
35163,138,123,15
35164,141,139,2
35165,213,174,39
35166,115,91,24
35167,244,210,34
35168,175,151,24
35169,278,245,33
35170,122,107,15
35171,142,127,15
35172,100,89,11
35173,110,101,9
35174,164,140,24
35175,179,167,12
35176,730,623,107
35177,140,128,12
35178,168,142,26
35179,181,152,29
35180,396,340,56
35181,108,91,17
35182,252,209,43
35183,133,120,13
35184,228,195,33
35185,322,271,51
35186,187,159,28
35187,73,64,9
35188,687,606,81
35189,303,270,33
35190,354,325,29
35191,117,95,22
35192,199,176,23
35193,84,75,9
35194,128,110,18
35195,62,50,12
35196,553,456,97
35197,184,165,19
35198,263,228,35
35199,128,107,21
35200,1017,871,146
35201,435,397,38
35202,99,85,14
35203,167,148,19
35204,749,642,107
35205,171,156,15
35206,127,106,21
35207,119,91,28
35208,122,112,10
35209,180,159,21
35210,195,171,24
35211,146,131,15
35212,204,168,36
35213,217,191,26
35214,192,165,27
35215,130,113,17
35216,211,185,26
35217,270,235,35
35218,369,335,34
35219,138,126,12
35220,172,148,24
35221,140,123,17
35222,159,139,20
35223,217,194,23
35224,171,163,8
35225,57,51,6
35226,249,228,21
35227,62,53,9
35228,140,126,14
35229,91,81,10
35230,122,101,21
35231,73,62,11
35232,544,478,66
35233,198,179,19
35234,113,101,12
35235,476,435,41
35236,170,143,27
35237,581,511,70
35238,488,433,55
35239,368,302,66
35240,289,251,38
35241,318,280,38
35242,613,540,73
35243,271,251,20
35244,128,117,11
35245,304,258,46
35246,290,252,38
35247,192,177,15
35248,136,119,17
35249,124,107,17
35250,140,122,18
35251,317,274,43
35252,389,354,35
35253,83,74,9
35254,426,371,55
35255,366,313,53
35256,385,334,51
35257,217,190,27
35258,700,614,86
35259,473,411,62
35260,119,107,12
35261,190,159,31
35262,311,278,33
35263,550,486,64
35264,78,67,11
35265,482,415,67
35266,727,627,100
35267,314,262,52
35268,380,338,42
35269,323,266,57
35270,231,193,38
35271,541,463,78
35272,603,520,83
35273,199,174,25
35274,114,97,17
35275,45,40,5
35276,123,105,18
35277,179,163,16
35278,367,326,41
35279,159,139,20
35280,1008,885,123
35281,168,143,25
35282,176,155,21
35283,548,475,73
35284,334,287,47
35285,412,359,53
35286,204,179,25
35287,135,114,21
35288,154,128,26
35289,126,115,11
35290,197,182,15
35291,175,143,32
35292,261,224,37
35293,802,681,121
35294,184,164,20
35295,38,35,3
35296,328,284,44
35297,93,76,17
35298,163,143,20
35299,146,127,19
35300,49,46,3
35301,38,36,2
35302,206,185,21
35303,184,163,21
35304,107,95,12
35305,104,94,10
35306,341,309,32
35307,227,198,29
35308,402,355,47
35309,169,139,30
35310,131,117,14
35311,264,226,38
35312,202,172,30
35313,135,127,8
35314,130,125,5
35315,47,43,4
35316,167,144,23
35317,132,120,12
35318,56,48,8
35319,56,49,7
35320,232,204,28
35321,131,117,14
35322,118,105,13
35323,70,60,10
35324,73,63,10
35325,140,113,27
35326,266,234,32
35327,298,270,28
35328,527,463,64
35329,112,95,17
35330,183,149,34
35331,308,259,49
35332,198,171,27
35333,193,173,20
35334,145,126,19
35335,501,445,56
35336,306,283,23
35337,589,522,67
35338,317,270,47
35339,388,347,41
35340,822,696,126
35341,103,91,12
35342,115,103,12
35343,237,212,25
35344,163,142,21
35345,546,473,73
35346,90,79,11
35347,322,275,47
35348,312,280,32
35349,278,236,42
35350,193,164,29
35351,243,215,28
35352,123,107,16
35353,472,395,77
35354,135,119,16
35355,157,149,8
35356,698,606,92
35357,111,97,14
35358,158,139,19
35359,306,269,37
35360,399,336,63
35361,73,67,6
35362,433,401,32
35363,79,67,12
35364,189,162,27
35365,115,102,13
35366,55,50,5
35367,359,310,49
35368,123,112,11
35369,104,90,14
35370,114,101,13
35371,90,79,11
35372,45,41,4
35373,378,331,47
35374,267,230,37
35375,190,175,15
35376,117,101,16
35377,224,200,24
35378,118,101,17
35379,167,142,25
35380,112,95,17
35381,237,204,33
35382,135,118,17
35383,153,135,18
35384,129,107,22
35385,676,600,76
35386,122,104,18
35387,219,186,33
35388,212,191,21
35389,56,49,7
35390,418,383,35
35391,527,447,80
35392,263,225,38
35393,280,229,51
35394,329,294,35
35395,261,227,34
35396,456,388,68
35397,189,172,17
35398,134,109,25
35399,227,190,37
35400,353,306,47
35401,70,64,6
35402,126,112,14
35403,19,19,0
35404,118,107,11
35405,217,185,32
35406,141,127,14
35407,128,109,19
35408,42,34,8
35409,113,100,13
35410,192,178,14
35411,72,62,10
35412,71,59,12
35413,146,129,17
35414,75,68,7
35415,69,62,7
35416,69,62,7
35417,178,154,24
35418,605,534,71
35419,134,111,23
35420,75,63,12
35421,102,86,16
35422,68,55,13
35423,107,87,20
35424,131,114,17
35425,115,103,12
35426,219,191,28
35427,468,426,42
35428,184,161,23
35429,131,115,16
35430,114,101,13
35431,44,36,8
35432,83,70,13
35433,207,183,24
35434,102,90,12
35435,107,98,9
35436,267,231,36
35437,130,115,15
35438,127,115,12
35439,107,100,7
35440,152,137,15
35441,170,153,17
35442,165,149,16
35443,291,250,41
35444,128,117,11
35445,126,112,14
35446,118,104,14
35447,174,156,18
35448,232,201,31
35449,121,109,12
35450,223,202,21
35451,103,89,14
35452,205,186,19
35453,169,139,30
35454,336,305,31
35455,189,166,23
35456,160,145,15
35457,205,181,24
35458,479,416,63
35459,177,153,24
35460,309,281,28
35461,194,164,30
35462,161,139,22
35463,130,112,18
35464,141,128,13
35465,277,244,33
35466,128,118,10
35467,214,199,15
35468,153,135,18
35469,168,151,17
35470,168,151,17
35471,238,217,21
35472,117,104,13
35473,236,212,24
35474,229,200,29
35475,146,125,21
35476,154,138,16
35477,74,66,8
35478,67,60,7
35479,61,56,5
35480,116,101,15
35481,42,38,4
35482,111,97,14
35483,217,182,35
35484,166,154,12
35485,240,206,34
35486,71,61,10
35487,321,288,33
35488,274,232,42
35489,216,189,27
35490,144,128,16
35491,187,164,23
35492,563,504,59
35493,341,295,46
35494,133,122,11
35495,166,143,23
35496,325,281,44
35497,185,165,20
35498,213,189,24
35499,366,320,46
35500,266,237,29
35501,296,254,42
35502,80,70,10
35503,111,100,11
35504,112,98,14
35505,196,178,18
35506,133,119,14
35507,355,319,36
35508,152,140,12
35509,191,162,29
35510,302,272,30
35511,209,186,23
35512,75,70,5
35513,59,53,6
35514,118,105,13
35515,293,264,29
35516,48,43,5
35517,178,156,22
35518,226,191,35
35519,195,170,25
35520,139,125,14
35521,143,126,17
35522,471,409,62
35523,135,113,22
35524,103,85,18
35525,213,186,27
35526,89,71,18
35527,446,383,63
35528,282,243,39
35529,247,211,36
35530,281,251,30
35531,140,124,16
35532,170,149,21
35533,237,207,30
35534,227,198,29
35535,249,199,50
35536,110,99,11
35537,159,143,16
35538,387,338,49
35539,390,336,54
35540,195,163,32
35541,164,131,33
35542,571,490,81
35543,164,145,19
35544,138,120,18
35545,76,68,8
35546,68,54,14
35547,155,135,20
35548,160,135,25
35549,507,416,91
35550,122,108,14
35551,126,114,12
35552,105,92,13
35553,321,281,40
35554,133,114,19
35555,140,121,19
35556,144,116,28
35557,128,116,12
35558,500,421,79
35559,328,282,46
35560,259,233,26
35561,915,815,100
35562,107,99,8
35563,141,131,10
35564,153,140,13
35565,134,124,10
35566,127,107,20
35567,155,132,23
35568,138,124,14
35569,274,223,51
35570,146,125,21
35571,121,106,15
35572,159,135,24
35573,139,126,13
35574,144,129,15
35575,141,122,19
35576,224,188,36
35577,143,131,12
35578,56,45,11
35579,175,150,25
35580,112,98,14
35581,45,42,3
35582,340,286,54
35583,988,847,141
35584,320,276,44
35585,81,70,11
35586,68,60,8
35587,354,319,35
35588,62,54,8
35589,147,130,17
35590,178,146,32
35591,203,170,33
35592,263,231,32
35593,144,128,16
35594,431,365,66
35595,59,51,8
35596,148,125,23
35597,203,187,16
35598,270,239,31
35599,481,422,59
35600,114,103,11
35601,159,144,15
35602,213,175,38
35603,120,97,23
35604,167,147,20
35605,264,235,29
35606,325,303,22
35607,236,196,40
35608,300,264,36
35609,230,203,27
35610,154,142,12
35611,29,25,4
35612,40,34,6
35613,52,43,9
35614,74,65,9
35615,64,57,7
35616,147,131,16
35617,192,168,24
35618,124,112,12
35619,126,111,15
35620,124,113,11
35621,131,112,19
35622,288,265,23
35623,239,209,30
35624,124,111,13
35625,233,194,39
35626,123,109,14
35627,53,46,7
35628,181,161,20
35629,153,136,17
35630,128,112,16
35631,94,84,10
35632,273,243,30
35633,154,140,14
35634,109,96,13
35635,235,209,26
35636,221,198,23
35637,42,36,6
35638,73,63,10
35639,496,435,61
35640,228,207,21
35641,190,169,21
35642,100,89,11
35643,230,204,26
35644,239,207,32
35645,60,54,6
35646,52,47,5
35647,116,106,10
35648,102,90,12
35649,329,286,43
35650,253,226,27
35651,149,133,16
35652,178,159,19
35653,93,84,9
35654,385,349,36
35655,363,319,44
35656,138,120,18
35657,123,104,19
35658,97,85,12
35659,302,271,31
35660,131,116,15
35661,79,71,8
35662,160,136,24
35663,116,105,11
35664,192,169,23
35665,133,125,8
35666,179,158,21
35667,370,323,47
35668,111,104,7
35669,159,144,15
35670,92,79,13
35671,135,118,17
35672,237,210,27
35673,78,68,10
35674,937,829,108
35675,149,121,28
35676,435,382,53
35677,148,134,14
35678,460,405,55
35679,149,125,24
35680,343,293,50
35681,175,155,20
35682,224,191,33
35683,470,410,60
35684,162,139,23
35685,258,223,35
35686,99,88,11
35687,574,513,61
35688,33,25,8
35689,50,42,8
35690,147,122,25
35691,379,338,41
35692,123,111,12
35693,234,197,37
35694,379,344,35
35695,367,323,44
35696,296,246,50
35697,182,161,21
35698,297,253,44
35699,611,549,62
35700,433,381,52
35701,121,104,17
35702,400,365,35
35703,146,128,18
35704,480,418,62
35705,143,125,18
35706,464,403,61
35707,575,491,84
35708,179,155,24
35709,872,758,114
35710,805,700,105
35711,128,110,18
35712,132,119,13
35713,138,125,13
35714,193,176,17
35715,312,276,36
35716,1002,869,133
35717,631,541,90
35718,91,80,11
35719,133,117,16
35720,242,212,30
35721,84,75,9
35722,163,142,21
35723,69,58,11
35724,181,159,22
35725,69,61,8
35726,150,126,24
35727,304,264,40
35728,104,88,16
35729,213,187,26
35730,97,80,17
35731,181,157,24
35732,258,235,23
35733,442,377,65
35734,378,330,48
35735,358,324,34
35736,104,91,13
35737,178,157,21
35738,167,152,15
35739,253,209,44
35740,142,125,17
35741,186,158,28
35742,112,96,16
35743,191,165,26
35744,145,128,17
35745,367,319,48
35746,144,119,25
35747,41,36,5
35748,431,393,38
35749,222,189,33
35750,153,134,19
35751,186,167,19
35752,633,564,69
35753,636,558,78
35754,424,351,73
35755,148,133,15
35756,485,426,59
35757,530,471,59
35758,47,40,7
35759,110,97,13
35760,103,92,11
35761,91,82,9
35762,381,335,46
35763,346,313,33
35764,133,104,29
35765,539,477,62
35766,172,151,21
35767,373,322,51
35768,270,232,38
35769,413,364,49
35770,314,281,33
35771,129,119,10
35772,184,163,21
35773,104,92,12
35774,391,341,50
35775,118,107,11
35776,142,135,7
35777,154,131,23
35778,153,128,25
35779,231,209,22
35780,263,227,36
35781,117,101,16
35782,162,141,21
35783,284,251,33
35784,482,428,54
35785,172,152,20
35786,285,253,32
35787,276,254,22
35788,108,91,17
35789,182,160,22
35790,184,160,24
35791,149,128,21
35792,362,316,46
35793,138,115,23
35794,124,116,8
35795,135,121,14
35796,374,324,50
35797,453,381,72
35798,151,131,20
35799,515,452,63
35800,189,169,20
35801,159,142,17
35802,641,556,85
35803,155,138,17
35804,796,693,103
35805,271,227,44
35806,254,229,25
35807,482,431,51
35808,122,109,13
35809,210,196,14
35810,296,255,41
35811,158,141,17
35812,248,216,32
35813,137,120,17
35814,355,323,32
35815,255,227,28
35816,484,427,57
35817,198,174,24
35818,194,164,30
35819,592,514,78
35820,261,228,33
35821,386,331,55
35822,346,320,26
35823,504,430,74
35824,486,437,49
35825,152,129,23
35826,166,142,24
35827,123,110,13
35828,183,162,21
35829,347,312,35
35830,247,214,33
35831,502,434,68
35832,126,116,10
35833,113,100,13
35834,221,193,28
35835,583,538,45
35836,369,324,45
35837,251,204,47
35838,238,207,31
35839,131,110,21
35840,98,82,16
35841,511,449,62
35842,323,276,47
35843,134,122,12
35844,878,786,92
35845,115,94,21
35846,179,158,21
35847,498,428,70
35848,378,327,51
35849,300,263,37
35850,118,104,14
35851,149,130,19
35852,1006,863,143
35853,1001,840,161
35854,76,67,9
35855,641,564,77
35856,710,609,101
35857,995,847,148
35858,225,210,15
35859,270,230,40
35860,295,255,40
35861,250,227,23
35862,477,394,83
35863,342,280,62
35864,716,615,101
35865,144,128,16
35866,199,178,21
35867,60,52,8
35868,79,67,12
35869,337,300,37
35870,283,251,32
35871,84,79,5
35872,158,137,21
35873,275,240,35
35874,147,128,19
35875,315,281,34
35876,172,152,20
35877,276,250,26
35878,134,126,8
35879,133,117,16
35880,87,80,7
35881,56,50,6
35882,123,103,20
35883,139,123,16
35884,151,141,10
35885,210,198,12
35886,184,160,24
35887,122,110,12
35888,212,181,31
35889,146,130,16
35890,147,131,16
35891,156,145,11
35892,374,331,43
35893,559,479,80
35894,141,127,14
35895,251,212,39
35896,147,128,19
35897,239,212,27
35898,188,172,16
35899,209,186,23
35900,141,120,21
35901,126,116,10
35902,202,180,22
35903,214,185,29
35904,30,27,3
35905,77,67,10
35906,307,272,35
35907,146,128,18
35908,164,136,28
35909,157,143,14
35910,77,67,10
35911,88,75,13
35912,177,157,20
35913,145,137,8
35914,134,126,8
35915,572,511,61
35916,139,121,18
35917,230,214,16
35918,159,142,17
35919,159,137,22
35920,165,148,17
35921,385,321,64
35922,139,121,18
35923,700,592,108
35924,122,100,22
35925,104,91,13
35926,609,529,80
35927,119,102,17
35928,177,153,24
35929,334,291,43
35930,308,262,46
35931,155,135,20
35932,73,59,14
35933,208,174,34
35934,375,329,46
35935,248,205,43
35936,99,85,14
35937,224,195,29
35938,449,385,64
35939,216,196,20
35940,281,247,34
35941,137,122,15
35942,181,156,25
35943,161,141,20
35944,880,744,136
35945,298,259,39
35946,91,84,7
35947,116,103,13
35948,72,60,12
35949,147,131,16
35950,590,495,95
35951,193,170,23
35952,454,384,70
35953,237,200,37
35954,131,117,14
35955,205,181,24
35956,95,84,11
35957,174,150,24
35958,302,265,37
35959,423,336,87
35960,184,160,24
35961,119,100,19
35962,130,109,21
35963,378,330,48
35964,215,183,32
35965,165,145,20
35966,94,81,13
35967,109,96,13
35968,135,118,17
35969,58,50,8
35970,66,60,6
35971,137,126,11
35972,371,334,37
35973,211,184,27
35974,170,147,23
35975,137,117,20
35976,133,125,8
35977,139,118,21
35978,110,95,15
35979,208,180,28
35980,199,177,22
35981,381,323,58
35982,321,281,40
35983,123,111,12
35984,138,122,16
35985,504,442,62
35986,350,313,37
35987,273,257,16
35988,561,474,87
35989,984,847,137
35990,543,469,74
35991,346,310,36
35992,258,224,34
35993,337,300,37
35994,1015,892,123
35995,2297,2070,227
35996,939,832,107
35997,160,141,19
35998,119,106,13
35999,145,137,8
36000,139,117,22
36001,155,135,20
36002,148,130,18
36003,220,190,30
36004,351,298,53
36005,95,81,14
36006,1002,886,116
36007,708,618,90
36008,211,190,21
36009,240,211,29
36010,124,113,11
36011,224,202,22
36012,251,217,34
36013,229,205,24
36014,132,109,23
36015,922,798,124
36016,946,837,109
36017,190,163,27
36018,327,275,52
36019,411,372,39
36020,299,264,35
36021,140,123,17
36022,175,158,17
36023,136,125,11
36024,148,131,17
36025,333,287,46
36026,189,166,23
36027,185,165,20
36028,241,211,30
36029,259,224,35
36030,186,168,18
36031,45,39,6
36032,136,120,16
36033,116,105,11
36034,55,47,8
36035,130,119,11
36036,196,170,26
36037,155,140,15
36038,173,156,17
36039,303,259,44
36040,202,180,22
36041,268,230,38
36042,281,242,39
36043,110,87,23
36044,192,163,29
36045,115,98,17
36046,147,133,14
36047,128,108,20
36048,126,111,15
36049,171,149,22
36050,196,178,18
36051,337,293,44
36052,185,171,14
36053,163,139,24
36054,143,121,22
36055,21,18,3
36056,353,302,51
36057,355,307,48
36058,147,133,14
36059,213,193,20
36060,57,48,9
36061,229,200,29
36062,342,307,35
36063,120,109,11
36064,286,246,40
36065,293,235,58
36066,112,101,11
36067,264,233,31
36068,125,113,12
36069,162,138,24
36070,161,133,28
36071,386,336,50
36072,348,305,43
36073,124,104,20
36074,157,131,26
36075,125,107,18
36076,184,158,26
36077,156,132,24
36078,332,290,42
36079,258,231,27
36080,170,148,22
36081,56,46,10
36082,172,145,27
36083,955,817,138
36084,136,115,21
36085,255,221,34
36086,178,165,13
36087,457,387,70
36088,212,172,40
36089,119,104,15
36090,215,191,24
36091,242,223,19
36092,328,291,37
36093,122,108,14
36094,182,165,17
36095,101,87,14
36096,419,356,63
36097,172,146,26
36098,358,304,54
36099,356,320,36
36100,612,540,72
36101,167,152,15
36102,94,82,12
36103,131,121,10
36104,452,412,40
36105,228,191,37
36106,113,100,13
36107,70,64,6
36108,115,100,15
36109,280,228,52
36110,284,253,31
36111,380,343,37
36112,54,44,10
36113,22,21,1
36114,398,339,59
36115,135,112,23
36116,232,210,22
36117,111,101,10
36118,123,111,12
36119,111,96,15
36120,101,83,18
36121,312,274,38
36122,117,99,18
36123,94,78,16
36124,220,186,34
36125,757,657,100
36126,371,328,43
36127,248,213,35
36128,395,326,69
36129,144,124,20
36130,214,185,29
36131,158,149,9
36132,240,206,34
36133,333,300,33
36134,208,196,12
36135,218,185,33
36136,258,219,39
36137,115,101,14
36138,296,261,35
36139,377,331,46
36140,521,466,55
36141,222,194,28
36142,150,136,14
36143,94,79,15
36144,122,105,17
36145,558,473,85
36146,108,95,13
36147,110,94,16
36148,168,144,24
36149,219,188,31
36150,143,130,13
36151,533,471,62
36152,498,425,73
36153,242,207,35
36154,451,406,45
36155,77,59,18
36156,89,70,19
36157,253,220,33
36158,189,167,22
36159,156,128,28
36160,228,203,25
36161,135,125,10
36162,120,113,7
36163,109,92,17
36164,121,93,28
36165,179,161,18
36166,26,22,4
36167,50,45,5
36168,46,41,5
36169,63,56,7
36170,47,36,11
36171,45,37,8
36172,227,199,28
36173,92,82,10
36174,452,414,38
36175,134,113,21
36176,623,540,83
36177,188,165,23
36178,592,507,85
36179,65,60,5
36180,138,125,13
36181,275,242,33
36182,202,180,22
36183,198,171,27
36184,111,97,14
36185,134,114,20
36186,160,138,22
36187,219,180,39
36188,203,180,23
36189,142,131,11
36190,137,125,12
36191,165,144,21
36192,124,113,11
36193,559,493,66
36194,312,274,38
36195,331,298,33
36196,116,108,8
36197,214,191,23
36198,561,481,80
36199,449,395,54
36200,203,185,18
36201,315,270,45
36202,192,164,28
36203,227,193,34
36204,385,344,41
36205,76,66,10
36206,42,40,2
36207,310,277,33
36208,154,138,16
36209,76,69,7
36210,220,191,29
36211,174,161,13
36212,151,140,11
36213,162,139,23
36214,607,552,55
36215,88,81,7
36216,217,189,28
36217,442,389,53
36218,707,617,90
36219,319,280,39
36220,107,96,11
36221,586,512,74
36222,107,93,14
36223,164,137,27
36224,733,641,92
36225,427,369,58
36226,936,835,101
36227,456,396,60
36228,303,270,33
36229,313,291,22
36230,232,202,30
36231,155,138,17
36232,400,355,45
36233,190,165,25
36234,353,311,42
36235,129,116,13
36236,403,360,43
36237,161,141,20
36238,842,743,99
36239,80,70,10
36240,151,133,18
36241,376,315,61
36242,214,190,24
36243,263,235,28
36244,306,282,24
36245,140,128,12
36246,147,127,20
36247,221,192,29
36248,96,87,9
36249,83,73,10
36250,58,51,7
36251,158,136,22
36252,131,112,19
36253,206,185,21
36254,145,123,22
36255,150,129,21
36256,78,60,18
36257,195,168,27
36258,253,226,27
36259,509,443,66
36260,209,180,29
36261,225,198,27
36262,495,440,55
36263,354,305,49
36264,491,438,53
36265,125,106,19
36266,204,180,24
36267,348,296,52
36268,347,303,44
36269,756,670,86
36270,107,87,20
36271,279,248,31
36272,112,101,11
36273,322,263,59
36274,493,434,59
36275,153,137,16
36276,50,45,5
36277,155,142,13
36278,234,173,61
36279,286,252,34
36280,132,113,19
36281,157,135,22
36282,114,99,15
36283,212,188,24
36284,203,179,24
36285,92,87,5
36286,164,145,19
36287,245,208,37
36288,159,131,28
36289,187,164,23
36290,156,139,17
36291,106,100,6
36292,158,145,13
36293,178,157,21
36294,342,311,31
36295,103,92,11
36296,92,86,6
36297,159,145,14
36298,288,241,47
36299,71,60,11
36300,121,97,24
36301,53,44,9
36302,81,74,7
36303,128,114,14
36304,542,494,48
36305,141,116,25
36306,405,355,50
36307,120,106,14
36308,309,268,41
36309,323,295,28
36310,651,549,102
36311,151,130,21
36312,191,169,22
36313,128,118,10
36314,119,100,19
36315,130,114,16
36316,138,121,17
36317,338,291,47
36318,126,105,21
36319,105,93,12
36320,278,242,36
36321,185,167,18
36322,112,102,10
36323,150,125,25
36324,159,139,20
36325,137,121,16
36326,146,115,31
36327,134,115,19
36328,139,117,22
36329,105,91,14
36330,99,89,10
36331,192,176,16
36332,114,102,12
36333,57,43,14
36334,44,41,3
36335,175,142,33
36336,112,101,11
36337,198,170,28
36338,84,76,8
36339,192,173,19
36340,107,90,17
36341,202,172,30
36342,133,118,15
36343,361,311,50
36344,156,139,17
36345,843,735,108
36346,150,135,15
36347,195,174,21
36348,121,101,20
36349,296,264,32
36350,287,258,29
36351,457,403,54
36352,398,350,48
36353,673,583,90
36354,129,115,14
36355,108,98,10
36356,155,144,11
36357,476,432,44
36358,241,204,37
36359,188,172,16
36360,439,394,45
36361,223,194,29
36362,761,661,100
36363,288,242,46
36364,138,119,19
36365,255,222,33
36366,770,691,79
36367,255,219,36
36368,224,196,28
36369,174,146,28
36370,236,200,36
36371,193,163,30
36372,117,103,14
36373,323,290,33
36374,718,655,63
36375,120,111,9
36376,212,189,23
36377,128,120,8
36378,163,138,25
36379,162,143,19
36380,144,127,17
36381,218,196,22
36382,124,112,12
36383,107,96,11
36384,619,554,65
36385,182,160,22
36386,254,231,23
36387,213,183,30
36388,210,185,25
36389,385,348,37
36390,694,601,93
36391,175,152,23
36392,338,307,31
36393,198,176,22
36394,978,876,102
36395,127,115,12
36396,125,106,19
36397,146,129,17
36398,220,195,25
36399,223,199,24
36400,134,119,15
36401,184,165,19
36402,197,169,28
36403,130,111,19
36404,151,135,16
36405,94,78,16
36406,139,131,8
36407,164,153,11
36408,75,68,7
36409,69,63,6
36410,56,48,8
36411,151,132,19
36412,102,85,17
36413,210,192,18
36414,50,45,5
36415,76,65,11
36416,230,208,22
36417,121,102,19
36418,173,156,17
36419,117,103,14
36420,168,153,15
36421,121,108,13
36422,363,323,40
36423,663,569,94
36424,92,78,14
36425,167,155,12
36426,178,159,19
36427,428,370,58
36428,99,91,8
36429,475,428,47
36430,117,99,18
36431,278,240,38
36432,176,160,16
36433,390,348,42
36434,177,158,19
36435,772,661,111
36436,144,117,27
36437,128,118,10
36438,135,123,12
36439,186,161,25
36440,273,237,36
36441,217,190,27
36442,104,97,7
36443,165,147,18
36444,259,229,30
36445,109,96,13
36446,60,48,12
36447,66,60,6
36448,123,105,18
36449,134,111,23
36450,178,152,26
36451,168,140,28
36452,165,144,21
36453,169,145,24
36454,56,51,5
36455,108,97,11
36456,261,225,36
36457,249,213,36
36458,521,446,75
36459,129,114,15
36460,248,220,28
36461,155,132,23
36462,163,143,20
36463,221,195,26
36464,218,189,29
36465,174,160,14
36466,235,211,24
36467,301,261,40
36468,273,239,34
36469,556,495,61
36470,220,203,17
36471,134,119,15
36472,151,135,16
36473,250,218,32
36474,134,115,19
36475,153,132,21
36476,303,263,40
36477,436,373,63
36478,203,170,33
36479,187,163,24
36480,121,105,16
36481,416,358,58
36482,137,119,18
36483,128,113,15
36484,97,87,10
36485,624,562,62
36486,213,195,18
36487,315,278,37
36488,182,151,31
36489,165,142,23
36490,844,713,131
36491,556,496,60
36492,149,130,19
36493,239,214,25
36494,122,105,17
36495,142,128,14
36496,239,217,22
36497,208,179,29
36498,59,46,13
36499,173,149,24
36500,184,155,29
36501,151,137,14
36502,177,150,27
36503,121,111,10
36504,389,345,44
36505,207,183,24
36506,174,156,18
36507,136,123,13
36508,147,132,15
36509,224,195,29
36510,117,102,15
36511,134,124,10
36512,146,131,15
36513,117,105,12
36514,265,228,37
36515,92,83,9
36516,154,143,11
36517,147,130,17
36518,230,210,20
36519,384,338,46
36520,157,134,23
36521,39,35,4
36522,129,115,14
36523,136,119,17
36524,444,380,64
36525,39,33,6
36526,215,184,31
36527,693,587,106
36528,444,374,70
36529,220,188,32
36530,161,138,23
36531,465,401,64
36532,97,89,8
36533,897,723,174
36534,105,97,8
36535,327,258,69
36536,303,278,25
36537,350,302,48
36538,420,343,77
36539,223,199,24
36540,171,143,28
36541,476,404,72
36542,532,454,78
36543,224,211,13
36544,151,137,14
36545,131,108,23
36546,205,180,25
36547,296,266,30
36548,203,172,31
36549,134,114,20
36550,149,130,19
36551,120,105,15
36552,13,10,3
36553,377,328,49
36554,96,81,15
36555,478,413,65
36556,401,345,56
36557,104,88,16
36558,138,110,28
36559,287,239,48
36560,145,129,16
36561,400,356,44
36562,142,132,10
36563,122,110,12
36564,186,168,18
36565,169,145,24
36566,282,249,33
36567,253,223,30
36568,281,250,31
36569,268,231,37
36570,182,160,22
36571,197,168,29
36572,237,208,29
36573,238,214,24
36574,179,154,25
36575,269,239,30
36576,176,156,20
36577,182,162,20
36578,391,345,46
36579,408,364,44
36580,458,425,33
36581,179,160,19
36582,194,181,13
36583,275,241,34
36584,575,526,49
36585,153,131,22
36586,198,179,19
36587,117,108,9
36588,375,339,36
36589,272,241,31
36590,84,74,10
36591,107,94,13
36592,331,297,34
36593,199,176,23
36594,149,134,15
36595,188,171,17
36596,199,183,16
36597,185,161,24
36598,69,60,9
36599,158,143,15
36600,124,107,17
36601,577,507,70
36602,170,147,23
36603,111,92,19
36604,160,133,27
36605,330,281,49
36606,117,106,11
36607,410,342,68
36608,135,116,19
36609,156,138,18
36610,130,111,19
36611,315,287,28
36612,137,124,13
36613,185,165,20
36614,132,118,14
36615,111,99,12
36616,222,196,26
36617,414,359,55
36618,131,108,23
36619,159,145,14
36620,133,119,14
36621,506,435,71
36622,160,143,17
36623,155,143,12
36624,77,71,6
36625,66,63,3
36626,96,81,15
36627,113,101,12
36628,105,97,8
36629,42,39,3
36630,213,180,33
36631,90,81,9
36632,293,253,40
36633,178,153,25
36634,127,121,6
36635,87,74,13
36636,256,227,29
36637,191,177,14
36638,155,125,30
36639,133,124,9
36640,84,73,11
36641,222,205,17
36642,312,276,36
36643,173,151,22
36644,713,635,78
36645,360,327,33
36646,852,716,136
36647,509,449,60
36648,195,168,27
36649,148,130,18
36650,323,272,51
36651,115,104,11
36652,164,144,20
36653,143,129,14
36654,142,117,25
36655,278,240,38
36656,153,131,22
36657,144,124,20
36658,215,186,29
36659,165,146,19
36660,98,87,11
36661,148,122,26
36662,120,98,22
36663,74,69,5
36664,114,98,16
36665,506,462,44
36666,109,102,7
36667,202,166,36
36668,93,88,5
36669,59,53,6
36670,105,94,11
36671,108,98,10
36672,211,191,20
36673,85,76,9
36674,131,109,22
36675,97,80,17
36676,463,384,79
36677,462,402,60
36678,132,114,18
36679,50,45,5
36680,281,258,23
36681,90,77,13
36682,181,152,29
36683,114,98,16
36684,145,124,21
36685,174,154,20
36686,149,131,18
36687,231,204,27
36688,169,149,20
36689,120,100,20
36690,221,202,19
36691,148,128,20
36692,207,172,35
36693,213,187,26
36694,159,141,18
36695,223,190,33
36696,227,196,31
36697,138,121,17
36698,906,802,104
36699,180,165,15
36700,203,181,22
36701,163,143,20
36702,225,198,27
36703,159,146,13
36704,149,135,14
36705,175,154,21
36706,148,133,15
36707,138,113,25
36708,153,130,23
36709,145,125,20
36710,132,124,8
36711,225,188,37
36712,128,114,14
36713,158,147,11
36714,247,212,35
36715,129,118,11
36716,143,128,15
36717,130,114,16
36718,119,100,19
36719,149,133,16
36720,108,95,13
36721,249,222,27
36722,41,40,1
36723,77,67,10
36724,267,234,33
36725,571,495,76
36726,969,837,132
36727,225,192,33
36728,491,421,70
36729,82,75,7
36730,306,266,40
36731,291,249,42
36732,487,416,71
36733,325,287,38
36734,142,121,21
36735,109,96,13
36736,123,108,15
36737,135,109,26
36738,278,250,28
36739,236,207,29
36740,178,163,15
36741,138,118,20
36742,221,190,31
36743,202,170,32
36744,65,57,8
36745,66,58,8
36746,124,108,16
36747,311,267,44
36748,220,196,24
36749,331,293,38
36750,118,105,13
36751,111,103,8
36752,52,45,7
36753,43,38,5
36754,310,270,40
36755,83,73,10
36756,522,461,61
36757,179,158,21
36758,189,168,21
36759,231,204,27
36760,308,278,30
36761,292,257,35
36762,279,246,33
36763,112,100,12
36764,213,192,21
36765,183,161,22
36766,150,135,15
36767,266,243,23
36768,135,115,20
36769,174,158,16
36770,117,105,12
36771,122,110,12
36772,141,123,18
36773,482,431,51
36774,447,393,54
36775,101,94,7
36776,268,224,44
36777,260,222,38
36778,872,748,124
36779,204,188,16
36780,246,214,32
36781,292,256,36
36782,501,431,70
36783,469,403,66
36784,116,99,17
36785,261,220,41
36786,206,182,24
36787,234,208,26
36788,553,466,87
36789,891,784,107
36790,118,107,11
36791,274,248,26
36792,588,514,74
36793,102,83,19
36794,392,340,52
36795,418,371,47
36796,893,798,95
36797,438,381,57
36798,296,251,45
36799,484,419,65
36800,799,713,86
36801,537,444,93
36802,427,372,55
36803,539,481,58
36804,118,108,10
36805,157,131,26
36806,913,797,116
36807,133,117,16
36808,412,360,52
36809,163,137,26
36810,356,325,31
36811,190,172,18
36812,326,274,52
36813,221,197,24
36814,283,259,24
36815,156,142,14
36816,342,306,36
36817,241,214,27
36818,290,253,37
36819,257,228,29
36820,975,833,142
36821,130,111,19
36822,138,118,20
36823,145,128,17
36824,545,484,61
36825,315,272,43
36826,239,211,28
36827,547,489,58
36828,239,214,25
36829,44,41,3
36830,46,42,4
36831,135,119,16
36832,57,49,8
36833,297,264,33
36834,462,406,56
36835,378,331,47
36836,60,54,6
36837,134,122,12
36838,203,178,25
36839,87,66,21
36840,129,112,17
36841,238,196,42
36842,104,92,12
36843,234,204,30
36844,110,99,11
36845,179,156,23
36846,263,237,26
36847,219,191,28
36848,376,321,55
36849,180,160,20
36850,64,48,16
36851,453,400,53
36852,135,119,16
36853,764,645,119
36854,78,68,10
36855,189,165,24
36856,199,168,31
36857,716,641,75
36858,250,219,31
36859,138,112,26
36860,217,196,21
36861,182,158,24
36862,204,172,32
36863,277,240,37
36864,885,747,138
36865,155,136,19
36866,250,204,46
36867,224,201,23
36868,391,333,58
36869,276,237,39
36870,302,261,41
36871,257,218,39
36872,303,271,32
36873,85,78,7
36874,590,518,72
36875,430,380,50
36876,225,196,29
36877,125,109,16
36878,110,101,9
36879,282,243,39
36880,450,393,57
36881,123,105,18
36882,177,155,22
36883,199,183,16
36884,125,109,16
36885,143,133,10
36886,130,121,9
36887,200,170,30
36888,145,138,7
36889,110,94,16
36890,125,117,8
36891,244,218,26
36892,142,122,20
36893,165,144,21
36894,328,282,46
36895,126,112,14
36896,162,150,12
36897,179,159,20
36898,209,188,21
36899,229,190,39
36900,288,257,31
36901,262,224,38
36902,145,133,12
36903,125,119,6
36904,177,157,20
36905,146,118,28
36906,124,108,16
36907,132,115,17
36908,138,126,12
36909,330,289,41
36910,722,632,90
36911,148,131,17
36912,330,282,48
36913,121,110,11
36914,412,363,49
36915,85,77,8
36916,193,169,24
36917,103,94,9
36918,362,319,43
36919,172,145,27
36920,435,390,45
36921,130,124,6
36922,85,80,5
36923,537,481,56
36924,47,45,2
36925,142,126,16
36926,353,320,33
36927,125,110,15
36928,219,199,20
36929,332,295,37
36930,134,123,11
36931,167,153,14
36932,128,111,17
36933,148,138,10
36934,240,211,29
36935,221,197,24
36936,440,360,80
36937,295,251,44
36938,186,168,18
36939,176,165,11
36940,208,184,24
36941,153,132,21
36942,162,139,23
36943,151,134,17
36944,604,517,87
36945,256,215,41
36946,410,341,69
36947,170,148,22
36948,131,115,16
36949,207,186,21
36950,124,113,11
36951,113,100,13
36952,861,730,131
36953,228,199,29
36954,174,145,29
36955,152,134,18
36956,187,169,18
36957,528,464,64
36958,150,130,20
36959,309,274,35
36960,298,262,36
36961,154,138,16
36962,122,107,15
36963,254,219,35
36964,221,195,26
36965,130,122,8
36966,188,163,25
36967,99,81,18
36968,149,131,18
36969,299,266,33
36970,213,185,28
36971,807,693,114
36972,143,126,17
36973,242,204,38
36974,81,75,6
36975,73,65,8
36976,262,223,39
36977,40,36,4
36978,214,187,27
36979,370,321,49
36980,211,185,26
36981,872,772,100
36982,79,75,4
36983,675,589,86
36984,167,146,21
36985,43,38,5
36986,324,288,36
36987,90,83,7
36988,225,193,32
36989,248,205,43
36990,250,226,24
36991,184,161,23
36992,311,267,44
36993,235,212,23
36994,223,199,24
36995,185,162,23
36996,149,128,21
36997,178,146,32
36998,360,296,64
36999,141,114,27
37000,128,120,8
37001,104,90,14
37002,81,70,11
37003,43,36,7
37004,94,84,10
37005,146,134,12
37006,70,58,12
37007,69,59,10
37008,111,104,7
37009,165,146,19
37010,97,88,9
37011,145,129,16
37012,65,61,4
37013,64,60,4
37014,249,217,32
37015,92,84,8
37016,157,140,17
37017,57,44,13
37018,164,145,19
37019,199,171,28
37020,116,94,22
37021,386,342,44
37022,401,352,49
37023,139,124,15
37024,117,100,17
37025,155,147,8
37026,261,235,26
37027,333,299,34
37028,155,135,20
37029,614,542,72
37030,308,267,41
37031,290,255,35
37032,207,180,27
37033,248,207,41
37034,123,105,18
37035,349,306,43
37036,190,162,28
37037,183,152,31
37038,195,181,14
37039,218,193,25
37040,167,147,20
37041,114,104,10
37042,74,61,13
37043,163,141,22
37044,49,40,9
37045,121,108,13
37046,118,110,8
37047,131,119,12
37048,83,74,9
37049,243,213,30
37050,77,69,8
37051,50,46,4
37052,111,103,8
37053,98,89,9
37054,96,84,12
37055,121,109,12
37056,144,125,19
37057,172,160,12
37058,183,169,14
37059,93,84,9
37060,116,97,19
37061,213,187,26
37062,146,128,18
37063,99,81,18
37064,155,135,20
37065,374,328,46
37066,105,95,10
37067,274,234,40
37068,182,161,21
37069,66,62,4
37070,343,304,39
37071,152,128,24
37072,168,153,15
37073,244,218,26
37074,481,431,50
37075,143,130,13
37076,113,99,14
37077,594,522,72
37078,650,583,67
37079,148,133,15
37080,175,154,21
37081,75,72,3
37082,143,123,20
37083,154,143,11
37084,293,262,31
37085,338,310,28
37086,186,160,26
37087,40,35,5
37088,63,55,8
37089,162,137,25
37090,158,144,14
37091,178,152,26
37092,144,130,14
37093,118,106,12
37094,147,130,17
37095,56,48,8
37096,323,286,37
37097,140,119,21
37098,53,47,6
37099,272,230,42
37100,147,128,19
37101,286,255,31
37102,175,163,12
37103,294,256,38
37104,136,119,17
37105,106,95,11
37106,196,177,19
37107,199,170,29
37108,117,101,16
37109,93,78,15
37110,365,317,48
37111,137,120,17
37112,221,197,24
37113,382,316,66
37114,454,382,72
37115,147,132,15
37116,171,149,22
37117,98,86,12
37118,62,59,3
37119,283,241,42
37120,158,131,27
37121,141,126,15
37122,135,124,11
37123,117,106,11
37124,50,46,4
37125,141,123,18
37126,97,83,14
37127,163,124,39
37128,308,266,42
37129,112,98,14
37130,241,213,28
37131,164,151,13
37132,131,114,17
37133,102,92,10
37134,171,155,16
37135,188,171,17
37136,81,76,5
37137,142,126,16
37138,526,478,48
37139,151,130,21
37140,181,164,17
37141,127,112,15
37142,238,219,19
37143,116,104,12
37144,141,128,13
37145,845,767,78
37146,250,212,38
37147,234,209,25
37148,130,122,8
37149,159,145,14
37150,153,134,19
37151,134,128,6
37152,134,116,18
37153,67,53,14
37154,555,506,49
37155,162,156,6
37156,215,190,25
37157,518,470,48
37158,269,246,23
37159,199,177,22
37160,273,235,38
37161,152,139,13
37162,126,118,8
37163,98,90,8
37164,163,139,24
37165,191,172,19
37166,113,100,13
37167,301,280,21
37168,213,188,25
37169,145,137,8
37170,112,100,12
37171,177,151,26
37172,146,138,8
37173,582,507,75
37174,105,100,5
37175,131,113,18
37176,236,208,28
37177,235,213,22
37178,141,128,13
37179,142,125,17
37180,363,321,42
37181,443,406,37
37182,368,311,57
37183,218,200,18
37184,130,115,15
37185,196,172,24
37186,132,116,16
37187,141,131,10
37188,344,303,41
37189,128,115,13
37190,264,236,28
37191,47,44,3
37192,297,266,31
37193,99,86,13
37194,163,134,29
37195,421,365,56
37196,409,353,56
37197,129,106,23
37198,144,131,13
37199,202,178,24
37200,92,84,8
37201,131,122,9
37202,158,146,12
37203,282,244,38
37204,163,135,28
37205,166,146,20
37206,223,197,26
37207,255,229,26
37208,522,457,65
37209,806,705,101
37210,176,161,15
37211,49,44,5
37212,92,82,10
37213,589,513,76
37214,541,462,79
37215,102,87,15
37216,119,104,15
37217,121,107,14
37218,112,101,11
37219,623,545,78
37220,171,162,9
37221,300,253,47
37222,129,111,18
37223,105,90,15
37224,108,91,17
37225,417,349,68
37226,377,325,52
37227,111,99,12
37228,180,157,23
37229,420,374,46
37230,161,137,24
37231,146,126,20
37232,128,112,16
37233,300,260,40
37234,118,108,10
37235,165,148,17
37236,157,135,22
37237,45,41,4
37238,168,151,17
37239,137,120,17
37240,45,41,4
37241,367,304,63
37242,239,210,29
37243,131,112,19
37244,247,234,13
37245,206,178,28
37246,158,140,18
37247,74,66,8
37248,166,138,28
37249,177,152,25
37250,458,393,65
37251,387,336,51
37252,81,68,13
37253,135,115,20
37254,153,126,27
37255,119,111,8
37256,365,313,52
37257,108,92,16
37258,159,139,20
37259,86,75,11
37260,244,210,34
37261,32,26,6
37262,69,62,7
37263,132,121,11
37264,69,58,11
37265,147,133,14
37266,83,79,4
37267,190,169,21
37268,120,105,15
37269,45,38,7
37270,103,85,18
37271,466,408,58
37272,76,70,6
37273,92,81,11
37274,88,76,12
37275,68,63,5
37276,328,292,36
37277,284,255,29
37278,232,196,36
37279,159,143,16
37280,167,146,21
37281,387,354,33
37282,144,122,22
37283,107,93,14
37284,155,147,8
37285,266,248,18
37286,213,189,24
37287,176,154,22
37288,151,139,12
37289,282,239,43
37290,137,118,19
37291,49,44,5
37292,189,164,25
37293,198,166,32
37294,167,136,31
37295,47,39,8
37296,189,148,41
37297,201,181,20
37298,420,366,54
37299,152,129,23
37300,541,477,64
37301,102,90,12
37302,400,352,48
37303,879,804,75
37304,189,173,16
37305,135,125,10
37306,100,89,11
37307,257,220,37
37308,155,134,21
37309,74,67,7
37310,137,124,13
37311,125,118,7
37312,313,281,32
37313,194,174,20
37314,287,252,35
37315,348,304,44
37316,152,126,26
37317,352,303,49
37318,127,103,24
37319,562,466,96
37320,156,140,16
37321,473,389,84
37322,972,831,141
37323,143,123,20
37324,124,107,17
37325,359,294,65
37326,667,602,65
37327,207,182,25
37328,140,132,8
37329,474,410,64
37330,222,182,40
37331,41,37,4
37332,180,165,15
37333,281,249,32
37334,201,183,18
37335,796,694,102
37336,220,188,32
37337,64,51,13
37338,99,92,7
37339,985,830,155
37340,54,48,6
37341,144,133,11
37342,146,130,16
37343,426,362,64
37344,171,152,19
37345,405,353,52
37346,456,405,51
37347,107,96,11
37348,359,311,48
37349,493,434,59
37350,127,111,16
37351,152,131,21
37352,88,79,9
37353,99,88,11
37354,117,107,10
37355,102,92,10
37356,58,51,7
37357,85,83,2
37358,528,476,52
37359,159,142,17
37360,133,117,16
37361,228,211,17
37362,47,40,7
37363,124,113,11
37364,57,48,9
37365,122,111,11
37366,125,111,14
37367,126,112,14
37368,136,117,19
37369,111,102,9
37370,131,111,20
37371,232,192,40
37372,239,207,32
37373,134,120,14
37374,190,166,24
37375,212,174,38
37376,117,103,14
37377,417,371,46
37378,117,103,14
37379,172,156,16
37380,162,136,26
37381,150,127,23
37382,240,213,27
37383,175,158,17
37384,123,102,21
37385,128,114,14
37386,234,207,27
37387,43,39,4
37388,123,108,15
37389,143,124,19
37390,137,116,21
37391,299,269,30
37392,130,114,16
37393,148,129,19
37394,327,279,48
37395,259,223,36
37396,398,352,46
37397,300,273,27
37398,383,339,44
37399,194,170,24
37400,386,354,32
37401,131,113,18
37402,202,175,27
37403,499,435,64
37404,174,150,24
37405,134,113,21
37406,683,584,99
37407,388,330,58
37408,813,710,103
37409,226,192,34
37410,458,402,56
37411,129,116,13
37412,115,97,18
37413,532,430,102
37414,575,487,88
37415,285,249,36
37416,109,98,11
37417,230,205,25
37418,368,309,59
37419,236,201,35
37420,241,212,29
37421,436,367,69
37422,371,323,48
37423,273,236,37
37424,271,230,41
37425,488,430,58
37426,569,511,58
37427,203,179,24
37428,218,190,28
37429,782,679,103
37430,413,341,72
37431,226,192,34
37432,388,337,51
37433,66,54,12
37434,764,681,83
37435,220,178,42
37436,721,648,73
37437,243,222,21
37438,123,110,13
37439,117,107,10
37440,355,311,44
37441,282,245,37
37442,360,302,58
37443,121,105,16
37444,94,82,12
37445,467,411,56
37446,222,190,32
37447,135,118,17
37448,320,283,37
37449,352,284,68
37450,275,235,40
37451,343,293,50
37452,997,872,125
37453,253,222,31
37454,321,283,38
37455,130,111,19
37456,169,155,14
37457,348,296,52
37458,1163,1012,151
37459,473,402,71
37460,161,135,26
37461,810,663,147
37462,131,115,16
37463,215,183,32
37464,167,146,21
37465,308,267,41
37466,112,99,13
37467,547,464,83
37468,372,313,59
37469,1188,1034,154
37470,142,126,16
37471,140,125,15
37472,148,132,16
37473,208,180,28
37474,182,164,18
37475,820,694,126
37476,238,208,30
37477,173,154,19
37478,182,152,30
37479,123,99,24
37480,231,208,23
37481,350,305,45
37482,187,168,19
37483,495,422,73
37484,164,145,19
37485,132,120,12
37486,125,109,16
37487,136,121,15
37488,481,417,64
37489,183,164,19
37490,129,119,10
37491,151,130,21
37492,387,342,45
37493,163,141,22
37494,480,416,64
37495,121,109,12
37496,115,99,16
37497,699,602,97
37498,162,142,20
37499,218,191,27
37500,171,150,21
37501,241,217,24
37502,224,198,26
37503,319,280,39
37504,237,205,32
37505,118,106,12
37506,163,138,25
37507,144,126,18
37508,129,106,23
37509,167,149,18
37510,112,98,14
37511,339,279,60
37512,254,217,37
37513,112,101,11
37514,192,172,20
37515,210,185,25
37516,151,131,20
37517,199,173,26
37518,354,316,38
37519,83,73,10
37520,69,61,8
37521,184,170,14
37522,566,512,54
37523,345,283,62
37524,266,240,26
37525,237,210,27
37526,193,175,18
37527,707,617,90
37528,468,416,52
37529,270,231,39
37530,140,119,21
37531,157,140,17
37532,366,320,46
37533,230,204,26
37534,338,302,36
37535,257,219,38
37536,304,278,26
37537,128,116,12
37538,355,316,39
37539,215,194,21
37540,128,117,11
37541,116,106,10
37542,194,174,20
37543,472,424,48
37544,235,213,22
37545,122,108,14
37546,872,796,76
37547,116,110,6
37548,248,221,27
37549,136,117,19
37550,134,116,18
37551,271,239,32
37552,263,234,29
37553,55,48,7
37554,125,116,9
37555,123,110,13
37556,618,539,79
37557,32,27,5
37558,295,268,27
37559,205,177,28
37560,121,112,9
37561,106,88,18
37562,154,136,18
37563,144,120,24
37564,387,341,46
37565,218,196,22
37566,99,90,9
37567,146,126,20
37568,99,83,16
37569,153,136,17
37570,73,61,12
37571,51,47,4
37572,296,258,38
37573,32,28,4
37574,790,695,95
37575,182,159,23
37576,197,170,27
37577,165,152,13
37578,159,147,12
37579,164,145,19
37580,82,74,8
37581,111,97,14
37582,83,81,2
37583,240,220,20
37584,207,180,27
37585,260,228,32
37586,98,84,14
37587,82,70,12
37588,196,162,34
37589,117,105,12
37590,104,94,10
37591,431,391,40
37592,131,120,11
37593,154,140,14
37594,440,378,62
37595,189,175,14
37596,160,143,17
37597,81,72,9
37598,42,41,1
37599,105,94,11
37600,114,101,13
37601,104,98,6
37602,263,234,29
37603,43,37,6
37604,137,125,12
37605,226,184,42
37606,117,109,8
37607,182,161,21
37608,124,108,16
37609,293,262,31
37610,317,287,30
37611,216,186,30
37612,160,141,19
37613,59,53,6
37614,344,313,31
37615,126,112,14
37616,152,141,11
37617,360,319,41
37618,162,153,9
37619,119,101,18
37620,212,192,20
37621,211,193,18
37622,411,357,54
37623,219,193,26
37624,416,373,43
37625,206,186,20
37626,178,160,18
37627,119,105,14
37628,258,215,43
37629,178,154,24
37630,162,145,17
37631,321,297,24
37632,107,96,11
37633,90,77,13
37634,308,268,40
37635,111,98,13
37636,166,144,22
37637,523,454,69
37638,492,423,69
37639,142,129,13
37640,154,136,18
37641,119,109,10
37642,190,170,20
37643,127,117,10
37644,171,151,20
37645,252,223,29
37646,184,164,20
37647,239,211,28
37648,870,750,120
37649,311,265,46
37650,251,228,23
37651,239,222,17
37652,307,276,31
37653,131,114,17
37654,119,103,16
37655,157,136,21
37656,157,134,23
37657,147,129,18
37658,161,138,23
37659,395,327,68
37660,138,125,13
37661,227,194,33
37662,128,112,16
37663,472,433,39
37664,61,56,5
37665,195,177,18
37666,252,223,29
37667,104,94,10
37668,128,117,11
37669,189,176,13
37670,241,211,30
37671,192,175,17
37672,462,401,61
37673,132,113,19
37674,559,506,53
37675,319,275,44
37676,444,388,56
37677,426,372,54
37678,92,79,13
37679,62,51,11
37680,326,295,31
37681,584,512,72
37682,358,310,48
37683,224,194,30
37684,380,339,41
37685,99,88,11
37686,138,122,16
37687,116,86,30
37688,38,33,5
37689,150,137,13
37690,316,294,22
37691,161,140,21
37692,107,96,11
37693,166,144,22
37694,149,136,13
37695,96,84,12
37696,459,411,48
37697,191,164,27
37698,784,697,87
37699,82,62,20
37700,157,140,17
37701,152,134,18
37702,366,339,27
37703,642,571,71
37704,407,369,38
37705,196,181,15
37706,106,100,6
37707,159,142,17
37708,200,172,28
37709,152,139,13
37710,679,607,72
37711,163,148,15
37712,242,212,30
37713,158,142,16
37714,172,151,21
37715,134,117,17
37716,267,247,20
37717,106,96,10
37718,237,211,26
37719,141,126,15
37720,153,140,13
37721,68,64,4
37722,230,203,27
37723,172,152,20
37724,111,99,12
37725,145,122,23
37726,60,54,6
37727,65,57,8
37728,166,143,23
37729,83,73,10
37730,322,289,33
37731,110,103,7
37732,169,158,11
37733,89,77,12
37734,58,53,5
37735,143,126,17
37736,153,136,17
37737,278,243,35
37738,154,129,25
37739,441,395,46
37740,167,155,12
37741,783,702,81
37742,135,118,17
37743,61,53,8
37744,185,155,30
37745,844,739,105
37746,165,154,11
37747,136,117,19
37748,210,186,24
37749,354,314,40
37750,117,96,21
37751,94,82,12
37752,201,184,17
37753,126,114,12
37754,105,89,16
37755,119,96,23
37756,127,122,5
37757,254,217,37
37758,239,210,29
37759,194,176,18
37760,350,305,45
37761,138,122,16
37762,182,163,19
37763,278,245,33
37764,390,343,47
37765,135,116,19
37766,124,106,18
37767,141,124,17
37768,413,354,59
37769,221,206,15
37770,500,462,38
37771,238,197,41
37772,104,94,10
37773,478,425,53
37774,293,266,27
37775,106,94,12
37776,213,192,21
37777,368,338,30
37778,49,40,9
37779,208,188,20
37780,98,86,12
37781,248,216,32
37782,401,348,53
37783,109,99,10
37784,48,45,3
37785,152,133,19
37786,60,58,2
37787,154,141,13
37788,471,411,60
37789,100,95,5
37790,151,138,13
37791,541,478,63
37792,129,112,17
37793,117,108,9
37794,268,245,23
37795,220,193,27
37796,426,371,55
37797,193,173,20
37798,96,84,12
37799,136,113,23
37800,108,97,11
37801,144,137,7
37802,294,265,29
37803,114,104,10
37804,159,147,12
37805,138,120,18
37806,124,104,20
37807,203,189,14
37808,452,389,63
37809,65,52,13
37810,74,64,10
37811,604,536,68
37812,141,130,11
37813,123,116,7
37814,177,156,21
37815,413,371,42
37816,254,221,33
37817,130,111,19
37818,143,126,17
37819,101,93,8
37820,212,183,29
37821,406,351,55
37822,575,525,50
37823,309,276,33
37824,999,914,85
37825,162,145,17
37826,359,328,31
37827,390,350,40
37828,131,116,15
37829,364,319,45
37830,247,217,30
37831,138,121,17
37832,135,113,22
37833,208,183,25
37834,126,113,13
37835,303,274,29
37836,459,402,57
37837,272,249,23
37838,162,141,21
37839,141,128,13
37840,336,306,30
37841,308,272,36
37842,141,127,14
37843,144,129,15
37844,146,129,17
37845,206,183,23
37846,122,110,12
37847,81,70,11
37848,52,47,5
37849,254,230,24
37850,98,87,11
37851,123,108,15
37852,109,103,6
37853,213,197,16
37854,646,578,68
37855,411,358,53
37856,179,162,17
37857,214,201,13
37858,379,346,33
37859,152,143,9
37860,835,771,64
37861,113,101,12
37862,135,122,13
37863,164,153,11
37864,69,65,4
37865,120,113,7
37866,339,290,49
37867,162,150,12
37868,368,332,36
37869,185,164,21
37870,86,82,4
37871,159,147,12
37872,174,155,19
37873,172,152,20
37874,192,173,19
37875,219,197,22
37876,126,110,16
37877,179,160,19
37878,152,138,14
37879,136,121,15
37880,178,158,20
37881,683,620,63
37882,114,100,14
37883,111,103,8
37884,262,230,32
37885,239,200,39
37886,176,148,28
37887,134,125,9
37888,98,90,8
37889,123,105,18
37890,235,208,27
37891,146,134,12
37892,327,283,44
37893,249,219,30
37894,141,124,17
37895,334,286,48
37896,377,346,31
37897,144,129,15
37898,145,136,9
37899,742,643,99
37900,121,113,8
37901,150,140,10
37902,113,102,11
37903,147,138,9
37904,135,124,11
37905,148,136,12
37906,162,142,20
37907,211,183,28
37908,424,371,53
37909,229,191,38
37910,355,324,31
37911,124,112,12
37912,468,414,54
37913,195,181,14
37914,257,232,25
37915,136,120,16
37916,121,107,14
37917,298,277,21
37918,44,39,5
37919,656,563,93
37920,117,104,13
37921,170,150,20
37922,483,434,49
37923,309,277,32
37924,131,110,21
37925,203,184,19
37926,197,174,23
37927,110,97,13
37928,763,686,77
37929,123,110,13
37930,181,160,21
37931,188,174,14
37932,50,41,9
37933,182,163,19
37934,517,454,63
37935,378,334,44
37936,172,150,22
37937,148,137,11
37938,267,231,36
37939,247,218,29
37940,131,120,11
37941,164,136,28
37942,162,141,21
37943,46,39,7
37944,256,231,25
37945,182,152,30
37946,186,158,28
37947,118,98,20
37948,485,429,56
37949,64,57,7
37950,173,148,25
37951,169,156,13
37952,250,214,36
37953,226,200,26
37954,126,111,15
37955,668,588,80
37956,126,111,15
37957,415,362,53
37958,54,49,5
37959,158,139,19
37960,116,106,10
37961,155,136,19
37962,401,347,54
37963,632,540,92
37964,209,187,22
37965,316,277,39
37966,336,296,40
37967,63,57,6
37968,260,232,28
37969,766,659,107
37970,378,329,49
37971,73,67,6
37972,71,58,13
37973,137,111,26
37974,163,134,29
37975,154,130,24
37976,130,112,18
37977,114,100,14
37978,568,500,68
37979,106,95,11
37980,123,108,15
37981,141,128,13
37982,198,180,18
37983,160,142,18
37984,122,104,18
37985,88,82,6
37986,61,57,4
37987,139,121,18
37988,120,105,15
37989,114,106,8
37990,115,103,12
37991,178,156,22
37992,46,42,4
37993,117,106,11
37994,150,136,14
37995,349,303,46
37996,374,342,32
37997,328,300,28
37998,317,277,40
37999,257,224,33
38000,157,141,16
38001,151,139,12
38002,265,244,21
38003,104,95,9
38004,127,116,11
38005,158,143,15
38006,128,113,15
38007,132,118,14
38008,187,165,22
38009,150,135,15
38010,267,237,30
38011,141,126,15
38012,146,134,12
38013,500,435,65
38014,110,103,7
38015,201,178,23
38016,168,151,17
38017,269,250,19
38018,322,299,23
38019,176,156,20
38020,140,128,12
38021,158,139,19
38022,911,829,82
38023,304,275,29
38024,251,216,35
38025,161,152,9
38026,349,316,33
38027,139,132,7
38028,318,281,37
38029,163,143,20
38030,430,383,47
38031,336,281,55
38032,121,109,12
38033,437,386,51
38034,175,155,20
38035,200,183,17
38036,181,161,20
38037,278,254,24
38038,183,160,23
38039,148,137,11
38040,208,189,19
38041,214,188,26
38042,310,269,41
38043,169,151,18
38044,91,83,8
38045,117,105,12
38046,137,128,9
38047,143,127,16
38048,193,169,24
38049,247,221,26
38050,163,149,14
38051,315,279,36
38052,131,122,9
38053,123,113,10
38054,596,548,48
38055,358,318,40
38056,323,292,31
38057,294,271,23
38058,197,179,18
38059,238,217,21
38060,118,108,10
38061,154,144,10
38062,162,149,13
38063,158,141,17
38064,200,181,19
38065,164,153,11
38066,358,312,46
38067,471,427,44
38068,161,146,15
38069,168,157,11
38070,205,178,27
38071,315,288,27
38072,131,119,12
38073,215,205,10
38074,236,213,23
38075,502,457,45
38076,202,186,16
38077,73,65,8
38078,111,101,10
38079,148,134,14
38080,91,84,7
38081,172,154,18
38082,89,83,6
38083,163,146,17
38084,109,103,6
38085,197,173,24
38086,222,198,24
38087,181,155,26
38088,450,389,61
38089,148,132,16
38090,288,253,35
38091,77,68,9
38092,92,86,6
38093,165,145,20
38094,197,173,24
38095,44,39,5
38096,234,198,36
38097,465,405,60
38098,170,149,21
38099,418,374,44
38100,307,276,31
38101,906,810,96
38102,486,421,65
38103,225,208,17
38104,304,258,46
38105,106,95,11
38106,57,50,7
38107,134,122,12
38108,273,242,31
38109,746,641,105
38110,130,122,8
38111,63,60,3
38112,122,112,10
38113,158,141,17
38114,201,181,20
38115,169,155,14
38116,324,289,35
38117,207,183,24
38118,176,158,18
38119,457,392,65
38120,621,544,77
38121,191,173,18
38122,174,158,16
38123,341,313,28
38124,181,154,27
38125,165,139,26
38126,203,187,16
38127,663,564,99
38128,235,209,26
38129,108,88,20
38130,71,67,4
38131,182,165,17
38132,137,117,20
38133,172,155,17
38134,286,259,27
38135,136,122,14
38136,218,195,23
38137,266,233,33
38138,172,155,17
38139,127,116,11
38140,138,129,9
38141,423,384,39
38142,533,472,61
38143,153,136,17
38144,141,123,18
38145,139,125,14
38146,222,203,19
38147,615,554,61
38148,173,150,23
38149,310,288,22
38150,233,211,22
38151,84,75,9
38152,100,90,10
38153,142,127,15
38154,160,148,12
38155,59,53,6
38156,239,212,27
38157,243,212,31
38158,392,358,34
38159,172,151,21
38160,160,148,12
38161,217,179,38
38162,48,41,7
38163,78,68,10
38164,145,129,16
38165,141,131,10
38166,126,116,10
38167,133,124,9
38168,633,548,85
38169,35,31,4
38170,146,127,19
38171,141,124,17
38172,139,124,15
38173,159,148,11
38174,80,71,9
38175,66,59,7
38176,166,147,19
38177,172,152,20
38178,66,57,9
38179,169,151,18
38180,293,259,34
38181,270,231,39
38182,159,142,17
38183,224,195,29
38184,61,55,6
38185,122,108,14
38186,538,470,68
38187,541,488,53
38188,182,159,23
38189,135,111,24
38190,177,155,22
38191,132,123,9
38192,232,218,14
38193,190,169,21
38194,325,286,39
38195,369,337,32
38196,151,130,21
38197,168,158,10
38198,175,163,12
38199,130,114,16
38200,168,156,12
38201,111,99,12
38202,135,128,7
38203,134,121,13
38204,277,241,36
38205,117,107,10
38206,143,127,16
38207,251,230,21
38208,194,171,23
38209,126,109,17
38210,323,290,33
38211,558,481,77
38212,107,94,13
38213,209,180,29
38214,92,89,3
38215,576,517,59
38216,119,101,18
38217,325,290,35
38218,180,158,22
38219,315,268,47
38220,547,481,66
38221,306,271,35
38222,311,269,42
38223,392,348,44
38224,266,238,28
38225,255,221,34
38226,132,117,15
38227,149,128,21
38228,232,195,37
38229,211,185,26
38230,119,104,15
38231,447,396,51
38232,298,265,33
38233,454,382,72
38234,286,258,28
38235,214,195,19
38236,110,100,10
38237,166,138,28
38238,145,129,16
38239,157,147,10
38240,605,516,89
38241,188,161,27
38242,128,115,13
38243,201,178,23
38244,258,222,36
38245,173,155,18
38246,304,265,39
38247,249,220,29
38248,186,164,22
38249,63,57,6
38250,56,50,6
38251,59,54,5
38252,54,49,5
38253,524,449,75
38254,123,116,7
38255,647,553,94
38256,44,42,2
38257,131,117,14
38258,184,161,23
38259,102,86,16
38260,407,362,45
38261,127,122,5
38262,331,291,40
38263,51,49,2
38264,347,307,40
38265,717,647,70
38266,307,274,33
38267,213,187,26
38268,153,133,20
38269,790,655,135
38270,110,98,12
38271,139,130,9
38272,131,121,10
38273,140,123,17
38274,156,137,19
38275,110,99,11
38276,246,221,25
38277,446,373,73
38278,357,321,36
38279,71,66,5
38280,200,176,24
38281,106,93,13
38282,79,69,10
38283,162,144,18
38284,375,338,37
38285,354,314,40
38286,202,182,20
38287,275,252,23
38288,476,421,55
38289,103,90,13
38290,110,100,10
38291,248,220,28
38292,399,351,48
38293,131,117,14
38294,113,101,12
38295,207,180,27
38296,153,131,22
38297,153,136,17
38298,389,339,50
38299,222,201,21
38300,165,137,28
38301,328,291,37
38302,344,302,42
38303,174,166,8
38304,145,130,15
38305,136,123,13
38306,172,152,20
38307,295,264,31
38308,274,243,31
38309,359,312,47
38310,716,625,91
38311,165,146,19
38312,103,91,12
38313,189,160,29
38314,253,222,31
38315,190,172,18
38316,94,84,10
38317,344,290,54
38318,190,169,21
38319,111,97,14
38320,141,120,21
38321,357,321,36
38322,112,102,10
38323,362,319,43
38324,555,489,66
38325,190,174,16
38326,147,133,14
38327,217,189,28
38328,152,136,16
38329,126,109,17
38330,140,126,14
38331,272,233,39
38332,526,469,57
38333,130,120,10
38334,171,152,19
38335,158,143,15
38336,124,108,16
38337,116,104,12
38338,295,242,53
38339,314,282,32
38340,104,93,11
38341,283,249,34
38342,121,110,11
38343,130,112,18
38344,112,98,14
38345,152,136,16
38346,96,88,8
38347,167,154,13
38348,435,379,56
38349,309,279,30
38350,99,87,12
38351,109,93,16
38352,74,67,7
38353,448,410,38
38354,185,160,25
38355,139,125,14
38356,142,126,16
38357,149,121,28
38358,201,179,22
38359,262,238,24
38360,178,159,19
38361,235,208,27
38362,219,194,25
38363,423,381,42
38364,43,38,5
38365,445,397,48
38366,125,107,18
38367,184,163,21
38368,146,131,15
38369,43,41,2
38370,1017,889,128
38371,126,112,14
38372,298,271,27
38373,141,116,25
38374,193,168,25
38375,292,245,47
38376,150,134,16
38377,144,127,17
38378,274,237,37
38379,147,121,26
38380,173,155,18
38381,116,102,14
38382,192,176,16
38383,227,203,24
38384,196,168,28
38385,132,121,11
38386,379,341,38
38387,740,665,75
38388,176,157,19
38389,99,89,10
38390,100,89,11
38391,131,120,11
38392,124,112,12
38393,459,393,66
38394,110,101,9
38395,197,176,21
38396,151,131,20
38397,48,41,7
38398,545,481,64
38399,324,280,44
38400,352,302,50
38401,135,121,14
38402,154,133,21
38403,111,101,10
38404,147,133,14
38405,749,679,70
38406,250,225,25
38407,127,118,9
38408,141,128,13
38409,150,135,15
38410,41,40,1
38411,353,308,45
38412,735,670,65
38413,692,604,88
38414,124,111,13
38415,472,434,38
38416,133,109,24
38417,683,613,70
38418,186,169,17
38419,105,85,20
38420,121,110,11
38421,221,196,25
38422,133,125,8
38423,165,152,13
38424,153,141,12
38425,118,103,15
38426,52,46,6
38427,162,143,19
38428,336,299,37
38429,86,80,6
38430,226,199,27
38431,116,105,11
38432,125,109,16
38433,171,148,23
38434,49,45,4
38435,215,189,26
38436,231,205,26
38437,142,131,11
38438,143,130,13
38439,104,88,16
38440,433,388,45
38441,102,92,10
38442,453,403,50
38443,84,72,12
38444,110,93,17
38445,470,406,64
38446,191,177,14
38447,159,134,25
38448,139,124,15
38449,208,181,27
38450,134,117,17
38451,143,122,21
38452,352,314,38
38453,137,120,17
38454,195,174,21
38455,139,120,19
38456,247,212,35
38457,126,114,12
38458,124,110,14
38459,148,133,15
38460,450,390,60
38461,240,216,24
38462,198,177,21
38463,178,162,16
38464,218,193,25
38465,115,102,13
38466,309,270,39
38467,389,363,26
38468,178,164,14
38469,157,136,21
38470,382,332,50
38471,177,160,17
38472,201,178,23
38473,569,490,79
38474,110,99,11
38475,307,278,29
38476,51,43,8
38477,105,93,12
38478,264,235,29
38479,174,153,21
38480,821,745,76
38481,189,167,22
38482,174,156,18
38483,245,215,30
38484,131,120,11
38485,268,240,28
38486,187,165,22
38487,333,290,43
38488,210,184,26
38489,122,109,13
38490,202,183,19
38491,441,384,57
38492,1018,913,105
38493,146,127,19
38494,714,634,80
38495,229,199,30
38496,163,145,18
38497,360,319,41
38498,147,138,9
38499,219,196,23
38500,160,145,15
38501,482,424,58
38502,173,158,15
38503,166,151,15
38504,262,238,24
38505,151,131,20
38506,84,75,9
38507,132,119,13
38508,142,127,15
38509,174,153,21
38510,195,179,16
38511,147,125,22
38512,154,133,21
38513,531,456,75
38514,133,118,15
38515,187,159,28
38516,296,257,39
38517,480,402,78
38518,270,237,33
38519,689,610,79
38520,346,304,42
38521,191,171,20
38522,286,255,31
38523,112,99,13
38524,152,140,12
38525,289,255,34
38526,201,180,21
38527,138,119,19
38528,288,257,31
38529,155,138,17
38530,338,299,39
38531,175,155,20
38532,108,99,9
38533,190,170,20
38534,32,24,8
38535,117,102,15
38536,236,210,26
38537,68,61,7
38538,463,417,46
38539,150,127,23
38540,105,88,17
38541,268,245,23
38542,193,171,22
38543,66,61,5
38544,81,74,7
38545,653,578,75
38546,283,248,35
38547,102,90,12
38548,305,260,45
38549,284,247,37
38550,165,148,17
38551,91,83,8
38552,45,35,10
38553,174,140,34
38554,140,125,15
38555,441,391,50
38556,164,151,13
38557,214,179,35
38558,170,159,11
38559,300,266,34
38560,247,219,28
38561,143,125,18
38562,441,394,47
38563,217,191,26
38564,416,380,36
38565,89,84,5
38566,157,134,23
38567,341,297,44
38568,510,446,64
38569,188,166,22
38570,179,169,10
38571,127,118,9
38572,395,346,49
38573,241,216,25
38574,218,202,16
38575,294,249,45
38576,205,184,21
38577,292,257,35
38578,137,115,22
38579,99,89,10
38580,72,60,12
38581,177,147,30
38582,198,174,24
38583,48,44,4
38584,126,109,17
38585,165,150,15
38586,245,216,29
38587,135,113,22
38588,143,134,9
38589,35,31,4
38590,276,236,40
38591,109,98,11
38592,83,75,8
38593,153,141,12
38594,82,72,10
38595,73,68,5
38596,362,328,34
38597,155,133,22
38598,436,395,41
38599,136,124,12
38600,135,118,17
38601,208,187,21
38602,133,117,16
38603,119,100,19
38604,50,49,1
38605,60,56,4
38606,157,145,12
38607,71,70,1
38608,166,153,13
38609,228,204,24
38610,266,229,37
38611,1017,919,98
38612,145,132,13
38613,137,121,16
38614,624,555,69
38615,190,174,16
38616,143,122,21
38617,126,114,12
38618,151,133,18
38619,245,207,38
38620,188,163,25
38621,114,103,11
38622,427,382,45
38623,103,92,11
38624,58,54,4
38625,245,222,23
38626,277,248,29
38627,432,392,40
38628,91,75,16
38629,56,49,7
38630,90,78,12
38631,112,104,8
38632,48,46,2
38633,352,306,46
38634,138,124,14
38635,412,364,48
38636,422,365,57
38637,255,224,31
38638,128,109,19
38639,446,393,53
38640,194,176,18
38641,129,113,16
38642,126,113,13
38643,119,108,11
38644,172,155,17
38645,120,107,13
38646,160,145,15
38647,145,113,32
38648,122,103,19
38649,158,141,17
38650,129,114,15
38651,702,604,98
38652,189,176,13
38653,752,689,63
38654,346,316,30
38655,345,304,41
38656,366,331,35
38657,160,132,28
38658,127,117,10
38659,656,604,52
38660,164,143,21
38661,152,142,10
38662,195,170,25
38663,193,173,20
38664,466,410,56
38665,463,410,53
38666,378,323,55
38667,495,433,62
38668,255,235,20
38669,251,220,31
38670,52,48,4
38671,182,160,22
38672,125,106,19
38673,429,383,46
38674,131,112,19
38675,186,169,17
38676,553,501,52
38677,155,135,20
38678,156,145,11
38679,135,119,16
38680,109,92,17
38681,167,151,16
38682,133,123,10
38683,292,265,27
38684,357,327,30
38685,363,333,30
38686,123,108,15
38687,300,270,30
38688,183,173,10
38689,599,530,69
38690,118,108,10
38691,156,145,11
38692,168,153,15
38693,256,232,24
38694,134,122,12
38695,295,259,36
38696,272,237,35
38697,959,866,93
38698,330,300,30
38699,201,178,23
38700,223,197,26
38701,291,269,22
38702,272,239,33
38703,195,184,11
38704,263,238,25
38705,119,108,11
38706,464,409,55
38707,131,115,16
38708,146,127,19
38709,441,398,43
38710,410,372,38
38711,733,649,84
38712,31,26,5
38713,143,125,18
38714,62,50,12
38715,54,46,8
38716,147,129,18
38717,139,121,18
38718,48,40,8
38719,128,118,10
38720,502,454,48
38721,970,884,86
38722,168,149,19
38723,207,184,23
38724,162,142,20
38725,129,110,19
38726,65,59,6
38727,226,202,24
38728,152,132,20
38729,131,117,14
38730,238,218,20
38731,203,176,27
38732,118,103,15
38733,161,150,11
38734,381,340,41
38735,393,359,34
38736,323,287,36
38737,133,120,13
38738,199,184,15
38739,118,103,15
38740,146,132,14
38741,99,87,12
38742,164,144,20
38743,313,277,36
38744,200,180,20
38745,225,203,22
38746,208,182,26
38747,135,117,18
38748,308,281,27
38749,257,218,39
38750,421,389,32
38751,268,235,33
38752,312,280,32
38753,140,131,9
38754,82,76,6
38755,263,240,23
38756,40,34,6
38757,59,51,8
38758,112,101,11
38759,144,131,13
38760,666,598,68
38761,54,49,5
38762,304,273,31
38763,89,82,7
38764,89,82,7
38765,138,117,21
38766,194,178,16
38767,74,68,6
38768,123,105,18
38769,156,140,16
38770,234,194,40
38771,105,92,13
38772,148,135,13
38773,159,139,20
38774,135,112,23
38775,78,71,7
38776,53,50,3
38777,327,290,37
38778,214,195,19
38779,110,98,12
38780,123,106,17
38781,39,36,3
38782,56,52,4
38783,287,265,22
38784,151,132,19
38785,395,336,59
38786,745,664,81
38787,102,92,10
38788,315,278,37
38789,943,829,114
38790,126,114,12
38791,140,124,16
38792,281,247,34
38793,154,139,15
38794,302,268,34
38795,242,218,24
38796,96,87,9
38797,174,157,17
38798,179,161,18
38799,451,409,42
38800,209,184,25
38801,203,185,18
38802,116,110,6
38803,389,352,37
38804,217,184,33
38805,672,612,60
38806,138,122,16
38807,155,133,22
38808,179,162,17
38809,203,174,29
38810,139,122,17
38811,563,490,73
38812,488,419,69
38813,123,108,15
38814,166,150,16
38815,88,79,9
38816,292,245,47
38817,174,144,30
38818,371,322,49
38819,164,143,21
38820,293,251,42
38821,321,292,29
38822,284,248,36
38823,540,494,46
38824,278,241,37
38825,355,328,27
38826,429,387,42
38827,121,111,10
38828,115,104,11
38829,298,268,30
38830,369,321,48
38831,351,304,47
38832,141,130,11
38833,256,225,31
38834,180,154,26
38835,639,549,90
38836,122,112,10
38837,419,350,69
38838,170,146,24
38839,133,116,17
38840,166,153,13
38841,110,104,6
38842,97,83,14
38843,640,581,59
38844,154,135,19
38845,215,190,25
38846,79,68,11
38847,54,52,2
38848,32,31,1
38849,193,181,12
38850,301,272,29
38851,314,267,47
38852,190,167,23
38853,262,230,32
38854,61,56,5
38855,217,184,33
38856,204,187,17
38857,93,84,9
38858,192,170,22
38859,52,49,3
38860,126,114,12
38861,96,85,11
38862,84,77,7
38863,342,298,44
38864,159,137,22
38865,190,169,21
38866,144,131,13
38867,255,222,33
38868,181,161,20
38869,81,70,11
38870,183,157,26
38871,744,643,101
38872,206,185,21
38873,134,118,16
38874,145,131,14
38875,201,155,46
38876,130,108,22
38877,114,97,17
38878,571,519,52
38879,652,574,78
38880,152,136,16
38881,160,145,15
38882,410,379,31
38883,118,108,10
38884,189,164,25
38885,172,143,29
38886,146,129,17
38887,99,88,11
38888,218,199,19
38889,56,53,3
38890,157,141,16
38891,134,115,19
38892,186,164,22
38893,151,120,31
38894,158,133,25
38895,132,109,23
38896,268,246,22
38897,214,195,19
38898,192,163,29
38899,73,69,4
38900,211,183,28
38901,369,319,50
38902,367,321,46
38903,298,270,28
38904,342,310,32
38905,197,180,17
38906,197,180,17
38907,197,180,17
38908,81,78,3
38909,144,120,24
38910,214,194,20
38911,144,130,14
38912,319,272,47
38913,143,125,18
38914,139,124,15
38915,222,188,34
38916,357,304,53
38917,458,416,42
38918,514,456,58
38919,113,98,15
38920,112,96,16
38921,153,133,20
38922,302,252,50
38923,116,99,17
38924,443,389,54
38925,749,660,89
38926,323,278,45
38927,238,205,33
38928,354,320,34
38929,159,139,20
38930,51,47,4
38931,471,411,60
38932,152,138,14
38933,67,54,13
38934,48,43,5
38935,123,117,6
38936,360,327,33
38937,311,269,42
38938,360,326,34
38939,179,157,22
38940,169,133,36
38941,278,244,34
38942,915,783,132
38943,155,137,18
38944,189,172,17
38945,305,272,33
38946,373,322,51
38947,546,486,60
38948,33,28,5
38949,89,81,8
38950,129,113,16
38951,123,110,13
38952,72,65,7
38953,186,165,21
38954,99,86,13
38955,133,120,13
38956,197,174,23
38957,157,145,12
38958,42,39,3
38959,230,208,22
38960,103,90,13
38961,171,147,24
38962,168,143,25
38963,189,183,6
38964,35,31,4
38965,130,119,11
38966,127,112,15
38967,154,139,15
38968,145,131,14
38969,164,146,18
38970,119,109,10
38971,362,316,46
38972,304,277,27
38973,93,85,8
38974,143,131,12
38975,172,161,11
38976,149,138,11
38977,224,204,20
38978,198,163,35
38979,85,76,9
38980,40,33,7
38981,147,129,18
38982,174,158,16
38983,137,117,20
38984,353,315,38
38985,115,104,11
38986,108,95,13
38987,172,153,19
38988,372,335,37
38989,237,204,33
38990,105,89,16
38991,179,152,27
38992,401,352,49
38993,266,238,28
38994,117,108,9
38995,419,373,46
38996,119,106,13
38997,163,145,18
38998,121,107,14
38999,254,228,26
39000,308,272,36
39001,243,211,32
39002,434,388,46
39003,164,134,30
39004,287,251,36
39005,778,692,86
39006,399,354,45
39007,132,113,19
39008,405,360,45
39009,218,196,22
39010,87,80,7
39011,222,191,31
39012,122,110,12
39013,192,169,23
39014,152,138,14
39015,151,136,15
39016,50,44,6
39017,193,168,25
39018,178,160,18
39019,137,125,12
39020,360,326,34
39021,105,93,12
39022,699,625,74
39023,626,555,71
39024,137,133,4
39025,287,253,34
39026,139,119,20
39027,47,41,6
39028,122,103,19
39029,198,168,30
39030,190,173,17
39031,165,153,12
39032,52,46,6
39033,135,119,16
39034,515,447,68
39035,181,157,24
39036,230,208,22
39037,162,149,13
39038,161,136,25
39039,69,62,7
39040,87,78,9
39041,47,40,7
39042,324,281,43
39043,174,160,14
39044,265,234,31
39045,195,171,24
39046,527,448,79
39047,154,138,16
39048,318,275,43
39049,350,304,46
39050,209,171,38
39051,87,79,8
39052,105,92,13
39053,54,51,3
39054,134,126,8
39055,137,118,19
39056,146,120,26
39057,304,268,36
39058,92,83,9
39059,288,260,28
39060,439,383,56
39061,246,215,31
39062,267,236,31
39063,84,72,12
39064,78,73,5
39065,247,216,31
39066,94,84,10
39067,180,172,8
39068,202,190,12
39069,165,149,16
39070,223,190,33
39071,657,606,51
39072,454,393,61
39073,374,338,36
39074,242,216,26
39075,168,146,22
39076,120,112,8
39077,175,154,21
39078,158,143,15
39079,210,197,13
39080,378,341,37
39081,246,222,24
39082,278,241,37
39083,134,116,18
39084,91,83,8
39085,274,255,19
39086,51,48,3
39087,132,115,17
39088,49,48,1
39089,89,73,16
39090,144,125,19
39091,354,308,46
39092,292,256,36
39093,29,28,1
39094,149,134,15
39095,238,200,38
39096,112,103,9
39097,176,145,31
39098,133,118,15
39099,153,138,15
39100,347,314,33
39101,70,61,9
39102,133,118,15
39103,179,167,12
39104,137,113,24
39105,241,204,37
39106,267,241,26
39107,203,175,28
39108,124,114,10
39109,180,162,18
39110,100,96,4
39111,274,247,27
39112,590,519,71
39113,106,96,10
39114,228,209,19
39115,168,145,23
39116,80,66,14
39117,408,370,38
39118,113,95,18
39119,304,274,30
39120,198,179,19
39121,183,164,19
39122,71,63,8
39123,179,156,23
39124,286,261,25
39125,292,272,20
39126,239,215,24
39127,180,165,15
39128,670,574,96
39129,159,144,15
39130,213,192,21
39131,138,124,14
39132,170,150,20
39133,388,352,36
39134,93,81,12
39135,158,142,16
39136,233,202,31
39137,64,62,2
39138,160,148,12
39139,144,133,11
39140,304,283,21
39141,294,256,38
39142,79,76,3
39143,98,85,13
39144,293,259,34
39145,546,478,68
39146,285,248,37
39147,160,147,13
39148,147,129,18
39149,301,255,46
39150,167,139,28
39151,234,211,23
39152,131,116,15
39153,169,150,19
39154,136,120,16
39155,92,82,10
39156,214,179,35
39157,208,186,22
39158,114,103,11
39159,228,197,31
39160,119,102,17
39161,115,104,11
39162,178,155,23
39163,193,168,25
39164,228,191,37
39165,62,59,3
39166,418,380,38
39167,194,165,29
39168,155,141,14
39169,115,101,14
39170,147,128,19
39171,128,117,11
39172,146,129,17
39173,118,105,13
39174,139,121,18
39175,159,142,17
39176,146,128,18
39177,112,98,14
39178,392,348,44
39179,235,216,19
39180,194,171,23
39181,121,106,15
39182,108,95,13
39183,93,79,14
39184,530,476,54
39185,409,349,60
39186,277,248,29
39187,313,284,29
39188,136,118,18
39189,161,142,19
39190,77,64,13
39191,171,161,10
39192,154,140,14
39193,219,194,25
39194,409,351,58
39195,302,258,44
39196,155,137,18
39197,143,131,12
39198,143,125,18
39199,133,124,9
39200,385,334,51
39201,177,157,20
39202,460,398,62
39203,441,382,59
39204,116,104,12
39205,105,92,13
39206,208,191,17
39207,612,529,83
39208,214,189,25
39209,162,151,11
39210,311,283,28
39211,59,52,7
39212,197,163,34
39213,371,324,47
39214,184,164,20
39215,219,198,21
39216,371,327,44
39217,113,103,10
39218,596,526,70
39219,329,292,37
39220,370,335,35
39221,543,471,72
39222,313,264,49
39223,54,48,6
39224,51,41,10
39225,90,81,9
39226,96,85,11
39227,51,48,3
39228,32,30,2
39229,118,107,11
39230,151,128,23
39231,84,79,5
39232,241,206,35
39233,179,159,20
39234,218,196,22
39235,126,112,14
39236,75,66,9
39237,102,92,10
39238,194,174,20
39239,224,203,21
39240,116,107,9
39241,574,514,60
39242,243,212,31
39243,125,105,20
39244,113,97,16
39245,281,233,48
39246,148,127,21
39247,171,160,11
39248,343,306,37
39249,159,143,16
39250,146,128,18
39251,195,177,18
39252,203,189,14
39253,124,111,13
39254,337,292,45
39255,377,333,44
39256,326,304,22
39257,121,112,9
39258,184,161,23
39259,428,388,40
39260,321,281,40
39261,233,206,27
39262,278,248,30
39263,503,449,54
39264,500,454,46
39265,185,155,30
39266,130,123,7
39267,532,490,42
39268,127,113,14
39269,193,178,15
39270,584,524,60
39271,116,106,10
39272,312,277,35
39273,128,110,18
39274,232,198,34
39275,148,128,20
39276,299,254,45
39277,115,104,11
39278,588,514,74
39279,168,151,17
39280,602,520,82
39281,562,493,69
39282,153,128,25
39283,177,159,18
39284,279,240,39
39285,503,448,55
39286,108,97,11
39287,241,220,21
39288,213,191,22
39289,106,97,9
39290,109,100,9
39291,81,68,13
39292,188,171,17
39293,418,388,30
39294,52,43,9
39295,44,40,4
39296,258,224,34
39297,288,248,40
39298,210,184,26
39299,701,622,79
39300,170,154,16
39301,322,285,37
39302,72,60,12
39303,196,177,19
39304,165,143,22
39305,359,327,32
39306,452,397,55
39307,810,692,118
39308,153,132,21
39309,566,488,78
39310,167,147,20
39311,810,692,118
39312,94,89,5
39313,73,69,4
39314,166,149,17
39315,161,146,15
39316,107,96,11
39317,131,122,9
39318,354,304,50
39319,208,179,29
39320,109,96,13
39321,185,160,25
39322,72,68,4
39323,148,137,11
39324,235,214,21
39325,430,378,52
39326,218,192,26
39327,143,127,16
39328,78,70,8
39329,262,240,22
39330,96,90,6
39331,296,263,33
39332,134,122,12
39333,169,154,15
39334,139,130,9
39335,152,136,16
39336,440,403,37
39337,131,111,20
39338,127,114,13
39339,285,255,30
39340,128,113,15
39341,128,113,15
39342,214,191,23
39343,102,89,13
39344,207,181,26
39345,191,157,34
39346,215,185,30
39347,95,84,11
39348,110,96,14
39349,108,93,15
39350,197,175,22
39351,123,115,8
39352,227,194,33
39353,318,281,37
39354,401,353,48
39355,145,133,12
39356,117,105,12
39357,170,150,20
39358,178,164,14
39359,125,107,18
39360,346,304,42
39361,147,131,16
39362,230,210,20
39363,372,331,41
39364,174,155,19
39365,217,190,27
39366,111,97,14
39367,375,339,36
39368,135,126,9
39369,133,124,9
39370,137,126,11
39371,207,196,11
39372,124,112,12
39373,112,105,7
39374,130,117,13
39375,268,242,26
39376,338,292,46
39377,114,105,9
39378,114,104,10
39379,119,110,9
39380,277,242,35
39381,153,135,18
39382,192,165,27
39383,412,369,43
39384,298,262,36
39385,121,107,14
39386,121,105,16
39387,208,179,29
39388,194,171,23
39389,192,177,15
39390,402,356,46
39391,274,230,44
39392,222,197,25
39393,45,39,6
39394,167,145,22
39395,175,155,20
39396,629,548,81
39397,204,179,25
39398,302,281,21
39399,555,497,58
39400,327,285,42
39401,262,229,33
39402,269,233,36
39403,284,242,42
39404,57,48,9
39405,197,170,27
39406,335,290,45
39407,143,121,22
39408,175,157,18
39409,69,63,6
39410,126,112,14
39411,134,124,10
39412,215,171,44
39413,126,110,16
39414,56,54,2
39415,152,130,22
39416,153,130,23
39417,191,170,21
39418,65,63,2
39419,121,103,18
39420,93,79,14
39421,150,120,30
39422,52,50,2
39423,329,287,42
39424,109,93,16
39425,94,84,10
39426,272,232,40
39427,804,722,82
39428,111,102,9
39429,121,106,15
39430,88,79,9
39431,787,658,129
39432,170,156,14
39433,502,445,57
39434,65,59,6
39435,92,78,14
39436,189,153,36
39437,58,50,8
39438,205,177,28
39439,469,422,47
39440,151,138,13
39441,144,125,19
39442,745,656,89
39443,117,104,13
39444,119,101,18
39445,226,200,26
39446,655,576,79
39447,344,301,43
39448,826,721,105
39449,345,303,42
39450,1011,886,125
39451,213,184,29
39452,29,29,0
39453,189,174,15
39454,586,497,89
39455,338,297,41
39456,354,307,47
39457,139,113,26
39458,142,128,14
39459,148,129,19
39460,231,207,24
39461,83,72,11
39462,114,102,12
39463,61,56,5
39464,40,36,4
39465,90,82,8
39466,502,460,42
39467,119,105,14
39468,231,203,28
39469,190,167,23
39470,228,205,23
39471,160,146,14
39472,268,226,42
39473,146,129,17
39474,113,97,16
39475,180,159,21
39476,131,105,26
39477,123,115,8
39478,203,174,29
39479,146,128,18
39480,60,50,10
39481,106,87,19
39482,171,162,9
39483,222,201,21
39484,480,432,48
39485,276,237,39
39486,731,635,96
39487,381,336,45
39488,287,255,32
39489,160,147,13
39490,141,124,17
39491,172,163,9
39492,240,211,29
39493,247,221,26
39494,388,343,45
39495,241,221,20
39496,124,105,19
39497,117,103,14
39498,130,115,15
39499,130,118,12
39500,130,114,16
39501,428,386,42
39502,944,860,84
39503,258,232,26
39504,138,119,19
39505,198,183,15
39506,143,125,18
39507,147,128,19
39508,263,235,28
39509,317,269,48
39510,119,112,7
39511,353,320,33
39512,291,253,38
39513,160,142,18
39514,661,596,65
39515,66,60,6
39516,345,307,38
39517,407,359,48
39518,222,199,23
39519,407,349,58
39520,753,662,91
39521,147,133,14
39522,720,628,92
39523,348,302,46
39524,65,59,6
39525,81,72,9
39526,56,50,6
39527,40,37,3
39528,382,340,42
39529,307,282,25
39530,358,328,30
39531,253,226,27
39532,180,155,25
39533,225,199,26
39534,105,96,9
39535,192,161,31
39536,314,278,36
39537,116,103,13
39538,285,252,33
39539,206,170,36
39540,118,104,14
39541,105,88,17
39542,184,165,19
39543,368,334,34
39544,133,122,11
39545,305,272,33
39546,335,310,25
39547,120,110,10
39548,241,214,27
39549,135,118,17
39550,734,636,98
39551,207,183,24
39552,234,200,34
39553,219,191,28
39554,197,176,21
39555,63,56,7
39556,75,67,8
39557,226,211,15
39558,178,165,13
39559,328,290,38
39560,439,391,48
39561,164,150,14
39562,469,418,51
39563,123,112,11
39564,122,114,8
39565,119,103,16
39566,936,807,129
39567,198,179,19
39568,113,98,15
39569,147,132,15
39570,84,78,6
39571,159,141,18
39572,112,103,9
39573,300,268,32
39574,135,125,10
39575,131,119,12
39576,147,125,22
39577,278,248,30
39578,330,279,51
39579,661,578,83
39580,147,130,17
39581,390,339,51
39582,226,205,21
39583,228,191,37
39584,185,158,27
39585,742,646,96
39586,186,163,23
39587,169,151,18
39588,48,41,7
39589,211,194,17
39590,442,393,49
39591,520,451,69
39592,270,249,21
39593,225,197,28
39594,332,300,32
39595,118,103,15
39596,133,121,12
39597,362,329,33
39598,275,244,31
39599,150,130,20
39600,354,319,35
39601,176,157,19
39602,166,149,17
39603,152,135,17
39604,197,180,17
39605,222,198,24
39606,524,452,72
39607,127,110,17
39608,203,182,21
39609,135,122,13
39610,171,157,14
39611,279,247,32
39612,351,304,47
39613,697,600,97
39614,59,53,6
39615,137,123,14
39616,39,36,3
39617,148,129,19
39618,67,58,9
39619,114,101,13
39620,77,67,10
39621,302,264,38
39622,148,124,24
39623,123,111,12
39624,86,77,9
39625,62,53,9
39626,287,246,41
39627,409,353,56
39628,293,255,38
39629,164,142,22
39630,61,52,9
39631,136,126,10
39632,196,171,25
39633,272,237,35
39634,262,231,31
39635,343,302,41
39636,254,225,29
39637,195,173,22
39638,515,457,58
39639,123,113,10
39640,416,367,49
39641,449,398,51
39642,534,458,76
39643,241,218,23
39644,271,240,31
39645,134,120,14
39646,125,103,22
39647,120,106,14
39648,423,377,46
39649,254,224,30
39650,290,262,28
39651,149,132,17
39652,181,164,17
39653,126,114,12
39654,143,121,22
39655,142,133,9
39656,134,121,13
39657,210,186,24
39658,138,124,14
39659,133,125,8
39660,127,111,16
39661,468,419,49
39662,125,105,20
39663,172,154,18
39664,156,140,16
39665,383,346,37
39666,404,365,39
39667,161,143,18
39668,247,221,26
39669,437,392,45
39670,261,231,30
39671,234,210,24
39672,908,819,89
39673,133,123,10
39674,141,134,7
39675,654,585,69
39676,194,175,19
39677,151,138,13
39678,150,140,10
39679,163,150,13
39680,437,393,44
39681,224,200,24
39682,980,906,74
39683,186,165,21
39684,138,123,15
39685,139,121,18
39686,175,161,14
39687,380,327,53
39688,502,448,54
39689,262,234,28
39690,137,124,13
39691,271,245,26
39692,104,85,19
39693,140,126,14
39694,217,190,27
39695,149,131,18
39696,404,363,41
39697,173,154,19
39698,210,184,26
39699,347,310,37
39700,148,132,16
39701,129,119,10
39702,96,91,5
39703,226,198,28
39704,335,312,23
39705,356,327,29
39706,271,243,28
39707,131,111,20
39708,386,338,48
39709,54,45,9
39710,148,134,14
39711,290,251,39
39712,123,106,17
39713,207,182,25
39714,288,247,41
39715,131,114,17
39716,251,225,26
39717,205,183,22
39718,447,402,45
39719,457,393,64
39720,123,108,15
39721,128,119,9
39722,188,168,20
39723,193,175,18
39724,93,82,11
39725,127,119,8
39726,53,51,2
39727,90,79,11
39728,58,50,8
39729,130,121,9
39730,125,105,20
39731,99,88,11
39732,122,104,18
39733,67,61,6
39734,64,59,5
39735,426,374,52
39736,147,132,15
39737,21,17,4
39738,276,249,27
39739,90,80,10
39740,349,315,34
39741,129,121,8
39742,132,120,12
39743,36,32,4
39744,194,172,22
39745,154,141,13
39746,379,345,34
39747,454,399,55
39748,122,107,15
39749,119,111,8
39750,250,218,32
39751,239,214,25
39752,147,131,16
39753,136,124,12
39754,143,129,14
39755,175,160,15
39756,181,155,26
39757,119,109,10
39758,185,166,19
39759,319,287,32
39760,175,151,24
39761,130,119,11
39762,130,116,14
39763,259,237,22
39764,796,700,96
39765,182,162,20
39766,198,177,21
39767,119,111,8
39768,157,145,12
39769,224,206,18
39770,301,271,30
39771,402,357,45
39772,311,285,26
39773,254,226,28
39774,184,170,14
39775,191,174,17
39776,253,212,41
39777,106,94,12
39778,392,351,41
39779,68,62,6
39780,56,53,3
39781,199,184,15
39782,187,175,12
39783,212,191,21
39784,141,131,10
39785,211,188,23
39786,117,104,13
39787,121,111,10
39788,165,149,16
39789,94,80,14
39790,113,99,14
39791,136,123,13
39792,58,54,4
39793,76,64,12
39794,157,133,24
39795,330,292,38
39796,89,80,9
39797,155,136,19
39798,192,170,22
39799,142,126,16
39800,209,183,26
39801,202,170,32
39802,137,127,10
39803,46,44,2
39804,131,109,22
39805,195,170,25
39806,51,46,5
39807,35,32,3
39808,161,136,25
39809,138,122,16
39810,265,232,33
39811,384,343,41
39812,188,158,30
39813,129,121,8
39814,158,147,11
39815,178,157,21
39816,71,70,1
39817,245,212,33
39818,395,334,61
39819,902,801,101
39820,105,96,9
39821,165,143,22
39822,122,108,14
39823,203,181,22
39824,186,167,19
39825,140,128,12
39826,205,188,17
39827,86,78,8
39828,119,105,14
39829,165,148,17
39830,206,182,24
39831,60,52,8
39832,365,333,32
39833,170,153,17
39834,19,19,0
39835,170,148,22
39836,52,42,10
39837,58,51,7
39838,201,177,24
39839,167,140,27
39840,324,291,33
39841,163,138,25
39842,99,88,11
39843,130,115,15
39844,150,134,16
39845,217,186,31
39846,110,102,8
39847,138,122,16
39848,578,517,61
39849,108,99,9
39850,159,142,17
39851,584,519,65
39852,1002,868,134
39853,331,300,31
39854,147,126,21
39855,144,127,17
39856,161,144,17
39857,145,129,16
39858,118,97,21
39859,122,106,16
39860,132,115,17
39861,222,202,20
39862,137,119,18
39863,64,58,6
39864,79,70,9
39865,118,107,11
39866,73,69,4
39867,78,68,10
39868,228,195,33
39869,297,274,23
39870,236,210,26
39871,91,84,7
39872,94,86,8
39873,155,140,15
39874,98,81,17
39875,555,506,49
39876,258,230,28
39877,63,58,5
39878,119,104,15
39879,344,308,36
39880,201,176,25
39881,239,218,21
39882,96,86,10
39883,98,88,10
39884,276,241,35
39885,116,104,12
39886,245,209,36
39887,289,248,41
39888,90,77,13
39889,47,45,2
39890,234,218,16
39891,118,112,6
39892,147,133,14
39893,447,394,53
39894,127,117,10
39895,125,107,18
39896,296,258,38
39897,171,141,30
39898,124,108,16
39899,69,64,5
39900,238,218,20
39901,564,482,82
39902,503,414,89
39903,556,504,52
39904,50,46,4
39905,67,60,7
39906,70,63,7
39907,136,126,10
39908,115,103,12
39909,148,133,15
39910,267,236,31
39911,291,265,26
39912,300,267,33
39913,214,193,21
39914,201,171,30
39915,358,312,46
39916,183,159,24
39917,42,40,2
39918,320,291,29
39919,229,194,35
39920,153,138,15
39921,435,391,44
39922,133,121,12
39923,369,336,33
39924,93,87,6
39925,46,39,7
39926,283,249,34
39927,673,580,93
39928,148,127,21
39929,195,178,17
39930,137,114,23
39931,173,151,22
39932,70,58,12
39933,136,118,18
39934,330,294,36
39935,242,220,22
39936,160,144,16
39937,263,232,31
39938,187,165,22
39939,120,109,11
39940,50,47,3
39941,80,72,8
39942,262,232,30
39943,339,309,30
39944,294,262,32
39945,178,158,20
39946,44,35,9
39947,89,83,6
39948,50,46,4
39949,70,62,8
39950,226,191,35
39951,437,366,71
39952,132,115,17
39953,85,72,13
39954,178,157,21
39955,240,209,31
39956,333,302,31
39957,126,112,14
39958,308,268,40
39959,184,166,18
39960,79,73,6
39961,140,126,14
39962,234,209,25
39963,210,184,26
39964,216,187,29
39965,186,166,20
39966,140,128,12
39967,198,175,23
39968,120,107,13
39969,161,147,14
39970,166,151,15
39971,247,204,43
39972,139,125,14
39973,266,239,27
39974,196,174,22
39975,229,198,31
39976,324,295,29
39977,127,107,20
39978,356,324,32
39979,204,180,24
39980,339,312,27
39981,167,155,12
39982,237,222,15
39983,152,136,16
39984,133,123,10
39985,119,107,12
39986,136,119,17
39987,163,147,16
39988,134,124,10
39989,124,110,14
39990,152,137,15
39991,240,220,20
39992,173,159,14
39993,380,330,50
39994,600,530,70
39995,934,818,116
39996,146,133,13
39997,52,43,9
39998,376,326,50
39999,515,463,52
40000,52,46,6
40001,224,204,20
40002,188,162,26
40003,50,43,7
40004,187,164,23
40005,44,43,1
40006,369,313,56
40007,141,123,18
40008,215,186,29
40009,372,330,42
40010,166,147,19
40011,221,201,20
40012,149,139,10
40013,157,141,16
40014,228,200,28
40015,180,162,18
40016,281,252,29
40017,342,313,29
40018,474,421,53
40019,150,135,15
40020,175,161,14
40021,332,299,33
40022,185,173,12
40023,432,378,54
40024,296,251,45
40025,144,130,14
40026,156,138,18
40027,42,37,5
40028,216,176,40
40029,223,184,39
40030,135,124,11
40031,127,113,14
40032,321,282,39
40033,115,100,15
40034,144,131,13
40035,36,33,3
40036,74,66,8
40037,51,49,2
40038,115,106,9
40039,60,54,6
40040,93,81,12
40041,141,133,8
40042,167,145,22
40043,264,216,48
40044,186,169,17
40045,114,105,9
40046,228,200,28
40047,328,295,33
40048,143,126,17
40049,121,108,13
40050,284,245,39
40051,55,48,7
40052,45,41,4
40053,182,162,20
40054,258,227,31
40055,190,164,26
40056,229,202,27
40057,157,134,23
40058,129,120,9
40059,155,140,15
40060,75,64,11
40061,234,216,18
40062,110,101,9
40063,313,284,29
40064,139,126,13
40065,122,108,14
40066,117,103,14
40067,132,118,14
40068,153,135,18
40069,142,121,21
40070,219,202,17
40071,526,464,62
40072,204,181,23
40073,253,228,25
40074,129,115,14
40075,163,147,16
40076,131,120,11
40077,251,224,27
40078,278,252,26
40079,125,111,14
40080,167,145,22
40081,177,152,25
40082,134,118,16
40083,102,94,8
40084,144,129,15
40085,125,105,20
40086,405,373,32
40087,250,220,30
40088,143,128,15
40089,342,296,46
40090,148,137,11
40091,190,162,28
40092,136,126,10
40093,184,171,13
40094,71,62,9
40095,167,143,24
40096,124,108,16
40097,79,66,13
40098,99,91,8
40099,129,112,17
40100,321,284,37
40101,165,141,24
40102,78,74,4
40103,302,268,34
40104,124,111,13
40105,244,213,31
40106,277,238,39
40107,277,238,39
40108,518,441,77
40109,159,141,18
40110,129,119,10
40111,511,429,82
40112,180,164,16
40113,334,287,47
40114,504,439,65
40115,128,107,21
40116,540,474,66
40117,363,319,44
40118,142,129,13
40119,126,108,18
40120,314,281,33
40121,137,117,20
40122,122,107,15
40123,129,112,17
40124,222,193,29
40125,152,133,19
40126,166,155,11
40127,98,81,17
40128,218,184,34
40129,174,162,12
40130,675,587,88
40131,317,266,51
40132,145,125,20
40133,128,112,16
40134,139,128,11
40135,126,111,15
40136,480,442,38
40137,167,153,14
40138,308,279,29
40139,178,161,17
40140,110,102,8
40141,150,135,15
40142,124,114,10
40143,181,160,21
40144,107,98,9
40145,460,409,51
40146,368,324,44
40147,354,310,44
40148,304,262,42
40149,204,188,16
40150,133,112,21
40151,164,147,17
40152,239,219,20
40153,220,177,43
40154,608,541,67
40155,484,429,55
40156,264,226,38
40157,376,346,30
40158,312,284,28
40159,42,39,3
40160,403,355,48
40161,145,133,12
40162,398,363,35
40163,89,80,9
40164,676,609,67
40165,220,198,22
40166,136,118,18
40167,73,68,5
40168,224,196,28
40169,241,216,25
40170,207,182,25
40171,93,85,8
40172,196,177,19
40173,133,120,13
40174,393,344,49
40175,834,727,107
40176,273,233,40
40177,139,122,17
40178,418,362,56
40179,74,69,5
40180,126,111,15
40181,221,193,28
40182,182,161,21
40183,138,119,19
40184,156,144,12
40185,434,381,53
40186,371,324,47
40187,273,242,31
40188,150,136,14
40189,75,66,9
40190,289,255,34
40191,213,191,22
40192,266,241,25
40193,350,297,53
40194,396,342,54
40195,162,145,17
40196,498,439,59
40197,119,106,13
40198,121,109,12
40199,168,149,19
40200,263,230,33
40201,243,218,25
40202,206,188,18
40203,149,140,9
40204,500,441,59
40205,227,202,25
40206,172,155,17
40207,231,197,34
40208,44,40,4
40209,212,191,21
40210,152,130,22
40211,110,97,13
40212,150,136,14
40213,85,73,12
40214,157,139,18
40215,337,309,28
40216,128,119,9
40217,128,117,11
40218,145,129,16
40219,139,130,9
40220,276,242,34
40221,119,108,11
40222,122,109,13
40223,124,109,15
40224,56,54,2
40225,134,121,13
40226,136,126,10
40227,60,55,5
40228,79,73,6
40229,80,71,9
40230,94,88,6
40231,116,105,11
40232,210,187,23
40233,319,293,26
40234,947,854,93
40235,232,205,27
40236,151,134,17
40237,46,42,4
40238,555,504,51
40239,882,789,93
40240,663,591,72
40241,248,225,23
40242,317,277,40
40243,178,155,23
40244,290,259,31
40245,420,364,56
40246,200,181,19
40247,175,161,14
40248,511,457,54
40249,265,223,42
40250,300,263,37
40251,237,206,31
40252,262,223,39
40253,490,434,56
40254,241,216,25
40255,151,135,16
40256,182,157,25
40257,386,347,39
40258,581,518,63
40259,1124,1025,99
40260,168,145,23
40261,99,87,12
40262,262,223,39
40263,156,130,26
40264,324,279,45
40265,156,132,24
40266,979,848,131
40267,394,336,58
40268,129,106,23
40269,564,494,70
40270,201,191,10
40271,469,425,44
40272,126,111,15
40273,271,248,23
40274,170,156,14
40275,145,134,11
40276,140,130,10
40277,360,321,39
40278,386,346,40
40279,153,130,23
40280,162,139,23
40281,127,106,21
40282,274,247,27
40283,121,104,17
40284,145,129,16
40285,176,151,25
40286,120,103,17
40287,139,124,15
40288,138,119,19
40289,211,190,21
40290,46,40,6
40291,95,84,11
40292,196,173,23
40293,181,157,24
40294,177,152,25
40295,991,878,113
40296,441,394,47
40297,550,499,51
40298,178,159,19
40299,214,199,15
40300,171,157,14
40301,96,80,16
40302,123,109,14
40303,234,197,37
40304,153,144,9
40305,164,151,13
40306,131,112,19
40307,202,180,22
40308,167,153,14
40309,309,270,39
40310,246,216,30
40311,243,205,38
40312,194,180,14
40313,168,138,30
40314,126,110,16
40315,165,152,13
40316,126,112,14
40317,177,156,21
40318,141,130,11
40319,124,109,15
40320,144,123,21
40321,562,498,64
40322,123,115,8
40323,126,121,5
40324,286,258,28
40325,173,155,18
40326,183,163,20
40327,211,175,36
40328,148,131,17
40329,219,193,26
40330,154,140,14
40331,142,129,13
40332,118,112,6
40333,290,260,30
40334,142,127,15
40335,195,185,10
40336,194,167,27
40337,219,206,13
40338,134,120,14
40339,104,93,11
40340,180,167,13
40341,154,142,12
40342,163,148,15
40343,217,184,33
40344,167,145,22
40345,137,123,14
40346,244,214,30
40347,139,123,16
40348,291,249,42
40349,214,196,18
40350,245,209,36
40351,147,134,13
40352,361,325,36
40353,496,442,54
40354,485,425,60
40355,749,668,81
40356,102,95,7
40357,50,46,4
40358,174,164,10
40359,110,98,12
40360,99,86,13
40361,129,114,15
40362,189,169,20
40363,77,63,14
40364,165,142,23
40365,772,652,120
40366,256,232,24
40367,84,74,10
40368,44,38,6
40369,117,111,6
40370,90,78,12
40371,60,55,5
40372,738,656,82
40373,57,51,6
40374,132,117,15
40375,120,111,9
40376,155,142,13
40377,228,202,26
40378,270,236,34
40379,625,539,86
40380,437,390,47
40381,383,333,50
40382,265,230,35
40383,302,261,41
40384,137,121,16
40385,424,373,51
40386,251,222,29
40387,162,149,13
40388,120,106,14
40389,145,133,12
40390,136,120,16
40391,148,133,15
40392,342,299,43
40393,798,710,88
40394,231,197,34
40395,167,141,26
40396,211,190,21
40397,384,331,53
40398,854,732,122
40399,275,238,37
40400,388,352,36
40401,174,158,16
40402,114,101,13
40403,821,709,112
40404,139,113,26
40405,249,216,33
40406,390,356,34
40407,175,149,26
40408,297,276,21
40409,217,198,19
40410,144,121,23
40411,62,57,5
40412,364,326,38
40413,259,222,37
40414,166,139,27
40415,155,134,21
40416,282,245,37
40417,146,134,12
40418,138,114,24
40419,650,582,68
40420,153,133,20
40421,138,124,14
40422,138,128,10
40423,132,119,13
40424,170,150,20
40425,449,407,42
40426,227,188,39
40427,221,203,18
40428,350,319,31
40429,442,408,34
40430,263,224,39
40431,165,143,22
40432,149,139,10
40433,204,182,22
40434,186,166,20
40435,272,225,47
40436,605,519,86
40437,92,81,11
40438,188,161,27
40439,477,427,50
40440,306,270,36
40441,390,337,53
40442,363,306,57
40443,435,386,49
40444,136,122,14
40445,412,353,59
40446,262,236,26
40447,601,526,75
40448,478,427,51
40449,315,295,20
40450,231,214,17
40451,486,424,62
40452,151,134,17
40453,399,340,59
40454,406,360,46
40455,270,231,39
40456,329,292,37
40457,161,136,25
40458,202,178,24
40459,141,130,11
40460,170,141,29
40461,168,150,18
40462,660,573,87
40463,261,233,28
40464,192,169,23
40465,207,183,24
40466,295,254,41
40467,100,83,17
40468,164,146,18
40469,78,69,9
40470,330,302,28
40471,536,468,68
40472,490,416,74
40473,112,99,13
40474,156,140,16
40475,257,221,36
40476,144,119,25
40477,118,105,13
40478,116,101,15
40479,160,138,22
40480,366,312,54
40481,95,85,10
40482,142,125,17
40483,49,41,8
40484,134,118,16
40485,103,99,4
40486,264,238,26
40487,823,745,78
40488,130,117,13
40489,149,135,14
40490,148,125,23
40491,253,229,24
40492,123,110,13
40493,102,95,7
40494,385,319,66
40495,421,377,44
40496,58,50,8
40497,126,112,14
40498,345,310,35
40499,122,108,14
40500,237,202,35
40501,139,122,17
40502,145,128,17
40503,136,126,10
40504,185,155,30
40505,150,123,27
40506,138,119,19
40507,133,119,14
40508,93,81,12
40509,118,106,12
40510,95,83,12
40511,52,44,8
40512,175,160,15
40513,69,59,10
40514,240,203,37
40515,152,134,18
40516,88,85,3
40517,150,127,23
40518,82,78,4
40519,47,46,1
40520,155,139,16
40521,105,95,10
40522,155,139,16
40523,114,101,13
40524,87,79,8
40525,219,202,17
40526,173,155,18
40527,61,51,10
40528,180,161,19
40529,278,247,31
40530,816,750,66
40531,108,97,11
40532,144,128,16
40533,173,157,16
40534,233,208,25
40535,131,124,7
40536,148,136,12
40537,377,328,49
40538,148,134,14
40539,206,187,19
40540,126,111,15
40541,278,237,41
40542,52,48,4
40543,126,111,15
40544,151,139,12
40545,66,60,6
40546,120,107,13
40547,321,288,33
40548,146,129,17
40549,86,74,12
40550,50,46,4
40551,55,51,4
40552,182,168,14
40553,80,75,5
40554,302,270,32
40555,138,122,16
40556,110,98,12
40557,119,103,16
40558,174,161,13
40559,174,157,17
40560,207,186,21
40561,290,266,24
40562,240,217,23
40563,120,109,11
40564,239,210,29
40565,168,159,9
40566,186,166,20
40567,212,187,25
40568,441,389,52
40569,204,179,25
40570,104,94,10
40571,58,51,7
40572,191,174,17
40573,673,574,99
40574,182,169,13
40575,245,221,24
40576,96,80,16
40577,216,183,33
40578,240,204,36
40579,151,129,22
40580,126,115,11
40581,489,424,65
40582,133,118,15
40583,217,187,30
40584,147,134,13
40585,222,199,23
40586,710,646,64
40587,1007,889,118
40588,311,267,44
40589,428,375,53
40590,159,143,16
40591,48,47,1
40592,50,46,4
40593,54,48,6
40594,101,91,10
40595,346,305,41
40596,274,252,22
40597,157,145,12
40598,195,174,21
40599,398,345,53
40600,221,191,30
40601,184,161,23
40602,254,229,25
40603,300,270,30
40604,177,147,30
40605,62,59,3
40606,222,204,18
40607,163,145,18
40608,277,245,32
40609,113,99,14
40610,47,44,3
40611,160,146,14
40612,107,94,13
40613,258,228,30
40614,136,121,15
40615,188,166,22
40616,209,191,18
40617,83,78,5
40618,356,309,47
40619,179,165,14
40620,196,168,28
40621,238,201,37
40622,57,52,5
40623,110,101,9
40624,228,202,26
40625,132,127,5
40626,730,641,89
40627,394,358,36
40628,245,216,29
40629,77,67,10
40630,104,87,17
40631,223,196,27
40632,395,329,66
40633,520,459,61
40634,134,114,20
40635,239,201,38
40636,251,221,30
40637,113,98,15
40638,97,87,10
40639,109,95,14
40640,148,130,18
40641,213,189,24
40642,296,274,22
40643,219,188,31
40644,144,132,12
40645,135,111,24
40646,108,92,16
40647,597,525,72
40648,821,714,107
40649,974,855,119
40650,64,58,6
40651,78,71,7
40652,157,138,19
40653,114,96,18
40654,135,121,14
40655,349,312,37
40656,73,62,11
40657,135,117,18
40658,191,177,14
40659,217,192,25
40660,265,233,32
40661,135,125,10
40662,173,161,12
40663,164,145,19
40664,111,102,9
40665,153,134,19
40666,358,318,40
40667,55,50,5
40668,135,106,29
40669,170,155,15
40670,113,99,14
40671,154,138,16
40672,140,128,12
40673,108,93,15
40674,216,198,18
40675,168,153,15
40676,145,129,16
40677,121,107,14
40678,246,203,43
40679,392,349,43
40680,426,376,50
40681,432,383,49
40682,195,164,31
40683,151,133,18
40684,160,141,19
40685,159,144,15
40686,392,349,43
40687,125,120,5
40688,211,179,32
40689,51,45,6
40690,135,126,9
40691,100,89,11
40692,116,107,9
40693,123,109,14
40694,64,54,10
40695,174,149,25
40696,121,111,10
40697,108,100,8
40698,177,158,19
40699,144,131,13
40700,142,123,19
40701,210,188,22
40702,137,124,13
40703,248,222,26
40704,265,242,23
40705,196,175,21
40706,270,231,39
40707,655,574,81
40708,132,118,14
40709,129,116,13
40710,286,262,24
40711,143,128,15
40712,367,329,38
40713,378,333,45
40714,201,179,22
40715,84,76,8
40716,65,55,10
40717,233,198,35
40718,181,163,18
40719,168,149,19
40720,212,187,25
40721,625,553,72
40722,116,103,13
40723,233,205,28
40724,116,99,17
40725,184,161,23
40726,133,117,16
40727,284,264,20
40728,137,122,15
40729,197,170,27
40730,189,167,22
40731,247,227,20
40732,323,285,38
40733,338,297,41
40734,162,151,11
40735,136,128,8
40736,123,115,8
40737,150,113,37
40738,157,126,31
40739,143,133,10
40740,171,155,16
40741,87,78,9
40742,124,109,15
40743,193,168,25
40744,160,141,19
40745,304,268,36
40746,137,123,14
40747,134,124,10
40748,271,238,33
40749,190,171,19
40750,392,354,38
40751,150,142,8
40752,168,148,20
40753,210,189,21
40754,130,113,17
40755,308,266,42
40756,158,132,26
40757,397,347,50
40758,110,99,11
40759,210,197,13
40760,138,126,12
40761,257,224,33
40762,138,117,21
40763,127,114,13
40764,171,150,21
40765,405,363,42
40766,87,72,15
40767,167,148,19
40768,197,184,13
40769,198,166,32
40770,30,24,6
40771,146,132,14
40772,120,101,19
40773,173,150,23
40774,244,211,33
40775,423,375,48
40776,188,174,14
40777,125,113,12
40778,63,56,7
40779,81,62,19
40780,143,120,23
40781,704,586,118
40782,129,118,11
40783,99,91,8
40784,237,210,27
40785,327,292,35
40786,234,203,31
40787,152,145,7
40788,190,163,27
40789,131,120,11
40790,165,145,20
40791,122,111,11
40792,291,258,33
40793,308,273,35
40794,81,76,5
40795,116,106,10
40796,200,182,18
40797,68,62,6
40798,81,67,14
40799,124,106,18
40800,180,159,21
40801,95,82,13
40802,217,190,27
40803,142,120,22
40804,373,346,27
40805,120,105,15
40806,335,301,34
40807,64,59,5
40808,171,148,23
40809,56,51,5
40810,250,221,29
40811,197,179,18
40812,905,800,105
40813,123,115,8
40814,198,182,16
40815,140,130,10
40816,149,141,8
40817,193,168,25
40818,87,80,7
40819,188,169,19
40820,268,250,18
40821,148,126,22
40822,244,222,22
40823,454,385,69
40824,129,111,18
40825,167,152,15
40826,149,131,18
40827,382,338,44
40828,213,191,22
40829,169,149,20
40830,405,369,36
40831,158,143,15
40832,156,146,10
40833,151,133,18
40834,129,112,17
40835,233,207,26
40836,466,417,49
40837,195,166,29
40838,378,333,45
40839,183,170,13
40840,151,135,16
40841,215,192,23
40842,228,204,24
40843,147,128,19
40844,408,358,50
40845,69,60,9
40846,55,48,7
40847,261,217,44
40848,148,127,21
40849,266,238,28
40850,486,433,53
40851,141,126,15
40852,52,43,9
40853,89,75,14
40854,175,153,22
40855,52,50,2
40856,116,96,20
40857,60,55,5
40858,88,83,5
40859,463,413,50
40860,157,138,19
40861,113,102,11
40862,637,585,52
40863,120,112,8
40864,199,188,11
40865,260,236,24
40866,313,274,39
40867,127,118,9
40868,143,131,12
40869,130,117,13
40870,190,174,16
40871,772,686,86
40872,397,354,43
40873,177,161,16
40874,139,118,21
40875,111,94,17
40876,155,140,15
40877,133,122,11
40878,178,158,20
40879,50,47,3
40880,84,71,13
40881,136,116,20
40882,282,235,47
40883,133,123,10
40884,256,231,25
40885,116,103,13
40886,221,202,19
40887,160,142,18
40888,150,134,16
40889,262,220,42
40890,247,221,26
40891,137,123,14
40892,341,285,56
40893,209,183,26
40894,195,170,25
40895,141,132,9
40896,421,376,45
40897,362,317,45
40898,551,479,72
40899,312,263,49
40900,562,482,80
40901,341,301,40
40902,244,221,23
40903,213,191,22
40904,510,442,68
40905,251,219,32
40906,690,595,95
40907,206,186,20
40908,131,115,16
40909,229,206,23
40910,52,44,8
40911,243,217,26
40912,109,97,12
40913,126,112,14
40914,139,114,25
40915,183,154,29
40916,310,275,35
40917,121,110,11
40918,234,209,25
40919,81,69,12
40920,38,36,2
40921,143,126,17
40922,59,53,6
40923,130,113,17
40924,268,229,39
40925,327,291,36
40926,120,104,16
40927,381,345,36
40928,129,110,19
40929,297,266,31
40930,141,125,16
40931,180,161,19
40932,334,288,46
40933,128,110,18
40934,141,127,14
40935,163,141,22
40936,307,283,24
40937,162,144,18
40938,304,256,48
40939,115,101,14
40940,102,91,11
40941,37,34,3
40942,333,285,48
40943,167,150,17
40944,421,367,54
40945,214,184,30
40946,336,291,45
40947,218,191,27
40948,169,141,28
40949,274,238,36
40950,361,324,37
40951,180,160,20
40952,256,220,36
40953,131,116,15
40954,163,146,17
40955,233,217,16
40956,55,49,6
40957,125,114,11
40958,633,576,57
40959,139,128,11
40960,396,355,41
40961,61,53,8
40962,144,130,14
40963,344,313,31
40964,344,295,49
40965,34,32,2
40966,461,413,48
40967,53,48,5
40968,338,292,46
40969,286,248,38
40970,361,327,34
40971,186,156,30
40972,170,150,20
40973,143,128,15
40974,216,189,27
40975,211,181,30
40976,177,162,15
40977,194,173,21
40978,157,143,14
40979,80,74,6
40980,79,74,5
40981,53,47,6
40982,349,294,55
40983,488,436,52
40984,136,118,18
40985,387,323,64
40986,240,209,31
40987,536,468,68
40988,162,141,21
40989,335,283,52
40990,172,162,10
40991,54,48,6
40992,146,122,24
40993,75,67,8
40994,123,110,13
40995,80,72,8
40996,39,36,3
40997,147,125,22
40998,180,148,32
40999,694,608,86
41000,331,286,45
41001,123,101,22
41002,41,40,1
41003,401,352,49
41004,108,99,9
41005,167,152,15
41006,180,159,21
41007,968,871,97
41008,67,57,10
41009,181,160,21
41010,121,107,14
41011,198,177,21
41012,209,181,28
41013,251,221,30
41014,114,102,12
41015,195,164,31
41016,114,103,11
41017,101,91,10
41018,393,361,32
41019,59,51,8
41020,85,72,13
41021,317,283,34
41022,75,72,3
41023,57,52,5
41024,966,870,96
41025,195,169,26
41026,765,677,88
41027,113,100,13
41028,370,329,41
41029,134,116,18
41030,421,380,41
41031,473,427,46
41032,235,211,24
41033,182,167,15
41034,438,396,42
41035,76,68,8
41036,70,57,13
41037,307,278,29
41038,265,230,35
41039,354,309,45
41040,216,195,21
41041,320,290,30
41042,261,236,25
41043,64,57,7
41044,253,217,36
41045,141,130,11
41046,221,193,28
41047,58,53,5
41048,38,35,3
41049,83,79,4
41050,121,112,9
41051,133,122,11
41052,220,204,16
41053,101,92,9
41054,174,151,23
41055,142,130,12
41056,295,262,33
41057,134,124,10
41058,423,376,47
41059,471,407,64
41060,115,103,12
41061,109,89,20
41062,118,109,9
41063,801,718,83
41064,106,100,6
41065,243,217,26
41066,211,190,21
41067,48,42,6
41068,142,130,12
41069,280,256,24
41070,140,118,22
41071,155,142,13
41072,44,42,2
41073,245,214,31
41074,639,575,64
41075,213,187,26
41076,168,148,20
41077,552,492,60
41078,136,124,12
41079,46,41,5
41080,115,100,15
41081,172,155,17
41082,121,105,16
41083,239,217,22
41084,230,199,31
41085,666,588,78
41086,315,277,38
41087,497,452,45
41088,667,601,66
41089,771,699,72
41090,289,270,19
41091,144,129,15
41092,196,173,23
41093,137,122,15
41094,117,108,9
41095,131,118,13
41096,216,197,19
41097,227,205,22
41098,133,110,23
41099,81,73,8
41100,231,207,24
41101,332,290,42
41102,207,188,19
41103,579,510,69
41104,168,147,21
41105,286,254,32
41106,253,225,28
41107,149,120,29
41108,298,260,38
41109,173,144,29
41110,183,165,18
41111,133,117,16
41112,153,140,13
41113,92,83,9
41114,175,154,21
41115,185,169,16
41116,135,113,22
41117,148,136,12
41118,157,137,20
41119,260,220,40
41120,150,135,15
41121,154,131,23
41122,145,128,17
41123,256,226,30
41124,654,570,84
41125,172,154,18
41126,743,657,86
41127,1006,870,136
41128,175,158,17
41129,994,863,131
41130,155,138,17
41131,198,175,23
41132,235,211,24
41133,155,137,18
41134,265,233,32
41135,152,137,15
41136,241,212,29
41137,286,258,28
41138,501,458,43
41139,181,161,20
41140,138,127,11
41141,144,129,15
41142,329,304,25
41143,135,118,17
41144,93,89,4
41145,159,144,15
41146,205,184,21
41147,146,132,14
41148,43,38,5
41149,1009,908,101
41150,25,24,1
41151,142,130,12
41152,390,349,41
41153,223,194,29
41154,65,58,7
41155,155,136,19
41156,200,173,27
41157,171,155,16
41158,189,172,17
41159,298,255,43
41160,50,46,4
41161,160,145,15
41162,257,230,27
41163,144,133,11
41164,348,317,31
41165,163,149,14
41166,137,124,13
41167,137,121,16
41168,623,562,61
41169,113,102,11
41170,156,141,15
41171,154,138,16
41172,138,128,10
41173,466,420,46
41174,114,107,7
41175,192,176,16
41176,156,135,21
41177,265,228,37
41178,113,101,12
41179,66,57,9
41180,132,114,18
41181,364,315,49
41182,172,153,19
41183,172,161,11
41184,182,170,12
41185,147,138,9
41186,360,322,38
41187,470,390,80
41188,126,111,15
41189,162,143,19
41190,40,36,4
41191,122,102,20
41192,97,82,15
41193,139,124,15
41194,121,107,14
41195,158,138,20
41196,158,138,20
41197,955,853,102
41198,188,165,23
41199,123,113,10
41200,310,276,34
41201,161,134,27
41202,151,127,24
41203,150,133,17
41204,215,194,21
41205,59,55,4
41206,179,154,25
41207,179,164,15
41208,170,150,20
41209,305,270,35
41210,128,111,17
41211,156,133,23
41212,553,478,75
41213,504,452,52
41214,214,197,17
41215,164,140,24
41216,222,194,28
41217,135,124,11
41218,158,138,20
41219,130,110,20
41220,255,222,33
41221,135,113,22
41222,49,42,7
41223,250,220,30
41224,247,217,30
41225,630,574,56
41226,403,356,47
41227,232,209,23
41228,416,382,34
41229,137,123,14
41230,524,450,74
41231,133,127,6
41232,158,142,16
41233,115,102,13
41234,145,131,14
41235,265,236,29
41236,142,124,18
41237,162,144,18
41238,391,340,51
41239,236,211,25
41240,135,120,15
41241,459,397,62
41242,98,87,11
41243,192,172,20
41244,162,139,23
41245,48,46,2
41246,48,43,5
41247,47,41,6
41248,223,196,27
41249,81,70,11
41250,237,200,37
41251,84,70,14
41252,161,144,17
41253,414,344,70
41254,434,383,51
41255,164,147,17
41256,263,234,29
41257,379,344,35
41258,122,114,8
41259,254,219,35
41260,192,158,34
41261,259,234,25
41262,515,443,72
41263,522,468,54
41264,379,336,43
41265,129,121,8
41266,211,188,23
41267,468,415,53
41268,213,189,24
41269,153,137,16
41270,303,280,23
41271,173,146,27
41272,78,69,9
41273,240,209,31
41274,128,103,25
41275,507,457,50
41276,119,105,14
41277,170,151,19
41278,120,108,12
41279,150,131,19
41280,134,124,10
41281,138,122,16
41282,125,114,11
41283,154,141,13
41284,156,140,16
41285,150,137,13
41286,134,123,11
41287,266,241,25
41288,547,485,62
41289,274,247,27
41290,171,156,15
41291,128,117,11
41292,221,196,25
41293,31,26,5
41294,338,289,49
41295,123,108,15
41296,197,177,20
41297,143,121,22
41298,125,111,14
41299,258,230,28
41300,157,138,19
41301,213,176,37
41302,156,136,20
41303,249,233,16
41304,49,45,4
41305,107,97,10
41306,752,643,109
41307,434,386,48
41308,245,212,33
41309,256,239,17
41310,149,134,15
41311,229,207,22
41312,198,174,24
41313,48,44,4
41314,126,109,17
41315,165,150,15
41316,245,216,29
41317,143,134,9
41318,179,153,26
41319,127,116,11
41320,127,114,13
41321,177,153,24
41322,559,492,67
41323,134,123,11
41324,68,61,7
41325,161,150,11
41326,644,585,59
41327,231,206,25
41328,251,222,29
41329,117,102,15
41330,229,205,24
41331,345,300,45
41332,214,187,27
41333,225,206,19
41334,168,152,16
41335,166,148,18
41336,134,121,13
41337,88,73,15
41338,653,578,75
41339,375,341,34
41340,118,109,9
41341,122,110,12
41342,160,130,30
41343,108,93,15
41344,144,130,14
41345,360,319,41
41346,1001,893,108
41347,87,75,12
41348,148,130,18
41349,309,281,28
41350,242,214,28
41351,365,317,48
41352,154,137,17
41353,229,205,24
41354,332,301,31
41355,144,128,16
41356,109,98,11
41357,85,75,10
41358,60,49,11
41359,245,218,27
41360,143,118,25
41361,246,221,25
41362,190,171,19
41363,210,180,30
41364,257,238,19
41365,208,191,17
41366,166,149,17
41367,332,287,45
41368,166,153,13
41369,371,335,36
41370,122,109,13
41371,184,164,20
41372,145,132,13
41373,362,312,50
41374,754,677,77
41375,126,110,16
41376,112,97,15
41377,606,552,54
41378,152,134,18
41379,120,108,12
41380,116,99,17
41381,134,123,11
41382,337,303,34
41383,243,217,26
41384,452,399,53
41385,115,98,17
41386,261,229,32
41387,418,355,63
41388,180,157,23
41389,205,181,24
41390,447,394,53
41391,190,171,19
41392,301,266,35
41393,186,164,22
41394,771,662,109
41395,325,288,37
41396,118,106,12
41397,403,347,56
41398,131,117,14
41399,118,103,15
41400,105,92,13
41401,211,179,32
41402,142,126,16
41403,170,151,19
41404,399,344,55
41405,172,152,20
41406,312,287,25
41407,291,261,30
41408,203,173,30
41409,754,652,102
41410,299,259,40
41411,554,500,54
41412,174,162,12
41413,130,119,11
41414,480,437,43
41415,171,161,10
41416,375,328,47
41417,536,473,63
41418,175,151,24
41419,219,188,31
41420,232,197,35
41421,136,122,14
41422,161,136,25
41423,674,592,82
41424,136,123,13
41425,323,288,35
41426,157,134,23
41427,168,141,27
41428,125,113,12
41429,64,56,8
41430,325,288,37
41431,139,120,19
41432,74,69,5
41433,190,162,28
41434,658,609,49
41435,126,115,11
41436,193,171,22
41437,96,80,16
41438,227,205,22
41439,414,373,41
41440,457,418,39
41441,716,628,88
41442,203,178,25
41443,44,40,4
41444,153,136,17
41445,194,157,37
41446,132,116,16
41447,576,498,78
41448,78,65,13
41449,171,149,22
41450,481,408,73
41451,83,75,8
41452,334,291,43
41453,514,460,54
41454,218,196,22
41455,231,209,22
41456,154,136,18
41457,163,143,20
41458,161,134,27
41459,157,139,18
41460,122,106,16
41461,40,37,3
41462,149,136,13
41463,96,86,10
41464,149,124,25
41465,372,329,43
41466,49,43,6
41467,160,138,22
41468,97,84,13
41469,291,239,52
41470,219,199,20
41471,155,126,29
41472,150,135,15
41473,415,364,51
41474,524,441,83
41475,97,93,4
41476,140,121,19
41477,255,233,22
41478,53,46,7
41479,81,72,9
41480,225,199,26
41481,80,72,8
41482,329,282,47
41483,96,86,10
41484,123,111,12
41485,138,120,18
41486,295,260,35
41487,204,180,24
41488,65,59,6
41489,117,104,13
41490,221,194,27
41491,103,95,8
41492,83,74,9
41493,290,266,24
41494,47,40,7
41495,233,209,24
41496,326,291,35
41497,81,71,10
41498,208,192,16
41499,78,69,9
41500,160,147,13
41501,603,541,62
41502,199,173,26
41503,440,377,63
41504,322,295,27
41505,468,414,54
41506,359,322,37
41507,266,228,38
41508,137,121,16
41509,490,434,56
41510,121,105,16
41511,112,101,11
41512,148,124,24
41513,414,360,54
41514,126,113,13
41515,288,258,30
41516,421,366,55
41517,173,153,20
41518,173,152,21
41519,217,199,18
41520,294,259,35
41521,147,127,20
41522,210,188,22
41523,237,199,38
41524,164,141,23
41525,130,117,13
41526,170,150,20
41527,290,265,25
41528,198,171,27
41529,218,196,22
41530,714,632,82
41531,52,50,2
41532,119,103,16
41533,464,415,49
41534,109,93,16
41535,140,124,16
41536,174,155,19
41537,322,290,32
41538,234,206,28
41539,496,429,67
41540,122,111,11
41541,102,95,7
41542,267,241,26
41543,309,268,41
41544,314,278,36
41545,129,116,13
41546,156,138,18
41547,241,216,25
41548,125,111,14
41549,180,154,26
41550,76,71,5
41551,184,163,21
41552,151,133,18
41553,204,191,13
41554,123,106,17
41555,158,141,17
41556,159,134,25
41557,259,227,32
41558,175,151,24
41559,111,100,11
41560,119,106,13
41561,159,144,15
41562,96,85,11
41563,235,212,23
41564,399,360,39
41565,71,65,6
41566,44,41,3
41567,299,262,37
41568,410,367,43
41569,91,84,7
41570,389,337,52
41571,167,145,22
41572,108,90,18
41573,369,330,39
41574,329,278,51
41575,177,161,16
41576,304,265,39
41577,151,133,18
41578,148,136,12
41579,192,164,28
41580,171,156,15
41581,186,166,20
41582,115,107,8
41583,528,476,52
41584,144,126,18
41585,193,176,17
41586,116,102,14
41587,224,181,43
41588,250,222,28
41589,799,693,106
41590,153,139,14
41591,89,77,12
41592,142,115,27
41593,139,121,18
41594,362,322,40
41595,83,76,7
41596,570,495,75
41597,101,97,4
41598,141,127,14
41599,499,434,65
41600,116,105,11
41601,114,102,12
41602,58,53,5
41603,146,130,16
41604,69,60,9
41605,204,180,24
41606,231,201,30
41607,166,156,10
41608,98,89,9
41609,176,145,31
41610,209,175,34
41611,459,412,47
41612,126,116,10
41613,220,193,27
41614,138,125,13
41615,390,347,43
41616,463,412,51
41617,278,252,26
41618,229,201,28
41619,180,159,21
41620,309,279,30
41621,333,285,48
41622,210,184,26
41623,160,134,26
41624,706,638,68
41625,148,132,16
41626,204,183,21
41627,310,276,34
41628,108,89,19
41629,233,208,25
41630,131,121,10
41631,113,95,18
41632,453,418,35
41633,117,101,16
41634,289,256,33
41635,124,109,15
41636,264,237,27
41637,465,417,48
41638,296,263,33
41639,161,152,9
41640,389,337,52
41641,167,153,14
41642,155,140,15
41643,154,133,21
41644,349,324,25
41645,113,98,15
41646,119,106,13
41647,114,94,20
41648,190,173,17
41649,347,313,34
41650,974,844,130
41651,171,149,22
41652,140,123,17
41653,177,159,18
41654,148,134,14
41655,177,156,21
41656,333,291,42
41657,212,190,22
41658,182,168,14
41659,177,156,21
41660,482,428,54
41661,664,573,91
41662,205,178,27
41663,416,369,47
41664,370,324,46
41665,309,272,37
41666,274,248,26
41667,185,161,24
41668,810,737,73
41669,553,478,75
41670,226,203,23
41671,146,130,16
41672,231,208,23
41673,36,35,1
41674,118,107,11
41675,125,115,10
41676,213,191,22
41677,203,175,28
41678,62,55,7
41679,120,111,9
41680,468,410,58
41681,122,104,18
41682,602,520,82
41683,138,124,14
41684,94,74,20
41685,129,105,24
41686,163,144,19
41687,117,106,11
41688,189,166,23
41689,280,254,26
41690,315,274,41
41691,152,143,9
41692,282,258,24
41693,268,227,41
41694,251,213,38
41695,174,158,16
41696,126,112,14
41697,238,217,21
41698,110,95,15
41699,591,518,73
41700,208,188,20
41701,170,150,20
41702,584,518,66
41703,221,201,20
41704,423,380,43
41705,364,320,44
41706,472,411,61
41707,200,172,28
41708,326,297,29
41709,146,129,17
41710,445,383,62
41711,196,169,27
41712,133,121,12
41713,203,187,16
41714,332,299,33
41715,547,472,75
41716,281,246,35
41717,274,231,43
41718,174,145,29
41719,170,149,21
41720,632,577,55
41721,286,255,31
41722,274,241,33
41723,267,236,31
41724,405,367,38
41725,126,113,13
41726,60,57,3
41727,231,207,24
41728,333,298,35
41729,135,115,20
41730,360,316,44
41731,424,373,51
41732,154,134,20
41733,126,115,11
41734,125,116,9
41735,82,64,18
41736,122,102,20
41737,177,161,16
41738,203,181,22
41739,110,98,12
41740,171,150,21
41741,52,45,7
41742,69,56,13
41743,213,186,27
41744,50,44,6
41745,122,97,25
41746,91,81,10
41747,164,138,26
41748,67,56,11
41749,66,60,6
41750,114,105,9
41751,141,119,22
41752,279,240,39
41753,236,204,32
41754,482,430,52
41755,146,131,15
41756,150,134,16
41757,25,25,0
41758,311,285,26
41759,127,108,19
41760,132,122,10
41761,371,327,44
41762,65,58,7
41763,179,161,18
41764,56,51,5
41765,45,39,6
41766,120,111,9
41767,96,86,10
41768,287,262,25
41769,36,36,0
41770,163,148,15
41771,314,286,28
41772,832,756,76
41773,105,97,8
41774,197,177,20
41775,161,147,14
41776,366,327,39
41777,252,230,22
41778,150,133,17
41779,131,114,17
41780,122,114,8
41781,253,236,17
41782,152,140,12
41783,317,285,32
41784,551,488,63
41785,133,112,21
41786,224,205,19
41787,200,179,21
41788,195,158,37
41789,128,114,14
41790,136,121,15
41791,140,124,16
41792,202,181,21
41793,56,48,8
41794,169,154,15
41795,133,121,12
41796,133,122,11
41797,53,46,7
41798,116,101,15
41799,248,215,33
41800,121,111,10
41801,844,763,81
41802,164,148,16
41803,131,123,8
41804,138,118,20
41805,119,106,13
41806,419,371,48
41807,248,210,38
41808,167,144,23
41809,435,400,35
41810,117,108,9
41811,149,133,16
41812,139,121,18
41813,100,91,9
41814,65,57,8
41815,76,72,4
41816,60,56,4
41817,314,295,19
41818,101,90,11
41819,76,71,5
41820,115,101,14
41821,148,136,12
41822,809,705,104
41823,241,223,18
41824,211,190,21
41825,271,236,35
41826,167,151,16
41827,94,82,12
41828,198,169,29
41829,515,457,58
41830,313,287,26
41831,41,36,5
41832,215,186,29
41833,95,87,8
41834,241,216,25
41835,65,61,4
41836,136,125,11
41837,139,121,18
41838,57,51,6
41839,56,52,4
41840,131,117,14
41841,199,174,25
41842,119,109,10
41843,139,122,17
41844,403,362,41
41845,86,78,8
41846,163,148,15
41847,132,123,9
41848,131,117,14
41849,195,165,30
41850,145,127,18
41851,358,316,42
41852,72,65,7
41853,148,125,23
41854,186,167,19
41855,97,89,8
41856,227,206,21
41857,236,216,20
41858,82,73,9
41859,399,352,47
41860,350,317,33
41861,196,164,32
41862,664,602,62
41863,319,277,42
41864,312,279,33
41865,121,111,10
41866,159,137,22
41867,269,238,31
41868,814,724,90
41869,180,158,22
41870,107,93,14
41871,100,92,8
41872,278,246,32
41873,343,294,49
41874,75,64,11
41875,572,512,60
41876,116,101,15
41877,277,249,28
41878,369,309,60
41879,132,119,13
41880,424,371,53
41881,499,425,74
41882,437,383,54
41883,586,510,76
41884,82,72,10
41885,169,157,12
41886,175,156,19
41887,116,109,7
41888,46,39,7
41889,85,69,16
41890,481,422,59
41891,118,103,15
41892,457,404,53
41893,200,183,17
41894,215,189,26
41895,135,125,10
41896,80,75,5
41897,172,152,20
41898,91,84,7
41899,120,112,8
41900,257,237,20
41901,356,319,37
41902,159,142,17
41903,213,192,21
41904,138,119,19
41905,137,120,17
41906,845,735,110
41907,140,130,10
41908,86,83,3
41909,223,201,22
41910,135,120,15
41911,121,109,12
41912,45,38,7
41913,300,277,23
41914,113,106,7
41915,125,114,11
41916,987,873,114
41917,535,472,63
41918,492,422,70
41919,393,351,42
41920,122,103,19
41921,196,177,19
41922,217,202,15
41923,132,118,14
41924,200,182,18
41925,119,104,15
41926,432,399,33
41927,129,114,15
41928,230,201,29
41929,165,144,21
41930,107,98,9
41931,151,140,11
41932,209,188,21
41933,147,124,23
41934,372,336,36
41935,217,195,22
41936,636,541,95
41937,190,167,23
41938,455,399,56
41939,190,165,25
41940,712,643,69
41941,257,233,24
41942,100,87,13
41943,151,139,12
41944,118,106,12
41945,461,417,44
41946,272,239,33
41947,176,156,20
41948,155,136,19
41949,97,84,13
41950,180,160,20
41951,235,206,29
41952,312,270,42
41953,120,108,12
41954,138,119,19
41955,168,152,16
41956,650,586,64
41957,134,118,16
41958,77,68,9
41959,89,77,12
41960,177,157,20
41961,667,588,79
41962,114,98,16
41963,125,115,10
41964,231,194,37
41965,305,273,32
41966,89,75,14
41967,121,106,15
41968,250,224,26
41969,255,226,29
41970,68,59,9
41971,285,250,35
41972,229,198,31
41973,130,121,9
41974,489,426,63
41975,166,144,22
41976,525,484,41
41977,278,247,31
41978,116,108,8
41979,191,180,11
41980,472,432,40
41981,140,117,23
41982,318,280,38
41983,261,236,25
41984,329,287,42
41985,337,301,36
41986,210,192,18
41987,216,195,21
41988,211,186,25
41989,286,254,32
41990,204,183,21
41991,263,246,17
41992,135,125,10
41993,149,139,10
41994,211,182,29
41995,166,149,17
41996,167,152,15
41997,108,96,12
41998,352,321,31
41999,131,113,18
42000,123,108,15
42001,152,134,18
42002,303,273,30
42003,159,149,10
42004,212,195,17
42005,222,189,33
42006,191,164,27
42007,146,127,19
42008,135,127,8
42009,250,220,30
42010,136,118,18
42011,192,176,16
42012,247,224,23
42013,375,331,44
42014,107,94,13
42015,198,170,28
42016,45,41,4
42017,193,174,19
42018,107,94,13
42019,119,108,11
42020,115,100,15
42021,222,205,17
42022,245,223,22
42023,59,55,4
42024,97,85,12
42025,46,40,6
42026,76,63,13
42027,130,125,5
42028,230,215,15
42029,204,185,19
42030,469,412,57
42031,196,175,21
42032,397,355,42
42033,137,113,24
42034,183,165,18
42035,533,468,65
42036,164,144,20
42037,158,137,21
42038,65,47,18
42039,45,40,5
42040,128,112,16
42041,202,180,22
42042,49,44,5
42043,307,270,37
42044,164,148,16
42045,594,504,90
42046,141,128,13
42047,152,131,21
42048,198,174,24
42049,63,55,8
42050,579,507,72
42051,165,149,16
42052,26,23,3
42053,119,99,20
42054,467,433,34
42055,119,105,14
42056,131,110,21
42057,266,229,37
42058,187,170,17
42059,113,106,7
42060,163,139,24
42061,252,215,37
42062,136,124,12
42063,156,136,20
42064,159,141,18
42065,391,345,46
42066,86,71,15
42067,117,105,12
42068,109,100,9
42069,149,133,16
42070,271,240,31
42071,167,158,9
42072,128,109,19
42073,149,132,17
42074,150,135,15
42075,476,407,69
42076,708,643,65
42077,110,92,18
42078,136,121,15
42079,273,239,34
42080,153,133,20
42081,197,175,22
42082,144,130,14
42083,193,177,16
42084,173,150,23
42085,134,122,12
42086,384,337,47
42087,164,142,22
42088,238,214,24
42089,169,151,18
42090,237,214,23
42091,157,132,25
42092,78,69,9
42093,939,831,108
42094,106,90,16
42095,77,74,3
42096,146,130,16
42097,453,401,52
42098,217,188,29
42099,179,158,21
42100,387,342,45
42101,287,243,44
42102,146,129,17
42103,77,69,8
42104,331,296,35
42105,240,202,38
42106,149,137,12
42107,139,127,12
42108,94,88,6
42109,286,260,26
42110,125,111,14
42111,144,125,19
42112,810,714,96
42113,114,99,15
42114,129,116,13
42115,170,152,18
42116,678,586,92
42117,240,212,28
42118,275,240,35
42119,304,271,33
42120,216,194,22
42121,105,94,11
42122,201,178,23
42123,121,109,12
42124,192,166,26
42125,145,128,17
42126,928,813,115
42127,247,219,28
42128,463,412,51
42129,229,195,34
42130,660,591,69
42131,293,260,33
42132,216,203,13
42133,173,152,21
42134,136,125,11
42135,358,314,44
42136,138,116,22
42137,115,100,15
42138,198,171,27
42139,331,284,47
42140,117,101,16
42141,126,110,16
42142,416,365,51
42143,285,249,36
42144,119,110,9
42145,125,114,11
42146,399,348,51
42147,98,81,17
42148,962,860,102
42149,318,278,40
42150,83,72,11
42151,71,59,12
42152,673,572,101
42153,258,226,32
42154,450,394,56
42155,308,281,27
42156,204,186,18
42157,666,598,68
42158,226,208,18
42159,160,144,16
42160,186,167,19
42161,174,163,11
42162,92,85,7
42163,157,137,20
42164,41,35,6
42165,213,186,27
42166,389,347,42
42167,370,338,32
42168,119,111,8
42169,61,53,8
42170,213,194,19
42171,212,192,20
42172,167,140,27
42173,123,105,18
42174,442,381,61
42175,646,560,86
42176,157,134,23
42177,345,295,50
42178,372,331,41
42179,160,147,13
42180,173,159,14
42181,91,88,3
42182,439,398,41
42183,240,215,25
42184,125,114,11
42185,137,127,10
42186,152,143,9
42187,279,246,33
42188,127,112,15
42189,102,86,16
42190,283,246,37
42191,413,362,51
42192,73,64,9
42193,134,121,13
42194,46,41,5
42195,184,170,14
42196,193,171,22
42197,107,95,12
42198,79,76,3
42199,204,174,30
42200,182,169,13
42201,152,133,19
42202,245,221,24
42203,130,121,9
42204,182,164,18
42205,167,150,17
42206,133,121,12
42207,76,56,20
42208,178,164,14
42209,88,80,8
42210,142,125,17
42211,199,179,20
42212,132,113,19
42213,129,113,16
42214,242,221,21
42215,274,249,25
42216,508,434,74
42217,132,110,22
42218,152,141,11
42219,217,195,22
42220,802,688,114
42221,453,401,52
42222,261,229,32
42223,144,127,17
42224,342,286,56
42225,179,162,17
42226,310,266,44
42227,148,130,18
42228,53,44,9
42229,367,325,42
42230,205,182,23
42231,251,220,31
42232,96,83,13
42233,168,145,23
42234,55,50,5
42235,252,231,21
42236,149,132,17
42237,177,163,14
42238,125,112,13
42239,240,213,27
42240,119,108,11
42241,193,172,21
42242,149,133,16
42243,151,130,21
42244,319,287,32
42245,242,216,26
42246,181,158,23
42247,403,369,34
42248,303,269,34
42249,121,101,20
42250,303,260,43
42251,405,354,51
42252,410,383,27
42253,171,152,19
42254,462,422,40
42255,187,166,21
42256,104,93,11
42257,196,171,25
42258,112,98,14
42259,187,159,28
42260,110,99,11
42261,112,101,11
42262,187,171,16
42263,343,313,30
42264,467,426,41
42265,469,415,54
42266,137,120,17
42267,137,112,25
42268,347,311,36
42269,203,180,23
42270,120,110,10
42271,290,259,31
42272,480,426,54
42273,180,168,12
42274,454,409,45
42275,166,146,20
42276,251,220,31
42277,122,108,14
42278,746,661,85
42279,144,128,16
42280,299,265,34
42281,162,140,22
42282,142,123,19
42283,126,114,12
42284,462,408,54
42285,200,173,27
42286,36,33,3
42287,248,225,23
42288,134,118,16
42289,247,223,24
42290,306,271,35
42291,168,145,23
42292,214,193,21
42293,523,471,52
42294,324,296,28
42295,257,228,29
42296,210,188,22
42297,425,370,55
42298,266,235,31
42299,636,570,66
42300,283,241,42
42301,174,154,20
42302,113,94,19
42303,116,106,10
42304,260,231,29
42305,215,197,18
42306,378,332,46
42307,454,402,52
42308,156,136,20
42309,52,48,4
42310,115,106,9
42311,110,94,16
42312,417,373,44
42313,331,287,44
42314,58,51,7
42315,68,62,6
42316,172,157,15
42317,192,178,14
42318,56,50,6
42319,46,42,4
42320,277,247,30
42321,179,161,18
42322,76,68,8
42323,366,324,42
42324,103,91,12
42325,82,75,7
42326,117,104,13
42327,27,26,1
42328,282,257,25
42329,130,118,12
42330,58,48,10
42331,73,71,2
42332,130,110,20
42333,202,178,24
42334,128,115,13
42335,54,50,4
42336,104,93,11
42337,69,64,5
42338,147,128,19
42339,357,326,31
42340,348,315,33
42341,149,136,13
42342,82,72,10
42343,251,227,24
42344,205,171,34
42345,91,82,9
42346,174,162,12
42347,126,113,13
42348,126,116,10
42349,89,79,10
42350,236,202,34
42351,212,191,21
42352,276,238,38
42353,75,59,16
42354,148,131,17
42355,250,223,27
42356,138,120,18
42357,182,162,20
42358,49,38,11
42359,93,86,7
42360,169,152,17
42361,135,126,9
42362,462,398,64
42363,458,402,56
42364,262,227,35
42365,510,447,63
42366,89,72,17
42367,383,329,54
42368,126,114,12
42369,439,395,44
42370,153,134,19
42371,154,135,19
42372,125,109,16
42373,187,162,25
42374,194,168,26
42375,223,198,25
42376,187,171,16
42377,108,93,15
42378,183,169,14
42379,195,174,21
42380,314,275,39
42381,124,108,16
42382,304,270,34
42383,368,336,32
42384,209,181,28
42385,169,161,8
42386,803,715,88
42387,184,170,14
42388,160,148,12
42389,287,253,34
42390,293,270,23
42391,121,112,9
42392,119,111,8
42393,129,114,15
42394,275,242,33
42395,139,129,10
42396,242,211,31
42397,108,103,5
42398,737,674,63
42399,136,117,19
42400,171,143,28
42401,189,167,22
42402,62,57,5
42403,208,181,27
42404,310,279,31
42405,153,138,15
42406,133,118,15
42407,55,50,5
42408,49,45,4
42409,112,93,19
42410,176,163,13
42411,83,76,7
42412,139,122,17
42413,93,77,16
42414,50,48,2
42415,103,92,11
42416,168,155,13
42417,85,79,6
42418,209,185,24
42419,135,115,20
42420,142,131,11
42421,164,137,27
42422,115,101,14
42423,130,119,11
42424,142,135,7
42425,571,504,67
42426,206,188,18
42427,373,332,41
42428,373,332,41
42429,126,106,20
42430,195,166,29
42431,328,288,40
42432,73,63,10
42433,218,202,16
42434,251,225,26
42435,101,91,10
42436,100,87,13
42437,53,51,2
42438,499,447,52
42439,315,272,43
42440,143,137,6
42441,103,98,5
42442,106,88,18
42443,67,59,8
42444,144,128,16
42445,120,107,13
42446,106,99,7
42447,328,301,27
42448,124,111,13
42449,363,336,27
42450,141,122,19
42451,776,711,65
42452,188,168,20
42453,815,719,96
42454,126,111,15
42455,357,324,33
42456,185,164,21
42457,549,487,62
42458,92,83,9
42459,295,263,32
42460,157,145,12
42461,162,130,32
42462,625,542,83
42463,128,111,17
42464,138,123,15
42465,140,132,8
42466,10,9,1
42467,157,137,20
42468,101,89,12
42469,250,230,20
42470,138,119,19
42471,401,369,32
42472,148,128,20
42473,170,156,14
42474,222,183,39
42475,138,121,17
42476,180,154,26
42477,66,61,5
42478,102,96,6
42479,204,184,20
42480,135,112,23
42481,176,149,27
42482,119,101,18
42483,60,54,6
42484,179,158,21
42485,120,102,18
42486,171,152,19
42487,1004,903,101
42488,445,388,57
42489,176,158,18
42490,240,209,31
42491,407,326,81
42492,50,47,3
42493,154,138,16
42494,215,190,25
42495,174,159,15
42496,265,221,44
42497,165,150,15
42498,131,114,17
42499,169,142,27
42500,180,145,35
42501,288,252,36
42502,142,124,18
42503,177,154,23
42504,23,21,2
42505,155,141,14
42506,221,187,34
42507,114,104,10
42508,794,704,90
42509,125,111,14
42510,144,134,10
42511,232,207,25
42512,38,33,5
42513,40,36,4
42514,62,58,4
42515,145,133,12
42516,134,125,9
42517,226,195,31
42518,124,115,9
42519,121,107,14
42520,140,129,11
42521,45,40,5
42522,620,551,69
42523,223,203,20
42524,251,226,25
42525,140,121,19
42526,173,163,10
42527,40,32,8
42528,997,918,79
42529,202,179,23
42530,239,216,23
42531,94,83,11
42532,150,134,16
42533,43,39,4
42534,123,108,15
42535,125,112,13
42536,363,333,30
42537,226,206,20
42538,167,150,17
42539,145,135,10
42540,127,118,9
42541,153,146,7
42542,156,147,9
42543,428,391,37
42544,276,252,24
42545,151,136,15
42546,152,137,15
42547,288,251,37
42548,207,175,32
42549,123,106,17
42550,173,153,20
42551,318,290,28
42552,273,240,33
42553,499,449,50
42554,152,132,20
42555,247,216,31
42556,188,157,31
42557,292,249,43
42558,225,202,23
42559,440,384,56
42560,138,119,19
42561,139,119,20
42562,220,194,26
42563,165,149,16
42564,43,41,2
42565,239,210,29
42566,137,123,14
42567,195,178,17
42568,116,101,15
42569,919,814,105
42570,143,125,18
42571,188,166,22
42572,181,171,10
42573,186,161,25
42574,299,254,45
42575,222,200,22
42576,131,117,14
42577,368,310,58
42578,332,280,52
42579,567,484,83
42580,684,596,88
42581,139,119,20
42582,218,190,28
42583,303,258,45
42584,197,183,14
42585,142,134,8
42586,219,197,22
42587,448,386,62
42588,151,134,17
42589,347,312,35
42590,226,199,27
42591,127,105,22
42592,89,79,10
42593,236,202,34
42594,212,191,21
42595,276,238,38
42596,75,59,16
42597,148,131,17
42598,138,120,18
42599,221,198,23
42600,182,162,20
42601,49,38,11
42602,93,86,7
42603,169,152,17
42604,135,126,9
42605,462,398,64
42606,458,402,56
42607,194,163,31
42608,236,206,30
42609,127,116,11
42610,415,370,45
42611,94,83,11
42612,221,201,20
42613,714,629,85
42614,104,93,11
42615,46,39,7
42616,66,59,7
42617,590,519,71
42618,323,278,45
42619,202,177,25
42620,295,262,33
42621,223,205,18
42622,134,124,10
42623,423,376,47
42624,471,407,64
42625,115,103,12
42626,109,89,20
42627,118,109,9
42628,801,718,83
42629,106,100,6
42630,211,190,21
42631,48,42,6
42632,182,169,13
42633,142,130,12
42634,280,256,24
42635,140,118,22
42636,155,142,13
42637,44,42,2
42638,245,214,31
42639,639,575,64
42640,213,187,26
42641,52,45,7
42642,267,244,23
42643,164,151,13
42644,137,115,22
42645,123,108,15
42646,321,284,37
42647,525,467,58
42648,305,274,31
42649,533,496,37
42650,152,139,13
42651,239,216,23
42652,150,137,13
42653,161,142,19
42654,114,105,9
42655,256,223,33
42656,273,234,39
42657,611,545,66
42658,353,306,47
42659,164,140,24
42660,257,233,24
42661,196,179,17
42662,133,111,22
42663,409,344,65
42664,121,109,12
42665,145,126,19
42666,120,106,14
42667,134,122,12
42668,216,197,19
42669,161,143,18
42670,242,214,28
42671,384,339,45
42672,120,108,12
42673,464,421,43
42674,192,176,16
42675,140,124,16
42676,209,180,29
42677,288,261,27
42678,190,165,25
42679,264,225,39
42680,233,211,22
42681,146,130,16
42682,149,132,17
42683,194,177,17
42684,170,152,18
42685,155,138,17
42686,171,145,26
42687,112,97,15
42688,238,204,34
42689,376,326,50
42690,292,255,37
42691,969,830,139
42692,526,444,82
42693,458,395,63
42694,101,82,19
42695,138,129,9
42696,154,136,18
42697,400,348,52
42698,698,592,106
42699,176,164,12
42700,238,211,27
42701,170,154,16
42702,149,130,19
42703,281,248,33
42704,225,197,28
42705,106,96,10
42706,42,37,5
42707,54,48,6
42708,488,422,66
42709,167,146,21
42710,126,116,10
42711,507,458,49
42712,169,156,13
42713,134,117,17
42714,152,143,9
42715,176,163,13
42716,132,118,14
42717,105,94,11
42718,127,109,18
42719,506,461,45
42720,105,98,7
42721,128,111,17
42722,100,91,9
42723,414,369,45
42724,198,181,17
42725,179,160,19
42726,590,527,63
42727,1030,881,149
42728,183,161,22
42729,127,116,11
42730,108,99,9
42731,178,157,21
42732,169,159,10
42733,129,112,17
42734,120,107,13
42735,160,147,13
42736,120,107,13
42737,103,88,15
42738,172,156,16
42739,129,123,6
42740,512,454,58
42741,273,242,31
42742,132,119,13
42743,192,178,14
42744,191,178,13
42745,158,136,22
42746,139,128,11
42747,231,197,34
42748,724,627,97
42749,726,619,107
42750,106,88,18
42751,186,172,14
42752,908,829,79
42753,104,85,19
42754,146,132,14
42755,195,174,21
42756,164,147,17
42757,202,184,18
42758,74,64,10
42759,161,142,19
42760,203,184,19
42761,74,64,10
42762,144,128,16
42763,194,172,22
42764,241,220,21
42765,185,173,12
42766,147,132,15
42767,235,210,25
42768,178,152,26
42769,248,220,28
42770,394,352,42
42771,212,190,22
42772,912,810,102
42773,112,95,17
42774,134,117,17
42775,193,158,35
42776,217,198,19
42777,656,609,47
42778,149,134,15
42779,705,636,69
42780,138,122,16
42781,111,97,14
42782,986,891,95
42783,179,160,19
42784,128,114,14
42785,304,262,42
42786,786,703,83
42787,485,442,43
42788,145,122,23
42789,455,404,51
42790,72,65,7
42791,125,109,16
42792,106,90,16
42793,204,180,24
42794,397,355,42
42795,100,91,9
42796,173,148,25
42797,265,247,18
42798,153,137,16
42799,193,160,33
42800,48,42,6
42801,70,64,6
42802,131,115,16
42803,216,194,22
42804,163,150,13
42805,380,356,24
42806,558,492,66
42807,622,548,74
42808,61,55,6
42809,87,78,9
42810,53,46,7
42811,186,167,19
42812,64,58,6
42813,298,267,31
42814,200,180,20
42815,135,120,15
42816,120,100,20
42817,238,208,30
42818,119,108,11
42819,133,116,17
42820,182,159,23
42821,53,44,9
42822,449,392,57
42823,123,109,14
42824,68,63,5
42825,154,136,18
42826,146,133,13
42827,233,206,27
42828,157,133,24
42829,254,227,27
42830,206,185,21
42831,127,112,15
42832,144,130,14
42833,164,146,18
42834,156,139,17
42835,222,192,30
42836,227,207,20
42837,99,92,7
42838,68,59,9
42839,647,566,81
42840,144,127,17
42841,334,292,42
42842,132,120,12
42843,224,203,21
42844,139,123,16
42845,131,114,17
42846,301,282,19
42847,115,109,6
42848,269,238,31
42849,139,122,17
42850,547,481,66
42851,140,128,12
42852,520,444,76
42853,584,499,85
42854,230,199,31
42855,196,170,26
42856,127,115,12
42857,130,112,18
42858,414,364,50
42859,290,255,35
42860,157,143,14
42861,286,242,44
42862,84,69,15
42863,145,131,14
42864,52,45,7
42865,163,142,21
42866,212,194,18
42867,225,195,30
42868,90,75,15
42869,95,82,13
42870,119,106,13
42871,98,87,11
42872,639,566,73
42873,302,271,31
42874,159,140,19
42875,269,248,21
42876,378,336,42
42877,160,143,17
42878,104,93,11
42879,56,49,7
42880,44,41,3
42881,217,194,23
42882,195,180,15
42883,99,85,14
42884,142,133,9
42885,166,156,10
42886,270,234,36
42887,355,321,34
42888,156,141,15
42889,327,298,29
42890,141,120,21
42891,135,115,20
42892,165,138,27
42893,118,109,9
42894,208,181,27
42895,148,120,28
42896,317,283,34
42897,120,106,14
42898,100,89,11
42899,282,246,36
42900,40,37,3
42901,233,200,33
42902,134,119,15
42903,415,373,42
42904,402,364,38
42905,139,128,11
42906,571,508,63
42907,320,285,35
42908,271,233,38
42909,801,713,88
42910,29,25,4
42911,230,207,23
42912,386,341,45
42913,131,115,16
42914,144,125,19
42915,244,213,31
42916,131,117,14
42917,530,473,57
42918,520,459,61
42919,125,106,19
42920,138,123,15
42921,46,39,7
42922,121,100,21
42923,172,153,19
42924,169,156,13
42925,434,380,54
42926,141,126,15
42927,504,454,50
42928,244,217,27
42929,605,534,71
42930,247,221,26
42931,208,187,21
42932,260,225,35
42933,204,183,21
42934,582,516,66
42935,247,218,29
42936,234,210,24
42937,201,174,27
42938,133,119,14
42939,513,457,56
42940,163,144,19
42941,671,596,75
42942,114,102,12
42943,407,364,43
42944,50,45,5
42945,136,119,17
42946,238,205,33
42947,213,187,26
42948,153,134,19
42949,327,287,40
42950,138,119,19
42951,121,101,20
42952,147,136,11
42953,107,96,11
42954,168,148,20
42955,133,118,15
42956,203,183,20
42957,120,105,15
42958,318,290,28
42959,300,263,37
42960,256,237,19
42961,144,129,15
42962,300,252,48
42963,142,116,26
42964,107,86,21
42965,89,68,21
42966,248,209,39
42967,651,560,91
42968,97,88,9
42969,146,134,12
42970,248,231,17
42971,137,127,10
42972,125,110,15
42973,182,164,18
42974,121,112,9
42975,171,152,19
42976,122,112,10
42977,160,146,14
42978,214,190,24
42979,322,288,34
42980,122,115,7
42981,202,172,30
42982,317,282,35
42983,240,204,36
42984,144,134,10
42985,128,115,13
42986,383,329,54
42987,391,341,50
42988,136,109,27
42989,158,139,19
42990,189,162,27
42991,142,117,25
42992,166,142,24
42993,249,219,30
42994,624,567,57
42995,136,118,18
42996,194,169,25
42997,76,64,12
42998,229,206,23
42999,162,141,21
43000,272,228,44
43001,161,143,18
43002,200,168,32
43003,142,120,22
43004,229,204,25
43005,144,129,15
43006,171,153,18
43007,102,91,11
43008,220,198,22
43009,339,300,39
43010,186,162,24
43011,479,420,59
43012,254,223,31
43013,158,146,12
43014,294,261,33
43015,179,150,29
43016,234,200,34
43017,56,55,1
43018,162,139,23
43019,44,44,0
43020,124,107,17
43021,161,144,17
43022,153,132,21
43023,911,814,97
43024,48,42,6
43025,132,119,13
43026,216,192,24
43027,135,118,17
43028,131,111,20
43029,92,85,7
43030,119,110,9
43031,32,28,4
43032,174,159,15
43033,148,130,18
43034,174,147,27
43035,90,83,7
43036,128,117,11
43037,80,73,7
43038,194,170,24
43039,115,92,23
43040,142,124,18
43041,174,151,23
43042,97,91,6
43043,115,104,11
43044,367,324,43
43045,467,403,64
43046,141,124,17
43047,302,267,35
43048,172,147,25
43049,564,517,47
43050,240,210,30
43051,170,153,17
43052,432,388,44
43053,345,314,31
43054,90,82,8
43055,161,141,20
43056,378,334,44
43057,206,187,19
43058,275,241,34
43059,121,109,12
43060,113,91,22
43061,210,183,27
43062,162,144,18
43063,249,228,21
43064,275,246,29
43065,134,110,24
43066,524,468,56
43067,106,96,10
43068,564,509,55
43069,126,114,12
43070,140,131,9
43071,602,529,73
43072,449,402,47
43073,190,171,19
43074,199,166,33
43075,140,128,12
43076,719,628,91
43077,158,143,15
43078,279,240,39
43079,148,130,18
43080,286,249,37
43081,316,275,41
43082,209,178,31
43083,69,68,1
43084,195,171,24
43085,168,156,12
43086,183,164,19
43087,132,115,17
43088,133,112,21
43089,272,242,30
43090,150,132,18
43091,192,162,30
43092,792,706,86
43093,131,124,7
43094,286,254,32
43095,256,231,25
43096,58,50,8
43097,323,297,26
43098,180,154,26
43099,348,309,39
43100,311,273,38
43101,189,162,27
43102,338,299,39
43103,262,231,31
43104,105,96,9
43105,340,302,38
43106,342,303,39
43107,122,111,11
43108,153,137,16
43109,190,165,25
43110,226,205,21
43111,135,116,19
43112,179,160,19
43113,184,169,15
43114,165,148,17
43115,86,79,7
43116,305,266,39
43117,126,110,16
43118,141,120,21
43119,142,130,12
43120,129,113,16
43121,255,221,34
43122,199,188,11
43123,334,286,48
43124,147,131,16
43125,306,277,29
43126,108,97,11
43127,121,106,15
43128,122,103,19
43129,145,125,20
43130,403,362,41
43131,298,263,35
43132,123,104,19
43133,185,168,17
43134,204,187,17
43135,556,503,53
43136,189,167,22
43137,81,76,5
43138,216,191,25
43139,63,56,7
43140,177,158,19
43141,274,240,34
43142,125,106,19
43143,325,280,45
43144,187,168,19
43145,143,127,16
43146,248,218,30
43147,188,165,23
43148,105,99,6
43149,150,132,18
43150,136,117,19
43151,181,160,21
43152,131,119,12
43153,113,100,13
43154,184,157,27
43155,199,176,23
43156,132,123,9
43157,377,339,38
43158,280,249,31
43159,104,96,8
43160,126,115,11
43161,26,24,2
43162,34,29,5
43163,95,83,12
43164,89,77,12
43165,299,258,41
43166,70,63,7
43167,98,83,15
43168,286,247,39
43169,51,43,8
43170,49,43,6
43171,196,173,23
43172,170,150,20
43173,251,221,30
43174,141,127,14
43175,56,50,6
43176,153,133,20
43177,172,158,14
43178,424,381,43
43179,173,161,12
43180,215,184,31
43181,259,227,32
43182,295,261,34
43183,153,129,24
43184,135,121,14
43185,576,484,92
43186,569,517,52
43187,105,94,11
43188,99,84,15
43189,56,53,3
43190,497,426,71
43191,274,236,38
43192,364,330,34
43193,95,80,15
43194,122,110,12
43195,167,151,16
43196,384,354,30
43197,118,102,16
43198,223,197,26
43199,98,81,17
43200,237,207,30
43201,282,236,46
43202,242,206,36
43203,134,115,19
43204,570,514,56
43205,116,103,13
43206,399,352,47
43207,198,179,19
43208,183,159,24
43209,184,167,17
43210,260,227,33
43211,131,116,15
43212,111,104,7
43213,293,257,36
43214,548,487,61
43215,272,234,38
43216,63,56,7
43217,125,112,13
43218,420,375,45
43219,172,155,17
43220,140,123,17
43221,271,238,33
43222,424,393,31
43223,128,112,16
43224,102,89,13
43225,99,91,8
43226,175,151,24
43227,918,820,98
43228,146,134,12
43229,347,310,37
43230,211,180,31
43231,327,298,29
43232,281,250,31
43233,214,190,24
43234,77,71,6
43235,32,29,3
43236,27,26,1
43237,86,79,7
43238,63,57,6
43239,334,308,26
43240,71,67,4
43241,63,54,9
43242,111,101,10
43243,60,58,2
43244,256,226,30
43245,63,57,6
43246,149,126,23
43247,679,600,79
43248,220,195,25
43249,102,89,13
43250,161,145,16
43251,163,145,18
43252,283,261,22
43253,140,113,27
43254,123,111,12
43255,157,136,21
43256,90,75,15
43257,140,132,8
43258,143,125,18
43259,37,33,4
43260,53,44,9
43261,108,89,19
43262,252,213,39
43263,200,177,23
43264,146,132,14
43265,194,171,23
43266,346,306,40
43267,135,121,14
43268,120,108,12
43269,128,118,10
43270,183,170,13
43271,145,128,17
43272,291,267,24
43273,207,194,13
43274,238,213,25
43275,202,177,25
43276,379,338,41
43277,140,124,16
43278,171,150,21
43279,202,182,20
43280,259,225,34
43281,200,182,18
43282,109,99,10
43283,230,206,24
43284,505,446,59
43285,56,50,6
43286,398,355,43
43287,230,210,20
43288,317,291,26
43289,191,164,27
43290,254,218,36
43291,242,219,23
43292,175,149,26
43293,155,136,19
43294,155,140,15
43295,420,379,41
43296,143,131,12
43297,246,206,40
43298,234,209,25
43299,103,89,14
43300,183,167,16
43301,427,372,55
43302,167,149,18
43303,64,57,7
43304,306,266,40
43305,190,176,14
43306,118,107,11
43307,258,226,32
43308,42,39,3
43309,156,139,17
43310,237,214,23
43311,65,54,11
43312,248,227,21
43313,101,88,13
43314,282,256,26
43315,304,265,39
43316,277,247,30
43317,170,153,17
43318,413,362,51
43319,387,335,52
43320,266,221,45
43321,370,315,55
43322,165,143,22
43323,95,80,15
43324,460,402,58
43325,149,137,12
43326,1033,921,112
43327,465,404,61
43328,177,159,18
43329,127,117,10
43330,180,160,20
43331,165,150,15
43332,563,483,80
43333,161,141,20
43334,393,350,43
43335,364,315,49
43336,127,118,9
43337,191,180,11
43338,469,412,57
43339,122,111,11
43340,150,137,13
43341,294,256,38
43342,103,89,14
43343,153,139,14
43344,149,131,18
43345,68,59,9
43346,160,136,24
43347,356,316,40
43348,141,126,15
43349,125,113,12
43350,149,140,9
43351,169,149,20
43352,53,46,7
43353,207,186,21
43354,520,439,81
43355,188,167,21
43356,277,247,30
43357,277,250,27
43358,382,327,55
43359,143,128,15
43360,128,115,13
43361,235,221,14
43362,235,211,24
43363,299,274,25
43364,197,176,21
43365,177,160,17
43366,138,129,9
43367,170,156,14
43368,69,62,7
43369,221,204,17
43370,280,249,31
43371,191,173,18
43372,75,66,9
43373,187,170,17
43374,211,186,25
43375,203,186,17
43376,212,200,12
43377,153,132,21
43378,239,215,24
43379,237,216,21
43380,75,67,8
43381,200,181,19
43382,162,150,12
43383,170,153,17
43384,172,166,6
43385,150,136,14
43386,155,137,18
43387,131,111,20
43388,198,174,24
43389,113,98,15
43390,197,167,30
43391,175,151,24
43392,267,241,26
43393,468,395,73
43394,216,190,26
43395,144,132,12
43396,203,181,22
43397,695,628,67
43398,107,98,9
43399,118,109,9
43400,183,153,30
43401,772,692,80
43402,151,131,20
43403,225,198,27
43404,127,108,19
43405,328,300,28
43406,124,115,9
43407,114,100,14
43408,129,116,13
43409,128,107,21
43410,179,161,18
43411,161,152,9
43412,201,172,29
43413,900,794,106
43414,115,106,9
43415,100,91,9
43416,105,93,12
43417,382,330,52
43418,349,310,39
43419,148,134,14
43420,152,133,19
43421,244,208,36
43422,138,124,14
43423,316,279,37
43424,820,712,108
43425,428,378,50
43426,188,166,22
43427,126,114,12
43428,227,207,20
43429,570,505,65
43430,372,317,55
43431,194,179,15
43432,757,668,89
43433,223,193,30
43434,209,191,18
43435,224,197,27
43436,464,412,52
43437,1002,895,107
43438,532,458,74
43439,278,246,32
43440,528,465,63
43441,189,160,29
43442,157,136,21
43443,280,247,33
43444,186,164,22
43445,159,139,20
43446,138,126,12
43447,318,285,33
43448,186,169,17
43449,265,229,36
43450,202,184,18
43451,334,295,39
43452,505,423,82
43453,116,108,8
43454,161,147,14
43455,353,316,37
43456,255,217,38
43457,124,108,16
43458,225,210,15
43459,266,244,22
43460,315,266,49
43461,514,454,60
43462,491,440,51
43463,298,270,28
43464,221,182,39
43465,139,126,13
43466,194,169,25
43467,153,139,14
43468,115,102,13
43469,48,42,6
43470,144,130,14
43471,605,538,67
43472,173,162,11
43473,124,118,6
43474,164,149,15
43475,218,196,22
43476,374,324,50
43477,153,129,24
43478,145,131,14
43479,706,639,67
43480,182,161,21
43481,197,174,23
43482,137,121,16
43483,108,98,10
43484,134,124,10
43485,284,246,38
43486,111,103,8
43487,174,153,21
43488,296,265,31
43489,367,328,39
43490,193,157,36
43491,114,98,16
43492,332,296,36
43493,537,469,68
43494,563,504,59
43495,123,115,8
43496,137,123,14
43497,118,99,19
43498,205,180,25
43499,238,200,38
43500,437,379,58
43501,155,131,24
43502,243,203,40
43503,359,305,54
43504,437,379,58
43505,175,160,15
43506,163,146,17
43507,228,208,20
43508,626,564,62
43509,184,171,13
43510,503,435,68
43511,576,528,48
43512,194,166,28
43513,164,147,17
43514,129,119,10
43515,157,138,19
43516,129,104,25
43517,138,124,14
43518,198,178,20
43519,151,141,10
43520,142,126,16
43521,98,88,10
43522,209,190,19
43523,115,107,8
43524,179,160,19
43525,311,268,43
43526,148,131,17
43527,166,156,10
43528,153,133,20
43529,124,112,12
43530,189,171,18
43531,101,90,11
43532,308,271,37
43533,364,331,33
43534,143,127,16
43535,169,155,14
43536,538,481,57
43537,366,335,31
43538,168,150,18
43539,129,118,11
43540,642,574,68
43541,388,347,41
43542,101,92,9
43543,207,185,22
43544,1020,921,99
43545,264,243,21
43546,189,166,23
43547,163,146,17
43548,111,103,8
43549,207,184,23
43550,458,424,34
43551,176,157,19
43552,367,333,34
43553,128,121,7
43554,215,184,31
43555,502,433,69
43556,155,138,17
43557,61,54,7
43558,189,173,16
43559,148,128,20
43560,127,112,15
43561,192,170,22
43562,93,86,7
43563,133,121,12
43564,150,133,17
43565,363,325,38
43566,226,197,29
43567,115,105,10
43568,412,366,46
43569,189,163,26
43570,403,347,56
43571,131,117,14
43572,105,92,13
43573,211,179,32
43574,142,126,16
43575,170,151,19
43576,399,344,55
43577,430,380,50
43578,172,152,20
43579,312,287,25
43580,291,261,30
43581,175,160,15
43582,64,57,7
43583,708,629,79
43584,275,231,44
43585,140,123,17
43586,128,111,17
43587,177,154,23
43588,44,41,3
43589,199,181,18
43590,185,167,18
43591,390,341,49
43592,163,147,16
43593,518,468,50
43594,241,215,26
43595,389,334,55
43596,116,104,12
43597,361,329,32
43598,686,594,92
43599,241,227,14
43600,170,152,18
43601,337,301,36
43602,156,146,10
43603,237,204,33
43604,896,743,153
43605,140,125,15
43606,141,130,11
43607,253,232,21
43608,167,144,23
43609,156,140,16
43610,221,194,27
43611,368,323,45
43612,477,420,57
43613,63,54,9
43614,77,67,10
43615,133,118,15
43616,421,367,54
43617,394,335,59
43618,131,118,13
43619,236,211,25
43620,180,170,10
43621,62,56,6
43622,146,129,17
43623,370,329,41
43624,509,437,72
43625,199,167,32
43626,211,190,21
43627,327,300,27
43628,112,107,5
43629,155,138,17
43630,126,114,12
43631,145,128,17
43632,160,143,17
43633,162,141,21
43634,115,101,14
43635,132,119,13
43636,110,97,13
43637,163,146,17
43638,230,203,27
43639,108,98,10
43640,219,190,29
43641,141,129,12
43642,80,75,5
43643,78,70,8
43644,135,118,17
43645,174,154,20
43646,130,111,19
43647,50,41,9
43648,146,132,14
43649,74,69,5
43650,228,201,27
43651,123,110,13
43652,118,109,9
43653,93,83,10
43654,155,141,14
43655,260,215,45
43656,367,336,31
43657,254,222,32
43658,171,157,14
43659,184,173,11
43660,224,200,24
43661,127,110,17
43662,134,119,15
43663,371,316,55
43664,258,233,25
43665,55,50,5
43666,279,252,27
43667,117,108,9
43668,148,131,17
43669,193,169,24
43670,161,142,19
43671,77,64,13
43672,171,161,10
43673,154,140,14
43674,219,194,25
43675,409,351,58
43676,302,258,44
43677,55,46,9
43678,155,137,18
43679,143,131,12
43680,311,257,54
43681,167,148,19
43682,149,132,17
43683,243,219,24
43684,235,213,22
43685,132,118,14
43686,143,133,10
43687,292,260,32
43688,358,302,56
43689,269,238,31
43690,109,100,9
43691,107,97,10
43692,263,221,42
43693,127,111,16
43694,363,303,60
43695,145,133,12
43696,150,130,20
43697,232,197,35
43698,480,434,46
43699,123,108,15
43700,253,222,31
43701,79,71,8
43702,41,37,4
43703,86,66,20
43704,97,89,8
43705,614,551,63
43706,144,124,20
43707,165,147,18
43708,134,116,18
43709,62,52,10
43710,67,59,8
43711,360,313,47
43712,161,146,15
43713,150,135,15
43714,119,107,12
43715,166,151,15
43716,83,72,11
43717,163,148,15
43718,165,152,13
43719,194,170,24
43720,189,175,14
43721,65,61,4
43722,100,89,11
43723,50,41,9
43724,134,119,15
43725,317,275,42
43726,294,253,41
43727,224,198,26
43728,388,346,42
43729,129,117,12
43730,93,86,7
43731,183,163,20
43732,82,77,5
43733,127,116,11
43734,836,755,81
43735,152,140,12
43736,87,79,8
43737,88,82,6
43738,203,187,16
43739,120,107,13
43740,150,132,18
43741,204,185,19
43742,205,186,19
43743,46,44,2
43744,434,387,47
43745,125,120,5
43746,292,258,34
43747,213,184,29
43748,184,164,20
43749,50,48,2
43750,61,58,3
43751,112,100,12
43752,112,100,12
43753,195,172,23
43754,62,54,8
43755,234,207,27
43756,86,77,9
43757,426,372,54
43758,219,194,25
43759,140,127,13
43760,134,132,2
43761,157,137,20
43762,124,113,11
43763,165,154,11
43764,135,114,21
43765,201,181,20
43766,135,125,10
43767,163,144,19
43768,121,110,11
43769,174,156,18
43770,183,166,17
43771,405,366,39
43772,126,115,11
43773,218,199,19
43774,127,111,16
43775,179,164,15
43776,121,112,9
43777,156,141,15
43778,79,70,9
43779,164,143,21
43780,99,85,14
43781,108,94,14
43782,234,203,31
43783,202,183,19
43784,1010,892,118
43785,133,116,17
43786,106,101,5
43787,282,251,31
43788,168,145,23
43789,162,141,21
43790,70,64,6
43791,157,136,21
43792,172,150,22
43793,401,348,53
43794,186,162,24
43795,138,125,13
43796,415,371,44
43797,59,50,9
43798,73,61,12
43799,59,50,9
43800,694,594,100
43801,89,80,9
43802,350,311,39
43803,144,127,17
43804,52,46,6
43805,97,88,9
43806,364,319,45
43807,181,166,15
43808,154,141,13
43809,83,72,11
43810,270,237,33
43811,146,125,21
43812,401,353,48
43813,214,176,38
43814,762,654,108
43815,283,243,40
43816,196,181,15
43817,271,236,35
43818,491,426,65
43819,463,417,46
43820,307,278,29
43821,459,399,60
43822,98,88,10
43823,119,104,15
43824,43,40,3
43825,595,510,85
43826,197,179,18
43827,207,187,20
43828,187,153,34
43829,241,213,28
43830,107,96,11
43831,168,148,20
43832,191,166,25
43833,270,241,29
43834,452,378,74
43835,115,101,14
43836,206,181,25
43837,531,453,78
43838,110,98,12
43839,183,156,27
43840,121,112,9
43841,209,186,23
43842,282,251,31
43843,438,394,44
43844,662,557,105
43845,298,259,39
43846,164,144,20
43847,314,260,54
43848,282,248,34
43849,894,774,120
43850,123,108,15
43851,136,115,21
43852,95,84,11
43853,488,424,64
43854,118,100,18
43855,182,161,21
43856,287,252,35
43857,72,64,8
43858,557,478,79
43859,56,50,6
43860,155,141,14
43861,180,152,28
43862,232,195,37
43863,172,151,21
43864,471,407,64
43865,489,443,46
43866,347,312,35
43867,235,208,27
43868,427,390,37
43869,127,111,16
43870,379,339,40
43871,149,132,17
43872,162,141,21
43873,105,93,12
43874,248,205,43
43875,215,195,20
43876,159,142,17
43877,324,279,45
43878,322,288,34
43879,155,137,18
43880,126,109,17
43881,50,43,7
43882,281,232,49
43883,125,114,11
43884,471,400,71
43885,122,109,13
43886,183,160,23
43887,405,361,44
43888,139,127,12
43889,439,351,88
43890,385,329,56
43891,202,175,27
43892,117,107,10
43893,51,47,4
43894,141,124,17
43895,202,188,14
43896,231,193,38
43897,110,102,8
43898,251,228,23
43899,295,270,25
43900,89,77,12
43901,346,298,48
43902,238,206,32
43903,460,402,58
43904,38,34,4
43905,108,98,10
43906,312,283,29
43907,101,94,7
43908,122,110,12
43909,235,199,36
43910,499,440,59
43911,397,354,43
43912,214,191,23
43913,128,120,8
43914,108,100,8
43915,191,165,26
43916,316,280,36
43917,156,142,14
43918,162,141,21
43919,634,571,63
43920,436,385,51
43921,1015,908,107
43922,172,160,12
43923,62,51,11
43924,167,149,18
43925,60,55,5
43926,97,90,7
43927,92,82,10
43928,279,242,37
43929,77,68,9
43930,72,67,5
43931,108,97,11
43932,157,135,22
43933,61,57,4
43934,60,52,8
43935,138,123,15
43936,86,74,12
43937,231,206,25
43938,341,294,47
43939,141,133,8
43940,537,481,56
43941,284,250,34
43942,132,119,13
43943,721,661,60
43944,91,81,10
43945,163,141,22
43946,272,240,32
43947,213,194,19
43948,141,118,23
43949,125,113,12
43950,129,116,13
43951,272,251,21
43952,405,359,46
43953,633,552,81
43954,127,116,11
43955,101,89,12
43956,56,53,3
43957,84,76,8
43958,245,213,32
43959,131,120,11
43960,130,112,18
43961,164,149,15
43962,103,94,9
43963,58,53,5
43964,222,202,20
43965,270,249,21
43966,127,108,19
43967,254,232,22
43968,130,106,24
43969,172,154,18
43970,113,95,18
43971,344,303,41
43972,127,111,16
43973,78,69,9
43974,58,53,5
43975,78,66,12
43976,115,102,13
43977,235,210,25
43978,132,114,18
43979,121,100,21
43980,103,93,10
43981,152,130,22
43982,87,80,7
43983,331,286,45
43984,95,83,12
43985,76,60,16
43986,67,63,4
43987,337,297,40
43988,223,201,22
43989,207,186,21
43990,133,122,11
43991,136,119,17
43992,339,290,49
43993,373,343,30
43994,149,140,9
43995,275,234,41
43996,550,462,88
43997,344,292,52
43998,335,281,54
43999,146,134,12
44000,135,112,23
44001,164,147,17
44002,305,249,56
44003,130,114,16
44004,166,138,28
44005,241,210,31
44006,90,77,13
44007,98,86,12
44008,160,144,16
44009,93,85,8
44010,126,116,10
44011,98,86,12
44012,133,124,9
44013,48,42,6
44014,120,110,10
44015,155,136,19
44016,57,55,2
44017,301,270,31
44018,198,179,19
44019,372,334,38
44020,132,123,9
44021,62,54,8
44022,123,105,18
44023,177,160,17
44024,159,149,10
44025,142,127,15
44026,163,145,18
44027,129,120,9
44028,166,153,13
44029,175,149,26
44030,123,112,11
44031,101,92,9
44032,118,104,14
44033,52,46,6
44034,143,125,18
44035,311,279,32
44036,308,280,28
44037,135,120,15
44038,65,58,7
44039,127,115,12
44040,276,243,33
44041,408,344,64
44042,116,101,15
44043,347,315,32
44044,114,100,14
44045,179,153,26
44046,335,286,49
44047,415,369,46
44048,163,140,23
44049,207,183,24
44050,271,231,40
44051,691,597,94
44052,273,238,35
44053,145,129,16
44054,106,95,11
44055,225,201,24
44056,272,244,28
44057,881,765,116
44058,498,443,55
44059,270,241,29
44060,166,153,13
44061,402,365,37
44062,189,171,18
44063,582,522,60
44064,185,163,22
44065,139,122,17
44066,325,290,35
44067,387,331,56
44068,126,110,16
44069,141,124,17
44070,300,273,27
44071,85,74,11
44072,110,93,17
44073,284,245,39
44074,474,427,47
44075,510,448,62
44076,326,278,48
44077,491,450,41
44078,415,369,46
44079,501,451,50
44080,115,108,7
44081,409,362,47
44082,133,112,21
44083,112,101,11
44084,84,70,14
44085,257,240,17
44086,144,125,19
44087,234,208,26
44088,443,383,60
44089,394,346,48
44090,266,237,29
44091,67,60,7
44092,147,136,11
44093,312,282,30
44094,204,187,17
44095,248,215,33
44096,149,134,15
44097,258,228,30
44098,166,142,24
44099,128,106,22
44100,135,112,23
44101,133,121,12
44102,131,118,13
44103,322,281,41
44104,209,185,24
44105,83,76,7
44106,177,163,14
44107,396,363,33
44108,259,221,38
44109,239,203,36
44110,426,379,47
44111,379,342,37
44112,163,144,19
44113,218,193,25
44114,624,552,72
44115,48,45,3
44116,335,309,26
44117,173,154,19
44118,164,153,11
44119,150,136,14
44120,235,214,21
44121,207,178,29
44122,284,253,31
44123,122,108,14
44124,127,116,11
44125,178,165,13
44126,167,159,8
44127,189,170,19
44128,214,187,27
44129,237,218,19
44130,193,166,27
44131,141,117,24
44132,642,556,86
44133,418,373,45
44134,213,194,19
44135,122,106,16
44136,218,193,25
44137,316,278,38
44138,972,862,110
44139,520,463,57
44140,328,287,41
44141,131,123,8
44142,819,732,87
44143,385,338,47
44144,142,124,18
44145,123,108,15
44146,156,142,14
44147,96,87,9
44148,130,119,11
44149,662,588,74
44150,151,134,17
44151,607,538,69
44152,171,161,10
44153,623,564,59
44154,306,279,27
44155,121,104,17
44156,104,98,6
44157,987,879,108
44158,416,363,53
44159,81,75,6
44160,164,144,20
44161,728,667,61
44162,1002,887,115
44163,982,863,119
44164,273,237,36
44165,214,197,17
44166,518,466,52
44167,697,603,94
44168,443,395,48
44169,180,156,24
44170,928,828,100
44171,334,302,32
44172,169,149,20
44173,786,707,79
44174,215,187,28
44175,127,114,13
44176,370,329,41
44177,255,226,29
44178,155,138,17
44179,311,271,40
44180,869,779,90
44181,163,150,13
44182,221,188,33
44183,278,245,33
44184,658,586,72
44185,324,279,45
44186,216,193,23
44187,203,177,26
44188,366,334,32
44189,558,490,68
44190,131,118,13
44191,144,129,15
44192,169,144,25
44193,189,165,24
44194,133,121,12
44195,151,133,18
44196,417,370,47
44197,335,296,39
44198,153,131,22
44199,772,666,106
44200,110,99,11
44201,190,169,21
44202,180,156,24
44203,171,157,14
44204,184,169,15
44205,318,276,42
44206,262,223,39
44207,313,281,32
44208,144,132,12
44209,162,148,14
44210,218,200,18
44211,133,117,16
44212,141,120,21
44213,697,620,77
44214,110,97,13
44215,167,146,21
44216,182,160,22
44217,144,126,18
44218,181,164,17
44219,151,134,17
44220,220,193,27
44221,142,123,19
44222,46,42,4
44223,245,227,18
44224,129,116,13
44225,269,237,32
44226,197,168,29
44227,207,186,21
44228,51,43,8
44229,226,194,32
44230,278,254,24
44231,196,167,29
44232,472,414,58
44233,132,122,10
44234,99,84,15
44235,173,158,15
44236,82,79,3
44237,315,283,32
44238,97,86,11
44239,163,146,17
44240,140,124,16
44241,134,112,22
44242,97,76,21
44243,98,86,12
44244,39,36,3
44245,208,178,30
44246,148,141,7
44247,100,94,6
44248,328,290,38
44249,145,127,18
44250,122,112,10
44251,513,442,71
44252,233,206,27
44253,579,526,53
44254,393,352,41
44255,225,177,48
44256,181,164,17
44257,101,89,12
44258,205,189,16
44259,161,141,20
44260,184,163,21
44261,427,374,53
44262,121,105,16
44263,139,123,16
44264,160,144,16
44265,406,369,37
44266,152,136,16
44267,257,214,43
44268,137,128,9
44269,134,124,10
44270,249,221,28
44271,119,105,14
44272,969,844,125
44273,44,42,2
44274,142,126,16
44275,482,425,57
44276,294,265,29
44277,172,148,24
44278,130,115,15
44279,190,169,21
44280,129,111,18
44281,210,183,27
44282,120,105,15
44283,214,188,26
44284,127,116,11
44285,111,95,16
44286,50,44,6
44287,70,67,3
44288,242,206,36
44289,160,146,14
44290,330,296,34
44291,275,251,24
44292,151,132,19
44293,156,143,13
44294,121,109,12
44295,218,201,17
44296,290,252,38
44297,57,53,4
44298,124,111,13
44299,98,89,9
44300,151,133,18
44301,128,111,17
44302,125,114,11
44303,151,135,16
44304,127,110,17
44305,248,229,19
44306,217,191,26
44307,84,77,7
44308,76,64,12
44309,99,88,11
44310,316,280,36
44311,156,143,13
44312,624,551,73
44313,76,70,6
44314,173,157,16
44315,146,119,27
44316,217,182,35
44317,182,162,20
44318,96,78,18
44319,259,229,30
44320,164,146,18
44321,63,55,8
44322,353,306,47
44323,168,144,24
44324,131,117,14
44325,924,817,107
44326,197,172,25
44327,153,126,27
44328,86,75,11
44329,219,187,32
44330,181,149,32
44331,428,384,44
44332,356,319,37
44333,581,504,77
44334,187,165,22
44335,854,749,105
44336,866,774,92
44337,218,186,32
44338,159,135,24
44339,111,100,11
44340,101,89,12
44341,211,196,15
44342,202,180,22
44343,99,87,12
44344,39,36,3
44345,103,87,16
44346,128,100,28
44347,131,108,23
44348,162,141,21
44349,216,178,38
44350,120,107,13
44351,116,103,13
44352,529,463,66
44353,714,637,77
44354,196,180,16
44355,215,185,30
44356,113,108,5
44357,82,76,6
44358,676,591,85
44359,305,266,39
44360,98,88,10
44361,1004,902,102
44362,133,120,13
44363,351,315,36
44364,246,226,20
44365,188,166,22
44366,272,243,29
44367,146,131,15
44368,290,265,25
44369,134,120,14
44370,127,118,9
44371,252,222,30
44372,179,155,24
44373,131,114,17
44374,350,301,49
44375,371,337,34
44376,223,193,30
44377,171,151,20
44378,425,373,52
44379,136,119,17
44380,104,95,9
44381,125,118,7
44382,65,59,6
44383,48,46,2
44384,112,95,17
44385,151,136,15
44386,140,126,14
44387,173,150,23
44388,144,130,14
44389,585,515,70
44390,196,177,19
44391,131,121,10
44392,211,185,26
44393,333,286,47
44394,289,261,28
44395,133,118,15
44396,151,132,19
44397,198,180,18
44398,135,121,14
44399,196,176,20
44400,492,425,67
44401,137,121,16
44402,384,335,49
44403,239,217,22
44404,156,143,13
44405,375,331,44
44406,463,392,71
44407,165,144,21
44408,190,170,20
44409,363,321,42
44410,345,299,46
44411,124,110,14
44412,174,152,22
44413,322,290,32
44414,177,156,21
44415,125,115,10
44416,136,112,24
44417,350,309,41
44418,182,166,16
44419,361,323,38
44420,208,186,22
44421,156,146,10
44422,938,844,94
44423,215,195,20
44424,296,267,29
44425,165,142,23
44426,122,105,17
44427,197,181,16
44428,366,315,51
44429,217,183,34
44430,283,254,29
44431,111,99,12
44432,215,193,22
44433,280,248,32
44434,128,117,11
44435,659,606,53
44436,140,125,15
44437,130,120,10
44438,510,451,59
44439,154,134,20
44440,534,473,61
44441,222,198,24
44442,873,746,127
44443,350,309,41
44444,174,157,17
44445,326,293,33
44446,124,117,7
44447,36,34,2
44448,92,85,7
44449,122,112,10
44450,495,442,53
44451,283,251,32
44452,298,273,25
44453,93,79,14
44454,158,138,20
44455,151,136,15
44456,237,212,25
44457,111,95,16
44458,142,131,11
44459,138,121,17
44460,161,138,23
44461,129,114,15
44462,173,157,16
44463,174,154,20
44464,171,157,14
44465,596,526,70
44466,294,263,31
44467,161,143,18
44468,162,137,25
44469,275,237,38
44470,346,294,52
44471,453,401,52
44472,228,205,23
44473,701,616,85
44474,391,333,58
44475,146,130,16
44476,165,150,15
44477,334,295,39
44478,310,272,38
44479,275,233,42
44480,245,213,32
44481,159,148,11
44482,134,116,18
44483,111,97,14
44484,683,614,69
44485,511,442,69
44486,280,251,29
44487,367,327,40
44488,322,271,51
44489,114,105,9
44490,125,113,12
44491,207,186,21
44492,126,109,17
44493,748,659,89
44494,214,188,26
44495,189,174,15
44496,627,559,68
44497,415,374,41
44498,77,64,13
44499,419,363,56
44500,117,100,17
44501,168,151,17
44502,274,253,21
44503,151,137,14
44504,717,642,75
44505,271,250,21
44506,491,439,52
44507,504,459,45
44508,135,110,25
44509,281,242,39
44510,380,336,44
44511,337,293,44
44512,143,125,18
44513,189,172,17
44514,185,167,18
44515,154,134,20
44516,284,255,29
44517,253,212,41
44518,120,105,15
44519,167,147,20
44520,248,217,31
44521,446,406,40
44522,126,106,20
44523,188,164,24
44524,40,36,4
44525,49,41,8
44526,133,113,20
44527,323,296,27
44528,400,356,44
44529,116,102,14
44530,171,146,25
44531,548,484,64
44532,281,257,24
44533,130,114,16
44534,125,115,10
44535,185,166,19
44536,123,111,12
44537,93,80,13
44538,143,127,16
44539,477,429,48
44540,315,282,33
44541,226,205,21
44542,169,156,13
44543,1029,892,137
44544,126,118,8
44545,126,114,12
44546,136,122,14
44547,167,145,22
44548,189,170,19
44549,170,154,16
44550,199,172,27
44551,190,169,21
44552,175,153,22
44553,438,395,43
44554,991,879,112
44555,195,171,24
44556,213,184,29
44557,144,133,11
44558,132,120,12
44559,141,122,19
44560,217,187,30
44561,165,143,22
44562,180,162,18
44563,179,150,29
44564,121,107,14
44565,159,135,24
44566,206,181,25
44567,247,219,28
44568,918,811,107
44569,177,144,33
44570,392,344,48
44571,46,41,5
44572,154,137,17
44573,114,99,15
44574,334,296,38
44575,233,212,21
44576,130,114,16
44577,374,339,35
44578,82,74,8
44579,53,46,7
44580,554,488,66
44581,31,29,2
44582,363,310,53
44583,549,490,59
44584,109,101,8
44585,331,287,44
44586,536,481,55
44587,302,275,27
44588,126,115,11
44589,180,168,12
44590,405,369,36
44591,145,133,12
44592,214,192,22
44593,142,127,15
44594,175,160,15
44595,256,225,31
44596,68,59,9
44597,93,73,20
44598,253,221,32
44599,216,194,22
44600,235,209,26
44601,149,136,13
44602,232,204,28
44603,146,130,16
44604,124,114,10
44605,233,198,35
44606,688,589,99
44607,6,6,0
44608,140,126,14
44609,114,97,17
44610,247,216,31
44611,147,130,17
44612,211,189,22
44613,134,114,20
44614,210,182,28
44615,177,160,17
44616,53,47,6
44617,185,171,14
44618,163,149,14
44619,108,98,10
44620,189,177,12
44621,58,53,5
44622,239,206,33
44623,481,421,60
44624,445,402,43
44625,127,118,9
44626,143,130,13
44627,504,449,55
44628,166,148,18
44629,125,109,16
44630,252,226,26
44631,229,192,37
44632,124,107,17
44633,316,271,45
44634,185,165,20
44635,154,137,17
44636,291,249,42
44637,130,121,9
44638,184,166,18
44639,288,253,35
44640,365,311,54
44641,219,187,32
44642,541,480,61
44643,309,280,29
44644,361,312,49
44645,134,121,13
44646,237,214,23
44647,135,126,9
44648,161,145,16
44649,140,125,15
44650,155,147,8
44651,156,145,11
44652,146,131,15
44653,172,150,22
44654,254,223,31
44655,360,328,32
44656,321,281,40
44657,159,142,17
44658,174,154,20
44659,407,351,56
44660,160,145,15
44661,248,218,30
44662,212,181,31
44663,299,264,35
44664,144,137,7
44665,170,146,24
44666,498,424,74
44667,242,209,33
44668,51,47,4
44669,303,270,33
44670,501,463,38
44671,148,126,22
44672,59,56,3
44673,117,109,8
44674,238,215,23
44675,122,109,13
44676,169,149,20
44677,59,50,9
44678,167,139,28
44679,131,115,16
44680,350,303,47
44681,97,88,9
44682,312,285,27
44683,217,186,31
44684,148,133,15
44685,138,125,13
44686,111,103,8
44687,111,99,12
44688,98,85,13
44689,121,107,14
44690,264,234,30
44691,356,326,30
44692,572,515,57
44693,416,380,36
44694,144,133,11
44695,235,209,26
44696,172,154,18
44697,112,95,17
44698,304,269,35
44699,235,207,28
44700,552,493,59
44701,61,56,5
44702,92,84,8
44703,115,101,14
44704,117,105,12
44705,589,516,73
44706,54,47,7
44707,104,97,7
44708,32,31,1
44709,73,64,9
44710,107,94,13
44711,37,36,1
44712,110,98,12
44713,207,181,26
44714,57,53,4
44715,62,55,7
44716,129,114,15
44717,89,78,11
44718,64,54,10
44719,216,185,31
44720,277,253,24
44721,396,359,37
44722,207,185,22
44723,330,290,40
44724,293,272,21
44725,195,176,19
44726,369,322,47
44727,31,28,3
44728,158,139,19
44729,53,48,5
44730,57,52,5
44731,126,112,14
44732,121,104,17
44733,175,152,23
44734,296,251,45
44735,266,233,33
44736,222,203,19
44737,160,131,29
44738,142,120,22
44739,113,99,14
44740,170,148,22
44741,63,55,8
44742,414,353,61
44743,890,756,134
44744,163,143,20
44745,141,121,20
44746,179,161,18
44747,416,373,43
44748,49,38,11
44749,61,54,7
44750,113,98,15
44751,102,95,7
44752,161,140,21
44753,225,204,21
44754,182,166,16
44755,224,201,23
44756,136,125,11
44757,425,369,56
44758,293,263,30
44759,353,318,35
44760,143,129,14
44761,127,114,13
44762,197,171,26
44763,654,600,54
44764,312,287,25
44765,192,175,17
44766,242,219,23
44767,492,438,54
44768,93,82,11
44769,157,139,18
44770,134,117,17
44771,198,173,25
44772,248,218,30
44773,308,266,42
44774,128,112,16
44775,165,142,23
44776,359,315,44
44777,202,170,32
44778,141,125,16
44779,142,131,11
44780,162,143,19
44781,119,104,15
44782,192,163,29
44783,187,168,19
44784,213,194,19
44785,762,670,92
44786,311,269,42
44787,317,287,30
44788,251,217,34
44789,195,178,17
44790,119,105,14
44791,333,308,25
44792,423,364,59
44793,627,564,63
44794,768,670,98
44795,250,216,34
44796,119,104,15
44797,188,169,19
44798,553,471,82
44799,377,319,58
44800,250,216,34
44801,194,171,23
44802,73,64,9
44803,274,235,39
44804,144,129,15
44805,209,184,25
44806,415,383,32
44807,264,238,26
44808,146,138,8
44809,113,96,17
44810,556,476,80
44811,137,116,21
44812,168,148,20
44813,231,215,16
44814,99,91,8
44815,157,136,21
44816,124,108,16
44817,183,161,22
44818,142,128,14
44819,128,116,12
44820,113,104,9
44821,214,194,20
44822,283,237,46
44823,271,241,30
44824,195,165,30
44825,144,128,16
44826,36,33,3
44827,54,49,5
44828,140,119,21
44829,197,174,23
44830,156,131,25
44831,168,147,21
44832,128,113,15
44833,178,163,15
44834,1010,887,123
44835,387,336,51
44836,677,616,61
44837,443,390,53
44838,289,255,34
44839,300,270,30
44840,165,144,21
44841,49,42,7
44842,277,253,24
44843,150,134,16
44844,503,454,49
44845,131,118,13
44846,150,136,14
44847,433,385,48
44848,151,131,20
44849,159,146,13
44850,232,208,24
44851,867,765,102
44852,164,144,20
44853,106,97,9
44854,91,83,8
44855,163,142,21
44856,333,308,25
44857,128,112,16
44858,688,625,63
44859,314,279,35
44860,309,283,26
44861,256,226,30
44862,936,821,115
44863,78,71,7
44864,54,48,6
44865,124,111,13
44866,603,553,50
44867,95,92,3
44868,41,36,5
44869,269,246,23
44870,162,150,12
44871,240,209,31
44872,51,47,4
44873,116,102,14
44874,108,98,10
44875,53,49,4
44876,103,97,6
44877,363,328,35
44878,198,185,13
44879,394,352,42
44880,158,142,16
44881,137,125,12
44882,193,176,17
44883,198,181,17
44884,367,327,40
44885,259,232,27
44886,271,237,34
44887,95,86,9
44888,424,369,55
44889,428,370,58
44890,598,533,65
44891,273,236,37
44892,140,133,7
44893,382,336,46
44894,207,180,27
44895,225,202,23
44896,124,114,10
44897,226,196,30
44898,179,158,21
44899,51,48,3
44900,163,148,15
44901,191,165,26
44902,140,129,11
44903,638,580,58
44904,603,540,63
44905,190,163,27
44906,130,115,15
44907,187,153,34
44908,125,114,11
44909,132,120,12
44910,148,132,16
44911,303,272,31
44912,122,110,12
44913,159,142,17
44914,152,137,15
44915,116,100,16
44916,253,223,30
44917,190,169,21
44918,128,115,13
44919,299,269,30
44920,145,125,20
44921,162,151,11
44922,162,141,21
44923,182,163,19
44924,119,107,12
44925,71,65,6
44926,126,111,15
44927,220,203,17
44928,99,90,9
44929,237,200,37
44930,358,312,46
44931,159,147,12
44932,173,155,18
44933,32,26,6
44934,109,94,15
44935,179,156,23
44936,124,110,14
44937,119,112,7
44938,35,31,4
44939,225,193,32
44940,152,136,16
44941,131,114,17
44942,197,172,25
44943,60,51,9
44944,145,114,31
44945,532,462,70
44946,118,108,10
44947,190,172,18
44948,51,47,4
44949,208,182,26
44950,447,397,50
44951,109,97,12
44952,261,231,30
44953,249,212,37
44954,220,195,25
44955,189,172,17
44956,113,100,13
44957,208,181,27
44958,118,109,9
44959,117,103,14
44960,102,92,10
44961,334,303,31
44962,205,181,24
44963,259,225,34
44964,293,248,45
44965,180,151,29
44966,119,97,22
44967,373,321,52
44968,216,180,36
44969,352,293,59
44970,451,393,58
44971,583,492,91
44972,142,119,23
44973,98,90,8
44974,251,230,21
44975,192,170,22
44976,130,117,13
44977,436,395,41
44978,130,120,10
44979,185,162,23
44980,218,198,20
44981,216,191,25
44982,128,112,16
44983,100,89,11
44984,544,501,43
44985,179,146,33
44986,326,266,60
44987,224,200,24
44988,180,161,19
44989,199,166,33
44990,79,73,6
44991,132,118,14
44992,100,86,14
44993,130,105,25
44994,128,123,5
44995,122,111,11
44996,240,208,32
44997,108,97,11
44998,120,103,17
44999,797,705,92
45000,187,166,21
45001,131,113,18
45002,193,167,26
45003,441,398,43
45004,118,107,11
45005,210,184,26
45006,332,289,43
45007,185,166,19
45008,479,411,68
45009,159,144,15
45010,134,116,18
45011,104,98,6
45012,81,76,5
45013,142,124,18
45014,83,72,11
45015,176,160,16
45016,263,231,32
45017,165,143,22
45018,168,154,14
45019,123,105,18
45020,129,105,24
45021,401,345,56
45022,169,144,25
45023,646,572,74
45024,935,824,111
45025,106,88,18
45026,768,675,93
45027,165,143,22
45028,146,125,21
45029,161,141,20
45030,101,87,14
45031,130,112,18
45032,52,42,10
45033,202,184,18
45034,63,60,3
45035,276,250,26
45036,378,338,40
45037,379,343,36
45038,73,67,6
45039,157,142,15
45040,117,105,12
45041,216,182,34
45042,135,128,7
45043,40,35,5
45044,284,247,37
45045,259,223,36
45046,513,441,72
45047,268,244,24
45048,187,157,30
45049,915,764,151
45050,221,193,28
45051,64,55,9
45052,898,802,96
45053,159,141,18
45054,156,141,15
45055,308,272,36
45056,196,177,19
45057,249,213,36
45058,598,529,69
45059,143,126,17
45060,671,581,90
45061,157,144,13
45062,38,33,5
45063,185,167,18
45064,234,219,15
45065,441,397,44
45066,197,175,22
45067,82,74,8
45068,174,157,17
45069,118,101,17
45070,343,315,28
45071,183,157,26
45072,83,71,12
45073,467,400,67
45074,242,205,37
45075,311,272,39
45076,156,136,20
45077,500,446,54
45078,251,222,29
45079,153,134,19
45080,128,118,10
45081,233,222,11
45082,197,178,19
45083,216,183,33
45084,189,177,12
45085,482,446,36
45086,193,175,18
45087,95,83,12
45088,259,231,28
45089,186,171,15
45090,359,313,46
45091,186,169,17
45092,197,177,20
45093,270,242,28
45094,218,195,23
45095,147,133,14
45096,605,535,70
45097,140,132,8
45098,325,288,37
45099,286,239,47
45100,367,313,54
45101,118,105,13
45102,331,297,34
45103,298,270,28
45104,348,301,47
45105,233,210,23
45106,167,148,19
45107,153,141,12
45108,241,224,17
45109,287,256,31
45110,191,170,21
45111,169,158,11
45112,182,160,22
45113,590,511,79
45114,138,128,10
45115,140,120,20
45116,545,487,58
45117,131,117,14
45118,203,172,31
45119,104,93,11
45120,109,94,15
45121,310,280,30
45122,217,180,37
45123,251,225,26
45124,149,131,18
45125,161,151,10
45126,106,87,19
45127,336,296,40
45128,127,112,15
45129,179,159,20
45130,145,128,17
45131,133,112,21
45132,507,464,43
45133,105,98,7
45134,190,163,27
45135,369,331,38
45136,307,261,46
45137,324,289,35
45138,558,500,58
45139,591,519,72
45140,100,92,8
45141,140,127,13
45142,158,140,18
45143,296,265,31
45144,336,274,62
45145,369,316,53
45146,154,138,16
45147,235,204,31
45148,148,131,17
45149,353,312,41
45150,159,142,17
45151,214,181,33
45152,116,105,11
45153,131,118,13
45154,440,388,52
45155,149,132,17
45156,213,189,24
45157,423,373,50
45158,164,147,17
45159,303,262,41
45160,824,724,100
45161,308,276,32
45162,114,101,13
45163,123,109,14
45164,139,124,15
45165,114,94,20
45166,286,250,36
45167,157,140,17
45168,120,111,9
45169,536,476,60
45170,244,219,25
45171,120,111,9
45172,209,192,17
45173,231,210,21
45174,120,111,9
45175,417,380,37
45176,415,364,51
45177,121,102,19
45178,560,491,69
45179,145,124,21
45180,262,225,37
45181,190,163,27
45182,297,272,25
45183,193,173,20
45184,690,614,76
45185,190,176,14
45186,228,195,33
45187,200,177,23
45188,324,287,37
45189,360,321,39
45190,545,473,72
45191,652,576,76
45192,307,278,29
45193,76,68,8
45194,43,40,3
45195,174,164,10
45196,368,336,32
45197,145,131,14
45198,51,50,1
45199,498,441,57
45200,199,186,13
45201,117,111,6
45202,313,275,38
45203,137,126,11
45204,141,126,15
45205,291,267,24
45206,142,130,12
45207,100,91,9
45208,146,129,17
45209,90,78,12
45210,445,393,52
45211,563,516,47
45212,280,260,20
45213,262,236,26
45214,124,107,17
45215,138,123,15
45216,302,272,30
45217,164,153,11
45218,435,396,39
45219,238,204,34
45220,190,166,24
45221,285,251,34
45222,138,119,19
45223,94,79,15
45224,423,388,35
45225,106,96,10
45226,105,96,9
45227,538,490,48
45228,395,342,53
45229,173,151,22
45230,153,138,15
45231,66,58,8
45232,109,99,10
45233,340,291,49
45234,110,90,20
45235,178,153,25
45236,114,100,14
45237,46,43,3
45238,145,130,15
45239,157,144,13
45240,214,184,30
45241,459,393,66
45242,1099,949,150
45243,410,360,50
45244,297,254,43
45245,108,102,6
45246,250,217,33
45247,298,257,41
45248,210,186,24
45249,127,112,15
45250,410,349,61
45251,122,113,9
45252,196,174,22
45253,321,284,37
45254,177,154,23
45255,592,500,92
45256,155,141,14
45257,119,104,15
45258,192,167,25
45259,536,466,70
45260,256,228,28
45261,206,181,25
45262,387,337,50
45263,223,201,22
45264,387,336,51
45265,142,120,22
45266,297,267,30
45267,125,116,9
45268,563,515,48
45269,252,231,21
45270,556,501,55
45271,149,133,16
45272,65,57,8
45273,109,100,9
45274,417,372,45
45275,159,134,25
45276,118,108,10
45277,353,310,43
45278,463,409,54
45279,233,207,26
45280,278,239,39
45281,108,99,9
45282,207,182,25
45283,229,199,30
45284,298,259,39
45285,110,102,8
45286,397,352,45
45287,149,128,21
45288,163,146,17
45289,209,182,27
45290,144,137,7
45291,145,133,12
45292,471,421,50
45293,146,130,16
45294,289,265,24
45295,183,171,12
45296,231,200,31
45297,125,115,10
45298,106,98,8
45299,153,137,16
45300,182,163,19
45301,830,730,100
45302,404,357,47
45303,119,105,14
45304,209,182,27
45305,282,254,28
45306,125,109,16
45307,409,360,49
45308,160,142,18
45309,130,118,12
45310,229,203,26
45311,67,58,9
45312,107,95,12
45313,284,246,38
45314,987,875,112
45315,114,104,10
45316,135,118,17
45317,111,101,10
45318,286,254,32
45319,297,278,19
45320,169,152,17
45321,148,134,14
45322,267,248,19
45323,169,150,19
45324,117,103,14
45325,183,151,32
45326,288,251,37
45327,137,127,10
45328,580,518,62
45329,130,114,16
45330,129,118,11
45331,173,151,22
45332,261,240,21
45333,143,130,13
45334,444,409,35
45335,155,138,17
45336,598,526,72
45337,316,275,41
45338,132,119,13
45339,291,254,37
45340,145,130,15
45341,481,423,58
45342,179,159,20
45343,160,144,16
45344,108,97,11
45345,151,129,22
45346,286,246,40
45347,204,183,21
45348,337,295,42
45349,247,216,31
45350,141,123,18
45351,403,366,37
45352,184,165,19
45353,207,188,19
45354,134,118,16
45355,268,249,19
45356,298,259,39
45357,75,70,5
45358,86,73,13
45359,104,90,14
45360,197,176,21
45361,283,254,29
45362,144,119,25
45363,182,162,20
45364,86,76,10
45365,165,142,23
45366,313,274,39
45367,262,236,26
45368,444,400,44
45369,191,165,26
45370,141,123,18
45371,161,144,17
45372,98,85,13
45373,226,202,24
45374,197,179,18
45375,812,716,96
45376,80,74,6
45377,120,108,12
45378,287,258,29
45379,297,265,32
45380,477,432,45
45381,605,541,64
45382,121,101,20
45383,354,318,36
45384,216,189,27
45385,267,248,19
45386,86,75,11
45387,301,270,31
45388,139,117,22
45389,981,876,105
45390,130,121,9
45391,161,140,21
45392,224,199,25
45393,148,127,21
45394,112,95,17
45395,100,91,9
45396,175,161,14
45397,105,93,12
45398,139,130,9
45399,161,147,14
45400,188,168,20
45401,74,69,5
45402,74,68,6
45403,62,55,7
45404,139,127,12
45405,143,121,22
45406,130,123,7
45407,231,204,27
45408,442,400,42
45409,162,132,30
45410,124,118,6
45411,239,212,27
45412,339,311,28
45413,189,173,16
45414,177,158,19
45415,204,173,31
45416,181,166,15
45417,398,359,39
45418,92,84,8
45419,264,239,25
45420,229,205,24
45421,158,147,11
45422,124,113,11
45423,134,121,13
45424,132,121,11
45425,205,171,34
45426,382,339,43
45427,126,112,14
45428,126,112,14
45429,490,457,33
45430,177,156,21
45431,125,122,3
45432,269,248,21
45433,116,102,14
45434,422,381,41
45435,211,186,25
45436,906,822,84
45437,134,126,8
45438,115,108,7
45439,434,375,59
45440,140,128,12
45441,185,173,12
45442,145,133,12
45443,515,445,70
45444,38,34,4
45445,167,152,15
45446,188,164,24
45447,96,86,10
45448,67,59,8
45449,404,366,38
45450,378,329,49
45451,132,119,13
45452,88,72,16
45453,95,83,12
45454,368,321,47
45455,185,165,20
45456,145,130,15
45457,227,207,20
45458,189,169,20
45459,1011,886,125
45460,267,229,38
45461,141,117,24
45462,443,387,56
45463,145,127,18
45464,197,178,19
45465,923,821,102
45466,143,129,14
45467,327,297,30
45468,129,122,7
45469,132,114,18
45470,49,45,4
45471,121,108,13
45472,149,139,10
45473,270,243,27
45474,409,374,35
45475,355,318,37
45476,229,201,28
45477,115,107,8
45478,172,151,21
45479,129,111,18
45480,384,328,56
45481,127,116,11
45482,426,381,45
45483,326,279,47
45484,342,275,67
45485,438,391,47
45486,121,104,17
45487,167,149,18
45488,191,168,23
45489,361,321,40
45490,212,183,29
45491,363,321,42
45492,331,293,38
45493,198,179,19
45494,138,118,20
45495,161,133,28
45496,265,239,26
45497,265,236,29
45498,120,113,7
45499,178,159,19
45500,202,190,12
45501,210,190,20
45502,143,133,10
45503,117,105,12
45504,559,500,59
45505,182,166,16
45506,122,110,12
45507,241,220,21
45508,142,118,24
45509,135,125,10
45510,175,161,14
45511,123,109,14
45512,937,839,98
45513,330,279,51
45514,270,238,32
45515,332,302,30
45516,223,197,26
45517,183,157,26
45518,544,488,56
45519,328,287,41
45520,216,194,22
45521,732,636,96
45522,279,246,33
45523,132,121,11
45524,568,488,80
45525,359,323,36
45526,553,481,72
45527,254,234,20
45528,163,146,17
45529,89,81,8
45530,78,71,7
45531,368,326,42
45532,110,100,10
45533,118,104,14
45534,62,57,5
45535,177,156,21
45536,134,121,13
45537,152,133,19
45538,213,183,30
45539,124,111,13
45540,119,102,17
45541,174,152,22
45542,400,370,30
45543,144,133,11
45544,86,77,9
45545,172,152,20
45546,169,152,17
45547,111,101,10
45548,542,486,56
45549,208,176,32
45550,691,605,86
45551,217,201,16
45552,62,56,6
45553,153,136,17
45554,143,128,15
45555,379,324,55
45556,109,101,8
45557,174,158,16
45558,126,115,11
45559,225,203,22
45560,74,65,9
45561,682,625,57
45562,275,245,30
45563,101,94,7
45564,292,249,43
45565,112,96,16
45566,132,121,11
45567,488,431,57
45568,318,281,37
45569,241,205,36
45570,163,136,27
45571,582,502,80
45572,210,183,27
45573,157,142,15
45574,851,731,120
45575,265,236,29
45576,108,95,13
45577,389,361,28
45578,357,296,61
45579,249,223,26
45580,117,104,13
45581,160,146,14
45582,192,181,11
45583,290,253,37
45584,121,102,19
45585,119,108,11
45586,404,367,37
45587,77,71,6
45588,136,126,10
45589,63,60,3
45590,46,40,6
45591,57,53,4
45592,135,120,15
45593,119,105,14
45594,228,204,24
45595,198,175,23
45596,98,87,11
45597,161,132,29
45598,121,107,14
45599,158,146,12
45600,91,76,15
45601,823,754,69
45602,289,262,27
45603,152,131,21
45604,181,166,15
45605,282,251,31
45606,144,130,14
45607,204,174,30
45608,129,119,10
45609,228,193,35
45610,244,217,27
45611,83,72,11
45612,127,115,12
45613,128,116,12
45614,477,435,42
45615,156,140,16
45616,140,127,13
45617,129,112,17
45618,215,177,38
45619,170,158,12
45620,158,146,12
45621,135,120,15
45622,215,191,24
45623,191,173,18
45624,46,43,3
45625,154,131,23
45626,120,102,18
45627,220,178,42
45628,322,278,44
45629,224,199,25
45630,106,94,12
45631,177,159,18
45632,125,115,10
45633,193,164,29
45634,144,122,22
45635,317,276,41
45636,429,378,51
45637,145,131,14
45638,380,333,47
45639,341,302,39
45640,442,374,68
45641,375,335,40
45642,518,451,67
45643,234,207,27
45644,157,145,12
45645,121,101,20
45646,134,120,14
45647,46,41,5
45648,186,165,21
45649,173,162,11
45650,124,118,6
45651,164,149,15
45652,218,196,22
45653,374,324,50
45654,98,90,8
45655,145,131,14
45656,706,639,67
45657,182,161,21
45658,197,174,23
45659,137,121,16
45660,108,98,10
45661,134,124,10
45662,284,246,38
45663,111,103,8
45664,499,464,35
45665,177,158,19
45666,378,328,50
45667,192,174,18
45668,170,152,18
45669,213,192,21
45670,386,337,49
45671,305,267,38
45672,374,325,49
45673,177,164,13
45674,212,186,26
45675,132,113,19
45676,577,497,80
45677,195,175,20
45678,305,272,33
45679,322,277,45
45680,90,81,9
45681,199,178,21
45682,507,458,49
45683,169,156,13
45684,245,214,31
45685,66,63,3
45686,748,661,87
45687,874,769,105
45688,175,157,18
45689,145,128,17
45690,117,100,17
45691,154,141,13
45692,33,32,1
45693,104,87,17
45694,393,354,39
45695,200,169,31
45696,52,44,8
45697,347,295,52
45698,120,109,11
45699,239,213,26
45700,460,407,53
45701,540,485,55
45702,209,180,29
45703,397,353,44
45704,489,456,33
45705,171,151,20
45706,104,86,18
45707,122,109,13
45708,91,80,11
45709,919,796,123
45710,367,325,42
45711,152,141,11
45712,138,122,16
45713,119,114,5
45714,161,145,16
45715,302,257,45
45716,170,151,19
45717,156,131,25
45718,89,84,5
45719,290,259,31
45720,155,135,20
45721,122,111,11
45722,141,131,10
45723,107,95,12
45724,68,60,8
45725,193,174,19
45726,137,124,13
45727,160,140,20
45728,316,279,37
45729,740,652,88
45730,338,305,33
45731,174,157,17
45732,203,175,28
45733,87,83,4
45734,69,61,8
45735,485,430,55
45736,311,287,24
45737,407,355,52
45738,206,192,14
45739,476,412,64
45740,183,165,18
45741,113,104,9
45742,140,128,12
45743,116,105,11
45744,404,355,49
45745,123,114,9
45746,244,224,20
45747,438,383,55
45748,225,202,23
45749,377,347,30
45750,724,639,85
45751,137,125,12
45752,160,151,9
45753,191,173,18
45754,935,827,108
45755,154,138,16
45756,181,159,22
45757,174,154,20
45758,289,253,36
45759,566,513,53
45760,652,584,68
45761,68,53,15
45762,181,159,22
45763,96,81,15
45764,228,197,31
45765,145,133,12
45766,162,139,23
45767,377,326,51
45768,156,138,18
45769,209,192,17
45770,119,105,14
45771,435,389,46
45772,74,63,11
45773,90,81,9
45774,123,109,14
45775,143,123,20
45776,176,148,28
45777,55,49,6
45778,158,136,22
45779,190,169,21
45780,140,125,15
45781,191,165,26
45782,306,271,35
45783,354,309,45
45784,194,168,26
45785,207,186,21
45786,151,132,19
45787,107,94,13
45788,314,291,23
45789,174,149,25
45790,225,188,37
45791,127,117,10
45792,127,114,13
45793,153,139,14
45794,98,84,14
45795,158,140,18
45796,132,109,23
45797,270,243,27
45798,125,111,14
45799,148,128,20
45800,221,195,26
45801,345,298,47
45802,191,171,20
45803,181,157,24
45804,371,331,40
45805,146,122,24
45806,346,290,56
45807,216,197,19
45808,248,219,29
45809,188,178,10
45810,176,149,27
45811,46,41,5
45812,163,148,15
45813,154,136,18
45814,250,228,22
45815,142,123,19
45816,140,122,18
45817,129,108,21
45818,137,125,12
45819,125,107,18
45820,151,133,18
45821,992,875,117
45822,151,133,18
45823,271,230,41
45824,259,239,20
45825,225,201,24
45826,610,529,81
45827,290,259,31
45828,200,185,15
45829,125,115,10
45830,148,131,17
45831,802,722,80
45832,310,268,42
45833,579,512,67
45834,59,53,6
45835,120,103,17
45836,155,144,11
45837,173,149,24
45838,387,357,30
45839,229,203,26
45840,261,236,25
45841,612,559,53
45842,492,418,74
45843,274,234,40
45844,184,160,24
45845,341,295,46
45846,336,283,53
45847,143,128,15
45848,75,67,8
45849,173,155,18
45850,169,134,35
45851,141,133,8
45852,201,185,16
45853,114,97,17
45854,395,349,46
45855,469,418,51
45856,128,117,11
45857,205,181,24
45858,460,412,48
45859,143,135,8
45860,288,261,27
45861,188,167,21
45862,548,496,52
45863,128,111,17
45864,189,170,19
45865,137,119,18
45866,177,163,14
45867,93,81,12
45868,146,121,25
45869,106,86,20
45870,112,93,19
45871,197,164,33
45872,161,144,17
45873,103,93,10
45874,299,273,26
45875,48,42,6
45876,130,112,18
45877,96,83,13
45878,340,300,40
45879,144,122,22
45880,84,74,10
45881,104,93,11
45882,50,44,6
45883,168,152,16
45884,84,75,9
45885,123,106,17
45886,104,94,10
45887,185,162,23
45888,111,100,11
45889,132,117,15
45890,158,143,15
45891,332,280,52
45892,180,158,22
45893,292,277,15
45894,49,42,7
45895,407,356,51
45896,79,69,10
45897,382,328,54
45898,380,328,52
45899,434,396,38
45900,188,164,24
45901,126,116,10
45902,170,150,20
45903,207,175,32
45904,214,193,21
45905,208,191,17
45906,76,70,6
45907,251,219,32
45908,123,110,13
45909,274,237,37
45910,261,236,25
45911,921,815,106
45912,614,522,92
45913,196,173,23
45914,238,202,36
45915,271,248,23
45916,454,399,55
45917,168,149,19
45918,169,147,22
45919,319,289,30
45920,69,62,7
45921,211,189,22
45922,136,132,4
45923,701,627,74
45924,425,372,53
45925,555,467,88
45926,285,251,34
45927,89,81,8
45928,150,133,17
45929,28,28,0
45930,48,42,6
45931,111,97,14
45932,116,104,12
45933,122,102,20
45934,46,42,4
45935,119,105,14
45936,227,190,37
45937,579,502,77
45938,50,44,6
45939,149,136,13
45940,110,103,7
45941,53,46,7
45942,193,166,27
45943,346,313,33
45944,222,204,18
45945,256,221,35
45946,137,114,23
45947,556,512,44
45948,758,680,78
45949,170,142,28
45950,206,186,20
45951,212,185,27
45952,336,300,36
45953,114,107,7
45954,674,607,67
45955,761,689,72
45956,341,310,31
45957,125,114,11
45958,226,204,22
45959,46,37,9
45960,162,147,15
45961,126,107,19
45962,564,513,51
45963,102,93,9
45964,131,117,14
45965,126,116,10
45966,210,186,24
45967,154,138,16
45968,677,597,80
45969,210,195,15
45970,127,119,8
45971,375,338,37
45972,280,250,30
45973,168,152,16
45974,776,693,83
45975,111,100,11
45976,525,468,57
45977,279,265,14
45978,227,210,17
45979,154,135,19
45980,141,123,18
45981,179,164,15
45982,125,110,15
45983,237,207,30
45984,132,115,17
45985,106,93,13
45986,121,106,15
45987,169,145,24
45988,228,206,22
45989,126,109,17
45990,231,211,20
45991,211,191,20
45992,124,109,15
45993,207,185,22
45994,48,46,2
45995,372,326,46
45996,196,175,21
45997,189,169,20
45998,176,152,24
45999,74,63,11
46000,311,275,36
46001,111,104,7
46002,167,147,20
46003,129,115,14
46004,134,122,12
46005,463,417,46
46006,465,395,70
46007,134,123,11
46008,347,304,43
46009,221,200,21
46010,135,121,14
46011,400,340,60
46012,607,550,57
46013,424,373,51
46014,160,146,14
46015,713,634,79
46016,233,208,25
46017,424,383,41
46018,125,108,17
46019,218,188,30
46020,158,141,17
46021,377,345,32
46022,122,109,13
46023,151,130,21
46024,133,121,12
46025,113,109,4
46026,175,156,19
46027,91,76,15
46028,523,467,56
46029,141,124,17
46030,173,156,17
46031,458,418,40
46032,157,145,12
46033,173,160,13
46034,207,185,22
46035,158,141,17
46036,228,204,24
46037,295,252,43
46038,208,178,30
46039,148,141,7
46040,100,94,6
46041,328,290,38
46042,145,127,18
46043,75,65,10
46044,122,112,10
46045,423,392,31
46046,209,182,27
46047,288,260,28
46048,513,442,71
46049,109,96,13
46050,105,94,11
46051,171,154,17
46052,381,338,43
46053,208,183,25
46054,172,149,23
46055,115,103,12
46056,127,109,18
46057,289,257,32
46058,100,93,7
46059,118,108,10
46060,349,317,32
46061,781,711,70
46062,206,189,17
46063,170,154,16
46064,175,158,17
46065,121,114,7
46066,130,114,16
46067,132,116,16
46068,154,136,18
46069,285,263,22
46070,154,138,16
46071,196,171,25
46072,110,105,5
46073,186,166,20
46074,112,99,13
46075,66,61,5
46076,87,77,10
46077,339,307,32
46078,114,103,11
46079,168,150,18
46080,72,66,6
46081,106,90,16
46082,132,118,14
46083,144,130,14
46084,182,159,23
46085,45,44,1
46086,44,39,5
46087,96,88,8
46088,174,157,17
46089,111,98,13
46090,113,99,14
46091,458,390,68
46092,642,572,70
46093,112,97,15
46094,177,153,24
46095,121,98,23
46096,385,336,49
46097,109,94,15
46098,136,126,10
46099,139,114,25
46100,41,34,7
46101,101,91,10
46102,366,326,40
46103,100,93,7
46104,212,198,14
46105,194,171,23
46106,243,205,38
46107,122,107,15
46108,128,106,22
46109,55,51,4
46110,75,70,5
46111,128,112,16
46112,147,125,22
46113,138,118,20
46114,147,131,16
46115,59,49,10
46116,256,224,32
46117,578,508,70
46118,179,156,23
46119,181,157,24
46120,156,133,23
46121,101,94,7
46122,158,137,21
46123,436,391,45
46124,141,123,18
46125,123,114,9
46126,222,191,31
46127,215,188,27
46128,470,432,38
46129,108,93,15
46130,141,123,18
46131,114,97,17
46132,202,188,14
46133,180,160,20
46134,83,74,9
46135,104,87,17
46136,88,84,4
46137,212,175,37
46138,132,114,18
46139,313,283,30
46140,266,240,26
46141,208,188,20
46142,136,122,14
46143,236,213,23
46144,106,93,13
46145,130,117,13
46146,157,149,8
46147,123,107,16
46148,125,116,9
46149,171,157,14
46150,498,429,69
46151,166,151,15
46152,160,140,20
46153,135,124,11
46154,170,146,24
46155,212,190,22
46156,630,568,62
46157,411,355,56
46158,153,132,21
46159,403,362,41
46160,87,77,10
46161,221,196,25
46162,86,79,7
46163,50,42,8
46164,98,88,10
46165,122,104,18
46166,388,364,24
46167,125,113,12
46168,88,74,14
46169,82,71,11
46170,77,68,9
46171,252,230,22
46172,195,176,19
46173,507,440,67
46174,411,356,55
46175,156,137,19
46176,208,183,25
46177,54,48,6
46178,203,176,27
46179,226,200,26
46180,361,309,52
46181,127,116,11
46182,110,104,6
46183,171,159,12
46184,313,268,45
46185,256,222,34
46186,208,181,27
46187,324,285,39
46188,78,70,8
46189,674,591,83
46190,173,155,18
46191,356,305,51
46192,846,737,109
46193,312,271,41
46194,459,403,56
46195,300,266,34
46196,196,180,16
46197,128,116,12
46198,218,198,20
46199,123,110,13
46200,331,301,30
46201,126,116,10
46202,270,244,26
46203,843,760,83
46204,123,108,15
46205,368,323,45
46206,483,430,53
46207,164,146,18
46208,390,346,44
46209,168,149,19
46210,138,129,9
46211,134,121,13
46212,131,113,18
46213,150,140,10
46214,321,295,26
46215,141,126,15
46216,475,449,26
46217,176,157,19
46218,123,109,14
46219,481,435,46
46220,128,117,11
46221,158,143,15
46222,121,114,7
46223,565,496,69
46224,249,221,28
46225,115,98,17
46226,184,151,33
46227,63,56,7
46228,56,47,9
46229,223,205,18
46230,273,238,35
46231,135,127,8
46232,133,120,13
46233,176,143,33
46234,338,286,52
46235,123,112,11
46236,319,289,30
46237,116,103,13
46238,154,135,19
46239,131,112,19
46240,56,51,5
46241,76,73,3
46242,148,135,13
46243,227,205,22
46244,148,128,20
46245,156,139,17
46246,131,119,12
46247,60,56,4
46248,197,170,27
46249,117,113,4
46250,224,194,30
46251,235,210,25
46252,150,135,15
46253,22,22,0
46254,141,126,15
46255,68,64,4
46256,55,47,8
46257,158,138,20
46258,136,116,20
46259,189,164,25
46260,289,260,29
46261,75,68,7
46262,30,28,2
46263,98,86,12
46264,96,84,12
46265,148,133,15
46266,181,165,16
46267,80,73,7
46268,132,122,10
46269,39,34,5
46270,147,126,21
46271,126,112,14
46272,558,505,53
46273,180,164,16
46274,248,217,31
46275,182,162,20
46276,156,138,18
46277,74,62,12
46278,124,103,21
46279,232,206,26
46280,193,162,31
46281,135,118,17
46282,81,70,11
46283,105,93,12
46284,218,182,36
46285,178,164,14
46286,262,226,36
46287,131,120,11
46288,141,126,15
46289,284,251,33
46290,141,120,21
46291,179,162,17
46292,237,209,28
46293,232,194,38
46294,143,121,22
46295,121,107,14
46296,221,196,25
46297,110,102,8
46298,660,594,66
46299,357,313,44
46300,192,166,26
46301,160,147,13
46302,184,147,37
46303,138,121,17
46304,174,155,19
46305,281,246,35
46306,575,500,75
46307,822,714,108
46308,281,242,39
46309,370,324,46
46310,125,110,15
46311,125,110,15
46312,169,147,22
46313,150,138,12
46314,200,176,24
46315,223,197,26
46316,149,130,19
46317,132,116,16
46318,184,157,27
46319,128,115,13
46320,742,663,79
46321,145,132,13
46322,115,102,13
46323,153,136,17
46324,125,114,11
46325,238,218,20
46326,329,286,43
46327,77,66,11
46328,217,191,26
46329,173,154,19
46330,130,117,13
46331,219,198,21
46332,52,47,5
46333,167,147,20
46334,754,673,81
46335,288,255,33
46336,159,141,18
46337,180,168,12
46338,377,327,50
46339,375,310,65
46340,496,438,58
46341,305,275,30
46342,458,400,58
46343,213,176,37
46344,120,117,3
46345,145,131,14
46346,149,135,14
46347,140,124,16
46348,144,118,26
46349,122,108,14
46350,158,144,14
46351,121,102,19
46352,243,216,27
46353,60,53,7
46354,152,120,32
46355,237,209,28
46356,65,58,7
46357,53,45,8
46358,53,45,8
46359,124,108,16
46360,76,67,9
46361,39,34,5
46362,134,116,18
46363,52,45,7
46364,157,141,16
46365,168,138,30
46366,80,68,12
46367,56,52,4
46368,132,112,20
46369,47,39,8
46370,120,108,12
46371,287,254,33
46372,579,505,74
46373,70,59,11
46374,307,273,34
46375,155,134,21
46376,131,120,11
46377,592,523,69
46378,144,131,13
46379,91,75,16
46380,73,68,5
46381,139,130,9
46382,196,182,14
46383,222,196,26
46384,150,135,15
46385,229,207,22
46386,440,374,66
46387,154,140,14
46388,85,72,13
46389,202,183,19
46390,194,175,19
46391,127,121,6
46392,109,96,13
46393,269,244,25
46394,186,172,14
46395,113,105,8
46396,159,141,18
46397,228,192,36
46398,440,378,62
46399,219,197,22
46400,112,99,13
46401,575,517,58
46402,628,554,74
46403,253,218,35
46404,168,150,18
46405,149,131,18
46406,155,139,16
46407,205,181,24
46408,257,233,24
46409,189,175,14
46410,254,221,33
46411,120,104,16
46412,234,206,28
46413,115,97,18
46414,152,138,14
46415,559,497,62
46416,288,228,60
46417,122,112,10
46418,204,183,21
46419,76,71,5
46420,160,143,17
46421,222,199,23
46422,127,115,12
46423,75,70,5
46424,246,213,33
46425,122,111,11
46426,61,54,7
46427,187,173,14
46428,96,83,13
46429,127,117,10
46430,277,249,28
46431,157,146,11
46432,115,109,6
46433,366,333,33
46434,117,111,6
46435,119,114,5
46436,111,100,11
46437,305,277,28
46438,149,136,13
46439,119,106,13
46440,224,197,27
46441,135,121,14
46442,284,258,26
46443,576,502,74
46444,177,155,22
46445,226,203,23
46446,134,122,12
46447,122,101,21
46448,140,128,12
46449,164,140,24
46450,325,272,53
46451,207,185,22
46452,188,172,16
46453,323,276,47
46454,151,137,14
46455,250,223,27
46456,284,257,27
46457,231,207,24
46458,105,96,9
46459,172,145,27
46460,229,200,29
46461,126,112,14
46462,112,99,13
46463,111,100,11
46464,146,130,16
46465,228,208,20
46466,132,119,13
46467,117,108,9
46468,93,85,8
46469,121,107,14
46470,138,121,17
46471,124,114,10
46472,357,320,37
46473,113,97,16
46474,216,202,14
46475,290,258,32
46476,196,175,21
46477,121,103,18
46478,201,182,19
46479,59,53,6
46480,178,156,22
46481,266,234,32
46482,698,614,84
46483,154,137,17
46484,411,366,45
46485,382,330,52
46486,130,119,11
46487,246,216,30
46488,62,57,5
46489,897,786,111
46490,77,66,11
46491,249,220,29
46492,253,216,37
46493,82,76,6
46494,63,57,6
46495,358,322,36
46496,224,204,20
46497,135,123,12
46498,131,120,11
46499,6,6,0
46500,330,280,50
46501,127,114,13
46502,258,223,35
46503,44,35,9
46504,132,120,12
46505,387,342,45
46506,95,82,13
46507,106,93,13
46508,384,347,37
46509,1024,895,129
46510,117,110,7
46511,62,57,5
46512,119,106,13
46513,473,413,60
46514,131,113,18
46515,130,112,18
46516,159,141,18
46517,222,194,28
46518,142,132,10
46519,387,347,40
46520,49,44,5
46521,129,110,19
46522,113,97,16
46523,129,119,10
46524,244,215,29
46525,157,142,15
46526,164,153,11
46527,914,824,90
46528,198,182,16
46529,189,168,21
46530,625,548,77
46531,185,158,27
46532,295,263,32
46533,289,259,30
46534,130,122,8
46535,281,249,32
46536,113,99,14
46537,134,119,15
46538,88,78,10
46539,252,226,26
46540,116,108,8
46541,174,156,18
46542,422,366,56
46543,124,112,12
46544,58,55,3
46545,214,186,28
46546,65,58,7
46547,139,119,20
46548,164,145,19
46549,225,205,20
46550,597,539,58
46551,184,160,24
46552,138,121,17
46553,115,103,12
46554,165,148,17
46555,290,255,35
46556,150,134,16
46557,164,144,20
46558,161,141,20
46559,120,100,20
46560,269,251,18
46561,104,98,6
46562,233,217,16
46563,461,412,49
46564,424,374,50
46565,328,272,56
46566,288,246,42
46567,161,150,11
46568,181,160,21
46569,223,199,24
46570,104,91,13
46571,117,104,13
46572,536,458,78
46573,218,189,29
46574,225,180,45
46575,188,167,21
46576,96,91,5
46577,54,48,6
46578,418,376,42
46579,297,261,36
46580,290,263,27
46581,359,319,40
46582,221,183,38
46583,419,374,45
46584,586,519,67
46585,340,299,41
46586,434,384,50
46587,195,171,24
46588,102,94,8
46589,57,50,7
46590,359,322,37
46591,243,217,26
46592,144,124,20
46593,436,385,51
46594,286,248,38
46595,261,229,32
46596,130,119,11
46597,129,118,11
46598,818,746,72
46599,150,132,18
46600,154,137,17
46601,202,174,28
46602,266,227,39
46603,444,389,55
46604,141,126,15
46605,112,105,7
46606,126,105,21
46607,42,37,5
46608,168,148,20
46609,310,281,29
46610,282,258,24
46611,193,166,27
46612,116,105,11
46613,191,165,26
46614,127,109,18
46615,143,125,18
46616,290,254,36
46617,153,139,14
46618,119,105,14
46619,201,187,14
46620,75,69,6
46621,156,138,18
46622,772,688,84
46623,210,187,23
46624,210,190,20
46625,172,151,21
46626,318,274,44
46627,459,395,64
46628,389,335,54
46629,256,229,27
46630,126,100,26
46631,267,237,30
46632,419,376,43
46633,287,257,30
46634,693,612,81
46635,328,271,57
46636,377,318,59
46637,995,885,110
46638,374,341,33
46639,545,478,67
46640,174,157,17
46641,188,167,21
46642,57,54,3
46643,135,124,11
46644,155,143,12
46645,140,127,13
46646,601,526,75
46647,157,136,21
46648,120,110,10
46649,331,297,34
46650,80,74,6
46651,160,141,19
46652,85,71,14
46653,234,211,23
46654,139,123,16
46655,122,112,10
46656,202,180,22
46657,136,126,10
46658,176,164,12
46659,173,163,10
46660,145,128,17
46661,309,276,33
46662,552,486,66
46663,418,359,59
46664,157,135,22
46665,292,259,33
46666,327,273,54
46667,83,75,8
46668,55,50,5
46669,176,162,14
46670,88,79,9
46671,128,111,17
46672,129,115,14
46673,277,252,25
46674,40,39,1
46675,133,111,22
46676,135,122,13
46677,405,348,57
46678,476,407,69
46679,52,44,8
46680,143,124,19
46681,106,95,11
46682,249,231,18
46683,79,72,7
46684,103,95,8
46685,161,141,20
46686,410,367,43
46687,131,116,15
46688,259,227,32
46689,167,142,25
46690,149,136,13
46691,374,328,46
46692,161,145,16
46693,71,65,6
46694,457,401,56
46695,132,118,14
46696,99,83,16
46697,96,90,6
46698,126,112,14
46699,162,145,17
46700,128,116,12
46701,294,267,27
46702,191,176,15
46703,119,106,13
46704,422,374,48
46705,9,6,3
46706,82,78,4
46707,411,373,38
46708,199,175,24
46709,134,117,17
46710,34,30,4
46711,662,590,72
46712,180,156,24
46713,101,86,15
46714,127,110,17
46715,197,179,18
46716,76,57,19
46717,228,203,25
46718,499,429,70
46719,174,152,22
46720,465,416,49
46721,98,89,9
46722,210,182,28
46723,254,224,30
46724,328,290,38
46725,127,111,16
46726,160,147,13
46727,119,109,10
46728,147,132,15
46729,327,289,38
46730,124,108,16
46731,904,788,116
46732,143,127,16
46733,98,86,12
46734,204,183,21
46735,342,292,50
46736,1021,883,138
46737,195,166,29
46738,176,160,16
46739,179,159,20
46740,239,218,21
46741,133,112,21
46742,99,84,15
46743,170,159,11
46744,171,151,20
46745,208,184,24
46746,172,150,22
46747,263,230,33
46748,172,152,20
46749,193,171,22
46750,236,214,22
46751,401,359,42
46752,119,98,21
46753,168,150,18
46754,344,304,40
46755,173,148,25
46756,232,200,32
46757,191,173,18
46758,273,233,40
46759,424,362,62
46760,213,187,26
46761,43,38,5
46762,402,357,45
46763,199,180,19
46764,163,134,29
46765,110,101,9
46766,314,266,48
46767,455,392,63
46768,691,616,75
46769,150,130,20
46770,58,55,3
46771,175,162,13
46772,192,172,20
46773,112,101,11
46774,67,61,6
46775,67,57,10
46776,363,325,38
46777,606,544,62
46778,132,120,12
46779,82,75,7
46780,132,124,8
46781,116,104,12
46782,126,112,14
46783,107,100,7
46784,399,364,35
46785,169,157,12
46786,255,228,27
46787,144,125,19
46788,899,790,109
46789,210,196,14
46790,157,142,15
46791,56,48,8
46792,164,146,18
46793,464,424,40
46794,130,118,12
46795,228,205,23
46796,194,172,22
46797,130,116,14
46798,246,228,18
46799,134,115,19
46800,211,194,17
46801,203,175,28
46802,288,263,25
46803,160,143,17
46804,223,195,28
46805,376,335,41
46806,462,414,48
46807,122,109,13
46808,274,249,25
46809,180,171,9
46810,194,157,37
46811,164,140,24
46812,129,110,19
46813,352,311,41
46814,316,280,36
46815,542,491,51
46816,347,309,38
46817,406,341,65
46818,357,317,40
46819,130,118,12
46820,185,168,17
46821,117,102,15
46822,229,191,38
46823,267,238,29
46824,784,704,80
46825,47,39,8
46826,118,109,9
46827,151,136,15
46828,131,115,16
46829,231,202,29
46830,157,145,12
46831,248,220,28
46832,281,229,52
46833,105,98,7
46834,204,179,25
46835,197,176,21
46836,144,135,9
46837,125,112,13
46838,146,129,17
46839,96,88,8
46840,338,296,42
46841,165,139,26
46842,417,380,37
46843,167,144,23
46844,198,172,26
46845,127,113,14
46846,137,118,19
46847,126,111,15
46848,252,226,26
46849,137,125,12
46850,454,398,56
46851,148,127,21
46852,130,111,19
46853,225,194,31
46854,113,101,12
46855,43,38,5
46856,525,479,46
46857,142,125,17
46858,122,108,14
46859,130,116,14
46860,207,178,29
46861,376,334,42
46862,162,144,18
46863,212,191,21
46864,128,114,14
46865,68,61,7
46866,201,186,15
46867,324,292,32
46868,100,89,11
46869,53,47,6
46870,87,81,6
46871,201,176,25
46872,112,99,13
46873,134,122,12
46874,186,172,14
46875,105,94,11
46876,130,119,11
46877,240,220,20
46878,216,191,25
46879,350,293,57
46880,156,139,17
46881,152,131,21
46882,144,128,16
46883,311,280,31
46884,145,127,18
46885,124,113,11
46886,268,237,31
46887,111,97,14
46888,638,561,77
46889,85,79,6
46890,137,126,11
46891,127,114,13
46892,112,100,12
46893,131,117,14
46894,144,125,19
46895,232,208,24
46896,321,287,34
46897,221,192,29
46898,655,577,78
46899,231,202,29
46900,221,188,33
46901,312,279,33
46902,250,216,34
46903,133,121,12
46904,193,177,16
46905,139,117,22
46906,969,857,112
46907,515,479,36
46908,541,464,77
46909,662,582,80
46910,237,205,32
46911,128,107,21
46912,167,157,10
46913,179,161,18
46914,452,399,53
46915,161,146,15
46916,56,50,6
46917,160,145,15
46918,151,126,25
46919,242,209,33
46920,360,316,44
46921,167,141,26
46922,168,157,11
46923,233,207,26
46924,378,336,42
46925,143,126,17
46926,241,215,26
46927,467,417,50
46928,141,126,15
46929,137,125,12
46930,147,131,16
46931,153,142,11
46932,198,181,17
46933,524,472,52
46934,130,118,12
46935,559,522,37
46936,115,96,19
46937,147,124,23
46938,128,112,16
46939,197,172,25
46940,782,694,88
46941,161,144,17
46942,371,325,46
46943,1033,895,138
46944,72,61,11
46945,588,512,76
46946,345,308,37
46947,166,144,22
46948,114,103,11
46949,621,555,66
46950,123,109,14
46951,222,195,27
46952,201,179,22
46953,340,317,23
46954,127,114,13
46955,185,168,17
46956,601,540,61
46957,86,76,10
46958,114,103,11
46959,550,476,74
46960,791,690,101
46961,124,117,7
46962,164,146,18
46963,122,114,8
46964,114,101,13
46965,119,99,20
46966,260,229,31
46967,115,101,14
46968,111,99,12
46969,413,361,52
46970,193,175,18
46971,146,133,13
46972,155,128,27
46973,349,315,34
46974,287,256,31
46975,172,146,26
46976,262,233,29
46977,362,314,48
46978,103,96,7
46979,173,153,20
46980,481,431,50
46981,235,214,21
46982,136,125,11
46983,202,180,22
46984,145,133,12
46985,176,153,23
46986,324,289,35
46987,355,322,33
46988,300,265,35
46989,262,234,28
46990,340,300,40
46991,157,139,18
46992,170,154,16
46993,140,131,9
46994,151,123,28
46995,150,127,23
46996,153,132,21
46997,315,282,33
46998,377,336,41
46999,368,324,44
47000,288,259,29
47001,256,225,31
47002,209,184,25
47003,114,105,9
47004,223,197,26
47005,192,176,16
47006,108,94,14
47007,90,82,8
47008,135,120,15
47009,814,679,135
47010,130,120,10
47011,166,144,22
47012,101,94,7
47013,79,70,9
47014,383,347,36
47015,155,131,24
47016,360,326,34
47017,559,477,82
47018,151,131,20
47019,149,129,20
47020,246,211,35
47021,156,133,23
47022,127,114,13
47023,255,228,27
47024,120,106,14
47025,123,109,14
47026,132,114,18
47027,103,88,15
47028,191,173,18
47029,77,73,4
47030,73,66,7
47031,371,324,47
47032,367,329,38
47033,131,117,14
47034,108,93,15
47035,563,490,73
47036,141,125,16
47037,125,114,11
47038,145,126,19
47039,664,569,95
47040,102,94,8
47041,99,88,11
47042,133,115,18
47043,285,244,41
47044,138,119,19
47045,123,103,20
47046,126,116,10
47047,136,122,14
47048,213,189,24
47049,294,277,17
47050,296,266,30
47051,197,176,21
47052,160,146,14
47053,180,161,19
47054,263,229,34
47055,193,166,27
47056,152,140,12
47057,182,161,21
47058,1021,929,92
47059,125,114,11
47060,328,290,38
47061,323,260,63
47062,189,163,26
47063,208,177,31
47064,190,170,20
47065,67,59,8
47066,1008,904,104
47067,97,83,14
47068,259,232,27
47069,207,178,29
47070,112,103,9
47071,243,197,46
47072,123,115,8
47073,314,285,29
47074,288,260,28
47075,1021,897,124
47076,164,140,24
47077,141,126,15
47078,133,116,17
47079,245,214,31
47080,245,213,32
47081,205,186,19
47082,457,410,47
47083,279,249,30
47084,155,146,9
47085,237,216,21
47086,79,68,11
47087,325,294,31
47088,264,242,22
47089,159,143,16
47090,230,204,26
47091,232,213,19
47092,148,137,11
47093,154,142,12
47094,158,144,14
47095,120,111,9
47096,51,47,4
47097,78,71,7
47098,371,302,69
47099,96,77,19
47100,109,97,12
47101,169,139,30
47102,255,224,31
47103,742,660,82
47104,536,465,71
47105,233,207,26
47106,312,263,49
47107,372,338,34
47108,141,117,24
47109,164,153,11
47110,421,359,62
47111,188,171,17
47112,304,264,40
47113,292,267,25
47114,550,479,71
47115,122,99,23
47116,157,141,16
47117,228,197,31
47118,425,376,49
47119,463,416,47
47120,470,404,66
47121,126,110,16
47122,206,171,35
47123,73,64,9
47124,288,264,24
47125,249,214,35
47126,322,288,34
47127,162,146,16
47128,206,183,23
47129,109,100,9
47130,152,136,16
47131,339,301,38
47132,133,119,14
47133,367,319,48
47134,169,143,26
47135,257,224,33
47136,169,154,15
47137,766,670,96
47138,278,250,28
47139,45,43,2
47140,67,62,5
47141,157,145,12
47142,259,232,27
47143,121,105,16
47144,137,122,15
47145,116,102,14
47146,133,118,15
47147,130,113,17
47148,144,128,16
47149,560,498,62
47150,142,128,14
47151,131,112,19
47152,308,257,51
47153,261,221,40
47154,165,146,19
47155,300,267,33
47156,423,371,52
47157,210,186,24
47158,162,134,28
47159,382,331,51
47160,156,138,18
47161,223,204,19
47162,1021,913,108
47163,414,360,54
47164,602,530,72
47165,141,124,17
47166,148,127,21
47167,104,91,13
47168,103,94,9
47169,185,170,15
47170,149,137,12
47171,140,131,9
47172,471,426,45
47173,135,125,10
47174,85,79,6
47175,266,240,26
47176,223,197,26
47177,91,81,10
47178,183,164,19
47179,85,74,11
47180,105,90,15
47181,115,99,16
47182,115,103,12
47183,194,166,28
47184,109,95,14
47185,79,74,5
47186,136,121,15
47187,144,130,14
47188,199,180,19
47189,193,168,25
47190,134,117,17
47191,175,157,18
47192,184,163,21
47193,298,272,26
47194,447,393,54
47195,385,342,43
47196,362,328,34
47197,141,124,17
47198,174,150,24
47199,116,106,10
47200,124,116,8
47201,173,158,15
47202,206,191,15
47203,117,109,8
47204,665,611,54
47205,267,238,29
47206,140,133,7
47207,269,232,37
47208,128,119,9
47209,401,354,47
47210,327,295,32
47211,202,187,15
47212,140,126,14
47213,376,325,51
47214,153,133,20
47215,155,135,20
47216,82,71,11
47217,43,40,3
47218,267,237,30
47219,129,117,12
47220,609,536,73
47221,156,135,21
47222,220,199,21
47223,236,207,29
47224,179,162,17
47225,137,112,25
47226,447,404,43
47227,170,148,22
47228,206,186,20
47229,413,361,52
47230,178,161,17
47231,215,186,29
47232,149,125,24
47233,145,129,16
47234,240,219,21
47235,214,191,23
47236,551,487,64
47237,151,134,17
47238,716,629,87
47239,125,114,11
47240,132,118,14
47241,834,762,72
47242,543,483,60
47243,224,198,26
47244,56,48,8
47245,222,197,25
47246,172,150,22
47247,128,115,13
47248,161,145,16
47249,627,556,71
47250,400,343,57
47251,664,592,72
47252,650,589,61
47253,133,111,22
47254,136,117,19
47255,61,55,6
47256,135,125,10
47257,109,100,9
47258,268,233,35
47259,242,222,20
47260,287,256,31
47261,83,71,12
47262,489,425,64
47263,209,182,27
47264,236,212,24
47265,166,143,23
47266,108,98,10
47267,217,196,21
47268,104,94,10
47269,58,51,7
47270,191,174,17
47271,673,574,99
47272,182,169,13
47273,245,221,24
47274,96,80,16
47275,240,204,36
47276,156,136,20
47277,151,129,22
47278,126,115,11
47279,489,424,65
47280,205,182,23
47281,98,88,10
47282,128,115,13
47283,124,115,9
47284,488,421,67
47285,53,46,7
47286,50,44,6
47287,60,55,5
47288,107,86,21
47289,100,78,22
47290,367,309,58
47291,275,253,22
47292,346,323,23
47293,129,113,16
47294,192,170,22
47295,194,177,17
47296,278,247,31
47297,207,185,22
47298,225,207,18
47299,212,189,23
47300,75,67,8
47301,159,146,13
47302,206,176,30
47303,776,686,90
47304,157,143,14
47305,112,100,12
47306,119,112,7
47307,139,132,7
47308,150,134,16
47309,54,51,3
47310,138,124,14
47311,65,57,8
47312,136,124,12
47313,154,136,18
47314,432,402,30
47315,462,411,51
47316,617,561,56
47317,217,189,28
47318,380,341,39
47319,348,309,39
47320,195,173,22
47321,148,140,8
47322,68,61,7
47323,294,269,25
47324,163,133,30
47325,315,278,37
47326,126,107,19
47327,292,255,37
47328,321,287,34
47329,134,116,18
47330,376,324,52
47331,387,341,46
47332,193,172,21
47333,222,189,33
47334,161,139,22
47335,276,241,35
47336,233,210,23
47337,261,236,25
47338,134,118,16
47339,142,130,12
47340,223,197,26
47341,213,192,21
47342,51,47,4
47343,89,77,12
47344,205,181,24
47345,241,210,31
47346,400,347,53
47347,120,110,10
47348,156,142,14
47349,131,115,16
47350,109,98,11
47351,223,193,30
47352,441,357,84
47353,133,116,17
47354,160,143,17
47355,619,539,80
47356,124,108,16
47357,289,254,35
47358,410,353,57
47359,445,395,50
47360,152,145,7
47361,40,39,1
47362,205,183,22
47363,31,25,6
47364,72,63,9
47365,114,102,12
47366,62,58,4
47367,188,169,19
47368,68,58,10
47369,186,157,29
47370,671,608,63
47371,352,316,36
47372,113,100,13
47373,456,368,88
47374,249,215,34
47375,152,127,25
47376,92,78,14
47377,226,195,31
47378,898,756,142
47379,357,311,46
47380,715,636,79
47381,280,243,37
47382,138,122,16
47383,168,144,24
47384,130,117,13
47385,114,101,13
47386,178,167,11
47387,156,136,20
47388,273,238,35
47389,212,185,27
47390,110,96,14
47391,241,211,30
47392,146,131,15
47393,215,195,20
47394,168,155,13
47395,128,119,9
47396,177,157,20
47397,95,83,12
47398,180,163,17
47399,128,117,11
47400,242,216,26
47401,139,123,16
47402,227,195,32
47403,46,39,7
47404,120,102,18
47405,957,861,96
47406,241,210,31
47407,452,411,41
47408,195,176,19
47409,259,223,36
47410,403,357,46
47411,427,358,69
47412,260,241,19
47413,274,229,45
47414,321,279,42
47415,1013,878,135
47416,413,356,57
47417,157,140,17
47418,105,95,10
47419,400,342,58
47420,135,117,18
47421,255,223,32
47422,68,56,12
47423,181,156,25
47424,116,101,15
47425,157,143,14
47426,526,471,55
47427,125,113,12
47428,54,51,3
47429,297,260,37
47430,151,134,17
47431,197,178,19
47432,418,374,44
47433,333,309,24
47434,143,123,20
47435,229,201,28
47436,125,112,13
47437,410,362,48
47438,763,661,102
47439,138,127,11
47440,178,159,19
47441,439,391,48
47442,159,141,18
47443,56,51,5
47444,126,108,18
47445,276,245,31
47446,523,479,44
47447,233,187,46
47448,318,281,37
47449,231,208,23
47450,469,425,44
47451,499,438,61
47452,152,132,20
47453,228,203,25
47454,144,128,16
47455,215,193,22
47456,152,136,16
47457,542,474,68
47458,186,163,23
47459,204,180,24
47460,266,237,29
47461,201,178,23
47462,124,102,22
47463,188,162,26
47464,133,122,11
47465,187,164,23
47466,134,119,15
47467,125,116,9
47468,130,118,12
47469,163,151,12
47470,988,887,101
47471,335,296,39
47472,322,277,45
47473,453,395,58
47474,370,326,44
47475,255,227,28
47476,246,216,30
47477,255,232,23
47478,198,176,22
47479,142,126,16
47480,354,319,35
47481,1012,904,108
47482,113,101,12
47483,158,135,23
47484,159,148,11
47485,327,293,34
47486,111,105,6
47487,169,145,24
47488,115,100,15
47489,226,208,18
47490,282,253,29
47491,129,119,10
47492,214,182,32
47493,219,194,25
47494,52,45,7
47495,702,623,79
47496,88,78,10
47497,213,185,28
47498,74,64,10
47499,135,124,11
47500,285,252,33
47501,93,82,11
47502,721,642,79
47503,590,509,81
47504,140,126,14
47505,197,168,29
47506,96,84,12
47507,272,243,29
47508,34,32,2
47509,116,111,5
47510,234,207,27
47511,297,269,28
47512,131,117,14
47513,252,228,24
47514,165,147,18
47515,304,278,26
47516,100,91,9
47517,169,154,15
47518,179,162,17
47519,308,279,29
47520,138,124,14
47521,363,324,39
47522,281,252,29
47523,147,133,14
47524,133,116,17
47525,134,123,11
47526,269,238,31
47527,356,322,34
47528,160,138,22
47529,105,93,12
47530,197,182,15
47531,146,125,21
47532,84,80,4
47533,176,161,15
47534,328,299,29
47535,115,105,10
47536,220,192,28
47537,160,144,16
47538,293,269,24
47539,110,93,17
47540,136,122,14
47541,271,228,43
47542,177,162,15
47543,340,303,37
47544,345,308,37
47545,501,447,54
47546,488,434,54
47547,167,150,17
47548,129,119,10
47549,153,133,20
47550,46,42,4
47551,81,74,7
47552,133,113,20
47553,347,310,37
47554,545,486,59
47555,152,125,27
47556,154,134,20
47557,171,142,29
47558,244,208,36
47559,155,118,37
47560,217,192,25
47561,132,115,17
47562,115,106,9
47563,157,140,17
47564,124,105,19
47565,221,202,19
47566,173,157,16
47567,63,58,5
47568,78,70,8
47569,1041,909,132
47570,144,132,12
47571,167,157,10
47572,199,189,10
47573,238,215,23
47574,281,253,28
47575,316,282,34
47576,191,171,20
47577,144,131,13
47578,366,336,30
47579,211,182,29
47580,169,155,14
47581,158,141,17
47582,121,118,3
47583,202,181,21
47584,147,127,20
47585,157,138,19
47586,298,252,46
47587,131,111,20
47588,480,425,55
47589,179,159,20
47590,252,220,32
47591,132,116,16
47592,46,40,6
47593,33,30,3
47594,149,130,19
47595,116,95,21
47596,181,151,30
47597,79,63,16
47598,438,388,50
47599,85,73,12
47600,111,93,18
47601,168,154,14
47602,94,84,10
47603,158,140,18
47604,197,176,21
47605,250,219,31
47606,175,157,18
47607,161,134,27
47608,211,171,40
47609,225,197,28
47610,312,269,43
47611,280,242,38
47612,398,346,52
47613,75,61,14
47614,257,216,41
47615,108,94,14
47616,224,195,29
47617,171,138,33
47618,212,177,35
47619,262,222,40
47620,134,117,17
47621,565,478,87
47622,193,157,36
47623,758,685,73
47624,113,104,9
47625,86,78,8
47626,131,117,14
47627,277,254,23
47628,161,146,15
47629,443,405,38
47630,161,147,14
47631,125,115,10
47632,80,72,8
47633,118,107,11
47634,113,101,12
47635,135,121,14
47636,189,174,15
47637,358,324,34
47638,113,55,58
47639,156,138,18
47640,275,245,30
47641,215,185,30
47642,209,186,23
47643,229,213,16
47644,166,141,25
47645,194,179,15
47646,129,115,14
47647,247,222,25
47648,559,513,46
47649,414,365,49
47650,396,330,66
47651,61,51,10
47652,340,293,47
47653,126,110,16
47654,185,154,31
47655,198,178,20
47656,135,128,7
47657,113,96,17
47658,137,130,7
47659,181,161,20
47660,181,160,21
47661,136,127,9
47662,129,116,13
47663,147,131,16
47664,129,115,14
47665,35,34,1
47666,116,107,9
47667,175,156,19
47668,120,116,4
47669,175,158,17
47670,217,194,23
47671,145,133,12
47672,143,129,14
47673,162,148,14
47674,233,217,16
47675,240,216,24
47676,147,130,17
47677,387,347,40
47678,202,165,37
47679,302,272,30
47680,65,52,13
47681,65,52,13
47682,123,111,12
47683,123,112,11
47684,159,143,16
47685,300,267,33
47686,103,89,14
47687,380,338,42
47688,111,104,7
47689,243,202,41
47690,277,245,32
47691,152,130,22
47692,209,176,33
47693,178,165,13
47694,983,848,135
47695,360,314,46
47696,241,217,24
47697,53,45,8
47698,423,373,50
47699,240,215,25
47700,240,215,25
47701,250,219,31
47702,159,143,16
47703,140,129,11
47704,539,474,65
47705,137,122,15
47706,252,236,16
47707,143,127,16
47708,150,139,11
47709,416,373,43
47710,607,547,60
47711,146,133,13
47712,191,173,18
47713,548,487,61
47714,155,145,10
47715,725,636,89
47716,215,174,41
47717,161,144,17
47718,359,319,40
47719,119,107,12
47720,183,160,23
47721,146,131,15
47722,216,188,28
47723,292,268,24
47724,267,230,37
47725,430,397,33
47726,138,121,17
47727,171,142,29
47728,116,111,5
47729,205,178,27
47730,451,401,50
47731,788,709,79
47732,261,226,35
47733,171,164,7
47734,542,494,48
47735,411,352,59
47736,322,287,35
47737,77,66,11
47738,268,234,34
47739,159,138,21
47740,420,369,51
47741,117,105,12
47742,396,367,29
47743,335,304,31
47744,681,611,70
47745,202,179,23
47746,144,121,23
47747,203,181,22
47748,65,55,10
47749,219,188,31
47750,108,102,6
47751,208,189,19
47752,343,298,45
47753,555,503,52
47754,123,112,11
47755,145,128,17
47756,198,176,22
47757,153,133,20
47758,160,148,12
47759,50,44,6
47760,163,157,6
47761,207,183,24
47762,262,228,34
47763,715,638,77
47764,165,143,22
47765,47,44,3
47766,122,111,11
47767,85,78,7
47768,93,89,4
47769,89,78,11
47770,183,167,16
47771,142,129,13
47772,626,560,66
47773,203,179,24
47774,119,107,12
47775,819,719,100
47776,148,134,14
47777,209,178,31
47778,139,126,13
47779,70,63,7
47780,132,112,20
47781,87,81,6
47782,146,126,20
47783,164,145,19
47784,157,133,24
47785,318,287,31
47786,149,139,10
47787,56,52,4
47788,123,109,14
47789,153,133,20
47790,36,31,5
47791,186,168,18
47792,151,142,9
47793,168,148,20
47794,174,156,18
47795,113,103,10
47796,116,103,13
47797,151,128,23
47798,132,121,11
47799,987,872,115
47800,313,275,38
47801,136,123,13
47802,283,229,54
47803,97,81,16
47804,120,107,13
47805,119,107,12
47806,539,466,73
47807,75,72,3
47808,104,93,11
47809,46,42,4
47810,40,34,6
47811,322,284,38
47812,215,201,14
47813,184,160,24
47814,73,64,9
47815,248,215,33
47816,401,341,60
47817,209,177,32
47818,116,109,7
47819,136,115,21
47820,295,255,40
47821,129,119,10
47822,253,225,28
47823,263,238,25
47824,104,92,12
47825,188,166,22
47826,388,345,43
47827,93,86,7
47828,45,41,4
47829,238,211,27
47830,240,207,33
47831,253,222,31
47832,211,192,19
47833,114,100,14
47834,1004,856,148
47835,142,125,17
47836,155,136,19
47837,138,118,20
47838,327,297,30
47839,956,863,93
47840,197,176,21
47841,118,106,12
47842,279,240,39
47843,124,109,15
47844,769,694,75
47845,156,134,22
47846,395,357,38
47847,206,187,19
47848,163,146,17
47849,128,111,17
47850,82,77,5
47851,124,114,10
47852,165,153,12
47853,46,41,5
47854,123,116,7
47855,143,131,12
47856,111,97,14
47857,946,806,140
47858,1118,1010,108
47859,114,95,19
47860,177,161,16
47861,53,46,7
47862,134,123,11
47863,240,215,25
47864,119,111,8
47865,185,165,20
47866,585,534,51
47867,562,513,49
47868,220,194,26
47869,75,68,7
47870,59,53,6
47871,48,44,4
47872,71,65,6
47873,507,435,72
47874,144,124,20
47875,177,155,22
47876,180,154,26
47877,34,30,4
47878,88,80,8
47879,55,49,6
47880,132,116,16
47881,73,62,11
47882,113,102,11
47883,412,377,35
47884,213,185,28
47885,178,156,22
47886,117,108,9
47887,72,65,7
47888,50,43,7
47889,332,294,38
47890,227,205,22
47891,122,105,17
47892,239,201,38
47893,334,293,41
47894,233,202,31
47895,116,103,13
47896,134,116,18
47897,132,110,22
47898,304,277,27
47899,148,130,18
47900,150,130,20
47901,142,128,14
47902,218,195,23
47903,149,125,24
47904,230,201,29
47905,125,118,7
47906,206,178,28
47907,300,260,40
47908,254,236,18
47909,393,335,58
47910,285,255,30
47911,137,119,18
47912,142,131,11
47913,137,116,21
47914,132,124,8
47915,201,182,19
47916,796,716,80
47917,536,473,63
47918,322,294,28
47919,192,165,27
47920,460,406,54
47921,103,90,13
47922,228,203,25
47923,290,257,33
47924,185,165,20
47925,338,288,50
47926,241,212,29
47927,300,248,52
47928,681,586,95
47929,166,147,19
47930,139,120,19
47931,550,481,69
47932,175,151,24
47933,191,164,27
47934,352,310,42
47935,110,88,22
47936,198,178,20
47937,346,312,34
47938,91,79,12
47939,152,133,19
47940,142,127,15
47941,564,475,89
47942,146,132,14
47943,83,72,11
47944,332,294,38
47945,148,134,14
47946,155,140,15
47947,366,317,49
47948,126,117,9
47949,177,167,10
47950,480,438,42
47951,235,209,26
47952,473,410,63
47953,157,141,16
47954,233,210,23
47955,965,865,100
47956,200,184,16
47957,59,54,5
47958,150,134,16
47959,89,79,10
47960,611,534,77
47961,299,268,31
47962,424,396,28
47963,178,153,25
47964,845,732,113
47965,79,67,12
47966,395,349,46
47967,228,208,20
47968,181,149,32
47969,323,282,41
47970,125,114,11
47971,107,93,14
47972,335,300,35
47973,102,94,8
47974,359,324,35
47975,201,182,19
47976,124,108,16
47977,137,123,14
47978,277,254,23
47979,147,134,13
47980,35,29,6
47981,160,145,15
47982,194,178,16
47983,89,80,9
47984,59,50,9
47985,135,123,12
47986,131,111,20
47987,65,61,4
47988,137,123,14
47989,315,288,27
47990,145,131,14
47991,173,157,16
47992,206,180,26
47993,292,270,22
47994,273,241,32
47995,141,132,9
47996,61,54,7
47997,161,147,14
47998,39,34,5
47999,339,303,36
48000,354,310,44
48001,168,139,29
48002,397,347,50
48003,108,93,15
48004,217,180,37
48005,699,617,82
48006,391,339,52
48007,292,260,32
48008,172,145,27
48009,142,126,16
48010,70,65,5
48011,257,219,38
48012,226,197,29
48013,127,118,9
48014,177,165,12
48015,755,660,95
48016,390,346,44
48017,155,138,17
48018,314,271,43
48019,86,78,8
48020,153,128,25
48021,248,224,24
48022,287,255,32
48023,844,730,114
48024,157,133,24
48025,401,362,39
48026,866,780,86
48027,376,317,59
48028,666,609,57
48029,93,80,13
48030,171,157,14
48031,374,333,41
48032,144,131,13
48033,255,233,22
48034,168,153,15
48035,373,330,43
48036,125,110,15
48037,308,269,39
48038,211,178,33
48039,362,320,42
48040,137,119,18
48041,155,140,15
48042,277,249,28
48043,81,74,7
48044,161,142,19
48045,145,128,17
48046,238,201,37
48047,170,150,20
48048,482,437,45
48049,343,299,44
48050,101,90,11
48051,139,132,7
48052,279,241,38
48053,118,103,15
48054,197,173,24
48055,283,248,35
48056,210,192,18
48057,437,378,59
48058,126,115,11
48059,78,74,4
48060,59,52,7
48061,295,258,37
48062,125,110,15
48063,100,82,18
48064,159,138,21
48065,162,145,17
48066,130,118,12
48067,171,155,16
48068,65,54,11
48069,305,273,32
48070,418,379,39
48071,122,116,6
48072,224,196,28
48073,255,227,28
48074,288,255,33
48075,195,175,20
48076,111,100,11
48077,156,136,20
48078,221,193,28
48079,221,193,28
48080,156,141,15
48081,112,96,16
48082,112,103,9
48083,601,551,50
48084,141,122,19
48085,409,348,61
48086,147,131,16
48087,134,124,10
48088,140,123,17
48089,125,118,7
48090,632,553,79
48091,116,102,14
48092,507,461,46
48093,239,206,33
48094,231,199,32
48095,199,173,26
48096,281,248,33
48097,331,278,53
48098,273,241,32
48099,82,74,8
48100,659,589,70
48101,260,230,30
48102,90,78,12
48103,125,106,19
48104,277,248,29
48105,229,197,32
48106,206,190,16
48107,194,179,15
48108,319,266,53
48109,126,113,13
48110,127,114,13
48111,41,35,6
48112,142,119,23
48113,268,232,36
48114,250,217,33
48115,549,497,52
48116,114,100,14
48117,424,375,49
48118,154,135,19
48119,206,188,18
48120,212,191,21
48121,174,143,31
48122,187,171,16
48123,293,264,29
48124,143,127,16
48125,166,145,21
48126,698,620,78
48127,282,250,32
48128,235,202,33
48129,242,218,24
48130,152,140,12
48131,766,674,92
48132,426,389,37
48133,748,646,102
48134,143,119,24
48135,513,448,65
48136,284,240,44
48137,616,547,69
48138,115,102,13
48139,236,218,18
48140,267,226,41
48141,285,258,27
48142,90,81,9
48143,81,75,6
48144,238,213,25
48145,280,248,32
48146,130,115,15
48147,578,499,79
48148,117,102,15
48149,123,112,11
48150,117,104,13
48151,315,278,37
48152,33,28,5
48153,349,317,32
48154,191,168,23
48155,50,41,9
48156,110,98,12
48157,65,60,5
48158,90,86,4
48159,139,131,8
48160,843,763,80
48161,157,143,14
48162,158,137,21
48163,169,152,17
48164,141,122,19
48165,211,181,30
48166,553,506,47
48167,598,510,88
48168,157,130,27
48169,134,120,14
48170,275,246,29
48171,210,177,33
48172,301,257,44
48173,326,299,27
48174,101,84,17
48175,176,157,19
48176,217,186,31
48177,375,317,58
48178,198,171,27
48179,535,455,80
48180,291,245,46
48181,180,157,23
48182,247,222,25
48183,77,72,5
48184,619,549,70
48185,401,350,51
48186,721,612,109
48187,212,192,20
48188,306,267,39
48189,163,146,17
48190,212,191,21
48191,311,265,46
48192,168,150,18
48193,140,124,16
48194,332,285,47
48195,137,124,13
48196,171,145,26
48197,108,99,9
48198,292,251,41
48199,107,94,13
48200,444,403,41
48201,184,156,28
48202,228,212,16
48203,64,60,4
48204,136,123,13
48205,247,221,26
48206,259,231,28
48207,158,139,19
48208,129,119,10
48209,419,371,48
48210,169,145,24
48211,131,117,14
48212,204,184,20
48213,175,158,17
48214,306,268,38
48215,134,118,16
48216,376,331,45
48217,330,303,27
48218,215,196,19
48219,309,280,29
48220,237,208,29
48221,196,176,20
48222,417,369,48
48223,193,163,30
48224,382,345,37
48225,245,208,37
48226,34,32,2
48227,185,171,14
48228,68,65,3
48229,596,542,54
48230,240,209,31
48231,188,161,27
48232,983,858,125
48233,234,208,26
48234,136,120,16
48235,123,116,7
48236,280,238,42
48237,147,132,15
48238,118,106,12
48239,63,52,11
48240,188,171,17
48241,107,90,17
48242,224,197,27
48243,204,186,18
48244,194,163,31
48245,645,578,67
48246,178,147,31
48247,141,122,19
48248,164,145,19
48249,449,397,52
48250,177,162,15
48251,242,218,24
48252,100,85,15
48253,227,199,28
48254,215,184,31
48255,130,120,10
48256,198,176,22
48257,395,364,31
48258,190,173,17
48259,288,251,37
48260,124,108,16
48261,534,469,65
48262,124,108,16
48263,155,141,14
48264,56,53,3
48265,68,61,7
48266,104,92,12
48267,244,219,25
48268,346,302,44
48269,143,132,11
48270,263,242,21
48271,185,169,16
48272,248,216,32
48273,125,110,15
48274,128,110,18
48275,102,88,14
48276,214,182,32
48277,100,96,4
48278,746,649,97
48279,130,113,17
48280,330,298,32
48281,239,205,34
48282,435,394,41
48283,154,131,23
48284,268,241,27
48285,438,386,52
48286,192,162,30
48287,114,98,16
48288,64,56,8
48289,191,169,22
48290,176,160,16
48291,299,270,29
48292,233,218,15
48293,304,262,42
48294,401,358,43
48295,156,134,22
48296,117,106,11
48297,168,147,21
48298,136,129,7
48299,167,153,14
48300,175,159,16
48301,145,125,20
48302,594,510,84
48303,561,495,66
48304,284,255,29
48305,255,222,33
48306,148,129,19
48307,479,432,47
48308,130,111,19
48309,148,133,15
48310,197,173,24
48311,150,130,20
48312,161,147,14
48313,318,282,36
48314,329,293,36
48315,165,143,22
48316,165,137,28
48317,219,198,21
48318,150,134,16
48319,211,195,16
48320,82,73,9
48321,184,171,13
48322,643,554,89
48323,246,222,24
48324,413,367,46
48325,106,95,11
48326,182,162,20
48327,187,165,22
48328,132,115,17
48329,130,113,17
48330,128,112,16
48331,118,103,15
48332,222,200,22
48333,126,119,7
48334,206,189,17
48335,160,147,13
48336,305,275,30
48337,156,143,13
48338,201,174,27
48339,152,137,15
48340,294,262,32
48341,238,206,32
48342,171,156,15
48343,131,119,12
48344,86,74,12
48345,132,119,13
48346,360,331,29
48347,294,256,38
48348,196,171,25
48349,458,416,42
48350,179,157,22
48351,187,164,23
48352,191,170,21
48353,431,376,55
48354,476,406,70
48355,51,47,4
48356,108,96,12
48357,142,130,12
48358,144,129,15
48359,164,146,18
48360,212,194,18
48361,231,206,25
48362,135,116,19
48363,237,204,33
48364,303,276,27
48365,191,171,20
48366,839,754,85
48367,545,476,69
48368,454,412,42
48369,191,173,18
48370,643,561,82
48371,270,241,29
48372,510,451,59
48373,392,343,49
48374,735,674,61
48375,150,134,16
48376,220,203,17
48377,358,302,56
48378,360,314,46
48379,333,295,38
48380,133,121,12
48381,220,188,32
48382,137,118,19
48383,139,121,18
48384,294,256,38
48385,230,199,31
48386,587,510,77
48387,255,225,30
48388,374,315,59
48389,200,172,28
48390,74,66,8
48391,121,109,12
48392,189,168,21
48393,92,84,8
48394,234,209,25
48395,263,234,29
48396,256,227,29
48397,182,163,19
48398,244,210,34
48399,115,102,13
48400,144,128,16
48401,118,103,15
48402,124,107,17
48403,119,107,12
48404,416,374,42
48405,151,136,15
48406,166,147,19
48407,172,152,20
48408,242,206,36
48409,279,246,33
48410,177,163,14
48411,793,702,91
48412,150,139,11
48413,153,140,13
48414,466,414,52
48415,130,117,13
48416,527,473,54
48417,248,215,33
48418,112,97,15
48419,350,315,35
48420,374,335,39
48421,193,163,30
48422,149,135,14
48423,237,204,33
48424,61,53,8
48425,136,122,14
48426,67,62,5
48427,89,84,5
48428,112,105,7
48429,175,152,23
48430,188,169,19
48431,432,362,70
48432,264,245,19
48433,184,151,33
48434,174,158,16
48435,45,39,6
48436,196,176,20
48437,157,144,13
48438,147,128,19
48439,547,491,56
48440,225,198,27
48441,101,87,14
48442,49,38,11
48443,203,186,17
48444,977,837,140
48445,324,289,35
48446,58,54,4
48447,641,554,87
48448,178,159,19
48449,393,339,54
48450,204,187,17
48451,165,146,19
48452,484,429,55
48453,140,120,20
48454,82,76,6
48455,220,202,18
48456,210,187,23
48457,152,142,10
48458,173,145,28
48459,241,225,16
48460,140,124,16
48461,327,284,43
48462,99,87,12
48463,174,157,17
48464,298,259,39
48465,116,100,16
48466,171,140,31
48467,8,8,0
48468,121,109,12
48469,169,146,23
48470,128,122,6
48471,88,81,7
48472,139,125,14
48473,158,142,16
48474,340,296,44
48475,159,132,27
48476,197,174,23
48477,389,352,37
48478,174,153,21
48479,151,132,19
48480,88,78,10
48481,131,116,15
48482,514,456,58
48483,247,215,32
48484,140,128,12
48485,219,184,35
48486,306,272,34
48487,181,168,13
48488,330,299,31
48489,120,108,12
48490,54,48,6
48491,95,81,14
48492,141,124,17
48493,267,235,32
48494,785,700,85
48495,225,186,39
48496,377,324,53
48497,83,77,6
48498,386,352,34
48499,295,263,32
48500,147,133,14
48501,153,141,12
48502,154,144,10
48503,153,140,13
48504,208,184,24
48505,198,170,28
48506,114,96,18
48507,173,152,21
48508,148,131,17
48509,846,755,91
48510,164,152,12
48511,138,109,29
48512,233,205,28
48513,254,223,31
48514,595,525,70
48515,147,126,21
48516,232,199,33
48517,276,243,33
48518,118,104,14
48519,110,96,14
48520,109,94,15
48521,148,125,23
48522,285,251,34
48523,143,127,16
48524,207,180,27
48525,194,171,23
48526,180,161,19
48527,255,216,39
48528,208,185,23
48529,167,146,21
48530,122,108,14
48531,910,829,81
48532,268,245,23
48533,339,289,50
48534,81,70,11
48535,71,66,5
48536,239,209,30
48537,248,218,30
48538,257,226,31
48539,631,573,58
48540,152,137,15
48541,134,119,15
48542,119,106,13
48543,600,518,82
48544,302,267,35
48545,34,33,1
48546,78,72,6
48547,230,200,30
48548,120,107,13
48549,171,148,23
48550,179,161,18
48551,467,416,51
48552,330,304,26
48553,326,295,31
48554,22,19,3
48555,123,114,9
48556,188,169,19
48557,139,120,19
48558,130,118,12
48559,131,118,13
48560,294,255,39
48561,264,236,28
48562,328,288,40
48563,162,147,15
48564,161,142,19
48565,203,182,21
48566,145,119,26
48567,475,420,55
48568,511,452,59
48569,153,136,17
48570,201,178,23
48571,130,114,16
48572,142,125,17
48573,150,134,16
48574,168,149,19
48575,122,109,13
48576,112,100,12
48577,141,128,13
48578,393,351,42
48579,198,177,21
48580,59,55,4
48581,427,378,49
48582,100,83,17
48583,146,133,13
48584,61,55,6
48585,377,315,62
48586,87,76,11
48587,208,185,23
48588,81,75,6
48589,217,191,26
48590,251,219,32
48591,413,357,56
48592,173,154,19
48593,707,627,80
48594,362,321,41
48595,137,125,12
48596,536,476,60
48597,124,107,17
48598,278,254,24
48599,86,78,8
48600,115,105,10
48601,140,112,28
48602,102,95,7
48603,71,63,8
48604,116,103,13
48605,280,258,22
48606,245,216,29
48607,111,94,17
48608,150,132,18
48609,604,524,80
48610,578,499,79
48611,332,297,35
48612,132,120,12
48613,138,126,12
48614,138,118,20
48615,85,76,9
48616,404,362,42
48617,310,274,36
48618,273,237,36
48619,305,262,43
48620,155,136,19
48621,157,135,22
48622,512,463,49
48623,228,197,31
48624,337,301,36
48625,118,103,15
48626,208,185,23
48627,267,230,37
48628,128,114,14
48629,118,106,12
48630,251,221,30
48631,134,122,12
48632,247,222,25
48633,119,110,9
48634,312,279,33
48635,39,33,6
48636,190,171,19
48637,133,121,12
48638,397,349,48
48639,227,214,13
48640,792,704,88
48641,200,178,22
48642,266,240,26
48643,172,157,15
48644,186,167,19
48645,268,240,28
48646,96,91,5
48647,119,103,16
48648,254,229,25
48649,251,227,24
48650,307,265,42
48651,292,259,33
48652,804,700,104
48653,114,98,16
48654,134,123,11
48655,143,128,15
48656,251,220,31
48657,1016,898,118
48658,833,768,65
48659,316,284,32
48660,151,134,17
48661,273,251,22
48662,953,853,100
48663,248,221,27
48664,265,229,36
48665,258,234,24
48666,317,277,40
48667,350,323,27
48668,172,162,10
48669,146,129,17
48670,231,214,17
48671,120,101,19
48672,143,131,12
48673,100,96,4
48674,167,149,18
48675,127,112,15
48676,155,140,15
48677,152,141,11
48678,189,178,11
48679,529,474,55
48680,143,129,14
48681,890,801,89
48682,679,597,82
48683,247,216,31
48684,507,445,62
48685,330,294,36
48686,230,205,25
48687,179,154,25
48688,323,280,43
48689,419,370,49
48690,181,157,24
48691,203,182,21
48692,170,147,23
48693,363,324,39
48694,425,363,62
48695,325,287,38
48696,291,269,22
48697,386,349,37
48698,738,667,71
48699,244,216,28
48700,994,904,90
48701,778,681,97
48702,135,126,9
48703,206,194,12
48704,570,511,59
48705,677,604,73
48706,211,191,20
48707,183,167,16
48708,318,276,42
48709,170,156,14
48710,132,120,12
48711,137,116,21
48712,282,251,31
48713,142,117,25
48714,107,98,9
48715,135,109,26
48716,201,179,22
48717,157,144,13
48718,118,105,13
48719,127,113,14
48720,581,521,60
48721,141,128,13
48722,327,299,28
48723,669,597,72
48724,718,645,73
48725,378,339,39
48726,190,169,21
48727,193,166,27
48728,35,33,2
48729,91,83,8
48730,89,77,12
48731,218,189,29
48732,45,44,1
48733,69,61,8
48734,50,42,8
48735,159,139,20
48736,130,113,17
48737,137,120,17
48738,373,327,46
48739,128,116,12
48740,43,39,4
48741,99,89,10
48742,93,79,14
48743,184,162,22
48744,198,176,22
48745,133,114,19
48746,194,168,26
48747,220,195,25
48748,448,412,36
48749,109,101,8
48750,803,713,90
48751,572,499,73
48752,227,197,30
48753,190,171,19
48754,250,219,31
48755,317,273,44
48756,647,561,86
48757,177,153,24
48758,502,451,51
48759,116,104,12
48760,65,60,5
48761,417,338,79
48762,275,248,27
48763,216,196,20
48764,220,202,18
48765,171,153,18
48766,216,197,19
48767,206,180,26
48768,145,128,17
48769,156,137,19
48770,182,158,24
48771,453,409,44
48772,165,143,22
48773,110,97,13
48774,115,99,16
48775,211,179,32
48776,169,150,19
48777,45,41,4
48778,376,341,35
48779,187,167,20
48780,225,196,29
48781,356,312,44
48782,157,137,20
48783,141,126,15
48784,147,135,12
48785,128,115,13
48786,118,102,16
48787,324,304,20
48788,111,96,15
48789,138,114,24
48790,241,204,37
48791,262,226,36
48792,135,115,20
48793,314,281,33
48794,124,112,12
48795,124,105,19
48796,647,586,61
48797,847,759,88
48798,212,189,23
48799,399,318,81
48800,191,174,17
48801,241,204,37
48802,422,372,50
48803,134,119,15
48804,148,128,20
48805,332,290,42
48806,161,145,16
48807,426,374,52
48808,144,122,22
48809,240,218,22
48810,713,629,84
48811,143,132,11
48812,111,93,18
48813,475,428,47
48814,82,73,9
48815,136,122,14
48816,213,189,24
48817,180,161,19
48818,130,114,16
48819,187,168,19
48820,159,144,15
48821,444,386,58
48822,123,106,17
48823,224,197,27
48824,267,248,19
48825,126,106,20
48826,471,420,51
48827,719,630,89
48828,166,154,12
48829,127,117,10
48830,277,249,28
48831,96,91,5
48832,115,109,6
48833,366,333,33
48834,117,111,6
48835,119,114,5
48836,111,100,11
48837,305,277,28
48838,149,136,13
48839,216,193,23
48840,181,157,24
48841,371,341,30
48842,194,173,21
48843,173,160,13
48844,118,98,20
48845,56,45,11
48846,169,147,22
48847,206,176,30
48848,142,127,15
48849,194,165,29
48850,232,206,26
48851,115,98,17
48852,119,106,13
48853,998,886,112
48854,174,155,19
48855,92,80,12
48856,442,391,51
48857,536,483,53
48858,245,217,28
48859,109,92,17
48860,155,145,10
48861,262,232,30
48862,127,114,13
48863,136,126,10
48864,273,243,30
48865,61,55,6
48866,202,171,31
48867,93,85,8
48868,124,106,18
48869,140,130,10
48870,150,129,21
48871,150,134,16
48872,332,298,34
48873,187,169,18
48874,311,275,36
48875,173,155,18
48876,157,146,11
48877,346,311,35
48878,216,188,28
48879,304,277,27
48880,279,257,22
48881,322,292,30
48882,361,316,45
48883,161,145,16
48884,400,349,51
48885,121,106,15
48886,58,53,5
48887,105,91,14
48888,212,191,21
48889,177,155,22
48890,168,142,26
48891,309,271,38
48892,188,164,24
48893,232,203,29
48894,120,103,17
48895,123,114,9
48896,45,40,5
48897,133,119,14
48898,215,185,30
48899,96,83,13
48900,149,135,14
48901,271,236,35
48902,321,276,45
48903,314,278,36
48904,586,518,68
48905,136,121,15
48906,755,676,79
48907,258,234,24
48908,148,125,23
48909,243,220,23
48910,74,68,6
48911,113,101,12
48912,516,451,65
48913,97,90,7
48914,72,61,11
48915,194,167,27
48916,285,241,44
48917,95,81,14
48918,144,118,26
48919,380,309,71
48920,301,247,54
48921,435,379,56
48922,92,76,16
48923,159,142,17
48924,560,491,69
48925,1000,890,110
48926,539,467,72
48927,245,227,18
48928,166,155,11
48929,158,146,12
48930,272,244,28
48931,430,371,59
48932,107,94,13
48933,139,123,16
48934,119,107,12
48935,139,124,15
48936,164,149,15
48937,411,353,58
48938,125,111,14
48939,193,165,28
48940,162,146,16
48941,147,128,19
48942,155,135,20
48943,194,173,21
48944,373,324,49
48945,668,567,101
48946,371,315,56
48947,316,281,35
48948,827,734,93
48949,223,202,21
48950,194,171,23
48951,184,164,20
48952,94,78,16
48953,77,63,14
48954,159,145,14
48955,61,58,3
48956,125,106,19
48957,332,292,40
48958,172,152,20
48959,281,258,23
48960,386,355,31
48961,134,124,10
48962,542,470,72
48963,134,119,15
48964,115,101,14
48965,30,29,1
48966,298,260,38
48967,163,140,23
48968,189,161,28
48969,129,112,17
48970,271,245,26
48971,327,301,26
48972,211,187,24
48973,141,128,13
48974,147,135,12
48975,75,66,9
48976,159,145,14
48977,191,174,17
48978,330,290,40
48979,249,218,31
48980,98,89,9
48981,313,273,40
48982,1008,880,128
48983,194,170,24
48984,304,260,44
48985,101,95,6
48986,261,229,32
48987,96,87,9
48988,228,194,34
48989,141,124,17
48990,224,193,31
48991,143,129,14
48992,94,73,21
48993,65,59,6
48994,117,111,6
48995,345,307,38
48996,218,196,22
48997,147,124,23
48998,186,156,30
48999,242,213,29
49000,423,357,66
49001,54,47,7
49002,62,56,6
49003,40,35,5
49004,173,159,14
49005,99,85,14
49006,231,209,22
49007,136,124,12
49008,211,192,19
49009,385,344,41
49010,218,197,21
49011,142,121,21
49012,300,270,30
49013,106,91,15
49014,127,117,10
49015,176,156,20
49016,226,196,30
49017,218,204,14
49018,128,111,17
49019,124,114,10
49020,179,166,13
49021,92,88,4
49022,575,513,62
49023,334,302,32
49024,222,199,23
49025,1017,892,125
49026,318,268,50
49027,176,162,14
49028,237,208,29
49029,484,421,63
49030,114,105,9
49031,188,162,26
49032,142,128,14
49033,546,489,57
49034,306,269,37
49035,133,119,14
49036,108,90,18
49037,124,102,22
49038,135,119,16
49039,123,101,22
49040,277,247,30
49041,255,234,21
49042,316,263,53
49043,104,94,10
49044,430,373,57
49045,330,279,51
49046,268,234,34
49047,216,196,20
49048,130,115,15
49049,361,316,45
49050,323,277,46
49051,182,161,21
49052,178,164,14
49053,392,331,61
49054,151,134,17
49055,186,166,20
49056,316,285,31
49057,160,147,13
49058,255,222,33
49059,631,516,115
49060,117,102,15
49061,120,111,9
49062,248,222,26
49063,86,77,9
49064,112,105,7
49065,175,150,25
49066,101,94,7
49067,115,106,9
49068,304,274,30
49069,284,252,32
49070,290,255,35
49071,137,129,8
49072,494,435,59
49073,148,129,19
49074,128,115,13
49075,49,45,4
49076,350,305,45
49077,191,162,29
49078,241,201,40
49079,221,199,22
49080,170,159,11
49081,105,96,9
49082,158,144,14
49083,61,54,7
49084,147,129,18
49085,86,78,8
49086,126,112,14
49087,98,86,12
49088,157,131,26
49089,270,243,27
49090,111,103,8
49091,160,139,21
49092,203,191,12
49093,115,100,15
49094,127,111,16
49095,182,157,25
49096,197,166,31
49097,346,319,27
49098,262,231,31
49099,168,148,20
49100,144,129,15
49101,154,135,19
49102,155,143,12
49103,130,118,12
49104,365,322,43
49105,153,134,19
49106,356,316,40
49107,127,114,13
49108,136,128,8
49109,140,124,16
49110,514,450,64
49111,91,81,10
49112,228,204,24
49113,72,70,2
49114,105,95,10
49115,244,217,27
49116,134,122,12
49117,107,93,14
49118,175,154,21
49119,351,315,36
49120,417,374,43
49121,135,126,9
49122,99,90,9
49123,403,357,46
49124,124,111,13
49125,235,215,20
49126,160,137,23
49127,152,136,16
49128,111,104,7
49129,158,146,12
49130,166,150,16
49131,405,362,43
49132,125,112,13
49133,394,350,44
49134,81,67,14
49135,42,38,4
49136,40,34,6
49137,198,170,28
49138,101,85,16
49139,293,263,30
49140,165,144,21
49141,197,172,25
49142,345,306,39
49143,190,174,16
49144,163,138,25
49145,112,101,11
49146,54,50,4
49147,135,117,18
49148,126,112,14
49149,122,109,13
49150,374,333,41
49151,258,240,18
49152,289,261,28
49153,99,87,12
49154,203,174,29
49155,282,254,28
49156,174,154,20
49157,479,423,56
49158,185,167,18
49159,810,695,115
49160,126,109,17
49161,246,207,39
49162,170,150,20
49163,151,129,22
49164,118,105,13
49165,417,374,43
49166,131,116,15
49167,154,139,15
49168,580,503,77
49169,680,570,110
49170,286,257,29
49171,204,186,18
49172,931,820,111
49173,155,142,13
49174,186,163,23
49175,839,746,93
49176,404,360,44
49177,102,86,16
49178,120,108,12
49179,220,193,27
49180,104,93,11
49181,816,699,117
49182,195,168,27
49183,140,121,19
49184,412,357,55
49185,183,162,21
49186,256,215,41
49187,901,784,117
49188,335,294,41
49189,62,53,9
49190,147,125,22
49191,170,157,13
49192,132,124,8
49193,391,331,60
49194,482,437,45
49195,130,111,19
49196,79,66,13
49197,158,130,28
49198,386,345,41
49199,571,496,75
49200,130,113,17
49201,155,141,14
49202,165,149,16
49203,65,57,8
49204,241,206,35
49205,133,120,13
49206,181,169,12
49207,169,148,21
49208,398,359,39
49209,225,205,20
49210,200,178,22
49211,354,314,40
49212,304,257,47
49213,191,164,27
49214,161,145,16
49215,378,340,38
49216,137,116,21
49217,137,122,15
49218,148,122,26
49219,242,222,20
49220,230,202,28
49221,168,149,19
49222,164,143,21
49223,402,354,48
49224,177,153,24
49225,380,337,43
49226,198,183,15
49227,183,160,23
49228,127,111,16
49229,127,115,12
49230,120,106,14
49231,73,64,9
49232,161,151,10
49233,133,119,14
49234,124,110,14
49235,129,115,14
49236,207,177,30
49237,381,345,36
49238,101,97,4
49239,209,187,22
49240,168,152,16
49241,267,232,35
49242,132,110,22
49243,244,222,22
49244,235,212,23
49245,403,354,49
49246,333,302,31
49247,507,438,69
49248,130,110,20
49249,136,126,10
49250,536,478,58
49251,155,134,21
49252,109,98,11
49253,144,129,15
49254,891,775,116
49255,251,228,23
49256,432,384,48
49257,236,209,27
49258,264,220,44
49259,130,115,15
49260,365,319,46
49261,698,593,105
49262,244,211,33
49263,117,105,12
49264,267,232,35
49265,159,135,24
49266,142,131,11
49267,350,316,34
49268,129,120,9
49269,157,134,23
49270,48,42,6
49271,52,47,5
49272,604,525,79
49273,369,332,37
49274,259,226,33
49275,279,245,34
49276,124,113,11
49277,126,114,12
49278,175,147,28
49279,166,143,23
49280,57,52,5
49281,175,151,24
49282,480,394,86
49283,208,182,26
49284,171,150,21
49285,585,528,57
49286,261,226,35
49287,158,140,18
49288,118,108,10
49289,174,156,18
49290,477,426,51
49291,297,266,31
49292,381,328,53
49293,192,172,20
49294,52,49,3
49295,178,164,14
49296,123,114,9
49297,217,194,23
49298,202,184,18
49299,192,173,19
49300,395,355,40
49301,183,151,32
49302,140,123,17
49303,207,187,20
49304,197,177,20
49305,188,163,25
49306,112,101,11
49307,143,119,24
49308,308,271,37
49309,350,315,35
49310,165,139,26
49311,154,142,12
49312,144,125,19
49313,173,149,24
49314,134,122,12
49315,123,114,9
49316,171,155,16
49317,160,146,14
49318,125,111,14
49319,107,98,9
49320,177,159,18
49321,74,63,11
49322,123,113,10
49323,55,50,5
49324,54,47,7
49325,78,72,6
49326,123,114,9
49327,238,218,20
49328,124,118,6
49329,99,83,16
49330,136,118,18
49331,140,116,24
49332,208,189,19
49333,152,138,14
49334,222,191,31
49335,104,95,9
49336,320,283,37
49337,143,121,22
49338,530,467,63
49339,693,610,83
49340,177,155,22
49341,170,148,22
49342,145,118,27
49343,137,118,19
49344,182,170,12
49345,133,117,16
49346,246,228,18
49347,152,127,25
49348,248,228,20
49349,129,120,9
49350,200,176,24
49351,191,172,19
49352,198,164,34
49353,104,88,16
49354,121,105,16
49355,649,593,56
49356,163,137,26
49357,176,159,17
49358,143,133,10
49359,82,71,11
49360,192,182,10
49361,72,64,8
49362,176,163,13
49363,185,170,15
49364,583,527,56
49365,130,120,10
49366,107,98,9
49367,105,88,17
49368,167,135,32
49369,587,503,84
49370,128,117,11
49371,176,155,21
49372,95,89,6
49373,277,247,30
49374,412,367,45
49375,132,121,11
49376,139,125,14
49377,118,113,5
49378,116,107,9
49379,123,110,13
49380,122,112,10
49381,249,220,29
49382,157,144,13
49383,179,160,19
49384,158,133,25
49385,124,110,14
49386,139,121,18
49387,234,215,19
49388,167,157,10
49389,126,115,11
49390,62,52,10
49391,106,95,11
49392,144,130,14
49393,157,131,26
49394,390,352,38
49395,75,70,5
49396,174,158,16
49397,78,68,10
49398,234,206,28
49399,152,140,12
49400,171,155,16
49401,463,410,53
49402,131,118,13
49403,244,218,26
49404,206,163,43
49405,149,134,15
49406,536,474,62
49407,300,265,35
49408,195,167,28
49409,308,285,23
49410,127,108,19
49411,146,128,18
49412,197,170,27
49413,458,404,54
49414,145,128,17
49415,163,149,14
49416,164,145,19
49417,182,162,20
49418,166,157,9
49419,150,141,9
49420,206,189,17
49421,196,177,19
49422,52,47,5
49423,121,110,11
49424,203,184,19
49425,124,111,13
49426,139,129,10
49427,205,189,16
49428,124,113,11
49429,389,343,46
49430,126,115,11
49431,53,48,5
49432,226,200,26
49433,202,178,24
49434,790,679,111
49435,50,43,7
49436,124,112,12
49437,157,130,27
49438,235,207,28
49439,235,208,27
49440,141,122,19
49441,123,111,12
49442,40,37,3
49443,158,143,15
49444,127,119,8
49445,113,98,15
49446,163,145,18
49447,106,92,14
49448,167,148,19
49449,224,203,21
49450,224,202,22
49451,421,370,51
49452,67,58,9
49453,178,159,19
49454,139,125,14
49455,916,766,150
49456,265,233,32
49457,130,118,12
49458,199,175,24
49459,68,59,9
49460,98,91,7
49461,83,73,10
49462,190,168,22
49463,85,78,7
49464,128,117,11
49465,155,137,18
49466,177,149,28
49467,87,78,9
49468,163,147,16
49469,179,151,28
49470,281,243,38
49471,109,95,14
49472,165,147,18
49473,382,341,41
49474,304,259,45
49475,44,39,5
49476,108,94,14
49477,140,119,21
49478,146,131,15
49479,175,157,18
49480,72,66,6
49481,474,418,56
49482,729,651,78
49483,178,159,19
49484,127,112,15
49485,132,116,16
49486,200,179,21
49487,298,252,46
49488,142,122,20
49489,211,190,21
49490,161,145,16
49491,82,76,6
49492,228,199,29
49493,300,264,36
49494,942,858,84
49495,252,232,20
49496,431,375,56
49497,204,180,24
49498,78,70,8
49499,231,206,25
49500,55,52,3
49501,161,143,18
49502,215,193,22
49503,43,38,5
49504,47,42,5
49505,232,203,29
49506,111,93,18
49507,324,288,36
49508,191,156,35
49509,58,53,5
49510,121,105,16
49511,195,175,20
49512,107,88,19
49513,495,424,71
49514,423,388,35
49515,106,96,10
49516,105,96,9
49517,538,490,48
49518,395,342,53
49519,125,109,16
49520,105,94,11
49521,121,108,13
49522,70,59,11
49523,88,77,11
49524,349,301,48
49525,112,98,14
49526,280,247,33
49527,218,184,34
49528,250,214,36
49529,567,512,55
49530,35,32,3
49531,370,338,32
49532,208,185,23
49533,515,450,65
49534,293,252,41
49535,226,203,23
49536,135,115,20
49537,148,129,19
49538,122,102,20
49539,207,186,21
49540,802,702,100
49541,222,201,21
49542,334,289,45
49543,142,128,14
49544,154,141,13
49545,869,782,87
49546,189,175,14
49547,196,181,15
49548,434,391,43
49549,459,399,60
49550,171,150,21
49551,93,83,10
49552,637,570,67
49553,117,107,10
49554,404,356,48
49555,234,216,18
49556,192,179,13
49557,46,42,4
49558,61,56,5
49559,256,217,39
49560,499,452,47
49561,141,129,12
49562,310,284,26
49563,141,129,12
49564,199,182,17
49565,308,270,38
49566,144,131,13
49567,126,115,11
49568,635,584,51
49569,425,367,58
49570,193,167,26
49571,127,114,13
49572,149,126,23
49573,275,255,20
49574,119,114,5
49575,75,69,6
49576,67,60,7
49577,201,187,14
49578,243,197,46
49579,299,269,30
49580,147,126,21
49581,143,124,19
49582,340,299,41
49583,149,133,16
49584,306,269,37
49585,278,237,41
49586,899,785,114
49587,293,260,33
49588,149,137,12
49589,219,194,25
49590,195,177,18
49591,87,77,10
49592,188,158,30
49593,237,204,33
49594,111,100,11
49595,332,294,38
49596,295,248,47
49597,528,469,59
49598,296,262,34
49599,317,277,40
49600,322,292,30
49601,124,106,18
49602,183,166,17
49603,379,337,42
49604,123,104,19
49605,125,116,9
49606,51,47,4
49607,123,111,12
49608,367,333,34
49609,226,194,32
49610,359,309,50
49611,242,215,27
49612,528,459,69
49613,239,214,25
49614,183,161,22
49615,213,195,18
49616,175,155,20
49617,96,89,7
49618,254,229,25
49619,152,137,15
49620,447,390,57
49621,106,98,8
49622,116,105,11
49623,186,166,20
49624,241,208,33
49625,306,281,25
49626,391,335,56
49627,210,192,18
49628,601,542,59
49629,294,267,27
49630,58,54,4
49631,113,101,12
49632,64,54,10
49633,103,90,13
49634,441,393,48
49635,139,126,13
49636,141,119,22
49637,153,139,14
49638,126,115,11
49639,145,123,22
49640,234,205,29
49641,158,142,16
49642,175,159,16
49643,163,148,15
49644,143,121,22
49645,298,267,31
49646,266,238,28
49647,87,79,8
49648,69,62,7
49649,84,72,12
49650,49,42,7
49651,75,68,7
49652,56,50,6
49653,873,781,92
49654,88,81,7
49655,155,139,16
49656,113,99,14
49657,101,93,8
49658,232,207,25
49659,59,52,7
49660,390,345,45
49661,124,104,20
49662,196,173,23
49663,187,173,14
49664,578,502,76
49665,204,182,22
49666,418,354,64
49667,868,770,98
49668,624,549,75
49669,851,725,126
49670,172,145,27
49671,392,345,47
49672,294,261,33
49673,221,185,36
49674,965,850,115
49675,649,543,106
49676,168,145,23
49677,317,285,32
49678,48,42,6
49679,144,130,14
49680,928,825,103
49681,337,306,31
49682,167,151,16
49683,171,161,10
49684,287,254,33
49685,168,146,22
49686,381,347,34
49687,307,259,48
49688,135,119,16
49689,210,186,24
49690,360,321,39
49691,134,117,17
49692,169,153,16
49693,434,393,41
49694,288,256,32
49695,809,737,72
49696,266,245,21
49697,114,105,9
49698,91,82,9
49699,161,144,17
49700,333,296,37
49701,280,261,19
49702,329,288,41
49703,213,189,24
49704,145,127,18
49705,374,320,54
49706,334,279,55
49707,176,162,14
49708,199,184,15
49709,43,41,2
49710,84,75,9
49711,296,264,32
49712,129,119,10
49713,194,176,18
49714,48,44,4
49715,100,94,6
49716,126,111,15
49717,301,273,28
49718,125,113,12
49719,637,574,63
49720,67,56,11
49721,167,157,10
49722,133,120,13
49723,202,180,22
49724,308,273,35
49725,304,283,21
49726,133,115,18
49727,153,138,15
49728,402,350,52
49729,117,109,8
49730,39,34,5
49731,138,118,20
49732,169,135,34
49733,207,185,22
49734,126,114,12
49735,157,147,10
49736,175,151,24
49737,98,91,7
49738,129,110,19
49739,875,791,84
49740,129,113,16
49741,235,208,27
49742,351,302,49
49743,186,163,23
49744,297,264,33
49745,133,121,12
49746,187,170,17
49747,275,247,28
49748,150,128,22
49749,473,408,65
49750,68,57,11
49751,284,262,22
49752,150,136,14
49753,446,388,58
49754,224,197,27
49755,139,123,16
49756,213,190,23
49757,303,266,37
49758,495,457,38
49759,57,49,8
49760,204,180,24
49761,186,166,20
49762,104,92,12
49763,123,116,7
49764,667,599,68
49765,184,160,24
49766,350,306,44
49767,335,280,55
49768,223,194,29
49769,258,223,35
49770,133,118,15
49771,268,235,33
49772,197,172,25
49773,374,336,38
49774,789,733,56
49775,742,635,107
49776,217,195,22
49777,336,296,40
49778,672,592,80
49779,168,149,19
49780,128,115,13
49781,48,42,6
49782,40,39,1
49783,51,46,5
49784,40,36,4
49785,144,128,16
49786,357,317,40
49787,466,421,45
49788,75,65,10
49789,505,446,59
49790,585,515,70
49791,118,108,10
49792,79,72,7
49793,230,205,25
49794,291,246,45
49795,157,138,19
49796,235,204,31
49797,188,167,21
49798,223,196,27
49799,158,145,13
49800,337,294,43
49801,194,174,20
49802,722,627,95
49803,353,313,40
49804,136,118,18
49805,184,161,23
49806,776,687,89
49807,218,187,31
49808,60,53,7
49809,162,143,19
49810,531,454,77
49811,275,256,19
49812,340,292,48
49813,309,264,45
49814,254,231,23
49815,574,509,65
49816,258,226,32
49817,136,116,20
49818,478,433,45
49819,287,238,49
49820,212,182,30
49821,192,176,16
49822,491,424,67
49823,125,117,8
49824,234,207,27
49825,39,35,4
49826,114,98,16
49827,67,60,7
49828,146,132,14
49829,54,50,4
49830,421,369,52
49831,327,298,29
49832,489,420,69
49833,49,41,8
49834,147,135,12
49835,109,100,9
49836,111,95,16
49837,500,446,54
49838,124,114,10
49839,317,281,36
49840,288,256,32
49841,334,290,44
49842,114,97,17
49843,220,195,25
49844,602,528,74
49845,944,832,112
49846,195,169,26
49847,201,178,23
49848,151,141,10
49849,421,379,42
49850,104,100,4
49851,223,202,21
49852,190,181,9
49853,100,81,19
49854,187,173,14
49855,196,171,25
49856,906,792,114
49857,37,32,5
49858,481,425,56
49859,762,689,73
49860,195,179,16
49861,417,368,49
49862,221,200,21
49863,292,253,39
49864,368,339,29
49865,222,196,26
49866,801,694,107
49867,186,168,18
49868,154,137,17
49869,129,117,12
49870,722,616,106
49871,175,159,16
49872,994,885,109
49873,216,187,29
49874,467,417,50
49875,141,129,12
49876,132,121,11
49877,147,122,25
49878,162,144,18
49879,41,35,6
49880,184,162,22
49881,38,33,5
49882,534,474,60
49883,71,63,8
49884,131,121,10
49885,275,245,30
49886,111,99,12
49887,71,64,7
49888,248,222,26
49889,123,110,13
49890,161,146,15
49891,116,111,5
49892,170,154,16
49893,203,183,20
49894,223,197,26
49895,156,138,18
49896,269,249,20
49897,288,267,21
49898,136,121,15
49899,147,130,17
49900,126,114,12
49901,132,121,11
49902,134,125,9
49903,284,254,30
49904,252,228,24
49905,445,410,35
49906,268,247,21
49907,113,98,15
49908,115,94,21
49909,277,237,40
49910,443,388,55
49911,129,111,18
49912,139,122,17
49913,57,54,3
49914,284,235,49
49915,115,102,13
49916,77,66,11
49917,63,53,10
49918,106,100,6
49919,121,107,14
49920,185,168,17
49921,239,211,28
49922,144,130,14
49923,131,110,21
49924,330,299,31
49925,71,66,5
49926,114,101,13
49927,37,30,7
49928,172,153,19
49929,135,124,11
49930,856,746,110
49931,419,367,52
49932,516,447,69
49933,922,816,106
49934,485,431,54
49935,222,200,22
49936,124,112,12
49937,135,114,21
49938,274,246,28
49939,204,176,28
49940,263,235,28
49941,295,266,29
49942,197,166,31
49943,513,458,55
49944,299,266,33
49945,257,221,36
49946,220,198,22
49947,116,96,20
49948,334,296,38
49949,518,444,74
49950,229,196,33
49951,575,491,84
49952,280,243,37
49953,84,74,10
49954,185,154,31
49955,324,275,49
49956,205,182,23
49957,233,212,21
49958,210,177,33
49959,474,419,55
49960,297,264,33
49961,450,397,53
49962,216,186,30
49963,777,687,90
49964,202,178,24
49965,701,624,77
49966,78,70,8
49967,212,186,26
49968,127,102,25
49969,173,153,20
49970,290,254,36
49971,334,287,47
49972,190,163,27
49973,221,192,29
49974,197,168,29
49975,459,386,73
49976,271,237,34
49977,339,311,28
49978,596,519,77
49979,125,110,15
49980,627,516,111
49981,214,185,29
49982,990,852,138
49983,338,288,50
49984,955,850,105
49985,320,268,52
49986,124,105,19
49987,499,443,56
49988,280,248,32
49989,668,571,97
49990,219,199,20
49991,213,190,23
49992,172,155,17
49993,316,274,42
49994,132,120,12
49995,107,97,10
49996,165,155,10
49997,277,241,36
49998,130,117,13
49999,382,331,51
