,review_tokens,retrieved_vectors,missed
0,140,140,0
1,439,438,1
2,150,150,0
3,124,124,0
4,121,121,0
5,174,174,0
6,106,106,0
7,334,331,3
8,439,435,4
9,324,323,1
10,278,277,1
11,84,84,0
12,283,279,4
13,221,221,0
14,148,148,0
15,162,162,0
16,194,194,0
17,329,325,4
18,128,127,1
19,151,151,0
20,220,219,1
21,567,565,2
22,173,173,0
23,186,184,2
24,140,140,0
25,100,98,2
26,107,107,0
27,316,309,7
28,150,150,0
29,145,144,1
30,247,247,0
31,114,114,0
32,166,166,0
33,164,162,2
34,447,445,2
35,402,401,1
36,54,53,1
37,299,297,2
38,221,221,0
39,336,330,6
40,359,358,1
41,163,163,0
42,537,537,0
43,248,248,0
44,111,111,0
45,337,337,0
46,983,975,8
47,541,537,4
48,89,89,0
49,1841,1821,20
50,452,451,1
51,541,541,0
52,185,184,1
53,537,536,1
54,199,199,0
55,723,719,4
56,185,185,0
57,163,163,0
58,57,56,1
59,274,272,2
60,88,88,0
61,176,176,0
62,134,134,0
63,215,214,1
64,323,322,1
65,168,164,4
66,107,107,0
67,223,221,2
68,103,102,1
69,90,88,2
70,126,125,1
71,194,194,0
72,287,286,1
73,324,321,3
74,43,43,0
75,149,148,1
76,105,104,1
77,335,333,2
78,74,74,0
79,220,219,1
80,111,111,0
81,260,257,3
82,112,105,7
83,117,117,0
84,55,55,0
85,57,57,0
86,271,268,3
87,129,128,1
88,178,178,0
89,158,157,1
90,250,250,0
91,78,78,0
92,198,197,1
93,118,117,1
94,161,161,0
95,56,55,1
96,60,60,0
97,102,101,1
98,139,137,2
99,161,160,1
100,173,171,2
101,215,215,0
102,115,115,0
103,165,164,1
104,593,588,5
105,166,166,0
106,270,267,3
107,248,247,1
108,143,142,1
109,513,507,6
110,228,228,0
111,347,345,2
112,194,194,0
113,56,55,1
114,165,165,0
115,122,122,0
116,267,258,9
117,381,377,4
118,282,278,4
119,353,350,3
120,178,178,0
121,110,106,4
122,218,217,1
123,188,178,10
124,149,149,0
125,228,227,1
126,511,510,1
127,158,158,0
128,110,107,3
129,109,107,2
130,158,157,1
131,145,144,1
132,231,230,1
133,154,153,1
134,331,330,1
135,168,168,0
136,146,145,1
137,212,212,0
138,670,664,6
139,240,239,1
140,320,319,1
141,205,205,0
142,341,334,7
143,138,138,0
144,308,308,0
145,102,101,1
146,129,129,0
147,162,159,3
148,113,111,2
149,642,639,3
150,144,144,0
151,177,176,1
152,421,420,1
153,301,299,2
154,496,494,2
155,339,337,2
156,399,397,2
157,154,153,1
158,156,152,4
159,190,190,0
160,185,184,1
161,137,135,2
162,138,138,0
163,285,283,2
164,505,502,3
165,88,88,0
166,408,407,1
167,343,341,2
168,154,154,0
169,146,145,1
170,95,95,0
171,167,167,0
172,143,143,0
173,182,182,0
174,75,75,0
175,107,107,0
176,116,115,1
177,134,134,0
178,114,114,0
179,396,395,1
180,151,151,0
181,123,123,0
182,134,133,1
183,147,147,0
184,160,160,0
185,219,217,2
186,132,132,0
187,153,153,0
188,130,129,1
189,145,145,0
190,204,202,2
191,139,139,0
192,464,462,2
193,273,272,1
194,165,163,2
195,425,423,2
196,398,393,5
197,165,163,2
198,162,158,4
199,162,162,0
200,274,263,11
201,188,185,3
202,132,130,2
203,137,135,2
204,649,638,11
205,496,492,4
206,142,142,0
207,122,121,1
208,541,535,6
209,427,421,6
210,54,54,0
211,521,515,6
212,152,152,0
213,154,153,1
214,590,585,5
215,102,102,0
216,263,263,0
217,92,88,4
218,259,254,5
219,171,161,10
220,355,354,1
221,953,947,6
222,125,123,2
223,133,132,1
224,139,138,1
225,160,160,0
226,152,152,0
227,158,156,2
228,94,93,1
229,192,192,0
230,44,44,0
231,375,371,4
232,189,184,5
233,630,626,4
234,208,208,0
235,530,529,1
236,81,80,1
237,324,321,3
238,212,212,0
239,430,430,0
240,88,88,0
241,128,128,0
242,365,365,0
243,475,471,4
244,159,157,2
245,302,300,2
246,180,179,1
247,367,367,0
248,219,217,2
249,232,226,6
250,78,78,0
251,103,103,0
252,413,409,4
253,473,473,0
254,330,328,2
255,154,154,0
256,203,201,2
257,746,739,7
258,122,122,0
259,215,215,0
260,138,138,0
261,198,198,0
262,81,81,0
263,401,399,2
264,139,138,1
265,118,118,0
266,227,226,1
267,193,190,3
268,366,366,0
269,433,430,3
270,167,166,1
271,174,174,0
272,117,116,1
273,330,330,0
274,239,239,0
275,264,264,0
276,306,306,0
277,749,740,9
278,138,138,0
279,73,73,0
280,217,215,2
281,130,129,1
282,63,63,0
283,135,135,0
284,214,212,2
285,92,91,1
286,471,471,0
287,386,386,0
288,300,298,2
289,156,156,0
290,162,162,0
291,38,38,0
292,279,278,1
293,63,63,0
294,68,68,0
295,133,132,1
296,133,133,0
297,157,155,2
298,74,72,2
299,528,522,6
300,41,41,0
301,81,81,0
302,120,120,0
303,394,394,0
304,117,117,0
305,247,247,0
306,143,142,1
307,108,108,0
308,226,225,1
309,164,164,0
310,297,297,0
311,498,498,0
312,648,648,0
313,259,258,1
314,324,319,5
315,441,439,2
316,570,567,3
317,259,259,0
318,99,98,1
319,37,37,0
320,56,56,0
321,346,346,0
322,338,337,1
323,194,193,1
324,123,121,2
325,226,220,6
326,154,153,1
327,65,65,0
328,75,75,0
329,110,109,1
330,177,177,0
331,153,153,0
332,156,155,1
333,299,296,3
334,55,55,0
335,84,84,0
336,132,131,1
337,148,148,0
338,239,239,0
339,69,69,0
340,163,163,0
341,408,405,3
342,135,135,0
343,292,290,2
344,300,300,0
345,439,437,2
346,1300,1300,0
347,46,46,0
348,190,188,2
349,125,125,0
350,625,619,6
351,204,203,1
352,208,208,0
353,1004,995,9
354,357,355,2
355,477,471,6
356,263,263,0
357,122,122,0
358,373,368,5
359,234,234,0
360,207,203,4
361,175,173,2
362,106,105,1
363,684,677,7
364,191,187,4
365,116,116,0
366,167,167,0
367,184,184,0
368,495,490,5
369,195,191,4
370,352,352,0
371,247,241,6
372,250,248,2
373,172,171,1
374,236,236,0
375,267,266,1
376,917,909,8
377,336,335,1
378,178,178,0
379,183,183,0
380,148,148,0
381,188,186,2
382,249,249,0
383,179,179,0
384,191,191,0
385,260,259,1
386,30,30,0
387,237,237,0
388,321,321,0
389,139,139,0
390,229,228,1
391,137,137,0
392,356,355,1
393,569,568,1
394,187,186,1
395,845,837,8
396,711,710,1
397,201,201,0
398,164,164,0
399,153,153,0
400,338,336,2
401,217,217,0
402,352,350,2
403,363,360,3
404,346,346,0
405,185,185,0
406,154,152,2
407,207,207,0
408,144,143,1
409,134,132,2
410,62,62,0
411,186,184,2
412,118,118,0
413,176,176,0
414,170,169,1
415,208,206,2
416,164,161,3
417,132,132,0
418,114,114,0
419,123,123,0
420,187,185,2
421,787,771,16
422,142,141,1
423,147,147,0
424,153,150,3
425,159,159,0
426,185,184,1
427,143,142,1
428,164,164,0
429,302,302,0
430,251,251,0
431,139,139,0
432,184,184,0
433,249,249,0
434,125,125,0
435,48,47,1
436,67,66,1
437,164,164,0
438,245,245,0
439,508,502,6
440,452,449,3
441,180,180,0
442,314,310,4
443,424,419,5
444,95,93,2
445,100,100,0
446,246,245,1
447,136,135,1
448,299,291,8
449,73,73,0
450,291,291,0
451,475,469,6
452,901,891,10
453,93,92,1
454,738,734,4
455,124,122,2
456,163,160,3
457,408,406,2
458,265,265,0
459,86,85,1
460,283,283,0
461,228,228,0
462,184,183,1
463,225,225,0
464,392,389,3
465,145,144,1
466,660,651,9
467,143,141,2
468,207,206,1
469,565,551,14
470,135,134,1
471,434,432,2
472,255,251,4
473,270,270,0
474,152,152,0
475,135,134,1
476,111,111,0
477,321,320,1
478,625,624,1
479,156,156,0
480,193,193,0
481,173,173,0
482,113,113,0
483,244,244,0
484,370,369,1
485,263,261,2
486,543,541,2
487,410,409,1
488,239,239,0
489,229,229,0
490,777,776,1
491,253,253,0
492,91,91,0
493,258,258,0
494,271,268,3
495,183,183,0
496,239,239,0
497,73,73,0
498,146,146,0
499,511,508,3
500,141,141,0
501,176,176,0
502,251,250,1
503,183,180,3
504,631,629,2
505,256,255,1
506,216,215,1
507,100,99,1
508,96,96,0
509,89,89,0
510,444,437,7
511,119,119,0
512,119,119,0
513,36,36,0
514,708,706,2
515,313,311,2
516,137,137,0
517,208,207,1
518,170,170,0
519,106,106,0
520,269,269,0
521,123,123,0
522,479,478,1
523,208,207,1
524,152,152,0
525,83,82,1
526,216,215,1
527,156,155,1
528,192,190,2
529,170,170,0
530,218,216,2
531,124,123,1
532,259,258,1
533,49,49,0
534,203,203,0
535,110,110,0
536,214,212,2
537,431,429,2
538,141,141,0
539,166,165,1
540,164,164,0
541,148,146,2
542,106,106,0
543,198,194,4
544,129,126,3
545,91,90,1
546,124,123,1
547,75,75,0
548,122,121,1
549,180,179,1
550,106,106,0
551,118,118,0
552,102,101,1
553,51,51,0
554,119,117,2
555,159,159,0
556,130,130,0
557,151,151,0
558,153,153,0
559,377,374,3
560,132,131,1
561,87,87,0
562,149,147,2
563,129,129,0
564,250,247,3
565,250,250,0
566,124,122,2
567,146,145,1
568,278,276,2
569,63,62,1
570,117,117,0
571,185,184,1
572,74,74,0
573,814,809,5
574,124,121,3
575,280,279,1
576,154,154,0
577,181,180,1
578,295,295,0
579,410,408,2
580,193,193,0
581,189,188,1
582,101,101,0
583,278,277,1
584,891,891,0
585,140,140,0
586,328,328,0
587,110,109,1
588,329,319,10
589,267,266,1
590,132,132,0
591,170,170,0
592,123,123,0
593,111,110,1
594,124,124,0
595,167,167,0
596,148,148,0
597,129,129,0
598,127,127,0
599,198,197,1
600,139,138,1
601,113,113,0
602,409,409,0
603,218,218,0
604,301,300,1
605,510,508,2
606,187,186,1
607,144,143,1
608,788,786,2
609,113,111,2
610,146,146,0
611,282,281,1
612,279,277,2
613,652,649,3
614,116,115,1
615,252,252,0
616,1206,1201,5
617,88,88,0
618,127,127,0
619,99,99,0
620,205,205,0
621,65,65,0
622,388,388,0
623,486,486,0
624,47,47,0
625,332,331,1
626,51,51,0
627,278,277,1
628,130,130,0
629,91,91,0
630,107,107,0
631,144,143,1
632,114,114,0
633,805,800,5
634,389,389,0
635,312,312,0
636,216,216,0
637,75,75,0
638,138,137,1
639,561,561,0
640,120,118,2
641,228,225,3
642,461,457,4
643,60,60,0
644,136,136,0
645,529,529,0
646,180,179,1
647,439,439,0
648,332,332,0
649,291,291,0
650,493,487,6
651,77,76,1
652,370,363,7
653,107,107,0
654,45,45,0
655,119,119,0
656,236,236,0
657,174,174,0
658,115,115,0
659,500,491,9
660,971,955,16
661,126,124,2
662,176,176,0
663,44,44,0
664,249,246,3
665,81,80,1
666,374,370,4
667,169,168,1
668,152,149,3
669,127,127,0
670,354,353,1
671,36,36,0
672,42,42,0
673,142,139,3
674,96,96,0
675,57,57,0
676,156,155,1
677,127,127,0
678,137,136,1
679,81,79,2
680,190,190,0
681,332,330,2
682,186,186,0
683,81,81,0
684,435,432,3
685,215,215,0
686,764,758,6
687,232,230,2
688,94,94,0
689,189,189,0
690,64,64,0
691,96,96,0
692,210,205,5
693,176,176,0
694,263,262,1
695,191,191,0
696,463,461,2
697,88,86,2
698,142,142,0
699,60,60,0
700,132,132,0
701,142,142,0
702,260,259,1
703,150,150,0
704,211,211,0
705,107,106,1
706,122,119,3
707,68,65,3
708,93,91,2
709,637,632,5
710,49,49,0
711,493,486,7
712,146,144,2
713,222,222,0
714,490,487,3
715,190,188,2
716,317,313,4
717,219,219,0
718,177,177,0
719,137,137,0
720,107,107,0
721,65,65,0
722,72,72,0
723,146,145,1
724,131,130,1
725,189,189,0
726,192,192,0
727,154,154,0
728,167,165,2
729,135,135,0
730,126,125,1
731,138,138,0
732,143,143,0
733,126,126,0
734,395,394,1
735,349,347,2
736,498,495,3
737,147,147,0
738,228,228,0
739,661,655,6
740,283,283,0
741,296,296,0
742,22,22,0
743,60,57,3
744,50,50,0
745,56,56,0
746,274,274,0
747,80,78,2
748,410,406,4
749,120,118,2
750,284,280,4
751,480,477,3
752,118,117,1
753,266,265,1
754,563,560,3
755,169,167,2
756,234,232,2
757,555,550,5
758,315,315,0
759,106,106,0
760,159,154,5
761,114,114,0
762,123,123,0
763,132,132,0
764,52,52,0
765,178,177,1
766,48,46,2
767,92,92,0
768,133,133,0
769,385,385,0
770,358,351,7
771,48,48,0
772,134,134,0
773,108,107,1
774,297,295,2
775,375,374,1
776,162,158,4
777,187,186,1
778,100,100,0
779,127,126,1
780,182,182,0
781,131,126,5
782,321,321,0
783,116,116,0
784,132,132,0
785,162,162,0
786,180,178,2
787,436,435,1
788,59,55,4
789,215,215,0
790,455,448,7
791,124,124,0
792,182,180,2
793,539,533,6
794,133,132,1
795,317,316,1
796,208,208,0
797,235,231,4
798,357,350,7
799,176,176,0
800,115,115,0
801,131,129,2
802,138,137,1
803,224,222,2
804,164,163,1
805,110,110,0
806,168,168,0
807,217,217,0
808,132,130,2
809,167,167,0
810,131,131,0
811,211,211,0
812,93,91,2
813,146,144,2
814,107,107,0
815,182,182,0
816,63,63,0
817,51,51,0
818,81,81,0
819,293,292,1
820,150,149,1
821,267,266,1
822,137,136,1
823,148,148,0
824,146,145,1
825,379,379,0
826,110,110,0
827,213,213,0
828,67,67,0
829,234,234,0
830,153,153,0
831,128,127,1
832,55,55,0
833,467,466,1
834,984,975,9
835,239,238,1
836,328,325,3
837,144,142,2
838,127,127,0
839,54,54,0
840,362,361,1
841,599,591,8
842,520,518,2
843,64,64,0
844,43,43,0
845,739,739,0
846,472,470,2
847,124,122,2
848,60,60,0
849,105,101,4
850,118,116,2
851,135,132,3
852,234,234,0
853,129,129,0
854,493,489,4
855,49,49,0
856,150,149,1
857,47,47,0
858,162,159,3
859,55,54,1
860,66,65,1
861,206,200,6
862,231,228,3
863,160,159,1
864,121,121,0
865,141,141,0
866,121,119,2
867,114,114,0
868,277,276,1
869,158,157,1
870,71,71,0
871,129,113,16
872,138,137,1
873,142,140,2
874,153,152,1
875,128,128,0
876,586,582,4
877,125,125,0
878,142,138,4
879,54,54,0
880,258,257,1
881,61,61,0
882,126,125,1
883,127,127,0
884,280,275,5
885,186,185,1
886,290,287,3
887,100,100,0
888,119,119,0
889,109,109,0
890,180,179,1
891,114,114,0
892,142,141,1
893,195,188,7
894,48,47,1
895,70,69,1
896,172,169,3
897,50,50,0
898,83,82,1
899,227,223,4
900,73,73,0
901,133,132,1
902,624,617,7
903,195,194,1
904,236,235,1
905,96,96,0
906,170,170,0
907,84,83,1
908,371,371,0
909,153,152,1
910,58,58,0
911,487,485,2
912,133,133,0
913,218,218,0
914,308,308,0
915,136,135,1
916,95,95,0
917,122,122,0
918,133,132,1
919,32,32,0
920,59,59,0
921,150,147,3
922,88,88,0
923,108,108,0
924,74,74,0
925,174,170,4
926,129,129,0
927,139,139,0
928,116,116,0
929,102,101,1
930,147,146,1
931,238,238,0
932,91,91,0
933,390,390,0
934,37,36,1
935,168,168,0
936,382,379,3
937,77,77,0
938,160,159,1
939,382,379,3
940,130,130,0
941,284,279,5
942,119,119,0
943,185,182,3
944,143,143,0
945,249,249,0
946,384,381,3
947,311,303,8
948,381,378,3
949,152,151,1
950,187,186,1
951,151,149,2
952,124,124,0
953,173,172,1
954,90,90,0
955,129,129,0
956,691,689,2
957,253,253,0
958,622,619,3
959,412,412,0
960,136,136,0
961,172,170,2
962,154,154,0
963,135,135,0
964,138,138,0
965,135,134,1
966,144,144,0
967,177,177,0
968,350,348,2
969,194,194,0
970,253,251,2
971,304,300,4
972,167,167,0
973,157,155,2
974,166,166,0
975,132,132,0
976,234,234,0
977,113,113,0
978,241,241,0
979,101,101,0
980,343,343,0
981,389,388,1
982,432,432,0
983,486,486,0
984,181,181,0
985,216,214,2
986,156,156,0
987,125,125,0
988,123,123,0
989,164,160,4
990,145,145,0
991,142,141,1
992,104,103,1
993,132,132,0
994,195,194,1
995,348,346,2
996,155,155,0
997,150,150,0
998,127,127,0
999,79,77,2
1000,187,183,4
1001,128,128,0
1002,182,181,1
1003,147,147,0
1004,150,150,0
1005,188,183,5
1006,137,136,1
1007,165,163,2
1008,134,134,0
1009,1011,999,12
1010,355,352,3
1011,181,177,4
1012,180,180,0
1013,187,184,3
1014,354,352,2
1015,145,144,1
1016,277,274,3
1017,149,148,1
1018,172,171,1
1019,57,56,1
1020,129,128,1
1021,81,80,1
1022,110,110,0
1023,233,233,0
1024,220,219,1
1025,120,120,0
1026,82,82,0
1027,184,184,0
1028,120,120,0
1029,113,113,0
1030,417,416,1
1031,366,364,2
1032,503,499,4
1033,523,521,2
1034,228,228,0
1035,562,559,3
1036,300,300,0
1037,138,138,0
1038,201,201,0
1039,240,239,1
1040,368,368,0
1041,220,220,0
1042,157,157,0
1043,68,68,0
1044,621,620,1
1045,139,139,0
1046,123,123,0
1047,159,159,0
1048,111,111,0
1049,131,131,0
1050,176,176,0
1051,288,288,0
1052,176,174,2
1053,135,135,0
1054,114,113,1
1055,344,342,2
1056,171,170,1
1057,203,203,0
1058,137,133,4
1059,161,161,0
1060,311,310,1
1061,156,156,0
1062,179,178,1
1063,264,264,0
1064,135,135,0
1065,43,43,0
1066,163,161,2
1067,90,90,0
1068,350,346,4
1069,106,105,1
1070,444,443,1
1071,256,256,0
1072,190,189,1
1073,138,137,1
1074,125,124,1
1075,245,243,2
1076,120,117,3
1077,313,310,3
1078,57,55,2
1079,235,235,0
1080,65,65,0
1081,171,169,2
1082,154,154,0
1083,286,286,0
1084,181,178,3
1085,180,179,1
1086,357,355,2
1087,176,175,1
1088,368,364,4
1089,385,379,6
1090,347,313,34
1091,135,135,0
1092,465,465,0
1093,198,194,4
1094,116,116,0
1095,304,302,2
1096,187,187,0
1097,507,506,1
1098,297,292,5
1099,597,596,1
1100,132,132,0
1101,220,219,1
1102,243,242,1
1103,101,101,0
1104,116,116,0
1105,190,187,3
1106,85,84,1
1107,457,450,7
1108,265,264,1
1109,808,804,4
1110,65,65,0
1111,73,73,0
1112,224,223,1
1113,924,923,1
1114,430,427,3
1115,367,361,6
1116,203,202,1
1117,913,905,8
1118,383,383,0
1119,251,249,2
1120,346,346,0
1121,145,144,1
1122,334,334,0
1123,197,196,1
1124,179,178,1
1125,183,182,1
1126,225,223,2
1127,82,81,1
1128,125,121,4
1129,80,80,0
1130,300,295,5
1131,56,55,1
1132,66,65,1
1133,228,226,2
1134,317,316,1
1135,318,314,4
1136,200,195,5
1137,204,203,1
1138,113,112,1
1139,287,285,2
1140,635,635,0
1141,146,146,0
1142,143,143,0
1143,338,338,0
1144,247,246,1
1145,1029,1029,0
1146,133,131,2
1147,177,177,0
1148,320,320,0
1149,64,63,1
1150,404,399,5
1151,168,168,0
1152,187,183,4
1153,279,279,0
1154,165,164,1
1155,137,136,1
1156,161,161,0
1157,618,612,6
1158,209,204,5
1159,348,348,0
1160,411,407,4
1161,463,458,5
1162,703,696,7
1163,214,214,0
1164,112,111,1
1165,747,736,11
1166,342,341,1
1167,135,134,1
1168,678,668,10
1169,208,206,2
1170,531,526,5
1171,140,140,0
1172,245,242,3
1173,164,160,4
1174,126,125,1
1175,75,75,0
1176,380,379,1
1177,350,347,3
1178,46,44,2
1179,65,65,0
1180,43,43,0
1181,154,154,0
1182,73,73,0
1183,195,195,0
1184,133,132,1
1185,217,216,1
1186,720,718,2
1187,117,117,0
1188,212,211,1
1189,109,109,0
1190,204,203,1
1191,131,131,0
1192,257,255,2
1193,376,374,2
1194,259,259,0
1195,204,203,1
1196,298,298,0
1197,181,181,0
1198,146,146,0
1199,232,228,4
1200,133,133,0
1201,561,560,1
1202,91,88,3
1203,102,102,0
1204,137,137,0
1205,48,48,0
1206,145,145,0
1207,621,620,1
1208,141,140,1
1209,28,28,0
1210,166,166,0
1211,253,251,2
1212,771,770,1
1213,91,91,0
1214,119,119,0
1215,146,146,0
1216,179,179,0
1217,176,176,0
1218,582,580,2
1219,125,125,0
1220,138,137,1
1221,204,204,0
1222,44,44,0
1223,54,50,4
1224,165,164,1
1225,525,524,1
1226,259,255,4
1227,237,236,1
1228,502,491,11
1229,802,797,5
1230,205,204,1
1231,200,197,3
1232,227,227,0
1233,127,126,1
1234,339,334,5
1235,201,201,0
1236,177,176,1
1237,154,153,1
1238,434,433,1
1239,278,273,5
1240,138,138,0
1241,430,430,0
1242,186,186,0
1243,277,275,2
1244,158,158,0
1245,268,266,2
1246,185,185,0
1247,253,251,2
1248,162,161,1
1249,242,240,2
1250,204,204,0
1251,265,261,4
1252,885,883,2
1253,211,210,1
1254,579,575,4
1255,459,455,4
1256,278,278,0
1257,175,175,0
1258,682,681,1
1259,1003,996,7
1260,809,806,3
1261,149,149,0
1262,253,253,0
1263,181,180,1
1264,250,248,2
1265,242,241,1
1266,237,236,1
1267,619,616,3
1268,520,517,3
1269,273,272,1
1270,228,226,2
1271,828,826,2
1272,304,301,3
1273,146,145,1
1274,520,518,2
1275,208,208,0
1276,400,399,1
1277,267,263,4
1278,543,542,1
1279,657,656,1
1280,151,151,0
1281,177,175,2
1282,306,306,0
1283,361,360,1
1284,232,231,1
1285,1004,999,5
1286,177,176,1
1287,128,128,0
1288,142,142,0
1289,88,83,5
1290,100,100,0
1291,179,178,1
1292,142,140,2
1293,99,97,2
1294,133,133,0
1295,255,249,6
1296,195,192,3
1297,291,291,0
1298,197,196,1
1299,34,34,0
1300,169,169,0
1301,126,126,0
1302,133,133,0
1303,142,141,1
1304,295,294,1
1305,120,120,0
1306,345,343,2
1307,292,292,0
1308,187,184,3
1309,443,441,2
1310,535,532,3
1311,693,690,3
1312,363,362,1
1313,89,89,0
1314,513,512,1
1315,583,582,1
1316,167,167,0
1317,423,422,1
1318,243,238,5
1319,355,354,1
1320,57,57,0
1321,113,113,0
1322,47,47,0
1323,155,155,0
1324,143,143,0
1325,294,293,1
1326,77,77,0
1327,424,424,0
1328,350,349,1
1329,225,224,1
1330,198,197,1
1331,521,519,2
1332,857,849,8
1333,35,35,0
1334,309,307,2
1335,175,174,1
1336,108,108,0
1337,635,634,1
1338,122,122,0
1339,63,63,0
1340,123,121,2
1341,76,76,0
1342,232,231,1
1343,121,121,0
1344,391,390,1
1345,319,318,1
1346,148,148,0
1347,161,161,0
1348,356,356,0
1349,199,198,1
1350,203,203,0
1351,141,141,0
1352,246,245,1
1353,298,296,2
1354,942,934,8
1355,147,145,2
1356,357,348,9
1357,34,34,0
1358,58,58,0
1359,330,327,3
1360,57,57,0
1361,57,57,0
1362,321,320,1
1363,269,269,0
1364,166,166,0
1365,133,132,1
1366,125,124,1
1367,179,177,2
1368,136,135,1
1369,350,348,2
1370,374,370,4
1371,118,118,0
1372,383,373,10
1373,235,235,0
1374,151,150,1
1375,177,177,0
1376,188,187,1
1377,320,318,2
1378,94,93,1
1379,154,152,2
1380,124,124,0
1381,135,135,0
1382,134,131,3
1383,67,67,0
1384,155,154,1
1385,216,215,1
1386,258,255,3
1387,196,196,0
1388,118,117,1
1389,519,517,2
1390,710,705,5
1391,463,458,5
1392,157,156,1
1393,448,437,11
1394,218,217,1
1395,184,180,4
1396,126,126,0
1397,146,144,2
1398,58,57,1
1399,169,164,5
1400,65,65,0
1401,86,85,1
1402,276,275,1
1403,121,121,0
1404,136,136,0
1405,128,128,0
1406,185,185,0
1407,145,143,2
1408,205,205,0
1409,241,240,1
1410,138,138,0
1411,238,238,0
1412,414,411,3
1413,754,753,1
1414,510,506,4
1415,404,403,1
1416,473,471,2
1417,831,823,8
1418,256,256,0
1419,93,93,0
1420,48,48,0
1421,259,255,4
1422,62,61,1
1423,460,454,6
1424,570,568,2
1425,445,444,1
1426,373,372,1
1427,355,353,2
1428,277,275,2
1429,154,152,2
1430,269,269,0
1431,83,83,0
1432,110,109,1
1433,791,789,2
1434,133,132,1
1435,118,116,2
1436,285,283,2
1437,99,98,1
1438,340,340,0
1439,328,324,4
1440,577,575,2
1441,478,477,1
1442,423,422,1
1443,1005,989,16
1444,103,102,1
1445,164,162,2
1446,843,839,4
1447,300,300,0
1448,68,68,0
1449,182,181,1
1450,916,911,5
1451,452,448,4
1452,148,148,0
1453,160,160,0
1454,139,137,2
1455,120,117,3
1456,429,426,3
1457,48,48,0
1458,108,107,1
1459,160,160,0
1460,351,350,1
1461,469,464,5
1462,765,759,6
1463,495,492,3
1464,182,180,2
1465,576,564,12
1466,141,141,0
1467,61,61,0
1468,175,173,2
1469,214,213,1
1470,385,379,6
1471,260,260,0
1472,161,158,3
1473,124,124,0
1474,173,168,5
1475,59,59,0
1476,136,130,6
1477,132,130,2
1478,149,146,3
1479,392,380,12
1480,168,168,0
1481,126,126,0
1482,96,96,0
1483,162,162,0
1484,154,153,1
1485,86,86,0
1486,129,128,1
1487,143,139,4
1488,177,176,1
1489,522,510,12
1490,253,247,6
1491,263,260,3
1492,138,137,1
1493,284,282,2
1494,104,103,1
1495,170,167,3
1496,48,46,2
1497,130,130,0
1498,91,91,0
1499,149,149,0
1500,156,155,1
1501,69,69,0
1502,158,157,1
1503,143,142,1
1504,1043,1023,20
1505,80,80,0
1506,150,147,3
1507,254,253,1
1508,165,164,1
1509,130,129,1
1510,140,140,0
1511,169,166,3
1512,93,92,1
1513,76,75,1
1514,154,154,0
1515,205,205,0
1516,455,449,6
1517,241,240,1
1518,641,640,1
1519,133,131,2
1520,534,529,5
1521,207,206,1
1522,184,182,2
1523,198,195,3
1524,108,108,0
1525,243,243,0
1526,322,321,1
1527,123,123,0
1528,271,269,2
1529,260,258,2
1530,410,407,3
1531,851,841,10
1532,339,336,3
1533,156,153,3
1534,119,119,0
1535,727,726,1
1536,97,97,0
1537,585,576,9
1538,283,283,0
1539,910,904,6
1540,278,277,1
1541,449,443,6
1542,237,234,3
1543,115,115,0
1544,142,140,2
1545,275,275,0
1546,74,73,1
1547,252,252,0
1548,106,106,0
1549,142,140,2
1550,73,73,0
1551,87,87,0
1552,142,142,0
1553,200,200,0
1554,233,232,1
1555,115,115,0
1556,639,636,3
1557,548,547,1
1558,217,215,2
1559,584,582,2
1560,673,670,3
1561,431,413,18
1562,524,518,6
1563,540,524,16
1564,335,333,2
1565,101,101,0
1566,121,120,1
1567,188,186,2
1568,246,244,2
1569,161,161,0
1570,65,65,0
1571,61,59,2
1572,70,70,0
1573,68,68,0
1574,249,249,0
1575,191,189,2
1576,98,98,0
1577,246,244,2
1578,117,114,3
1579,117,117,0
1580,217,217,0
1581,151,149,2
1582,441,441,0
1583,191,184,7
1584,161,161,0
1585,96,96,0
1586,282,279,3
1587,655,654,1
1588,168,168,0
1589,117,114,3
1590,210,208,2
1591,637,626,11
1592,176,171,5
1593,44,43,1
1594,54,54,0
1595,107,106,1
1596,74,74,0
1597,139,138,1
1598,280,276,4
1599,282,280,2
1600,286,283,3
1601,166,164,2
1602,132,132,0
1603,124,123,1
1604,102,102,0
1605,102,102,0
1606,101,101,0
1607,144,142,2
1608,266,266,0
1609,169,169,0
1610,483,482,1
1611,74,74,0
1612,178,178,0
1613,504,499,5
1614,73,73,0
1615,155,154,1
1616,420,418,2
1617,179,179,0
1618,649,641,8
1619,185,185,0
1620,234,228,6
1621,396,391,5
1622,553,553,0
1623,128,124,4
1624,329,328,1
1625,205,205,0
1626,173,173,0
1627,62,59,3
1628,310,305,5
1629,126,125,1
1630,309,309,0
1631,234,232,2
1632,84,84,0
1633,234,232,2
1634,129,129,0
1635,239,238,1
1636,193,192,1
1637,233,233,0
1638,972,969,3
1639,239,238,1
1640,268,267,1
1641,189,188,1
1642,174,174,0
1643,78,78,0
1644,146,145,1
1645,253,252,1
1646,159,159,0
1647,134,133,1
1648,375,372,3
1649,133,132,1
1650,52,51,1
1651,453,452,1
1652,432,431,1
1653,162,160,2
1654,113,113,0
1655,176,175,1
1656,154,154,0
1657,642,635,7
1658,117,116,1
1659,208,205,3
1660,233,230,3
1661,139,135,4
1662,108,107,1
1663,757,756,1
1664,160,158,2
1665,152,150,2
1666,58,57,1
1667,164,163,1
1668,133,133,0
1669,226,225,1
1670,107,106,1
1671,598,596,2
1672,706,698,8
1673,222,219,3
1674,195,194,1
1675,187,184,3
1676,454,448,6
1677,978,962,16
1678,606,605,1
1679,308,307,1
1680,506,503,3
1681,202,199,3
1682,70,70,0
1683,157,155,2
1684,270,267,3
1685,104,104,0
1686,90,89,1
1687,141,141,0
1688,298,298,0
1689,158,157,1
1690,81,81,0
1691,113,112,1
1692,232,232,0
1693,125,124,1
1694,211,210,1
1695,157,154,3
1696,332,332,0
1697,129,129,0
1698,338,334,4
1699,99,99,0
1700,161,161,0
1701,129,128,1
1702,124,124,0
1703,252,251,1
1704,155,155,0
1705,901,898,3
1706,683,680,3
1707,269,267,2
1708,354,353,1
1709,287,283,4
1710,596,596,0
1711,224,223,1
1712,126,125,1
1713,182,182,0
1714,114,113,1
1715,696,694,2
1716,536,534,2
1717,112,112,0
1718,105,104,1
1719,258,257,1
1720,141,140,1
1721,150,150,0
1722,111,111,0
1723,186,185,1
1724,201,201,0
1725,453,449,4
1726,541,537,4
1727,109,109,0
1728,176,174,2
1729,104,104,0
1730,135,135,0
1731,156,156,0
1732,84,84,0
1733,37,37,0
1734,275,275,0
1735,387,386,1
1736,178,176,2
1737,153,153,0
1738,348,346,2
1739,163,162,1
1740,612,609,3
1741,281,280,1
1742,279,279,0
1743,141,140,1
1744,221,219,2
1745,258,257,1
1746,451,429,22
1747,373,364,9
1748,98,95,3
1749,153,153,0
1750,159,158,1
1751,117,112,5
1752,45,45,0
1753,126,124,2
1754,75,75,0
1755,185,182,3
1756,473,473,0
1757,163,162,1
1758,307,290,17
1759,792,790,2
1760,455,450,5
1761,993,983,10
1762,156,156,0
1763,201,200,1
1764,128,126,2
1765,466,466,0
1766,144,143,1
1767,134,134,0
1768,177,176,1
1769,139,139,0
1770,146,146,0
1771,29,29,0
1772,122,122,0
1773,316,316,0
1774,53,53,0
1775,51,51,0
1776,57,57,0
1777,131,126,5
1778,160,159,1
1779,155,142,13
1780,325,324,1
1781,165,163,2
1782,318,317,1
1783,84,84,0
1784,52,52,0
1785,132,132,0
1786,155,154,1
1787,404,395,9
1788,126,125,1
1789,61,61,0
1790,215,208,7
1791,189,187,2
1792,167,166,1
1793,492,489,3
1794,536,533,3
1795,426,425,1
1796,216,214,2
1797,215,214,1
1798,137,136,1
1799,210,210,0
1800,388,385,3
1801,167,167,0
1802,350,348,2
1803,136,136,0
1804,232,228,4
1805,749,748,1
1806,204,204,0
1807,146,146,0
1808,327,322,5
1809,202,201,1
1810,65,64,1
1811,219,218,1
1812,778,778,0
1813,274,274,0
1814,296,293,3
1815,128,126,2
1816,423,423,0
1817,201,201,0
1818,546,546,0
1819,127,127,0
1820,167,167,0
1821,168,168,0
1822,178,177,1
1823,389,389,0
1824,433,433,0
1825,398,398,0
1826,166,166,0
1827,247,244,3
1828,163,163,0
1829,382,378,4
1830,247,241,6
1831,69,68,1
1832,99,98,1
1833,86,85,1
1834,147,147,0
1835,121,120,1
1836,156,155,1
1837,238,238,0
1838,117,116,1
1839,129,129,0
1840,305,303,2
1841,497,495,2
1842,254,252,2
1843,260,259,1
1844,252,243,9
1845,644,641,3
1846,213,210,3
1847,712,705,7
1848,701,694,7
1849,327,326,1
1850,207,204,3
1851,266,265,1
1852,599,590,9
1853,56,56,0
1854,240,232,8
1855,131,131,0
1856,133,132,1
1857,177,175,2
1858,148,148,0
1859,136,136,0
1860,441,437,4
1861,198,195,3
1862,122,121,1
1863,84,79,5
1864,87,87,0
1865,347,343,4
1866,150,146,4
1867,122,122,0
1868,383,380,3
1869,334,334,0
1870,399,396,3
1871,84,84,0
1872,50,48,2
1873,82,82,0
1874,59,59,0
1875,344,344,0
1876,300,296,4
1877,77,77,0
1878,127,127,0
1879,136,136,0
1880,161,161,0
1881,468,467,1
1882,233,233,0
1883,138,138,0
1884,74,74,0
1885,125,125,0
1886,142,141,1
1887,201,200,1
1888,232,230,2
1889,147,145,2
1890,288,287,1
1891,345,345,0
1892,171,171,0
1893,521,520,1
1894,64,64,0
1895,151,151,0
1896,129,129,0
1897,146,146,0
1898,208,205,3
1899,121,120,1
1900,216,214,2
1901,222,221,1
1902,94,94,0
1903,222,221,1
1904,294,292,2
1905,148,148,0
1906,346,343,3
1907,498,488,10
1908,144,143,1
1909,227,223,4
1910,129,129,0
1911,260,260,0
1912,275,272,3
1913,127,126,1
1914,825,819,6
1915,170,170,0
1916,164,160,4
1917,174,172,2
1918,49,48,1
1919,180,177,3
1920,58,58,0
1921,349,347,2
1922,196,192,4
1923,127,127,0
1924,267,265,2
1925,222,218,4
1926,295,293,2
1927,329,328,1
1928,276,275,1
1929,168,167,1
1930,356,353,3
1931,360,358,2
1932,468,465,3
1933,186,183,3
1934,150,148,2
1935,437,435,2
1936,154,154,0
1937,389,386,3
1938,129,129,0
1939,114,114,0
1940,144,143,1
1941,109,109,0
1942,226,225,1
1943,112,112,0
1944,115,115,0
1945,93,93,0
1946,309,307,2
1947,149,149,0
1948,62,62,0
1949,145,145,0
1950,120,120,0
1951,79,78,1
1952,56,56,0
1953,130,130,0
1954,2487,2445,42
1955,43,43,0
1956,97,97,0
1957,218,218,0
1958,127,127,0
1959,116,116,0
1960,72,72,0
1961,194,194,0
1962,62,62,0
1963,165,163,2
1964,125,123,2
1965,76,76,0
1966,81,80,1
1967,53,53,0
1968,128,122,6
1969,133,133,0
1970,172,170,2
1971,116,115,1
1972,181,181,0
1973,114,114,0
1974,156,154,2
1975,249,249,0
1976,693,683,10
1977,189,188,1
1978,127,127,0
1979,416,411,5
1980,153,153,0
1981,184,181,3
1982,75,74,1
1983,161,160,1
1984,172,171,1
1985,258,257,1
1986,235,229,6
1987,214,214,0
1988,71,71,0
1989,117,117,0
1990,251,250,1
1991,398,394,4
1992,136,136,0
1993,157,157,0
1994,176,176,0
1995,52,52,0
1996,77,75,2
1997,118,117,1
1998,509,507,2
1999,346,346,0
2000,46,46,0
2001,378,375,3
2002,147,146,1
2003,638,633,5
2004,166,166,0
2005,116,115,1
2006,263,252,11
2007,170,170,0
2008,490,488,2
2009,145,145,0
2010,41,41,0
2011,362,359,3
2012,332,329,3
2013,165,164,1
2014,419,418,1
2015,242,241,1
2016,147,147,0
2017,139,138,1
2018,222,222,0
2019,649,648,1
2020,156,155,1
2021,128,128,0
2022,291,291,0
2023,479,471,8
2024,228,228,0
2025,158,158,0
2026,127,127,0
2027,62,61,1
2028,279,278,1
2029,141,140,1
2030,204,202,2
2031,265,265,0
2032,51,50,1
2033,276,269,7
2034,158,158,0
2035,432,431,1
2036,143,141,2
2037,175,175,0
2038,152,152,0
2039,241,240,1
2040,169,169,0
2041,149,149,0
2042,99,98,1
2043,126,125,1
2044,410,410,0
2045,134,134,0
2046,59,59,0
2047,375,374,1
2048,213,213,0
2049,213,211,2
2050,89,89,0
2051,142,141,1
2052,135,135,0
2053,79,79,0
2054,451,451,0
2055,63,63,0
2056,83,83,0
2057,144,144,0
2058,187,185,2
2059,124,124,0
2060,158,152,6
2061,50,49,1
2062,61,61,0
2063,215,213,2
2064,138,136,2
2065,88,88,0
2066,194,190,4
2067,81,79,2
2068,80,80,0
2069,190,188,2
2070,596,596,0
2071,129,125,4
2072,98,98,0
2073,619,617,2
2074,51,51,0
2075,41,41,0
2076,214,213,1
2077,49,49,0
2078,178,178,0
2079,715,712,3
2080,931,928,3
2081,292,290,2
2082,352,352,0
2083,649,647,2
2084,128,128,0
2085,758,754,4
2086,113,111,2
2087,247,242,5
2088,520,518,2
2089,388,387,1
2090,302,301,1
2091,223,223,0
2092,90,90,0
2093,138,135,3
2094,131,131,0
2095,320,311,9
2096,125,122,3
2097,165,165,0
2098,60,60,0
2099,238,235,3
2100,126,125,1
2101,206,201,5
2102,147,145,2
2103,130,128,2
2104,130,130,0
2105,67,67,0
2106,143,143,0
2107,157,155,2
2108,627,619,8
2109,367,364,3
2110,609,604,5
2111,114,114,0
2112,128,127,1
2113,189,188,1
2114,203,203,0
2115,374,374,0
2116,542,541,1
2117,210,209,1
2118,125,124,1
2119,185,185,0
2120,192,190,2
2121,630,628,2
2122,132,126,6
2123,49,49,0
2124,226,225,1
2125,179,179,0
2126,174,173,1
2127,244,241,3
2128,179,179,0
2129,118,118,0
2130,337,337,0
2131,35,35,0
2132,144,144,0
2133,115,115,0
2134,64,64,0
2135,55,54,1
2136,55,54,1
2137,31,30,1
2138,151,151,0
2139,427,423,4
2140,130,129,1
2141,263,260,3
2142,165,162,3
2143,449,448,1
2144,116,115,1
2145,121,120,1
2146,136,136,0
2147,95,95,0
2148,94,94,0
2149,516,512,4
2150,186,186,0
2151,133,133,0
2152,183,181,2
2153,148,147,1
2154,99,98,1
2155,194,194,0
2156,323,319,4
2157,258,257,1
2158,450,446,4
2159,135,135,0
2160,113,113,0
2161,125,123,2
2162,140,139,1
2163,190,189,1
2164,251,251,0
2165,156,156,0
2166,145,145,0
2167,428,427,1
2168,313,313,0
2169,878,868,10
2170,189,189,0
2171,225,224,1
2172,131,131,0
2173,137,136,1
2174,654,650,4
2175,410,408,2
2176,191,191,0
2177,814,805,9
2178,167,167,0
2179,433,432,1
2180,103,103,0
2181,147,147,0
2182,132,132,0
2183,149,149,0
2184,151,151,0
2185,296,296,0
2186,301,301,0
2187,125,125,0
2188,175,174,1
2189,242,242,0
2190,193,193,0
2191,123,121,2
2192,726,722,4
2193,169,169,0
2194,127,127,0
2195,133,133,0
2196,159,158,1
2197,194,193,1
2198,125,123,2
2199,137,137,0
2200,183,183,0
2201,191,190,1
2202,136,133,3
2203,776,775,1
2204,255,255,0
2205,200,199,1
2206,300,297,3
2207,134,134,0
2208,369,359,10
2209,439,434,5
2210,164,164,0
2211,663,662,1
2212,129,128,1
2213,131,130,1
2214,653,648,5
2215,139,139,0
2216,467,463,4
2217,28,28,0
2218,130,130,0
2219,148,147,1
2220,324,322,2
2221,170,170,0
2222,40,40,0
2223,168,168,0
2224,107,107,0
2225,107,107,0
2226,199,196,3
2227,115,115,0
2228,144,144,0
2229,127,127,0
2230,117,117,0
2231,444,438,6
2232,152,152,0
2233,191,191,0
2234,565,560,5
2235,195,195,0
2236,190,190,0
2237,146,146,0
2238,226,225,1
2239,130,129,1
2240,107,106,1
2241,327,325,2
2242,464,461,3
2243,173,172,1
2244,313,312,1
2245,310,308,2
2246,384,383,1
2247,183,183,0
2248,244,240,4
2249,122,122,0
2250,515,515,0
2251,197,196,1
2252,136,136,0
2253,37,37,0
2254,75,75,0
2255,129,129,0
2256,163,162,1
2257,342,342,0
2258,287,285,2
2259,203,202,1
2260,102,102,0
2261,134,134,0
2262,172,170,2
2263,321,320,1
2264,117,114,3
2265,206,204,2
2266,178,174,4
2267,597,591,6
2268,145,145,0
2269,138,138,0
2270,205,204,1
2271,208,205,3
2272,200,198,2
2273,272,272,0
2274,255,255,0
2275,69,69,0
2276,240,240,0
2277,119,117,2
2278,591,589,2
2279,57,57,0
2280,119,119,0
2281,69,69,0
2282,251,249,2
2283,529,526,3
2284,430,428,2
2285,35,35,0
2286,154,154,0
2287,318,316,2
2288,193,192,1
2289,162,162,0
2290,272,271,1
2291,119,119,0
2292,257,256,1
2293,122,122,0
2294,218,218,0
2295,791,783,8
2296,586,578,8
2297,87,87,0
2298,126,126,0
2299,48,48,0
2300,479,477,2
2301,330,330,0
2302,352,349,3
2303,54,53,1
2304,269,269,0
2305,211,211,0
2306,144,144,0
2307,180,180,0
2308,366,366,0
2309,270,270,0
2310,123,123,0
2311,188,188,0
2312,263,261,2
2313,212,212,0
2314,129,129,0
2315,232,229,3
2316,198,198,0
2317,238,234,4
2318,139,138,1
2319,98,96,2
2320,241,237,4
2321,96,95,1
2322,207,206,1
2323,276,273,3
2324,291,290,1
2325,408,408,0
2326,176,176,0
2327,219,218,1
2328,122,122,0
2329,246,244,2
2330,702,694,8
2331,470,469,1
2332,123,123,0
2333,330,328,2
2334,362,360,2
2335,166,163,3
2336,183,183,0
2337,254,253,1
2338,118,118,0
2339,474,468,6
2340,136,136,0
2341,309,309,0
2342,224,221,3
2343,162,149,13
2344,86,83,3
2345,173,172,1
2346,158,158,0
2347,130,130,0
2348,88,88,0
2349,181,179,2
2350,143,143,0
2351,232,229,3
2352,171,169,2
2353,475,474,1
2354,419,418,1
2355,148,148,0
2356,694,694,0
2357,251,249,2
2358,130,130,0
2359,799,795,4
2360,422,420,2
2361,149,147,2
2362,157,157,0
2363,409,409,0
2364,357,357,0
2365,196,195,1
2366,142,142,0
2367,452,449,3
2368,229,229,0
2369,74,74,0
2370,663,662,1
2371,784,780,4
2372,598,598,0
2373,520,516,4
2374,221,221,0
2375,260,260,0
2376,176,176,0
2377,364,364,0
2378,696,691,5
2379,281,281,0
2380,537,535,2
2381,124,124,0
2382,391,388,3
2383,44,44,0
2384,423,421,2
2385,203,203,0
2386,77,77,0
2387,69,69,0
2388,312,312,0
2389,241,240,1
2390,135,135,0
2391,151,149,2
2392,54,53,1
2393,168,167,1
2394,370,368,2
2395,435,435,0
2396,308,304,4
2397,440,435,5
2398,318,316,2
2399,197,197,0
2400,161,160,1
2401,104,100,4
2402,433,433,0
2403,106,106,0
2404,227,225,2
2405,267,263,4
2406,134,132,2
2407,269,267,2
2408,158,158,0
2409,254,252,2
2410,330,330,0
2411,828,824,4
2412,474,473,1
2413,318,318,0
2414,104,103,1
2415,438,437,1
2416,336,334,2
2417,300,299,1
2418,190,190,0
2419,114,114,0
2420,274,273,1
2421,141,140,1
2422,146,146,0
2423,264,264,0
2424,367,366,1
2425,260,260,0
2426,106,106,0
2427,120,120,0
2428,997,994,3
2429,395,393,2
2430,130,130,0
2431,1007,1003,4
2432,170,170,0
2433,493,493,0
2434,745,742,3
2435,250,249,1
2436,42,42,0
2437,103,103,0
2438,380,379,1
2439,267,267,0
2440,822,820,2
2441,1026,1014,12
2442,539,537,2
2443,77,77,0
2444,220,220,0
2445,345,343,2
2446,233,233,0
2447,463,462,1
2448,137,136,1
2449,319,319,0
2450,686,685,1
2451,248,247,1
2452,269,267,2
2453,700,695,5
2454,123,123,0
2455,118,118,0
2456,120,119,1
2457,104,102,2
2458,115,114,1
2459,44,43,1
2460,84,83,1
2461,138,138,0
2462,288,288,0
2463,355,351,4
2464,373,369,4
2465,796,794,2
2466,364,362,2
2467,59,59,0
2468,114,114,0
2469,209,209,0
2470,202,199,3
2471,89,89,0
2472,150,150,0
2473,248,248,0
2474,337,334,3
2475,467,465,2
2476,135,134,1
2477,197,196,1
2478,397,395,2
2479,46,40,6
2480,183,183,0
2481,409,406,3
2482,688,683,5
2483,256,254,2
2484,208,208,0
2485,142,141,1
2486,454,450,4
2487,139,138,1
2488,181,181,0
2489,153,153,0
2490,532,522,10
2491,169,167,2
2492,85,85,0
2493,431,430,1
2494,350,350,0
2495,201,200,1
2496,134,132,2
2497,513,513,0
2498,129,129,0
2499,32,31,1
2500,134,132,2
2501,232,229,3
2502,269,269,0
2503,194,192,2
2504,97,96,1
2505,248,243,5
2506,206,205,1
2507,82,82,0
2508,164,163,1
2509,305,303,2
2510,134,134,0
2511,80,80,0
2512,370,368,2
2513,185,181,4
2514,115,115,0
2515,126,126,0
2516,155,155,0
2517,224,224,0
2518,121,121,0
2519,120,120,0
2520,215,208,7
2521,162,162,0
2522,193,193,0
2523,317,313,4
2524,990,978,12
2525,30,30,0
2526,63,63,0
2527,106,106,0
2528,98,98,0
2529,99,98,1
2530,121,120,1
2531,53,53,0
2532,108,108,0
2533,218,216,2
2534,50,50,0
2535,209,204,5
2536,232,232,0
2537,115,115,0
2538,342,338,4
2539,257,255,2
2540,95,92,3
2541,146,144,2
2542,297,295,2
2543,214,213,1
2544,202,202,0
2545,71,71,0
2546,84,84,0
2547,106,106,0
2548,259,250,9
2549,189,178,11
2550,812,796,16
2551,332,332,0
2552,636,629,7
2553,360,360,0
2554,84,84,0
2555,208,207,1
2556,67,67,0
2557,238,234,4
2558,637,635,2
2559,60,60,0
2560,139,137,2
2561,197,197,0
2562,274,274,0
2563,37,37,0
2564,38,38,0
2565,39,39,0
2566,122,122,0
2567,63,62,1
2568,63,62,1
2569,74,73,1
2570,49,49,0
2571,512,511,1
2572,100,100,0
2573,300,298,2
2574,211,210,1
2575,289,287,2
2576,204,203,1
2577,63,63,0
2578,392,389,3
2579,491,488,3
2580,117,115,2
2581,126,125,1
2582,64,64,0
2583,368,363,5
2584,86,86,0
2585,1076,1073,3
2586,72,72,0
2587,55,54,1
2588,137,137,0
2589,392,387,5
2590,148,147,1
2591,139,139,0
2592,500,499,1
2593,109,108,1
2594,110,108,2
2595,146,145,1
2596,212,206,6
2597,109,107,2
2598,117,117,0
2599,61,61,0
2600,230,229,1
2601,186,184,2
2602,427,424,3
2603,172,172,0
2604,140,139,1
2605,174,174,0
2606,129,129,0
2607,146,145,1
2608,115,114,1
2609,71,70,1
2610,127,127,0
2611,338,337,1
2612,444,436,8
2613,88,88,0
2614,148,148,0
2615,125,123,2
2616,138,138,0
2617,145,145,0
2618,146,145,1
2619,114,114,0
2620,130,130,0
2621,125,124,1
2622,127,127,0
2623,622,611,11
2624,315,314,1
2625,206,204,2
2626,201,201,0
2627,242,240,2
2628,129,128,1
2629,160,160,0
2630,186,185,1
2631,801,795,6
2632,102,102,0
2633,495,494,1
2634,406,404,2
2635,346,342,4
2636,180,178,2
2637,420,420,0
2638,552,552,0
2639,301,300,1
2640,697,692,5
2641,259,259,0
2642,130,129,1
2643,77,77,0
2644,375,375,0
2645,165,165,0
2646,231,231,0
2647,287,284,3
2648,855,852,3
2649,291,290,1
2650,204,204,0
2651,176,176,0
2652,164,164,0
2653,223,219,4
2654,59,59,0
2655,170,170,0
2656,396,392,4
2657,246,242,4
2658,240,239,1
2659,60,60,0
2660,72,72,0
2661,70,69,1
2662,45,45,0
2663,142,142,0
2664,582,578,4
2665,136,133,3
2666,593,593,0
2667,254,254,0
2668,474,470,4
2669,180,180,0
2670,190,189,1
2671,146,144,2
2672,113,113,0
2673,315,312,3
2674,576,572,4
2675,170,170,0
2676,382,382,0
2677,327,321,6
2678,95,95,0
2679,524,522,2
2680,520,518,2
2681,62,61,1
2682,90,89,1
2683,106,105,1
2684,56,56,0
2685,701,687,14
2686,137,134,3
2687,189,184,5
2688,296,295,1
2689,107,107,0
2690,34,34,0
2691,65,65,0
2692,57,57,0
2693,167,165,2
2694,57,57,0
2695,118,117,1
2696,272,270,2
2697,58,58,0
2698,154,153,1
2699,150,150,0
2700,82,82,0
2701,99,99,0
2702,307,307,0
2703,179,179,0
2704,118,118,0
2705,150,150,0
2706,186,185,1
2707,297,296,1
2708,135,135,0
2709,141,141,0
2710,180,179,1
2711,359,358,1
2712,177,176,1
2713,148,147,1
2714,157,157,0
2715,141,139,2
2716,142,141,1
2717,165,165,0
2718,361,360,1
2719,352,351,1
2720,153,152,1
2721,206,206,0
2722,124,123,1
2723,222,221,1
2724,472,471,1
2725,281,280,1
2726,116,113,3
2727,156,156,0
2728,173,172,1
2729,466,461,5
2730,421,415,6
2731,179,175,4
2732,217,217,0
2733,246,245,1
2734,329,324,5
2735,108,108,0
2736,194,193,1
2737,149,147,2
2738,288,287,1
2739,318,310,8
2740,624,615,9
2741,195,195,0
2742,142,142,0
2743,85,85,0
2744,109,109,0
2745,232,231,1
2746,60,60,0
2747,97,97,0
2748,46,45,1
2749,50,50,0
2750,45,45,0
2751,123,122,1
2752,182,182,0
2753,63,62,1
2754,456,454,2
2755,129,128,1
2756,283,282,1
2757,184,184,0
2758,162,162,0
2759,132,132,0
2760,149,149,0
2761,262,262,0
2762,137,137,0
2763,361,361,0
2764,349,345,4
2765,105,104,1
2766,159,159,0
2767,149,149,0
2768,115,114,1
2769,232,232,0
2770,201,200,1
2771,189,189,0
2772,221,220,1
2773,130,130,0
2774,74,74,0
2775,484,484,0
2776,477,471,6
2777,478,475,3
2778,350,346,4
2779,217,215,2
2780,168,168,0
2781,344,339,5
2782,142,142,0
2783,128,128,0
2784,78,77,1
2785,341,340,1
2786,24,24,0
2787,39,39,0
2788,387,385,2
2789,51,51,0
2790,61,61,0
2791,127,126,1
2792,238,238,0
2793,684,678,6
2794,124,124,0
2795,124,124,0
2796,111,111,0
2797,324,323,1
2798,452,439,13
2799,122,122,0
2800,443,440,3
2801,316,313,3
2802,75,75,0
2803,137,137,0
2804,261,259,2
2805,245,245,0
2806,141,141,0
2807,115,113,2
2808,238,235,3
2809,98,95,3
2810,124,123,1
2811,162,162,0
2812,155,151,4
2813,110,109,1
2814,111,111,0
2815,213,213,0
2816,302,298,4
2817,226,225,1
2818,381,374,7
2819,444,443,1
2820,236,235,1
2821,265,265,0
2822,144,142,2
2823,78,78,0
2824,188,188,0
2825,210,207,3
2826,83,83,0
2827,167,166,1
2828,162,162,0
2829,125,124,1
2830,278,275,3
2831,145,143,2
2832,145,145,0
2833,39,39,0
2834,133,131,2
2835,217,217,0
2836,185,185,0
2837,238,238,0
2838,139,139,0
2839,143,143,0
2840,349,347,2
2841,64,64,0
2842,111,111,0
2843,64,64,0
2844,288,285,3
2845,538,529,9
2846,132,132,0
2847,239,238,1
2848,130,130,0
2849,76,76,0
2850,55,55,0
2851,234,234,0
2852,139,138,1
2853,300,296,4
2854,343,340,3
2855,547,543,4
2856,291,291,0
2857,1004,983,21
2858,123,123,0
2859,210,207,3
2860,277,273,4
2861,424,420,4
2862,220,220,0
2863,89,87,2
2864,163,162,1
2865,331,330,1
2866,788,774,14
2867,89,87,2
2868,456,450,6
2869,305,278,27
2870,186,186,0
2871,124,122,2
2872,374,373,1
2873,346,345,1
2874,336,331,5
2875,314,304,10
2876,434,425,9
2877,469,465,4
2878,105,105,0
2879,50,50,0
2880,64,64,0
2881,248,248,0
2882,575,574,1
2883,709,708,1
2884,99,96,3
2885,76,75,1
2886,66,66,0
2887,194,190,4
2888,261,261,0
2889,428,425,3
2890,223,219,4
2891,194,194,0
2892,334,328,6
2893,721,716,5
2894,997,988,9
2895,254,254,0
2896,200,199,1
2897,171,169,2
2898,148,148,0
2899,136,136,0
2900,81,81,0
2901,45,45,0
2902,174,168,6
2903,122,122,0
2904,166,164,2
2905,157,154,3
2906,180,177,3
2907,61,61,0
2908,87,87,0
2909,146,146,0
2910,119,119,0
2911,113,112,1
2912,376,374,2
2913,174,172,2
2914,83,82,1
2915,196,191,5
2916,582,580,2
2917,829,815,14
2918,145,144,1
2919,211,211,0
2920,710,705,5
2921,195,195,0
2922,375,375,0
2923,526,523,3
2924,102,102,0
2925,448,437,11
2926,184,184,0
2927,141,140,1
2928,324,321,3
2929,148,148,0
2930,150,150,0
2931,217,214,3
2932,140,138,2
2933,83,83,0
2934,250,247,3
2935,211,210,1
2936,321,318,3
2937,475,473,2
2938,716,715,1
2939,352,352,0
2940,128,128,0
2941,384,384,0
2942,128,127,1
2943,300,298,2
2944,202,200,2
2945,288,284,4
2946,247,246,1
2947,162,161,1
2948,132,132,0
2949,301,297,4
2950,54,54,0
2951,218,218,0
2952,698,697,1
2953,266,260,6
2954,423,422,1
2955,82,82,0
2956,156,152,4
2957,189,188,1
2958,258,253,5
2959,390,388,2
2960,484,481,3
2961,150,150,0
2962,116,116,0
2963,138,138,0
2964,178,177,1
2965,829,827,2
2966,45,45,0
2967,342,339,3
2968,174,173,1
2969,430,430,0
2970,127,126,1
2971,269,269,0
2972,355,354,1
2973,132,132,0
2974,711,703,8
2975,116,115,1
2976,323,319,4
2977,145,138,7
2978,164,164,0
2979,174,174,0
2980,251,248,3
2981,27,27,0
2982,25,25,0
2983,108,107,1
2984,170,169,1
2985,155,155,0
2986,105,104,1
2987,234,234,0
2988,477,476,1
2989,136,136,0
2990,111,111,0
2991,781,780,1
2992,591,589,2
2993,696,690,6
2994,682,677,5
2995,171,170,1
2996,411,410,1
2997,259,258,1
2998,276,274,2
2999,910,909,1
3000,111,111,0
3001,194,190,4
3002,426,420,6
3003,101,100,1
3004,241,241,0
3005,189,186,3
3006,144,144,0
3007,153,153,0
3008,332,330,2
3009,217,217,0
3010,114,113,1
3011,124,124,0
3012,211,209,2
3013,137,136,1
3014,209,208,1
3015,204,204,0
3016,125,120,5
3017,382,377,5
3018,293,289,4
3019,200,198,2
3020,212,210,2
3021,155,153,2
3022,798,796,2
3023,380,379,1
3024,143,140,3
3025,602,596,6
3026,334,333,1
3027,974,967,7
3028,119,115,4
3029,122,121,1
3030,108,108,0
3031,413,400,13
3032,178,176,2
3033,204,201,3
3034,97,94,3
3035,337,333,4
3036,130,126,4
3037,98,93,5
3038,124,123,1
3039,204,198,6
3040,114,110,4
3041,87,86,1
3042,137,131,6
3043,111,110,1
3044,352,345,7
3045,938,934,4
3046,707,678,29
3047,247,241,6
3048,121,120,1
3049,687,684,3
3050,174,174,0
3051,64,64,0
3052,217,217,0
3053,132,132,0
3054,535,533,2
3055,106,106,0
3056,145,145,0
3057,220,220,0
3058,124,124,0
3059,684,684,0
3060,127,126,1
3061,775,773,2
3062,308,308,0
3063,586,579,7
3064,316,315,1
3065,151,149,2
3066,237,236,1
3067,523,523,0
3068,344,341,3
3069,813,809,4
3070,302,302,0
3071,399,399,0
3072,233,232,1
3073,922,920,2
3074,496,495,1
3075,997,996,1
3076,265,264,1
3077,112,110,2
3078,233,232,1
3079,1079,1077,2
3080,797,794,3
3081,288,281,7
3082,124,124,0
3083,482,475,7
3084,750,741,9
3085,193,188,5
3086,132,131,1
3087,180,180,0
3088,215,214,1
3089,119,118,1
3090,477,477,0
3091,163,163,0
3092,155,154,1
3093,86,86,0
3094,159,159,0
3095,129,129,0
3096,119,119,0
3097,105,103,2
3098,121,120,1
3099,199,199,0
3100,325,323,2
3101,104,103,1
3102,94,92,2
3103,128,126,2
3104,173,173,0
3105,44,44,0
3106,122,122,0
3107,131,130,1
3108,255,254,1
3109,218,217,1
3110,297,284,13
3111,559,546,13
3112,245,245,0
3113,39,39,0
3114,45,45,0
3115,130,130,0
3116,150,147,3
3117,136,135,1
3118,16,16,0
3119,16,16,0
3120,428,418,10
3121,501,484,17
3122,143,143,0
3123,199,199,0
3124,149,149,0
3125,142,139,3
3126,184,181,3
3127,95,95,0
3128,557,553,4
3129,199,197,2
3130,281,273,8
3131,127,124,3
3132,444,437,7
3133,197,190,7
3134,115,114,1
3135,122,122,0
3136,122,120,2
3137,60,60,0
3138,190,189,1
3139,140,140,0
3140,226,224,2
3141,296,285,11
3142,275,275,0
3143,467,462,5
3144,432,426,6
3145,180,179,1
3146,881,874,7
3147,564,563,1
3148,711,703,8
3149,1210,1193,17
3150,205,204,1
3151,120,120,0
3152,176,173,3
3153,137,136,1
3154,222,219,3
3155,212,211,1
3156,132,132,0
3157,199,197,2
3158,200,200,0
3159,252,252,0
3160,156,156,0
3161,96,96,0
3162,89,89,0
3163,254,254,0
3164,99,99,0
3165,432,427,5
3166,238,238,0
3167,61,56,5
3168,278,276,2
3169,64,64,0
3170,78,78,0
3171,78,78,0
3172,88,88,0
3173,179,175,4
3174,190,190,0
3175,282,280,2
3176,151,151,0
3177,42,42,0
3178,592,587,5
3179,633,628,5
3180,306,305,1
3181,632,628,4
3182,159,158,1
3183,96,96,0
3184,140,140,0
3185,179,178,1
3186,118,118,0
3187,523,519,4
3188,68,68,0
3189,82,80,2
3190,192,189,3
3191,197,196,1
3192,148,148,0
3193,134,133,1
3194,117,117,0
3195,131,131,0
3196,151,151,0
3197,168,167,1
3198,84,82,2
3199,104,101,3
3200,162,161,1
3201,144,144,0
3202,154,153,1
3203,131,131,0
3204,155,153,2
3205,204,203,1
3206,148,146,2
3207,183,181,2
3208,114,114,0
3209,131,131,0
3210,73,71,2
3211,141,139,2
3212,217,215,2
3213,135,134,1
3214,128,128,0
3215,155,154,1
3216,83,83,0
3217,50,50,0
3218,55,55,0
3219,168,167,1
3220,811,796,15
3221,82,81,1
3222,107,105,2
3223,129,129,0
3224,252,250,2
3225,130,129,1
3226,239,236,3
3227,131,130,1
3228,125,122,3
3229,175,168,7
3230,204,202,2
3231,102,101,1
3232,27,27,0
3233,222,222,0
3234,74,74,0
3235,169,164,5
3236,146,146,0
3237,84,84,0
3238,89,87,2
3239,250,249,1
3240,581,581,0
3241,100,94,6
3242,321,313,8
3243,141,141,0
3244,195,194,1
3245,448,443,5
3246,183,182,1
3247,110,109,1
3248,288,283,5
3249,433,432,1
3250,410,410,0
3251,365,362,3
3252,425,425,0
3253,425,424,1
3254,186,182,4
3255,184,184,0
3256,137,137,0
3257,330,328,2
3258,266,265,1
3259,155,155,0
3260,265,261,4
3261,119,118,1
3262,61,61,0
3263,54,54,0
3264,116,115,1
3265,209,209,0
3266,83,83,0
3267,159,159,0
3268,233,231,2
3269,50,50,0
3270,78,77,1
3271,88,88,0
3272,128,126,2
3273,139,139,0
3274,44,43,1
3275,68,68,0
3276,503,500,3
3277,130,130,0
3278,79,78,1
3279,104,104,0
3280,87,87,0
3281,204,203,1
3282,139,139,0
3283,152,152,0
3284,47,47,0
3285,91,91,0
3286,174,171,3
3287,167,167,0
3288,223,221,2
3289,387,379,8
3290,378,368,10
3291,118,118,0
3292,197,197,0
3293,179,177,2
3294,504,501,3
3295,230,223,7
3296,473,468,5
3297,395,393,2
3298,581,579,2
3299,267,265,2
3300,204,203,1
3301,129,129,0
3302,970,968,2
3303,360,356,4
3304,436,436,0
3305,128,128,0
3306,247,246,1
3307,73,73,0
3308,130,128,2
3309,207,204,3
3310,81,79,2
3311,59,59,0
3312,152,152,0
3313,282,279,3
3314,25,25,0
3315,124,124,0
3316,185,182,3
3317,119,119,0
3318,194,191,3
3319,90,90,0
3320,176,176,0
3321,158,157,1
3322,121,118,3
3323,221,221,0
3324,117,111,6
3325,379,376,3
3326,129,127,2
3327,282,279,3
3328,204,204,0
3329,212,212,0
3330,316,316,0
3331,230,226,4
3332,209,209,0
3333,275,275,0
3334,293,293,0
3335,520,520,0
3336,773,771,2
3337,137,136,1
3338,368,367,1
3339,186,186,0
3340,622,619,3
3341,222,222,0
3342,325,324,1
3343,114,112,2
3344,216,211,5
3345,656,654,2
3346,742,737,5
3347,156,155,1
3348,215,215,0
3349,755,753,2
3350,197,197,0
3351,348,348,0
3352,185,184,1
3353,220,219,1
3354,151,150,1
3355,920,918,2
3356,151,151,0
3357,128,126,2
3358,226,224,2
3359,257,256,1
3360,143,142,1
3361,211,209,2
3362,340,336,4
3363,187,185,2
3364,144,142,2
3365,282,282,0
3366,222,222,0
3367,113,113,0
3368,471,469,2
3369,409,405,4
3370,147,147,0
3371,929,922,7
3372,504,502,2
3373,126,126,0
3374,789,786,3
3375,364,361,3
3376,93,93,0
3377,232,232,0
3378,207,206,1
3379,173,173,0
3380,136,136,0
3381,449,447,2
3382,715,713,2
3383,595,593,2
3384,586,580,6
3385,211,211,0
3386,140,140,0
3387,550,550,0
3388,893,882,11
3389,216,216,0
3390,126,126,0
3391,366,365,1
3392,563,563,0
3393,167,165,2
3394,122,121,1
3395,319,319,0
3396,144,142,2
3397,424,421,3
3398,136,136,0
3399,188,186,2
3400,272,272,0
3401,651,650,1
3402,181,181,0
3403,185,185,0
3404,95,95,0
3405,158,157,1
3406,144,144,0
3407,127,127,0
3408,304,303,1
3409,226,226,0
3410,250,246,4
3411,143,142,1
3412,159,159,0
3413,210,207,3
3414,360,360,0
3415,371,371,0
3416,251,251,0
3417,154,154,0
3418,249,249,0
3419,105,105,0
3420,229,229,0
3421,179,178,1
3422,632,620,12
3423,131,125,6
3424,319,309,10
3425,317,312,5
3426,127,125,2
3427,187,186,1
3428,670,654,16
3429,146,143,3
3430,1003,985,18
3431,70,68,2
3432,107,106,1
3433,159,157,2
3434,380,369,11
3435,129,129,0
3436,378,376,2
3437,283,282,1
3438,806,798,8
3439,221,221,0
3440,133,133,0
3441,538,533,5
3442,79,79,0
3443,264,264,0
3444,192,192,0
3445,71,71,0
3446,504,500,4
3447,87,87,0
3448,297,297,0
3449,242,239,3
3450,328,327,1
3451,55,55,0
3452,454,451,3
3453,190,189,1
3454,149,147,2
3455,71,70,1
3456,95,95,0
3457,846,844,2
3458,315,315,0
3459,125,125,0
3460,522,519,3
3461,156,154,2
3462,226,225,1
3463,115,115,0
3464,325,324,1
3465,188,187,1
3466,181,181,0
3467,365,362,3
3468,466,464,2
3469,158,155,3
3470,137,137,0
3471,197,195,2
3472,129,129,0
3473,110,109,1
3474,424,424,0
3475,208,204,4
3476,210,209,1
3477,123,122,1
3478,171,171,0
3479,199,195,4
3480,151,150,1
3481,252,252,0
3482,301,301,0
3483,173,173,0
3484,266,263,3
3485,151,151,0
3486,132,130,2
3487,181,181,0
3488,203,203,0
3489,361,360,1
3490,234,234,0
3491,134,134,0
3492,356,354,2
3493,161,160,1
3494,474,473,1
3495,209,204,5
3496,121,121,0
3497,303,301,2
3498,415,413,2
3499,123,123,0
3500,249,246,3
3501,110,109,1
3502,217,216,1
3503,57,57,0
3504,370,369,1
3505,200,198,2
3506,313,313,0
3507,157,157,0
3508,208,207,1
3509,136,134,2
3510,619,616,3
3511,136,136,0
3512,153,153,0
3513,142,142,0
3514,210,208,2
3515,313,313,0
3516,133,133,0
3517,131,131,0
3518,133,133,0
3519,162,161,1
3520,279,279,0
3521,516,510,6
3522,227,227,0
3523,119,119,0
3524,437,437,0
3525,999,993,6
3526,206,206,0
3527,211,211,0
3528,120,116,4
3529,81,79,2
3530,207,206,1
3531,141,141,0
3532,163,163,0
3533,133,131,2
3534,421,417,4
3535,179,178,1
3536,111,108,3
3537,209,208,1
3538,139,137,2
3539,244,243,1
3540,398,397,1
3541,182,182,0
3542,195,195,0
3543,755,748,7
3544,139,139,0
3545,205,205,0
3546,147,146,1
3547,387,384,3
3548,178,176,2
3549,310,309,1
3550,346,345,1
3551,130,130,0
3552,138,136,2
3553,690,689,1
3554,49,49,0
3555,145,145,0
3556,228,228,0
3557,112,111,1
3558,214,212,2
3559,198,198,0
3560,132,132,0
3561,406,405,1
3562,151,149,2
3563,438,426,12
3564,598,594,4
3565,262,260,2
3566,345,345,0
3567,125,125,0
3568,144,143,1
3569,236,235,1
3570,162,160,2
3571,126,126,0
3572,141,141,0
3573,130,130,0
3574,464,460,4
3575,252,252,0
3576,125,125,0
3577,688,684,4
3578,120,120,0
3579,224,223,1
3580,240,238,2
3581,338,337,1
3582,340,337,3
3583,100,100,0
3584,96,96,0
3585,230,227,3
3586,562,562,0
3587,762,758,4
3588,166,166,0
3589,600,600,0
3590,236,234,2
3591,190,190,0
3592,107,107,0
3593,365,365,0
3594,156,153,3
3595,133,133,0
3596,313,312,1
3597,284,284,0
3598,156,156,0
3599,493,490,3
3600,173,173,0
3601,142,142,0
3602,254,252,2
3603,956,948,8
3604,113,112,1
3605,270,270,0
3606,540,534,6
3607,115,112,3
3608,242,242,0
3609,128,128,0
3610,196,195,1
3611,119,113,6
3612,145,145,0
3613,230,228,2
3614,122,122,0
3615,257,257,0
3616,259,256,3
3617,609,607,2
3618,342,341,1
3619,169,169,0
3620,155,155,0
3621,48,48,0
3622,261,259,2
3623,90,90,0
3624,115,114,1
3625,172,170,2
3626,654,654,0
3627,137,137,0
3628,140,140,0
3629,554,550,4
3630,152,147,5
3631,130,130,0
3632,49,49,0
3633,118,118,0
3634,232,229,3
3635,343,341,2
3636,128,128,0
3637,447,441,6
3638,84,84,0
3639,119,117,2
3640,500,498,2
3641,249,246,3
3642,63,63,0
3643,138,138,0
3644,327,327,0
3645,449,443,6
3646,285,284,1
3647,39,37,2
3648,125,125,0
3649,249,248,1
3650,150,149,1
3651,339,339,0
3652,171,171,0
3653,128,128,0
3654,138,137,1
3655,294,292,2
3656,167,166,1
3657,441,440,1
3658,271,271,0
3659,259,259,0
3660,422,420,2
3661,593,591,2
3662,302,301,1
3663,181,181,0
3664,109,107,2
3665,87,87,0
3666,182,182,0
3667,330,329,1
3668,530,530,0
3669,198,198,0
3670,184,182,2
3671,518,510,8
3672,63,63,0
3673,202,200,2
3674,141,136,5
3675,133,132,1
3676,125,125,0
3677,584,583,1
3678,98,98,0
3679,32,32,0
3680,137,137,0
3681,41,39,2
3682,141,141,0
3683,226,224,2
3684,177,175,2
3685,138,136,2
3686,329,322,7
3687,48,48,0
3688,146,146,0
3689,167,167,0
3690,117,117,0
3691,98,98,0
3692,250,245,5
3693,118,117,1
3694,167,167,0
3695,140,140,0
3696,295,291,4
3697,170,167,3
3698,175,171,4
3699,224,222,2
3700,247,245,2
3701,223,223,0
3702,510,510,0
3703,220,219,1
3704,164,164,0
3705,212,210,2
3706,347,346,1
3707,298,296,2
3708,245,245,0
3709,98,98,0
3710,132,132,0
3711,274,273,1
3712,489,487,2
3713,184,184,0
3714,155,153,2
3715,199,199,0
3716,210,210,0
3717,155,155,0
3718,641,637,4
3719,658,653,5
3720,157,157,0
3721,133,132,1
3722,148,148,0
3723,183,183,0
3724,302,296,6
3725,189,181,8
3726,126,126,0
3727,182,179,3
3728,228,228,0
3729,130,130,0
3730,168,168,0
3731,275,274,1
3732,110,110,0
3733,145,145,0
3734,268,268,0
3735,521,519,2
3736,141,141,0
3737,378,374,4
3738,109,108,1
3739,127,127,0
3740,157,157,0
3741,115,115,0
3742,1178,1174,4
3743,132,132,0
3744,55,55,0
3745,124,124,0
3746,145,143,2
3747,364,362,2
3748,121,121,0
3749,156,156,0
3750,279,275,4
3751,393,389,4
3752,155,154,1
3753,169,169,0
3754,96,96,0
3755,617,616,1
3756,148,148,0
3757,297,297,0
3758,195,195,0
3759,255,254,1
3760,193,193,0
3761,137,137,0
3762,42,42,0
3763,130,130,0
3764,140,140,0
3765,206,205,1
3766,284,283,1
3767,62,62,0
3768,152,145,7
3769,88,88,0
3770,69,69,0
3771,93,92,1
3772,73,73,0
3773,444,426,18
3774,125,123,2
3775,158,158,0
3776,118,116,2
3777,249,249,0
3778,61,61,0
3779,249,247,2
3780,148,148,0
3781,128,128,0
3782,143,143,0
3783,226,218,8
3784,191,189,2
3785,207,206,1
3786,251,251,0
3787,242,241,1
3788,96,94,2
3789,230,229,1
3790,198,197,1
3791,286,285,1
3792,333,332,1
3793,260,258,2
3794,106,105,1
3795,180,180,0
3796,142,142,0
3797,201,201,0
3798,112,112,0
3799,106,105,1
3800,204,204,0
3801,121,120,1
3802,349,340,9
3803,195,195,0
3804,322,318,4
3805,527,525,2
3806,394,394,0
3807,817,809,8
3808,309,308,1
3809,613,608,5
3810,245,245,0
3811,449,447,2
3812,90,88,2
3813,125,123,2
3814,112,111,1
3815,169,169,0
3816,207,207,0
3817,114,114,0
3818,43,43,0
3819,32,31,1
3820,40,40,0
3821,333,333,0
3822,22,21,1
3823,226,226,0
3824,141,141,0
3825,59,59,0
3826,47,46,1
3827,143,143,0
3828,272,271,1
3829,405,402,3
3830,225,225,0
3831,655,650,5
3832,190,189,1
3833,228,228,0
3834,361,356,5
3835,153,153,0
3836,296,292,4
3837,168,166,2
3838,70,70,0
3839,168,166,2
3840,191,189,2
3841,300,300,0
3842,129,128,1
3843,119,119,0
3844,677,674,3
3845,346,346,0
3846,259,258,1
3847,209,208,1
3848,133,132,1
3849,205,204,1
3850,219,218,1
3851,132,132,0
3852,138,138,0
3853,244,242,2
3854,121,120,1
3855,146,145,1
3856,508,506,2
3857,151,150,1
3858,67,67,0
3859,59,59,0
3860,112,112,0
3861,94,93,1
3862,340,340,0
3863,270,270,0
3864,474,468,6
3865,189,189,0
3866,283,281,2
3867,164,163,1
3868,456,456,0
3869,165,165,0
3870,212,212,0
3871,247,244,3
3872,175,175,0
3873,115,114,1
3874,431,420,11
3875,130,130,0
3876,139,132,7
3877,122,120,2
3878,316,308,8
3879,131,131,0
3880,97,96,1
3881,240,240,0
3882,133,133,0
3883,317,309,8
3884,145,144,1
3885,135,133,2
3886,126,126,0
3887,236,236,0
3888,291,288,3
3889,341,341,0
3890,121,119,2
3891,258,258,0
3892,251,250,1
3893,323,321,2
3894,83,81,2
3895,149,148,1
3896,387,385,2
3897,163,163,0
3898,162,160,2
3899,1023,1018,5
3900,76,76,0
3901,206,204,2
3902,29,29,0
3903,44,44,0
3904,108,107,1
3905,704,698,6
3906,827,823,4
3907,231,231,0
3908,811,810,1
3909,181,181,0
3910,52,52,0
3911,59,58,1
3912,125,125,0
3913,102,101,1
3914,552,546,6
3915,237,237,0
3916,409,406,3
3917,267,265,2
3918,84,83,1
3919,247,242,5
3920,115,114,1
3921,97,96,1
3922,267,266,1
3923,298,294,4
3924,218,216,2
3925,189,189,0
3926,160,160,0
3927,190,189,1
3928,68,68,0
3929,67,67,0
3930,202,201,1
3931,115,115,0
3932,290,287,3
3933,224,223,1
3934,115,113,2
3935,197,192,5
3936,186,185,1
3937,149,148,1
3938,153,149,4
3939,237,234,3
3940,60,60,0
3941,275,266,9
3942,326,324,2
3943,127,126,1
3944,127,127,0
3945,122,122,0
3946,131,131,0
3947,131,131,0
3948,167,167,0
3949,154,154,0
3950,232,232,0
3951,243,242,1
3952,183,183,0
3953,195,195,0
3954,170,170,0
3955,194,192,2
3956,194,194,0
3957,103,102,1
3958,109,108,1
3959,166,166,0
3960,302,301,1
3961,75,75,0
3962,130,130,0
3963,54,54,0
3964,218,216,2
3965,209,206,3
3966,46,46,0
3967,155,155,0
3968,317,316,1
3969,546,545,1
3970,190,189,1
3971,81,81,0
3972,105,105,0
3973,105,105,0
3974,310,310,0
3975,191,191,0
3976,153,152,1
3977,130,130,0
3978,140,140,0
3979,195,193,2
3980,309,309,0
3981,166,166,0
3982,122,121,1
3983,176,176,0
3984,516,514,2
3985,391,390,1
3986,120,120,0
3987,162,160,2
3988,146,146,0
3989,127,127,0
3990,152,152,0
3991,234,233,1
3992,125,123,2
3993,280,280,0
3994,106,106,0
3995,199,197,2
3996,120,120,0
3997,289,287,2
3998,113,113,0
3999,137,137,0
4000,161,159,2
4001,193,193,0
4002,453,448,5
4003,819,812,7
4004,140,140,0
4005,158,158,0
4006,178,178,0
4007,437,435,2
4008,193,193,0
4009,210,210,0
4010,40,40,0
4011,156,153,3
4012,138,132,6
4013,985,978,7
4014,225,224,1
4015,119,117,2
4016,135,133,2
4017,142,142,0
4018,144,141,3
4019,132,130,2
4020,57,57,0
4021,205,204,1
4022,132,132,0
4023,147,147,0
4024,122,122,0
4025,594,593,1
4026,876,865,11
4027,111,111,0
4028,356,351,5
4029,144,143,1
4030,115,114,1
4031,168,167,1
4032,50,50,0
4033,120,120,0
4034,161,161,0
4035,172,172,0
4036,708,700,8
4037,361,360,1
4038,367,360,7
4039,490,487,3
4040,213,212,1
4041,177,177,0
4042,125,125,0
4043,340,337,3
4044,151,150,1
4045,131,131,0
4046,101,96,5
4047,55,54,1
4048,61,61,0
4049,98,98,0
4050,104,103,1
4051,231,231,0
4052,106,105,1
4053,172,172,0
4054,161,161,0
4055,172,172,0
4056,228,225,3
4057,110,109,1
4058,135,135,0
4059,456,455,1
4060,107,106,1
4061,359,356,3
4062,178,177,1
4063,118,118,0
4064,210,206,4
4065,152,152,0
4066,162,162,0
4067,138,136,2
4068,215,214,1
4069,160,159,1
4070,203,203,0
4071,139,139,0
4072,146,146,0
4073,109,108,1
4074,130,130,0
4075,156,155,1
4076,67,66,1
4077,119,119,0
4078,171,169,2
4079,403,403,0
4080,157,156,1
4081,297,297,0
4082,61,61,0
4083,157,157,0
4084,186,184,2
4085,181,180,1
4086,117,117,0
4087,162,161,1
4088,131,130,1
4089,375,374,1
4090,158,156,2
4091,238,238,0
4092,271,271,0
4093,188,188,0
4094,162,161,1
4095,144,144,0
4096,192,190,2
4097,246,245,1
4098,567,563,4
4099,103,102,1
4100,170,168,2
4101,462,461,1
4102,121,119,2
4103,280,280,0
4104,118,118,0
4105,200,196,4
4106,119,119,0
4107,154,154,0
4108,232,231,1
4109,132,131,1
4110,104,104,0
4111,158,158,0
4112,169,169,0
4113,79,79,0
4114,130,130,0
4115,126,124,2
4116,155,155,0
4117,142,142,0
4118,280,278,2
4119,306,303,3
4120,150,146,4
4121,192,192,0
4122,123,122,1
4123,289,287,2
4124,519,517,2
4125,377,377,0
4126,138,137,1
4127,622,617,5
4128,128,128,0
4129,172,170,2
4130,224,224,0
4131,17,17,0
4132,178,178,0
4133,77,77,0
4134,180,180,0
4135,51,51,0
4136,410,410,0
4137,377,376,1
4138,55,55,0
4139,998,991,7
4140,404,399,5
4141,552,552,0
4142,194,193,1
4143,147,147,0
4144,414,414,0
4145,139,139,0
4146,107,103,4
4147,522,520,2
4148,240,230,10
4149,655,655,0
4150,189,186,3
4151,199,198,1
4152,87,86,1
4153,178,178,0
4154,188,187,1
4155,249,248,1
4156,244,242,2
4157,180,180,0
4158,162,162,0
4159,196,194,2
4160,179,177,2
4161,115,113,2
4162,320,320,0
4163,304,302,2
4164,115,112,3
4165,101,101,0
4166,60,59,1
4167,258,253,5
4168,345,343,2
4169,341,341,0
4170,285,285,0
4171,129,129,0
4172,311,310,1
4173,275,274,1
4174,476,475,1
4175,169,168,1
4176,114,114,0
4177,120,116,4
4178,254,254,0
4179,187,187,0
4180,190,190,0
4181,140,140,0
4182,148,148,0
4183,252,252,0
4184,458,458,0
4185,257,254,3
4186,227,227,0
4187,369,369,0
4188,287,280,7
4189,140,140,0
4190,249,249,0
4191,150,150,0
4192,261,259,2
4193,145,145,0
4194,273,268,5
4195,179,176,3
4196,161,160,1
4197,34,34,0
4198,409,407,2
4199,163,162,1
4200,125,125,0
4201,114,113,1
4202,364,364,0
4203,464,463,1
4204,238,236,2
4205,177,176,1
4206,384,384,0
4207,80,80,0
4208,216,214,2
4209,334,330,4
4210,766,765,1
4211,302,301,1
4212,407,406,1
4213,152,152,0
4214,801,796,5
4215,979,977,2
4216,217,217,0
4217,231,231,0
4218,195,194,1
4219,527,523,4
4220,142,141,1
4221,411,411,0
4222,117,117,0
4223,205,204,1
4224,141,139,2
4225,41,41,0
4226,36,36,0
4227,95,95,0
4228,216,214,2
4229,229,229,0
4230,189,188,1
4231,421,411,10
4232,417,415,2
4233,113,113,0
4234,152,146,6
4235,304,304,0
4236,270,268,2
4237,60,60,0
4238,146,146,0
4239,184,184,0
4240,476,473,3
4241,247,246,1
4242,56,56,0
4243,530,527,3
4244,144,144,0
4245,69,68,1
4246,143,143,0
4247,258,257,1
4248,194,194,0
4249,357,355,2
4250,302,302,0
4251,139,139,0
4252,131,130,1
4253,548,542,6
4254,626,625,1
4255,137,132,5
4256,152,151,1
4257,729,725,4
4258,143,142,1
4259,224,221,3
4260,335,332,3
4261,163,163,0
4262,54,54,0
4263,155,155,0
4264,159,159,0
4265,412,410,2
4266,235,235,0
4267,126,126,0
4268,438,436,2
4269,183,183,0
4270,82,82,0
4271,142,135,7
4272,54,54,0
4273,96,96,0
4274,92,92,0
4275,225,224,1
4276,70,70,0
4277,174,174,0
4278,743,725,18
4279,486,474,12
4280,43,42,1
4281,277,271,6
4282,101,101,0
4283,68,68,0
4284,171,171,0
4285,124,124,0
4286,192,192,0
4287,172,172,0
4288,118,118,0
4289,249,246,3
4290,105,105,0
4291,131,131,0
4292,139,139,0
4293,205,204,1
4294,396,396,0
4295,158,158,0
4296,121,118,3
4297,378,377,1
4298,256,256,0
4299,66,66,0
4300,289,288,1
4301,117,117,0
4302,198,196,2
4303,153,153,0
4304,189,188,1
4305,186,186,0
4306,365,365,0
4307,424,422,2
4308,217,213,4
4309,131,130,1
4310,758,756,2
4311,129,129,0
4312,234,233,1
4313,384,383,1
4314,127,127,0
4315,413,410,3
4316,218,216,2
4317,229,229,0
4318,324,324,0
4319,81,81,0
4320,461,459,2
4321,208,208,0
4322,148,147,1
4323,136,135,1
4324,144,143,1
4325,171,170,1
4326,164,164,0
4327,171,171,0
4328,342,342,0
4329,280,276,4
4330,127,127,0
4331,76,75,1
4332,256,256,0
4333,176,174,2
4334,136,136,0
4335,268,268,0
4336,298,297,1
4337,178,175,3
4338,768,767,1
4339,925,925,0
4340,223,223,0
4341,133,133,0
4342,644,643,1
4343,373,372,1
4344,146,146,0
4345,338,338,0
4346,1598,1587,11
4347,442,440,2
4348,121,121,0
4349,676,675,1
4350,978,975,3
4351,291,291,0
4352,428,425,3
4353,69,66,3
4354,172,172,0
4355,49,48,1
4356,407,390,17
4357,123,123,0
4358,140,140,0
4359,120,119,1
4360,48,48,0
4361,157,154,3
4362,40,40,0
4363,269,269,0
4364,117,117,0
4365,159,158,1
4366,474,472,2
4367,238,237,1
4368,418,415,3
4369,137,135,2
4370,49,49,0
4371,32,32,0
4372,70,69,1
4373,155,151,4
4374,94,91,3
4375,143,142,1
4376,137,136,1
4377,104,100,4
4378,153,150,3
4379,272,268,4
4380,111,111,0
4381,166,166,0
4382,209,205,4
4383,816,806,10
4384,274,270,4
4385,34,33,1
4386,219,218,1
4387,120,120,0
4388,244,241,3
4389,591,586,5
4390,718,714,4
4391,566,561,5
4392,150,148,2
4393,211,210,1
4394,243,239,4
4395,129,129,0
4396,160,160,0
4397,258,257,1
4398,731,731,0
4399,141,140,1
4400,223,222,1
4401,385,385,0
4402,385,380,5
4403,310,306,4
4404,147,146,1
4405,231,230,1
4406,100,99,1
4407,150,149,1
4408,108,107,1
4409,506,503,3
4410,130,129,1
4411,471,471,0
4412,154,153,1
4413,108,108,0
4414,143,143,0
4415,264,263,1
4416,245,245,0
4417,76,76,0
4418,217,217,0
4419,143,143,0
4420,156,156,0
4421,161,160,1
4422,217,217,0
4423,122,122,0
4424,315,313,2
4425,698,693,5
4426,597,597,0
4427,719,716,3
4428,503,500,3
4429,284,284,0
4430,146,145,1
4431,451,449,2
4432,166,165,1
4433,195,195,0
4434,432,429,3
4435,118,118,0
4436,437,436,1
4437,585,583,2
4438,132,132,0
4439,363,363,0
4440,486,485,1
4441,59,59,0
4442,99,98,1
4443,203,201,2
4444,90,90,0
4445,39,39,0
4446,151,149,2
4447,62,60,2
4448,147,146,1
4449,62,61,1
4450,88,88,0
4451,115,113,2
4452,184,184,0
4453,179,178,1
4454,166,163,3
4455,342,342,0
4456,172,172,0
4457,147,146,1
4458,104,104,0
4459,512,505,7
4460,247,247,0
4461,467,462,5
4462,78,77,1
4463,144,141,3
4464,468,467,1
4465,130,129,1
4466,114,113,1
4467,372,370,2
4468,505,500,5
4469,420,417,3
4470,202,201,1
4471,186,183,3
4472,622,619,3
4473,649,647,2
4474,267,267,0
4475,293,293,0
4476,434,430,4
4477,122,122,0
4478,116,116,0
4479,133,133,0
4480,141,140,1
4481,125,124,1
4482,134,134,0
4483,159,159,0
4484,214,212,2
4485,245,241,4
4486,134,133,1
4487,140,138,2
4488,282,272,10
4489,233,232,1
4490,117,117,0
4491,136,136,0
4492,124,124,0
4493,142,139,3
4494,121,121,0
4495,218,216,2
4496,117,117,0
4497,443,443,0
4498,154,154,0
4499,337,332,5
4500,275,272,3
4501,380,376,4
4502,194,188,6
4503,108,107,1
4504,149,147,2
4505,266,266,0
4506,244,243,1
4507,81,80,1
4508,189,188,1
4509,474,473,1
4510,363,359,4
4511,64,64,0
4512,177,176,1
4513,177,176,1
4514,264,263,1
4515,64,64,0
4516,380,378,2
4517,346,346,0
4518,285,285,0
4519,441,438,3
4520,225,224,1
4521,69,69,0
4522,377,376,1
4523,841,833,8
4524,571,569,2
4525,500,489,11
4526,353,351,2
4527,359,358,1
4528,549,543,6
4529,169,167,2
4530,140,140,0
4531,271,270,1
4532,146,140,6
4533,58,58,0
4534,249,248,1
4535,147,146,1
4536,153,153,0
4537,129,129,0
4538,254,253,1
4539,537,537,0
4540,341,335,6
4541,138,137,1
4542,153,151,2
4543,319,319,0
4544,182,182,0
4545,296,293,3
4546,109,106,3
4547,212,212,0
4548,627,620,7
4549,738,732,6
4550,187,187,0
4551,254,251,3
4552,339,338,1
4553,341,340,1
4554,169,168,1
4555,73,73,0
4556,151,151,0
4557,262,261,1
4558,150,149,1
4559,287,287,0
4560,216,215,1
4561,170,168,2
4562,162,162,0
4563,848,848,0
4564,131,130,1
4565,122,122,0
4566,125,125,0
4567,314,313,1
4568,426,426,0
4569,354,352,2
4570,554,553,1
4571,335,332,3
4572,474,473,1
4573,202,202,0
4574,245,242,3
4575,142,140,2
4576,156,156,0
4577,125,125,0
4578,175,174,1
4579,142,142,0
4580,257,254,3
4581,224,224,0
4582,166,165,1
4583,137,136,1
4584,134,134,0
4585,318,318,0
4586,245,244,1
4587,158,157,1
4588,350,347,3
4589,808,808,0
4590,223,223,0
4591,353,351,2
4592,402,400,2
4593,169,169,0
4594,107,106,1
4595,156,156,0
4596,74,71,3
4597,133,133,0
4598,140,139,1
4599,523,516,7
4600,234,233,1
4601,186,183,3
4602,230,230,0
4603,410,405,5
4604,372,372,0
4605,423,423,0
4606,632,628,4
4607,118,117,1
4608,122,120,2
4609,147,145,2
4610,354,353,1
4611,377,375,2
4612,214,214,0
4613,636,631,5
4614,104,101,3
4615,196,194,2
4616,143,143,0
4617,150,148,2
4618,71,70,1
4619,123,123,0
4620,98,96,2
4621,138,138,0
4622,218,216,2
4623,205,203,2
4624,355,355,0
4625,205,202,3
4626,248,245,3
4627,223,220,3
4628,116,114,2
4629,63,63,0
4630,143,143,0
4631,122,121,1
4632,143,143,0
4633,44,44,0
4634,73,72,1
4635,241,241,0
4636,127,126,1
4637,119,118,1
4638,113,112,1
4639,59,58,1
4640,114,111,3
4641,134,134,0
4642,58,58,0
4643,122,122,0
4644,118,117,1
4645,148,148,0
4646,137,135,2
4647,47,47,0
4648,70,67,3
4649,149,148,1
4650,218,218,0
4651,125,125,0
4652,51,51,0
4653,144,144,0
4654,105,105,0
4655,128,128,0
4656,125,125,0
4657,115,115,0
4658,129,129,0
4659,141,140,1
4660,155,155,0
4661,75,75,0
4662,151,149,2
4663,188,186,2
4664,484,481,3
4665,230,226,4
4666,165,165,0
4667,99,98,1
4668,124,123,1
4669,42,42,0
4670,114,113,1
4671,300,299,1
4672,350,350,0
4673,46,46,0
4674,97,94,3
4675,111,109,2
4676,136,136,0
4677,237,236,1
4678,78,77,1
4679,351,348,3
4680,43,43,0
4681,117,117,0
4682,68,68,0
4683,69,69,0
4684,52,52,0
4685,58,58,0
4686,134,133,1
4687,243,243,0
4688,152,152,0
4689,171,171,0
4690,132,132,0
4691,120,120,0
4692,118,117,1
4693,152,152,0
4694,57,57,0
4695,181,181,0
4696,159,159,0
4697,210,210,0
4698,67,67,0
4699,141,141,0
4700,301,299,2
4701,213,213,0
4702,85,84,1
4703,275,275,0
4704,209,206,3
4705,157,154,3
4706,80,80,0
4707,168,168,0
4708,114,114,0
4709,81,81,0
4710,492,492,0
4711,53,52,1
4712,123,123,0
4713,84,84,0
4714,798,791,7
4715,51,51,0
4716,315,313,2
4717,226,226,0
4718,158,156,2
4719,272,271,1
4720,118,115,3
4721,682,673,9
4722,117,115,2
4723,633,625,8
4724,56,56,0
4725,93,93,0
4726,71,71,0
4727,155,155,0
4728,318,314,4
4729,256,256,0
4730,467,463,4
4731,135,135,0
4732,253,252,1
4733,332,328,4
4734,320,318,2
4735,232,232,0
4736,75,75,0
4737,252,250,2
4738,124,124,0
4739,121,121,0
4740,271,269,2
4741,220,218,2
4742,118,116,2
4743,228,226,2
4744,153,153,0
4745,462,457,5
4746,142,140,2
4747,149,146,3
4748,203,201,2
4749,147,147,0
4750,317,313,4
4751,260,260,0
4752,352,349,3
4753,460,455,5
4754,118,118,0
4755,77,77,0
4756,131,128,3
4757,246,246,0
4758,45,45,0
4759,62,61,1
4760,121,119,2
4761,224,224,0
4762,155,154,1
4763,1002,993,9
4764,776,772,4
4765,579,574,5
4766,198,196,2
4767,395,392,3
4768,942,936,6
4769,261,258,3
4770,425,415,10
4771,132,131,1
4772,197,190,7
4773,305,304,1
4774,55,55,0
4775,121,121,0
4776,454,452,2
4777,180,178,2
4778,62,61,1
4779,48,48,0
4780,106,106,0
4781,210,210,0
4782,164,164,0
4783,321,317,4
4784,152,152,0
4785,118,118,0
4786,100,100,0
4787,437,437,0
4788,137,135,2
4789,408,406,2
4790,259,259,0
4791,156,156,0
4792,187,187,0
4793,70,69,1
4794,63,63,0
4795,67,67,0
4796,187,187,0
4797,290,289,1
4798,1017,1012,5
4799,88,87,1
4800,76,75,1
4801,64,64,0
4802,114,114,0
4803,177,177,0
4804,327,327,0
4805,139,139,0
4806,384,381,3
4807,123,123,0
4808,123,122,1
4809,125,124,1
4810,206,205,1
4811,117,117,0
4812,116,116,0
4813,130,130,0
4814,106,105,1
4815,232,231,1
4816,179,179,0
4817,105,104,1
4818,131,130,1
4819,137,137,0
4820,165,165,0
4821,422,422,0
4822,263,262,1
4823,273,272,1
4824,149,148,1
4825,140,140,0
4826,270,270,0
4827,272,272,0
4828,152,152,0
4829,135,135,0
4830,173,173,0
4831,99,98,1
4832,66,66,0
4833,127,126,1
4834,167,167,0
4835,576,572,4
4836,161,160,1
4837,153,152,1
4838,233,232,1
4839,399,398,1
4840,287,285,2
4841,191,190,1
4842,220,220,0
4843,336,334,2
4844,749,744,5
4845,136,135,1
4846,392,387,5
4847,714,708,6
4848,574,568,6
4849,225,223,2
4850,466,463,3
4851,279,278,1
4852,270,270,0
4853,207,206,1
4854,323,323,0
4855,484,483,1
4856,218,218,0
4857,990,989,1
4858,996,991,5
4859,118,118,0
4860,423,422,1
4861,192,192,0
4862,201,201,0
4863,139,139,0
4864,213,212,1
4865,123,123,0
4866,327,323,4
4867,305,304,1
4868,91,91,0
4869,191,191,0
4870,48,47,1
4871,115,114,1
4872,139,139,0
4873,98,98,0
4874,856,853,3
4875,294,294,0
4876,620,617,3
4877,164,164,0
4878,50,50,0
4879,309,306,3
4880,195,195,0
4881,142,142,0
4882,142,142,0
4883,593,592,1
4884,135,134,1
4885,111,109,2
4886,234,233,1
4887,425,424,1
4888,161,159,2
4889,993,988,5
4890,221,220,1
4891,122,122,0
4892,209,207,2
4893,160,159,1
4894,120,120,0
4895,202,202,0
4896,223,223,0
4897,308,306,2
4898,311,309,2
4899,128,128,0
4900,163,163,0
4901,192,191,1
4902,472,472,0
4903,433,430,3
4904,131,131,0
4905,225,224,1
4906,235,235,0
4907,334,334,0
4908,147,147,0
4909,235,235,0
4910,172,170,2
4911,127,127,0
4912,104,104,0
4913,114,114,0
4914,110,110,0
4915,134,134,0
4916,148,148,0
4917,174,174,0
4918,150,150,0
4919,121,120,1
4920,220,218,2
4921,152,151,1
4922,217,216,1
4923,115,113,2
4924,270,264,6
4925,614,611,3
4926,106,103,3
4927,124,124,0
4928,121,120,1
4929,241,241,0
4930,254,253,1
4931,322,322,0
4932,124,123,1
4933,246,246,0
4934,209,203,6
4935,125,124,1
4936,222,219,3
4937,208,206,2
4938,227,226,1
4939,228,226,2
4940,289,288,1
4941,301,299,2
4942,223,221,2
4943,34,34,0
4944,408,403,5
4945,196,193,3
4946,147,147,0
4947,104,104,0
4948,107,107,0
4949,47,47,0
4950,74,74,0
4951,59,58,1
4952,207,203,4
4953,43,43,0
4954,76,76,0
4955,925,913,12
4956,134,131,3
4957,105,105,0
4958,216,216,0
4959,118,118,0
4960,108,108,0
4961,128,128,0
4962,314,311,3
4963,228,228,0
4964,654,648,6
4965,410,410,0
4966,457,455,2
4967,136,135,1
4968,153,153,0
4969,109,109,0
4970,109,109,0
4971,268,264,4
4972,81,80,1
4973,235,233,2
4974,219,219,0
4975,244,244,0
4976,508,502,6
4977,114,113,1
4978,275,274,1
4979,230,230,0
4980,125,118,7
4981,94,87,7
4982,114,114,0
4983,111,108,3
4984,142,141,1
4985,277,277,0
4986,155,154,1
4987,437,434,3
4988,107,107,0
4989,71,71,0
4990,201,201,0
4991,124,124,0
4992,188,188,0
4993,227,226,1
4994,495,495,0
4995,204,203,1
4996,19,19,0
4997,55,55,0
4998,298,297,1
4999,241,241,0
5000,277,271,6
5001,201,200,1
5002,240,235,5
5003,65,65,0
5004,40,40,0
5005,228,228,0
5006,55,55,0
5007,249,249,0
5008,68,68,0
5009,212,212,0
5010,99,98,1
5011,108,103,5
5012,101,100,1
5013,125,125,0
5014,237,237,0
5015,423,422,1
5016,105,104,1
5017,184,184,0
5018,47,47,0
5019,139,139,0
5020,177,176,1
5021,279,274,5
5022,103,102,1
5023,187,186,1
5024,337,335,2
5025,147,146,1
5026,131,130,1
5027,652,648,4
5028,306,305,1
5029,136,136,0
5030,140,139,1
5031,291,288,3
5032,272,253,19
5033,187,187,0
5034,147,147,0
5035,67,66,1
5036,141,141,0
5037,476,474,2
5038,518,517,1
5039,88,87,1
5040,668,667,1
5041,201,201,0
5042,473,473,0
5043,206,205,1
5044,199,198,1
5045,217,216,1
5046,360,360,0
5047,229,224,5
5048,370,343,27
5049,68,67,1
5050,108,108,0
5051,146,141,5
5052,128,128,0
5053,78,77,1
5054,157,153,4
5055,436,436,0
5056,166,164,2
5057,116,114,2
5058,201,199,2
5059,39,39,0
5060,239,237,2
5061,196,190,6
5062,405,401,4
5063,201,199,2
5064,428,428,0
5065,216,216,0
5066,140,140,0
5067,196,193,3
5068,151,150,1
5069,260,260,0
5070,83,83,0
5071,35,35,0
5072,115,115,0
5073,130,130,0
5074,110,108,2
5075,217,213,4
5076,149,149,0
5077,124,121,3
5078,155,155,0
5079,115,115,0
5080,180,180,0
5081,176,175,1
5082,163,158,5
5083,162,162,0
5084,452,450,2
5085,218,216,2
5086,161,160,1
5087,283,281,2
5088,104,104,0
5089,155,155,0
5090,706,699,7
5091,445,439,6
5092,145,145,0
5093,144,144,0
5094,277,277,0
5095,974,966,8
5096,546,546,0
5097,110,109,1
5098,358,357,1
5099,154,154,0
5100,463,461,2
5101,129,129,0
5102,240,240,0
5103,158,157,1
5104,113,113,0
5105,306,304,2
5106,304,301,3
5107,225,225,0
5108,449,446,3
5109,224,222,2
5110,115,113,2
5111,218,218,0
5112,111,111,0
5113,119,118,1
5114,132,131,1
5115,156,154,2
5116,175,174,1
5117,181,179,2
5118,164,161,3
5119,150,150,0
5120,244,239,5
5121,190,190,0
5122,310,302,8
5123,375,375,0
5124,395,394,1
5125,264,260,4
5126,141,141,0
5127,432,423,9
5128,153,153,0
5129,138,138,0
5130,275,274,1
5131,137,137,0
5132,581,573,8
5133,379,375,4
5134,943,911,32
5135,347,342,5
5136,723,718,5
5137,242,242,0
5138,146,146,0
5139,120,119,1
5140,156,154,2
5141,115,115,0
5142,114,114,0
5143,421,416,5
5144,184,183,1
5145,69,69,0
5146,145,144,1
5147,214,213,1
5148,171,170,1
5149,106,106,0
5150,312,312,0
5151,160,159,1
5152,346,343,3
5153,492,492,0
5154,107,107,0
5155,257,254,3
5156,377,371,6
5157,201,200,1
5158,388,387,1
5159,215,214,1
5160,282,281,1
5161,130,130,0
5162,205,203,2
5163,300,299,1
5164,250,250,0
5165,160,159,1
5166,181,174,7
5167,237,235,2
5168,125,125,0
5169,702,691,11
5170,281,278,3
5171,406,402,4
5172,127,127,0
5173,123,122,1
5174,261,259,2
5175,224,221,3
5176,337,334,3
5177,56,55,1
5178,839,834,5
5179,110,110,0
5180,89,88,1
5181,233,231,2
5182,217,211,6
5183,136,132,4
5184,674,667,7
5185,240,237,3
5186,111,110,1
5187,229,228,1
5188,73,73,0
5189,118,117,1
5190,129,128,1
5191,551,547,4
5192,169,169,0
5193,216,215,1
5194,682,681,1
5195,206,206,0
5196,194,194,0
5197,154,150,4
5198,136,134,2
5199,56,56,0
5200,214,214,0
5201,302,284,18
5202,225,220,5
5203,157,154,3
5204,127,126,1
5205,146,144,2
5206,140,139,1
5207,170,170,0
5208,297,295,2
5209,597,594,3
5210,425,418,7
5211,189,189,0
5212,141,141,0
5213,99,96,3
5214,279,279,0
5215,555,552,3
5216,391,388,3
5217,812,810,2
5218,940,937,3
5219,170,168,2
5220,673,649,24
5221,104,104,0
5222,196,196,0
5223,183,181,2
5224,126,126,0
5225,348,346,2
5226,310,309,1
5227,345,344,1
5228,246,245,1
5229,390,389,1
5230,185,184,1
5231,214,214,0
5232,109,109,0
5233,158,157,1
5234,179,178,1
5235,556,550,6
5236,283,283,0
5237,177,176,1
5238,325,324,1
5239,152,152,0
5240,273,270,3
5241,137,137,0
5242,165,165,0
5243,162,161,1
5244,379,378,1
5245,172,171,1
5246,149,148,1
5247,98,98,0
5248,63,63,0
5249,391,390,1
5250,176,176,0
5251,191,185,6
5252,170,169,1
5253,126,126,0
5254,116,116,0
5255,131,113,18
5256,879,847,32
5257,162,159,3
5258,55,55,0
5259,187,187,0
5260,78,78,0
5261,73,73,0
5262,726,717,9
5263,913,906,7
5264,137,136,1
5265,229,226,3
5266,59,59,0
5267,68,67,1
5268,76,76,0
5269,113,113,0
5270,147,146,1
5271,37,37,0
5272,103,103,0
5273,109,108,1
5274,58,58,0
5275,171,171,0
5276,254,254,0
5277,296,296,0
5278,392,391,1
5279,103,103,0
5280,129,129,0
5281,202,196,6
5282,117,117,0
5283,206,205,1
5284,229,227,2
5285,257,254,3
5286,209,209,0
5287,127,126,1
5288,177,177,0
5289,196,196,0
5290,73,63,10
5291,41,40,1
5292,126,124,2
5293,47,47,0
5294,152,152,0
5295,124,124,0
5296,577,575,2
5297,28,28,0
5298,584,581,3
5299,126,125,1
5300,219,218,1
5301,150,148,2
5302,407,407,0
5303,132,132,0
5304,191,185,6
5305,625,618,7
5306,627,623,4
5307,366,366,0
5308,367,362,5
5309,285,285,0
5310,160,160,0
5311,475,474,1
5312,291,291,0
5313,368,368,0
5314,193,192,1
5315,232,232,0
5316,367,365,2
5317,117,117,0
5318,172,172,0
5319,905,898,7
5320,180,180,0
5321,413,407,6
5322,150,150,0
5323,293,291,2
5324,439,438,1
5325,1022,1020,2
5326,132,132,0
5327,300,300,0
5328,167,166,1
5329,140,140,0
5330,175,174,1
5331,482,481,1
5332,749,748,1
5333,108,108,0
5334,482,476,6
5335,152,150,2
5336,251,251,0
5337,126,126,0
5338,797,794,3
5339,128,128,0
5340,54,54,0
5341,120,119,1
5342,253,252,1
5343,130,130,0
5344,220,220,0
5345,260,259,1
5346,295,295,0
5347,543,540,3
5348,719,714,5
5349,289,283,6
5350,226,224,2
5351,376,373,3
5352,104,104,0
5353,67,65,2
5354,120,120,0
5355,57,56,1
5356,131,131,0
5357,421,415,6
5358,94,94,0
5359,618,616,2
5360,324,322,2
5361,519,517,2
5362,142,142,0
5363,70,69,1
5364,514,514,0
5365,129,129,0
5366,216,216,0
5367,148,147,1
5368,280,279,1
5369,63,62,1
5370,169,168,1
5371,154,154,0
5372,182,181,1
5373,110,110,0
5374,138,138,0
5375,155,155,0
5376,130,129,1
5377,72,72,0
5378,208,208,0
5379,93,92,1
5380,74,74,0
5381,171,170,1
5382,46,46,0
5383,243,242,1
5384,131,128,3
5385,107,107,0
5386,111,111,0
5387,167,167,0
5388,129,129,0
5389,177,177,0
5390,195,194,1
5391,292,292,0
5392,220,220,0
5393,155,155,0
5394,147,147,0
5395,195,195,0
5396,271,271,0
5397,230,230,0
5398,173,173,0
5399,243,239,4
5400,171,170,1
5401,137,137,0
5402,767,760,7
5403,318,317,1
5404,141,139,2
5405,251,251,0
5406,477,477,0
5407,96,96,0
5408,861,857,4
5409,107,107,0
5410,206,206,0
5411,103,103,0
5412,45,45,0
5413,156,156,0
5414,109,109,0
5415,65,65,0
5416,239,237,2
5417,175,174,1
5418,58,57,1
5419,135,135,0
5420,70,70,0
5421,256,255,1
5422,47,47,0
5423,91,91,0
5424,74,74,0
5425,48,48,0
5426,73,73,0
5427,134,134,0
5428,178,178,0
5429,158,158,0
5430,523,515,8
5431,96,96,0
5432,100,100,0
5433,180,180,0
5434,333,332,1
5435,307,305,2
5436,177,175,2
5437,227,227,0
5438,230,226,4
5439,708,707,1
5440,218,217,1
5441,135,135,0
5442,139,138,1
5443,312,312,0
5444,443,443,0
5445,317,317,0
5446,153,153,0
5447,78,76,2
5448,43,43,0
5449,164,164,0
5450,264,264,0
5451,120,117,3
5452,146,145,1
5453,213,213,0
5454,56,55,1
5455,227,221,6
5456,167,161,6
5457,194,194,0
5458,311,309,2
5459,465,460,5
5460,791,786,5
5461,490,490,0
5462,154,154,0
5463,140,138,2
5464,176,174,2
5465,70,70,0
5466,133,133,0
5467,205,204,1
5468,264,263,1
5469,575,572,3
5470,930,921,9
5471,493,486,7
5472,643,639,4
5473,263,262,1
5474,129,129,0
5475,170,168,2
5476,66,65,1
5477,253,252,1
5478,124,124,0
5479,1002,993,9
5480,455,439,16
5481,676,660,16
5482,122,122,0
5483,243,241,2
5484,233,231,2
5485,217,215,2
5486,427,425,2
5487,68,68,0
5488,326,325,1
5489,121,120,1
5490,356,355,1
5491,843,835,8
5492,175,173,2
5493,616,604,12
5494,354,354,0
5495,324,316,8
5496,142,142,0
5497,128,128,0
5498,82,82,0
5499,45,45,0
5500,74,74,0
5501,142,142,0
5502,585,580,5
5503,74,74,0
5504,99,99,0
5505,93,92,1
5506,63,63,0
5507,391,380,11
5508,114,114,0
5509,223,221,2
5510,118,116,2
5511,628,623,5
5512,669,668,1
5513,394,392,2
5514,154,154,0
5515,119,118,1
5516,181,180,1
5517,123,123,0
5518,130,127,3
5519,147,147,0
5520,74,74,0
5521,195,194,1
5522,169,168,1
5523,72,71,1
5524,219,218,1
5525,93,93,0
5526,247,246,1
5527,142,142,0
5528,169,169,0
5529,72,72,0
5530,168,168,0
5531,131,131,0
5532,403,402,1
5533,350,350,0
5534,51,48,3
5535,170,169,1
5536,175,175,0
5537,214,210,4
5538,219,219,0
5539,957,949,8
5540,212,211,1
5541,511,503,8
5542,211,210,1
5543,122,122,0
5544,227,224,3
5545,207,204,3
5546,108,107,1
5547,98,96,2
5548,142,140,2
5549,114,113,1
5550,121,120,1
5551,184,181,3
5552,154,152,2
5553,138,138,0
5554,72,71,1
5555,153,150,3
5556,148,146,2
5557,141,140,1
5558,143,143,0
5559,199,194,5
5560,121,121,0
5561,122,118,4
5562,134,132,2
5563,140,140,0
5564,211,210,1
5565,69,69,0
5566,135,135,0
5567,135,135,0
5568,182,181,1
5569,169,169,0
5570,261,260,1
5571,474,466,8
5572,381,377,4
5573,358,356,2
5574,272,271,1
5575,131,131,0
5576,185,185,0
5577,118,117,1
5578,384,384,0
5579,137,137,0
5580,100,98,2
5581,300,299,1
5582,343,343,0
5583,44,44,0
5584,104,104,0
5585,448,443,5
5586,92,90,2
5587,351,347,4
5588,201,193,8
5589,271,271,0
5590,105,104,1
5591,44,43,1
5592,150,147,3
5593,293,293,0
5594,634,628,6
5595,60,55,5
5596,86,86,0
5597,233,229,4
5598,297,296,1
5599,138,137,1
5600,312,310,2
5601,70,70,0
5602,451,447,4
5603,545,544,1
5604,245,243,2
5605,166,166,0
5606,611,610,1
5607,559,555,4
5608,762,760,2
5609,203,203,0
5610,130,130,0
5611,218,217,1
5612,331,330,1
5613,216,216,0
5614,235,235,0
5615,731,730,1
5616,185,184,1
5617,108,108,0
5618,426,420,6
5619,127,127,0
5620,351,350,1
5621,158,156,2
5622,304,304,0
5623,206,206,0
5624,145,145,0
5625,624,621,3
5626,760,751,9
5627,403,399,4
5628,273,272,1
5629,190,190,0
5630,562,556,6
5631,130,130,0
5632,139,139,0
5633,223,223,0
5634,983,983,0
5635,731,716,15
5636,143,143,0
5637,573,570,3
5638,265,265,0
5639,420,419,1
5640,136,135,1
5641,137,136,1
5642,109,108,1
5643,89,89,0
5644,582,578,4
5645,522,520,2
5646,172,171,1
5647,78,78,0
5648,164,162,2
5649,132,132,0
5650,219,214,5
5651,236,230,6
5652,253,253,0
5653,150,149,1
5654,210,209,1
5655,123,122,1
5656,49,49,0
5657,286,277,9
5658,208,205,3
5659,360,359,1
5660,87,87,0
5661,288,286,2
5662,298,297,1
5663,245,244,1
5664,122,118,4
5665,164,163,1
5666,276,276,0
5667,495,494,1
5668,687,686,1
5669,614,610,4
5670,106,106,0
5671,359,357,2
5672,220,218,2
5673,475,474,1
5674,175,174,1
5675,181,181,0
5676,501,495,6
5677,323,321,2
5678,177,175,2
5679,140,140,0
5680,159,159,0
5681,410,403,7
5682,160,160,0
5683,372,372,0
5684,44,43,1
5685,102,102,0
5686,242,241,1
5687,257,256,1
5688,288,287,1
5689,539,534,5
5690,117,113,4
5691,111,107,4
5692,162,157,5
5693,167,165,2
5694,182,179,3
5695,178,172,6
5696,479,469,10
5697,109,109,0
5698,209,209,0
5699,224,223,1
5700,199,199,0
5701,69,69,0
5702,66,66,0
5703,39,39,0
5704,109,109,0
5705,57,57,0
5706,85,85,0
5707,90,88,2
5708,176,176,0
5709,180,180,0
5710,133,133,0
5711,137,136,1
5712,116,115,1
5713,147,146,1
5714,112,112,0
5715,116,108,8
5716,212,211,1
5717,228,225,3
5718,190,187,3
5719,56,54,2
5720,243,242,1
5721,89,89,0
5722,84,84,0
5723,69,69,0
5724,175,175,0
5725,56,56,0
5726,138,138,0
5727,121,120,1
5728,54,54,0
5729,44,43,1
5730,52,52,0
5731,60,60,0
5732,223,223,0
5733,206,205,1
5734,50,49,1
5735,35,35,0
5736,70,70,0
5737,72,72,0
5738,123,123,0
5739,50,50,0
5740,161,161,0
5741,353,349,4
5742,157,156,1
5743,277,277,0
5744,90,90,0
5745,242,241,1
5746,87,85,2
5747,142,142,0
5748,147,146,1
5749,598,598,0
5750,79,79,0
5751,169,168,1
5752,269,269,0
5753,471,471,0
5754,188,188,0
5755,238,237,1
5756,285,285,0
5757,283,282,1
5758,328,327,1
5759,150,150,0
5760,161,160,1
5761,305,303,2
5762,117,117,0
5763,200,198,2
5764,311,309,2
5765,43,43,0
5766,337,335,2
5767,691,688,3
5768,621,615,6
5769,367,361,6
5770,128,128,0
5771,144,144,0
5772,187,186,1
5773,105,105,0
5774,132,132,0
5775,300,298,2
5776,237,227,10
5777,143,143,0
5778,124,123,1
5779,115,115,0
5780,127,125,2
5781,108,108,0
5782,45,43,2
5783,104,104,0
5784,168,166,2
5785,243,241,2
5786,51,50,1
5787,109,109,0
5788,98,98,0
5789,355,353,2
5790,169,168,1
5791,120,120,0
5792,116,116,0
5793,178,176,2
5794,223,223,0
5795,158,158,0
5796,202,202,0
5797,123,121,2
5798,590,586,4
5799,248,246,2
5800,463,463,0
5801,561,560,1
5802,370,368,2
5803,474,473,1
5804,130,129,1
5805,128,128,0
5806,138,138,0
5807,154,153,1
5808,188,187,1
5809,298,298,0
5810,154,153,1
5811,147,145,2
5812,214,213,1
5813,157,157,0
5814,184,182,2
5815,337,335,2
5816,132,132,0
5817,356,355,1
5818,44,44,0
5819,130,128,2
5820,69,69,0
5821,865,863,2
5822,274,273,1
5823,499,497,2
5824,233,232,1
5825,128,127,1
5826,138,138,0
5827,492,487,5
5828,430,429,1
5829,138,137,1
5830,144,144,0
5831,117,117,0
5832,123,123,0
5833,102,102,0
5834,95,95,0
5835,651,647,4
5836,437,436,1
5837,135,135,0
5838,109,109,0
5839,134,134,0
5840,551,548,3
5841,282,279,3
5842,434,433,1
5843,740,731,9
5844,154,154,0
5845,243,241,2
5846,666,659,7
5847,146,146,0
5848,508,505,3
5849,213,212,1
5850,912,893,19
5851,138,136,2
5852,360,360,0
5853,415,413,2
5854,291,290,1
5855,75,75,0
5856,254,246,8
5857,145,144,1
5858,129,125,4
5859,373,372,1
5860,144,144,0
5861,234,231,3
5862,160,158,2
5863,105,105,0
5864,533,531,2
5865,180,167,13
5866,197,197,0
5867,124,124,0
5868,193,190,3
5869,140,140,0
5870,188,188,0
5871,145,143,2
5872,196,195,1
5873,285,282,3
5874,587,583,4
5875,262,260,2
5876,273,272,1
5877,294,290,4
5878,142,142,0
5879,213,207,6
5880,426,425,1
5881,220,219,1
5882,136,136,0
5883,157,156,1
5884,134,133,1
5885,30,29,1
5886,90,89,1
5887,431,429,2
5888,84,84,0
5889,308,306,2
5890,384,382,2
5891,483,479,4
5892,193,190,3
5893,161,161,0
5894,230,230,0
5895,232,231,1
5896,426,426,0
5897,991,981,10
5898,535,532,3
5899,88,85,3
5900,27,27,0
5901,278,274,4
5902,613,608,5
5903,385,382,3
5904,79,79,0
5905,124,123,1
5906,105,104,1
5907,502,498,4
5908,149,149,0
5909,485,483,2
5910,58,58,0
5911,204,203,1
5912,151,151,0
5913,327,320,7
5914,843,840,3
5915,1015,1007,8
5916,165,165,0
5917,1759,1753,6
5918,181,181,0
5919,190,189,1
5920,272,269,3
5921,138,138,0
5922,349,346,3
5923,141,141,0
5924,205,205,0
5925,55,55,0
5926,303,303,0
5927,301,300,1
5928,205,204,1
5929,318,318,0
5930,139,139,0
5931,91,90,1
5932,97,97,0
5933,131,131,0
5934,511,510,1
5935,121,121,0
5936,489,477,12
5937,176,176,0
5938,110,108,2
5939,308,307,1
5940,83,83,0
5941,1415,1410,5
5942,458,456,2
5943,206,204,2
5944,271,271,0
5945,199,192,7
5946,588,588,0
5947,52,49,3
5948,207,198,9
5949,201,196,5
5950,42,42,0
5951,132,126,6
5952,125,125,0
5953,140,139,1
5954,45,44,1
5955,256,255,1
5956,230,228,2
5957,137,137,0
5958,123,119,4
5959,505,503,2
5960,204,204,0
5961,376,376,0
5962,425,424,1
5963,157,152,5
5964,854,845,9
5965,125,125,0
5966,339,339,0
5967,217,216,1
5968,136,136,0
5969,160,158,2
5970,952,940,12
5971,119,119,0
5972,120,119,1
5973,96,96,0
5974,335,333,2
5975,108,105,3
5976,103,101,2
5977,52,52,0
5978,20,20,0
5979,44,43,1
5980,271,271,0
5981,261,261,0
5982,264,263,1
5983,104,104,0
5984,107,107,0
5985,545,540,5
5986,174,174,0
5987,117,116,1
5988,128,128,0
5989,188,186,2
5990,44,43,1
5991,169,169,0
5992,480,478,2
5993,168,168,0
5994,133,133,0
5995,122,119,3
5996,152,151,1
5997,190,187,3
5998,287,284,3
5999,125,123,2
6000,123,121,2
6001,458,457,1
6002,639,638,1
6003,131,131,0
6004,165,165,0
6005,171,170,1
6006,142,142,0
6007,318,317,1
6008,59,59,0
6009,111,110,1
6010,125,125,0
6011,94,94,0
6012,967,957,10
6013,92,92,0
6014,129,129,0
6015,359,358,1
6016,315,310,5
6017,243,238,5
6018,105,105,0
6019,99,98,1
6020,65,65,0
6021,212,212,0
6022,197,197,0
6023,603,599,4
6024,32,32,0
6025,111,109,2
6026,163,162,1
6027,226,219,7
6028,46,46,0
6029,89,89,0
6030,111,110,1
6031,81,80,1
6032,143,143,0
6033,24,24,0
6034,203,203,0
6035,83,83,0
6036,354,354,0
6037,143,143,0
6038,117,116,1
6039,115,113,2
6040,165,165,0
6041,242,241,1
6042,202,202,0
6043,164,161,3
6044,259,259,0
6045,378,378,0
6046,393,393,0
6047,190,190,0
6048,374,372,2
6049,697,697,0
6050,245,244,1
6051,553,552,1
6052,243,243,0
6053,246,246,0
6054,378,374,4
6055,274,268,6
6056,273,271,2
6057,116,113,3
6058,579,576,3
6059,315,315,0
6060,160,160,0
6061,681,677,4
6062,315,315,0
6063,202,198,4
6064,336,336,0
6065,769,768,1
6066,477,471,6
6067,141,140,1
6068,113,111,2
6069,138,137,1
6070,111,110,1
6071,258,258,0
6072,976,953,23
6073,436,435,1
6074,210,210,0
6075,290,290,0
6076,541,533,8
6077,488,483,5
6078,266,265,1
6079,118,118,0
6080,161,159,2
6081,361,360,1
6082,137,137,0
6083,60,59,1
6084,170,170,0
6085,51,51,0
6086,95,95,0
6087,127,126,1
6088,280,279,1
6089,122,122,0
6090,329,329,0
6091,350,344,6
6092,588,583,5
6093,468,463,5
6094,87,87,0
6095,104,104,0
6096,193,193,0
6097,206,205,1
6098,136,136,0
6099,141,141,0
6100,49,49,0
6101,144,144,0
6102,129,129,0
6103,366,362,4
6104,181,181,0
6105,359,357,2
6106,323,319,4
6107,242,239,3
6108,58,57,1
6109,97,95,2
6110,134,132,2
6111,123,121,2
6112,40,40,0
6113,57,57,0
6114,151,151,0
6115,45,45,0
6116,45,45,0
6117,149,148,1
6118,96,96,0
6119,192,188,4
6120,170,170,0
6121,175,175,0
6122,164,159,5
6123,334,333,1
6124,137,137,0
6125,184,183,1
6126,135,134,1
6127,143,143,0
6128,470,452,18
6129,184,183,1
6130,51,50,1
6131,51,51,0
6132,772,771,1
6133,124,123,1
6134,143,140,3
6135,107,104,3
6136,34,34,0
6137,102,98,4
6138,170,170,0
6139,488,485,3
6140,135,135,0
6141,102,97,5
6142,180,171,9
6143,62,61,1
6144,109,109,0
6145,124,124,0
6146,102,102,0
6147,43,43,0
6148,132,132,0
6149,301,287,14
6150,70,70,0
6151,202,200,2
6152,103,103,0
6153,392,390,2
6154,51,51,0
6155,134,132,2
6156,191,189,2
6157,175,174,1
6158,209,206,3
6159,246,246,0
6160,160,157,3
6161,142,142,0
6162,168,162,6
6163,206,206,0
6164,101,101,0
6165,86,86,0
6166,63,63,0
6167,195,193,2
6168,61,61,0
6169,69,69,0
6170,149,148,1
6171,191,191,0
6172,171,170,1
6173,143,142,1
6174,185,185,0
6175,531,528,3
6176,380,378,2
6177,53,53,0
6178,455,453,2
6179,267,267,0
6180,310,310,0
6181,126,126,0
6182,464,464,0
6183,119,119,0
6184,393,393,0
6185,122,122,0
6186,164,164,0
6187,147,147,0
6188,155,153,2
6189,295,292,3
6190,183,183,0
6191,302,302,0
6192,604,586,18
6193,967,952,15
6194,121,116,5
6195,583,572,11
6196,213,211,2
6197,154,148,6
6198,411,399,12
6199,56,52,4
6200,90,85,5
6201,346,339,7
6202,163,163,0
6203,119,119,0
6204,202,202,0
6205,119,118,1
6206,118,118,0
6207,133,132,1
6208,127,126,1
6209,236,236,0
6210,117,117,0
6211,137,137,0
6212,138,138,0
6213,194,192,2
6214,155,155,0
6215,94,94,0
6216,456,455,1
6217,177,172,5
6218,184,183,1
6219,294,290,4
6220,251,250,1
6221,189,189,0
6222,140,140,0
6223,142,141,1
6224,165,165,0
6225,199,198,1
6226,165,165,0
6227,148,148,0
6228,541,537,4
6229,179,179,0
6230,135,135,0
6231,62,61,1
6232,553,549,4
6233,143,143,0
6234,297,295,2
6235,707,707,0
6236,183,182,1
6237,112,112,0
6238,427,425,2
6239,729,726,3
6240,254,251,3
6241,93,91,2
6242,182,181,1
6243,138,138,0
6244,41,41,0
6245,197,197,0
6246,115,115,0
6247,241,238,3
6248,625,623,2
6249,187,186,1
6250,212,212,0
6251,250,250,0
6252,708,703,5
6253,56,56,0
6254,123,123,0
6255,140,140,0
6256,203,203,0
6257,227,227,0
6258,1823,1800,23
6259,754,749,5
6260,88,88,0
6261,188,188,0
6262,84,84,0
6263,625,618,7
6264,284,284,0
6265,162,162,0
6266,122,120,2
6267,422,420,2
6268,124,124,0
6269,169,168,1
6270,659,653,6
6271,166,166,0
6272,127,127,0
6273,88,88,0
6274,391,389,2
6275,372,368,4
6276,140,138,2
6277,68,68,0
6278,100,100,0
6279,126,125,1
6280,103,103,0
6281,178,177,1
6282,527,520,7
6283,1002,996,6
6284,111,110,1
6285,126,124,2
6286,358,353,5
6287,167,166,1
6288,119,118,1
6289,422,420,2
6290,522,520,2
6291,387,385,2
6292,125,120,5
6293,165,165,0
6294,165,163,2
6295,158,157,1
6296,187,187,0
6297,122,122,0
6298,334,333,1
6299,239,236,3
6300,79,79,0
6301,132,127,5
6302,92,89,3
6303,118,118,0
6304,288,286,2
6305,221,220,1
6306,129,128,1
6307,59,58,1
6308,187,185,2
6309,147,147,0
6310,100,100,0
6311,541,535,6
6312,496,486,10
6313,229,228,1
6314,232,231,1
6315,139,138,1
6316,149,148,1
6317,142,142,0
6318,350,348,2
6319,214,211,3
6320,225,219,6
6321,170,170,0
6322,417,416,1
6323,424,424,0
6324,167,165,2
6325,1005,1003,2
6326,194,194,0
6327,182,182,0
6328,326,325,1
6329,106,106,0
6330,179,179,0
6331,49,48,1
6332,275,272,3
6333,147,147,0
6334,251,251,0
6335,149,149,0
6336,127,125,2
6337,141,138,3
6338,140,140,0
6339,43,43,0
6340,111,111,0
6341,250,247,3
6342,512,512,0
6343,136,134,2
6344,157,157,0
6345,59,59,0
6346,260,260,0
6347,188,188,0
6348,125,125,0
6349,269,268,1
6350,766,764,2
6351,127,126,1
6352,281,281,0
6353,346,345,1
6354,85,84,1
6355,127,127,0
6356,155,154,1
6357,91,90,1
6358,1009,1005,4
6359,831,831,0
6360,502,499,3
6361,409,407,2
6362,159,156,3
6363,273,273,0
6364,279,279,0
6365,124,124,0
6366,688,687,1
6367,184,184,0
6368,1112,1108,4
6369,138,138,0
6370,387,386,1
6371,161,161,0
6372,314,313,1
6373,305,305,0
6374,236,233,3
6375,134,134,0
6376,129,129,0
6377,46,46,0
6378,169,165,4
6379,268,265,3
6380,64,64,0
6381,179,175,4
6382,317,310,7
6383,145,144,1
6384,188,188,0
6385,140,139,1
6386,227,227,0
6387,119,119,0
6388,149,149,0
6389,168,168,0
6390,242,239,3
6391,68,68,0
6392,118,118,0
6393,242,236,6
6394,329,327,2
6395,52,52,0
6396,146,145,1
6397,226,225,1
6398,432,429,3
6399,153,153,0
6400,178,172,6
6401,170,170,0
6402,302,302,0
6403,168,167,1
6404,132,132,0
6405,145,139,6
6406,70,70,0
6407,129,128,1
6408,12,12,0
6409,58,57,1
6410,173,172,1
6411,65,65,0
6412,65,63,2
6413,87,87,0
6414,117,117,0
6415,89,89,0
6416,41,41,0
6417,46,46,0
6418,232,226,6
6419,198,196,2
6420,308,306,2
6421,295,292,3
6422,363,362,1
6423,144,144,0
6424,314,312,2
6425,212,210,2
6426,215,214,1
6427,150,149,1
6428,126,122,4
6429,135,135,0
6430,158,157,1
6431,125,125,0
6432,126,125,1
6433,303,300,3
6434,82,81,1
6435,213,210,3
6436,327,327,0
6437,72,71,1
6438,111,110,1
6439,147,146,1
6440,76,76,0
6441,196,196,0
6442,234,234,0
6443,145,145,0
6444,271,270,1
6445,195,194,1
6446,79,79,0
6447,230,229,1
6448,662,656,6
6449,74,74,0
6450,154,154,0
6451,71,70,1
6452,133,133,0
6453,298,298,0
6454,92,91,1
6455,427,423,4
6456,116,116,0
6457,160,160,0
6458,300,297,3
6459,253,252,1
6460,824,822,2
6461,858,858,0
6462,329,323,6
6463,150,150,0
6464,368,368,0
6465,79,78,1
6466,150,150,0
6467,115,114,1
6468,59,58,1
6469,297,296,1
6470,135,135,0
6471,50,50,0
6472,123,123,0
6473,51,51,0
6474,53,53,0
6475,72,71,1
6476,139,138,1
6477,228,224,4
6478,479,467,12
6479,59,59,0
6480,72,71,1
6481,145,145,0
6482,65,65,0
6483,775,773,2
6484,146,143,3
6485,141,141,0
6486,185,183,2
6487,155,155,0
6488,120,119,1
6489,436,434,2
6490,660,655,5
6491,294,294,0
6492,71,71,0
6493,147,145,2
6494,163,163,0
6495,271,270,1
6496,87,86,1
6497,382,381,1
6498,149,149,0
6499,149,149,0
6500,133,133,0
6501,201,201,0
6502,142,140,2
6503,394,391,3
6504,342,341,1
6505,126,126,0
6506,54,53,1
6507,173,173,0
6508,547,546,1
6509,231,230,1
6510,243,240,3
6511,193,193,0
6512,371,368,3
6513,103,103,0
6514,111,111,0
6515,241,238,3
6516,163,162,1
6517,245,243,2
6518,117,117,0
6519,68,67,1
6520,203,203,0
6521,78,78,0
6522,167,164,3
6523,139,137,2
6524,226,225,1
6525,139,139,0
6526,448,446,2
6527,151,151,0
6528,804,802,2
6529,364,363,1
6530,232,229,3
6531,352,350,2
6532,118,117,1
6533,291,288,3
6534,402,400,2
6535,265,265,0
6536,231,230,1
6537,609,605,4
6538,630,624,6
6539,858,851,7
6540,469,464,5
6541,110,110,0
6542,176,174,2
6543,158,157,1
6544,156,156,0
6545,138,134,4
6546,322,322,0
6547,598,592,6
6548,168,167,1
6549,194,193,1
6550,129,129,0
6551,210,209,1
6552,336,334,2
6553,761,756,5
6554,108,107,1
6555,104,97,7
6556,80,80,0
6557,120,120,0
6558,145,144,1
6559,649,635,14
6560,342,342,0
6561,124,124,0
6562,153,153,0
6563,248,248,0
6564,156,155,1
6565,63,63,0
6566,198,197,1
6567,333,331,2
6568,219,218,1
6569,121,121,0
6570,400,399,1
6571,47,46,1
6572,153,153,0
6573,304,298,6
6574,174,174,0
6575,171,171,0
6576,99,97,2
6577,293,292,1
6578,127,125,2
6579,129,128,1
6580,133,133,0
6581,101,98,3
6582,216,214,2
6583,152,151,1
6584,157,152,5
6585,139,139,0
6586,105,104,1
6587,130,130,0
6588,104,101,3
6589,130,127,3
6590,996,993,3
6591,177,176,1
6592,228,225,3
6593,256,254,2
6594,219,218,1
6595,238,237,1
6596,164,164,0
6597,123,121,2
6598,325,321,4
6599,135,132,3
6600,37,37,0
6601,154,154,0
6602,168,167,1
6603,144,141,3
6604,119,119,0
6605,132,132,0
6606,283,283,0
6607,85,84,1
6608,67,66,1
6609,61,60,1
6610,319,318,1
6611,343,340,3
6612,115,114,1
6613,339,336,3
6614,76,76,0
6615,62,60,2
6616,93,91,2
6617,103,103,0
6618,135,134,1
6619,162,162,0
6620,312,311,1
6621,46,46,0
6622,177,176,1
6623,145,142,3
6624,100,99,1
6625,220,215,5
6626,150,148,2
6627,52,52,0
6628,65,64,1
6629,98,98,0
6630,139,138,1
6631,144,144,0
6632,169,169,0
6633,115,115,0
6634,75,75,0
6635,148,146,2
6636,116,116,0
6637,241,238,3
6638,85,83,2
6639,432,431,1
6640,133,133,0
6641,114,114,0
6642,154,154,0
6643,48,47,1
6644,63,61,2
6645,100,100,0
6646,112,108,4
6647,268,268,0
6648,109,108,1
6649,128,127,1
6650,48,48,0
6651,323,322,1
6652,63,63,0
6653,137,137,0
6654,34,34,0
6655,200,200,0
6656,551,549,2
6657,113,113,0
6658,163,163,0
6659,43,43,0
6660,171,171,0
6661,330,329,1
6662,218,215,3
6663,76,76,0
6664,196,196,0
6665,124,124,0
6666,285,285,0
6667,211,211,0
6668,350,349,1
6669,133,133,0
6670,130,129,1
6671,188,188,0
6672,137,137,0
6673,130,129,1
6674,176,175,1
6675,114,112,2
6676,122,120,2
6677,63,63,0
6678,81,78,3
6679,119,117,2
6680,208,207,1
6681,183,182,1
6682,79,79,0
6683,377,364,13
6684,151,151,0
6685,125,124,1
6686,223,222,1
6687,201,201,0
6688,102,101,1
6689,107,106,1
6690,221,221,0
6691,96,96,0
6692,54,54,0
6693,171,171,0
6694,149,149,0
6695,275,275,0
6696,128,128,0
6697,323,322,1
6698,257,250,7
6699,100,99,1
6700,84,84,0
6701,109,109,0
6702,121,119,2
6703,76,76,0
6704,397,396,1
6705,139,139,0
6706,587,586,1
6707,233,233,0
6708,312,310,2
6709,127,126,1
6710,509,506,3
6711,638,638,0
6712,82,81,1
6713,144,143,1
6714,115,115,0
6715,361,359,2
6716,434,433,1
6717,298,295,3
6718,131,130,1
6719,399,399,0
6720,325,320,5
6721,147,146,1
6722,189,189,0
6723,130,130,0
6724,281,281,0
6725,498,497,1
6726,113,113,0
6727,197,197,0
6728,206,206,0
6729,176,174,2
6730,273,272,1
6731,323,319,4
6732,307,305,2
6733,487,487,0
6734,1023,1017,6
6735,374,374,0
6736,494,489,5
6737,143,141,2
6738,238,234,4
6739,250,247,3
6740,232,232,0
6741,351,351,0
6742,524,523,1
6743,98,97,1
6744,862,858,4
6745,229,228,1
6746,604,604,0
6747,254,253,1
6748,698,698,0
6749,401,398,3
6750,205,204,1
6751,138,138,0
6752,132,131,1
6753,782,772,10
6754,104,104,0
6755,208,207,1
6756,129,129,0
6757,923,909,14
6758,678,667,11
6759,160,160,0
6760,70,68,2
6761,252,245,7
6762,109,105,4
6763,83,83,0
6764,51,51,0
6765,158,155,3
6766,153,153,0
6767,188,188,0
6768,220,220,0
6769,160,160,0
6770,115,114,1
6771,180,180,0
6772,327,327,0
6773,229,228,1
6774,174,174,0
6775,188,188,0
6776,287,286,1
6777,281,278,3
6778,86,86,0
6779,179,174,5
6780,438,438,0
6781,129,129,0
6782,156,155,1
6783,229,228,1
6784,431,431,0
6785,420,415,5
6786,450,450,0
6787,167,167,0
6788,304,301,3
6789,187,187,0
6790,153,153,0
6791,186,185,1
6792,875,865,10
6793,193,191,2
6794,331,329,2
6795,191,191,0
6796,124,123,1
6797,136,136,0
6798,134,134,0
6799,75,73,2
6800,267,266,1
6801,535,528,7
6802,246,244,2
6803,114,113,1
6804,117,114,3
6805,203,201,2
6806,152,152,0
6807,415,415,0
6808,131,131,0
6809,364,364,0
6810,736,718,18
6811,203,197,6
6812,668,660,8
6813,120,120,0
6814,189,188,1
6815,185,183,2
6816,351,351,0
6817,51,51,0
6818,92,92,0
6819,53,53,0
6820,125,125,0
6821,59,56,3
6822,88,88,0
6823,192,191,1
6824,52,51,1
6825,142,142,0
6826,110,110,0
6827,635,634,1
6828,290,286,4
6829,55,55,0
6830,122,122,0
6831,303,302,1
6832,146,146,0
6833,164,162,2
6834,109,109,0
6835,351,348,3
6836,331,330,1
6837,128,127,1
6838,273,271,2
6839,60,60,0
6840,252,251,1
6841,397,397,0
6842,109,107,2
6843,980,969,11
6844,245,244,1
6845,209,209,0
6846,485,483,2
6847,252,251,1
6848,364,361,3
6849,205,202,3
6850,388,383,5
6851,559,555,4
6852,378,375,3
6853,241,241,0
6854,137,137,0
6855,109,109,0
6856,153,151,2
6857,364,361,3
6858,588,585,3
6859,393,391,2
6860,308,306,2
6861,411,409,2
6862,122,119,3
6863,188,188,0
6864,214,214,0
6865,173,170,3
6866,223,223,0
6867,175,175,0
6868,462,461,1
6869,118,118,0
6870,245,245,0
6871,198,195,3
6872,610,608,2
6873,105,104,1
6874,968,961,7
6875,157,157,0
6876,137,135,2
6877,121,121,0
6878,140,140,0
6879,268,268,0
6880,366,366,0
6881,168,168,0
6882,611,608,3
6883,392,390,2
6884,128,127,1
6885,311,309,2
6886,179,179,0
6887,153,151,2
6888,446,445,1
6889,525,519,6
6890,505,502,3
6891,458,452,6
6892,124,124,0
6893,147,147,0
6894,209,209,0
6895,301,300,1
6896,240,238,2
6897,545,544,1
6898,359,357,2
6899,179,178,1
6900,173,173,0
6901,124,123,1
6902,157,155,2
6903,257,254,3
6904,168,167,1
6905,796,776,20
6906,417,409,8
6907,110,108,2
6908,143,138,5
6909,46,46,0
6910,106,105,1
6911,178,176,2
6912,315,302,13
6913,78,78,0
6914,119,117,2
6915,115,114,1
6916,285,282,3
6917,123,122,1
6918,150,149,1
6919,279,277,2
6920,90,90,0
6921,130,130,0
6922,345,345,0
6923,152,152,0
6924,189,188,1
6925,88,84,4
6926,477,465,12
6927,86,86,0
6928,191,188,3
6929,367,364,3
6930,260,257,3
6931,307,306,1
6932,218,218,0
6933,233,233,0
6934,203,201,2
6935,132,132,0
6936,201,201,0
6937,284,284,0
6938,190,189,1
6939,78,78,0
6940,223,222,1
6941,244,239,5
6942,185,185,0
6943,207,207,0
6944,242,240,2
6945,191,191,0
6946,159,159,0
6947,158,157,1
6948,142,142,0
6949,162,162,0
6950,317,316,1
6951,168,168,0
6952,55,54,1
6953,716,714,2
6954,343,342,1
6955,88,87,1
6956,976,976,0
6957,44,44,0
6958,78,78,0
6959,140,139,1
6960,376,373,3
6961,243,243,0
6962,95,95,0
6963,69,69,0
6964,138,136,2
6965,98,97,1
6966,109,109,0
6967,169,167,2
6968,96,96,0
6969,117,116,1
6970,69,69,0
6971,589,588,1
6972,131,131,0
6973,210,210,0
6974,65,63,2
6975,44,44,0
6976,277,277,0
6977,202,199,3
6978,71,71,0
6979,107,107,0
6980,725,725,0
6981,119,119,0
6982,467,467,0
6983,155,155,0
6984,325,321,4
6985,282,282,0
6986,120,120,0
6987,140,140,0
6988,157,157,0
6989,146,146,0
6990,288,287,1
6991,148,148,0
6992,138,137,1
6993,129,128,1
6994,245,244,1
6995,144,144,0
6996,182,182,0
6997,279,277,2
6998,143,143,0
6999,378,376,2
7000,120,119,1
7001,805,800,5
7002,100,100,0
7003,177,177,0
7004,142,140,2
7005,67,67,0
7006,148,146,2
7007,76,76,0
7008,139,139,0
7009,135,133,2
7010,142,140,2
7011,40,40,0
7012,162,162,0
7013,58,57,1
7014,100,94,6
7015,122,120,2
7016,79,79,0
7017,123,123,0
7018,111,110,1
7019,201,201,0
7020,122,120,2
7021,220,220,0
7022,326,322,4
7023,173,173,0
7024,146,146,0
7025,240,239,1
7026,708,697,11
7027,78,77,1
7028,171,161,10
7029,133,132,1
7030,223,219,4
7031,103,100,3
7032,1002,994,8
7033,185,185,0
7034,238,238,0
7035,151,149,2
7036,176,176,0
7037,135,135,0
7038,826,810,16
7039,149,149,0
7040,145,145,0
7041,182,178,4
7042,127,126,1
7043,341,334,7
7044,132,132,0
7045,155,155,0
7046,161,159,2
7047,357,350,7
7048,126,126,0
7049,256,255,1
7050,133,129,4
7051,274,272,2
7052,348,347,1
7053,160,160,0
7054,136,136,0
7055,164,162,2
7056,49,49,0
7057,133,130,3
7058,146,145,1
7059,40,40,0
7060,65,65,0
7061,399,396,3
7062,136,135,1
7063,142,141,1
7064,299,297,2
7065,169,169,0
7066,106,105,1
7067,148,145,3
7068,138,138,0
7069,148,145,3
7070,79,79,0
7071,148,147,1
7072,179,177,2
7073,65,65,0
7074,238,234,4
7075,566,564,2
7076,132,131,1
7077,150,147,3
7078,134,134,0
7079,182,182,0
7080,151,151,0
7081,445,440,5
7082,81,81,0
7083,101,99,2
7084,384,383,1
7085,151,150,1
7086,688,687,1
7087,168,167,1
7088,161,161,0
7089,121,121,0
7090,144,142,2
7091,112,112,0
7092,241,238,3
7093,111,111,0
7094,90,90,0
7095,73,73,0
7096,113,113,0
7097,212,210,2
7098,29,29,0
7099,151,151,0
7100,43,42,1
7101,122,122,0
7102,143,142,1
7103,259,256,3
7104,60,60,0
7105,303,300,3
7106,201,199,2
7107,333,331,2
7108,220,220,0
7109,197,191,6
7110,70,70,0
7111,157,155,2
7112,553,551,2
7113,232,231,1
7114,422,420,2
7115,171,169,2
7116,474,471,3
7117,569,561,8
7118,398,398,0
7119,245,245,0
7120,298,291,7
7121,172,172,0
7122,192,191,1
7123,313,313,0
7124,526,522,4
7125,502,498,4
7126,218,216,2
7127,203,200,3
7128,158,158,0
7129,247,244,3
7130,582,579,3
7131,181,180,1
7132,88,88,0
7133,167,166,1
7134,205,204,1
7135,44,44,0
7136,133,133,0
7137,86,86,0
7138,53,53,0
7139,73,73,0
7140,74,74,0
7141,173,172,1
7142,211,211,0
7143,132,132,0
7144,249,248,1
7145,132,131,1
7146,121,119,2
7147,78,77,1
7148,157,154,3
7149,99,99,0
7150,147,147,0
7151,143,142,1
7152,402,400,2
7153,101,96,5
7154,226,226,0
7155,59,59,0
7156,178,178,0
7157,213,212,1
7158,129,129,0
7159,176,176,0
7160,215,213,2
7161,136,135,1
7162,166,166,0
7163,127,127,0
7164,140,140,0
7165,114,114,0
7166,147,147,0
7167,65,65,0
7168,209,208,1
7169,897,897,0
7170,476,476,0
7171,294,292,2
7172,581,579,2
7173,150,150,0
7174,935,931,4
7175,153,150,3
7176,207,205,2
7177,237,236,1
7178,193,193,0
7179,350,347,3
7180,261,259,2
7181,135,135,0
7182,849,839,10
7183,126,126,0
7184,174,174,0
7185,107,107,0
7186,331,330,1
7187,251,251,0
7188,272,270,2
7189,720,716,4
7190,218,218,0
7191,154,154,0
7192,455,454,1
7193,138,136,2
7194,297,296,1
7195,163,162,1
7196,120,119,1
7197,144,144,0
7198,198,195,3
7199,81,81,0
7200,91,91,0
7201,97,96,1
7202,229,226,3
7203,298,290,8
7204,129,129,0
7205,144,144,0
7206,178,176,2
7207,236,236,0
7208,140,140,0
7209,60,60,0
7210,183,182,1
7211,130,127,3
7212,98,97,1
7213,115,114,1
7214,428,427,1
7215,79,79,0
7216,148,147,1
7217,198,198,0
7218,35,34,1
7219,95,94,1
7220,152,152,0
7221,164,164,0
7222,178,178,0
7223,202,201,1
7224,81,81,0
7225,124,123,1
7226,35,35,0
7227,318,316,2
7228,129,129,0
7229,139,138,1
7230,123,123,0
7231,531,528,3
7232,129,129,0
7233,138,137,1
7234,114,112,2
7235,762,761,1
7236,128,126,2
7237,255,255,0
7238,121,121,0
7239,68,65,3
7240,119,119,0
7241,79,74,5
7242,226,224,2
7243,167,166,1
7244,96,94,2
7245,454,446,8
7246,91,91,0
7247,209,209,0
7248,222,222,0
7249,120,120,0
7250,171,171,0
7251,520,501,19
7252,109,108,1
7253,130,130,0
7254,743,739,4
7255,255,253,2
7256,240,240,0
7257,367,357,10
7258,281,279,2
7259,127,127,0
7260,421,418,3
7261,163,163,0
7262,174,174,0
7263,217,216,1
7264,120,119,1
7265,514,512,2
7266,135,135,0
7267,245,244,1
7268,471,471,0
7269,141,140,1
7270,176,174,2
7271,99,98,1
7272,105,103,2
7273,161,161,0
7274,67,65,2
7275,90,90,0
7276,207,206,1
7277,123,123,0
7278,51,51,0
7279,52,52,0
7280,97,97,0
7281,136,132,4
7282,162,161,1
7283,49,49,0
7284,48,46,2
7285,198,195,3
7286,37,36,1
7287,187,187,0
7288,377,374,3
7289,240,238,2
7290,107,105,2
7291,212,211,1
7292,138,137,1
7293,132,132,0
7294,130,130,0
7295,83,83,0
7296,407,405,2
7297,427,427,0
7298,194,194,0
7299,334,332,2
7300,118,118,0
7301,184,182,2
7302,121,121,0
7303,253,246,7
7304,719,717,2
7305,263,262,1
7306,297,294,3
7307,168,165,3
7308,190,189,1
7309,114,114,0
7310,161,160,1
7311,131,131,0
7312,162,162,0
7313,459,458,1
7314,240,237,3
7315,209,209,0
7316,52,51,1
7317,153,152,1
7318,187,185,2
7319,245,245,0
7320,858,848,10
7321,509,506,3
7322,153,151,2
7323,341,339,2
7324,406,405,1
7325,505,487,18
7326,322,322,0
7327,182,180,2
7328,238,234,4
7329,150,147,3
7330,70,70,0
7331,264,257,7
7332,599,597,2
7333,158,158,0
7334,128,128,0
7335,344,342,2
7336,475,472,3
7337,136,131,5
7338,113,113,0
7339,70,70,0
7340,105,105,0
7341,156,155,1
7342,506,502,4
7343,265,264,1
7344,137,137,0
7345,215,213,2
7346,279,278,1
7347,295,295,0
7348,745,744,1
7349,867,864,3
7350,321,320,1
7351,126,125,1
7352,287,284,3
7353,284,283,1
7354,112,112,0
7355,574,571,3
7356,253,242,11
7357,300,299,1
7358,281,281,0
7359,136,133,3
7360,432,431,1
7361,669,660,9
7362,250,250,0
7363,262,261,1
7364,466,464,2
7365,148,148,0
7366,369,365,4
7367,228,228,0
7368,153,153,0
7369,142,142,0
7370,121,121,0
7371,248,247,1
7372,498,498,0
7373,336,335,1
7374,133,133,0
7375,247,246,1
7376,82,82,0
7377,178,177,1
7378,419,417,2
7379,289,288,1
7380,156,152,4
7381,90,90,0
7382,194,194,0
7383,115,115,0
7384,92,86,6
7385,39,39,0
7386,221,221,0
7387,143,143,0
7388,171,171,0
7389,308,303,5
7390,489,480,9
7391,608,603,5
7392,76,75,1
7393,133,127,6
7394,104,103,1
7395,135,135,0
7396,213,213,0
7397,200,199,1
7398,118,115,3
7399,156,156,0
7400,496,491,5
7401,137,137,0
7402,139,135,4
7403,765,760,5
7404,264,259,5
7405,63,63,0
7406,268,268,0
7407,40,40,0
7408,94,94,0
7409,66,65,1
7410,216,216,0
7411,287,286,1
7412,259,256,3
7413,451,441,10
7414,154,152,2
7415,173,172,1
7416,179,176,3
7417,285,281,4
7418,152,148,4
7419,147,145,2
7420,1105,1099,6
7421,142,142,0
7422,191,190,1
7423,210,208,2
7424,212,207,5
7425,68,68,0
7426,503,488,15
7427,123,122,1
7428,570,568,2
7429,182,178,4
7430,268,267,1
7431,210,210,0
7432,79,79,0
7433,386,380,6
7434,867,860,7
7435,160,159,1
7436,224,222,2
7437,148,147,1
7438,134,134,0
7439,189,187,2
7440,358,356,2
7441,69,68,1
7442,146,145,1
7443,157,157,0
7444,274,274,0
7445,615,613,2
7446,128,128,0
7447,61,61,0
7448,627,626,1
7449,143,143,0
7450,578,575,3
7451,315,315,0
7452,158,157,1
7453,182,171,11
7454,134,134,0
7455,156,156,0
7456,361,360,1
7457,356,356,0
7458,104,101,3
7459,165,165,0
7460,258,256,2
7461,125,125,0
7462,272,272,0
7463,270,269,1
7464,426,421,5
7465,96,96,0
7466,949,943,6
7467,226,225,1
7468,209,207,2
7469,630,629,1
7470,120,118,2
7471,493,493,0
7472,490,489,1
7473,118,118,0
7474,233,232,1
7475,246,243,3
7476,161,161,0
7477,140,140,0
7478,136,136,0
7479,141,141,0
7480,165,163,2
7481,195,195,0
7482,227,226,1
7483,156,156,0
7484,111,111,0
7485,168,168,0
7486,105,103,2
7487,149,149,0
7488,245,244,1
7489,707,700,7
7490,120,120,0
7491,388,387,1
7492,156,155,1
7493,492,483,9
7494,314,314,0
7495,170,168,2
7496,138,137,1
7497,87,83,4
7498,200,200,0
7499,250,250,0
7500,206,204,2
7501,103,103,0
7502,125,122,3
7503,230,224,6
7504,226,226,0
7505,209,206,3
7506,136,136,0
7507,184,183,1
7508,181,180,1
7509,610,609,1
7510,359,359,0
7511,546,538,8
7512,478,478,0
7513,114,113,1
7514,243,243,0
7515,279,277,2
7516,207,206,1
7517,514,508,6
7518,173,172,1
7519,527,524,3
7520,782,778,4
7521,596,596,0
7522,452,448,4
7523,796,792,4
7524,465,464,1
7525,879,878,1
7526,887,880,7
7527,149,148,1
7528,278,277,1
7529,350,349,1
7530,126,126,0
7531,181,181,0
7532,901,899,2
7533,151,150,1
7534,152,151,1
7535,154,154,0
7536,472,471,1
7537,699,697,2
7538,217,214,3
7539,134,133,1
7540,132,132,0
7541,294,294,0
7542,337,336,1
7543,64,64,0
7544,196,196,0
7545,59,59,0
7546,166,163,3
7547,53,52,1
7548,254,253,1
7549,245,245,0
7550,376,375,1
7551,148,147,1
7552,151,150,1
7553,227,220,7
7554,203,203,0
7555,189,188,1
7556,403,401,2
7557,778,769,9
7558,176,176,0
7559,343,340,3
7560,184,182,2
7561,57,57,0
7562,243,243,0
7563,147,147,0
7564,46,44,2
7565,157,157,0
7566,166,164,2
7567,213,212,1
7568,121,120,1
7569,68,68,0
7570,131,131,0
7571,156,156,0
7572,77,77,0
7573,93,92,1
7574,142,142,0
7575,199,198,1
7576,167,167,0
7577,86,85,1
7578,181,179,2
7579,76,76,0
7580,158,156,2
7581,167,165,2
7582,128,128,0
7583,145,145,0
7584,124,124,0
7585,269,266,3
7586,179,179,0
7587,250,248,2
7588,428,425,3
7589,198,197,1
7590,503,490,13
7591,184,184,0
7592,962,953,9
7593,250,249,1
7594,326,324,2
7595,547,539,8
7596,281,281,0
7597,225,222,3
7598,125,123,2
7599,541,539,2
7600,133,133,0
7601,221,216,5
7602,114,113,1
7603,611,607,4
7604,343,343,0
7605,75,75,0
7606,207,206,1
7607,751,751,0
7608,346,346,0
7609,168,168,0
7610,214,214,0
7611,147,147,0
7612,773,773,0
7613,182,180,2
7614,505,504,1
7615,290,289,1
7616,180,180,0
7617,164,163,1
7618,346,345,1
7619,244,243,1
7620,486,479,7
7621,157,155,2
7622,275,274,1
7623,297,297,0
7624,165,160,5
7625,695,688,7
7626,282,275,7
7627,180,179,1
7628,176,175,1
7629,508,507,1
7630,141,139,2
7631,336,335,1
7632,807,806,1
7633,496,495,1
7634,156,156,0
7635,45,45,0
7636,40,40,0
7637,153,153,0
7638,156,155,1
7639,238,237,1
7640,141,141,0
7641,225,225,0
7642,126,126,0
7643,910,908,2
7644,247,245,2
7645,152,152,0
7646,360,359,1
7647,185,185,0
7648,417,416,1
7649,679,673,6
7650,129,129,0
7651,169,169,0
7652,125,125,0
7653,242,242,0
7654,360,358,2
7655,127,126,1
7656,177,177,0
7657,384,383,1
7658,306,301,5
7659,285,283,2
7660,299,297,2
7661,177,176,1
7662,190,189,1
7663,178,177,1
7664,215,214,1
7665,83,81,2
7666,147,145,2
7667,143,142,1
7668,120,118,2
7669,126,126,0
7670,122,122,0
7671,185,185,0
7672,148,147,1
7673,128,127,1
7674,214,213,1
7675,168,168,0
7676,631,629,2
7677,121,121,0
7678,155,155,0
7679,129,129,0
7680,189,189,0
7681,633,629,4
7682,304,303,1
7683,241,241,0
7684,617,615,2
7685,140,140,0
7686,100,99,1
7687,281,281,0
7688,158,146,12
7689,124,121,3
7690,159,159,0
7691,157,156,1
7692,442,442,0
7693,137,137,0
7694,198,196,2
7695,113,113,0
7696,179,178,1
7697,221,221,0
7698,189,188,1
7699,165,163,2
7700,162,162,0
7701,264,259,5
7702,347,345,2
7703,174,174,0
7704,120,120,0
7705,320,319,1
7706,537,534,3
7707,152,152,0
7708,251,250,1
7709,210,210,0
7710,180,179,1
7711,363,362,1
7712,195,194,1
7713,245,245,0
7714,111,111,0
7715,264,264,0
7716,315,315,0
7717,103,102,1
7718,137,135,2
7719,278,278,0
7720,246,245,1
7721,168,168,0
7722,244,242,2
7723,569,568,1
7724,155,154,1
7725,63,63,0
7726,231,229,2
7727,114,114,0
7728,141,140,1
7729,108,106,2
7730,159,159,0
7731,193,193,0
7732,134,134,0
7733,226,226,0
7734,316,314,2
7735,368,366,2
7736,579,579,0
7737,258,258,0
7738,115,114,1
7739,208,208,0
7740,242,238,4
7741,265,265,0
7742,163,163,0
7743,189,189,0
7744,139,139,0
7745,233,233,0
7746,321,320,1
7747,204,201,3
7748,136,136,0
7749,287,287,0
7750,156,156,0
7751,828,827,1
7752,155,155,0
7753,138,137,1
7754,150,150,0
7755,122,120,2
7756,653,649,4
7757,239,236,3
7758,131,129,2
7759,214,214,0
7760,164,164,0
7761,576,574,2
7762,131,129,2
7763,122,122,0
7764,103,103,0
7765,141,141,0
7766,528,527,1
7767,130,130,0
7768,90,87,3
7769,85,85,0
7770,133,133,0
7771,913,912,1
7772,125,125,0
7773,214,214,0
7774,68,68,0
7775,199,199,0
7776,101,99,2
7777,284,282,2
7778,76,76,0
7779,50,47,3
7780,181,181,0
7781,124,123,1
7782,255,254,1
7783,297,294,3
7784,302,300,2
7785,150,149,1
7786,579,579,0
7787,105,102,3
7788,231,231,0
7789,136,136,0
7790,214,213,1
7791,229,229,0
7792,174,173,1
7793,537,535,2
7794,623,623,0
7795,410,407,3
7796,274,269,5
7797,162,162,0
7798,224,224,0
7799,48,48,0
7800,160,160,0
7801,120,119,1
7802,130,129,1
7803,244,243,1
7804,116,116,0
7805,538,531,7
7806,122,122,0
7807,124,124,0
7808,294,293,1
7809,128,128,0
7810,115,113,2
7811,182,182,0
7812,363,363,0
7813,185,183,2
7814,138,137,1
7815,170,168,2
7816,122,122,0
7817,137,137,0
7818,127,126,1
7819,189,188,1
7820,468,464,4
7821,317,315,2
7822,113,112,1
7823,76,75,1
7824,283,281,2
7825,39,39,0
7826,165,164,1
7827,790,787,3
7828,202,202,0
7829,144,143,1
7830,119,117,2
7831,320,320,0
7832,139,139,0
7833,119,116,3
7834,140,140,0
7835,38,38,0
7836,126,126,0
7837,155,154,1
7838,481,479,2
7839,63,62,1
7840,187,187,0
7841,57,57,0
7842,65,64,1
7843,192,191,1
7844,424,422,2
7845,127,127,0
7846,123,123,0
7847,345,345,0
7848,437,437,0
7849,165,165,0
7850,170,169,1
7851,142,141,1
7852,134,134,0
7853,147,146,1
7854,86,86,0
7855,749,746,3
7856,212,212,0
7857,142,136,6
7858,186,181,5
7859,46,46,0
7860,200,198,2
7861,195,195,0
7862,181,181,0
7863,136,134,2
7864,185,185,0
7865,293,293,0
7866,243,241,2
7867,390,387,3
7868,142,141,1
7869,131,130,1
7870,534,530,4
7871,194,194,0
7872,304,302,2
7873,245,241,4
7874,692,684,8
7875,148,147,1
7876,221,220,1
7877,322,320,2
7878,132,132,0
7879,243,240,3
7880,150,149,1
7881,84,84,0
7882,558,555,3
7883,122,122,0
7884,156,156,0
7885,161,161,0
7886,126,124,2
7887,60,60,0
7888,120,120,0
7889,396,391,5
7890,781,770,11
7891,203,200,3
7892,237,235,2
7893,139,139,0
7894,118,118,0
7895,156,154,2
7896,446,445,1
7897,175,175,0
7898,102,102,0
7899,62,62,0
7900,71,70,1
7901,71,71,0
7902,182,181,1
7903,233,233,0
7904,132,132,0
7905,977,976,1
7906,177,177,0
7907,187,186,1
7908,192,192,0
7909,426,422,4
7910,311,307,4
7911,115,115,0
7912,185,185,0
7913,306,305,1
7914,137,137,0
7915,151,150,1
7916,163,163,0
7917,151,151,0
7918,157,155,2
7919,127,124,3
7920,360,358,2
7921,162,160,2
7922,130,123,7
7923,112,108,4
7924,134,134,0
7925,107,107,0
7926,78,78,0
7927,80,78,2
7928,135,134,1
7929,185,185,0
7930,274,274,0
7931,306,303,3
7932,628,623,5
7933,133,133,0
7934,228,227,1
7935,273,271,2
7936,143,142,1
7937,120,120,0
7938,124,123,1
7939,148,148,0
7940,303,292,11
7941,250,246,4
7942,785,777,8
7943,148,147,1
7944,142,142,0
7945,210,208,2
7946,226,224,2
7947,118,118,0
7948,183,182,1
7949,655,648,7
7950,118,113,5
7951,117,116,1
7952,160,159,1
7953,159,159,0
7954,528,526,2
7955,179,179,0
7956,622,617,5
7957,759,755,4
7958,687,687,0
7959,314,314,0
7960,389,387,2
7961,335,331,4
7962,275,273,2
7963,93,93,0
7964,168,168,0
7965,790,781,9
7966,278,275,3
7967,191,191,0
7968,125,124,1
7969,113,111,2
7970,254,254,0
7971,60,60,0
7972,278,277,1
7973,262,262,0
7974,203,202,1
7975,107,106,1
7976,127,126,1
7977,140,138,2
7978,121,120,1
7979,121,121,0
7980,659,653,6
7981,134,134,0
7982,111,111,0
7983,96,95,1
7984,316,313,3
7985,253,252,1
7986,583,579,4
7987,165,164,1
7988,127,127,0
7989,133,132,1
7990,340,338,2
7991,128,128,0
7992,491,491,0
7993,691,689,2
7994,568,564,4
7995,187,185,2
7996,219,216,3
7997,51,51,0
7998,168,162,6
7999,132,131,1
8000,196,194,2
8001,202,199,3
8002,259,259,0
8003,215,213,2
8004,126,125,1
8005,262,262,0
8006,119,119,0
8007,161,161,0
8008,166,166,0
8009,561,556,5
8010,134,134,0
8011,114,113,1
8012,329,328,1
8013,168,167,1
8014,403,401,2
8015,154,153,1
8016,217,217,0
8017,314,311,3
8018,169,169,0
8019,68,68,0
8020,315,312,3
8021,42,42,0
8022,174,174,0
8023,60,60,0
8024,167,163,4
8025,416,416,0
8026,143,142,1
8027,244,242,2
8028,127,127,0
8029,170,170,0
8030,503,494,9
8031,950,937,13
8032,117,116,1
8033,382,378,4
8034,218,217,1
8035,136,136,0
8036,279,279,0
8037,118,118,0
8038,116,115,1
8039,319,317,2
8040,162,162,0
8041,368,368,0
8042,139,137,2
8043,191,188,3
8044,141,141,0
8045,201,201,0
8046,128,128,0
8047,215,214,1
8048,372,371,1
8049,411,410,1
8050,224,224,0
8051,168,165,3
8052,243,242,1
8053,168,168,0
8054,172,169,3
8055,235,232,3
8056,195,194,1
8057,179,179,0
8058,71,71,0
8059,105,105,0
8060,216,212,4
8061,195,194,1
8062,78,78,0
8063,118,116,2
8064,356,354,2
8065,307,305,2
8066,116,113,3
8067,278,275,3
8068,59,56,3
8069,214,210,4
8070,191,191,0
8071,193,193,0
8072,112,111,1
8073,32,32,0
8074,349,346,3
8075,107,104,3
8076,325,322,3
8077,133,133,0
8078,346,345,1
8079,210,208,2
8080,424,420,4
8081,601,600,1
8082,534,530,4
8083,954,952,2
8084,214,214,0
8085,489,487,2
8086,295,295,0
8087,817,816,1
8088,182,182,0
8089,1013,1007,6
8090,338,333,5
8091,207,207,0
8092,207,205,2
8093,203,201,2
8094,308,308,0
8095,308,308,0
8096,137,132,5
8097,166,165,1
8098,161,161,0
8099,235,234,1
8100,121,121,0
8101,131,131,0
8102,114,114,0
8103,116,116,0
8104,135,134,1
8105,148,148,0
8106,158,157,1
8107,325,321,4
8108,153,153,0
8109,166,166,0
8110,160,158,2
8111,226,222,4
8112,148,148,0
8113,115,115,0
8114,178,178,0
8115,258,257,1
8116,167,166,1
8117,110,108,2
8118,128,127,1
8119,79,79,0
8120,77,77,0
8121,726,701,25
8122,57,57,0
8123,330,328,2
8124,111,109,2
8125,92,92,0
8126,170,169,1
8127,276,275,1
8128,239,238,1
8129,194,193,1
8130,113,113,0
8131,189,188,1
8132,137,136,1
8133,140,138,2
8134,193,191,2
8135,258,256,2
8136,208,206,2
8137,88,87,1
8138,462,459,3
8139,106,106,0
8140,172,171,1
8141,127,127,0
8142,129,128,1
8143,145,145,0
8144,347,343,4
8145,305,305,0
8146,165,165,0
8147,162,159,3
8148,77,77,0
8149,135,135,0
8150,166,166,0
8151,138,138,0
8152,143,143,0
8153,136,136,0
8154,161,161,0
8155,176,175,1
8156,221,219,2
8157,165,165,0
8158,315,314,1
8159,117,113,4
8160,455,455,0
8161,280,279,1
8162,136,136,0
8163,219,219,0
8164,475,473,2
8165,304,304,0
8166,577,577,0
8167,154,153,1
8168,129,128,1
8169,244,242,2
8170,141,140,1
8171,192,192,0
8172,164,162,2
8173,128,128,0
8174,79,78,1
8175,146,144,2
8176,117,117,0
8177,239,238,1
8178,288,285,3
8179,444,439,5
8180,129,129,0
8181,126,123,3
8182,123,120,3
8183,140,137,3
8184,212,211,1
8185,380,378,2
8186,113,113,0
8187,113,113,0
8188,186,183,3
8189,45,45,0
8190,68,68,0
8191,149,149,0
8192,246,246,0
8193,66,65,1
8194,198,196,2
8195,141,141,0
8196,124,124,0
8197,213,212,1
8198,344,344,0
8199,276,276,0
8200,76,75,1
8201,56,56,0
8202,129,129,0
8203,207,206,1
8204,147,146,1
8205,167,167,0
8206,129,129,0
8207,189,189,0
8208,300,296,4
8209,124,123,1
8210,262,259,3
8211,52,52,0
8212,182,182,0
8213,176,176,0
8214,148,147,1
8215,120,120,0
8216,149,148,1
8217,273,269,4
8218,150,149,1
8219,134,133,1
8220,217,217,0
8221,824,814,10
8222,171,169,2
8223,175,175,0
8224,232,231,1
8225,362,360,2
8226,627,620,7
8227,461,457,4
8228,180,176,4
8229,211,210,1
8230,158,158,0
8231,278,276,2
8232,121,121,0
8233,120,119,1
8234,231,228,3
8235,133,131,2
8236,145,145,0
8237,107,106,1
8238,162,161,1
8239,294,291,3
8240,77,75,2
8241,61,61,0
8242,112,111,1
8243,390,390,0
8244,75,75,0
8245,241,237,4
8246,425,409,16
8247,120,113,7
8248,175,171,4
8249,174,174,0
8250,207,207,0
8251,544,544,0
8252,169,168,1
8253,256,252,4
8254,239,239,0
8255,255,254,1
8256,262,261,1
8257,320,317,3
8258,286,282,4
8259,248,248,0
8260,287,284,3
8261,710,702,8
8262,229,226,3
8263,247,247,0
8264,247,247,0
8265,97,96,1
8266,295,293,2
8267,175,174,1
8268,513,513,0
8269,627,622,5
8270,298,298,0
8271,446,444,2
8272,116,115,1
8273,328,328,0
8274,472,469,3
8275,475,474,1
8276,239,238,1
8277,592,592,0
8278,191,191,0
8279,573,572,1
8280,179,178,1
8281,116,116,0
8282,454,453,1
8283,130,130,0
8284,146,145,1
8285,322,319,3
8286,345,342,3
8287,244,243,1
8288,243,242,1
8289,390,389,1
8290,176,173,3
8291,415,413,2
8292,46,46,0
8293,386,383,3
8294,248,248,0
8295,461,457,4
8296,896,894,2
8297,112,112,0
8298,743,740,3
8299,561,559,2
8300,42,42,0
8301,260,260,0
8302,226,226,0
8303,324,323,1
8304,641,633,8
8305,347,344,3
8306,172,172,0
8307,196,196,0
8308,115,114,1
8309,201,200,1
8310,249,246,3
8311,305,304,1
8312,138,138,0
8313,301,298,3
8314,358,356,2
8315,130,130,0
8316,257,257,0
8317,187,186,1
8318,239,237,2
8319,89,88,1
8320,247,247,0
8321,117,117,0
8322,100,99,1
8323,278,277,1
8324,339,339,0
8325,121,116,5
8326,324,323,1
8327,118,118,0
8328,239,238,1
8329,243,241,2
8330,298,298,0
8331,531,530,1
8332,668,668,0
8333,431,422,9
8334,110,110,0
8335,524,520,4
8336,243,241,2
8337,178,177,1
8338,171,171,0
8339,134,134,0
8340,160,160,0
8341,238,236,2
8342,111,111,0
8343,547,545,2
8344,119,119,0
8345,109,109,0
8346,116,116,0
8347,80,80,0
8348,287,286,1
8349,117,115,2
8350,115,115,0
8351,316,315,1
8352,89,89,0
8353,89,87,2
8354,528,526,2
8355,31,31,0
8356,135,135,0
8357,71,70,1
8358,112,112,0
8359,140,138,2
8360,61,61,0
8361,56,53,3
8362,62,62,0
8363,111,111,0
8364,62,62,0
8365,119,119,0
8366,220,218,2
8367,218,218,0
8368,228,228,0
8369,646,645,1
8370,822,820,2
8371,267,264,3
8372,180,180,0
8373,81,79,2
8374,650,640,10
8375,126,124,2
8376,114,114,0
8377,136,136,0
8378,518,513,5
8379,519,517,2
8380,135,135,0
8381,204,202,2
8382,61,61,0
8383,287,286,1
8384,218,218,0
8385,228,225,3
8386,94,93,1
8387,321,321,0
8388,118,118,0
8389,59,58,1
8390,72,72,0
8391,91,91,0
8392,130,130,0
8393,47,47,0
8394,76,76,0
8395,128,128,0
8396,149,149,0
8397,94,93,1
8398,278,272,6
8399,132,132,0
8400,125,124,1
8401,136,136,0
8402,333,331,2
8403,150,146,4
8404,149,149,0
8405,240,238,2
8406,116,113,3
8407,48,48,0
8408,295,294,1
8409,125,124,1
8410,103,103,0
8411,150,148,2
8412,435,428,7
8413,246,245,1
8414,242,239,3
8415,179,179,0
8416,110,109,1
8417,397,388,9
8418,38,38,0
8419,150,150,0
8420,232,228,4
8421,441,441,0
8422,407,403,4
8423,142,138,4
8424,151,151,0
8425,140,140,0
8426,209,205,4
8427,84,84,0
8428,186,185,1
8429,378,375,3
8430,100,100,0
8431,116,116,0
8432,918,913,5
8433,533,532,1
8434,262,259,3
8435,161,161,0
8436,238,237,1
8437,106,105,1
8438,101,101,0
8439,42,42,0
8440,409,407,2
8441,92,92,0
8442,51,50,1
8443,263,262,1
8444,109,109,0
8445,84,83,1
8446,60,60,0
8447,56,56,0
8448,77,77,0
8449,333,333,0
8450,150,150,0
8451,154,153,1
8452,180,176,4
8453,127,126,1
8454,192,192,0
8455,144,142,2
8456,248,248,0
8457,313,312,1
8458,133,129,4
8459,233,233,0
8460,67,67,0
8461,58,58,0
8462,89,89,0
8463,89,89,0
8464,88,88,0
8465,119,118,1
8466,158,158,0
8467,538,532,6
8468,40,40,0
8469,92,91,1
8470,92,92,0
8471,324,323,1
8472,102,102,0
8473,74,70,4
8474,117,115,2
8475,757,757,0
8476,142,142,0
8477,133,133,0
8478,364,363,1
8479,133,132,1
8480,148,148,0
8481,163,163,0
8482,105,105,0
8483,923,922,1
8484,130,129,1
8485,289,289,0
8486,137,137,0
8487,159,158,1
8488,38,38,0
8489,150,149,1
8490,298,294,4
8491,131,129,2
8492,234,232,2
8493,121,121,0
8494,121,121,0
8495,60,60,0
8496,109,109,0
8497,79,79,0
8498,179,179,0
8499,127,127,0
8500,101,101,0
8501,279,278,1
8502,73,73,0
8503,186,185,1
8504,95,95,0
8505,102,101,1
8506,63,63,0
8507,125,124,1
8508,152,150,2
8509,237,237,0
8510,123,123,0
8511,125,125,0
8512,163,163,0
8513,307,307,0
8514,312,307,5
8515,331,331,0
8516,122,122,0
8517,371,371,0
8518,254,253,1
8519,162,162,0
8520,366,366,0
8521,129,129,0
8522,134,134,0
8523,207,207,0
8524,607,603,4
8525,220,203,17
8526,161,155,6
8527,41,41,0
8528,126,126,0
8529,120,107,13
8530,37,37,0
8531,103,102,1
8532,156,155,1
8533,39,38,1
8534,74,73,1
8535,137,137,0
8536,249,247,2
8537,422,416,6
8538,188,187,1
8539,159,153,6
8540,239,239,0
8541,181,180,1
8542,157,155,2
8543,384,370,14
8544,339,337,2
8545,398,393,5
8546,115,115,0
8547,203,203,0
8548,336,335,1
8549,136,135,1
8550,176,172,4
8551,543,539,4
8552,197,197,0
8553,128,128,0
8554,205,205,0
8555,122,120,2
8556,433,433,0
8557,400,389,11
8558,180,179,1
8559,187,185,2
8560,330,329,1
8561,449,447,2
8562,690,683,7
8563,130,130,0
8564,155,154,1
8565,82,81,1
8566,116,116,0
8567,124,123,1
8568,241,241,0
8569,239,237,2
8570,119,119,0
8571,106,106,0
8572,155,155,0
8573,199,194,5
8574,229,228,1
8575,182,182,0
8576,205,205,0
8577,144,144,0
8578,90,89,1
8579,189,188,1
8580,801,796,5
8581,136,136,0
8582,131,130,1
8583,222,221,1
8584,301,301,0
8585,73,73,0
8586,215,215,0
8587,142,141,1
8588,125,123,2
8589,111,110,1
8590,155,154,1
8591,315,312,3
8592,164,162,2
8593,86,85,1
8594,98,97,1
8595,56,54,2
8596,143,143,0
8597,326,323,3
8598,372,367,5
8599,526,520,6
8600,60,60,0
8601,158,157,1
8602,167,166,1
8603,226,226,0
8604,142,141,1
8605,114,114,0
8606,122,122,0
8607,56,56,0
8608,143,143,0
8609,84,83,1
8610,663,663,0
8611,42,42,0
8612,122,122,0
8613,337,337,0
8614,374,372,2
8615,151,151,0
8616,339,337,2
8617,192,191,1
8618,399,394,5
8619,165,164,1
8620,324,323,1
8621,196,195,1
8622,353,353,0
8623,250,250,0
8624,165,161,4
8625,186,185,1
8626,121,121,0
8627,151,150,1
8628,154,151,3
8629,130,129,1
8630,213,209,4
8631,137,136,1
8632,337,335,2
8633,91,91,0
8634,156,155,1
8635,137,137,0
8636,133,132,1
8637,181,180,1
8638,502,491,11
8639,255,251,4
8640,178,177,1
8641,244,243,1
8642,170,169,1
8643,171,166,5
8644,594,587,7
8645,137,137,0
8646,299,297,2
8647,113,110,3
8648,118,118,0
8649,164,164,0
8650,146,146,0
8651,119,119,0
8652,148,148,0
8653,682,673,9
8654,929,908,21
8655,209,209,0
8656,318,315,3
8657,118,118,0
8658,118,118,0
8659,174,174,0
8660,196,196,0
8661,149,149,0
8662,323,319,4
8663,125,124,1
8664,168,168,0
8665,921,918,3
8666,280,280,0
8667,250,250,0
8668,175,175,0
8669,369,369,0
8670,178,178,0
8671,169,169,0
8672,281,281,0
8673,170,170,0
8674,149,149,0
8675,173,171,2
8676,462,454,8
8677,292,290,2
8678,134,134,0
8679,109,109,0
8680,594,594,0
8681,140,140,0
8682,257,257,0
8683,95,95,0
8684,326,326,0
8685,157,157,0
8686,320,320,0
8687,158,158,0
8688,59,59,0
8689,232,231,1
8690,300,299,1
8691,131,130,1
8692,117,117,0
8693,120,119,1
8694,493,488,5
8695,250,250,0
8696,691,686,5
8697,137,136,1
8698,119,117,2
8699,183,179,4
8700,141,139,2
8701,292,289,3
8702,283,281,2
8703,968,964,4
8704,141,140,1
8705,81,79,2
8706,282,280,2
8707,267,266,1
8708,115,115,0
8709,352,350,2
8710,205,203,2
8711,131,130,1
8712,97,96,1
8713,108,106,2
8714,325,320,5
8715,257,257,0
8716,167,161,6
8717,120,120,0
8718,171,171,0
8719,290,271,19
8720,162,160,2
8721,140,140,0
8722,205,205,0
8723,278,278,0
8724,415,414,1
8725,265,263,2
8726,449,445,4
8727,280,278,2
8728,190,190,0
8729,216,215,1
8730,117,117,0
8731,526,519,7
8732,150,147,3
8733,480,477,3
8734,425,424,1
8735,120,120,0
8736,248,245,3
8737,194,194,0
8738,553,545,8
8739,216,216,0
8740,358,357,1
8741,599,598,1
8742,126,124,2
8743,191,188,3
8744,147,146,1
8745,126,126,0
8746,269,265,4
8747,118,117,1
8748,153,151,2
8749,255,255,0
8750,701,695,6
8751,610,606,4
8752,404,402,2
8753,106,99,7
8754,108,107,1
8755,125,125,0
8756,142,141,1
8757,52,52,0
8758,265,262,3
8759,145,142,3
8760,71,71,0
8761,359,352,7
8762,457,443,14
8763,182,181,1
8764,110,110,0
8765,141,141,0
8766,155,155,0
8767,219,214,5
8768,701,691,10
8769,234,234,0
8770,181,179,2
8771,207,207,0
8772,286,282,4
8773,120,118,2
8774,637,634,3
8775,884,874,10
8776,364,361,3
8777,203,203,0
8778,234,231,3
8779,168,168,0
8780,277,273,4
8781,154,154,0
8782,121,120,1
8783,161,159,2
8784,1003,999,4
8785,168,166,2
8786,202,200,2
8787,288,288,0
8788,126,126,0
8789,454,449,5
8790,165,161,4
8791,236,231,5
8792,159,159,0
8793,56,56,0
8794,426,424,2
8795,135,132,3
8796,877,868,9
8797,370,368,2
8798,122,121,1
8799,210,208,2
8800,56,56,0
8801,161,161,0
8802,107,107,0
8803,160,157,3
8804,144,144,0
8805,994,989,5
8806,114,114,0
8807,208,208,0
8808,326,325,1
8809,410,407,3
8810,207,207,0
8811,173,171,2
8812,190,187,3
8813,163,163,0
8814,168,168,0
8815,568,563,5
8816,146,146,0
8817,161,161,0
8818,155,152,3
8819,279,277,2
8820,213,211,2
8821,80,80,0
8822,100,100,0
8823,664,661,3
8824,41,41,0
8825,117,116,1
8826,154,154,0
8827,409,407,2
8828,144,141,3
8829,247,246,1
8830,287,284,3
8831,420,417,3
8832,406,404,2
8833,206,202,4
8834,352,350,2
8835,284,283,1
8836,314,313,1
8837,312,311,1
8838,170,169,1
8839,95,94,1
8840,230,230,0
8841,139,139,0
8842,117,117,0
8843,179,178,1
8844,158,158,0
8845,733,725,8
8846,121,121,0
8847,156,154,2
8848,359,357,2
8849,121,121,0
8850,291,288,3
8851,364,363,1
8852,631,629,2
8853,260,259,1
8854,509,506,3
8855,314,312,2
8856,354,352,2
8857,273,273,0
8858,138,138,0
8859,113,112,1
8860,116,115,1
8861,119,119,0
8862,317,314,3
8863,174,174,0
8864,189,188,1
8865,135,135,0
8866,225,223,2
8867,122,121,1
8868,135,134,1
8869,131,130,1
8870,155,154,1
8871,388,387,1
8872,783,780,3
8873,275,273,2
8874,155,154,1
8875,685,682,3
8876,208,208,0
8877,182,182,0
8878,368,367,1
8879,155,155,0
8880,264,263,1
8881,106,106,0
8882,619,611,8
8883,199,199,0
8884,532,529,3
8885,634,632,2
8886,474,465,9
8887,376,376,0
8888,159,159,0
8889,285,285,0
8890,175,174,1
8891,129,128,1
8892,261,261,0
8893,443,437,6
8894,462,460,2
8895,360,360,0
8896,548,545,3
8897,250,250,0
8898,336,332,4
8899,415,413,2
8900,108,107,1
8901,444,444,0
8902,700,697,3
8903,580,571,9
8904,769,768,1
8905,355,353,2
8906,357,356,1
8907,120,120,0
8908,156,156,0
8909,350,349,1
8910,181,179,2
8911,133,131,2
8912,129,129,0
8913,132,132,0
8914,51,51,0
8915,44,44,0
8916,41,41,0
8917,407,405,2
8918,241,241,0
8919,163,162,1
8920,628,621,7
8921,224,223,1
8922,215,214,1
8923,386,386,0
8924,95,95,0
8925,442,441,1
8926,945,942,3
8927,241,237,4
8928,107,106,1
8929,128,127,1
8930,599,596,3
8931,135,132,3
8932,168,166,2
8933,122,122,0
8934,366,366,0
8935,152,151,1
8936,257,256,1
8937,188,188,0
8938,296,296,0
8939,112,111,1
8940,125,125,0
8941,308,307,1
8942,220,216,4
8943,360,359,1
8944,148,148,0
8945,144,143,1
8946,213,212,1
8947,119,118,1
8948,266,258,8
8949,195,194,1
8950,319,308,11
8951,92,92,0
8952,132,132,0
8953,132,132,0
8954,162,162,0
8955,336,336,0
8956,168,168,0
8957,778,778,0
8958,627,621,6
8959,559,558,1
8960,131,131,0
8961,487,484,3
8962,156,153,3
8963,43,43,0
8964,222,222,0
8965,562,556,6
8966,161,161,0
8967,478,474,4
8968,229,229,0
8969,191,191,0
8970,977,976,1
8971,314,311,3
8972,746,743,3
8973,136,134,2
8974,319,316,3
8975,141,141,0
8976,204,204,0
8977,238,237,1
8978,256,254,2
8979,112,110,2
8980,112,110,2
8981,176,176,0
8982,465,462,3
8983,985,985,0
8984,226,226,0
8985,648,648,0
8986,115,115,0
8987,190,187,3
8988,133,131,2
8989,161,161,0
8990,41,41,0
8991,195,195,0
8992,604,604,0
8993,122,122,0
8994,57,57,0
8995,412,411,1
8996,181,178,3
8997,500,499,1
8998,188,187,1
8999,596,596,0
9000,854,852,2
9001,691,689,2
9002,155,155,0
9003,267,266,1
9004,53,53,0
9005,348,347,1
9006,127,126,1
9007,575,571,4
9008,734,733,1
9009,149,149,0
9010,240,240,0
9011,172,171,1
9012,281,281,0
9013,216,216,0
9014,149,148,1
9015,63,63,0
9016,140,140,0
9017,105,104,1
9018,128,126,2
9019,59,58,1
9020,87,87,0
9021,117,116,1
9022,65,65,0
9023,49,49,0
9024,60,60,0
9025,83,83,0
9026,160,160,0
9027,439,433,6
9028,487,483,4
9029,146,144,2
9030,165,164,1
9031,62,62,0
9032,448,448,0
9033,165,165,0
9034,122,122,0
9035,201,201,0
9036,124,123,1
9037,160,159,1
9038,240,238,2
9039,112,112,0
9040,322,322,0
9041,144,144,0
9042,126,126,0
9043,150,149,1
9044,665,661,4
9045,174,172,2
9046,57,56,1
9047,204,199,5
9048,57,57,0
9049,739,726,13
9050,100,99,1
9051,260,253,7
9052,61,61,0
9053,88,87,1
9054,513,512,1
9055,210,205,5
9056,40,38,2
9057,389,379,10
9058,76,75,1
9059,72,72,0
9060,156,156,0
9061,142,142,0
9062,178,177,1
9063,260,259,1
9064,191,189,2
9065,163,161,2
9066,128,128,0
9067,165,164,1
9068,192,190,2
9069,232,232,0
9070,126,126,0
9071,145,142,3
9072,173,173,0
9073,553,552,1
9074,67,67,0
9075,482,479,3
9076,187,187,0
9077,37,37,0
9078,84,83,1
9079,251,247,4
9080,124,123,1
9081,314,314,0
9082,224,223,1
9083,524,518,6
9084,509,507,2
9085,416,410,6
9086,254,251,3
9087,154,154,0
9088,394,393,1
9089,143,142,1
9090,139,138,1
9091,715,712,3
9092,116,116,0
9093,176,173,3
9094,144,143,1
9095,138,138,0
9096,217,217,0
9097,193,193,0
9098,128,128,0
9099,483,483,0
9100,422,422,0
9101,267,267,0
9102,900,890,10
9103,293,291,2
9104,604,603,1
9105,183,182,1
9106,126,126,0
9107,138,138,0
9108,691,690,1
9109,159,159,0
9110,284,281,3
9111,208,208,0
9112,221,218,3
9113,175,174,1
9114,174,174,0
9115,156,154,2
9116,197,196,1
9117,160,160,0
9118,417,411,6
9119,188,188,0
9120,159,159,0
9121,150,150,0
9122,128,128,0
9123,291,291,0
9124,234,234,0
9125,610,609,1
9126,173,173,0
9127,360,358,2
9128,329,322,7
9129,260,258,2
9130,362,356,6
9131,131,131,0
9132,333,332,1
9133,165,165,0
9134,208,207,1
9135,145,144,1
9136,235,235,0
9137,199,199,0
9138,152,152,0
9139,95,95,0
9140,230,227,3
9141,189,188,1
9142,113,113,0
9143,217,213,4
9144,163,163,0
9145,301,300,1
9146,133,133,0
9147,328,327,1
9148,1004,994,10
9149,167,167,0
9150,149,148,1
9151,174,169,5
9152,164,164,0
9153,170,170,0
9154,162,162,0
9155,119,119,0
9156,215,215,0
9157,228,228,0
9158,253,249,4
9159,225,223,2
9160,140,140,0
9161,179,179,0
9162,275,275,0
9163,360,360,0
9164,162,162,0
9165,326,324,2
9166,91,90,1
9167,351,350,1
9168,148,148,0
9169,244,243,1
9170,142,141,1
9171,149,147,2
9172,194,193,1
9173,333,333,0
9174,130,129,1
9175,196,196,0
9176,180,180,0
9177,107,107,0
9178,218,218,0
9179,324,320,4
9180,116,116,0
9181,303,303,0
9182,202,202,0
9183,328,325,3
9184,146,146,0
9185,219,218,1
9186,1001,999,2
9187,592,590,2
9188,201,201,0
9189,690,690,0
9190,208,207,1
9191,167,166,1
9192,107,107,0
9193,144,144,0
9194,163,161,2
9195,234,234,0
9196,227,225,2
9197,153,153,0
9198,392,382,10
9199,420,420,0
9200,203,203,0
9201,71,70,1
9202,248,245,3
9203,301,300,1
9204,173,173,0
9205,106,104,2
9206,124,123,1
9207,112,112,0
9208,137,137,0
9209,333,329,4
9210,140,140,0
9211,122,122,0
9212,441,432,9
9213,669,664,5
9214,479,476,3
9215,442,435,7
9216,213,213,0
9217,332,331,1
9218,145,145,0
9219,441,439,2
9220,435,433,2
9221,159,159,0
9222,177,177,0
9223,216,216,0
9224,388,384,4
9225,300,299,1
9226,128,128,0
9227,101,101,0
9228,80,80,0
9229,66,66,0
9230,103,103,0
9231,115,115,0
9232,169,168,1
9233,154,154,0
9234,117,117,0
9235,397,397,0
9236,450,449,1
9237,478,476,2
9238,280,280,0
9239,210,209,1
9240,156,156,0
9241,585,581,4
9242,259,258,1
9243,125,125,0
9244,297,296,1
9245,625,623,2
9246,95,95,0
9247,185,185,0
9248,113,113,0
9249,393,391,2
9250,176,175,1
9251,118,118,0
9252,965,965,0
9253,240,240,0
9254,75,75,0
9255,128,127,1
9256,429,429,0
9257,238,238,0
9258,187,187,0
9259,472,472,0
9260,334,332,2
9261,556,551,5
9262,509,509,0
9263,958,956,2
9264,409,408,1
9265,103,103,0
9266,579,576,3
9267,198,195,3
9268,410,409,1
9269,275,275,0
9270,824,821,3
9271,157,156,1
9272,291,291,0
9273,432,431,1
9274,170,170,0
9275,489,486,3
9276,113,113,0
9277,42,42,0
9278,175,175,0
9279,528,526,2
9280,111,110,1
9281,116,115,1
9282,268,267,1
9283,653,643,10
9284,440,433,7
9285,120,120,0
9286,142,140,2
9287,248,247,1
9288,200,200,0
9289,175,175,0
9290,594,590,4
9291,130,129,1
9292,174,172,2
9293,358,358,0
9294,86,86,0
9295,674,668,6
9296,220,219,1
9297,130,130,0
9298,237,233,4
9299,223,222,1
9300,180,180,0
9301,426,423,3
9302,300,299,1
9303,356,355,1
9304,171,171,0
9305,140,139,1
9306,198,198,0
9307,185,185,0
9308,201,201,0
9309,292,284,8
9310,50,50,0
9311,142,142,0
9312,154,152,2
9313,127,123,4
9314,176,176,0
9315,97,97,0
9316,86,86,0
9317,65,64,1
9318,189,188,1
9319,159,155,4
9320,374,370,4
9321,134,133,1
9322,289,288,1
9323,161,161,0
9324,281,275,6
9325,111,111,0
9326,222,222,0
9327,102,102,0
9328,61,59,2
9329,53,53,0
9330,132,131,1
9331,61,60,1
9332,84,84,0
9333,208,208,0
9334,192,191,1
9335,71,71,0
9336,245,245,0
9337,154,154,0
9338,114,112,2
9339,204,204,0
9340,138,138,0
9341,191,189,2
9342,180,177,3
9343,120,118,2
9344,165,165,0
9345,147,144,3
9346,127,127,0
9347,123,122,1
9348,698,696,2
9349,143,141,2
9350,301,300,1
9351,158,158,0
9352,433,432,1
9353,153,153,0
9354,48,48,0
9355,147,146,1
9356,608,607,1
9357,624,623,1
9358,113,113,0
9359,99,99,0
9360,48,48,0
9361,155,151,4
9362,164,164,0
9363,668,667,1
9364,285,285,0
9365,116,115,1
9366,271,271,0
9367,130,130,0
9368,130,130,0
9369,320,319,1
9370,121,121,0
9371,325,324,1
9372,264,264,0
9373,211,210,1
9374,232,231,1
9375,122,122,0
9376,134,133,1
9377,177,177,0
9378,132,132,0
9379,257,254,3
9380,984,977,7
9381,66,65,1
9382,134,132,2
9383,488,476,12
9384,128,128,0
9385,145,145,0
9386,245,244,1
9387,169,169,0
9388,238,238,0
9389,129,129,0
9390,75,75,0
9391,112,112,0
9392,45,45,0
9393,164,164,0
9394,159,156,3
9395,88,87,1
9396,372,372,0
9397,144,144,0
9398,295,294,1
9399,202,198,4
9400,269,268,1
9401,58,57,1
9402,307,307,0
9403,806,802,4
9404,266,265,1
9405,652,644,8
9406,118,118,0
9407,141,141,0
9408,317,317,0
9409,265,264,1
9410,204,201,3
9411,262,262,0
9412,374,373,1
9413,103,103,0
9414,390,389,1
9415,330,330,0
9416,146,145,1
9417,99,99,0
9418,155,155,0
9419,105,105,0
9420,117,117,0
9421,415,414,1
9422,230,230,0
9423,134,134,0
9424,203,203,0
9425,324,324,0
9426,486,480,6
9427,171,171,0
9428,533,529,4
9429,52,52,0
9430,311,306,5
9431,195,194,1
9432,789,785,4
9433,78,78,0
9434,282,274,8
9435,133,133,0
9436,331,329,2
9437,125,125,0
9438,125,125,0
9439,135,135,0
9440,282,279,3
9441,125,119,6
9442,326,326,0
9443,330,329,1
9444,281,281,0
9445,76,76,0
9446,217,217,0
9447,222,221,1
9448,44,44,0
9449,113,112,1
9450,130,130,0
9451,237,237,0
9452,211,209,2
9453,84,83,1
9454,361,360,1
9455,357,355,2
9456,229,228,1
9457,194,190,4
9458,42,41,1
9459,84,81,3
9460,103,103,0
9461,167,167,0
9462,287,286,1
9463,145,145,0
9464,54,54,0
9465,318,318,0
9466,56,56,0
9467,165,164,1
9468,194,194,0
9469,131,131,0
9470,269,269,0
9471,179,179,0
9472,55,55,0
9473,329,327,2
9474,187,187,0
9475,116,115,1
9476,157,157,0
9477,147,147,0
9478,243,243,0
9479,371,368,3
9480,108,108,0
9481,265,264,1
9482,105,105,0
9483,215,215,0
9484,550,545,5
9485,274,274,0
9486,129,129,0
9487,142,141,1
9488,155,152,3
9489,121,120,1
9490,353,352,1
9491,327,325,2
9492,267,266,1
9493,119,119,0
9494,126,126,0
9495,124,123,1
9496,234,232,2
9497,188,188,0
9498,194,193,1
9499,129,129,0
9500,200,198,2
9501,283,283,0
9502,307,306,1
9503,137,137,0
9504,912,912,0
9505,248,245,3
9506,650,646,4
9507,133,132,1
9508,242,241,1
9509,548,544,4
9510,129,127,2
9511,162,162,0
9512,143,143,0
9513,209,209,0
9514,281,280,1
9515,229,229,0
9516,290,289,1
9517,363,363,0
9518,357,357,0
9519,525,523,2
9520,340,339,1
9521,208,207,1
9522,820,819,1
9523,136,136,0
9524,254,251,3
9525,306,306,0
9526,390,388,2
9527,115,115,0
9528,615,614,1
9529,977,976,1
9530,127,127,0
9531,181,178,3
9532,331,328,3
9533,165,164,1
9534,280,271,9
9535,390,389,1
9536,146,145,1
9537,620,619,1
9538,296,293,3
9539,302,297,5
9540,152,152,0
9541,277,277,0
9542,98,98,0
9543,202,202,0
9544,235,231,4
9545,266,266,0
9546,595,594,1
9547,92,92,0
9548,203,201,2
9549,59,59,0
9550,115,112,3
9551,251,247,4
9552,47,47,0
9553,179,170,9
9554,272,272,0
9555,289,286,3
9556,111,110,1
9557,102,102,0
9558,122,118,4
9559,180,179,1
9560,121,121,0
9561,126,126,0
9562,182,182,0
9563,212,203,9
9564,401,400,1
9565,326,324,2
9566,222,222,0
9567,185,185,0
9568,160,159,1
9569,138,131,7
9570,248,246,2
9571,138,138,0
9572,149,147,2
9573,190,190,0
9574,135,135,0
9575,146,146,0
9576,209,208,1
9577,121,121,0
9578,63,61,2
9579,264,264,0
9580,535,533,2
9581,85,84,1
9582,86,85,1
9583,77,77,0
9584,112,112,0
9585,141,140,1
9586,57,55,2
9587,215,214,1
9588,67,66,1
9589,252,245,7
9590,57,57,0
9591,230,226,4
9592,170,169,1
9593,302,297,5
9594,248,246,2
9595,233,231,2
9596,64,63,1
9597,330,330,0
9598,259,258,1
9599,40,40,0
9600,712,708,4
9601,125,125,0
9602,77,77,0
9603,119,118,1
9604,186,186,0
9605,126,125,1
9606,358,355,3
9607,255,253,2
9608,157,151,6
9609,180,176,4
9610,257,256,1
9611,59,58,1
9612,84,83,1
9613,59,59,0
9614,39,39,0
9615,71,70,1
9616,56,56,0
9617,126,125,1
9618,167,167,0
9619,166,164,2
9620,92,92,0
9621,418,413,5
9622,193,193,0
9623,303,302,1
9624,51,51,0
9625,107,106,1
9626,72,72,0
9627,160,160,0
9628,114,113,1
9629,128,128,0
9630,164,164,0
9631,201,201,0
9632,151,150,1
9633,124,124,0
9634,400,399,1
9635,130,130,0
9636,123,123,0
9637,385,384,1
9638,194,191,3
9639,195,195,0
9640,217,217,0
9641,150,150,0
9642,137,137,0
9643,223,223,0
9644,134,133,1
9645,129,128,1
9646,756,756,0
9647,89,88,1
9648,894,890,4
9649,228,227,1
9650,168,168,0
9651,517,516,1
9652,44,44,0
9653,254,254,0
9654,222,222,0
9655,120,120,0
9656,65,65,0
9657,165,164,1
9658,233,232,1
9659,52,52,0
9660,43,43,0
9661,151,150,1
9662,191,188,3
9663,105,105,0
9664,38,38,0
9665,82,82,0
9666,163,162,1
9667,161,160,1
9668,152,152,0
9669,417,414,3
9670,263,260,3
9671,305,303,2
9672,743,737,6
9673,130,130,0
9674,132,130,2
9675,446,446,0
9676,33,33,0
9677,226,226,0
9678,63,63,0
9679,298,297,1
9680,313,310,3
9681,70,70,0
9682,1527,1517,10
9683,67,67,0
9684,325,324,1
9685,173,173,0
9686,70,68,2
9687,191,191,0
9688,239,237,2
9689,221,220,1
9690,148,148,0
9691,91,91,0
9692,172,172,0
9693,240,239,1
9694,131,131,0
9695,119,118,1
9696,269,269,0
9697,155,154,1
9698,270,270,0
9699,184,184,0
9700,364,362,2
9701,134,133,1
9702,175,175,0
9703,1035,1030,5
9704,158,158,0
9705,443,442,1
9706,440,436,4
9707,355,352,3
9708,169,167,2
9709,110,109,1
9710,284,282,2
9711,323,323,0
9712,285,279,6
9713,528,523,5
9714,227,227,0
9715,63,63,0
9716,137,136,1
9717,129,129,0
9718,63,62,1
9719,124,124,0
9720,448,448,0
9721,480,480,0
9722,119,118,1
9723,57,57,0
9724,137,136,1
9725,136,136,0
9726,151,151,0
9727,322,321,1
9728,924,921,3
9729,320,317,3
9730,137,137,0
9731,529,528,1
9732,443,437,6
9733,584,580,4
9734,1004,1002,2
9735,383,381,2
9736,783,782,1
9737,659,654,5
9738,425,421,4
9739,251,250,1
9740,491,488,3
9741,173,171,2
9742,699,686,13
9743,65,65,0
9744,554,540,14
9745,405,404,1
9746,651,650,1
9747,270,269,1
9748,180,179,1
9749,195,194,1
9750,225,222,3
9751,353,353,0
9752,355,351,4
9753,226,224,2
9754,211,210,1
9755,120,119,1
9756,474,471,3
9757,785,784,1
9758,181,181,0
9759,156,154,2
9760,133,133,0
9761,204,204,0
9762,160,160,0
9763,54,54,0
9764,151,151,0
9765,283,282,1
9766,117,117,0
9767,429,428,1
9768,434,433,1
9769,327,324,3
9770,211,210,1
9771,120,119,1
9772,122,122,0
9773,146,140,6
9774,369,369,0
9775,158,156,2
9776,460,460,0
9777,147,147,0
9778,181,180,1
9779,158,155,3
9780,145,145,0
9781,257,257,0
9782,174,173,1
9783,114,113,1
9784,209,203,6
9785,99,99,0
9786,78,78,0
9787,158,156,2
9788,79,78,1
9789,144,143,1
9790,434,434,0
9791,829,823,6
9792,489,486,3
9793,434,434,0
9794,473,472,1
9795,141,140,1
9796,146,146,0
9797,178,177,1
9798,131,131,0
9799,289,288,1
9800,70,69,1
9801,84,84,0
9802,71,71,0
9803,77,77,0
9804,191,189,2
9805,133,133,0
9806,143,143,0
9807,99,96,3
9808,541,530,11
9809,190,189,1
9810,243,241,2
9811,434,417,17
9812,132,125,7
9813,217,210,7
9814,174,174,0
9815,96,96,0
9816,439,436,3
9817,180,180,0
9818,731,728,3
9819,410,410,0
9820,168,165,3
9821,159,159,0
9822,371,371,0
9823,347,346,1
9824,248,247,1
9825,169,169,0
9826,189,189,0
9827,234,234,0
9828,382,380,2
9829,120,119,1
9830,158,157,1
9831,125,122,3
9832,341,335,6
9833,153,152,1
9834,129,129,0
9835,269,268,1
9836,135,135,0
9837,349,346,3
9838,185,184,1
9839,105,105,0
9840,193,192,1
9841,144,144,0
9842,129,129,0
9843,108,107,1
9844,137,137,0
9845,300,300,0
9846,149,149,0
9847,123,123,0
9848,135,135,0
9849,159,158,1
9850,227,227,0
9851,121,120,1
9852,181,178,3
9853,219,219,0
9854,96,94,2
9855,144,143,1
9856,733,729,4
9857,142,139,3
9858,424,424,0
9859,260,258,2
9860,117,116,1
9861,150,150,0
9862,234,232,2
9863,127,127,0
9864,144,144,0
9865,161,161,0
9866,135,134,1
9867,118,118,0
9868,497,491,6
9869,375,375,0
9870,93,93,0
9871,178,176,2
9872,316,316,0
9873,160,160,0
9874,287,286,1
9875,193,192,1
9876,107,107,0
9877,752,750,2
9878,80,79,1
9879,171,155,16
9880,143,143,0
9881,157,156,1
9882,145,145,0
9883,67,67,0
9884,361,359,2
9885,91,91,0
9886,66,65,1
9887,143,142,1
9888,115,115,0
9889,183,183,0
9890,241,238,3
9891,50,49,1
9892,1010,999,11
9893,181,179,2
9894,52,51,1
9895,58,58,0
9896,325,323,2
9897,98,97,1
9898,348,347,1
9899,156,156,0
9900,162,161,1
9901,311,308,3
9902,194,194,0
9903,41,41,0
9904,50,50,0
9905,78,78,0
9906,382,380,2
9907,126,124,2
9908,159,158,1
9909,119,119,0
9910,383,383,0
9911,153,152,1
9912,426,426,0
9913,945,943,2
9914,148,147,1
9915,192,192,0
9916,134,133,1
9917,152,149,3
9918,230,230,0
9919,131,131,0
9920,185,185,0
9921,141,141,0
9922,213,213,0
9923,157,154,3
9924,271,267,4
9925,144,144,0
9926,108,107,1
9927,494,494,0
9928,579,572,7
9929,126,126,0
9930,136,135,1
9931,157,146,11
9932,649,646,3
9933,351,350,1
9934,485,481,4
9935,118,118,0
9936,129,129,0
9937,182,182,0
9938,303,302,1
9939,110,109,1
9940,190,190,0
9941,147,147,0
9942,168,167,1
9943,289,286,3
9944,207,204,3
9945,307,306,1
9946,648,645,3
9947,118,118,0
9948,122,122,0
9949,204,203,1
9950,788,787,1
9951,357,355,2
9952,119,117,2
9953,220,220,0
9954,138,134,4
9955,765,751,14
9956,158,158,0
9957,127,126,1
9958,144,144,0
9959,228,227,1
9960,210,210,0
9961,431,430,1
9962,100,99,1
9963,526,520,6
9964,317,313,4
9965,205,203,2
9966,461,458,3
9967,519,518,1
9968,573,571,2
9969,186,186,0
9970,201,200,1
9971,409,406,3
9972,399,398,1
9973,134,132,2
9974,95,95,0
9975,95,95,0
9976,103,97,6
9977,183,180,3
9978,102,101,1
9979,65,65,0
9980,60,60,0
9981,159,158,1
9982,90,90,0
9983,41,41,0
9984,124,123,1
9985,537,535,2
9986,182,182,0
9987,121,121,0
9988,184,184,0
9989,135,135,0
9990,167,167,0
9991,145,139,6
9992,58,58,0
9993,187,183,4
9994,295,295,0
9995,407,406,1
9996,155,155,0
9997,168,163,5
9998,116,114,2
9999,164,164,0
10000,152,150,2
10001,368,366,2
10002,169,163,6
10003,270,268,2
10004,179,179,0
10005,150,150,0
10006,566,564,2
10007,238,237,1
10008,105,101,4
10009,343,339,4
10010,333,330,3
10011,557,552,5
10012,254,248,6
10013,287,286,1
10014,307,306,1
10015,139,139,0
10016,272,270,2
10017,159,159,0
10018,227,227,0
10019,180,177,3
10020,161,161,0
10021,330,329,1
10022,267,259,8
10023,330,328,2
10024,229,227,2
10025,387,387,0
10026,183,183,0
10027,194,191,3
10028,182,182,0
10029,1166,1158,8
10030,182,182,0
10031,653,652,1
10032,360,360,0
10033,638,635,3
10034,111,110,1
10035,159,158,1
10036,113,113,0
10037,133,132,1
10038,297,296,1
10039,146,146,0
10040,110,108,2
10041,35,35,0
10042,139,137,2
10043,48,48,0
10044,113,113,0
10045,167,167,0
10046,151,151,0
10047,153,152,1
10048,131,131,0
10049,141,140,1
10050,465,461,4
10051,156,154,2
10052,372,371,1
10053,256,242,14
10054,328,328,0
10055,124,123,1
10056,118,116,2
10057,87,84,3
10058,214,214,0
10059,166,165,1
10060,403,401,2
10061,162,160,2
10062,113,113,0
10063,256,256,0
10064,144,144,0
10065,41,41,0
10066,300,300,0
10067,280,280,0
10068,349,346,3
10069,57,57,0
10070,39,39,0
10071,98,97,1
10072,429,427,2
10073,500,499,1
10074,155,155,0
10075,518,515,3
10076,80,80,0
10077,797,795,2
10078,180,177,3
10079,207,201,6
10080,107,107,0
10081,140,140,0
10082,571,563,8
10083,111,111,0
10084,105,105,0
10085,120,120,0
10086,52,52,0
10087,127,127,0
10088,112,111,1
10089,131,126,5
10090,422,416,6
10091,490,482,8
10092,512,508,4
10093,216,213,3
10094,516,500,16
10095,316,314,2
10096,203,203,0
10097,202,195,7
10098,167,166,1
10099,204,203,1
10100,262,261,1
10101,186,186,0
10102,169,169,0
10103,219,219,0
10104,150,150,0
10105,214,213,1
10106,237,237,0
10107,222,221,1
10108,78,78,0
10109,54,53,1
10110,473,467,6
10111,154,152,2
10112,299,292,7
10113,403,397,6
10114,49,49,0
10115,301,299,2
10116,439,436,3
10117,680,679,1
10118,140,140,0
10119,449,446,3
10120,166,166,0
10121,181,181,0
10122,423,422,1
10123,262,262,0
10124,92,92,0
10125,369,369,0
10126,149,149,0
10127,441,439,2
10128,209,192,17
10129,181,180,1
10130,366,359,7
10131,303,301,2
10132,222,222,0
10133,184,181,3
10134,156,156,0
10135,202,197,5
10136,466,462,4
10137,467,464,3
10138,180,179,1
10139,585,574,11
10140,134,133,1
10141,177,176,1
10142,47,47,0
10143,187,184,3
10144,34,32,2
10145,224,223,1
10146,121,120,1
10147,306,302,4
10148,352,352,0
10149,162,160,2
10150,177,177,0
10151,228,228,0
10152,192,192,0
10153,195,195,0
10154,248,248,0
10155,357,354,3
10156,182,176,6
10157,384,382,2
10158,109,108,1
10159,192,189,3
10160,61,60,1
10161,247,247,0
10162,220,219,1
10163,164,163,1
10164,256,256,0
10165,161,160,1
10166,129,129,0
10167,268,263,5
10168,85,83,2
10169,279,275,4
10170,125,124,1
10171,166,165,1
10172,170,170,0
10173,213,213,0
10174,76,76,0
10175,170,170,0
10176,123,123,0
10177,84,84,0
10178,145,144,1
10179,126,126,0
10180,68,68,0
10181,101,101,0
10182,180,179,1
10183,284,279,5
10184,411,410,1
10185,209,203,6
10186,249,248,1
10187,194,193,1
10188,165,163,2
10189,137,136,1
10190,216,214,2
10191,757,751,6
10192,457,457,0
10193,77,77,0
10194,531,528,3
10195,736,729,7
10196,188,188,0
10197,445,444,1
10198,50,50,0
10199,264,264,0
10200,263,263,0
10201,166,163,3
10202,212,211,1
10203,312,312,0
10204,444,441,3
10205,551,548,3
10206,195,195,0
10207,278,274,4
10208,152,152,0
10209,189,189,0
10210,406,405,1
10211,430,427,3
10212,81,81,0
10213,201,198,3
10214,258,257,1
10215,213,210,3
10216,260,260,0
10217,140,140,0
10218,475,473,2
10219,670,668,2
10220,137,136,1
10221,150,149,1
10222,146,146,0
10223,160,160,0
10224,216,213,3
10225,134,134,0
10226,137,137,0
10227,126,126,0
10228,133,133,0
10229,123,123,0
10230,137,136,1
10231,224,222,2
10232,253,249,4
10233,412,408,4
10234,218,218,0
10235,48,48,0
10236,92,92,0
10237,156,155,1
10238,228,228,0
10239,297,297,0
10240,372,372,0
10241,72,72,0
10242,126,124,2
10243,82,82,0
10244,133,133,0
10245,151,149,2
10246,132,131,1
10247,167,166,1
10248,335,332,3
10249,142,142,0
10250,277,277,0
10251,262,261,1
10252,268,268,0
10253,329,328,1
10254,229,228,1
10255,235,231,4
10256,148,147,1
10257,211,211,0
10258,318,317,1
10259,999,993,6
10260,144,143,1
10261,247,247,0
10262,140,140,0
10263,442,439,3
10264,128,128,0
10265,745,743,2
10266,473,471,2
10267,418,415,3
10268,168,164,4
10269,156,156,0
10270,224,224,0
10271,188,188,0
10272,113,113,0
10273,278,278,0
10274,137,137,0
10275,134,134,0
10276,122,118,4
10277,127,127,0
10278,140,140,0
10279,136,136,0
10280,134,134,0
10281,147,147,0
10282,947,941,6
10283,258,255,3
10284,235,234,1
10285,336,334,2
10286,309,300,9
10287,311,308,3
10288,165,165,0
10289,223,222,1
10290,172,170,2
10291,124,124,0
10292,295,293,2
10293,67,66,1
10294,76,76,0
10295,141,140,1
10296,214,207,7
10297,252,247,5
10298,521,520,1
10299,177,177,0
10300,154,154,0
10301,319,318,1
10302,125,125,0
10303,708,707,1
10304,287,287,0
10305,82,82,0
10306,288,287,1
10307,123,122,1
10308,51,48,3
10309,213,211,2
10310,231,228,3
10311,95,93,2
10312,174,174,0
10313,54,54,0
10314,113,113,0
10315,72,71,1
10316,108,108,0
10317,277,271,6
10318,133,133,0
10319,154,154,0
10320,99,99,0
10321,198,196,2
10322,182,180,2
10323,234,234,0
10324,459,447,12
10325,129,129,0
10326,129,128,1
10327,190,187,3
10328,165,164,1
10329,82,82,0
10330,59,59,0
10331,79,79,0
10332,312,308,4
10333,123,123,0
10334,296,296,0
10335,597,594,3
10336,162,162,0
10337,200,199,1
10338,581,577,4
10339,164,162,2
10340,508,507,1
10341,444,441,3
10342,113,113,0
10343,249,249,0
10344,722,719,3
10345,103,103,0
10346,567,566,1
10347,227,227,0
10348,533,532,1
10349,469,469,0
10350,308,308,0
10351,179,177,2
10352,306,306,0
10353,381,381,0
10354,131,127,4
10355,562,558,4
10356,129,128,1
10357,64,63,1
10358,119,117,2
10359,310,310,0
10360,266,265,1
10361,178,169,9
10362,216,216,0
10363,120,120,0
10364,159,158,1
10365,253,252,1
10366,212,208,4
10367,23,23,0
10368,72,71,1
10369,92,92,0
10370,197,197,0
10371,239,238,1
10372,336,334,2
10373,166,163,3
10374,1013,987,26
10375,605,602,3
10376,160,160,0
10377,322,322,0
10378,935,924,11
10379,230,230,0
10380,141,139,2
10381,219,217,2
10382,414,412,2
10383,191,190,1
10384,897,896,1
10385,431,426,5
10386,560,556,4
10387,210,208,2
10388,102,102,0
10389,966,956,10
10390,369,368,1
10391,353,353,0
10392,426,425,1
10393,234,234,0
10394,453,451,2
10395,292,289,3
10396,140,134,6
10397,136,133,3
10398,133,131,2
10399,589,585,4
10400,105,104,1
10401,257,253,4
10402,173,170,3
10403,170,170,0
10404,375,375,0
10405,791,782,9
10406,636,627,9
10407,125,124,1
10408,161,161,0
10409,59,59,0
10410,249,249,0
10411,192,192,0
10412,329,328,1
10413,80,79,1
10414,769,764,5
10415,262,262,0
10416,316,314,2
10417,871,867,4
10418,134,134,0
10419,134,134,0
10420,612,604,8
10421,834,826,8
10422,53,53,0
10423,162,161,1
10424,125,125,0
10425,125,124,1
10426,58,57,1
10427,119,118,1
10428,211,207,4
10429,123,122,1
10430,170,169,1
10431,47,47,0
10432,663,656,7
10433,203,202,1
10434,66,66,0
10435,82,82,0
10436,58,57,1
10437,79,79,0
10438,78,77,1
10439,491,486,5
10440,59,59,0
10441,204,204,0
10442,323,318,5
10443,176,176,0
10444,145,144,1
10445,164,163,1
10446,163,162,1
10447,126,126,0
10448,697,692,5
10449,121,121,0
10450,46,46,0
10451,216,215,1
10452,69,67,2
10453,81,81,0
10454,650,648,2
10455,461,461,0
10456,152,151,1
10457,155,155,0
10458,291,284,7
10459,95,93,2
10460,327,320,7
10461,128,124,4
10462,49,48,1
10463,661,659,2
10464,114,110,4
10465,276,274,2
10466,174,174,0
10467,115,115,0
10468,414,414,0
10469,156,156,0
10470,154,154,0
10471,128,127,1
10472,491,489,2
10473,236,234,2
10474,427,425,2
10475,334,334,0
10476,1300,1292,8
10477,142,140,2
10478,82,82,0
10479,483,483,0
10480,551,548,3
10481,458,456,2
10482,50,49,1
10483,173,171,2
10484,131,131,0
10485,129,129,0
10486,153,152,1
10487,178,178,0
10488,159,159,0
10489,134,131,3
10490,117,117,0
10491,966,957,9
10492,177,175,2
10493,57,57,0
10494,88,88,0
10495,121,121,0
10496,95,94,1
10497,281,280,1
10498,407,405,2
10499,205,199,6
10500,241,241,0
10501,299,298,1
10502,159,158,1
10503,649,647,2
10504,235,233,2
10505,512,512,0
10506,145,143,2
10507,220,219,1
10508,262,261,1
10509,766,762,4
10510,948,943,5
10511,62,62,0
10512,87,85,2
10513,500,497,3
10514,198,198,0
10515,251,251,0
10516,536,535,1
10517,528,527,1
10518,215,214,1
10519,100,100,0
10520,132,132,0
10521,561,559,2
10522,167,166,1
10523,144,144,0
10524,1015,1013,2
10525,95,93,2
10526,141,136,5
10527,120,118,2
10528,97,95,2
10529,138,136,2
10530,151,147,4
10531,116,115,1
10532,243,241,2
10533,188,179,9
10534,251,245,6
10535,219,211,8
10536,139,139,0
10537,117,117,0
10538,392,390,2
10539,258,255,3
10540,338,337,1
10541,141,141,0
10542,456,454,2
10543,160,160,0
10544,141,141,0
10545,330,326,4
10546,154,154,0
10547,410,409,1
10548,224,221,3
10549,96,93,3
10550,577,576,1
10551,411,411,0
10552,220,219,1
10553,155,154,1
10554,497,496,1
10555,328,328,0
10556,176,176,0
10557,530,527,3
10558,175,175,0
10559,315,313,2
10560,152,151,1
10561,105,104,1
10562,366,362,4
10563,304,304,0
10564,383,382,1
10565,424,421,3
10566,209,205,4
10567,312,311,1
10568,140,138,2
10569,323,321,2
10570,152,149,3
10571,160,159,1
10572,249,245,4
10573,104,104,0
10574,340,339,1
10575,220,220,0
10576,310,308,2
10577,176,175,1
10578,239,239,0
10579,262,260,2
10580,171,171,0
10581,106,105,1
10582,297,295,2
10583,166,164,2
10584,55,53,2
10585,171,171,0
10586,53,51,2
10587,981,970,11
10588,165,165,0
10589,383,381,2
10590,342,339,3
10591,98,98,0
10592,310,310,0
10593,549,549,0
10594,339,338,1
10595,773,771,2
10596,63,62,1
10597,50,50,0
10598,239,238,1
10599,133,133,0
10600,270,270,0
10601,43,42,1
10602,268,267,1
10603,142,142,0
10604,113,112,1
10605,150,148,2
10606,195,193,2
10607,95,92,3
10608,261,257,4
10609,127,126,1
10610,333,330,3
10611,253,249,4
10612,338,329,9
10613,188,186,2
10614,93,93,0
10615,267,266,1
10616,199,199,0
10617,119,119,0
10618,160,157,3
10619,110,109,1
10620,131,129,2
10621,134,134,0
10622,51,51,0
10623,69,69,0
10624,288,288,0
10625,126,125,1
10626,150,150,0
10627,122,121,1
10628,132,132,0
10629,475,469,6
10630,76,76,0
10631,253,252,1
10632,169,169,0
10633,175,174,1
10634,97,97,0
10635,67,67,0
10636,67,67,0
10637,60,60,0
10638,227,225,2
10639,185,183,2
10640,130,130,0
10641,47,47,0
10642,55,54,1
10643,199,198,1
10644,315,311,4
10645,143,143,0
10646,149,148,1
10647,142,142,0
10648,552,545,7
10649,129,126,3
10650,89,87,2
10651,222,222,0
10652,88,88,0
10653,117,117,0
10654,178,178,0
10655,278,275,3
10656,156,153,3
10657,74,74,0
10658,328,328,0
10659,164,164,0
10660,137,137,0
10661,317,310,7
10662,156,155,1
10663,560,557,3
10664,195,191,4
10665,227,227,0
10666,163,161,2
10667,262,260,2
10668,81,81,0
10669,198,198,0
10670,145,144,1
10671,182,182,0
10672,160,159,1
10673,150,150,0
10674,173,169,4
10675,204,202,2
10676,126,125,1
10677,110,110,0
10678,313,311,2
10679,115,115,0
10680,170,164,6
10681,188,187,1
10682,670,670,0
10683,92,92,0
10684,55,55,0
10685,34,34,0
10686,253,252,1
10687,184,183,1
10688,47,47,0
10689,47,47,0
10690,119,116,3
10691,154,153,1
10692,84,84,0
10693,82,82,0
10694,143,143,0
10695,211,211,0
10696,73,73,0
10697,160,160,0
10698,424,422,2
10699,144,144,0
10700,125,125,0
10701,118,118,0
10702,352,348,4
10703,197,197,0
10704,166,164,2
10705,54,54,0
10706,151,148,3
10707,108,107,1
10708,146,145,1
10709,139,139,0
10710,77,76,1
10711,355,351,4
10712,199,199,0
10713,887,883,4
10714,817,814,3
10715,801,798,3
10716,171,169,2
10717,109,109,0
10718,177,177,0
10719,182,181,1
10720,147,146,1
10721,217,214,3
10722,131,131,0
10723,126,126,0
10724,78,77,1
10725,139,138,1
10726,118,118,0
10727,276,274,2
10728,144,144,0
10729,162,161,1
10730,108,107,1
10731,174,174,0
10732,171,171,0
10733,299,298,1
10734,139,139,0
10735,164,164,0
10736,190,190,0
10737,459,449,10
10738,151,149,2
10739,1014,987,27
10740,206,206,0
10741,196,193,3
10742,166,163,3
10743,141,141,0
10744,870,869,1
10745,137,137,0
10746,164,162,2
10747,553,551,2
10748,121,121,0
10749,114,113,1
10750,426,420,6
10751,555,549,6
10752,312,311,1
10753,160,160,0
10754,182,181,1
10755,184,183,1
10756,330,327,3
10757,205,205,0
10758,73,73,0
10759,109,109,0
10760,202,201,1
10761,93,93,0
10762,59,59,0
10763,105,105,0
10764,108,107,1
10765,172,171,1
10766,211,211,0
10767,85,84,1
10768,131,131,0
10769,97,97,0
10770,462,462,0
10771,132,132,0
10772,50,50,0
10773,281,280,1
10774,90,90,0
10775,181,179,2
10776,114,114,0
10777,600,596,4
10778,213,209,4
10779,391,379,12
10780,341,340,1
10781,424,422,2
10782,154,153,1
10783,170,170,0
10784,132,132,0
10785,412,412,0
10786,378,378,0
10787,456,452,4
10788,203,202,1
10789,757,742,15
10790,224,222,2
10791,632,631,1
10792,236,230,6
10793,240,240,0
10794,135,135,0
10795,159,159,0
10796,131,129,2
10797,105,105,0
10798,257,255,2
10799,420,420,0
10800,117,116,1
10801,147,145,2
10802,292,284,8
10803,106,106,0
10804,138,138,0
10805,165,164,1
10806,106,106,0
10807,188,186,2
10808,204,201,3
10809,662,661,1
10810,179,178,1
10811,369,367,2
10812,343,340,3
10813,126,125,1
10814,52,52,0
10815,58,57,1
10816,41,41,0
10817,178,176,2
10818,283,283,0
10819,135,135,0
10820,330,328,2
10821,129,129,0
10822,269,269,0
10823,253,253,0
10824,146,145,1
10825,411,410,1
10826,764,757,7
10827,210,209,1
10828,51,51,0
10829,79,79,0
10830,54,54,0
10831,629,629,0
10832,200,200,0
10833,185,185,0
10834,88,88,0
10835,130,128,2
10836,542,539,3
10837,248,242,6
10838,1050,1046,4
10839,143,143,0
10840,183,183,0
10841,161,159,2
10842,258,258,0
10843,131,129,2
10844,285,282,3
10845,140,138,2
10846,165,165,0
10847,209,209,0
10848,97,95,2
10849,76,76,0
10850,150,150,0
10851,239,238,1
10852,196,196,0
10853,136,135,1
10854,343,340,3
10855,142,142,0
10856,134,132,2
10857,186,186,0
10858,148,148,0
10859,141,140,1
10860,158,157,1
10861,108,107,1
10862,118,117,1
10863,130,130,0
10864,86,86,0
10865,159,159,0
10866,108,108,0
10867,126,124,2
10868,210,208,2
10869,168,168,0
10870,333,330,3
10871,106,105,1
10872,138,137,1
10873,43,43,0
10874,43,43,0
10875,86,86,0
10876,223,223,0
10877,141,141,0
10878,135,123,12
10879,210,208,2
10880,178,177,1
10881,372,371,1
10882,123,123,0
10883,145,145,0
10884,147,146,1
10885,98,96,2
10886,152,149,3
10887,528,522,6
10888,364,364,0
10889,179,178,1
10890,174,172,2
10891,140,138,2
10892,162,162,0
10893,221,221,0
10894,89,89,0
10895,327,326,1
10896,133,133,0
10897,160,160,0
10898,132,132,0
10899,116,116,0
10900,144,143,1
10901,258,254,4
10902,107,103,4
10903,259,257,2
10904,71,69,2
10905,92,92,0
10906,144,142,2
10907,165,165,0
10908,86,85,1
10909,131,131,0
10910,241,240,1
10911,171,168,3
10912,151,150,1
10913,191,190,1
10914,424,423,1
10915,246,241,5
10916,58,58,0
10917,58,58,0
10918,86,86,0
10919,244,243,1
10920,252,251,1
10921,30,30,0
10922,109,107,2
10923,106,104,2
10924,263,263,0
10925,54,54,0
10926,270,269,1
10927,171,168,3
10928,372,372,0
10929,210,209,1
10930,326,324,2
10931,264,263,1
10932,114,113,1
10933,140,140,0
10934,171,171,0
10935,136,136,0
10936,148,146,2
10937,125,125,0
10938,113,113,0
10939,314,313,1
10940,525,524,1
10941,138,136,2
10942,150,150,0
10943,204,203,1
10944,269,269,0
10945,197,196,1
10946,207,204,3
10947,343,342,1
10948,84,83,1
10949,141,137,4
10950,119,118,1
10951,164,163,1
10952,131,131,0
10953,153,153,0
10954,173,168,5
10955,114,114,0
10956,278,278,0
10957,201,201,0
10958,369,364,5
10959,127,127,0
10960,176,176,0
10961,613,602,11
10962,269,268,1
10963,311,311,0
10964,390,389,1
10965,200,199,1
10966,182,182,0
10967,19,19,0
10968,140,139,1
10969,327,325,2
10970,433,432,1
10971,250,249,1
10972,322,320,2
10973,65,64,1
10974,151,151,0
10975,488,474,14
10976,172,172,0
10977,633,626,7
10978,706,698,8
10979,80,80,0
10980,120,120,0
10981,171,170,1
10982,66,66,0
10983,113,112,1
10984,364,363,1
10985,349,346,3
10986,144,144,0
10987,196,196,0
10988,166,164,2
10989,573,572,1
10990,212,212,0
10991,93,93,0
10992,397,396,1
10993,578,573,5
10994,295,294,1
10995,76,76,0
10996,273,272,1
10997,284,284,0
10998,70,69,1
10999,79,79,0
11000,167,167,0
11001,470,470,0
11002,342,342,0
11003,169,169,0
11004,188,185,3
11005,935,932,3
11006,169,169,0
11007,421,421,0
11008,166,164,2
11009,168,168,0
11010,184,183,1
11011,167,161,6
11012,312,311,1
11013,92,90,2
11014,257,250,7
11015,216,212,4
11016,365,361,4
11017,371,371,0
11018,926,921,5
11019,190,188,2
11020,511,511,0
11021,952,943,9
11022,703,697,6
11023,329,329,0
11024,1002,999,3
11025,79,78,1
11026,195,195,0
11027,121,121,0
11028,78,78,0
11029,172,172,0
11030,179,179,0
11031,122,122,0
11032,360,359,1
11033,282,281,1
11034,167,167,0
11035,447,445,2
11036,137,136,1
11037,449,449,0
11038,84,84,0
11039,236,235,1
11040,302,300,2
11041,92,91,1
11042,84,84,0
11043,306,305,1
11044,204,203,1
11045,155,154,1
11046,172,172,0
11047,171,170,1
11048,57,56,1
11049,123,121,2
11050,143,142,1
11051,133,132,1
11052,48,48,0
11053,136,136,0
11054,131,130,1
11055,164,162,2
11056,307,307,0
11057,221,217,4
11058,139,138,1
11059,213,213,0
11060,230,229,1
11061,370,369,1
11062,345,342,3
11063,114,114,0
11064,140,140,0
11065,288,284,4
11066,130,130,0
11067,141,140,1
11068,687,668,19
11069,44,44,0
11070,37,37,0
11071,69,69,0
11072,30,30,0
11073,152,152,0
11074,58,58,0
11075,103,103,0
11076,391,388,3
11077,458,452,6
11078,129,129,0
11079,150,150,0
11080,60,59,1
11081,62,62,0
11082,87,87,0
11083,251,249,2
11084,144,144,0
11085,535,535,0
11086,152,152,0
11087,479,478,1
11088,169,169,0
11089,733,731,2
11090,534,534,0
11091,201,195,6
11092,135,135,0
11093,1031,1028,3
11094,303,303,0
11095,139,139,0
11096,66,65,1
11097,190,190,0
11098,184,182,2
11099,91,90,1
11100,129,129,0
11101,713,713,0
11102,114,113,1
11103,107,106,1
11104,244,242,2
11105,47,47,0
11106,298,298,0
11107,95,95,0
11108,184,183,1
11109,125,124,1
11110,252,252,0
11111,472,471,1
11112,301,301,0
11113,139,139,0
11114,170,170,0
11115,478,477,1
11116,211,211,0
11117,181,180,1
11118,395,391,4
11119,696,693,3
11120,173,173,0
11121,168,168,0
11122,140,139,1
11123,122,122,0
11124,119,119,0
11125,131,131,0
11126,200,199,1
11127,396,395,1
11128,199,199,0
11129,220,220,0
11130,160,159,1
11131,187,185,2
11132,157,154,3
11133,288,288,0
11134,342,341,1
11135,332,331,1
11136,329,327,2
11137,225,224,1
11138,153,153,0
11139,46,46,0
11140,482,480,2
11141,402,401,1
11142,78,78,0
11143,147,146,1
11144,296,295,1
11145,381,378,3
11146,177,176,1
11147,478,476,2
11148,831,821,10
11149,591,583,8
11150,155,153,2
11151,321,321,0
11152,32,32,0
11153,161,160,1
11154,92,92,0
11155,64,64,0
11156,194,193,1
11157,45,45,0
11158,201,200,1
11159,85,84,1
11160,652,643,9
11161,66,66,0
11162,506,504,2
11163,102,101,1
11164,809,807,2
11165,176,176,0
11166,349,348,1
11167,178,178,0
11168,195,190,5
11169,266,264,2
11170,213,210,3
11171,160,159,1
11172,381,377,4
11173,267,266,1
11174,516,510,6
11175,111,110,1
11176,290,287,3
11177,233,233,0
11178,356,355,1
11179,250,249,1
11180,170,170,0
11181,440,432,8
11182,348,338,10
11183,208,206,2
11184,552,551,1
11185,583,581,2
11186,51,51,0
11187,85,81,4
11188,154,154,0
11189,353,349,4
11190,112,111,1
11191,148,147,1
11192,115,112,3
11193,107,107,0
11194,169,168,1
11195,120,119,1
11196,137,137,0
11197,205,205,0
11198,129,127,2
11199,169,169,0
11200,374,365,9
11201,264,258,6
11202,191,191,0
11203,60,60,0
11204,295,293,2
11205,143,139,4
11206,148,146,2
11207,159,158,1
11208,282,281,1
11209,443,439,4
11210,203,203,0
11211,101,100,1
11212,711,707,4
11213,144,144,0
11214,691,688,3
11215,137,137,0
11216,139,139,0
11217,152,150,2
11218,410,409,1
11219,258,258,0
11220,263,263,0
11221,226,226,0
11222,231,231,0
11223,591,591,0
11224,364,358,6
11225,650,648,2
11226,170,170,0
11227,293,293,0
11228,219,219,0
11229,633,631,2
11230,469,466,3
11231,626,625,1
11232,970,970,0
11233,277,276,1
11234,499,498,1
11235,304,304,0
11236,577,577,0
11237,633,629,4
11238,133,133,0
11239,106,103,3
11240,101,100,1
11241,92,92,0
11242,346,345,1
11243,542,539,3
11244,145,145,0
11245,158,158,0
11246,318,318,0
11247,139,138,1
11248,50,49,1
11249,44,43,1
11250,174,173,1
11251,59,59,0
11252,83,83,0
11253,731,723,8
11254,272,272,0
11255,462,462,0
11256,231,229,2
11257,350,346,4
11258,146,146,0
11259,59,59,0
11260,129,129,0
11261,73,73,0
11262,86,86,0
11263,161,161,0
11264,251,251,0
11265,71,71,0
11266,122,122,0
11267,101,101,0
11268,123,123,0
11269,51,51,0
11270,137,137,0
11271,135,135,0
11272,130,130,0
11273,264,264,0
11274,545,545,0
11275,85,85,0
11276,168,168,0
11277,139,137,2
11278,1012,1003,9
11279,126,125,1
11280,256,254,2
11281,458,454,4
11282,218,218,0
11283,161,154,7
11284,121,121,0
11285,172,172,0
11286,145,145,0
11287,116,116,0
11288,224,223,1
11289,308,308,0
11290,257,257,0
11291,99,96,3
11292,125,124,1
11293,495,495,0
11294,171,171,0
11295,197,195,2
11296,95,95,0
11297,326,325,1
11298,59,59,0
11299,282,279,3
11300,150,149,1
11301,161,161,0
11302,126,126,0
11303,127,127,0
11304,293,292,1
11305,303,302,1
11306,347,343,4
11307,775,767,8
11308,162,158,4
11309,122,122,0
11310,593,586,7
11311,300,299,1
11312,314,311,3
11313,296,295,1
11314,282,282,0
11315,514,507,7
11316,137,136,1
11317,65,65,0
11318,155,155,0
11319,160,160,0
11320,1009,1002,7
11321,229,227,2
11322,168,168,0
11323,164,163,1
11324,207,204,3
11325,133,131,2
11326,129,127,2
11327,112,111,1
11328,72,71,1
11329,107,107,0
11330,74,74,0
11331,242,240,2
11332,248,248,0
11333,714,700,14
11334,252,252,0
11335,425,421,4
11336,563,554,9
11337,275,273,2
11338,119,118,1
11339,154,153,1
11340,108,107,1
11341,164,160,4
11342,139,139,0
11343,144,143,1
11344,268,267,1
11345,453,452,1
11346,270,269,1
11347,218,217,1
11348,80,79,1
11349,174,171,3
11350,394,393,1
11351,133,133,0
11352,231,231,0
11353,953,948,5
11354,256,254,2
11355,258,258,0
11356,275,273,2
11357,171,166,5
11358,124,123,1
11359,428,427,1
11360,365,364,1
11361,148,148,0
11362,723,698,25
11363,193,190,3
11364,231,220,11
11365,616,610,6
11366,300,298,2
11367,125,125,0
11368,125,125,0
11369,130,129,1
11370,125,125,0
11371,116,114,2
11372,284,282,2
11373,272,270,2
11374,454,454,0
11375,138,136,2
11376,637,636,1
11377,147,146,1
11378,146,146,0
11379,168,166,2
11380,416,411,5
11381,285,281,4
11382,617,616,1
11383,416,414,2
11384,44,44,0
11385,215,213,2
11386,455,443,12
11387,194,194,0
11388,89,89,0
11389,64,64,0
11390,52,52,0
11391,49,49,0
11392,228,227,1
11393,90,88,2
11394,44,44,0
11395,48,48,0
11396,45,45,0
11397,68,68,0
11398,133,133,0
11399,131,130,1
11400,150,149,1
11401,171,170,1
11402,483,481,2
11403,138,138,0
11404,169,169,0
11405,234,233,1
11406,47,47,0
11407,128,127,1
11408,326,323,3
11409,98,98,0
11410,122,122,0
11411,117,117,0
11412,126,126,0
11413,89,88,1
11414,82,82,0
11415,200,196,4
11416,79,79,0
11417,59,59,0
11418,77,77,0
11419,48,47,1
11420,73,72,1
11421,135,133,2
11422,112,112,0
11423,930,926,4
11424,54,54,0
11425,140,140,0
11426,127,126,1
11427,124,124,0
11428,57,57,0
11429,639,638,1
11430,125,125,0
11431,164,164,0
11432,320,309,11
11433,174,174,0
11434,374,373,1
11435,161,161,0
11436,373,372,1
11437,139,139,0
11438,218,216,2
11439,269,265,4
11440,457,457,0
11441,275,272,3
11442,538,535,3
11443,144,142,2
11444,161,159,2
11445,182,178,4
11446,214,213,1
11447,135,135,0
11448,375,372,3
11449,159,159,0
11450,115,114,1
11451,96,96,0
11452,103,102,1
11453,175,175,0
11454,962,951,11
11455,132,132,0
11456,206,205,1
11457,137,136,1
11458,444,438,6
11459,176,176,0
11460,601,600,1
11461,253,253,0
11462,154,154,0
11463,192,192,0
11464,359,359,0
11465,352,345,7
11466,370,366,4
11467,125,123,2
11468,315,315,0
11469,229,229,0
11470,162,160,2
11471,129,129,0
11472,198,196,2
11473,236,233,3
11474,120,120,0
11475,116,116,0
11476,118,118,0
11477,158,158,0
11478,96,95,1
11479,460,457,3
11480,225,225,0
11481,228,225,3
11482,126,125,1
11483,167,167,0
11484,267,264,3
11485,636,634,2
11486,986,981,5
11487,268,266,2
11488,312,311,1
11489,187,186,1
11490,126,124,2
11491,165,165,0
11492,129,129,0
11493,155,154,1
11494,143,143,0
11495,183,183,0
11496,115,114,1
11497,39,39,0
11498,255,251,4
11499,170,170,0
11500,132,130,2
11501,378,373,5
11502,343,340,3
11503,180,172,8
11504,138,138,0
11505,242,240,2
11506,170,165,5
11507,412,408,4
11508,195,188,7
11509,176,174,2
11510,193,192,1
11511,108,108,0
11512,111,108,3
11513,163,163,0
11514,195,191,4
11515,233,230,3
11516,144,142,2
11517,256,256,0
11518,123,123,0
11519,135,130,5
11520,116,116,0
11521,417,414,3
11522,135,135,0
11523,357,355,2
11524,121,120,1
11525,220,216,4
11526,109,108,1
11527,38,38,0
11528,75,75,0
11529,146,144,2
11530,213,212,1
11531,180,179,1
11532,314,309,5
11533,534,534,0
11534,127,126,1
11535,296,294,2
11536,200,198,2
11537,158,158,0
11538,174,173,1
11539,279,279,0
11540,131,130,1
11541,122,121,1
11542,145,145,0
11543,408,404,4
11544,143,143,0
11545,309,308,1
11546,134,133,1
11547,305,304,1
11548,112,111,1
11549,261,256,5
11550,363,360,3
11551,324,323,1
11552,449,449,0
11553,110,110,0
11554,201,196,5
11555,54,54,0
11556,110,109,1
11557,209,208,1
11558,181,181,0
11559,152,152,0
11560,168,168,0
11561,167,167,0
11562,130,130,0
11563,353,352,1
11564,469,463,6
11565,165,165,0
11566,60,60,0
11567,490,489,1
11568,170,169,1
11569,314,314,0
11570,418,418,0
11571,222,222,0
11572,242,242,0
11573,115,115,0
11574,158,158,0
11575,163,160,3
11576,960,949,11
11577,752,747,5
11578,366,365,1
11579,323,322,1
11580,167,167,0
11581,182,182,0
11582,1006,1003,3
11583,260,260,0
11584,112,112,0
11585,72,72,0
11586,123,123,0
11587,198,198,0
11588,1008,1001,7
11589,197,196,1
11590,356,354,2
11591,344,342,2
11592,551,550,1
11593,173,173,0
11594,279,278,1
11595,411,409,2
11596,216,214,2
11597,466,463,3
11598,247,244,3
11599,185,184,1
11600,449,441,8
11601,358,356,2
11602,129,127,2
11603,132,128,4
11604,351,348,3
11605,146,146,0
11606,184,182,2
11607,121,120,1
11608,268,268,0
11609,198,198,0
11610,138,137,1
11611,163,162,1
11612,159,159,0
11613,174,174,0
11614,206,203,3
11615,427,420,7
11616,337,337,0
11617,199,199,0
11618,326,317,9
11619,119,119,0
11620,237,237,0
11621,78,78,0
11622,164,164,0
11623,114,114,0
11624,142,137,5
11625,151,146,5
11626,757,748,9
11627,403,401,2
11628,62,62,0
11629,263,258,5
11630,141,141,0
11631,118,116,2
11632,773,766,7
11633,147,147,0
11634,268,268,0
11635,699,689,10
11636,307,306,1
11637,152,152,0
11638,113,113,0
11639,626,624,2
11640,306,304,2
11641,690,684,6
11642,477,466,11
11643,292,292,0
11644,346,344,2
11645,212,209,3
11646,313,309,4
11647,176,175,1
11648,150,147,3
11649,371,368,3
11650,176,171,5
11651,128,126,2
11652,139,139,0
11653,185,185,0
11654,152,152,0
11655,129,129,0
11656,138,137,1
11657,277,274,3
11658,189,189,0
11659,155,155,0
11660,245,245,0
11661,249,249,0
11662,205,204,1
11663,306,306,0
11664,205,204,1
11665,124,122,2
11666,196,196,0
11667,122,122,0
11668,43,43,0
11669,142,141,1
11670,156,156,0
11671,158,157,1
11672,58,58,0
11673,148,148,0
11674,436,435,1
11675,127,127,0
11676,425,423,2
11677,259,249,10
11678,1005,1003,2
11679,165,164,1
11680,175,175,0
11681,636,628,8
11682,362,358,4
11683,320,312,8
11684,150,150,0
11685,418,416,2
11686,294,293,1
11687,100,100,0
11688,185,184,1
11689,264,263,1
11690,133,133,0
11691,176,176,0
11692,302,299,3
11693,849,837,12
11694,168,167,1
11695,222,221,1
11696,135,134,1
11697,207,204,3
11698,151,150,1
11699,145,143,2
11700,261,261,0
11701,134,134,0
11702,468,456,12
11703,329,327,2
11704,141,139,2
11705,667,665,2
11706,228,227,1
11707,407,403,4
11708,352,351,1
11709,255,254,1
11710,562,557,5
11711,127,125,2
11712,128,126,2
11713,115,115,0
11714,293,292,1
11715,242,242,0
11716,182,182,0
11717,48,48,0
11718,64,63,1
11719,335,333,2
11720,240,238,2
11721,101,100,1
11722,212,209,3
11723,249,249,0
11724,120,120,0
11725,135,135,0
11726,135,135,0
11727,102,98,4
11728,110,110,0
11729,153,152,1
11730,130,129,1
11731,130,130,0
11732,184,184,0
11733,127,127,0
11734,142,141,1
11735,154,154,0
11736,166,166,0
11737,113,113,0
11738,131,129,2
11739,333,329,4
11740,159,159,0
11741,113,113,0
11742,189,188,1
11743,227,225,2
11744,196,195,1
11745,104,104,0
11746,143,143,0
11747,151,151,0
11748,222,216,6
11749,156,156,0
11750,426,425,1
11751,167,167,0
11752,197,196,1
11753,166,166,0
11754,258,258,0
11755,171,171,0
11756,120,119,1
11757,34,34,0
11758,303,303,0
11759,172,172,0
11760,394,383,11
11761,165,162,3
11762,135,135,0
11763,196,190,6
11764,148,140,8
11765,301,301,0
11766,151,151,0
11767,130,130,0
11768,226,223,3
11769,387,387,0
11770,505,500,5
11771,506,499,7
11772,156,156,0
11773,649,644,5
11774,763,760,3
11775,580,579,1
11776,441,436,5
11777,179,173,6
11778,526,524,2
11779,116,114,2
11780,166,165,1
11781,529,524,5
11782,563,561,2
11783,875,873,2
11784,207,204,3
11785,509,507,2
11786,168,168,0
11787,50,50,0
11788,661,657,4
11789,134,134,0
11790,334,332,2
11791,164,164,0
11792,1006,1001,5
11793,190,190,0
11794,498,498,0
11795,276,276,0
11796,165,165,0
11797,90,89,1
11798,595,594,1
11799,331,327,4
11800,138,138,0
11801,92,92,0
11802,153,153,0
11803,598,596,2
11804,85,85,0
11805,28,28,0
11806,124,124,0
11807,85,85,0
11808,173,173,0
11809,248,248,0
11810,398,398,0
11811,124,124,0
11812,444,439,5
11813,418,418,0
11814,431,428,3
11815,332,328,4
11816,420,420,0
11817,222,222,0
11818,212,209,3
11819,196,196,0
11820,204,203,1
11821,95,93,2
11822,187,186,1
11823,236,235,1
11824,151,151,0
11825,506,504,2
11826,106,106,0
11827,252,252,0
11828,313,311,2
11829,249,249,0
11830,128,128,0
11831,359,358,1
11832,140,140,0
11833,300,300,0
11834,202,200,2
11835,165,165,0
11836,145,144,1
11837,296,296,0
11838,115,115,0
11839,246,244,2
11840,501,495,6
11841,446,445,1
11842,108,108,0
11843,207,205,2
11844,167,167,0
11845,150,150,0
11846,76,75,1
11847,391,391,0
11848,235,234,1
11849,668,665,3
11850,564,562,2
11851,297,296,1
11852,135,133,2
11853,144,143,1
11854,178,178,0
11855,338,337,1
11856,456,453,3
11857,68,68,0
11858,153,150,3
11859,244,240,4
11860,128,127,1
11861,113,113,0
11862,871,869,2
11863,191,189,2
11864,154,154,0
11865,77,77,0
11866,160,156,4
11867,149,149,0
11868,208,205,3
11869,152,150,2
11870,174,174,0
11871,417,415,2
11872,700,698,2
11873,677,674,3
11874,417,416,1
11875,256,254,2
11876,52,52,0
11877,155,155,0
11878,125,124,1
11879,519,514,5
11880,176,175,1
11881,906,904,2
11882,210,209,1
11883,128,128,0
11884,281,281,0
11885,172,171,1
11886,299,298,1
11887,848,846,2
11888,246,246,0
11889,149,149,0
11890,373,373,0
11891,219,218,1
11892,392,392,0
11893,690,686,4
11894,273,272,1
11895,560,556,4
11896,278,276,2
11897,185,185,0
11898,573,571,2
11899,207,207,0
11900,209,209,0
11901,123,123,0
11902,423,422,1
11903,302,297,5
11904,157,157,0
11905,344,342,2
11906,149,149,0
11907,204,204,0
11908,391,391,0
11909,375,373,2
11910,148,148,0
11911,236,235,1
11912,843,843,0
11913,167,167,0
11914,208,206,2
11915,282,282,0
11916,183,180,3
11917,143,139,4
11918,225,225,0
11919,132,131,1
11920,160,160,0
11921,38,35,3
11922,70,70,0
11923,153,148,5
11924,117,116,1
11925,59,57,2
11926,70,69,1
11927,94,94,0
11928,43,43,0
11929,169,167,2
11930,140,138,2
11931,137,137,0
11932,204,202,2
11933,144,142,2
11934,158,156,2
11935,118,118,0
11936,306,306,0
11937,379,379,0
11938,484,480,4
11939,203,203,0
11940,206,203,3
11941,95,95,0
11942,86,84,2
11943,135,135,0
11944,121,118,3
11945,167,167,0
11946,54,52,2
11947,65,64,1
11948,188,176,12
11949,50,46,4
11950,204,195,9
11951,420,416,4
11952,200,195,5
11953,171,169,2
11954,96,96,0
11955,219,219,0
11956,149,147,2
11957,167,167,0
11958,126,126,0
11959,92,92,0
11960,258,258,0
11961,174,174,0
11962,54,54,0
11963,117,117,0
11964,380,379,1
11965,187,186,1
11966,212,212,0
11967,203,203,0
11968,292,291,1
11969,242,241,1
11970,652,652,0
11971,377,376,1
11972,469,468,1
11973,135,135,0
11974,521,520,1
11975,318,318,0
11976,284,284,0
11977,161,161,0
11978,552,552,0
11979,274,274,0
11980,495,490,5
11981,384,383,1
11982,345,345,0
11983,224,223,1
11984,289,288,1
11985,411,410,1
11986,123,123,0
11987,187,187,0
11988,289,288,1
11989,244,244,0
11990,202,200,2
11991,237,237,0
11992,108,108,0
11993,274,271,3
11994,415,413,2
11995,136,134,2
11996,146,141,5
11997,159,158,1
11998,544,541,3
11999,109,107,2
12000,121,121,0
12001,44,43,1
12002,34,33,1
12003,186,185,1
12004,148,145,3
12005,167,165,2
12006,153,150,3
12007,155,155,0
12008,651,649,2
12009,56,56,0
12010,416,413,3
12011,201,196,5
12012,538,538,0
12013,119,118,1
12014,155,155,0
12015,338,338,0
12016,212,212,0
12017,369,369,0
12018,343,342,1
12019,389,389,0
12020,176,174,2
12021,805,805,0
12022,623,621,2
12023,528,525,3
12024,403,403,0
12025,126,126,0
12026,546,546,0
12027,112,112,0
12028,846,838,8
12029,80,80,0
12030,463,457,6
12031,47,47,0
12032,481,476,5
12033,111,106,5
12034,177,176,1
12035,354,353,1
12036,126,126,0
12037,150,150,0
12038,126,126,0
12039,153,146,7
12040,152,151,1
12041,247,241,6
12042,76,75,1
12043,363,363,0
12044,119,117,2
12045,270,264,6
12046,128,128,0
12047,136,131,5
12048,283,282,1
12049,121,121,0
12050,159,159,0
12051,193,191,2
12052,116,116,0
12053,292,291,1
12054,129,128,1
12055,198,196,2
12056,223,219,4
12057,244,244,0
12058,138,135,3
12059,116,116,0
12060,213,211,2
12061,169,169,0
12062,291,288,3
12063,57,54,3
12064,148,148,0
12065,152,151,1
12066,109,107,2
12067,327,325,2
12068,105,105,0
12069,180,179,1
12070,53,53,0
12071,105,105,0
12072,286,283,3
12073,381,376,5
12074,148,144,4
12075,129,129,0
12076,445,442,3
12077,136,136,0
12078,411,407,4
12079,121,121,0
12080,310,307,3
12081,126,126,0
12082,111,109,2
12083,169,167,2
12084,69,69,0
12085,236,236,0
12086,459,458,1
12087,278,275,3
12088,138,138,0
12089,98,98,0
12090,168,168,0
12091,197,193,4
12092,491,490,1
12093,69,69,0
12094,320,319,1
12095,113,113,0
12096,147,146,1
12097,69,66,3
12098,283,281,2
12099,73,72,1
12100,63,63,0
12101,113,113,0
12102,118,117,1
12103,162,161,1
12104,139,139,0
12105,137,137,0
12106,95,95,0
12107,81,80,1
12108,109,109,0
12109,331,329,2
12110,385,368,17
12111,193,193,0
12112,681,681,0
12113,573,562,11
12114,168,168,0
12115,460,456,4
12116,44,43,1
12117,632,609,23
12118,573,572,1
12119,125,125,0
12120,342,335,7
12121,233,232,1
12122,260,260,0
12123,83,83,0
12124,35,35,0
12125,115,115,0
12126,130,130,0
12127,110,108,2
12128,52,50,2
12129,81,79,2
12130,87,86,1
12131,224,222,2
12132,170,169,1
12133,154,146,8
12134,136,135,1
12135,232,231,1
12136,402,401,1
12137,344,344,0
12138,156,156,0
12139,129,129,0
12140,156,154,2
12141,57,57,0
12142,883,870,13
12143,42,42,0
12144,86,86,0
12145,175,175,0
12146,89,88,1
12147,104,104,0
12148,48,48,0
12149,193,193,0
12150,186,186,0
12151,896,893,3
12152,58,58,0
12153,917,908,9
12154,238,237,1
12155,51,51,0
12156,69,69,0
12157,127,127,0
12158,88,88,0
12159,132,132,0
12160,88,88,0
12161,87,87,0
12162,356,355,1
12163,123,123,0
12164,319,316,3
12165,181,180,1
12166,285,284,1
12167,669,667,2
12168,171,170,1
12169,169,169,0
12170,400,399,1
12171,832,828,4
12172,379,376,3
12173,140,140,0
12174,194,191,3
12175,128,127,1
12176,344,344,0
12177,120,120,0
12178,218,218,0
12179,123,123,0
12180,277,275,2
12181,614,608,6
12182,129,129,0
12183,154,152,2
12184,268,268,0
12185,259,259,0
12186,156,155,1
12187,429,428,1
12188,110,109,1
12189,128,128,0
12190,677,675,2
12191,403,401,2
12192,171,171,0
12193,291,287,4
12194,174,174,0
12195,113,113,0
12196,113,113,0
12197,313,312,1
12198,188,188,0
12199,374,374,0
12200,463,462,1
12201,240,239,1
12202,130,129,1
12203,273,273,0
12204,264,264,0
12205,175,174,1
12206,117,115,2
12207,135,135,0
12208,158,157,1
12209,188,188,0
12210,469,469,0
12211,165,165,0
12212,212,211,1
12213,600,586,14
12214,233,233,0
12215,138,138,0
12216,283,283,0
12217,221,220,1
12218,104,104,0
12219,127,127,0
12220,407,406,1
12221,76,76,0
12222,631,622,9
12223,189,188,1
12224,190,187,3
12225,72,72,0
12226,118,118,0
12227,49,49,0
12228,84,82,2
12229,153,152,1
12230,130,129,1
12231,845,838,7
12232,128,126,2
12233,108,107,1
12234,362,361,1
12235,143,143,0
12236,99,99,0
12237,171,170,1
12238,676,672,4
12239,563,562,1
12240,144,143,1
12241,109,109,0
12242,174,174,0
12243,127,127,0
12244,182,181,1
12245,194,192,2
12246,257,255,2
12247,100,99,1
12248,163,163,0
12249,573,565,8
12250,92,91,1
12251,370,370,0
12252,258,258,0
12253,803,799,4
12254,110,107,3
12255,637,630,7
12256,360,354,6
12257,312,310,2
12258,503,503,0
12259,234,234,0
12260,112,112,0
12261,180,180,0
12262,134,134,0
12263,126,123,3
12264,418,414,4
12265,371,367,4
12266,122,122,0
12267,138,138,0
12268,117,116,1
12269,179,177,2
12270,247,247,0
12271,381,379,2
12272,346,346,0
12273,521,513,8
12274,70,70,0
12275,139,138,1
12276,94,94,0
12277,563,556,7
12278,336,336,0
12279,560,559,1
12280,168,165,3
12281,272,271,1
12282,341,335,6
12283,261,260,1
12284,97,97,0
12285,692,690,2
12286,416,414,2
12287,382,380,2
12288,131,131,0
12289,410,408,2
12290,320,319,1
12291,123,123,0
12292,167,165,2
12293,74,74,0
12294,82,82,0
12295,136,135,1
12296,435,431,4
12297,143,139,4
12298,55,55,0
12299,191,191,0
12300,279,279,0
12301,186,186,0
12302,174,174,0
12303,108,108,0
12304,128,128,0
12305,367,366,1
12306,36,35,1
12307,98,98,0
12308,207,207,0
12309,122,119,3
12310,320,320,0
12311,167,159,8
12312,168,165,3
12313,313,313,0
12314,82,82,0
12315,213,212,1
12316,143,143,0
12317,491,485,6
12318,124,122,2
12319,113,112,1
12320,66,66,0
12321,304,303,1
12322,301,299,2
12323,431,429,2
12324,198,198,0
12325,91,91,0
12326,113,113,0
12327,198,197,1
12328,83,83,0
12329,88,86,2
12330,84,84,0
12331,196,195,1
12332,172,172,0
12333,91,91,0
12334,277,277,0
12335,56,54,2
12336,56,56,0
12337,123,122,1
12338,105,105,0
12339,67,67,0
12340,207,207,0
12341,152,152,0
12342,174,174,0
12343,119,118,1
12344,611,606,5
12345,258,258,0
12346,210,207,3
12347,256,254,2
12348,90,90,0
12349,123,123,0
12350,298,297,1
12351,231,231,0
12352,202,200,2
12353,137,136,1
12354,249,249,0
12355,139,137,2
12356,85,85,0
12357,239,238,1
12358,115,115,0
12359,206,206,0
12360,64,64,0
12361,191,191,0
12362,84,84,0
12363,467,460,7
12364,40,40,0
12365,204,204,0
12366,355,353,2
12367,323,318,5
12368,146,145,1
12369,305,299,6
12370,86,80,6
12371,124,124,0
12372,190,188,2
12373,183,183,0
12374,310,304,6
12375,77,77,0
12376,214,212,2
12377,434,431,3
12378,173,173,0
12379,213,211,2
12380,194,193,1
12381,294,287,7
12382,229,229,0
12383,193,192,1
12384,164,163,1
12385,537,534,3
12386,119,119,0
12387,117,117,0
12388,318,316,2
12389,570,566,4
12390,863,855,8
12391,340,338,2
12392,388,387,1
12393,292,291,1
12394,116,115,1
12395,336,334,2
12396,425,423,2
12397,231,228,3
12398,122,122,0
12399,46,46,0
12400,49,48,1
12401,128,128,0
12402,129,129,0
12403,235,227,8
12404,126,126,0
12405,359,351,8
12406,141,140,1
12407,487,483,4
12408,106,106,0
12409,324,324,0
12410,710,699,11
12411,154,152,2
12412,138,136,2
12413,1016,1015,1
12414,343,343,0
12415,146,146,0
12416,214,210,4
12417,251,250,1
12418,514,511,3
12419,218,215,3
12420,87,87,0
12421,161,161,0
12422,159,159,0
12423,307,307,0
12424,147,147,0
12425,462,459,3
12426,365,361,4
12427,127,127,0
12428,211,210,1
12429,295,290,5
12430,139,139,0
12431,158,157,1
12432,126,125,1
12433,172,172,0
12434,110,109,1
12435,165,165,0
12436,186,186,0
12437,132,132,0
12438,80,80,0
12439,66,64,2
12440,155,155,0
12441,134,134,0
12442,136,135,1
12443,55,55,0
12444,140,138,2
12445,194,191,3
12446,42,41,1
12447,86,86,0
12448,149,147,2
12449,751,744,7
12450,247,247,0
12451,245,245,0
12452,123,123,0
12453,76,74,2
12454,229,228,1
12455,226,225,1
12456,194,189,5
12457,159,157,2
12458,325,324,1
12459,193,193,0
12460,186,184,2
12461,221,218,3
12462,161,161,0
12463,208,208,0
12464,76,74,2
12465,52,52,0
12466,61,58,3
12467,198,194,4
12468,128,128,0
12469,146,145,1
12470,61,61,0
12471,132,132,0
12472,586,582,4
12473,184,179,5
12474,149,149,0
12475,127,127,0
12476,189,189,0
12477,625,619,6
12478,189,189,0
12479,161,161,0
12480,390,388,2
12481,120,120,0
12482,116,116,0
12483,150,150,0
12484,158,158,0
12485,349,346,3
12486,131,131,0
12487,305,302,3
12488,167,167,0
12489,119,118,1
12490,85,83,2
12491,153,153,0
12492,95,95,0
12493,149,149,0
12494,180,179,1
12495,117,117,0
12496,52,52,0
12497,425,424,1
12498,187,186,1
12499,171,171,0
12500,114,113,1
12501,778,776,2
12502,142,142,0
12503,153,152,1
12504,401,400,1
12505,104,103,1
12506,327,325,2
12507,159,159,0
12508,68,68,0
12509,288,288,0
12510,343,340,3
12511,146,146,0
12512,101,100,1
12513,138,138,0
12514,174,174,0
12515,134,134,0
12516,67,67,0
12517,87,85,2
12518,132,130,2
12519,181,180,1
12520,20,20,0
12521,471,464,7
12522,187,186,1
12523,174,172,2
12524,115,114,1
12525,848,842,6
12526,227,224,3
12527,192,187,5
12528,494,487,7
12529,234,234,0
12530,127,125,2
12531,321,316,5
12532,301,296,5
12533,156,155,1
12534,507,504,3
12535,342,337,5
12536,234,234,0
12537,157,154,3
12538,248,246,2
12539,110,108,2
12540,188,186,2
12541,112,112,0
12542,117,116,1
12543,225,222,3
12544,345,343,2
12545,251,249,2
12546,729,719,10
12547,214,213,1
12548,387,376,11
12549,116,114,2
12550,132,128,4
12551,157,157,0
12552,162,161,1
12553,689,686,3
12554,179,178,1
12555,245,245,0
12556,174,174,0
12557,195,195,0
12558,197,195,2
12559,171,169,2
12560,162,161,1
12561,355,354,1
12562,194,193,1
12563,978,975,3
12564,135,135,0
12565,174,172,2
12566,161,161,0
12567,115,115,0
12568,141,141,0
12569,208,207,1
12570,138,135,3
12571,143,142,1
12572,52,52,0
12573,136,135,1
12574,1037,1007,30
12575,160,157,3
12576,335,332,3
12577,458,457,1
12578,141,140,1
12579,317,316,1
12580,244,241,3
12581,363,360,3
12582,54,54,0
12583,191,190,1
12584,298,297,1
12585,414,414,0
12586,134,133,1
12587,533,529,4
12588,216,215,1
12589,136,136,0
12590,129,128,1
12591,171,171,0
12592,97,97,0
12593,221,221,0
12594,105,105,0
12595,56,56,0
12596,87,86,1
12597,177,176,1
12598,693,687,6
12599,129,129,0
12600,149,149,0
12601,129,128,1
12602,322,321,1
12603,201,201,0
12604,200,199,1
12605,191,191,0
12606,127,125,2
12607,213,212,1
12608,114,114,0
12609,152,152,0
12610,327,327,0
12611,115,113,2
12612,94,94,0
12613,201,201,0
12614,228,228,0
12615,277,276,1
12616,305,305,0
12617,426,424,2
12618,250,249,1
12619,185,185,0
12620,693,687,6
12621,165,165,0
12622,204,204,0
12623,227,227,0
12624,177,177,0
12625,250,249,1
12626,150,150,0
12627,141,141,0
12628,128,128,0
12629,103,103,0
12630,192,192,0
12631,62,62,0
12632,135,135,0
12633,209,208,1
12634,145,145,0
12635,124,121,3
12636,205,204,1
12637,578,568,10
12638,140,140,0
12639,599,593,6
12640,575,573,2
12641,157,157,0
12642,349,346,3
12643,183,182,1
12644,132,132,0
12645,306,305,1
12646,157,157,0
12647,313,311,2
12648,131,131,0
12649,229,227,2
12650,164,164,0
12651,215,213,2
12652,170,168,2
12653,186,185,1
12654,211,209,2
12655,210,207,3
12656,100,100,0
12657,413,404,9
12658,577,570,7
12659,170,170,0
12660,194,190,4
12661,121,120,1
12662,189,188,1
12663,110,110,0
12664,669,667,2
12665,293,290,3
12666,105,105,0
12667,146,145,1
12668,598,587,11
12669,80,80,0
12670,203,203,0
12671,124,124,0
12672,330,329,1
12673,138,137,1
12674,185,185,0
12675,176,176,0
12676,737,731,6
12677,98,97,1
12678,189,188,1
12679,152,146,6
12680,301,298,3
12681,177,177,0
12682,134,133,1
12683,368,368,0
12684,295,287,8
12685,73,72,1
12686,67,67,0
12687,237,237,0
12688,174,172,2
12689,343,342,1
12690,188,187,1
12691,174,174,0
12692,224,221,3
12693,105,105,0
12694,351,346,5
12695,610,606,4
12696,47,47,0
12697,103,101,2
12698,122,122,0
12699,180,179,1
12700,122,122,0
12701,199,194,5
12702,141,141,0
12703,146,146,0
12704,141,140,1
12705,121,120,1
12706,201,199,2
12707,108,106,2
12708,305,305,0
12709,132,132,0
12710,233,233,0
12711,104,101,3
12712,68,68,0
12713,114,112,2
12714,244,237,7
12715,203,197,6
12716,135,135,0
12717,104,99,5
12718,391,390,1
12719,48,48,0
12720,50,50,0
12721,256,256,0
12722,228,228,0
12723,54,54,0
12724,101,101,0
12725,346,346,0
12726,274,273,1
12727,157,157,0
12728,195,194,1
12729,221,220,1
12730,184,182,2
12731,254,252,2
12732,300,300,0
12733,483,479,4
12734,177,175,2
12735,156,156,0
12736,454,453,1
12737,215,215,0
12738,181,180,1
12739,211,210,1
12740,495,495,0
12741,62,61,1
12742,311,311,0
12743,407,407,0
12744,239,239,0
12745,169,168,1
12746,1001,991,10
12747,177,177,0
12748,161,160,1
12749,179,179,0
12750,396,391,5
12751,171,170,1
12752,394,392,2
12753,187,187,0
12754,118,118,0
12755,185,185,0
12756,117,117,0
12757,143,143,0
12758,126,126,0
12759,182,181,1
12760,140,140,0
12761,122,122,0
12762,319,319,0
12763,692,687,5
12764,125,125,0
12765,109,108,1
12766,460,459,1
12767,440,439,1
12768,148,148,0
12769,328,325,3
12770,140,140,0
12771,173,171,2
12772,138,134,4
12773,268,268,0
12774,76,76,0
12775,215,214,1
12776,192,189,3
12777,230,227,3
12778,72,72,0
12779,130,130,0
12780,165,161,4
12781,59,59,0
12782,535,534,1
12783,353,350,3
12784,149,147,2
12785,232,232,0
12786,170,165,5
12787,131,131,0
12788,157,157,0
12789,72,72,0
12790,276,276,0
12791,282,282,0
12792,91,89,2
12793,170,164,6
12794,132,130,2
12795,187,186,1
12796,44,44,0
12797,126,125,1
12798,123,122,1
12799,209,209,0
12800,217,216,1
12801,182,182,0
12802,226,226,0
12803,307,307,0
12804,200,197,3
12805,132,131,1
12806,172,172,0
12807,133,133,0
12808,276,276,0
12809,115,113,2
12810,243,243,0
12811,132,130,2
12812,134,134,0
12813,139,139,0
12814,552,552,0
12815,239,238,1
12816,520,519,1
12817,185,185,0
12818,500,500,0
12819,108,107,1
12820,145,145,0
12821,622,621,1
12822,105,105,0
12823,193,193,0
12824,239,239,0
12825,177,176,1
12826,140,140,0
12827,116,116,0
12828,191,191,0
12829,960,956,4
12830,164,163,1
12831,147,143,4
12832,240,240,0
12833,177,177,0
12834,115,114,1
12835,223,222,1
12836,209,209,0
12837,259,256,3
12838,185,182,3
12839,191,189,2
12840,453,449,4
12841,328,326,2
12842,146,145,1
12843,242,240,2
12844,54,54,0
12845,189,188,1
12846,153,153,0
12847,298,292,6
12848,161,161,0
12849,209,209,0
12850,164,163,1
12851,292,288,4
12852,115,115,0
12853,268,268,0
12854,228,227,1
12855,212,210,2
12856,230,230,0
12857,202,202,0
12858,196,191,5
12859,212,211,1
12860,126,126,0
12861,141,141,0
12862,553,549,4
12863,496,495,1
12864,128,128,0
12865,124,124,0
12866,167,167,0
12867,186,186,0
12868,188,188,0
12869,128,123,5
12870,149,148,1
12871,101,100,1
12872,99,99,0
12873,45,45,0
12874,162,161,1
12875,234,230,4
12876,138,136,2
12877,180,180,0
12878,155,155,0
12879,204,204,0
12880,96,94,2
12881,138,135,3
12882,213,213,0
12883,196,196,0
12884,490,490,0
12885,420,420,0
12886,178,178,0
12887,165,165,0
12888,134,134,0
12889,1006,1000,6
12890,136,135,1
12891,370,366,4
12892,218,218,0
12893,206,206,0
12894,312,312,0
12895,406,404,2
12896,135,135,0
12897,191,191,0
12898,172,172,0
12899,118,118,0
12900,149,149,0
12901,208,207,1
12902,123,123,0
12903,125,125,0
12904,124,124,0
12905,195,195,0
12906,144,144,0
12907,118,117,1
12908,248,248,0
12909,194,194,0
12910,94,91,3
12911,172,172,0
12912,370,368,2
12913,104,103,1
12914,113,110,3
12915,182,180,2
12916,54,54,0
12917,131,131,0
12918,43,43,0
12919,396,396,0
12920,257,257,0
12921,189,189,0
12922,490,490,0
12923,267,267,0
12924,650,629,21
12925,152,152,0
12926,162,161,1
12927,586,584,2
12928,240,239,1
12929,31,30,1
12930,308,308,0
12931,406,406,0
12932,121,121,0
12933,405,405,0
12934,581,581,0
12935,434,431,3
12936,570,564,6
12937,116,115,1
12938,399,394,5
12939,296,293,3
12940,122,122,0
12941,56,56,0
12942,132,132,0
12943,130,130,0
12944,103,103,0
12945,175,175,0
12946,399,398,1
12947,189,187,2
12948,47,47,0
12949,117,115,2
12950,214,213,1
12951,358,358,0
12952,158,158,0
12953,172,172,0
12954,168,167,1
12955,112,112,0
12956,255,255,0
12957,219,218,1
12958,47,44,3
12959,144,143,1
12960,220,220,0
12961,331,331,0
12962,106,106,0
12963,323,322,1
12964,109,109,0
12965,169,168,1
12966,166,165,1
12967,445,444,1
12968,213,212,1
12969,142,140,2
12970,136,135,1
12971,126,126,0
12972,175,173,2
12973,53,53,0
12974,133,133,0
12975,135,135,0
12976,140,138,2
12977,175,174,1
12978,467,462,5
12979,285,284,1
12980,137,134,3
12981,120,120,0
12982,388,385,3
12983,156,155,1
12984,541,535,6
12985,164,162,2
12986,115,115,0
12987,122,119,3
12988,135,134,1
12989,288,287,1
12990,165,165,0
12991,124,124,0
12992,151,150,1
12993,197,196,1
12994,151,151,0
12995,100,95,5
12996,171,171,0
12997,1001,997,4
12998,794,792,2
12999,428,426,2
13000,133,133,0
13001,278,277,1
13002,240,239,1
13003,150,147,3
13004,435,431,4
13005,196,195,1
13006,138,138,0
13007,228,228,0
13008,265,264,1
13009,113,113,0
13010,169,169,0
13011,44,44,0
13012,133,132,1
13013,74,74,0
13014,216,216,0
13015,214,213,1
13016,362,362,0
13017,536,523,13
13018,171,171,0
13019,103,103,0
13020,160,160,0
13021,53,52,1
13022,138,136,2
13023,422,421,1
13024,109,107,2
13025,151,151,0
13026,63,61,2
13027,104,104,0
13028,146,146,0
13029,40,40,0
13030,111,111,0
13031,416,411,5
13032,312,311,1
13033,194,192,2
13034,96,95,1
13035,245,244,1
13036,132,130,2
13037,128,127,1
13038,152,151,1
13039,291,290,1
13040,145,145,0
13041,199,198,1
13042,231,229,2
13043,1327,1313,14
13044,270,266,4
13045,57,56,1
13046,44,44,0
13047,133,132,1
13048,143,143,0
13049,117,117,0
13050,209,202,7
13051,344,341,3
13052,173,171,2
13053,234,234,0
13054,119,119,0
13055,332,332,0
13056,640,635,5
13057,623,615,8
13058,295,295,0
13059,124,124,0
13060,166,165,1
13061,176,176,0
13062,957,954,3
13063,275,275,0
13064,151,145,6
13065,187,186,1
13066,347,346,1
13067,296,293,3
13068,322,322,0
13069,125,125,0
13070,132,132,0
13071,191,190,1
13072,154,153,1
13073,609,608,1
13074,833,825,8
13075,119,118,1
13076,153,153,0
13077,247,244,3
13078,122,122,0
13079,134,133,1
13080,423,423,0
13081,163,163,0
13082,298,296,2
13083,50,48,2
13084,84,84,0
13085,223,223,0
13086,231,225,6
13087,248,248,0
13088,354,352,2
13089,193,192,1
13090,402,399,3
13091,377,368,9
13092,333,332,1
13093,56,56,0
13094,111,111,0
13095,269,264,5
13096,124,124,0
13097,190,188,2
13098,474,470,4
13099,79,79,0
13100,194,194,0
13101,631,623,8
13102,295,295,0
13103,206,205,1
13104,366,366,0
13105,42,42,0
13106,77,77,0
13107,88,88,0
13108,550,543,7
13109,177,174,3
13110,119,119,0
13111,299,297,2
13112,182,180,2
13113,126,126,0
13114,131,128,3
13115,125,121,4
13116,302,301,1
13117,298,298,0
13118,110,110,0
13119,199,199,0
13120,373,367,6
13121,220,218,2
13122,240,240,0
13123,198,198,0
13124,120,119,1
13125,200,196,4
13126,162,156,6
13127,144,143,1
13128,96,96,0
13129,155,155,0
13130,339,336,3
13131,138,138,0
13132,191,190,1
13133,55,55,0
13134,137,137,0
13135,287,287,0
13136,372,372,0
13137,191,190,1
13138,517,514,3
13139,166,166,0
13140,142,142,0
13141,361,360,1
13142,741,725,16
13143,84,84,0
13144,200,199,1
13145,136,136,0
13146,136,136,0
13147,159,157,2
13148,255,255,0
13149,76,76,0
13150,127,126,1
13151,344,337,7
13152,50,50,0
13153,181,181,0
13154,252,248,4
13155,53,53,0
13156,429,429,0
13157,470,465,5
13158,461,461,0
13159,45,45,0
13160,56,54,2
13161,114,114,0
13162,143,142,1
13163,89,88,1
13164,305,303,2
13165,247,247,0
13166,168,165,3
13167,125,124,1
13168,236,233,3
13169,129,125,4
13170,198,197,1
13171,153,153,0
13172,128,128,0
13173,365,360,5
13174,365,361,4
13175,138,138,0
13176,501,496,5
13177,238,236,2
13178,808,807,1
13179,200,200,0
13180,251,250,1
13181,92,92,0
13182,83,82,1
13183,119,118,1
13184,150,150,0
13185,125,125,0
13186,351,349,2
13187,127,127,0
13188,405,400,5
13189,134,132,2
13190,103,102,1
13191,131,128,3
13192,137,137,0
13193,311,301,10
13194,163,162,1
13195,125,125,0
13196,249,246,3
13197,349,348,1
13198,115,114,1
13199,127,126,1
13200,439,436,3
13201,341,341,0
13202,167,166,1
13203,136,136,0
13204,295,293,2
13205,153,150,3
13206,237,237,0
13207,120,120,0
13208,93,93,0
13209,115,115,0
13210,113,113,0
13211,398,398,0
13212,51,51,0
13213,135,131,4
13214,87,87,0
13215,180,179,1
13216,133,133,0
13217,121,121,0
13218,260,253,7
13219,223,223,0
13220,481,476,5
13221,117,117,0
13222,201,199,2
13223,147,147,0
13224,288,288,0
13225,231,231,0
13226,191,191,0
13227,391,386,5
13228,172,167,5
13229,244,239,5
13230,735,704,31
13231,248,240,8
13232,128,128,0
13233,93,87,6
13234,171,170,1
13235,51,51,0
13236,127,126,1
13237,95,94,1
13238,144,144,0
13239,311,310,1
13240,252,252,0
13241,134,134,0
13242,125,124,1
13243,429,428,1
13244,122,122,0
13245,131,128,3
13246,123,123,0
13247,124,124,0
13248,120,120,0
13249,125,125,0
13250,186,186,0
13251,163,163,0
13252,150,149,1
13253,203,203,0
13254,256,255,1
13255,341,339,2
13256,159,159,0
13257,217,217,0
13258,470,467,3
13259,137,137,0
13260,118,117,1
13261,210,207,3
13262,127,127,0
13263,145,145,0
13264,172,172,0
13265,651,649,2
13266,156,156,0
13267,138,138,0
13268,377,377,0
13269,236,235,1
13270,43,43,0
13271,137,137,0
13272,446,444,2
13273,260,260,0
13274,377,373,4
13275,289,289,0
13276,118,117,1
13277,162,161,1
13278,215,213,2
13279,134,130,4
13280,352,351,1
13281,91,90,1
13282,83,82,1
13283,371,368,3
13284,154,150,4
13285,166,166,0
13286,213,213,0
13287,149,149,0
13288,170,168,2
13289,221,221,0
13290,348,347,1
13291,144,144,0
13292,121,119,2
13293,157,157,0
13294,171,171,0
13295,801,801,0
13296,267,267,0
13297,234,232,2
13298,158,158,0
13299,414,412,2
13300,157,156,1
13301,200,199,1
13302,532,525,7
13303,259,258,1
13304,138,138,0
13305,144,143,1
13306,175,174,1
13307,206,204,2
13308,120,120,0
13309,259,258,1
13310,51,51,0
13311,147,147,0
13312,209,207,2
13313,171,170,1
13314,513,509,4
13315,132,129,3
13316,337,336,1
13317,205,205,0
13318,547,543,4
13319,88,88,0
13320,124,122,2
13321,126,125,1
13322,126,125,1
13323,483,480,3
13324,177,176,1
13325,73,73,0
13326,147,147,0
13327,52,52,0
13328,363,362,1
13329,287,287,0
13330,244,243,1
13331,364,364,0
13332,88,87,1
13333,866,861,5
13334,145,145,0
13335,316,316,0
13336,134,134,0
13337,118,117,1
13338,108,108,0
13339,719,717,2
13340,237,237,0
13341,137,136,1
13342,184,182,2
13343,52,52,0
13344,411,409,2
13345,191,190,1
13346,128,128,0
13347,144,144,0
13348,135,134,1
13349,397,391,6
13350,102,101,1
13351,161,160,1
13352,280,279,1
13353,134,133,1
13354,78,78,0
13355,186,186,0
13356,282,280,2
13357,125,125,0
13358,122,122,0
13359,131,130,1
13360,60,60,0
13361,189,189,0
13362,47,47,0
13363,50,50,0
13364,292,291,1
13365,102,102,0
13366,43,42,1
13367,116,116,0
13368,112,110,2
13369,61,61,0
13370,79,79,0
13371,147,145,2
13372,136,136,0
13373,160,159,1
13374,316,314,2
13375,145,144,1
13376,178,176,2
13377,257,255,2
13378,126,125,1
13379,174,169,5
13380,177,176,1
13381,49,49,0
13382,94,92,2
13383,79,79,0
13384,129,126,3
13385,509,508,1
13386,204,204,0
13387,166,166,0
13388,174,173,1
13389,130,130,0
13390,169,169,0
13391,200,199,1
13392,158,158,0
13393,836,830,6
13394,135,132,3
13395,77,77,0
13396,191,190,1
13397,212,212,0
13398,63,63,0
13399,137,137,0
13400,66,66,0
13401,59,59,0
13402,101,100,1
13403,125,125,0
13404,123,123,0
13405,172,171,1
13406,157,156,1
13407,977,970,7
13408,212,209,3
13409,191,191,0
13410,136,136,0
13411,211,211,0
13412,116,116,0
13413,155,155,0
13414,392,390,2
13415,158,157,1
13416,246,245,1
13417,196,195,1
13418,262,261,1
13419,336,334,2
13420,305,304,1
13421,178,176,2
13422,132,132,0
13423,91,91,0
13424,134,134,0
13425,126,126,0
13426,133,132,1
13427,122,111,11
13428,305,304,1
13429,154,154,0
13430,370,370,0
13431,156,156,0
13432,132,130,2
13433,201,201,0
13434,266,266,0
13435,748,747,1
13436,130,130,0
13437,371,371,0
13438,170,170,0
13439,136,135,1
13440,143,142,1
13441,343,341,2
13442,257,257,0
13443,140,139,1
13444,260,260,0
13445,495,494,1
13446,208,206,2
13447,419,419,0
13448,479,475,4
13449,401,399,2
13450,252,252,0
13451,155,152,3
13452,74,74,0
13453,140,137,3
13454,431,429,2
13455,174,174,0
13456,208,208,0
13457,226,222,4
13458,121,119,2
13459,186,185,1
13460,92,89,3
13461,249,247,2
13462,112,112,0
13463,296,293,3
13464,85,84,1
13465,355,351,4
13466,195,194,1
13467,798,789,9
13468,178,177,1
13469,173,173,0
13470,112,109,3
13471,53,53,0
13472,95,95,0
13473,51,50,1
13474,69,68,1
13475,135,135,0
13476,77,77,0
13477,113,113,0
13478,158,156,2
13479,187,186,1
13480,96,95,1
13481,261,259,2
13482,564,563,1
13483,313,312,1
13484,115,114,1
13485,118,118,0
13486,100,99,1
13487,165,165,0
13488,68,68,0
13489,125,125,0
13490,76,75,1
13491,181,180,1
13492,183,183,0
13493,87,87,0
13494,557,552,5
13495,150,150,0
13496,131,131,0
13497,110,109,1
13498,63,63,0
13499,152,147,5
13500,272,270,2
13501,243,241,2
13502,136,136,0
13503,240,238,2
13504,76,76,0
13505,128,128,0
13506,72,72,0
13507,190,189,1
13508,213,213,0
13509,165,165,0
13510,136,136,0
13511,413,411,2
13512,73,73,0
13513,180,180,0
13514,238,238,0
13515,270,270,0
13516,114,111,3
13517,237,236,1
13518,130,128,2
13519,158,148,10
13520,265,259,6
13521,418,417,1
13522,177,177,0
13523,241,241,0
13524,161,158,3
13525,114,114,0
13526,396,392,4
13527,130,130,0
13528,169,168,1
13529,160,157,3
13530,111,110,1
13531,131,128,3
13532,345,338,7
13533,172,172,0
13534,143,143,0
13535,121,121,0
13536,128,128,0
13537,234,232,2
13538,477,476,1
13539,186,186,0
13540,176,176,0
13541,181,181,0
13542,94,94,0
13543,285,282,3
13544,255,253,2
13545,139,136,3
13546,90,90,0
13547,380,379,1
13548,289,287,2
13549,112,110,2
13550,341,340,1
13551,58,56,2
13552,136,136,0
13553,116,115,1
13554,138,137,1
13555,135,134,1
13556,176,176,0
13557,221,221,0
13558,145,144,1
13559,172,170,2
13560,278,278,0
13561,139,138,1
13562,531,529,2
13563,416,414,2
13564,203,201,2
13565,417,416,1
13566,145,145,0
13567,628,622,6
13568,10,10,0
13569,134,131,3
13570,279,278,1
13571,149,148,1
13572,458,456,2
13573,283,281,2
13574,854,852,2
13575,175,175,0
13576,170,170,0
13577,278,278,0
13578,156,155,1
13579,130,130,0
13580,121,121,0
13581,343,341,2
13582,188,188,0
13583,168,168,0
13584,406,405,1
13585,141,141,0
13586,254,250,4
13587,175,170,5
13588,119,118,1
13589,218,218,0
13590,266,265,1
13591,281,276,5
13592,130,129,1
13593,166,166,0
13594,975,973,2
13595,299,298,1
13596,525,525,0
13597,416,415,1
13598,221,220,1
13599,396,391,5
13600,156,155,1
13601,209,209,0
13602,136,136,0
13603,58,58,0
13604,188,188,0
13605,134,133,1
13606,140,140,0
13607,50,50,0
13608,137,136,1
13609,140,140,0
13610,73,73,0
13611,130,130,0
13612,71,69,2
13613,76,76,0
13614,215,213,2
13615,136,136,0
13616,157,157,0
13617,208,207,1
13618,242,238,4
13619,154,154,0
13620,135,134,1
13621,157,157,0
13622,636,621,15
13623,171,171,0
13624,182,180,2
13625,873,869,4
13626,161,161,0
13627,157,155,2
13628,274,274,0
13629,137,136,1
13630,129,129,0
13631,85,85,0
13632,149,149,0
13633,186,186,0
13634,374,374,0
13635,484,479,5
13636,264,264,0
13637,687,686,1
13638,187,186,1
13639,711,707,4
13640,169,168,1
13641,551,550,1
13642,289,288,1
13643,975,969,6
13644,208,205,3
13645,198,198,0
13646,219,219,0
13647,357,357,0
13648,133,132,1
13649,164,164,0
13650,249,244,5
13651,143,143,0
13652,124,121,3
13653,386,386,0
13654,195,195,0
13655,129,129,0
13656,256,253,3
13657,139,139,0
13658,152,151,1
13659,52,52,0
13660,123,122,1
13661,46,45,1
13662,163,161,2
13663,122,121,1
13664,26,26,0
13665,373,370,3
13666,263,263,0
13667,136,136,0
13668,242,239,3
13669,236,235,1
13670,111,110,1
13671,699,699,0
13672,270,269,1
13673,165,165,0
13674,710,705,5
13675,215,213,2
13676,143,142,1
13677,215,214,1
13678,69,69,0
13679,150,148,2
13680,141,140,1
13681,121,119,2
13682,318,317,1
13683,193,193,0
13684,121,120,1
13685,80,80,0
13686,175,173,2
13687,282,282,0
13688,141,141,0
13689,67,66,1
13690,103,103,0
13691,117,117,0
13692,186,185,1
13693,56,54,2
13694,123,120,3
13695,566,557,9
13696,151,151,0
13697,174,173,1
13698,134,133,1
13699,114,114,0
13700,133,131,2
13701,424,422,2
13702,170,169,1
13703,145,145,0
13704,67,66,1
13705,212,209,3
13706,183,181,2
13707,134,133,1
13708,151,151,0
13709,89,88,1
13710,91,90,1
13711,71,70,1
13712,119,119,0
13713,557,557,0
13714,261,261,0
13715,196,194,2
13716,46,46,0
13717,232,232,0
13718,82,82,0
13719,410,410,0
13720,616,609,7
13721,267,264,3
13722,906,898,8
13723,336,335,1
13724,471,468,3
13725,621,621,0
13726,333,331,2
13727,295,294,1
13728,151,150,1
13729,473,473,0
13730,157,157,0
13731,214,214,0
13732,177,177,0
13733,180,179,1
13734,243,240,3
13735,219,217,2
13736,204,203,1
13737,145,145,0
13738,46,45,1
13739,143,142,1
13740,152,152,0
13741,82,82,0
13742,173,170,3
13743,245,244,1
13744,170,169,1
13745,365,364,1
13746,350,350,0
13747,138,138,0
13748,484,481,3
13749,335,335,0
13750,136,136,0
13751,294,294,0
13752,174,173,1
13753,516,505,11
13754,119,118,1
13755,122,122,0
13756,950,937,13
13757,248,243,5
13758,188,183,5
13759,68,68,0
13760,106,106,0
13761,179,178,1
13762,129,129,0
13763,118,118,0
13764,525,523,2
13765,101,101,0
13766,81,81,0
13767,95,95,0
13768,135,133,2
13769,120,120,0
13770,378,372,6
13771,312,311,1
13772,88,88,0
13773,160,160,0
13774,115,115,0
13775,210,208,2
13776,551,550,1
13777,94,94,0
13778,223,223,0
13779,679,676,3
13780,129,128,1
13781,266,266,0
13782,204,204,0
13783,225,223,2
13784,228,228,0
13785,434,432,2
13786,124,121,3
13787,84,84,0
13788,95,94,1
13789,171,171,0
13790,852,847,5
13791,158,157,1
13792,140,140,0
13793,112,112,0
13794,121,119,2
13795,298,295,3
13796,190,189,1
13797,190,190,0
13798,125,123,2
13799,310,308,2
13800,74,74,0
13801,184,183,1
13802,329,329,0
13803,108,108,0
13804,125,125,0
13805,125,125,0
13806,216,215,1
13807,234,229,5
13808,116,116,0
13809,142,141,1
13810,153,153,0
13811,131,131,0
13812,166,165,1
13813,198,194,4
13814,198,197,1
13815,119,118,1
13816,147,147,0
13817,159,158,1
13818,235,235,0
13819,127,127,0
13820,146,145,1
13821,121,120,1
13822,151,150,1
13823,721,714,7
13824,122,122,0
13825,297,291,6
13826,84,83,1
13827,458,457,1
13828,100,100,0
13829,357,357,0
13830,279,278,1
13831,92,92,0
13832,398,394,4
13833,82,82,0
13834,632,619,13
13835,46,46,0
13836,663,653,10
13837,354,353,1
13838,247,242,5
13839,307,301,6
13840,333,330,3
13841,372,369,3
13842,250,250,0
13843,177,177,0
13844,333,333,0
13845,133,130,3
13846,147,147,0
13847,114,114,0
13848,365,364,1
13849,172,171,1
13850,220,220,0
13851,131,131,0
13852,167,167,0
13853,211,211,0
13854,161,160,1
13855,121,121,0
13856,133,133,0
13857,89,89,0
13858,164,163,1
13859,105,105,0
13860,390,389,1
13861,234,231,3
13862,364,360,4
13863,416,416,0
13864,129,129,0
13865,153,153,0
13866,56,56,0
13867,132,132,0
13868,152,151,1
13869,124,124,0
13870,127,127,0
13871,170,170,0
13872,459,454,5
13873,116,115,1
13874,154,152,2
13875,86,85,1
13876,156,156,0
13877,54,54,0
13878,278,278,0
13879,278,277,1
13880,186,186,0
13881,669,664,5
13882,382,381,1
13883,426,426,0
13884,421,418,3
13885,260,260,0
13886,136,136,0
13887,346,344,2
13888,182,179,3
13889,147,147,0
13890,484,481,3
13891,664,660,4
13892,147,146,1
13893,119,118,1
13894,164,164,0
13895,213,213,0
13896,192,192,0
13897,327,326,1
13898,76,75,1
13899,143,143,0
13900,353,351,2
13901,145,140,5
13902,163,162,1
13903,108,108,0
13904,228,228,0
13905,196,194,2
13906,95,95,0
13907,201,198,3
13908,74,74,0
13909,96,95,1
13910,85,85,0
13911,90,89,1
13912,44,42,2
13913,125,124,1
13914,87,87,0
13915,108,107,1
13916,147,146,1
13917,306,305,1
13918,132,132,0
13919,195,194,1
13920,129,129,0
13921,44,44,0
13922,125,123,2
13923,302,300,2
13924,415,411,4
13925,156,156,0
13926,85,85,0
13927,179,176,3
13928,328,326,2
13929,365,364,1
13930,179,179,0
13931,140,139,1
13932,163,163,0
13933,150,150,0
13934,137,137,0
13935,149,147,2
13936,628,625,3
13937,205,199,6
13938,313,313,0
13939,524,524,0
13940,235,234,1
13941,442,441,1
13942,177,177,0
13943,60,60,0
13944,208,207,1
13945,220,219,1
13946,186,186,0
13947,480,474,6
13948,72,72,0
13949,150,149,1
13950,171,169,2
13951,185,183,2
13952,64,63,1
13953,86,83,3
13954,124,124,0
13955,205,205,0
13956,401,398,3
13957,172,170,2
13958,114,108,6
13959,299,297,2
13960,242,242,0
13961,50,50,0
13962,166,166,0
13963,72,72,0
13964,50,50,0
13965,259,258,1
13966,137,136,1
13967,146,144,2
13968,158,157,1
13969,87,86,1
13970,128,128,0
13971,434,433,1
13972,153,153,0
13973,120,119,1
13974,448,445,3
13975,351,350,1
13976,119,118,1
13977,161,160,1
13978,107,106,1
13979,151,142,9
13980,212,211,1
13981,231,221,10
13982,176,176,0
13983,161,159,2
13984,817,813,4
13985,808,808,0
13986,452,448,4
13987,505,502,3
13988,277,275,2
13989,132,131,1
13990,288,286,2
13991,312,312,0
13992,122,121,1
13993,189,189,0
13994,149,149,0
13995,61,61,0
13996,606,605,1
13997,877,873,4
13998,128,126,2
13999,510,507,3
14000,139,139,0
14001,220,219,1
14002,140,139,1
14003,141,139,2
14004,132,131,1
14005,361,360,1
14006,113,113,0
14007,152,148,4
14008,172,170,2
14009,194,192,2
14010,255,253,2
14011,299,295,4
14012,144,143,1
14013,193,193,0
14014,125,124,1
14015,123,123,0
14016,128,127,1
14017,199,198,1
14018,145,143,2
14019,112,111,1
14020,229,229,0
14021,161,159,2
14022,169,169,0
14023,125,125,0
14024,600,588,12
14025,365,362,3
14026,129,129,0
14027,185,185,0
14028,414,412,2
14029,135,135,0
14030,174,174,0
14031,129,129,0
14032,136,135,1
14033,129,129,0
14034,187,183,4
14035,235,228,7
14036,226,225,1
14037,201,200,1
14038,469,467,2
14039,167,166,1
14040,220,215,5
14041,297,295,2
14042,200,199,1
14043,81,80,1
14044,156,156,0
14045,149,149,0
14046,254,249,5
14047,370,370,0
14048,318,317,1
14049,160,160,0
14050,133,133,0
14051,118,117,1
14052,244,244,0
14053,125,123,2
14054,175,171,4
14055,353,350,3
14056,212,212,0
14057,187,187,0
14058,192,189,3
14059,355,353,2
14060,254,252,2
14061,140,140,0
14062,69,68,1
14063,126,126,0
14064,130,130,0
14065,380,378,2
14066,135,133,2
14067,79,79,0
14068,114,113,1
14069,362,361,1
14070,390,386,4
14071,52,52,0
14072,596,595,1
14073,245,240,5
14074,109,108,1
14075,87,86,1
14076,121,121,0
14077,127,126,1
14078,150,150,0
14079,461,457,4
14080,146,142,4
14081,573,572,1
14082,219,219,0
14083,138,137,1
14084,264,264,0
14085,179,179,0
14086,127,127,0
14087,120,119,1
14088,193,192,1
14089,213,205,8
14090,345,344,1
14091,193,193,0
14092,156,156,0
14093,729,724,5
14094,204,203,1
14095,408,408,0
14096,462,462,0
14097,201,201,0
14098,134,133,1
14099,105,105,0
14100,149,147,2
14101,206,206,0
14102,88,87,1
14103,357,350,7
14104,184,183,1
14105,125,125,0
14106,131,131,0
14107,121,120,1
14108,196,196,0
14109,451,447,4
14110,375,375,0
14111,383,379,4
14112,175,173,2
14113,138,138,0
14114,166,165,1
14115,155,155,0
14116,217,216,1
14117,128,125,3
14118,117,117,0
14119,150,150,0
14120,153,151,2
14121,51,51,0
14122,151,151,0
14123,176,176,0
14124,239,238,1
14125,276,275,1
14126,106,106,0
14127,228,228,0
14128,499,498,1
14129,593,590,3
14130,140,140,0
14131,164,164,0
14132,127,127,0
14133,814,813,1
14134,257,257,0
14135,82,82,0
14136,45,44,1
14137,127,127,0
14138,155,152,3
14139,787,787,0
14140,146,146,0
14141,181,181,0
14142,515,514,1
14143,137,137,0
14144,272,271,1
14145,174,174,0
14146,136,135,1
14147,240,240,0
14148,161,160,1
14149,412,408,4
14150,335,334,1
14151,407,405,2
14152,300,300,0
14153,254,253,1
14154,122,122,0
14155,307,307,0
14156,436,435,1
14157,124,124,0
14158,148,146,2
14159,198,198,0
14160,121,121,0
14161,136,135,1
14162,119,116,3
14163,220,219,1
14164,129,129,0
14165,628,626,2
14166,142,142,0
14167,110,109,1
14168,117,117,0
14169,133,131,2
14170,299,293,6
14171,139,135,4
14172,245,243,2
14173,96,96,0
14174,124,123,1
14175,142,142,0
14176,231,230,1
14177,743,736,7
14178,59,59,0
14179,184,184,0
14180,408,406,2
14181,354,353,1
14182,144,143,1
14183,109,109,0
14184,855,854,1
14185,89,82,7
14186,596,595,1
14187,91,91,0
14188,319,319,0
14189,178,177,1
14190,146,146,0
14191,240,240,0
14192,276,275,1
14193,239,239,0
14194,134,134,0
14195,159,159,0
14196,159,157,2
14197,166,161,5
14198,169,169,0
14199,188,188,0
14200,194,194,0
14201,189,187,2
14202,382,382,0
14203,259,258,1
14204,738,733,5
14205,293,292,1
14206,973,959,14
14207,328,327,1
14208,358,355,3
14209,122,122,0
14210,120,120,0
14211,131,131,0
14212,298,298,0
14213,304,302,2
14214,205,204,1
14215,145,145,0
14216,183,183,0
14217,1016,1014,2
14218,137,136,1
14219,176,173,3
14220,138,137,1
14221,207,207,0
14222,181,181,0
14223,117,117,0
14224,589,588,1
14225,130,130,0
14226,170,170,0
14227,198,198,0
14228,87,87,0
14229,161,159,2
14230,164,164,0
14231,502,500,2
14232,167,166,1
14233,603,600,3
14234,485,482,3
14235,109,108,1
14236,338,338,0
14237,362,356,6
14238,116,116,0
14239,119,118,1
14240,148,147,1
14241,361,357,4
14242,165,165,0
14243,337,335,2
14244,163,163,0
14245,579,574,5
14246,130,130,0
14247,293,288,5
14248,236,236,0
14249,193,192,1
14250,142,139,3
14251,130,130,0
14252,37,37,0
14253,211,209,2
14254,327,327,0
14255,73,73,0
14256,93,92,1
14257,100,100,0
14258,157,157,0
14259,87,87,0
14260,772,772,0
14261,341,340,1
14262,84,84,0
14263,45,45,0
14264,52,51,1
14265,202,202,0
14266,137,136,1
14267,193,192,1
14268,489,486,3
14269,253,253,0
14270,121,119,2
14271,178,177,1
14272,270,269,1
14273,234,233,1
14274,106,106,0
14275,178,178,0
14276,55,55,0
14277,135,133,2
14278,70,70,0
14279,337,337,0
14280,452,445,7
14281,272,271,1
14282,63,63,0
14283,274,274,0
14284,87,87,0
14285,79,78,1
14286,254,252,2
14287,239,239,0
14288,98,97,1
14289,133,133,0
14290,157,151,6
14291,238,236,2
14292,154,154,0
14293,154,152,2
14294,361,361,0
14295,338,338,0
14296,195,195,0
14297,148,148,0
14298,169,168,1
14299,143,143,0
14300,124,124,0
14301,373,373,0
14302,255,255,0
14303,124,124,0
14304,171,166,5
14305,135,132,3
14306,183,183,0
14307,132,132,0
14308,281,277,4
14309,141,140,1
14310,130,130,0
14311,100,99,1
14312,352,352,0
14313,193,189,4
14314,122,122,0
14315,181,181,0
14316,186,183,3
14317,183,182,1
14318,294,294,0
14319,554,549,5
14320,608,608,0
14321,358,354,4
14322,1028,1018,10
14323,341,339,2
14324,427,426,1
14325,136,135,1
14326,356,353,3
14327,310,307,3
14328,160,159,1
14329,143,140,3
14330,209,207,2
14331,105,98,7
14332,570,568,2
14333,300,300,0
14334,206,205,1
14335,175,175,0
14336,68,68,0
14337,62,62,0
14338,363,361,2
14339,156,155,1
14340,129,129,0
14341,138,136,2
14342,298,298,0
14343,190,190,0
14344,140,139,1
14345,227,227,0
14346,191,191,0
14347,149,147,2
14348,162,161,1
14349,236,236,0
14350,201,199,2
14351,185,184,1
14352,199,198,1
14353,253,252,1
14354,128,128,0
14355,541,538,3
14356,319,319,0
14357,174,174,0
14358,107,106,1
14359,530,530,0
14360,301,298,3
14361,373,373,0
14362,145,145,0
14363,387,387,0
14364,121,121,0
14365,232,230,2
14366,138,138,0
14367,186,185,1
14368,150,148,2
14369,201,201,0
14370,123,122,1
14371,588,585,3
14372,402,399,3
14373,293,293,0
14374,441,440,1
14375,981,977,4
14376,557,553,4
14377,131,131,0
14378,465,460,5
14379,44,43,1
14380,240,239,1
14381,140,140,0
14382,238,237,1
14383,120,120,0
14384,166,166,0
14385,258,258,0
14386,113,113,0
14387,53,53,0
14388,144,144,0
14389,131,129,2
14390,209,208,1
14391,493,478,15
14392,491,489,2
14393,87,87,0
14394,68,68,0
14395,390,379,11
14396,374,372,2
14397,143,143,0
14398,81,81,0
14399,373,367,6
14400,215,213,2
14401,187,186,1
14402,208,207,1
14403,124,124,0
14404,128,128,0
14405,514,513,1
14406,138,138,0
14407,139,139,0
14408,142,139,3
14409,106,106,0
14410,151,150,1
14411,168,168,0
14412,115,114,1
14413,367,363,4
14414,445,442,3
14415,303,301,2
14416,366,366,0
14417,212,211,1
14418,232,232,0
14419,124,123,1
14420,123,121,2
14421,270,269,1
14422,127,124,3
14423,177,177,0
14424,225,225,0
14425,126,126,0
14426,195,194,1
14427,183,183,0
14428,140,139,1
14429,417,414,3
14430,421,417,4
14431,255,255,0
14432,258,258,0
14433,93,93,0
14434,149,148,1
14435,47,46,1
14436,75,75,0
14437,306,306,0
14438,318,303,15
14439,137,135,2
14440,131,130,1
14441,152,152,0
14442,93,93,0
14443,118,117,1
14444,121,119,2
14445,155,155,0
14446,73,73,0
14447,49,49,0
14448,316,316,0
14449,53,52,1
14450,69,69,0
14451,292,290,2
14452,135,134,1
14453,146,146,0
14454,219,217,2
14455,135,133,2
14456,118,117,1
14457,205,203,2
14458,213,211,2
14459,347,344,3
14460,122,121,1
14461,499,480,19
14462,177,176,1
14463,517,514,3
14464,839,839,0
14465,171,169,2
14466,338,335,3
14467,325,322,3
14468,167,166,1
14469,377,369,8
14470,344,344,0
14471,122,122,0
14472,210,208,2
14473,248,248,0
14474,889,877,12
14475,264,263,1
14476,128,128,0
14477,907,906,1
14478,386,385,1
14479,109,105,4
14480,126,126,0
14481,63,63,0
14482,45,45,0
14483,137,135,2
14484,38,38,0
14485,175,175,0
14486,120,120,0
14487,112,112,0
14488,55,53,2
14489,125,125,0
14490,161,158,3
14491,239,238,1
14492,100,97,3
14493,59,59,0
14494,154,154,0
14495,210,210,0
14496,288,287,1
14497,139,139,0
14498,197,194,3
14499,265,264,1
14500,480,480,0
14501,154,153,1
14502,231,223,8
14503,223,223,0
14504,397,397,0
14505,170,170,0
14506,305,305,0
14507,596,594,2
14508,457,456,1
14509,138,138,0
14510,253,252,1
14511,240,240,0
14512,314,310,4
14513,227,226,1
14514,555,547,8
14515,234,227,7
14516,177,177,0
14517,238,232,6
14518,151,150,1
14519,240,238,2
14520,107,107,0
14521,149,149,0
14522,310,310,0
14523,126,126,0
14524,117,116,1
14525,231,224,7
14526,40,40,0
14527,421,416,5
14528,105,105,0
14529,210,210,0
14530,227,224,3
14531,203,202,1
14532,170,170,0
14533,162,160,2
14534,194,194,0
14535,105,105,0
14536,161,160,1
14537,148,147,1
14538,428,427,1
14539,113,113,0
14540,123,123,0
14541,145,144,1
14542,306,306,0
14543,187,187,0
14544,510,505,5
14545,95,95,0
14546,96,96,0
14547,178,178,0
14548,86,85,1
14549,116,116,0
14550,191,189,2
14551,156,153,3
14552,174,173,1
14553,464,460,4
14554,136,136,0
14555,171,171,0
14556,135,135,0
14557,248,246,2
14558,199,199,0
14559,137,137,0
14560,213,212,1
14561,146,146,0
14562,174,174,0
14563,133,133,0
14564,151,149,2
14565,346,344,2
14566,226,225,1
14567,757,757,0
14568,301,298,3
14569,360,360,0
14570,199,197,2
14571,107,103,4
14572,222,221,1
14573,199,198,1
14574,155,155,0
14575,84,84,0
14576,381,378,3
14577,182,182,0
14578,78,78,0
14579,81,81,0
14580,44,44,0
14581,396,384,12
14582,239,235,4
14583,249,248,1
14584,249,249,0
14585,140,139,1
14586,258,256,2
14587,864,857,7
14588,1027,1016,11
14589,74,72,2
14590,355,354,1
14591,325,325,0
14592,227,227,0
14593,551,550,1
14594,101,99,2
14595,124,122,2
14596,118,116,2
14597,108,106,2
14598,63,63,0
14599,667,663,4
14600,53,53,0
14601,640,633,7
14602,140,137,3
14603,253,251,2
14604,215,215,0
14605,207,207,0
14606,83,83,0
14607,223,223,0
14608,115,115,0
14609,125,124,1
14610,232,231,1
14611,178,178,0
14612,110,109,1
14613,285,284,1
14614,262,259,3
14615,214,214,0
14616,195,194,1
14617,149,149,0
14618,250,250,0
14619,904,902,2
14620,139,137,2
14621,128,126,2
14622,142,140,2
14623,331,331,0
14624,316,316,0
14625,308,305,3
14626,240,238,2
14627,135,135,0
14628,186,185,1
14629,587,585,2
14630,225,224,1
14631,146,145,1
14632,89,89,0
14633,156,153,3
14634,160,160,0
14635,96,96,0
14636,75,74,1
14637,507,505,2
14638,133,133,0
14639,186,186,0
14640,171,171,0
14641,364,359,5
14642,92,92,0
14643,147,146,1
14644,442,440,2
14645,49,49,0
14646,291,287,4
14647,230,229,1
14648,93,93,0
14649,1070,1070,0
14650,62,62,0
14651,62,61,1
14652,246,245,1
14653,414,414,0
14654,117,117,0
14655,388,386,2
14656,141,140,1
14657,194,193,1
14658,59,59,0
14659,67,66,1
14660,42,42,0
14661,424,423,1
14662,123,122,1
14663,197,197,0
14664,78,78,0
14665,132,130,2
14666,26,26,0
14667,37,37,0
14668,141,141,0
14669,190,190,0
14670,140,140,0
14671,107,107,0
14672,153,152,1
14673,850,847,3
14674,128,128,0
14675,123,123,0
14676,264,263,1
14677,299,299,0
14678,241,241,0
14679,499,496,3
14680,195,195,0
14681,139,139,0
14682,171,170,1
14683,199,198,1
14684,176,175,1
14685,219,218,1
14686,213,212,1
14687,124,121,3
14688,166,166,0
14689,390,388,2
14690,259,258,1
14691,112,111,1
14692,298,298,0
14693,122,122,0
14694,225,225,0
14695,132,130,2
14696,539,533,6
14697,969,960,9
14698,110,110,0
14699,396,393,3
14700,153,151,2
14701,226,223,3
14702,158,158,0
14703,203,201,2
14704,244,244,0
14705,143,143,0
14706,150,150,0
14707,376,375,1
14708,187,186,1
14709,673,670,3
14710,163,163,0
14711,135,135,0
14712,540,538,2
14713,786,783,3
14714,609,601,8
14715,245,245,0
14716,477,462,15
14717,105,105,0
14718,272,267,5
14719,445,443,2
14720,200,200,0
14721,504,504,0
14722,140,140,0
14723,217,214,3
14724,110,110,0
14725,402,393,9
14726,127,127,0
14727,171,171,0
14728,297,296,1
14729,349,337,12
14730,173,172,1
14731,894,880,14
14732,183,182,1
14733,72,71,1
14734,158,147,11
14735,165,163,2
14736,91,91,0
14737,81,81,0
14738,166,164,2
14739,109,109,0
14740,93,93,0
14741,374,369,5
14742,233,232,1
14743,201,198,3
14744,56,56,0
14745,133,133,0
14746,212,210,2
14747,146,145,1
14748,202,198,4
14749,100,100,0
14750,344,343,1
14751,86,86,0
14752,138,138,0
14753,101,100,1
14754,190,190,0
14755,146,146,0
14756,509,505,4
14757,130,130,0
14758,160,160,0
14759,116,115,1
14760,127,127,0
14761,162,160,2
14762,160,158,2
14763,155,155,0
14764,93,92,1
14765,480,479,1
14766,450,447,3
14767,172,172,0
14768,175,175,0
14769,177,177,0
14770,170,169,1
14771,379,377,2
14772,333,328,5
14773,223,222,1
14774,283,283,0
14775,89,89,0
14776,132,131,1
14777,192,192,0
14778,305,305,0
14779,219,219,0
14780,158,157,1
14781,291,285,6
14782,202,202,0
14783,160,158,2
14784,123,122,1
14785,275,274,1
14786,35,35,0
14787,330,329,1
14788,232,232,0
14789,711,704,7
14790,68,68,0
14791,357,357,0
14792,317,315,2
14793,379,379,0
14794,277,277,0
14795,148,148,0
14796,255,254,1
14797,142,142,0
14798,120,120,0
14799,278,275,3
14800,377,376,1
14801,70,70,0
14802,674,669,5
14803,479,479,0
14804,248,248,0
14805,113,112,1
14806,452,452,0
14807,12,11,1
14808,156,156,0
14809,112,108,4
14810,295,294,1
14811,179,178,1
14812,112,111,1
14813,150,150,0
14814,152,152,0
14815,253,252,1
14816,242,240,2
14817,86,85,1
14818,293,288,5
14819,134,134,0
14820,384,384,0
14821,93,93,0
14822,238,238,0
14823,169,167,2
14824,237,233,4
14825,157,156,1
14826,78,77,1
14827,939,928,11
14828,63,63,0
14829,130,129,1
14830,711,703,8
14831,646,643,3
14832,185,185,0
14833,304,302,2
14834,369,367,2
14835,402,400,2
14836,404,403,1
14837,414,406,8
14838,291,288,3
14839,62,60,2
14840,157,149,8
14841,698,697,1
14842,97,96,1
14843,417,413,4
14844,149,149,0
14845,200,198,2
14846,701,699,2
14847,133,133,0
14848,291,289,2
14849,174,173,1
14850,396,393,3
14851,45,45,0
14852,259,259,0
14853,195,192,3
14854,977,975,2
14855,212,209,3
14856,129,128,1
14857,448,445,3
14858,395,389,6
14859,572,571,1
14860,43,43,0
14861,192,189,3
14862,155,155,0
14863,139,139,0
14864,287,284,3
14865,223,223,0
14866,232,232,0
14867,282,281,1
14868,212,212,0
14869,170,170,0
14870,985,976,9
14871,168,168,0
14872,133,133,0
14873,178,178,0
14874,54,53,1
14875,61,61,0
14876,479,475,4
14877,186,186,0
14878,144,143,1
14879,446,441,5
14880,163,162,1
14881,489,488,1
14882,228,228,0
14883,388,388,0
14884,169,166,3
14885,158,158,0
14886,237,236,1
14887,176,176,0
14888,288,287,1
14889,222,221,1
14890,153,152,1
14891,151,151,0
14892,350,347,3
14893,140,140,0
14894,139,139,0
14895,167,164,3
14896,588,585,3
14897,164,164,0
14898,243,243,0
14899,593,588,5
14900,407,406,1
14901,248,247,1
14902,197,196,1
14903,144,141,3
14904,234,234,0
14905,565,564,1
14906,248,247,1
14907,91,91,0
14908,150,149,1
14909,476,476,0
14910,117,116,1
14911,138,138,0
14912,315,315,0
14913,71,71,0
14914,52,52,0
14915,107,107,0
14916,289,287,2
14917,460,459,1
14918,385,381,4
14919,128,128,0
14920,142,141,1
14921,458,456,2
14922,285,283,2
14923,222,221,1
14924,139,138,1
14925,134,132,2
14926,46,46,0
14927,88,88,0
14928,262,262,0
14929,140,139,1
14930,362,362,0
14931,265,265,0
14932,448,447,1
14933,124,124,0
14934,773,772,1
14935,616,605,11
14936,812,807,5
14937,366,366,0
14938,216,215,1
14939,210,209,1
14940,138,132,6
14941,180,176,4
14942,290,286,4
14943,515,513,2
14944,115,113,2
14945,101,100,1
14946,407,405,2
14947,803,799,4
14948,138,137,1
14949,790,788,2
14950,517,516,1
14951,533,527,6
14952,114,114,0
14953,190,189,1
14954,291,290,1
14955,192,192,0
14956,161,161,0
14957,184,184,0
14958,635,628,7
14959,154,154,0
14960,153,152,1
14961,128,127,1
14962,169,169,0
14963,220,220,0
14964,361,359,2
14965,146,146,0
14966,245,245,0
14967,135,134,1
14968,159,159,0
14969,488,481,7
14970,393,393,0
14971,109,109,0
14972,85,85,0
14973,217,214,3
14974,170,169,1
14975,849,846,3
14976,132,131,1
14977,127,127,0
14978,463,459,4
14979,203,200,3
14980,57,57,0
14981,390,390,0
14982,75,75,0
14983,172,170,2
14984,169,168,1
14985,156,155,1
14986,192,185,7
14987,269,265,4
14988,211,210,1
14989,352,348,4
14990,189,189,0
14991,354,353,1
14992,122,114,8
14993,227,227,0
14994,104,103,1
14995,473,472,1
14996,120,120,0
14997,151,151,0
14998,74,74,0
14999,123,122,1
15000,285,276,9
15001,500,500,0
15002,178,175,3
15003,90,90,0
15004,87,87,0
15005,186,186,0
15006,259,258,1
15007,115,115,0
15008,764,749,15
15009,233,233,0
15010,193,192,1
15011,209,208,1
15012,264,263,1
15013,332,330,2
15014,188,186,2
15015,75,74,1
15016,158,157,1
15017,245,243,2
15018,217,217,0
15019,285,285,0
15020,140,139,1
15021,309,309,0
15022,184,184,0
15023,157,157,0
15024,77,76,1
15025,318,314,4
15026,168,168,0
15027,239,238,1
15028,117,117,0
15029,63,63,0
15030,260,259,1
15031,529,525,4
15032,233,233,0
15033,138,137,1
15034,104,103,1
15035,160,158,2
15036,223,220,3
15037,616,609,7
15038,89,89,0
15039,229,228,1
15040,354,348,6
15041,149,149,0
15042,378,376,2
15043,402,400,2
15044,55,55,0
15045,111,110,1
15046,74,73,1
15047,75,75,0
15048,158,157,1
15049,52,52,0
15050,576,575,1
15051,165,165,0
15052,292,291,1
15053,606,605,1
15054,131,131,0
15055,123,123,0
15056,638,638,0
15057,368,367,1
15058,421,420,1
15059,189,189,0
15060,159,158,1
15061,138,136,2
15062,85,85,0
15063,121,120,1
15064,103,102,1
15065,68,68,0
15066,155,155,0
15067,203,203,0
15068,168,162,6
15069,392,390,2
15070,169,168,1
15071,458,456,2
15072,169,166,3
15073,128,128,0
15074,108,107,1
15075,122,122,0
15076,165,165,0
15077,363,359,4
15078,136,136,0
15079,156,155,1
15080,327,318,9
15081,164,164,0
15082,131,126,5
15083,137,134,3
15084,256,256,0
15085,159,159,0
15086,170,170,0
15087,482,481,1
15088,804,804,0
15089,674,672,2
15090,184,184,0
15091,145,144,1
15092,71,69,2
15093,127,127,0
15094,124,124,0
15095,244,242,2
15096,27,27,0
15097,170,170,0
15098,70,70,0
15099,125,125,0
15100,276,276,0
15101,259,259,0
15102,249,249,0
15103,173,173,0
15104,109,109,0
15105,680,679,1
15106,225,224,1
15107,151,150,1
15108,116,116,0
15109,286,286,0
15110,867,862,5
15111,151,150,1
15112,179,178,1
15113,79,77,2
15114,36,36,0
15115,168,168,0
15116,197,196,1
15117,98,96,2
15118,186,184,2
15119,93,93,0
15120,119,119,0
15121,116,115,1
15122,125,124,1
15123,233,231,2
15124,91,90,1
15125,118,117,1
15126,100,100,0
15127,293,292,1
15128,112,110,2
15129,481,470,11
15130,506,504,2
15131,211,208,3
15132,284,282,2
15133,192,192,0
15134,132,131,1
15135,413,408,5
15136,277,277,0
15137,151,150,1
15138,198,197,1
15139,128,126,2
15140,198,196,2
15141,129,128,1
15142,234,232,2
15143,63,63,0
15144,121,121,0
15145,172,171,1
15146,132,132,0
15147,186,186,0
15148,27,27,0
15149,62,62,0
15150,132,130,2
15151,125,125,0
15152,201,200,1
15153,268,268,0
15154,108,108,0
15155,200,200,0
15156,363,363,0
15157,148,147,1
15158,183,183,0
15159,183,183,0
15160,183,183,0
15161,277,276,1
15162,152,152,0
15163,124,124,0
15164,62,62,0
15165,119,119,0
15166,310,304,6
15167,148,147,1
15168,128,127,1
15169,261,258,3
15170,254,251,3
15171,167,166,1
15172,135,134,1
15173,323,323,0
15174,175,172,3
15175,511,506,5
15176,96,96,0
15177,77,77,0
15178,122,122,0
15179,225,225,0
15180,595,592,3
15181,442,442,0
15182,228,226,2
15183,199,199,0
15184,447,425,22
15185,135,133,2
15186,579,575,4
15187,559,554,5
15188,70,68,2
15189,148,148,0
15190,199,195,4
15191,173,173,0
15192,222,221,1
15193,158,158,0
15194,296,296,0
15195,62,62,0
15196,147,147,0
15197,86,86,0
15198,120,119,1
15199,54,54,0
15200,373,370,3
15201,361,361,0
15202,107,107,0
15203,127,126,1
15204,147,144,3
15205,187,185,2
15206,380,380,0
15207,172,172,0
15208,155,153,2
15209,161,160,1
15210,68,67,1
15211,156,156,0
15212,136,134,2
15213,209,208,1
15214,221,220,1
15215,102,100,2
15216,442,440,2
15217,55,55,0
15218,148,147,1
15219,447,447,0
15220,148,147,1
15221,85,85,0
15222,87,87,0
15223,116,115,1
15224,142,140,2
15225,114,114,0
15226,126,126,0
15227,305,305,0
15228,434,432,2
15229,115,112,3
15230,259,250,9
15231,175,175,0
15232,376,375,1
15233,139,138,1
15234,204,204,0
15235,154,154,0
15236,228,227,1
15237,119,119,0
15238,162,162,0
15239,155,155,0
15240,200,196,4
15241,182,182,0
15242,131,130,1
15243,114,113,1
15244,652,649,3
15245,112,110,2
15246,91,91,0
15247,121,120,1
15248,160,159,1
15249,87,87,0
15250,421,420,1
15251,205,205,0
15252,289,289,0
15253,222,222,0
15254,35,35,0
15255,539,534,5
15256,209,208,1
15257,341,341,0
15258,120,119,1
15259,797,790,7
15260,80,80,0
15261,262,261,1
15262,286,286,0
15263,128,128,0
15264,443,443,0
15265,375,375,0
15266,177,176,1
15267,114,114,0
15268,119,116,3
15269,63,63,0
15270,122,122,0
15271,603,598,5
15272,183,167,16
15273,239,237,2
15274,153,153,0
15275,139,139,0
15276,271,268,3
15277,118,116,2
15278,654,641,13
15279,36,36,0
15280,45,45,0
15281,76,75,1
15282,153,153,0
15283,62,62,0
15284,682,677,5
15285,915,911,4
15286,1026,1002,24
15287,231,231,0
15288,91,91,0
15289,241,239,2
15290,107,107,0
15291,137,137,0
15292,129,129,0
15293,400,400,0
15294,176,172,4
15295,195,194,1
15296,140,140,0
15297,330,329,1
15298,225,222,3
15299,227,222,5
15300,136,132,4
15301,155,155,0
15302,118,117,1
15303,161,161,0
15304,199,199,0
15305,86,85,1
15306,256,256,0
15307,209,209,0
15308,70,70,0
15309,199,199,0
15310,289,289,0
15311,265,265,0
15312,445,444,1
15313,118,118,0
15314,210,210,0
15315,172,172,0
15316,117,117,0
15317,160,158,2
15318,645,642,3
15319,40,40,0
15320,87,87,0
15321,149,147,2
15322,176,176,0
15323,138,137,1
15324,424,424,0
15325,322,319,3
15326,307,307,0
15327,199,199,0
15328,485,483,2
15329,270,269,1
15330,149,147,2
15331,112,110,2
15332,182,181,1
15333,328,325,3
15334,197,196,1
15335,267,263,4
15336,261,257,4
15337,203,200,3
15338,235,234,1
15339,197,196,1
15340,319,318,1
15341,136,136,0
15342,211,210,1
15343,126,126,0
15344,786,786,0
15345,213,213,0
15346,109,109,0
15347,233,233,0
15348,82,82,0
15349,155,155,0
15350,211,211,0
15351,736,728,8
15352,263,263,0
15353,222,212,10
15354,169,166,3
15355,156,155,1
15356,177,176,1
15357,184,184,0
15358,298,298,0
15359,439,435,4
15360,111,111,0
15361,168,167,1
15362,608,603,5
15363,62,62,0
15364,145,143,2
15365,84,84,0
15366,121,118,3
15367,229,229,0
15368,73,72,1
15369,123,122,1
15370,108,108,0
15371,350,348,2
15372,77,74,3
15373,73,73,0
15374,56,56,0
15375,153,152,1
15376,329,326,3
15377,158,158,0
15378,405,402,3
15379,307,307,0
15380,191,191,0
15381,197,195,2
15382,161,161,0
15383,589,586,3
15384,133,133,0
15385,582,579,3
15386,141,141,0
15387,300,299,1
15388,232,232,0
15389,243,243,0
15390,562,559,3
15391,246,245,1
15392,159,159,0
15393,123,121,2
15394,466,466,0
15395,196,196,0
15396,566,562,4
15397,291,286,5
15398,309,306,3
15399,860,858,2
15400,145,145,0
15401,295,295,0
15402,153,153,0
15403,163,162,1
15404,201,187,14
15405,278,277,1
15406,371,368,3
15407,55,55,0
15408,122,120,2
15409,325,323,2
15410,309,308,1
15411,265,265,0
15412,138,138,0
15413,140,138,2
15414,212,209,3
15415,135,134,1
15416,53,53,0
15417,141,141,0
15418,142,140,2
15419,132,132,0
15420,132,132,0
15421,400,400,0
15422,156,155,1
15423,614,611,3
15424,68,68,0
15425,118,117,1
15426,332,331,1
15427,84,84,0
15428,52,52,0
15429,153,152,1
15430,75,75,0
15431,160,158,2
15432,93,93,0
15433,188,188,0
15434,351,342,9
15435,208,208,0
15436,191,187,4
15437,348,345,3
15438,110,107,3
15439,202,201,1
15440,128,127,1
15441,206,205,1
15442,363,361,2
15443,87,84,3
15444,111,111,0
15445,112,104,8
15446,155,154,1
15447,124,123,1
15448,138,138,0
15449,200,199,1
15450,986,983,3
15451,357,344,13
15452,121,121,0
15453,174,171,3
15454,337,332,5
15455,83,83,0
15456,260,259,1
15457,307,306,1
15458,368,368,0
15459,360,359,1
15460,130,130,0
15461,365,363,2
15462,122,121,1
15463,104,99,5
15464,88,88,0
15465,183,183,0
15466,57,57,0
15467,177,175,2
15468,847,841,6
15469,176,175,1
15470,672,670,2
15471,173,170,3
15472,229,228,1
15473,311,309,2
15474,254,254,0
15475,91,91,0
15476,470,466,4
15477,157,157,0
15478,182,180,2
15479,317,315,2
15480,43,43,0
15481,60,60,0
15482,393,391,2
15483,285,285,0
15484,139,139,0
15485,125,125,0
15486,293,289,4
15487,267,266,1
15488,121,120,1
15489,128,125,3
15490,127,127,0
15491,195,193,2
15492,213,209,4
15493,117,116,1
15494,176,172,4
15495,122,121,1
15496,146,146,0
15497,132,131,1
15498,286,286,0
15499,252,252,0
15500,283,282,1
15501,544,541,3
15502,171,168,3
15503,153,153,0
15504,302,300,2
15505,249,248,1
15506,222,220,2
15507,120,120,0
15508,240,239,1
15509,301,296,5
15510,552,549,3
15511,277,275,2
15512,190,189,1
15513,417,414,3
15514,177,177,0
15515,329,328,1
15516,337,337,0
15517,754,747,7
15518,322,317,5
15519,99,99,0
15520,110,109,1
15521,55,55,0
15522,231,229,2
15523,122,122,0
15524,136,134,2
15525,384,373,11
15526,595,593,2
15527,115,115,0
15528,70,68,2
15529,378,376,2
15530,132,130,2
15531,142,142,0
15532,209,208,1
15533,271,266,5
15534,110,110,0
15535,160,160,0
15536,126,124,2
15537,151,151,0
15538,587,582,5
15539,126,126,0
15540,92,91,1
15541,209,209,0
15542,173,173,0
15543,411,411,0
15544,137,137,0
15545,552,548,4
15546,402,401,1
15547,305,304,1
15548,431,431,0
15549,168,168,0
15550,222,221,1
15551,221,220,1
15552,731,728,3
15553,541,541,0
15554,154,153,1
15555,167,165,2
15556,218,217,1
15557,27,27,0
15558,76,76,0
15559,184,174,10
15560,418,412,6
15561,206,200,6
15562,381,380,1
15563,44,44,0
15564,127,126,1
15565,112,110,2
15566,131,131,0
15567,156,156,0
15568,838,833,5
15569,228,226,2
15570,187,185,2
15571,318,317,1
15572,166,165,1
15573,508,506,2
15574,338,338,0
15575,84,84,0
15576,67,67,0
15577,174,174,0
15578,67,67,0
15579,49,49,0
15580,93,93,0
15581,99,98,1
15582,89,89,0
15583,125,123,2
15584,123,122,1
15585,216,216,0
15586,36,36,0
15587,68,66,2
15588,314,313,1
15589,297,295,2
15590,121,121,0
15591,172,172,0
15592,144,142,2
15593,142,140,2
15594,313,313,0
15595,485,480,5
15596,182,182,0
15597,220,218,2
15598,246,245,1
15599,998,991,7
15600,39,39,0
15601,210,206,4
15602,275,275,0
15603,62,62,0
15604,65,65,0
15605,549,547,2
15606,78,77,1
15607,326,326,0
15608,195,195,0
15609,80,80,0
15610,124,124,0
15611,41,41,0
15612,149,149,0
15613,205,205,0
15614,64,64,0
15615,170,170,0
15616,294,293,1
15617,134,131,3
15618,113,113,0
15619,61,61,0
15620,138,138,0
15621,131,131,0
15622,106,106,0
15623,66,65,1
15624,52,52,0
15625,120,120,0
15626,252,251,1
15627,124,124,0
15628,139,138,1
15629,65,65,0
15630,72,67,5
15631,95,94,1
15632,322,322,0
15633,15,15,0
15634,94,94,0
15635,132,132,0
15636,122,122,0
15637,150,149,1
15638,68,68,0
15639,147,144,3
15640,397,393,4
15641,196,192,4
15642,57,57,0
15643,138,138,0
15644,94,90,4
15645,116,116,0
15646,158,155,3
15647,305,303,2
15648,128,128,0
15649,273,273,0
15650,162,162,0
15651,209,208,1
15652,157,157,0
15653,231,231,0
15654,118,114,4
15655,291,291,0
15656,505,499,6
15657,221,219,2
15658,739,730,9
15659,173,173,0
15660,144,143,1
15661,113,111,2
15662,327,324,3
15663,50,49,1
15664,94,94,0
15665,154,154,0
15666,501,499,2
15667,93,93,0
15668,106,105,1
15669,152,152,0
15670,139,139,0
15671,399,397,2
15672,267,259,8
15673,252,232,20
15674,405,399,6
15675,914,909,5
15676,398,398,0
15677,134,134,0
15678,311,310,1
15679,137,137,0
15680,116,116,0
15681,995,980,15
15682,338,335,3
15683,316,311,5
15684,184,182,2
15685,237,237,0
15686,382,382,0
15687,200,200,0
15688,158,157,1
15689,198,197,1
15690,249,247,2
15691,204,201,3
15692,170,166,4
15693,167,163,4
15694,237,235,2
15695,117,117,0
15696,494,489,5
15697,209,204,5
15698,60,60,0
15699,132,127,5
15700,121,121,0
15701,607,606,1
15702,165,165,0
15703,99,99,0
15704,149,147,2
15705,447,447,0
15706,67,66,1
15707,54,54,0
15708,459,457,2
15709,83,80,3
15710,68,68,0
15711,78,78,0
15712,135,135,0
15713,171,170,1
15714,94,94,0
15715,99,98,1
15716,206,205,1
15717,112,112,0
15718,241,239,2
15719,135,135,0
15720,257,253,4
15721,115,115,0
15722,129,128,1
15723,102,100,2
15724,143,141,2
15725,236,235,1
15726,891,887,4
15727,301,300,1
15728,402,400,2
15729,83,82,1
15730,142,142,0
15731,47,47,0
15732,489,489,0
15733,208,206,2
15734,108,106,2
15735,123,123,0
15736,218,217,1
15737,89,89,0
15738,128,128,0
15739,168,167,1
15740,135,134,1
15741,453,452,1
15742,378,373,5
15743,211,208,3
15744,111,111,0
15745,96,96,0
15746,173,173,0
15747,48,48,0
15748,95,94,1
15749,141,141,0
15750,144,142,2
15751,551,550,1
15752,168,168,0
15753,428,427,1
15754,162,159,3
15755,113,113,0
15756,120,119,1
15757,491,489,2
15758,114,114,0
15759,668,661,7
15760,185,185,0
15761,235,235,0
15762,130,130,0
15763,131,130,1
15764,134,134,0
15765,271,268,3
15766,127,125,2
15767,145,144,1
15768,158,158,0
15769,148,148,0
15770,134,134,0
15771,199,198,1
15772,520,519,1
15773,160,160,0
15774,109,109,0
15775,213,212,1
15776,183,182,1
15777,418,418,0
15778,160,160,0
15779,232,231,1
15780,215,214,1
15781,149,149,0
15782,150,150,0
15783,122,121,1
15784,150,150,0
15785,113,113,0
15786,180,180,0
15787,236,236,0
15788,473,472,1
15789,453,452,1
15790,207,207,0
15791,251,251,0
15792,200,195,5
15793,153,153,0
15794,231,230,1
15795,313,313,0
15796,109,108,1
15797,153,153,0
15798,289,283,6
15799,69,68,1
15800,123,122,1
15801,125,125,0
15802,172,170,2
15803,255,254,1
15804,236,236,0
15805,142,141,1
15806,519,518,1
15807,259,259,0
15808,595,590,5
15809,219,219,0
15810,122,122,0
15811,144,144,0
15812,172,171,1
15813,334,334,0
15814,156,152,4
15815,111,111,0
15816,324,322,2
15817,126,125,1
15818,122,119,3
15819,240,240,0
15820,280,279,1
15821,88,88,0
15822,129,129,0
15823,249,248,1
15824,383,375,8
15825,312,309,3
15826,176,172,4
15827,168,162,6
15828,108,108,0
15829,138,138,0
15830,343,343,0
15831,114,110,4
15832,657,656,1
15833,189,183,6
15834,133,133,0
15835,394,391,3
15836,262,261,1
15837,139,139,0
15838,158,157,1
15839,267,267,0
15840,109,107,2
15841,142,142,0
15842,188,188,0
15843,160,160,0
15844,125,125,0
15845,289,289,0
15846,144,143,1
15847,137,137,0
15848,134,133,1
15849,125,125,0
15850,375,374,1
15851,188,188,0
15852,225,223,2
15853,315,315,0
15854,191,189,2
15855,122,122,0
15856,68,68,0
15857,190,187,3
15858,68,68,0
15859,249,249,0
15860,410,408,2
15861,207,207,0
15862,147,146,1
15863,187,185,2
15864,213,212,1
15865,130,130,0
15866,153,151,2
15867,94,94,0
15868,225,225,0
15869,158,158,0
15870,208,206,2
15871,491,490,1
15872,609,607,2
15873,574,573,1
15874,163,163,0
15875,294,294,0
15876,202,201,1
15877,129,127,2
15878,123,122,1
15879,494,493,1
15880,196,196,0
15881,121,121,0
15882,165,165,0
15883,526,524,2
15884,121,121,0
15885,148,148,0
15886,185,185,0
15887,138,136,2
15888,47,46,1
15889,472,472,0
15890,236,234,2
15891,140,140,0
15892,151,147,4
15893,701,696,5
15894,612,611,1
15895,287,282,5
15896,231,228,3
15897,985,977,8
15898,162,160,2
15899,391,388,3
15900,115,115,0
15901,424,417,7
15902,99,99,0
15903,109,109,0
15904,174,172,2
15905,508,503,5
15906,158,157,1
15907,404,401,3
15908,98,98,0
15909,300,300,0
15910,139,139,0
15911,523,520,3
15912,43,43,0
15913,232,231,1
15914,113,109,4
15915,121,121,0
15916,143,142,1
15917,121,121,0
15918,307,304,3
15919,153,153,0
15920,128,127,1
15921,125,125,0
15922,131,131,0
15923,115,115,0
15924,480,480,0
15925,204,204,0
15926,169,169,0
15927,129,129,0
15928,140,140,0
15929,409,404,5
15930,286,286,0
15931,125,123,2
15932,158,155,3
15933,152,151,1
15934,328,327,1
15935,143,140,3
15936,224,223,1
15937,133,133,0
15938,264,261,3
15939,137,137,0
15940,349,347,2
15941,152,151,1
15942,139,139,0
15943,126,126,0
15944,135,132,3
15945,167,166,1
15946,74,74,0
15947,169,169,0
15948,45,44,1
15949,139,139,0
15950,125,123,2
15951,599,596,3
15952,171,171,0
15953,251,251,0
15954,506,505,1
15955,91,91,0
15956,107,106,1
15957,149,149,0
15958,52,52,0
15959,84,84,0
15960,162,161,1
15961,292,292,0
15962,187,185,2
15963,175,175,0
15964,295,293,2
15965,891,883,8
15966,323,323,0
15967,157,156,1
15968,276,276,0
15969,246,243,3
15970,364,361,3
15971,264,263,1
15972,384,384,0
15973,372,370,2
15974,524,522,2
15975,195,195,0
15976,42,42,0
15977,110,110,0
15978,139,139,0
15979,128,127,1
15980,458,455,3
15981,78,76,2
15982,133,133,0
15983,250,249,1
15984,323,323,0
15985,180,177,3
15986,139,137,2
15987,85,84,1
15988,137,137,0
15989,105,105,0
15990,143,139,4
15991,85,85,0
15992,219,219,0
15993,375,375,0
15994,83,83,0
15995,56,55,1
15996,100,99,1
15997,536,532,4
15998,85,85,0
15999,158,158,0
16000,320,316,4
16001,191,191,0
16002,615,607,8
16003,399,398,1
16004,292,289,3
16005,254,254,0
16006,134,133,1
16007,164,164,0
16008,133,131,2
16009,72,71,1
16010,162,162,0
16011,59,59,0
16012,99,97,2
16013,76,76,0
16014,226,225,1
16015,66,66,0
16016,217,217,0
16017,190,184,6
16018,92,88,4
16019,212,212,0
16020,219,216,3
16021,159,155,4
16022,162,162,0
16023,307,303,4
16024,124,124,0
16025,272,270,2
16026,658,654,4
16027,317,315,2
16028,272,271,1
16029,694,682,12
16030,352,352,0
16031,1507,1489,18
16032,221,219,2
16033,1539,1521,18
16034,96,96,0
16035,720,716,4
16036,329,326,3
16037,654,649,5
16038,156,156,0
16039,139,138,1
16040,186,185,1
16041,273,263,10
16042,120,120,0
16043,129,129,0
16044,230,229,1
16045,146,142,4
16046,507,507,0
16047,109,106,3
16048,131,130,1
16049,633,627,6
16050,191,191,0
16051,274,274,0
16052,130,130,0
16053,195,195,0
16054,58,58,0
16055,126,125,1
16056,697,697,0
16057,202,202,0
16058,173,173,0
16059,506,505,1
16060,154,154,0
16061,226,226,0
16062,153,153,0
16063,145,144,1
16064,137,137,0
16065,75,75,0
16066,132,132,0
16067,118,117,1
16068,203,202,1
16069,209,209,0
16070,458,457,1
16071,316,315,1
16072,145,144,1
16073,593,591,2
16074,614,612,2
16075,172,172,0
16076,154,154,0
16077,77,76,1
16078,132,132,0
16079,164,162,2
16080,117,116,1
16081,158,157,1
16082,161,161,0
16083,129,129,0
16084,182,180,2
16085,137,137,0
16086,140,139,1
16087,88,86,2
16088,495,492,3
16089,181,179,2
16090,61,59,2
16091,284,279,5
16092,167,166,1
16093,165,164,1
16094,139,139,0
16095,137,137,0
16096,142,142,0
16097,151,149,2
16098,237,237,0
16099,126,125,1
16100,128,127,1
16101,170,170,0
16102,371,371,0
16103,63,63,0
16104,156,156,0
16105,191,190,1
16106,166,166,0
16107,358,356,2
16108,145,143,2
16109,129,129,0
16110,187,185,2
16111,128,128,0
16112,120,120,0
16113,948,930,18
16114,129,129,0
16115,241,241,0
16116,180,180,0
16117,163,163,0
16118,213,213,0
16119,131,130,1
16120,214,211,3
16121,308,307,1
16122,149,148,1
16123,162,161,1
16124,182,182,0
16125,334,333,1
16126,112,111,1
16127,162,162,0
16128,160,158,2
16129,148,148,0
16130,219,217,2
16131,457,451,6
16132,95,94,1
16133,128,128,0
16134,195,192,3
16135,116,115,1
16136,149,149,0
16137,175,174,1
16138,324,322,2
16139,100,100,0
16140,285,284,1
16141,270,267,3
16142,579,577,2
16143,478,475,3
16144,83,83,0
16145,349,348,1
16146,123,122,1
16147,90,90,0
16148,215,213,2
16149,123,123,0
16150,187,187,0
16151,197,196,1
16152,129,126,3
16153,504,503,1
16154,235,234,1
16155,928,926,2
16156,470,469,1
16157,389,388,1
16158,312,311,1
16159,115,115,0
16160,154,154,0
16161,139,139,0
16162,128,128,0
16163,136,135,1
16164,183,183,0
16165,245,245,0
16166,226,226,0
16167,259,258,1
16168,260,259,1
16169,98,97,1
16170,79,79,0
16171,368,368,0
16172,124,124,0
16173,77,76,1
16174,63,63,0
16175,143,143,0
16176,162,161,1
16177,342,341,1
16178,156,154,2
16179,139,139,0
16180,333,331,2
16181,113,103,10
16182,126,126,0
16183,123,119,4
16184,165,164,1
16185,477,475,2
16186,168,168,0
16187,202,199,3
16188,142,142,0
16189,275,267,8
16190,136,135,1
16191,153,153,0
16192,256,256,0
16193,620,620,0
16194,459,458,1
16195,161,160,1
16196,120,120,0
16197,135,135,0
16198,161,160,1
16199,94,94,0
16200,370,369,1
16201,117,116,1
16202,236,236,0
16203,413,413,0
16204,128,128,0
16205,172,172,0
16206,193,192,1
16207,458,458,0
16208,121,121,0
16209,131,131,0
16210,113,113,0
16211,120,117,3
16212,213,213,0
16213,186,182,4
16214,187,186,1
16215,149,147,2
16216,244,244,0
16217,300,296,4
16218,192,192,0
16219,112,111,1
16220,990,981,9
16221,120,120,0
16222,136,136,0
16223,162,162,0
16224,334,329,5
16225,50,50,0
16226,145,144,1
16227,347,346,1
16228,98,97,1
16229,74,73,1
16230,102,102,0
16231,239,238,1
16232,103,103,0
16233,273,270,3
16234,780,780,0
16235,117,115,2
16236,330,330,0
16237,207,207,0
16238,152,150,2
16239,395,391,4
16240,141,140,1
16241,254,253,1
16242,139,139,0
16243,473,468,5
16244,265,265,0
16245,298,296,2
16246,274,272,2
16247,110,107,3
16248,169,168,1
16249,182,182,0
16250,244,243,1
16251,149,149,0
16252,145,145,0
16253,113,113,0
16254,151,149,2
16255,181,181,0
16256,395,395,0
16257,140,140,0
16258,143,142,1
16259,549,548,1
16260,136,136,0
16261,143,143,0
16262,92,91,1
16263,191,191,0
16264,365,364,1
16265,215,213,2
16266,124,121,3
16267,382,379,3
16268,118,118,0
16269,128,128,0
16270,283,283,0
16271,137,137,0
16272,150,150,0
16273,142,142,0
16274,346,345,1
16275,362,361,1
16276,223,223,0
16277,179,178,1
16278,234,230,4
16279,73,71,2
16280,424,418,6
16281,143,143,0
16282,137,137,0
16283,236,236,0
16284,193,192,1
16285,223,222,1
16286,138,138,0
16287,490,488,2
16288,308,305,3
16289,414,409,5
16290,208,208,0
16291,154,154,0
16292,292,292,0
16293,135,135,0
16294,360,360,0
16295,424,424,0
16296,148,147,1
16297,115,115,0
16298,150,149,1
16299,308,305,3
16300,226,224,2
16301,119,119,0
16302,157,157,0
16303,425,425,0
16304,133,133,0
16305,188,186,2
16306,128,126,2
16307,653,651,2
16308,141,141,0
16309,183,183,0
16310,160,160,0
16311,194,193,1
16312,69,69,0
16313,201,201,0
16314,153,153,0
16315,216,216,0
16316,314,311,3
16317,163,162,1
16318,93,93,0
16319,69,68,1
16320,46,46,0
16321,389,388,1
16322,219,214,5
16323,246,246,0
16324,123,121,2
16325,124,124,0
16326,148,148,0
16327,157,155,2
16328,317,315,2
16329,212,210,2
16330,282,281,1
16331,128,128,0
16332,163,161,2
16333,246,246,0
16334,339,338,1
16335,148,146,2
16336,132,132,0
16337,233,232,1
16338,375,375,0
16339,176,176,0
16340,139,138,1
16341,301,300,1
16342,646,641,5
16343,241,238,3
16344,262,260,2
16345,117,116,1
16346,158,157,1
16347,348,345,3
16348,454,454,0
16349,240,240,0
16350,204,204,0
16351,213,212,1
16352,473,465,8
16353,336,336,0
16354,147,146,1
16355,188,186,2
16356,121,120,1
16357,194,194,0
16358,125,122,3
16359,115,115,0
16360,172,172,0
16361,181,180,1
16362,106,101,5
16363,576,568,8
16364,180,179,1
16365,115,115,0
16366,158,158,0
16367,132,131,1
16368,148,148,0
16369,166,166,0
16370,189,188,1
16371,158,156,2
16372,59,59,0
16373,130,130,0
16374,115,115,0
16375,64,64,0
16376,141,141,0
16377,71,70,1
16378,439,437,2
16379,174,174,0
16380,385,384,1
16381,92,92,0
16382,360,357,3
16383,128,128,0
16384,138,138,0
16385,81,81,0
16386,103,102,1
16387,184,184,0
16388,148,148,0
16389,237,236,1
16390,126,126,0
16391,283,283,0
16392,843,840,3
16393,131,129,2
16394,188,187,1
16395,266,265,1
16396,778,773,5
16397,118,117,1
16398,128,126,2
16399,157,157,0
16400,157,156,1
16401,78,78,0
16402,496,495,1
16403,184,182,2
16404,344,339,5
16405,64,64,0
16406,171,171,0
16407,32,32,0
16408,66,66,0
16409,307,306,1
16410,172,170,2
16411,116,115,1
16412,120,119,1
16413,332,330,2
16414,128,128,0
16415,296,295,1
16416,124,124,0
16417,126,123,3
16418,256,255,1
16419,637,635,2
16420,417,416,1
16421,173,173,0
16422,397,395,2
16423,124,124,0
16424,166,161,5
16425,201,201,0
16426,145,145,0
16427,125,125,0
16428,510,510,0
16429,119,119,0
16430,294,294,0
16431,246,245,1
16432,252,250,2
16433,440,438,2
16434,658,654,4
16435,249,248,1
16436,219,218,1
16437,67,66,1
16438,119,119,0
16439,274,273,1
16440,159,159,0
16441,239,235,4
16442,272,271,1
16443,181,180,1
16444,283,281,2
16445,881,873,8
16446,135,135,0
16447,1012,995,17
16448,304,303,1
16449,521,521,0
16450,186,185,1
16451,133,132,1
16452,118,118,0
16453,121,118,3
16454,153,153,0
16455,194,194,0
16456,153,152,1
16457,46,46,0
16458,150,150,0
16459,232,231,1
16460,154,154,0
16461,392,392,0
16462,151,149,2
16463,168,166,2
16464,146,146,0
16465,391,391,0
16466,148,147,1
16467,219,218,1
16468,234,234,0
16469,234,232,2
16470,63,63,0
16471,112,110,2
16472,153,153,0
16473,144,144,0
16474,349,345,4
16475,228,228,0
16476,550,549,1
16477,144,142,2
16478,218,217,1
16479,11,11,0
16480,113,113,0
16481,36,35,1
16482,197,195,2
16483,141,140,1
16484,192,191,1
16485,138,137,1
16486,168,164,4
16487,131,130,1
16488,168,166,2
16489,71,71,0
16490,712,706,6
16491,118,117,1
16492,497,496,1
16493,226,226,0
16494,127,126,1
16495,236,235,1
16496,221,221,0
16497,98,98,0
16498,244,244,0
16499,402,399,3
16500,150,150,0
16501,164,164,0
16502,160,160,0
16503,167,167,0
16504,195,193,2
16505,377,377,0
16506,129,128,1
16507,372,371,1
16508,148,148,0
16509,180,179,1
16510,143,142,1
16511,153,153,0
16512,228,228,0
16513,385,385,0
16514,131,131,0
16515,126,125,1
16516,150,150,0
16517,75,75,0
16518,60,60,0
16519,235,232,3
16520,231,231,0
16521,441,434,7
16522,823,820,3
16523,149,149,0
16524,323,323,0
16525,673,665,8
16526,612,611,1
16527,316,316,0
16528,112,111,1
16529,34,33,1
16530,147,147,0
16531,103,103,0
16532,107,107,0
16533,56,56,0
16534,71,71,0
16535,191,190,1
16536,106,105,1
16537,53,52,1
16538,176,176,0
16539,187,186,1
16540,170,170,0
16541,208,208,0
16542,189,188,1
16543,124,123,1
16544,177,177,0
16545,264,264,0
16546,234,232,2
16547,717,716,1
16548,125,122,3
16549,95,91,4
16550,96,96,0
16551,284,283,1
16552,387,387,0
16553,98,98,0
16554,181,179,2
16555,176,175,1
16556,248,248,0
16557,173,173,0
16558,59,59,0
16559,141,141,0
16560,133,131,2
16561,231,225,6
16562,138,135,3
16563,240,236,4
16564,131,131,0
16565,181,179,2
16566,156,149,7
16567,110,110,0
16568,292,292,0
16569,133,133,0
16570,737,736,1
16571,388,388,0
16572,300,299,1
16573,187,186,1
16574,751,742,9
16575,133,133,0
16576,130,130,0
16577,625,619,6
16578,196,196,0
16579,113,113,0
16580,124,124,0
16581,148,147,1
16582,507,506,1
16583,181,179,2
16584,211,211,0
16585,258,257,1
16586,321,320,1
16587,126,125,1
16588,219,217,2
16589,980,978,2
16590,118,114,4
16591,107,107,0
16592,27,27,0
16593,91,91,0
16594,203,203,0
16595,37,37,0
16596,336,334,2
16597,728,723,5
16598,136,134,2
16599,144,144,0
16600,135,133,2
16601,126,125,1
16602,264,263,1
16603,157,154,3
16604,140,138,2
16605,95,94,1
16606,220,220,0
16607,201,189,12
16608,391,385,6
16609,119,119,0
16610,50,50,0
16611,248,245,3
16612,68,68,0
16613,555,554,1
16614,162,162,0
16615,440,439,1
16616,263,263,0
16617,1031,1025,6
16618,160,160,0
16619,126,122,4
16620,1017,1015,2
16621,184,183,1
16622,151,150,1
16623,124,123,1
16624,120,117,3
16625,154,154,0
16626,139,139,0
16627,124,124,0
16628,442,437,5
16629,321,321,0
16630,384,384,0
16631,131,131,0
16632,234,231,3
16633,149,147,2
16634,217,216,1
16635,315,314,1
16636,140,139,1
16637,127,127,0
16638,116,115,1
16639,103,100,3
16640,132,131,1
16641,257,256,1
16642,140,139,1
16643,264,264,0
16644,458,458,0
16645,325,323,2
16646,342,339,3
16647,289,287,2
16648,84,84,0
16649,191,189,2
16650,49,47,2
16651,328,326,2
16652,185,183,2
16653,281,280,1
16654,75,75,0
16655,209,208,1
16656,110,110,0
16657,151,150,1
16658,182,182,0
16659,166,166,0
16660,671,671,0
16661,264,263,1
16662,186,184,2
16663,362,362,0
16664,176,174,2
16665,150,150,0
16666,240,237,3
16667,159,159,0
16668,214,210,4
16669,300,300,0
16670,301,300,1
16671,149,147,2
16672,179,176,3
16673,56,56,0
16674,275,274,1
16675,180,179,1
16676,511,510,1
16677,115,114,1
16678,197,195,2
16679,124,124,0
16680,136,135,1
16681,174,174,0
16682,151,150,1
16683,138,138,0
16684,132,129,3
16685,302,299,3
16686,186,186,0
16687,154,154,0
16688,220,220,0
16689,267,267,0
16690,123,123,0
16691,115,115,0
16692,123,118,5
16693,700,698,2
16694,126,126,0
16695,346,343,3
16696,79,77,2
16697,81,81,0
16698,127,127,0
16699,124,124,0
16700,161,159,2
16701,641,639,2
16702,292,289,3
16703,167,166,1
16704,974,960,14
16705,497,497,0
16706,152,152,0
16707,56,56,0
16708,339,336,3
16709,67,67,0
16710,311,310,1
16711,187,187,0
16712,240,240,0
16713,201,198,3
16714,163,163,0
16715,330,327,3
16716,129,129,0
16717,83,83,0
16718,153,153,0
16719,122,121,1
16720,128,127,1
16721,309,309,0
16722,201,201,0
16723,193,193,0
16724,169,169,0
16725,183,183,0
16726,228,226,2
16727,158,158,0
16728,181,180,1
16729,131,131,0
16730,106,106,0
16731,134,133,1
16732,870,866,4
16733,124,124,0
16734,536,535,1
16735,146,146,0
16736,155,154,1
16737,148,147,1
16738,366,365,1
16739,143,142,1
16740,48,48,0
16741,395,390,5
16742,115,113,2
16743,178,178,0
16744,113,113,0
16745,239,239,0
16746,106,104,2
16747,119,118,1
16748,148,147,1
16749,164,159,5
16750,538,537,1
16751,220,220,0
16752,142,141,1
16753,175,175,0
16754,223,223,0
16755,131,131,0
16756,807,804,3
16757,171,170,1
16758,122,122,0
16759,225,224,1
16760,107,107,0
16761,182,180,2
16762,132,129,3
16763,329,312,17
16764,529,527,2
16765,146,146,0
16766,148,148,0
16767,250,249,1
16768,797,797,0
16769,296,296,0
16770,142,141,1
16771,83,83,0
16772,171,171,0
16773,423,423,0
16774,130,129,1
16775,171,169,2
16776,36,35,1
16777,258,258,0
16778,209,209,0
16779,115,115,0
16780,130,129,1
16781,158,158,0
16782,250,247,3
16783,159,158,1
16784,300,298,2
16785,173,173,0
16786,59,59,0
16787,261,259,2
16788,76,76,0
16789,74,73,1
16790,43,43,0
16791,149,149,0
16792,123,122,1
16793,419,419,0
16794,361,360,1
16795,121,112,9
16796,152,151,1
16797,145,139,6
16798,103,102,1
16799,66,65,1
16800,223,222,1
16801,119,119,0
16802,126,125,1
16803,261,259,2
16804,303,301,2
16805,139,137,2
16806,137,137,0
16807,129,128,1
16808,99,99,0
16809,76,76,0
16810,121,120,1
16811,128,128,0
16812,126,126,0
16813,312,312,0
16814,309,308,1
16815,317,316,1
16816,152,152,0
16817,203,203,0
16818,108,107,1
16819,139,139,0
16820,323,323,0
16821,118,118,0
16822,357,356,1
16823,108,108,0
16824,159,159,0
16825,344,343,1
16826,312,309,3
16827,64,64,0
16828,231,231,0
16829,265,265,0
16830,291,291,0
16831,123,123,0
16832,584,584,0
16833,123,121,2
16834,106,106,0
16835,419,415,4
16836,141,141,0
16837,249,249,0
16838,318,316,2
16839,185,185,0
16840,224,224,0
16841,334,334,0
16842,116,115,1
16843,458,458,0
16844,135,134,1
16845,440,438,2
16846,44,44,0
16847,77,77,0
16848,68,68,0
16849,95,95,0
16850,127,125,2
16851,68,68,0
16852,93,93,0
16853,174,173,1
16854,13,13,0
16855,169,167,2
16856,201,201,0
16857,274,274,0
16858,138,133,5
16859,158,157,1
16860,51,51,0
16861,86,86,0
16862,197,197,0
16863,172,170,2
16864,377,377,0
16865,150,149,1
16866,136,135,1
16867,88,88,0
16868,157,156,1
16869,167,165,2
16870,82,81,1
16871,127,127,0
16872,433,430,3
16873,129,123,6
16874,693,685,8
16875,142,139,3
16876,291,286,5
16877,143,143,0
16878,56,56,0
16879,108,108,0
16880,245,241,4
16881,260,257,3
16882,676,674,2
16883,137,136,1
16884,540,540,0
16885,133,132,1
16886,212,211,1
16887,532,529,3
16888,167,167,0
16889,214,209,5
16890,185,185,0
16891,405,404,1
16892,248,247,1
16893,425,422,3
16894,130,130,0
16895,354,354,0
16896,493,488,5
16897,276,276,0
16898,131,131,0
16899,106,106,0
16900,135,134,1
16901,90,90,0
16902,221,221,0
16903,182,180,2
16904,117,116,1
16905,200,200,0
16906,460,460,0
16907,93,93,0
16908,90,89,1
16909,129,127,2
16910,277,276,1
16911,885,877,8
16912,142,142,0
16913,141,141,0
16914,353,347,6
16915,458,455,3
16916,144,142,2
16917,110,110,0
16918,127,126,1
16919,407,407,0
16920,229,229,0
16921,255,253,2
16922,724,723,1
16923,192,192,0
16924,191,191,0
16925,278,278,0
16926,124,124,0
16927,136,134,2
16928,128,128,0
16929,111,111,0
16930,132,129,3
16931,60,59,1
16932,231,226,5
16933,506,503,3
16934,191,190,1
16935,188,187,1
16936,140,139,1
16937,136,136,0
16938,150,147,3
16939,129,129,0
16940,303,303,0
16941,144,144,0
16942,122,121,1
16943,268,267,1
16944,184,181,3
16945,156,155,1
16946,170,170,0
16947,126,125,1
16948,323,322,1
16949,181,179,2
16950,336,333,3
16951,179,179,0
16952,309,308,1
16953,163,163,0
16954,294,294,0
16955,1007,997,10
16956,592,589,3
16957,480,480,0
16958,351,347,4
16959,249,249,0
16960,168,168,0
16961,399,398,1
16962,110,106,4
16963,113,113,0
16964,133,133,0
16965,83,83,0
16966,331,328,3
16967,361,359,2
16968,115,115,0
16969,238,235,3
16970,126,126,0
16971,224,220,4
16972,157,156,1
16973,328,328,0
16974,283,281,2
16975,126,126,0
16976,326,325,1
16977,373,363,10
16978,213,212,1
16979,134,134,0
16980,251,251,0
16981,183,179,4
16982,274,272,2
16983,546,528,18
16984,325,324,1
16985,285,284,1
16986,188,187,1
16987,124,124,0
16988,323,321,2
16989,620,620,0
16990,530,530,0
16991,326,326,0
16992,132,132,0
16993,185,183,2
16994,255,253,2
16995,132,131,1
16996,231,229,2
16997,108,108,0
16998,186,186,0
16999,154,153,1
17000,157,157,0
17001,197,194,3
17002,173,172,1
17003,298,295,3
17004,150,150,0
17005,150,149,1
17006,123,122,1
17007,129,129,0
17008,140,138,2
17009,309,307,2
17010,188,188,0
17011,104,104,0
17012,139,139,0
17013,251,250,1
17014,172,171,1
17015,185,185,0
17016,249,243,6
17017,167,165,2
17018,206,206,0
17019,197,193,4
17020,268,266,2
17021,128,123,5
17022,92,92,0
17023,99,99,0
17024,140,140,0
17025,209,207,2
17026,126,125,1
17027,389,387,2
17028,421,419,2
17029,163,161,2
17030,477,473,4
17031,112,112,0
17032,149,148,1
17033,226,225,1
17034,189,189,0
17035,366,364,2
17036,132,132,0
17037,283,283,0
17038,128,127,1
17039,222,220,2
17040,109,109,0
17041,103,103,0
17042,86,84,2
17043,164,164,0
17044,273,271,2
17045,192,192,0
17046,374,373,1
17047,201,201,0
17048,378,376,2
17049,116,116,0
17050,63,63,0
17051,52,52,0
17052,191,188,3
17053,97,97,0
17054,358,356,2
17055,101,100,1
17056,149,149,0
17057,207,206,1
17058,82,81,1
17059,234,234,0
17060,191,189,2
17061,588,588,0
17062,345,344,1
17063,182,181,1
17064,171,171,0
17065,234,231,3
17066,131,130,1
17067,126,126,0
17068,196,196,0
17069,148,148,0
17070,130,130,0
17071,265,265,0
17072,209,209,0
17073,140,139,1
17074,131,131,0
17075,310,309,1
17076,536,530,6
17077,119,119,0
17078,131,128,3
17079,121,121,0
17080,136,136,0
17081,295,295,0
17082,215,215,0
17083,107,106,1
17084,441,441,0
17085,119,118,1
17086,143,143,0
17087,122,120,2
17088,109,108,1
17089,121,121,0
17090,131,131,0
17091,157,156,1
17092,265,265,0
17093,144,144,0
17094,137,137,0
17095,238,238,0
17096,176,175,1
17097,135,135,0
17098,168,168,0
17099,178,177,1
17100,260,260,0
17101,148,147,1
17102,191,191,0
17103,647,641,6
17104,207,205,2
17105,127,125,2
17106,179,179,0
17107,228,225,3
17108,133,132,1
17109,115,114,1
17110,131,131,0
17111,234,232,2
17112,170,169,1
17113,243,242,1
17114,235,235,0
17115,126,126,0
17116,337,337,0
17117,417,416,1
17118,212,209,3
17119,110,109,1
17120,201,200,1
17121,84,84,0
17122,309,309,0
17123,94,92,2
17124,132,130,2
17125,361,356,5
17126,371,369,2
17127,124,124,0
17128,383,381,2
17129,450,448,2
17130,565,562,3
17131,162,159,3
17132,171,169,2
17133,93,93,0
17134,263,260,3
17135,118,118,0
17136,115,114,1
17137,167,167,0
17138,125,125,0
17139,231,229,2
17140,304,300,4
17141,411,410,1
17142,147,146,1
17143,117,117,0
17144,181,181,0
17145,453,451,2
17146,273,273,0
17147,131,131,0
17148,204,204,0
17149,622,616,6
17150,135,135,0
17151,329,329,0
17152,451,451,0
17153,187,187,0
17154,338,338,0
17155,289,286,3
17156,934,929,5
17157,54,54,0
17158,58,58,0
17159,87,87,0
17160,117,117,0
17161,257,256,1
17162,134,134,0
17163,46,46,0
17164,202,200,2
17165,433,431,2
17166,117,117,0
17167,218,217,1
17168,515,512,3
17169,359,359,0
17170,202,202,0
17171,127,127,0
17172,115,114,1
17173,65,65,0
17174,159,158,1
17175,226,226,0
17176,108,108,0
17177,241,241,0
17178,119,119,0
17179,228,228,0
17180,243,243,0
17181,133,133,0
17182,151,151,0
17183,148,146,2
17184,524,517,7
17185,342,340,2
17186,139,136,3
17187,47,47,0
17188,122,120,2
17189,163,162,1
17190,182,181,1
17191,130,130,0
17192,198,198,0
17193,397,397,0
17194,170,169,1
17195,929,921,8
17196,253,253,0
17197,267,267,0
17198,216,215,1
17199,657,655,2
17200,1362,1359,3
17201,805,800,5
17202,966,962,4
17203,260,258,2
17204,411,409,2
17205,455,449,6
17206,101,101,0
17207,110,109,1
17208,462,461,1
17209,197,195,2
17210,311,311,0
17211,385,382,3
17212,369,369,0
17213,128,128,0
17214,833,829,4
17215,132,132,0
17216,147,145,2
17217,152,151,1
17218,91,91,0
17219,88,88,0
17220,119,109,10
17221,522,518,4
17222,132,132,0
17223,307,307,0
17224,88,88,0
17225,544,544,0
17226,151,150,1
17227,160,160,0
17228,332,330,2
17229,487,485,2
17230,376,374,2
17231,100,100,0
17232,236,234,2
17233,197,196,1
17234,135,133,2
17235,147,145,2
17236,163,163,0
17237,239,238,1
17238,143,143,0
17239,137,136,1
17240,118,117,1
17241,242,242,0
17242,428,428,0
17243,133,133,0
17244,82,82,0
17245,1000,996,4
17246,424,418,6
17247,288,287,1
17248,255,255,0
17249,425,423,2
17250,173,172,1
17251,134,134,0
17252,155,155,0
17253,521,517,4
17254,334,330,4
17255,125,123,2
17256,187,187,0
17257,322,322,0
17258,79,79,0
17259,247,247,0
17260,132,132,0
17261,472,469,3
17262,151,150,1
17263,124,124,0
17264,138,136,2
17265,159,159,0
17266,181,180,1
17267,108,108,0
17268,230,225,5
17269,155,155,0
17270,102,101,1
17271,86,86,0
17272,296,294,2
17273,180,180,0
17274,286,283,3
17275,127,127,0
17276,218,218,0
17277,125,124,1
17278,279,279,0
17279,480,479,1
17280,656,647,9
17281,139,138,1
17282,148,144,4
17283,45,44,1
17284,331,331,0
17285,236,234,2
17286,241,240,1
17287,130,128,2
17288,83,83,0
17289,575,574,1
17290,81,81,0
17291,211,211,0
17292,148,148,0
17293,261,259,2
17294,149,149,0
17295,223,221,2
17296,193,193,0
17297,118,118,0
17298,149,149,0
17299,22,22,0
17300,301,300,1
17301,136,136,0
17302,341,338,3
17303,131,131,0
17304,84,84,0
17305,155,153,2
17306,256,256,0
17307,106,104,2
17308,67,67,0
17309,67,67,0
17310,50,50,0
17311,219,218,1
17312,103,103,0
17313,147,146,1
17314,57,57,0
17315,176,176,0
17316,174,173,1
17317,153,153,0
17318,201,201,0
17319,385,382,3
17320,123,123,0
17321,62,62,0
17322,226,224,2
17323,50,49,1
17324,98,96,2
17325,485,483,2
17326,173,172,1
17327,254,253,1
17328,290,284,6
17329,399,398,1
17330,98,98,0
17331,185,183,2
17332,139,136,3
17333,154,152,2
17334,156,156,0
17335,546,545,1
17336,255,255,0
17337,205,201,4
17338,179,179,0
17339,85,85,0
17340,375,375,0
17341,115,115,0
17342,182,182,0
17343,137,136,1
17344,70,70,0
17345,192,191,1
17346,125,124,1
17347,247,247,0
17348,130,130,0
17349,110,110,0
17350,189,189,0
17351,86,84,2
17352,173,173,0
17353,155,155,0
17354,284,282,2
17355,150,149,1
17356,191,191,0
17357,176,175,1
17358,317,316,1
17359,228,228,0
17360,459,457,2
17361,192,189,3
17362,119,119,0
17363,179,178,1
17364,133,133,0
17365,378,377,1
17366,124,124,0
17367,135,135,0
17368,602,598,4
17369,224,224,0
17370,138,138,0
17371,179,176,3
17372,131,130,1
17373,264,263,1
17374,173,173,0
17375,216,216,0
17376,193,193,0
17377,63,63,0
17378,443,443,0
17379,303,301,2
17380,499,499,0
17381,488,486,2
17382,42,42,0
17383,158,158,0
17384,162,162,0
17385,554,552,2
17386,147,146,1
17387,237,236,1
17388,146,145,1
17389,56,54,2
17390,151,151,0
17391,143,142,1
17392,74,73,1
17393,154,154,0
17394,20,20,0
17395,220,220,0
17396,144,143,1
17397,139,138,1
17398,200,200,0
17399,124,123,1
17400,156,156,0
17401,229,228,1
17402,150,150,0
17403,210,210,0
17404,123,123,0
17405,136,136,0
17406,190,190,0
17407,341,340,1
17408,149,149,0
17409,173,172,1
17410,128,126,2
17411,514,511,3
17412,167,167,0
17413,369,368,1
17414,158,158,0
17415,97,97,0
17416,340,337,3
17417,151,149,2
17418,368,368,0
17419,135,135,0
17420,225,224,1
17421,139,139,0
17422,128,127,1
17423,233,230,3
17424,102,102,0
17425,118,118,0
17426,214,213,1
17427,88,88,0
17428,65,65,0
17429,61,59,2
17430,96,93,3
17431,135,134,1
17432,132,131,1
17433,141,139,2
17434,183,183,0
17435,165,165,0
17436,58,58,0
17437,169,168,1
17438,530,529,1
17439,128,127,1
17440,433,432,1
17441,406,405,1
17442,211,211,0
17443,160,158,2
17444,173,169,4
17445,621,619,2
17446,226,225,1
17447,279,278,1
17448,508,506,2
17449,203,200,3
17450,376,374,2
17451,580,572,8
17452,139,136,3
17453,134,134,0
17454,103,102,1
17455,146,145,1
17456,201,200,1
17457,346,345,1
17458,172,172,0
17459,770,767,3
17460,352,348,4
17461,137,137,0
17462,976,973,3
17463,285,283,2
17464,137,137,0
17465,315,311,4
17466,293,291,2
17467,199,197,2
17468,124,122,2
17469,269,263,6
17470,214,212,2
17471,120,120,0
17472,91,90,1
17473,359,359,0
17474,207,206,1
17475,203,203,0
17476,105,105,0
17477,285,284,1
17478,176,175,1
17479,168,168,0
17480,278,278,0
17481,129,128,1
17482,252,251,1
17483,572,566,6
17484,484,484,0
17485,325,323,2
17486,175,175,0
17487,212,212,0
17488,134,134,0
17489,361,359,2
17490,186,186,0
17491,225,223,2
17492,169,166,3
17493,204,204,0
17494,650,650,0
17495,260,259,1
17496,558,556,2
17497,348,348,0
17498,441,440,1
17499,146,146,0
17500,584,584,0
17501,85,85,0
17502,54,54,0
17503,106,106,0
17504,149,149,0
17505,412,410,2
17506,753,741,12
17507,110,110,0
17508,209,209,0
17509,56,56,0
17510,185,185,0
17511,123,123,0
17512,963,958,5
17513,437,431,6
17514,100,95,5
17515,60,60,0
17516,140,138,2
17517,405,404,1
17518,616,612,4
17519,154,154,0
17520,318,317,1
17521,222,222,0
17522,146,146,0
17523,49,49,0
17524,145,145,0
17525,263,262,1
17526,244,239,5
17527,307,303,4
17528,161,161,0
17529,195,195,0
17530,218,216,2
17531,199,199,0
17532,410,410,0
17533,168,168,0
17534,142,140,2
17535,152,152,0
17536,142,142,0
17537,298,296,2
17538,212,212,0
17539,317,317,0
17540,156,156,0
17541,872,866,6
17542,176,174,2
17543,181,181,0
17544,140,140,0
17545,129,128,1
17546,204,204,0
17547,102,102,0
17548,490,489,1
17549,99,98,1
17550,387,384,3
17551,172,172,0
17552,369,366,3
17553,203,202,1
17554,94,94,0
17555,527,524,3
17556,71,70,1
17557,332,330,2
17558,198,195,3
17559,41,41,0
17560,158,156,2
17561,105,105,0
17562,239,239,0
17563,172,172,0
17564,137,136,1
17565,116,116,0
17566,145,145,0
17567,50,50,0
17568,293,289,4
17569,169,169,0
17570,139,136,3
17571,137,136,1
17572,305,301,4
17573,180,180,0
17574,129,128,1
17575,103,103,0
17576,151,151,0
17577,199,198,1
17578,384,384,0
17579,264,264,0
17580,161,161,0
17581,153,153,0
17582,208,208,0
17583,201,200,1
17584,819,814,5
17585,168,168,0
17586,399,397,2
17587,203,203,0
17588,212,212,0
17589,115,114,1
17590,133,133,0
17591,172,170,2
17592,146,146,0
17593,161,161,0
17594,162,162,0
17595,46,45,1
17596,213,213,0
17597,166,166,0
17598,201,199,2
17599,284,278,6
17600,231,229,2
17601,177,177,0
17602,325,324,1
17603,159,159,0
17604,127,127,0
17605,152,152,0
17606,280,279,1
17607,528,527,1
17608,582,577,5
17609,261,256,5
17610,242,240,2
17611,40,40,0
17612,201,201,0
17613,131,131,0
17614,113,112,1
17615,185,185,0
17616,162,162,0
17617,370,369,1
17618,932,929,3
17619,137,133,4
17620,192,190,2
17621,185,184,1
17622,500,497,3
17623,123,123,0
17624,370,369,1
17625,96,96,0
17626,233,231,2
17627,217,216,1
17628,136,136,0
17629,603,602,1
17630,103,103,0
17631,277,275,2
17632,255,255,0
17633,154,154,0
17634,110,110,0
17635,194,192,2
17636,76,76,0
17637,152,151,1
17638,246,246,0
17639,485,482,3
17640,505,505,0
17641,220,220,0
17642,119,119,0
17643,93,90,3
17644,162,162,0
17645,129,129,0
17646,130,130,0
17647,179,178,1
17648,141,141,0
17649,601,593,8
17650,220,219,1
17651,447,447,0
17652,173,172,1
17653,244,243,1
17654,185,183,2
17655,617,613,4
17656,178,178,0
17657,158,157,1
17658,304,303,1
17659,84,82,2
17660,55,54,1
17661,36,36,0
17662,196,196,0
17663,127,125,2
17664,93,92,1
17665,156,154,2
17666,112,111,1
17667,162,161,1
17668,243,242,1
17669,148,148,0
17670,263,263,0
17671,171,171,0
17672,119,118,1
17673,225,223,2
17674,171,169,2
17675,221,218,3
17676,123,121,2
17677,219,219,0
17678,253,253,0
17679,178,176,2
17680,131,130,1
17681,322,321,1
17682,261,261,0
17683,94,94,0
17684,47,47,0
17685,161,161,0
17686,454,453,1
17687,204,203,1
17688,427,426,1
17689,251,250,1
17690,242,242,0
17691,84,84,0
17692,194,193,1
17693,196,194,2
17694,137,134,3
17695,188,184,4
17696,79,79,0
17697,171,171,0
17698,141,140,1
17699,36,35,1
17700,153,152,1
17701,101,100,1
17702,352,352,0
17703,150,150,0
17704,148,147,1
17705,207,206,1
17706,187,185,2
17707,177,177,0
17708,179,179,0
17709,270,268,2
17710,250,248,2
17711,126,124,2
17712,140,140,0
17713,219,219,0
17714,317,316,1
17715,368,365,3
17716,255,254,1
17717,128,128,0
17718,133,133,0
17719,165,165,0
17720,153,152,1
17721,267,265,2
17722,378,377,1
17723,226,226,0
17724,152,152,0
17725,91,91,0
17726,342,342,0
17727,131,131,0
17728,469,469,0
17729,364,358,6
17730,128,128,0
17731,155,155,0
17732,325,322,3
17733,84,84,0
17734,115,115,0
17735,112,112,0
17736,284,284,0
17737,257,256,1
17738,31,31,0
17739,335,333,2
17740,211,211,0
17741,318,318,0
17742,907,907,0
17743,57,57,0
17744,173,172,1
17745,185,184,1
17746,141,141,0
17747,124,124,0
17748,130,129,1
17749,511,508,3
17750,222,220,2
17751,250,249,1
17752,155,154,1
17753,141,140,1
17754,104,104,0
17755,147,146,1
17756,134,134,0
17757,127,127,0
17758,129,129,0
17759,189,189,0
17760,197,197,0
17761,405,404,1
17762,517,509,8
17763,226,226,0
17764,282,280,2
17765,127,127,0
17766,153,152,1
17767,134,134,0
17768,81,81,0
17769,140,140,0
17770,141,141,0
17771,192,192,0
17772,182,180,2
17773,349,348,1
17774,125,124,1
17775,122,122,0
17776,246,245,1
17777,49,49,0
17778,137,136,1
17779,203,203,0
17780,375,370,5
17781,142,142,0
17782,129,129,0
17783,360,359,1
17784,213,212,1
17785,212,211,1
17786,370,365,5
17787,163,163,0
17788,132,129,3
17789,196,196,0
17790,213,212,1
17791,449,449,0
17792,292,289,3
17793,143,142,1
17794,265,263,2
17795,144,144,0
17796,129,129,0
17797,93,90,3
17798,159,159,0
17799,181,180,1
17800,525,525,0
17801,247,246,1
17802,186,186,0
17803,145,143,2
17804,151,151,0
17805,53,52,1
17806,87,86,1
17807,183,181,2
17808,128,128,0
17809,241,238,3
17810,100,100,0
17811,318,317,1
17812,206,206,0
17813,122,121,1
17814,348,347,1
17815,127,124,3
17816,744,739,5
17817,253,253,0
17818,472,467,5
17819,577,574,3
17820,228,228,0
17821,140,139,1
17822,184,184,0
17823,385,384,1
17824,222,221,1
17825,616,611,5
17826,353,350,3
17827,603,600,3
17828,147,147,0
17829,564,563,1
17830,493,493,0
17831,143,141,2
17832,75,73,2
17833,270,267,3
17834,69,69,0
17835,292,292,0
17836,63,63,0
17837,178,178,0
17838,237,236,1
17839,131,131,0
17840,376,374,2
17841,133,132,1
17842,414,411,3
17843,108,107,1
17844,112,110,2
17845,183,181,2
17846,192,192,0
17847,121,119,2
17848,121,118,3
17849,491,488,3
17850,265,263,2
17851,396,394,2
17852,148,146,2
17853,227,225,2
17854,159,158,1
17855,37,36,1
17856,170,169,1
17857,260,257,3
17858,365,364,1
17859,102,102,0
17860,61,60,1
17861,96,93,3
17862,180,180,0
17863,151,148,3
17864,183,183,0
17865,447,444,3
17866,472,464,8
17867,335,331,4
17868,232,232,0
17869,58,58,0
17870,266,265,1
17871,273,268,5
17872,70,70,0
17873,141,140,1
17874,124,122,2
17875,151,151,0
17876,816,813,3
17877,257,254,3
17878,1001,991,10
17879,312,309,3
17880,204,202,2
17881,107,107,0
17882,197,196,1
17883,182,182,0
17884,359,358,1
17885,335,335,0
17886,126,126,0
17887,217,217,0
17888,846,844,2
17889,189,188,1
17890,119,119,0
17891,276,275,1
17892,91,91,0
17893,372,371,1
17894,101,100,1
17895,134,134,0
17896,167,167,0
17897,127,127,0
17898,173,172,1
17899,188,188,0
17900,159,159,0
17901,884,879,5
17902,153,153,0
17903,84,84,0
17904,191,191,0
17905,191,190,1
17906,102,102,0
17907,273,273,0
17908,128,127,1
17909,133,133,0
17910,126,125,1
17911,317,316,1
17912,187,186,1
17913,139,137,2
17914,293,289,4
17915,760,759,1
17916,177,174,3
17917,241,241,0
17918,161,161,0
17919,113,113,0
17920,683,681,2
17921,89,89,0
17922,384,373,11
17923,120,119,1
17924,1034,1023,11
17925,158,157,1
17926,68,68,0
17927,50,50,0
17928,152,152,0
17929,216,214,2
17930,243,242,1
17931,106,105,1
17932,185,184,1
17933,263,263,0
17934,554,550,4
17935,231,229,2
17936,422,420,2
17937,182,181,1
17938,163,161,2
17939,131,131,0
17940,121,120,1
17941,180,178,2
17942,207,206,1
17943,275,271,4
17944,212,211,1
17945,154,154,0
17946,162,162,0
17947,130,130,0
17948,248,243,5
17949,338,337,1
17950,379,373,6
17951,130,129,1
17952,186,181,5
17953,408,402,6
17954,111,110,1
17955,834,828,6
17956,131,128,3
17957,667,665,2
17958,363,363,0
17959,406,403,3
17960,235,233,2
17961,164,164,0
17962,311,311,0
17963,222,221,1
17964,81,81,0
17965,421,421,0
17966,149,149,0
17967,98,98,0
17968,102,100,2
17969,125,124,1
17970,196,196,0
17971,137,137,0
17972,150,150,0
17973,56,55,1
17974,401,393,8
17975,114,114,0
17976,91,91,0
17977,578,572,6
17978,448,444,4
17979,481,478,3
17980,752,742,10
17981,171,170,1
17982,886,885,1
17983,472,472,0
17984,128,128,0
17985,134,132,2
17986,307,290,17
17987,142,142,0
17988,126,126,0
17989,118,114,4
17990,420,416,4
17991,109,105,4
17992,342,333,9
17993,115,114,1
17994,176,176,0
17995,488,486,2
17996,108,107,1
17997,71,71,0
17998,138,138,0
17999,124,124,0
18000,135,135,0
18001,46,46,0
18002,49,49,0
18003,124,124,0
18004,166,166,0
18005,166,166,0
18006,63,63,0
18007,118,118,0
18008,133,133,0
18009,189,189,0
18010,82,81,1
18011,106,106,0
18012,206,206,0
18013,327,327,0
18014,695,693,2
18015,185,185,0
18016,218,217,1
18017,148,148,0
18018,167,167,0
18019,996,979,17
18020,314,307,7
18021,53,52,1
18022,169,169,0
18023,168,168,0
18024,87,87,0
18025,151,151,0
18026,206,203,3
18027,269,269,0
18028,133,132,1
18029,106,101,5
18030,236,236,0
18031,136,133,3
18032,251,250,1
18033,257,256,1
18034,146,146,0
18035,151,151,0
18036,77,77,0
18037,76,76,0
18038,191,191,0
18039,113,113,0
18040,420,420,0
18041,172,170,2
18042,149,148,1
18043,166,166,0
18044,231,228,3
18045,47,47,0
18046,59,59,0
18047,299,295,4
18048,327,327,0
18049,177,175,2
18050,365,364,1
18051,31,31,0
18052,115,115,0
18053,131,131,0
18054,867,864,3
18055,154,153,1
18056,133,133,0
18057,131,130,1
18058,107,106,1
18059,128,126,2
18060,162,161,1
18061,261,260,1
18062,134,134,0
18063,148,146,2
18064,204,204,0
18065,381,376,5
18066,213,212,1
18067,154,152,2
18068,393,393,0
18069,137,136,1
18070,209,207,2
18071,159,159,0
18072,126,126,0
18073,133,132,1
18074,312,309,3
18075,495,492,3
18076,192,189,3
18077,183,181,2
18078,141,140,1
18079,94,94,0
18080,204,202,2
18081,74,73,1
18082,178,177,1
18083,539,536,3
18084,175,174,1
18085,66,66,0
18086,169,169,0
18087,119,116,3
18088,891,889,2
18089,384,383,1
18090,213,213,0
18091,269,265,4
18092,441,439,2
18093,128,127,1
18094,168,168,0
18095,116,116,0
18096,172,171,1
18097,843,842,1
18098,143,143,0
18099,118,118,0
18100,175,174,1
18101,173,172,1
18102,251,248,3
18103,439,439,0
18104,1002,995,7
18105,58,58,0
18106,274,274,0
18107,375,375,0
18108,59,58,1
18109,135,133,2
18110,291,290,1
18111,289,288,1
18112,139,130,9
18113,145,145,0
18114,452,451,1
18115,147,147,0
18116,143,143,0
18117,181,178,3
18118,248,247,1
18119,646,643,3
18120,167,167,0
18121,149,148,1
18122,265,261,4
18123,122,121,1
18124,292,291,1
18125,135,135,0
18126,284,283,1
18127,117,116,1
18128,133,133,0
18129,111,111,0
18130,430,428,2
18131,199,199,0
18132,149,149,0
18133,294,285,9
18134,494,487,7
18135,1000,989,11
18136,609,609,0
18137,255,254,1
18138,623,615,8
18139,85,85,0
18140,126,126,0
18141,264,264,0
18142,166,165,1
18143,364,363,1
18144,222,221,1
18145,216,216,0
18146,435,431,4
18147,60,60,0
18148,151,150,1
18149,845,842,3
18150,189,189,0
18151,183,181,2
18152,160,160,0
18153,228,228,0
18154,147,145,2
18155,140,140,0
18156,45,45,0
18157,133,133,0
18158,554,549,5
18159,152,151,1
18160,191,190,1
18161,293,292,1
18162,204,201,3
18163,194,194,0
18164,146,144,2
18165,167,164,3
18166,164,163,1
18167,201,200,1
18168,168,168,0
18169,100,100,0
18170,90,90,0
18171,88,88,0
18172,203,203,0
18173,143,143,0
18174,154,154,0
18175,161,161,0
18176,65,63,2
18177,98,98,0
18178,98,96,2
18179,136,136,0
18180,367,367,0
18181,158,158,0
18182,148,148,0
18183,189,189,0
18184,286,286,0
18185,97,97,0
18186,348,344,4
18187,439,428,11
18188,127,122,5
18189,135,133,2
18190,110,110,0
18191,98,97,1
18192,218,217,1
18193,70,70,0
18194,58,58,0
18195,206,206,0
18196,508,507,1
18197,172,172,0
18198,110,101,9
18199,304,304,0
18200,713,713,0
18201,308,308,0
18202,557,557,0
18203,242,241,1
18204,121,121,0
18205,192,191,1
18206,186,186,0
18207,259,259,0
18208,321,319,2
18209,164,164,0
18210,56,56,0
18211,656,653,3
18212,261,261,0
18213,376,374,2
18214,203,203,0
18215,281,281,0
18216,230,229,1
18217,125,125,0
18218,132,129,3
18219,209,203,6
18220,128,127,1
18221,327,321,6
18222,277,276,1
18223,129,126,3
18224,310,307,3
18225,365,364,1
18226,306,301,5
18227,99,99,0
18228,70,70,0
18229,156,155,1
18230,236,234,2
18231,175,175,0
18232,123,123,0
18233,285,283,2
18234,32,32,0
18235,38,37,1
18236,90,90,0
18237,50,50,0
18238,102,102,0
18239,264,260,4
18240,150,149,1
18241,304,304,0
18242,63,61,2
18243,362,362,0
18244,50,49,1
18245,130,130,0
18246,53,52,1
18247,675,673,2
18248,96,96,0
18249,179,177,2
18250,134,133,1
18251,93,92,1
18252,539,538,1
18253,225,221,4
18254,48,48,0
18255,128,127,1
18256,837,835,2
18257,106,106,0
18258,139,137,2
18259,194,193,1
18260,31,31,0
18261,237,236,1
18262,242,240,2
18263,195,194,1
18264,52,52,0
18265,187,185,2
18266,166,165,1
18267,123,123,0
18268,128,128,0
18269,395,393,2
18270,178,176,2
18271,235,235,0
18272,401,401,0
18273,169,165,4
18274,243,242,1
18275,249,247,2
18276,705,702,3
18277,159,157,2
18278,463,463,0
18279,121,120,1
18280,120,120,0
18281,134,133,1
18282,592,592,0
18283,135,135,0
18284,214,214,0
18285,165,165,0
18286,225,224,1
18287,442,440,2
18288,122,122,0
18289,298,295,3
18290,196,196,0
18291,268,267,1
18292,148,147,1
18293,356,356,0
18294,94,93,1
18295,666,665,1
18296,148,144,4
18297,173,173,0
18298,196,196,0
18299,135,133,2
18300,141,141,0
18301,531,526,5
18302,318,315,3
18303,256,252,4
18304,196,195,1
18305,104,104,0
18306,234,225,9
18307,303,303,0
18308,263,263,0
18309,536,533,3
18310,169,169,0
18311,108,108,0
18312,129,129,0
18313,151,151,0
18314,144,144,0
18315,176,176,0
18316,121,120,1
18317,127,127,0
18318,324,323,1
18319,228,228,0
18320,251,251,0
18321,107,107,0
18322,240,239,1
18323,254,254,0
18324,179,179,0
18325,398,394,4
18326,373,372,1
18327,261,261,0
18328,377,376,1
18329,338,336,2
18330,553,543,10
18331,95,93,2
18332,279,278,1
18333,318,317,1
18334,283,281,2
18335,157,157,0
18336,126,126,0
18337,157,157,0
18338,116,114,2
18339,733,728,5
18340,982,976,6
18341,380,380,0
18342,135,134,1
18343,463,459,4
18344,188,187,1
18345,396,396,0
18346,405,403,2
18347,855,852,3
18348,529,529,0
18349,66,66,0
18350,127,126,1
18351,104,100,4
18352,213,213,0
18353,129,129,0
18354,127,127,0
18355,234,233,1
18356,346,321,25
18357,175,175,0
18358,160,159,1
18359,185,185,0
18360,300,298,2
18361,43,43,0
18362,55,55,0
18363,114,112,2
18364,942,934,8
18365,268,267,1
18366,132,132,0
18367,193,192,1
18368,730,721,9
18369,147,147,0
18370,145,144,1
18371,146,146,0
18372,320,320,0
18373,224,223,1
18374,130,130,0
18375,143,143,0
18376,523,521,2
18377,160,159,1
18378,167,166,1
18379,381,375,6
18380,150,150,0
18381,159,159,0
18382,147,147,0
18383,745,739,6
18384,163,163,0
18385,977,973,4
18386,146,145,1
18387,349,349,0
18388,90,90,0
18389,121,121,0
18390,180,178,2
18391,498,495,3
18392,403,399,4
18393,356,354,2
18394,385,385,0
18395,495,489,6
18396,149,149,0
18397,145,145,0
18398,105,105,0
18399,145,144,1
18400,311,304,7
18401,90,90,0
18402,116,116,0
18403,377,371,6
18404,125,125,0
18405,315,313,2
18406,305,295,10
18407,169,169,0
18408,285,283,2
18409,180,180,0
18410,295,294,1
18411,145,145,0
18412,588,585,3
18413,109,109,0
18414,99,99,0
18415,147,147,0
18416,200,200,0
18417,198,198,0
18418,197,196,1
18419,341,341,0
18420,126,126,0
18421,150,150,0
18422,101,101,0
18423,61,59,2
18424,338,338,0
18425,111,111,0
18426,258,254,4
18427,149,148,1
18428,217,217,0
18429,137,135,2
18430,139,139,0
18431,140,139,1
18432,47,47,0
18433,1005,1001,4
18434,308,287,21
18435,137,136,1
18436,192,192,0
18437,452,448,4
18438,173,171,2
18439,135,133,2
18440,151,149,2
18441,228,226,2
18442,252,248,4
18443,278,273,5
18444,587,587,0
18445,321,321,0
18446,131,131,0
18447,173,171,2
18448,150,149,1
18449,563,558,5
18450,184,180,4
18451,205,205,0
18452,625,620,5
18453,117,116,1
18454,160,160,0
18455,240,240,0
18456,185,182,3
18457,300,300,0
18458,113,111,2
18459,112,112,0
18460,184,183,1
18461,132,132,0
18462,146,146,0
18463,92,92,0
18464,122,121,1
18465,93,93,0
18466,182,182,0
18467,118,110,8
18468,64,62,2
18469,54,53,1
18470,93,93,0
18471,683,667,16
18472,189,189,0
18473,132,132,0
18474,175,175,0
18475,102,102,0
18476,119,119,0
18477,1028,1024,4
18478,83,83,0
18479,125,124,1
18480,202,200,2
18481,137,137,0
18482,399,399,0
18483,162,162,0
18484,138,137,1
18485,247,247,0
18486,134,134,0
18487,95,94,1
18488,298,298,0
18489,231,229,2
18490,168,166,2
18491,125,125,0
18492,143,143,0
18493,717,712,5
18494,612,608,4
18495,170,169,1
18496,182,181,1
18497,150,150,0
18498,169,169,0
18499,308,307,1
18500,416,416,0
18501,213,213,0
18502,618,617,1
18503,386,386,0
18504,266,265,1
18505,317,316,1
18506,177,175,2
18507,440,439,1
18508,211,210,1
18509,156,155,1
18510,170,170,0
18511,136,136,0
18512,102,102,0
18513,180,178,2
18514,256,253,3
18515,298,294,4
18516,61,61,0
18517,142,139,3
18518,137,136,1
18519,143,143,0
18520,168,168,0
18521,536,535,1
18522,212,211,1
18523,323,323,0
18524,389,387,2
18525,289,288,1
18526,146,146,0
18527,159,159,0
18528,257,253,4
18529,167,166,1
18530,392,389,3
18531,132,131,1
18532,735,733,2
18533,363,360,3
18534,467,463,4
18535,335,333,2
18536,170,169,1
18537,463,459,4
18538,136,135,1
18539,183,183,0
18540,178,176,2
18541,226,226,0
18542,160,158,2
18543,331,331,0
18544,205,205,0
18545,155,153,2
18546,77,77,0
18547,591,568,23
18548,202,201,1
18549,282,282,0
18550,152,152,0
18551,158,153,5
18552,470,453,17
18553,72,72,0
18554,375,372,3
18555,270,268,2
18556,38,38,0
18557,46,46,0
18558,302,295,7
18559,251,249,2
18560,484,448,36
18561,89,89,0
18562,144,144,0
18563,661,656,5
18564,154,152,2
18565,167,167,0
18566,151,151,0
18567,106,106,0
18568,108,108,0
18569,138,138,0
18570,168,165,3
18571,130,130,0
18572,729,720,9
18573,428,428,0
18574,116,114,2
18575,207,206,1
18576,163,163,0
18577,271,270,1
18578,96,96,0
18579,129,128,1
18580,176,174,2
18581,32,32,0
18582,228,228,0
18583,166,166,0
18584,370,368,2
18585,122,121,1
18586,136,135,1
18587,173,170,3
18588,263,263,0
18589,196,195,1
18590,247,247,0
18591,160,159,1
18592,96,95,1
18593,150,147,3
18594,432,428,4
18595,314,313,1
18596,169,159,10
18597,167,167,0
18598,126,126,0
18599,142,140,2
18600,145,145,0
18601,142,140,2
18602,150,150,0
18603,204,201,3
18604,513,511,2
18605,134,132,2
18606,136,136,0
18607,402,400,2
18608,156,155,1
18609,419,419,0
18610,344,342,2
18611,82,82,0
18612,72,72,0
18613,125,125,0
18614,178,174,4
18615,114,113,1
18616,665,663,2
18617,178,178,0
18618,164,163,1
18619,322,304,18
18620,240,240,0
18621,280,278,2
18622,164,164,0
18623,205,205,0
18624,150,150,0
18625,119,113,6
18626,146,145,1
18627,115,115,0
18628,358,353,5
18629,164,162,2
18630,219,213,6
18631,214,213,1
18632,246,246,0
18633,160,155,5
18634,211,210,1
18635,340,339,1
18636,244,242,2
18637,122,122,0
18638,181,181,0
18639,608,605,3
18640,348,344,4
18641,175,174,1
18642,201,200,1
18643,68,68,0
18644,101,100,1
18645,385,374,11
18646,165,158,7
18647,244,230,14
18648,197,194,3
18649,169,167,2
18650,339,339,0
18651,135,133,2
18652,45,43,2
18653,136,133,3
18654,63,63,0
18655,367,366,1
18656,37,36,1
18657,168,168,0
18658,185,185,0
18659,538,530,8
18660,130,130,0
18661,188,187,1
18662,164,163,1
18663,89,89,0
18664,125,125,0
18665,118,115,3
18666,268,268,0
18667,65,65,0
18668,156,156,0
18669,582,579,3
18670,230,221,9
18671,293,285,8
18672,434,420,14
18673,148,146,2
18674,129,129,0
18675,46,46,0
18676,169,168,1
18677,47,46,1
18678,265,264,1
18679,249,249,0
18680,112,111,1
18681,212,210,2
18682,631,626,5
18683,450,449,1
18684,552,547,5
18685,123,123,0
18686,177,177,0
18687,210,210,0
18688,263,262,1
18689,214,213,1
18690,120,119,1
18691,169,169,0
18692,127,127,0
18693,201,199,2
18694,195,194,1
18695,489,485,4
18696,80,80,0
18697,258,251,7
18698,274,272,2
18699,225,225,0
18700,186,186,0
18701,173,173,0
18702,123,123,0
18703,141,140,1
18704,384,380,4
18705,254,252,2
18706,218,218,0
18707,257,254,3
18708,167,165,2
18709,142,141,1
18710,61,60,1
18711,256,254,2
18712,138,138,0
18713,141,140,1
18714,491,488,3
18715,132,132,0
18716,144,144,0
18717,373,373,0
18718,138,137,1
18719,183,181,2
18720,152,150,2
18721,1025,1016,9
18722,498,497,1
18723,130,130,0
18724,291,291,0
18725,156,152,4
18726,207,207,0
18727,124,124,0
18728,236,234,2
18729,259,257,2
18730,394,393,1
18731,659,657,2
18732,202,198,4
18733,102,101,1
18734,126,125,1
18735,181,178,3
18736,134,134,0
18737,115,115,0
18738,140,139,1
18739,547,545,2
18740,240,240,0
18741,117,117,0
18742,353,352,1
18743,981,964,17
18744,386,385,1
18745,132,131,1
18746,264,264,0
18747,358,357,1
18748,232,231,1
18749,146,144,2
18750,135,133,2
18751,632,627,5
18752,237,237,0
18753,152,152,0
18754,128,128,0
18755,142,140,2
18756,270,270,0
18757,272,269,3
18758,67,66,1
18759,327,327,0
18760,523,521,2
18761,168,168,0
18762,779,778,1
18763,130,129,1
18764,63,63,0
18765,563,563,0
18766,182,182,0
18767,328,322,6
18768,119,119,0
18769,310,306,4
18770,119,119,0
18771,276,275,1
18772,121,121,0
18773,136,135,1
18774,146,146,0
18775,155,154,1
18776,149,149,0
18777,242,240,2
18778,71,71,0
18779,137,136,1
18780,357,353,4
18781,144,144,0
18782,613,596,17
18783,173,172,1
18784,194,194,0
18785,774,771,3
18786,386,382,4
18787,134,131,3
18788,263,256,7
18789,60,60,0
18790,301,299,2
18791,57,57,0
18792,79,73,6
18793,176,173,3
18794,187,186,1
18795,164,164,0
18796,236,236,0
18797,628,621,7
18798,381,380,1
18799,284,280,4
18800,149,145,4
18801,257,251,6
18802,169,167,2
18803,121,120,1
18804,177,174,3
18805,193,193,0
18806,37,37,0
18807,632,631,1
18808,99,99,0
18809,104,104,0
18810,119,119,0
18811,181,179,2
18812,196,196,0
18813,172,171,1
18814,176,176,0
18815,276,273,3
18816,136,135,1
18817,77,77,0
18818,166,164,2
18819,103,103,0
18820,224,223,1
18821,194,192,2
18822,350,345,5
18823,139,133,6
18824,154,152,2
18825,663,663,0
18826,263,261,2
18827,157,157,0
18828,451,451,0
18829,234,231,3
18830,322,322,0
18831,114,114,0
18832,332,330,2
18833,149,149,0
18834,149,147,2
18835,297,295,2
18836,212,212,0
18837,378,376,2
18838,318,314,4
18839,576,575,1
18840,754,749,5
18841,129,129,0
18842,172,172,0
18843,206,205,1
18844,119,119,0
18845,161,158,3
18846,149,149,0
18847,405,404,1
18848,38,38,0
18849,96,94,2
18850,38,38,0
18851,157,157,0
18852,261,255,6
18853,573,570,3
18854,332,331,1
18855,173,173,0
18856,103,103,0
18857,578,570,8
18858,134,134,0
18859,89,89,0
18860,130,130,0
18861,289,286,3
18862,197,196,1
18863,252,251,1
18864,179,179,0
18865,112,110,2
18866,449,447,2
18867,301,300,1
18868,216,207,9
18869,164,164,0
18870,352,352,0
18871,167,166,1
18872,237,232,5
18873,446,445,1
18874,42,42,0
18875,403,402,1
18876,146,143,3
18877,404,394,10
18878,191,190,1
18879,486,485,1
18880,1030,1026,4
18881,1082,1074,8
18882,766,760,6
18883,332,332,0
18884,150,150,0
18885,553,548,5
18886,138,137,1
18887,216,215,1
18888,159,157,2
18889,180,178,2
18890,129,129,0
18891,448,445,3
18892,268,266,2
18893,179,176,3
18894,299,293,6
18895,140,139,1
18896,245,244,1
18897,225,221,4
18898,388,383,5
18899,128,128,0
18900,129,126,3
18901,120,116,4
18902,133,132,1
18903,164,164,0
18904,901,894,7
18905,315,309,6
18906,237,237,0
18907,140,140,0
18908,358,358,0
18909,267,267,0
18910,94,94,0
18911,131,131,0
18912,114,114,0
18913,172,172,0
18914,249,249,0
18915,472,463,9
18916,253,248,5
18917,302,300,2
18918,557,547,10
18919,161,159,2
18920,127,127,0
18921,172,171,1
18922,104,104,0
18923,163,163,0
18924,260,258,2
18925,469,465,4
18926,143,142,1
18927,128,128,0
18928,141,138,3
18929,151,150,1
18930,128,127,1
18931,172,171,1
18932,190,188,2
18933,111,110,1
18934,760,746,14
18935,505,505,0
18936,136,136,0
18937,159,159,0
18938,215,212,3
18939,361,355,6
18940,237,236,1
18941,143,143,0
18942,126,126,0
18943,189,189,0
18944,269,268,1
18945,369,367,2
18946,749,743,6
18947,146,145,1
18948,166,163,3
18949,231,231,0
18950,164,164,0
18951,336,336,0
18952,179,179,0
18953,162,162,0
18954,446,440,6
18955,186,185,1
18956,61,61,0
18957,211,209,2
18958,344,342,2
18959,659,659,0
18960,419,419,0
18961,798,795,3
18962,179,177,2
18963,165,163,2
18964,167,165,2
18965,107,106,1
18966,255,249,6
18967,217,216,1
18968,115,114,1
18969,997,988,9
18970,257,256,1
18971,329,326,3
18972,184,181,3
18973,402,399,3
18974,154,152,2
18975,258,255,3
18976,168,168,0
18977,201,199,2
18978,342,339,3
18979,132,132,0
18980,133,133,0
18981,588,585,3
18982,113,112,1
18983,69,66,3
18984,879,878,1
18985,154,150,4
18986,138,135,3
18987,212,212,0
18988,131,127,4
18989,601,591,10
18990,222,219,3
18991,409,406,3
18992,413,412,1
18993,50,50,0
18994,181,179,2
18995,294,292,2
18996,269,268,1
18997,252,252,0
18998,175,175,0
18999,365,362,3
19000,141,141,0
19001,796,793,3
19002,242,240,2
19003,270,268,2
19004,143,143,0
19005,327,324,3
19006,500,500,0
19007,333,332,1
19008,143,143,0
19009,536,535,1
19010,128,128,0
19011,149,149,0
19012,194,193,1
19013,84,84,0
19014,153,153,0
19015,355,354,1
19016,145,145,0
19017,179,178,1
19018,430,425,5
19019,975,969,6
19020,441,433,8
19021,135,134,1
19022,41,41,0
19023,230,229,1
19024,280,280,0
19025,261,261,0
19026,180,178,2
19027,100,100,0
19028,432,432,0
19029,27,26,1
19030,141,140,1
19031,139,139,0
19032,132,132,0
19033,276,276,0
19034,142,141,1
19035,131,131,0
19036,636,636,0
19037,188,188,0
19038,489,486,3
19039,225,220,5
19040,221,220,1
19041,731,723,8
19042,144,144,0
19043,161,161,0
19044,330,328,2
19045,346,344,2
19046,162,161,1
19047,124,124,0
19048,177,177,0
19049,132,131,1
19050,104,104,0
19051,129,129,0
19052,119,119,0
19053,153,152,1
19054,143,141,2
19055,248,247,1
19056,93,91,2
19057,155,151,4
19058,157,154,3
19059,206,206,0
19060,370,370,0
19061,55,55,0
19062,253,253,0
19063,325,323,2
19064,332,330,2
19065,330,330,0
19066,261,258,3
19067,165,164,1
19068,246,246,0
19069,163,163,0
19070,123,119,4
19071,191,191,0
19072,109,109,0
19073,130,130,0
19074,179,179,0
19075,188,184,4
19076,199,198,1
19077,373,371,2
19078,45,45,0
19079,93,93,0
19080,244,241,3
19081,152,149,3
19082,343,341,2
19083,635,633,2
19084,183,180,3
19085,63,59,4
19086,117,117,0
19087,151,150,1
19088,327,325,2
19089,238,235,3
19090,95,93,2
19091,240,239,1
19092,135,134,1
19093,185,185,0
19094,89,89,0
19095,390,388,2
19096,315,314,1
19097,150,148,2
19098,365,356,9
19099,288,288,0
19100,124,124,0
19101,107,106,1
19102,225,224,1
19103,254,253,1
19104,282,280,2
19105,129,127,2
19106,124,124,0
19107,144,143,1
19108,161,161,0
19109,203,200,3
19110,138,138,0
19111,264,263,1
19112,244,244,0
19113,371,367,4
19114,144,144,0
19115,109,108,1
19116,172,169,3
19117,161,161,0
19118,120,120,0
19119,268,267,1
19120,795,794,1
19121,169,168,1
19122,241,241,0
19123,166,166,0
19124,226,226,0
19125,430,429,1
19126,193,191,2
19127,271,271,0
19128,171,170,1
19129,152,152,0
19130,759,735,24
19131,109,108,1
19132,63,63,0
19133,192,192,0
19134,159,155,4
19135,204,204,0
19136,519,504,15
19137,128,127,1
19138,362,361,1
19139,168,168,0
19140,365,365,0
19141,623,618,5
19142,134,134,0
19143,139,138,1
19144,497,491,6
19145,132,132,0
19146,350,346,4
19147,284,283,1
19148,248,248,0
19149,457,451,6
19150,327,325,2
19151,191,188,3
19152,280,279,1
19153,544,539,5
19154,660,655,5
19155,242,242,0
19156,124,124,0
19157,260,260,0
19158,162,161,1
19159,88,88,0
19160,251,249,2
19161,876,876,0
19162,125,124,1
19163,614,610,4
19164,259,257,2
19165,797,795,2
19166,185,184,1
19167,134,133,1
19168,101,100,1
19169,121,121,0
19170,194,194,0
19171,154,152,2
19172,146,143,3
19173,282,282,0
19174,495,492,3
19175,207,206,1
19176,167,167,0
19177,317,317,0
19178,447,446,1
19179,165,164,1
19180,248,244,4
19181,231,229,2
19182,170,167,3
19183,138,137,1
19184,200,200,0
19185,171,171,0
19186,130,130,0
19187,204,202,2
19188,143,143,0
19189,177,177,0
19190,147,146,1
19191,118,117,1
19192,397,397,0
19193,132,132,0
19194,239,239,0
19195,141,141,0
19196,130,127,3
19197,126,125,1
19198,147,147,0
19199,169,169,0
19200,200,197,3
19201,227,226,1
19202,88,88,0
19203,107,105,2
19204,536,529,7
19205,99,98,1
19206,60,59,1
19207,229,228,1
19208,309,306,3
19209,190,188,2
19210,212,212,0
19211,259,258,1
19212,170,168,2
19213,485,484,1
19214,255,254,1
19215,229,229,0
19216,198,197,1
19217,263,262,1
19218,540,538,2
19219,144,144,0
19220,495,495,0
19221,649,644,5
19222,241,238,3
19223,99,99,0
19224,142,139,3
19225,155,154,1
19226,172,172,0
19227,231,231,0
19228,375,372,3
19229,114,114,0
19230,282,276,6
19231,434,433,1
19232,504,502,2
19233,434,433,1
19234,364,362,2
19235,149,149,0
19236,384,380,4
19237,420,416,4
19238,333,330,3
19239,186,186,0
19240,116,116,0
19241,153,153,0
19242,228,228,0
19243,194,194,0
19244,417,416,1
19245,127,127,0
19246,55,54,1
19247,167,167,0
19248,108,107,1
19249,116,114,2
19250,159,158,1
19251,164,164,0
19252,238,235,3
19253,203,202,1
19254,526,520,6
19255,251,250,1
19256,278,278,0
19257,248,247,1
19258,137,137,0
19259,160,160,0
19260,107,106,1
19261,253,253,0
19262,316,316,0
19263,140,140,0
19264,157,157,0
19265,277,276,1
19266,115,115,0
19267,132,132,0
19268,159,158,1
19269,264,263,1
19270,155,155,0
19271,126,126,0
19272,429,429,0
19273,295,294,1
19274,604,604,0
19275,248,245,3
19276,219,217,2
19277,159,157,2
19278,222,222,0
19279,352,352,0
19280,240,240,0
19281,691,684,7
19282,524,521,3
19283,232,229,3
19284,247,246,1
19285,219,219,0
19286,227,226,1
19287,110,110,0
19288,168,167,1
19289,216,214,2
19290,136,135,1
19291,75,75,0
19292,41,41,0
19293,74,74,0
19294,50,50,0
19295,215,214,1
19296,72,72,0
19297,110,109,1
19298,191,189,2
19299,92,91,1
19300,56,56,0
19301,107,107,0
19302,71,71,0
19303,169,169,0
19304,277,277,0
19305,178,176,2
19306,119,119,0
19307,131,128,3
19308,140,139,1
19309,127,125,2
19310,139,138,1
19311,298,297,1
19312,316,316,0
19313,187,186,1
19314,246,245,1
19315,172,171,1
19316,256,254,2
19317,135,135,0
19318,166,166,0
19319,500,496,4
19320,139,139,0
19321,208,208,0
19322,408,405,3
19323,132,132,0
19324,228,225,3
19325,140,140,0
19326,101,101,0
19327,146,146,0
19328,216,213,3
19329,369,367,2
19330,126,124,2
19331,181,180,1
19332,349,344,5
19333,335,333,2
19334,564,560,4
19335,601,589,12
19336,138,137,1
19337,211,206,5
19338,162,162,0
19339,78,77,1
19340,369,368,1
19341,173,171,2
19342,112,112,0
19343,197,193,4
19344,324,324,0
19345,315,314,1
19346,271,271,0
19347,48,48,0
19348,133,132,1
19349,203,203,0
19350,365,360,5
19351,213,213,0
19352,100,100,0
19353,236,236,0
19354,100,100,0
19355,322,319,3
19356,149,149,0
19357,395,392,3
19358,186,186,0
19359,216,214,2
19360,99,98,1
19361,127,126,1
19362,130,130,0
19363,124,124,0
19364,316,313,3
19365,148,145,3
19366,56,56,0
19367,135,135,0
19368,471,467,4
19369,159,157,2
19370,498,494,4
19371,240,239,1
19372,122,122,0
19373,161,161,0
19374,157,157,0
19375,249,246,3
19376,118,116,2
19377,127,124,3
19378,199,198,1
19379,217,217,0
19380,132,131,1
19381,401,398,3
19382,131,131,0
19383,111,109,2
19384,422,414,8
19385,195,194,1
19386,978,973,5
19387,77,77,0
19388,497,493,4
19389,307,303,4
19390,151,151,0
19391,127,127,0
19392,212,211,1
19393,167,165,2
19394,253,253,0
19395,271,268,3
19396,156,153,3
19397,599,598,1
19398,31,30,1
19399,699,698,1
19400,156,156,0
19401,125,125,0
19402,227,226,1
19403,126,125,1
19404,131,129,2
19405,142,142,0
19406,337,336,1
19407,129,129,0
19408,362,362,0
19409,77,76,1
19410,106,106,0
19411,221,220,1
19412,141,141,0
19413,106,105,1
19414,169,168,1
19415,234,231,3
19416,796,788,8
19417,156,156,0
19418,178,178,0
19419,244,243,1
19420,162,162,0
19421,242,241,1
19422,393,392,1
19423,452,451,1
19424,112,111,1
19425,83,83,0
19426,295,292,3
19427,323,321,2
19428,309,309,0
19429,346,341,5
19430,270,268,2
19431,72,72,0
19432,128,127,1
19433,107,106,1
19434,126,125,1
19435,175,174,1
19436,162,162,0
19437,120,120,0
19438,129,127,2
19439,149,149,0
19440,138,138,0
19441,129,129,0
19442,333,331,2
19443,122,122,0
19444,74,74,0
19445,119,119,0
19446,228,228,0
19447,68,68,0
19448,96,96,0
19449,151,151,0
19450,112,110,2
19451,240,239,1
19452,137,137,0
19453,137,137,0
19454,121,121,0
19455,270,268,2
19456,70,70,0
19457,126,125,1
19458,279,279,0
19459,234,233,1
19460,220,218,2
19461,170,170,0
19462,226,224,2
19463,163,163,0
19464,158,158,0
19465,82,82,0
19466,742,728,14
19467,138,137,1
19468,81,81,0
19469,140,140,0
19470,314,310,4
19471,216,216,0
19472,434,433,1
19473,370,369,1
19474,432,426,6
19475,677,673,4
19476,147,143,4
19477,157,155,2
19478,300,298,2
19479,261,261,0
19480,162,160,2
19481,73,73,0
19482,116,116,0
19483,272,268,4
19484,282,280,2
19485,251,251,0
19486,43,43,0
19487,130,128,2
19488,107,106,1
19489,137,137,0
19490,294,291,3
19491,154,154,0
19492,237,237,0
19493,177,177,0
19494,213,212,1
19495,152,150,2
19496,562,558,4
19497,389,385,4
19498,189,189,0
19499,293,290,3
19500,71,68,3
19501,248,248,0
19502,191,191,0
19503,428,428,0
19504,105,104,1
19505,283,282,1
19506,247,244,3
19507,102,101,1
19508,153,153,0
19509,170,169,1
19510,280,279,1
19511,179,176,3
19512,240,226,14
19513,189,186,3
19514,154,150,4
19515,181,180,1
19516,67,67,0
19517,156,155,1
19518,130,130,0
19519,310,310,0
19520,527,526,1
19521,128,125,3
19522,155,153,2
19523,323,318,5
19524,414,413,1
19525,319,318,1
19526,152,150,2
19527,131,131,0
19528,586,577,9
19529,152,148,4
19530,123,123,0
19531,479,475,4
19532,359,357,2
19533,282,280,2
19534,335,335,0
19535,74,74,0
19536,206,206,0
19537,157,156,1
19538,115,115,0
19539,99,96,3
19540,189,188,1
19541,116,114,2
19542,122,114,8
19543,122,121,1
19544,196,194,2
19545,167,160,7
19546,221,215,6
19547,143,141,2
19548,199,199,0
19549,165,162,3
19550,278,275,3
19551,376,375,1
19552,249,242,7
19553,500,497,3
19554,149,149,0
19555,183,182,1
19556,130,130,0
19557,164,162,2
19558,153,153,0
19559,79,78,1
19560,148,146,2
19561,151,150,1
19562,210,210,0
19563,215,214,1
19564,173,172,1
19565,224,223,1
19566,153,153,0
19567,468,468,0
19568,144,144,0
19569,236,231,5
19570,51,51,0
19571,73,73,0
19572,182,182,0
19573,158,156,2
19574,244,244,0
19575,378,377,1
19576,483,482,1
19577,155,155,0
19578,335,330,5
19579,125,123,2
19580,672,672,0
19581,612,611,1
19582,790,782,8
19583,290,288,2
19584,121,121,0
19585,276,274,2
19586,245,244,1
19587,85,84,1
19588,359,355,4
19589,355,355,0
19590,154,153,1
19591,505,504,1
19592,222,221,1
19593,125,123,2
19594,120,120,0
19595,167,167,0
19596,1005,997,8
19597,504,504,0
19598,146,146,0
19599,141,141,0
19600,170,168,2
19601,281,281,0
19602,143,142,1
19603,177,177,0
19604,569,565,4
19605,51,51,0
19606,96,95,1
19607,300,300,0
19608,146,146,0
19609,225,223,2
19610,141,141,0
19611,168,168,0
19612,221,220,1
19613,53,53,0
19614,31,31,0
19615,66,66,0
19616,58,58,0
19617,135,135,0
19618,101,100,1
19619,84,84,0
19620,147,147,0
19621,272,272,0
19622,505,503,2
19623,116,116,0
19624,282,282,0
19625,704,701,3
19626,158,158,0
19627,84,84,0
19628,151,151,0
19629,146,145,1
19630,345,342,3
19631,208,203,5
19632,247,247,0
19633,166,166,0
19634,167,167,0
19635,184,184,0
19636,198,197,1
19637,419,419,0
19638,579,573,6
19639,158,158,0
19640,172,169,3
19641,193,193,0
19642,220,216,4
19643,235,234,1
19644,115,115,0
19645,220,219,1
19646,198,195,3
19647,197,197,0
19648,99,97,2
19649,361,352,9
19650,180,170,10
19651,218,218,0
19652,142,141,1
19653,176,174,2
19654,201,197,4
19655,470,463,7
19656,305,301,4
19657,311,311,0
19658,253,250,3
19659,181,181,0
19660,245,244,1
19661,115,115,0
19662,125,123,2
19663,109,109,0
19664,271,268,3
19665,165,165,0
19666,156,154,2
19667,150,150,0
19668,217,217,0
19669,279,279,0
19670,296,295,1
19671,116,115,1
19672,111,111,0
19673,228,226,2
19674,118,118,0
19675,180,176,4
19676,95,95,0
19677,130,130,0
19678,179,177,2
19679,451,449,2
19680,330,329,1
19681,416,414,2
19682,208,206,2
19683,141,141,0
19684,338,336,2
19685,305,303,2
19686,180,180,0
19687,388,388,0
19688,142,142,0
19689,313,311,2
19690,85,84,1
19691,67,65,2
19692,86,83,3
19693,39,39,0
19694,155,154,1
19695,121,121,0
19696,248,246,2
19697,154,154,0
19698,111,110,1
19699,151,151,0
19700,139,139,0
19701,54,54,0
19702,155,154,1
19703,425,423,2
19704,130,130,0
19705,230,227,3
19706,154,154,0
19707,124,122,2
19708,149,148,1
19709,319,319,0
19710,142,142,0
19711,133,132,1
19712,342,342,0
19713,199,199,0
19714,153,145,8
19715,497,488,9
19716,130,130,0
19717,341,339,2
19718,69,69,0
19719,248,246,2
19720,137,137,0
19721,183,183,0
19722,181,180,1
19723,187,187,0
19724,113,112,1
19725,163,163,0
19726,807,800,7
19727,130,130,0
19728,49,49,0
19729,145,144,1
19730,133,132,1
19731,117,117,0
19732,126,126,0
19733,143,142,1
19734,137,137,0
19735,192,192,0
19736,198,197,1
19737,670,667,3
19738,58,58,0
19739,64,64,0
19740,59,59,0
19741,59,59,0
19742,38,38,0
19743,120,119,1
19744,51,51,0
19745,404,404,0
19746,118,116,2
19747,146,143,3
19748,125,124,1
19749,396,394,2
19750,366,365,1
19751,128,127,1
19752,302,302,0
19753,168,168,0
19754,126,126,0
19755,191,189,2
19756,58,58,0
19757,250,249,1
19758,521,519,2
19759,475,473,2
19760,343,338,5
19761,189,189,0
19762,186,186,0
19763,150,150,0
19764,874,874,0
19765,181,181,0
19766,200,199,1
19767,400,398,2
19768,184,182,2
19769,212,212,0
19770,51,51,0
19771,185,185,0
19772,299,296,3
19773,289,289,0
19774,196,194,2
19775,119,117,2
19776,175,175,0
19777,120,119,1
19778,169,169,0
19779,230,220,10
19780,111,101,10
19781,415,408,7
19782,518,516,2
19783,1001,999,2
19784,130,129,1
19785,327,327,0
19786,165,165,0
19787,145,145,0
19788,157,157,0
19789,155,155,0
19790,130,129,1
19791,204,203,1
19792,601,594,7
19793,225,219,6
19794,127,127,0
19795,120,117,3
19796,248,246,2
19797,78,78,0
19798,82,82,0
19799,200,199,1
19800,136,135,1
19801,520,517,3
19802,137,136,1
19803,119,117,2
19804,135,131,4
19805,180,175,5
19806,90,89,1
19807,17,17,0
19808,237,233,4
19809,78,77,1
19810,190,189,1
19811,134,132,2
19812,27,27,0
19813,291,291,0
19814,194,188,6
19815,259,258,1
19816,201,199,2
19817,61,61,0
19818,259,258,1
19819,170,169,1
19820,68,67,1
19821,573,568,5
19822,156,156,0
19823,119,119,0
19824,162,161,1
19825,40,40,0
19826,168,166,2
19827,92,91,1
19828,220,219,1
19829,840,836,4
19830,162,159,3
19831,116,115,1
19832,151,151,0
19833,382,382,0
19834,139,137,2
19835,230,230,0
19836,215,215,0
19837,291,289,2
19838,127,126,1
19839,113,113,0
19840,355,355,0
19841,215,215,0
19842,437,435,2
19843,286,285,1
19844,158,154,4
19845,159,159,0
19846,103,103,0
19847,131,130,1
19848,137,137,0
19849,216,216,0
19850,402,400,2
19851,120,120,0
19852,301,299,2
19853,261,256,5
19854,550,550,0
19855,196,193,3
19856,151,151,0
19857,143,143,0
19858,173,172,1
19859,267,265,2
19860,413,412,1
19861,886,883,3
19862,741,739,2
19863,260,258,2
19864,239,239,0
19865,716,712,4
19866,296,295,1
19867,280,276,4
19868,269,268,1
19869,353,349,4
19870,130,130,0
19871,130,129,1
19872,200,200,0
19873,101,101,0
19874,354,351,3
19875,175,174,1
19876,116,116,0
19877,207,204,3
19878,185,185,0
19879,808,797,11
19880,74,74,0
19881,279,278,1
19882,200,198,2
19883,207,207,0
19884,119,118,1
19885,521,515,6
19886,400,398,2
19887,1007,1002,5
19888,371,368,3
19889,111,110,1
19890,76,76,0
19891,123,122,1
19892,207,206,1
19893,323,322,1
19894,196,195,1
19895,133,133,0
19896,157,156,1
19897,769,761,8
19898,189,188,1
19899,218,217,1
19900,46,46,0
19901,403,402,1
19902,184,180,4
19903,231,224,7
19904,141,141,0
19905,109,107,2
19906,283,283,0
19907,187,184,3
19908,321,316,5
19909,185,181,4
19910,134,134,0
19911,155,152,3
19912,319,315,4
19913,276,274,2
19914,420,415,5
19915,178,178,0
19916,143,143,0
19917,258,253,5
19918,165,165,0
19919,828,821,7
19920,258,251,7
19921,133,132,1
19922,363,360,3
19923,156,152,4
19924,255,254,1
19925,572,566,6
19926,142,141,1
19927,311,310,1
19928,319,316,3
19929,155,153,2
19930,693,688,5
19931,513,511,2
19932,169,168,1
19933,133,133,0
19934,178,177,1
19935,50,50,0
19936,84,84,0
19937,430,425,5
19938,162,160,2
19939,116,116,0
19940,170,169,1
19941,169,168,1
19942,490,488,2
19943,365,359,6
19944,218,216,2
19945,283,278,5
19946,140,140,0
19947,132,132,0
19948,221,220,1
19949,307,304,3
19950,234,233,1
19951,370,368,2
19952,200,199,1
19953,198,198,0
19954,93,93,0
19955,271,267,4
19956,156,156,0
19957,151,147,4
19958,171,170,1
19959,40,40,0
19960,225,224,1
19961,54,52,2
19962,130,130,0
19963,104,104,0
19964,87,86,1
19965,160,159,1
19966,135,135,0
19967,330,330,0
19968,882,871,11
19969,984,968,16
19970,151,146,5
19971,678,674,4
19972,343,343,0
19973,245,243,2
19974,125,121,4
19975,215,209,6
19976,151,147,4
19977,118,118,0
19978,125,123,2
19979,392,390,2
19980,300,299,1
19981,136,136,0
19982,278,277,1
19983,249,249,0
19984,417,416,1
19985,175,173,2
19986,138,136,2
19987,456,454,2
19988,142,142,0
19989,133,133,0
19990,357,353,4
19991,34,34,0
19992,96,96,0
19993,37,37,0
19994,53,53,0
19995,45,45,0
19996,59,59,0
19997,239,234,5
19998,221,220,1
19999,121,118,3
20000,378,378,0
20001,125,124,1
20002,201,201,0
20003,130,130,0
20004,278,277,1
20005,191,189,2
20006,102,102,0
20007,101,101,0
20008,261,261,0
20009,111,111,0
20010,231,222,9
20011,175,174,1
20012,216,216,0
20013,321,319,2
20014,638,635,3
20015,136,136,0
20016,200,200,0
20017,600,593,7
20018,355,355,0
20019,205,205,0
20020,175,175,0
20021,131,131,0
20022,162,162,0
20023,174,174,0
20024,134,134,0
20025,433,432,1
20026,350,349,1
20027,252,250,2
20028,206,202,4
20029,239,239,0
20030,138,137,1
20031,405,400,5
20032,93,93,0
20033,305,304,1
20034,196,194,2
20035,168,168,0
20036,202,200,2
20037,205,205,0
20038,239,238,1
20039,256,255,1
20040,118,118,0
20041,615,610,5
20042,231,230,1
20043,153,152,1
20044,272,271,1
20045,276,276,0
20046,514,514,0
20047,138,138,0
20048,316,315,1
20049,409,408,1
20050,254,254,0
20051,224,224,0
20052,472,469,3
20053,485,479,6
20054,139,139,0
20055,298,298,0
20056,122,122,0
20057,225,225,0
20058,78,78,0
20059,366,365,1
20060,153,152,1
20061,714,712,2
20062,182,182,0
20063,137,137,0
20064,121,120,1
20065,247,247,0
20066,82,82,0
20067,134,134,0
20068,94,94,0
20069,79,79,0
20070,52,52,0
20071,505,503,2
20072,71,71,0
20073,295,293,2
20074,230,230,0
20075,128,127,1
20076,287,285,2
20077,102,101,1
20078,40,40,0
20079,138,137,1
20080,419,416,3
20081,155,154,1
20082,846,830,16
20083,265,262,3
20084,135,134,1
20085,90,90,0
20086,221,221,0
20087,260,258,2
20088,182,180,2
20089,117,116,1
20090,200,200,0
20091,460,460,0
20092,93,93,0
20093,132,131,1
20094,235,235,0
20095,282,280,2
20096,119,117,2
20097,244,244,0
20098,387,387,0
20099,195,194,1
20100,615,613,2
20101,453,448,5
20102,298,298,0
20103,500,496,4
20104,89,89,0
20105,725,717,8
20106,135,134,1
20107,111,110,1
20108,390,386,4
20109,354,354,0
20110,145,145,0
20111,107,105,2
20112,117,117,0
20113,135,135,0
20114,45,45,0
20115,177,176,1
20116,148,147,1
20117,349,345,4
20118,557,553,4
20119,273,273,0
20120,530,523,7
20121,456,455,1
20122,107,106,1
20123,114,112,2
20124,202,201,1
20125,162,160,2
20126,823,811,12
20127,304,301,3
20128,123,117,6
20129,242,240,2
20130,271,271,0
20131,359,357,2
20132,325,325,0
20133,398,395,3
20134,258,255,3
20135,239,237,2
20136,121,119,2
20137,253,249,4
20138,651,648,3
20139,143,143,0
20140,134,133,1
20141,176,175,1
20142,197,195,2
20143,176,175,1
20144,126,126,0
20145,151,151,0
20146,178,177,1
20147,430,427,3
20148,266,263,3
20149,154,154,0
20150,179,179,0
20151,283,281,2
20152,257,255,2
20153,181,181,0
20154,244,243,1
20155,165,164,1
20156,178,178,0
20157,169,169,0
20158,164,164,0
20159,240,235,5
20160,121,120,1
20161,151,149,2
20162,345,344,1
20163,229,228,1
20164,392,390,2
20165,140,140,0
20166,118,118,0
20167,125,125,0
20168,130,130,0
20169,146,146,0
20170,263,262,1
20171,130,122,8
20172,175,167,8
20173,224,224,0
20174,209,205,4
20175,126,125,1
20176,272,268,4
20177,180,178,2
20178,152,149,3
20179,234,233,1
20180,193,193,0
20181,202,199,3
20182,87,87,0
20183,712,704,8
20184,202,201,1
20185,195,195,0
20186,139,136,3
20187,51,50,1
20188,513,508,5
20189,197,197,0
20190,117,117,0
20191,269,267,2
20192,668,667,1
20193,161,161,0
20194,123,123,0
20195,573,571,2
20196,132,132,0
20197,129,129,0
20198,135,135,0
20199,393,392,1
20200,273,273,0
20201,131,131,0
20202,128,128,0
20203,145,145,0
20204,704,702,2
20205,264,263,1
20206,100,99,1
20207,448,445,3
20208,442,440,2
20209,239,239,0
20210,649,648,1
20211,853,846,7
20212,110,109,1
20213,154,154,0
20214,226,226,0
20215,120,120,0
20216,70,70,0
20217,120,119,1
20218,154,153,1
20219,146,146,0
20220,343,342,1
20221,57,56,1
20222,226,226,0
20223,124,124,0
20224,114,114,0
20225,257,255,2
20226,222,221,1
20227,626,623,3
20228,162,162,0
20229,445,443,2
20230,184,183,1
20231,803,798,5
20232,512,512,0
20233,153,152,1
20234,398,396,2
20235,272,270,2
20236,471,470,1
20237,139,139,0
20238,286,285,1
20239,197,197,0
20240,371,368,3
20241,118,118,0
20242,150,150,0
20243,107,106,1
20244,341,340,1
20245,201,200,1
20246,209,209,0
20247,249,249,0
20248,123,123,0
20249,217,217,0
20250,135,135,0
20251,359,356,3
20252,685,677,8
20253,157,157,0
20254,221,221,0
20255,148,147,1
20256,192,192,0
20257,133,133,0
20258,145,145,0
20259,148,147,1
20260,222,221,1
20261,138,137,1
20262,500,498,2
20263,161,161,0
20264,213,212,1
20265,134,134,0
20266,225,223,2
20267,191,189,2
20268,138,138,0
20269,328,324,4
20270,242,241,1
20271,319,319,0
20272,229,229,0
20273,131,128,3
20274,178,178,0
20275,57,57,0
20276,53,52,1
20277,288,287,1
20278,115,114,1
20279,98,98,0
20280,825,817,8
20281,143,143,0
20282,157,156,1
20283,153,152,1
20284,137,137,0
20285,194,193,1
20286,119,119,0
20287,105,104,1
20288,210,210,0
20289,83,83,0
20290,414,414,0
20291,108,108,0
20292,169,168,1
20293,263,263,0
20294,277,269,8
20295,273,273,0
20296,126,126,0
20297,211,210,1
20298,63,62,1
20299,188,183,5
20300,590,587,3
20301,350,350,0
20302,355,350,5
20303,183,178,5
20304,133,133,0
20305,57,57,0
20306,183,182,1
20307,214,214,0
20308,114,114,0
20309,84,84,0
20310,171,171,0
20311,212,211,1
20312,133,133,0
20313,246,246,0
20314,338,335,3
20315,346,342,4
20316,177,177,0
20317,90,89,1
20318,286,282,4
20319,132,131,1
20320,82,82,0
20321,183,182,1
20322,205,205,0
20323,187,182,5
20324,210,209,1
20325,159,157,2
20326,105,103,2
20327,88,88,0
20328,1005,1000,5
20329,480,478,2
20330,260,260,0
20331,360,360,0
20332,220,218,2
20333,363,357,6
20334,166,163,3
20335,312,309,3
20336,870,851,19
20337,472,471,1
20338,155,155,0
20339,138,138,0
20340,100,100,0
20341,159,159,0
20342,125,124,1
20343,260,257,3
20344,255,252,3
20345,482,482,0
20346,266,266,0
20347,239,237,2
20348,81,81,0
20349,84,84,0
20350,146,145,1
20351,116,116,0
20352,85,83,2
20353,188,187,1
20354,307,306,1
20355,180,180,0
20356,120,120,0
20357,531,526,5
20358,322,322,0
20359,112,110,2
20360,162,162,0
20361,102,102,0
20362,206,204,2
20363,317,316,1
20364,215,215,0
20365,101,101,0
20366,827,826,1
20367,282,280,2
20368,518,517,1
20369,130,129,1
20370,169,168,1
20371,270,267,3
20372,81,81,0
20373,176,176,0
20374,123,122,1
20375,498,493,5
20376,361,358,3
20377,522,518,4
20378,514,511,3
20379,106,106,0
20380,621,615,6
20381,178,178,0
20382,179,176,3
20383,256,256,0
20384,153,152,1
20385,421,418,3
20386,121,121,0
20387,165,163,2
20388,236,235,1
20389,209,208,1
20390,271,267,4
20391,252,246,6
20392,191,191,0
20393,212,201,11
20394,193,192,1
20395,336,334,2
20396,409,398,11
20397,93,91,2
20398,167,167,0
20399,282,275,7
20400,138,138,0
20401,329,327,2
20402,110,110,0
20403,136,134,2
20404,99,98,1
20405,127,127,0
20406,52,51,1
20407,95,95,0
20408,178,177,1
20409,132,132,0
20410,245,242,3
20411,755,746,9
20412,134,134,0
20413,177,176,1
20414,106,106,0
20415,150,150,0
20416,92,92,0
20417,155,155,0
20418,126,122,4
20419,108,108,0
20420,130,129,1
20421,159,159,0
20422,158,157,1
20423,164,163,1
20424,136,136,0
20425,127,127,0
20426,425,421,4
20427,183,179,4
20428,122,122,0
20429,199,198,1
20430,303,301,2
20431,188,188,0
20432,108,108,0
20433,54,52,2
20434,124,120,4
20435,171,170,1
20436,196,194,2
20437,163,160,3
20438,151,150,1
20439,156,154,2
20440,630,629,1
20441,292,290,2
20442,356,355,1
20443,779,772,7
20444,352,352,0
20445,384,381,3
20446,162,160,2
20447,244,244,0
20448,244,243,1
20449,149,149,0
20450,160,160,0
20451,190,190,0
20452,64,64,0
20453,93,92,1
20454,183,183,0
20455,46,46,0
20456,376,370,6
20457,166,164,2
20458,57,57,0
20459,195,195,0
20460,149,148,1
20461,189,189,0
20462,340,340,0
20463,236,234,2
20464,150,150,0
20465,324,324,0
20466,120,119,1
20467,190,190,0
20468,93,93,0
20469,131,130,1
20470,188,187,1
20471,252,246,6
20472,260,259,1
20473,328,321,7
20474,137,134,3
20475,268,268,0
20476,146,145,1
20477,178,177,1
20478,298,298,0
20479,138,138,0
20480,165,163,2
20481,346,343,3
20482,323,321,2
20483,200,197,3
20484,150,150,0
20485,130,130,0
20486,129,128,1
20487,284,279,5
20488,604,604,0
20489,214,213,1
20490,327,326,1
20491,407,402,5
20492,289,284,5
20493,130,130,0
20494,144,141,3
20495,197,197,0
20496,142,139,3
20497,83,83,0
20498,125,125,0
20499,220,219,1
20500,60,59,1
20501,298,298,0
20502,122,122,0
20503,225,225,0
20504,456,455,1
20505,124,123,1
20506,357,356,1
20507,633,623,10
20508,216,215,1
20509,359,359,0
20510,271,269,2
20511,160,160,0
20512,230,228,2
20513,281,280,1
20514,415,412,3
20515,272,255,17
20516,203,201,2
20517,146,146,0
20518,57,56,1
20519,295,295,0
20520,239,235,4
20521,287,287,0
20522,68,67,1
20523,66,66,0
20524,87,87,0
20525,189,189,0
20526,311,306,5
20527,366,365,1
20528,165,163,2
20529,66,66,0
20530,147,147,0
20531,247,247,0
20532,338,334,4
20533,109,109,0
20534,217,217,0
20535,199,199,0
20536,199,199,0
20537,119,119,0
20538,807,805,2
20539,119,119,0
20540,482,480,2
20541,137,136,1
20542,248,246,2
20543,452,450,2
20544,168,167,1
20545,146,146,0
20546,149,147,2
20547,233,232,1
20548,184,183,1
20549,570,570,0
20550,496,493,3
20551,432,426,6
20552,443,441,2
20553,244,244,0
20554,79,78,1
20555,204,204,0
20556,979,972,7
20557,130,130,0
20558,160,160,0
20559,221,219,2
20560,208,206,2
20561,235,234,1
20562,327,325,2
20563,358,358,0
20564,228,226,2
20565,125,124,1
20566,125,124,1
20567,173,171,2
20568,227,227,0
20569,451,450,1
20570,186,186,0
20571,148,148,0
20572,493,493,0
20573,172,171,1
20574,100,97,3
20575,70,70,0
20576,135,133,2
20577,286,285,1
20578,147,147,0
20579,146,145,1
20580,108,108,0
20581,161,160,1
20582,193,193,0
20583,400,399,1
20584,115,114,1
20585,227,223,4
20586,439,436,3
20587,174,173,1
20588,142,140,2
20589,573,567,6
20590,729,721,8
20591,273,272,1
20592,121,120,1
20593,160,160,0
20594,145,144,1
20595,257,257,0
20596,325,325,0
20597,105,105,0
20598,936,931,5
20599,230,230,0
20600,135,135,0
20601,159,150,9
20602,684,683,1
20603,211,209,2
20604,142,142,0
20605,137,134,3
20606,179,179,0
20607,166,165,1
20608,857,841,16
20609,259,254,5
20610,294,294,0
20611,164,162,2
20612,150,149,1
20613,159,159,0
20614,138,137,1
20615,132,132,0
20616,420,420,0
20617,118,117,1
20618,106,106,0
20619,133,133,0
20620,133,133,0
20621,248,248,0
20622,179,179,0
20623,179,179,0
20624,224,223,1
20625,292,290,2
20626,221,221,0
20627,707,706,1
20628,484,483,1
20629,838,828,10
20630,127,126,1
20631,211,211,0
20632,143,143,0
20633,152,151,1
20634,47,47,0
20635,133,132,1
20636,423,422,1
20637,114,114,0
20638,132,132,0
20639,262,259,3
20640,129,129,0
20641,128,127,1
20642,115,115,0
20643,396,394,2
20644,248,245,3
20645,235,234,1
20646,354,353,1
20647,159,157,2
20648,432,432,0
20649,158,153,5
20650,371,371,0
20651,240,239,1
20652,419,414,5
20653,523,519,4
20654,482,481,1
20655,569,566,3
20656,144,144,0
20657,434,433,1
20658,340,340,0
20659,315,312,3
20660,156,156,0
20661,995,985,10
20662,192,192,0
20663,176,174,2
20664,162,162,0
20665,121,121,0
20666,139,139,0
20667,273,272,1
20668,312,309,3
20669,35,35,0
20670,183,179,4
20671,588,583,5
20672,163,163,0
20673,144,143,1
20674,55,55,0
20675,155,154,1
20676,65,64,1
20677,287,287,0
20678,172,171,1
20679,351,350,1
20680,110,110,0
20681,66,66,0
20682,378,375,3
20683,736,733,3
20684,564,564,0
20685,200,200,0
20686,134,134,0
20687,165,165,0
20688,137,136,1
20689,421,421,0
20690,491,489,2
20691,578,575,3
20692,201,200,1
20693,697,690,7
20694,125,123,2
20695,76,76,0
20696,117,115,2
20697,99,98,1
20698,244,242,2
20699,148,148,0
20700,229,229,0
20701,66,66,0
20702,251,251,0
20703,130,129,1
20704,100,99,1
20705,272,272,0
20706,98,98,0
20707,221,218,3
20708,265,263,2
20709,160,155,5
20710,148,148,0
20711,68,68,0
20712,82,82,0
20713,122,121,1
20714,194,194,0
20715,232,232,0
20716,292,289,3
20717,417,416,1
20718,131,131,0
20719,192,191,1
20720,156,155,1
20721,130,130,0
20722,140,140,0
20723,507,505,2
20724,285,285,0
20725,163,161,2
20726,100,99,1
20727,49,48,1
20728,59,58,1
20729,126,126,0
20730,421,419,2
20731,297,296,1
20732,191,189,2
20733,79,79,0
20734,128,127,1
20735,164,164,0
20736,146,143,3
20737,53,52,1
20738,160,160,0
20739,139,137,2
20740,567,566,1
20741,123,120,3
20742,323,320,3
20743,362,358,4
20744,177,177,0
20745,145,144,1
20746,357,352,5
20747,71,71,0
20748,372,370,2
20749,144,143,1
20750,193,193,0
20751,247,247,0
20752,128,127,1
20753,139,139,0
20754,162,162,0
20755,533,528,5
20756,263,261,2
20757,250,248,2
20758,311,305,6
20759,185,184,1
20760,275,273,2
20761,128,127,1
20762,206,205,1
20763,128,128,0
20764,131,130,1
20765,248,248,0
20766,990,987,3
20767,168,168,0
20768,102,102,0
20769,326,325,1
20770,272,272,0
20771,135,134,1
20772,377,375,2
20773,224,224,0
20774,229,228,1
20775,167,166,1
20776,173,173,0
20777,266,262,4
20778,210,210,0
20779,123,123,0
20780,94,94,0
20781,106,106,0
20782,403,400,3
20783,181,179,2
20784,284,284,0
20785,154,154,0
20786,373,371,2
20787,898,892,6
20788,394,393,1
20789,123,123,0
20790,631,627,4
20791,161,161,0
20792,221,220,1
20793,207,207,0
20794,137,137,0
20795,201,201,0
20796,862,856,6
20797,606,605,1
20798,144,144,0
20799,363,361,2
20800,150,150,0
20801,642,642,0
20802,487,486,1
20803,791,791,0
20804,721,716,5
20805,174,174,0
20806,222,221,1
20807,55,55,0
20808,169,166,3
20809,328,326,2
20810,95,93,2
20811,178,176,2
20812,197,196,1
20813,345,344,1
20814,58,58,0
20815,174,172,2
20816,124,122,2
20817,117,115,2
20818,267,264,3
20819,329,327,2
20820,187,186,1
20821,857,851,6
20822,206,206,0
20823,249,247,2
20824,472,467,5
20825,249,248,1
20826,160,154,6
20827,200,198,2
20828,158,158,0
20829,889,884,5
20830,256,251,5
20831,357,351,6
20832,209,209,0
20833,531,527,4
20834,186,180,6
20835,197,195,2
20836,174,173,1
20837,147,147,0
20838,49,49,0
20839,784,780,4
20840,270,268,2
20841,207,206,1
20842,1020,1019,1
20843,365,363,2
20844,111,110,1
20845,167,167,0
20846,214,213,1
20847,116,116,0
20848,314,311,3
20849,132,132,0
20850,320,320,0
20851,404,403,1
20852,68,68,0
20853,57,57,0
20854,221,221,0
20855,308,305,3
20856,204,204,0
20857,265,263,2
20858,133,133,0
20859,71,70,1
20860,114,113,1
20861,205,200,5
20862,260,259,1
20863,178,175,3
20864,279,279,0
20865,135,135,0
20866,677,677,0
20867,670,668,2
20868,465,464,1
20869,264,261,3
20870,158,158,0
20871,165,165,0
20872,440,437,3
20873,236,235,1
20874,187,187,0
20875,110,109,1
20876,244,243,1
20877,238,237,1
20878,328,328,0
20879,221,221,0
20880,143,143,0
20881,445,442,3
20882,106,104,2
20883,99,99,0
20884,150,149,1
20885,92,92,0
20886,179,179,0
20887,133,132,1
20888,359,359,0
20889,60,59,1
20890,153,151,2
20891,287,283,4
20892,125,125,0
20893,216,214,2
20894,142,142,0
20895,168,168,0
20896,150,149,1
20897,180,180,0
20898,176,175,1
20899,512,509,3
20900,197,196,1
20901,177,177,0
20902,381,379,2
20903,194,193,1
20904,213,212,1
20905,126,124,2
20906,485,485,0
20907,199,198,1
20908,43,43,0
20909,138,137,1
20910,577,574,3
20911,43,43,0
20912,233,232,1
20913,113,110,3
20914,156,156,0
20915,197,197,0
20916,416,416,0
20917,47,47,0
20918,265,263,2
20919,246,245,1
20920,166,166,0
20921,167,166,1
20922,140,140,0
20923,215,212,3
20924,140,139,1
20925,113,112,1
20926,185,185,0
20927,396,390,6
20928,199,195,4
20929,56,56,0
20930,45,45,0
20931,247,246,1
20932,118,118,0
20933,174,169,5
20934,202,201,1
20935,202,201,1
20936,114,114,0
20937,248,248,0
20938,155,154,1
20939,216,213,3
20940,137,135,2
20941,156,154,2
20942,317,316,1
20943,654,654,0
20944,337,337,0
20945,174,173,1
20946,122,122,0
20947,135,134,1
20948,189,188,1
20949,147,147,0
20950,213,210,3
20951,199,197,2
20952,201,200,1
20953,351,351,0
20954,173,173,0
20955,123,123,0
20956,71,71,0
20957,244,242,2
20958,145,145,0
20959,116,115,1
20960,265,264,1
20961,198,198,0
20962,56,56,0
20963,106,105,1
20964,159,156,3
20965,202,201,1
20966,154,153,1
20967,574,573,1
20968,136,134,2
20969,124,124,0
20970,202,200,2
20971,603,600,3
20972,123,122,1
20973,729,725,4
20974,124,124,0
20975,101,99,2
20976,153,153,0
20977,159,158,1
20978,133,133,0
20979,160,156,4
20980,166,164,2
20981,275,275,0
20982,230,229,1
20983,142,139,3
20984,226,225,1
20985,128,126,2
20986,218,217,1
20987,117,117,0
20988,75,75,0
20989,268,266,2
20990,119,117,2
20991,357,356,1
20992,318,316,2
20993,746,741,5
20994,54,54,0
20995,114,114,0
20996,142,142,0
20997,172,171,1
20998,173,169,4
20999,130,129,1
21000,241,241,0
21001,202,200,2
21002,116,115,1
21003,185,185,0
21004,110,110,0
21005,145,145,0
21006,107,107,0
21007,60,59,1
21008,292,292,0
21009,226,225,1
21010,122,122,0
21011,646,642,4
21012,163,162,1
21013,139,139,0
21014,196,196,0
21015,131,130,1
21016,126,125,1
21017,312,309,3
21018,261,261,0
21019,243,242,1
21020,106,105,1
21021,164,161,3
21022,159,156,3
21023,180,180,0
21024,442,441,1
21025,318,315,3
21026,237,235,2
21027,53,53,0
21028,116,116,0
21029,179,179,0
21030,372,367,5
21031,101,100,1
21032,194,190,4
21033,47,47,0
21034,186,184,2
21035,225,225,0
21036,439,435,4
21037,284,278,6
21038,218,218,0
21039,125,125,0
21040,271,268,3
21041,217,216,1
21042,689,684,5
21043,128,128,0
21044,317,313,4
21045,235,235,0
21046,362,359,3
21047,150,148,2
21048,181,181,0
21049,325,321,4
21050,150,149,1
21051,156,156,0
21052,203,203,0
21053,193,193,0
21054,247,247,0
21055,133,132,1
21056,271,270,1
21057,114,113,1
21058,159,159,0
21059,122,122,0
21060,219,219,0
21061,123,123,0
21062,152,151,1
21063,711,701,10
21064,124,123,1
21065,466,465,1
21066,542,538,4
21067,42,42,0
21068,115,114,1
21069,122,121,1
21070,180,177,3
21071,60,60,0
21072,193,193,0
21073,206,206,0
21074,317,317,0
21075,132,132,0
21076,142,142,0
21077,224,223,1
21078,98,98,0
21079,443,442,1
21080,188,187,1
21081,370,370,0
21082,582,580,2
21083,140,140,0
21084,470,469,1
21085,158,158,0
21086,427,422,5
21087,110,110,0
21088,71,71,0
21089,339,338,1
21090,132,132,0
21091,215,215,0
21092,1002,998,4
21093,517,513,4
21094,256,256,0
21095,311,311,0
21096,141,141,0
21097,130,129,1
21098,417,415,2
21099,426,425,1
21100,235,234,1
21101,207,207,0
21102,215,214,1
21103,152,152,0
21104,254,254,0
21105,153,152,1
21106,176,175,1
21107,136,136,0
21108,142,142,0
21109,280,278,2
21110,334,333,1
21111,132,132,0
21112,135,133,2
21113,471,471,0
21114,342,338,4
21115,150,149,1
21116,183,182,1
21117,209,206,3
21118,197,191,6
21119,127,126,1
21120,123,123,0
21121,533,529,4
21122,207,202,5
21123,42,39,3
21124,221,220,1
21125,112,111,1
21126,69,69,0
21127,175,172,3
21128,525,523,2
21129,112,112,0
21130,97,97,0
21131,109,108,1
21132,257,256,1
21133,368,365,3
21134,240,240,0
21135,276,274,2
21136,423,419,4
21137,355,351,4
21138,161,161,0
21139,145,145,0
21140,180,177,3
21141,454,450,4
21142,106,106,0
21143,152,151,1
21144,138,138,0
21145,272,272,0
21146,255,254,1
21147,73,73,0
21148,103,102,1
21149,441,441,0
21150,69,68,1
21151,120,120,0
21152,375,375,0
21153,268,267,1
21154,157,157,0
21155,153,153,0
21156,386,380,6
21157,128,128,0
21158,190,188,2
21159,136,136,0
21160,482,475,7
21161,94,94,0
21162,418,418,0
21163,297,294,3
21164,127,126,1
21165,738,738,0
21166,480,478,2
21167,100,99,1
21168,241,238,3
21169,403,396,7
21170,224,224,0
21171,196,196,0
21172,260,259,1
21173,270,269,1
21174,76,76,0
21175,80,79,1
21176,352,352,0
21177,194,193,1
21178,126,126,0
21179,493,486,7
21180,122,120,2
21181,151,147,4
21182,97,96,1
21183,152,150,2
21184,132,132,0
21185,476,475,1
21186,309,307,2
21187,804,803,1
21188,306,297,9
21189,170,170,0
21190,240,237,3
21191,213,212,1
21192,319,315,4
21193,112,112,0
21194,139,139,0
21195,71,71,0
21196,159,157,2
21197,589,585,4
21198,550,545,5
21199,39,39,0
21200,66,66,0
21201,396,396,0
21202,125,123,2
21203,279,276,3
21204,472,472,0
21205,149,147,2
21206,567,566,1
21207,160,160,0
21208,289,287,2
21209,395,392,3
21210,312,312,0
21211,601,596,5
21212,116,115,1
21213,114,113,1
21214,134,134,0
21215,236,234,2
21216,211,211,0
21217,214,211,3
21218,146,146,0
21219,549,547,2
21220,267,267,0
21221,179,179,0
21222,303,302,1
21223,58,58,0
21224,92,92,0
21225,122,120,2
21226,125,125,0
21227,148,148,0
21228,349,335,14
21229,241,240,1
21230,132,131,1
21231,356,355,1
21232,310,308,2
21233,199,195,4
21234,523,499,24
21235,207,205,2
21236,202,202,0
21237,470,470,0
21238,226,226,0
21239,342,341,1
21240,122,120,2
21241,485,471,14
21242,121,118,3
21243,789,788,1
21244,792,787,5
21245,131,131,0
21246,151,150,1
21247,319,314,5
21248,288,283,5
21249,147,146,1
21250,115,113,2
21251,313,309,4
21252,158,158,0
21253,199,199,0
21254,384,382,2
21255,232,232,0
21256,153,152,1
21257,361,360,1
21258,223,223,0
21259,145,144,1
21260,136,135,1
21261,127,127,0
21262,126,125,1
21263,209,206,3
21264,74,74,0
21265,274,271,3
21266,206,206,0
21267,157,156,1
21268,115,115,0
21269,99,96,3
21270,189,188,1
21271,116,114,2
21272,122,114,8
21273,998,992,6
21274,126,126,0
21275,201,201,0
21276,279,278,1
21277,177,177,0
21278,80,80,0
21279,129,129,0
21280,207,204,3
21281,235,234,1
21282,305,302,3
21283,141,140,1
21284,119,118,1
21285,465,463,2
21286,209,206,3
21287,191,188,3
21288,227,227,0
21289,401,396,5
21290,376,373,3
21291,436,433,3
21292,359,359,0
21293,328,328,0
21294,129,129,0
21295,154,154,0
21296,303,303,0
21297,214,214,0
21298,273,273,0
21299,194,194,0
21300,172,171,1
21301,164,164,0
21302,131,131,0
21303,351,350,1
21304,98,97,1
21305,348,345,3
21306,213,213,0
21307,151,150,1
21308,262,251,11
21309,457,457,0
21310,84,83,1
21311,56,56,0
21312,121,121,0
21313,133,133,0
21314,109,109,0
21315,121,120,1
21316,159,159,0
21317,480,479,1
21318,162,159,3
21319,193,191,2
21320,133,133,0
21321,184,184,0
21322,232,230,2
21323,162,160,2
21324,182,179,3
21325,70,70,0
21326,167,167,0
21327,737,734,3
21328,405,404,1
21329,546,544,2
21330,109,106,3
21331,304,304,0
21332,188,184,4
21333,277,274,3
21334,146,144,2
21335,49,49,0
21336,159,158,1
21337,122,122,0
21338,285,282,3
21339,108,108,0
21340,199,199,0
21341,203,202,1
21342,92,91,1
21343,306,306,0
21344,61,61,0
21345,130,130,0
21346,97,97,0
21347,124,124,0
21348,59,59,0
21349,121,121,0
21350,129,128,1
21351,257,256,1
21352,118,118,0
21353,134,132,2
21354,453,453,0
21355,281,277,4
21356,45,45,0
21357,136,134,2
21358,125,124,1
21359,188,187,1
21360,214,214,0
21361,207,202,5
21362,561,559,2
21363,57,57,0
21364,116,115,1
21365,461,460,1
21366,89,89,0
21367,162,160,2
21368,134,134,0
21369,273,269,4
21370,187,187,0
21371,279,278,1
21372,233,229,4
21373,194,193,1
21374,293,293,0
21375,256,256,0
21376,159,158,1
21377,429,427,2
21378,330,330,0
21379,211,209,2
21380,71,71,0
21381,202,199,3
21382,111,111,0
21383,447,447,0
21384,220,219,1
21385,131,131,0
21386,117,115,2
21387,112,111,1
21388,453,453,0
21389,129,129,0
21390,189,189,0
21391,646,644,2
21392,112,112,0
21393,215,214,1
21394,474,471,3
21395,217,216,1
21396,317,314,3
21397,196,196,0
21398,163,163,0
21399,100,99,1
21400,326,325,1
21401,111,111,0
21402,122,122,0
21403,559,556,3
21404,303,303,0
21405,218,217,1
21406,140,139,1
21407,340,340,0
21408,140,139,1
21409,202,200,2
21410,143,140,3
21411,189,189,0
21412,439,439,0
21413,849,843,6
21414,261,258,3
21415,315,315,0
21416,139,138,1
21417,155,155,0
21418,273,272,1
21419,237,237,0
21420,183,182,1
21421,189,189,0
21422,189,188,1
21423,206,204,2
21424,206,206,0
21425,237,237,0
21426,139,139,0
21427,593,587,6
21428,366,361,5
21429,115,115,0
21430,160,160,0
21431,77,77,0
21432,146,144,2
21433,131,130,1
21434,138,138,0
21435,119,118,1
21436,73,73,0
21437,125,125,0
21438,115,115,0
21439,115,114,1
21440,165,164,1
21441,152,150,2
21442,39,39,0
21443,212,212,0
21444,285,285,0
21445,311,307,4
21446,206,206,0
21447,238,237,1
21448,185,185,0
21449,162,161,1
21450,212,212,0
21451,754,747,7
21452,508,501,7
21453,150,145,5
21454,92,92,0
21455,141,140,1
21456,203,203,0
21457,148,148,0
21458,137,137,0
21459,427,426,1
21460,210,207,3
21461,296,295,1
21462,50,50,0
21463,187,187,0
21464,187,187,0
21465,751,746,5
21466,129,129,0
21467,149,149,0
21468,172,166,6
21469,211,211,0
21470,120,119,1
21471,252,251,1
21472,186,185,1
21473,115,114,1
21474,155,154,1
21475,74,73,1
21476,415,413,2
21477,55,55,0
21478,123,123,0
21479,147,147,0
21480,72,72,0
21481,249,248,1
21482,309,309,0
21483,97,96,1
21484,240,239,1
21485,188,187,1
21486,107,107,0
21487,198,197,1
21488,132,131,1
21489,111,110,1
21490,116,116,0
21491,125,123,2
21492,281,279,2
21493,196,194,2
21494,69,69,0
21495,165,157,8
21496,78,77,1
21497,201,198,3
21498,115,113,2
21499,122,117,5
21500,361,357,4
21501,92,92,0
21502,100,99,1
21503,33,33,0
21504,121,119,2
21505,625,624,1
21506,126,126,0
21507,314,312,2
21508,510,508,2
21509,153,152,1
21510,472,470,2
21511,104,103,1
21512,76,76,0
21513,385,382,3
21514,787,785,2
21515,234,234,0
21516,129,129,0
21517,221,221,0
21518,334,326,8
21519,424,422,2
21520,363,362,1
21521,273,272,1
21522,141,140,1
21523,102,102,0
21524,331,329,2
21525,173,173,0
21526,143,143,0
21527,286,284,2
21528,305,299,6
21529,176,176,0
21530,357,354,3
21531,294,294,0
21532,334,333,1
21533,381,379,2
21534,285,281,4
21535,105,104,1
21536,1021,1009,12
21537,159,159,0
21538,115,115,0
21539,120,120,0
21540,91,90,1
21541,122,120,2
21542,273,273,0
21543,153,151,2
21544,158,158,0
21545,229,228,1
21546,105,105,0
21547,190,189,1
21548,207,205,2
21549,174,174,0
21550,131,131,0
21551,146,145,1
21552,128,128,0
21553,244,242,2
21554,51,50,1
21555,126,126,0
21556,158,157,1
21557,297,294,3
21558,80,75,5
21559,380,374,6
21560,143,142,1
21561,234,230,4
21562,59,58,1
21563,141,141,0
21564,57,55,2
21565,241,239,2
21566,175,173,2
21567,126,125,1
21568,201,201,0
21569,378,377,1
21570,147,147,0
21571,225,225,0
21572,445,445,0
21573,163,159,4
21574,168,168,0
21575,296,293,3
21576,134,134,0
21577,175,175,0
21578,188,186,2
21579,105,105,0
21580,368,363,5
21581,134,133,1
21582,145,145,0
21583,437,435,2
21584,158,158,0
21585,184,183,1
21586,253,252,1
21587,221,221,0
21588,165,165,0
21589,369,368,1
21590,171,171,0
21591,109,109,0
21592,200,199,1
21593,958,958,0
21594,100,99,1
21595,281,274,7
21596,206,206,0
21597,259,249,10
21598,293,291,2
21599,222,218,4
21600,68,67,1
21601,144,138,6
21602,174,174,0
21603,141,140,1
21604,177,175,2
21605,222,221,1
21606,91,90,1
21607,188,188,0
21608,388,380,8
21609,185,183,2
21610,554,553,1
21611,888,880,8
21612,157,156,1
21613,639,634,5
21614,407,405,2
21615,165,164,1
21616,153,150,3
21617,117,116,1
21618,47,46,1
21619,154,153,1
21620,297,297,0
21621,140,131,9
21622,153,150,3
21623,78,77,1
21624,111,109,2
21625,344,341,3
21626,46,46,0
21627,691,685,6
21628,90,90,0
21629,262,260,2
21630,121,120,1
21631,207,207,0
21632,206,204,2
21633,205,202,3
21634,135,135,0
21635,369,369,0
21636,102,102,0
21637,90,90,0
21638,190,189,1
21639,123,122,1
21640,628,625,3
21641,142,140,2
21642,161,161,0
21643,78,78,0
21644,640,639,1
21645,204,201,3
21646,167,166,1
21647,174,173,1
21648,570,565,5
21649,312,311,1
21650,389,386,3
21651,137,137,0
21652,69,68,1
21653,72,72,0
21654,118,112,6
21655,107,105,2
21656,160,159,1
21657,154,146,8
21658,141,141,0
21659,296,295,1
21660,595,591,4
21661,140,139,1
21662,231,230,1
21663,541,538,3
21664,182,178,4
21665,123,123,0
21666,145,145,0
21667,319,313,6
21668,50,50,0
21669,152,152,0
21670,314,313,1
21671,737,734,3
21672,646,642,4
21673,150,150,0
21674,138,136,2
21675,119,119,0
21676,461,461,0
21677,137,137,0
21678,382,382,0
21679,112,111,1
21680,130,129,1
21681,73,72,1
21682,73,73,0
21683,149,149,0
21684,373,373,0
21685,536,535,1
21686,166,166,0
21687,346,344,2
21688,462,461,1
21689,271,268,3
21690,408,404,4
21691,165,165,0
21692,110,107,3
21693,138,138,0
21694,365,364,1
21695,146,146,0
21696,409,401,8
21697,490,453,37
21698,477,476,1
21699,174,174,0
21700,160,159,1
21701,123,122,1
21702,223,223,0
21703,284,284,0
21704,904,897,7
21705,141,141,0
21706,182,182,0
21707,136,136,0
21708,153,152,1
21709,44,44,0
21710,171,171,0
21711,143,142,1
21712,152,152,0
21713,90,90,0
21714,231,231,0
21715,165,164,1
21716,122,122,0
21717,170,170,0
21718,96,96,0
21719,118,117,1
21720,257,257,0
21721,178,176,2
21722,411,411,0
21723,173,173,0
21724,135,135,0
21725,148,140,8
21726,129,124,5
21727,323,316,7
21728,167,164,3
21729,164,164,0
21730,189,188,1
21731,448,446,2
21732,279,278,1
21733,127,127,0
21734,176,175,1
21735,453,452,1
21736,117,117,0
21737,348,346,2
21738,226,225,1
21739,146,137,9
21740,154,154,0
21741,677,669,8
21742,252,239,13
21743,168,167,1
21744,148,148,0
21745,374,372,2
21746,174,172,2
21747,166,164,2
21748,193,191,2
21749,150,150,0
21750,266,262,4
21751,422,419,3
21752,219,219,0
21753,74,74,0
21754,706,703,3
21755,356,355,1
21756,73,73,0
21757,133,131,2
21758,123,122,1
21759,155,155,0
21760,242,241,1
21761,247,247,0
21762,172,171,1
21763,71,71,0
21764,152,151,1
21765,168,167,1
21766,194,192,2
21767,247,247,0
21768,167,164,3
21769,149,147,2
21770,589,586,3
21771,116,115,1
21772,152,152,0
21773,103,101,2
21774,141,136,5
21775,47,47,0
21776,259,257,2
21777,143,143,0
21778,60,60,0
21779,188,188,0
21780,291,291,0
21781,223,222,1
21782,76,76,0
21783,48,48,0
21784,258,254,4
21785,172,170,2
21786,123,123,0
21787,258,258,0
21788,118,118,0
21789,122,118,4
21790,291,291,0
21791,140,139,1
21792,242,242,0
21793,182,182,0
21794,161,161,0
21795,117,115,2
21796,294,294,0
21797,231,229,2
21798,167,163,4
21799,188,188,0
21800,78,78,0
21801,218,217,1
21802,307,306,1
21803,161,160,1
21804,248,248,0
21805,332,328,4
21806,145,145,0
21807,213,211,2
21808,101,101,0
21809,167,167,0
21810,195,195,0
21811,152,152,0
21812,343,342,1
21813,860,840,20
21814,212,212,0
21815,283,278,5
21816,260,256,4
21817,127,126,1
21818,173,173,0
21819,156,156,0
21820,153,153,0
21821,241,238,3
21822,112,112,0
21823,131,131,0
21824,122,121,1
21825,336,335,1
21826,158,158,0
21827,155,155,0
21828,193,193,0
21829,96,95,1
21830,156,153,3
21831,140,138,2
21832,112,112,0
21833,305,303,2
21834,250,249,1
21835,171,169,2
21836,436,432,4
21837,244,242,2
21838,95,95,0
21839,139,134,5
21840,177,176,1
21841,101,101,0
21842,266,265,1
21843,286,282,4
21844,592,591,1
21845,125,125,0
21846,128,127,1
21847,198,198,0
21848,151,151,0
21849,52,52,0
21850,114,114,0
21851,65,65,0
21852,101,101,0
21853,69,69,0
21854,202,200,2
21855,88,88,0
21856,173,173,0
21857,208,206,2
21858,565,562,3
21859,166,164,2
21860,355,354,1
21861,142,140,2
21862,372,365,7
21863,111,111,0
21864,130,130,0
21865,195,195,0
21866,363,363,0
21867,116,116,0
21868,212,210,2
21869,103,103,0
21870,138,137,1
21871,232,232,0
21872,143,143,0
21873,141,140,1
21874,208,208,0
21875,154,154,0
21876,592,581,11
21877,453,451,2
21878,120,119,1
21879,171,169,2
21880,117,117,0
21881,149,148,1
21882,352,350,2
21883,727,722,5
21884,180,180,0
21885,90,90,0
21886,89,89,0
21887,499,491,8
21888,268,268,0
21889,100,100,0
21890,373,371,2
21891,60,60,0
21892,53,53,0
21893,183,182,1
21894,104,103,1
21895,107,100,7
21896,55,53,2
21897,388,379,9
21898,188,188,0
21899,795,794,1
21900,356,355,1
21901,316,316,0
21902,261,260,1
21903,262,260,2
21904,703,695,8
21905,141,140,1
21906,206,205,1
21907,184,184,0
21908,144,144,0
21909,128,128,0
21910,118,117,1
21911,217,216,1
21912,124,124,0
21913,140,138,2
21914,236,231,5
21915,420,420,0
21916,159,159,0
21917,104,104,0
21918,201,200,1
21919,343,341,2
21920,279,279,0
21921,210,208,2
21922,262,262,0
21923,307,304,3
21924,214,211,3
21925,441,438,3
21926,265,259,6
21927,244,244,0
21928,241,237,4
21929,103,103,0
21930,93,93,0
21931,67,66,1
21932,96,94,2
21933,44,44,0
21934,402,401,1
21935,98,98,0
21936,15,15,0
21937,70,70,0
21938,85,85,0
21939,56,56,0
21940,283,281,2
21941,133,132,1
21942,150,149,1
21943,133,133,0
21944,127,127,0
21945,136,136,0
21946,233,232,1
21947,219,219,0
21948,185,184,1
21949,87,87,0
21950,161,161,0
21951,135,134,1
21952,162,157,5
21953,172,171,1
21954,151,151,0
21955,483,479,4
21956,355,355,0
21957,188,187,1
21958,286,286,0
21959,109,107,2
21960,135,135,0
21961,175,175,0
21962,232,232,0
21963,197,195,2
21964,105,105,0
21965,933,930,3
21966,185,184,1
21967,136,136,0
21968,216,216,0
21969,240,239,1
21970,271,270,1
21971,279,277,2
21972,753,741,12
21973,267,266,1
21974,75,75,0
21975,184,184,0
21976,257,253,4
21977,468,465,3
21978,472,466,6
21979,188,186,2
21980,835,834,1
21981,637,632,5
21982,60,60,0
21983,187,186,1
21984,187,186,1
21985,429,428,1
21986,96,96,0
21987,42,41,1
21988,97,97,0
21989,77,76,1
21990,266,263,3
21991,453,449,4
21992,46,46,0
21993,188,188,0
21994,110,109,1
21995,241,241,0
21996,145,144,1
21997,126,126,0
21998,120,119,1
21999,469,465,4
22000,271,271,0
22001,203,202,1
22002,123,122,1
22003,184,181,3
22004,589,587,2
22005,479,479,0
22006,195,195,0
22007,225,224,1
22008,363,360,3
22009,987,984,3
22010,125,125,0
22011,588,587,1
22012,282,282,0
22013,749,749,0
22014,297,297,0
22015,396,395,1
22016,326,325,1
22017,254,254,0
22018,341,339,2
22019,176,175,1
22020,386,386,0
22021,133,132,1
22022,106,105,1
22023,66,65,1
22024,241,241,0
22025,161,160,1
22026,212,211,1
22027,115,115,0
22028,92,92,0
22029,1243,1227,16
22030,796,792,4
22031,231,231,0
22032,172,172,0
22033,289,289,0
22034,208,208,0
22035,128,128,0
22036,156,156,0
22037,161,161,0
22038,285,281,4
22039,218,214,4
22040,119,118,1
22041,157,156,1
22042,131,131,0
22043,457,455,2
22044,117,117,0
22045,95,95,0
22046,223,223,0
22047,173,172,1
22048,167,167,0
22049,122,122,0
22050,165,165,0
22051,136,136,0
22052,71,71,0
22053,205,202,3
22054,268,268,0
22055,153,150,3
22056,421,420,1
22057,82,81,1
22058,163,157,6
22059,232,232,0
22060,169,169,0
22061,193,191,2
22062,41,40,1
22063,995,988,7
22064,223,223,0
22065,209,209,0
22066,271,271,0
22067,95,93,2
22068,180,177,3
22069,159,159,0
22070,128,125,3
22071,161,156,5
22072,349,345,4
22073,295,293,2
22074,246,246,0
22075,129,129,0
22076,327,323,4
22077,132,131,1
22078,128,128,0
22079,225,225,0
22080,248,248,0
22081,139,138,1
22082,154,154,0
22083,179,179,0
22084,189,189,0
22085,636,633,3
22086,191,190,1
22087,168,167,1
22088,256,255,1
22089,126,126,0
22090,193,193,0
22091,164,163,1
22092,332,328,4
22093,161,160,1
22094,148,148,0
22095,157,157,0
22096,131,129,2
22097,230,230,0
22098,276,276,0
22099,190,189,1
22100,180,180,0
22101,385,383,2
22102,225,224,1
22103,701,696,5
22104,518,513,5
22105,333,332,1
22106,86,85,1
22107,411,409,2
22108,1011,1004,7
22109,438,436,2
22110,285,284,1
22111,144,144,0
22112,109,109,0
22113,316,315,1
22114,237,233,4
22115,517,516,1
22116,128,128,0
22117,219,218,1
22118,267,264,3
22119,311,310,1
22120,332,332,0
22121,962,945,17
22122,218,217,1
22123,198,198,0
22124,116,116,0
22125,202,201,1
22126,415,415,0
22127,277,277,0
22128,549,549,0
22129,125,125,0
22130,142,140,2
22131,179,178,1
22132,443,439,4
22133,241,239,2
22134,213,213,0
22135,105,105,0
22136,239,238,1
22137,329,327,2
22138,124,124,0
22139,261,261,0
22140,727,722,5
22141,480,478,2
22142,535,535,0
22143,258,258,0
22144,118,115,3
22145,181,179,2
22146,462,459,3
22147,172,167,5
22148,62,62,0
22149,116,114,2
22150,180,180,0
22151,135,135,0
22152,153,153,0
22153,149,148,1
22154,153,153,0
22155,158,157,1
22156,120,119,1
22157,148,147,1
22158,146,146,0
22159,220,220,0
22160,112,111,1
22161,187,187,0
22162,149,149,0
22163,486,480,6
22164,127,127,0
22165,153,153,0
22166,140,140,0
22167,293,293,0
22168,80,80,0
22169,65,65,0
22170,89,89,0
22171,46,46,0
22172,129,129,0
22173,127,127,0
22174,543,540,3
22175,94,94,0
22176,345,345,0
22177,71,71,0
22178,515,514,1
22179,213,213,0
22180,74,74,0
22181,279,279,0
22182,49,49,0
22183,106,105,1
22184,434,432,2
22185,264,262,2
22186,131,128,3
22187,428,428,0
22188,285,280,5
22189,790,779,11
22190,110,110,0
22191,185,185,0
22192,153,153,0
22193,152,152,0
22194,151,150,1
22195,67,67,0
22196,119,119,0
22197,43,42,1
22198,128,128,0
22199,567,566,1
22200,116,116,0
22201,75,75,0
22202,234,234,0
22203,113,112,1
22204,179,178,1
22205,50,50,0
22206,186,185,1
22207,172,172,0
22208,155,154,1
22209,277,276,1
22210,129,129,0
22211,584,580,4
22212,212,210,2
22213,183,183,0
22214,1000,984,16
22215,352,352,0
22216,86,85,1
22217,97,97,0
22218,106,106,0
22219,141,133,8
22220,156,156,0
22221,246,243,3
22222,314,313,1
22223,106,106,0
22224,112,112,0
22225,491,484,7
22226,166,165,1
22227,190,187,3
22228,54,54,0
22229,226,226,0
22230,261,258,3
22231,372,371,1
22232,521,518,3
22233,223,222,1
22234,237,237,0
22235,211,210,1
22236,75,75,0
22237,98,98,0
22238,80,79,1
22239,168,167,1
22240,332,332,0
22241,489,486,3
22242,476,472,4
22243,376,376,0
22244,174,173,1
22245,607,606,1
22246,150,149,1
22247,135,135,0
22248,450,448,2
22249,493,493,0
22250,212,211,1
22251,531,530,1
22252,149,149,0
22253,210,210,0
22254,1015,1002,13
22255,173,173,0
22256,140,140,0
22257,115,114,1
22258,308,305,3
22259,115,115,0
22260,145,144,1
22261,541,539,2
22262,175,175,0
22263,132,132,0
22264,147,147,0
22265,336,335,1
22266,500,498,2
22267,140,140,0
22268,160,160,0
22269,366,366,0
22270,378,376,2
22271,270,270,0
22272,148,148,0
22273,835,816,19
22274,530,528,2
22275,490,486,4
22276,250,249,1
22277,220,220,0
22278,149,149,0
22279,707,702,5
22280,508,504,4
22281,151,151,0
22282,122,122,0
22283,812,811,1
22284,241,240,1
22285,142,141,1
22286,161,159,2
22287,494,489,5
22288,123,121,2
22289,138,134,4
22290,203,203,0
22291,151,149,2
22292,160,159,1
22293,331,331,0
22294,1039,1027,12
22295,208,208,0
22296,290,288,2
22297,185,181,4
22298,938,938,0
22299,413,411,2
22300,123,122,1
22301,127,127,0
22302,164,164,0
22303,204,204,0
22304,272,272,0
22305,38,38,0
22306,208,207,1
22307,307,299,8
22308,329,328,1
22309,162,161,1
22310,204,202,2
22311,347,347,0
22312,218,206,12
22313,129,129,0
22314,506,502,4
22315,185,184,1
22316,334,333,1
22317,484,483,1
22318,222,219,3
22319,170,169,1
22320,170,169,1
22321,140,138,2
22322,287,283,4
22323,540,539,1
22324,131,131,0
22325,278,277,1
22326,119,118,1
22327,150,150,0
22328,92,91,1
22329,449,445,4
22330,288,287,1
22331,39,39,0
22332,464,462,2
22333,127,127,0
22334,158,157,1
22335,268,268,0
22336,69,69,0
22337,219,219,0
22338,124,124,0
22339,358,357,1
22340,342,342,0
22341,234,234,0
22342,239,239,0
22343,144,143,1
22344,160,160,0
22345,196,196,0
22346,832,822,10
22347,130,129,1
22348,129,129,0
22349,146,143,3
22350,587,578,9
22351,155,154,1
22352,143,143,0
22353,169,167,2
22354,156,156,0
22355,356,355,1
22356,244,243,1
22357,459,456,3
22358,178,174,4
22359,105,105,0
22360,420,416,4
22361,135,135,0
22362,48,48,0
22363,119,119,0
22364,136,135,1
22365,83,83,0
22366,125,124,1
22367,322,316,6
22368,346,340,6
22369,522,522,0
22370,175,171,4
22371,212,210,2
22372,292,288,4
22373,133,133,0
22374,167,165,2
22375,140,140,0
22376,169,169,0
22377,239,238,1
22378,138,137,1
22379,110,110,0
22380,252,251,1
22381,186,185,1
22382,115,114,1
22383,155,154,1
22384,109,108,1
22385,175,175,0
22386,175,174,1
22387,204,204,0
22388,191,191,0
22389,867,864,3
22390,316,311,5
22391,220,220,0
22392,568,567,1
22393,403,402,1
22394,311,310,1
22395,776,773,3
22396,382,376,6
22397,219,219,0
22398,382,382,0
22399,151,150,1
22400,662,656,6
22401,716,713,3
22402,117,117,0
22403,165,165,0
22404,113,112,1
22405,1006,1000,6
22406,781,779,2
22407,133,133,0
22408,345,344,1
22409,85,85,0
22410,129,129,0
22411,137,137,0
22412,251,251,0
22413,118,118,0
22414,716,714,2
22415,209,209,0
22416,225,225,0
22417,117,116,1
22418,305,301,4
22419,387,386,1
22420,55,55,0
22421,177,174,3
22422,70,69,1
22423,190,186,4
22424,326,326,0
22425,366,366,0
22426,185,185,0
22427,933,926,7
22428,180,177,3
22429,128,127,1
22430,94,94,0
22431,129,129,0
22432,142,141,1
22433,262,261,1
22434,480,478,2
22435,567,567,0
22436,140,140,0
22437,141,140,1
22438,239,237,2
22439,258,255,3
22440,125,123,2
22441,197,195,2
22442,164,164,0
22443,194,192,2
22444,131,131,0
22445,112,112,0
22446,729,726,3
22447,183,180,3
22448,97,97,0
22449,88,86,2
22450,529,529,0
22451,293,293,0
22452,68,67,1
22453,81,80,1
22454,195,193,2
22455,112,112,0
22456,263,260,3
22457,229,227,2
22458,103,103,0
22459,218,216,2
22460,141,139,2
22461,211,211,0
22462,329,326,3
22463,390,387,3
22464,384,383,1
22465,56,55,1
22466,208,206,2
22467,99,99,0
22468,223,222,1
22469,520,520,0
22470,354,354,0
22471,301,296,5
22472,1406,1403,3
22473,413,411,2
22474,237,237,0
22475,257,257,0
22476,193,190,3
22477,117,114,3
22478,239,237,2
22479,100,99,1
22480,214,214,0
22481,72,71,1
22482,597,586,11
22483,451,448,3
22484,50,50,0
22485,67,67,0
22486,142,141,1
22487,239,235,4
22488,520,516,4
22489,509,508,1
22490,429,428,1
22491,155,155,0
22492,610,609,1
22493,131,131,0
22494,370,369,1
22495,140,138,2
22496,275,275,0
22497,167,166,1
22498,152,152,0
22499,179,179,0
22500,150,150,0
22501,192,192,0
22502,163,162,1
22503,307,304,3
22504,480,475,5
22505,129,128,1
22506,232,231,1
22507,149,147,2
22508,375,370,5
22509,216,216,0
22510,174,168,6
22511,233,232,1
22512,268,267,1
22513,401,399,2
22514,122,122,0
22515,102,102,0
22516,161,158,3
22517,236,234,2
22518,170,170,0
22519,330,327,3
22520,164,164,0
22521,199,196,3
22522,137,137,0
22523,191,191,0
22524,180,180,0
22525,277,277,0
22526,280,280,0
22527,271,269,2
22528,137,137,0
22529,122,122,0
22530,122,122,0
22531,159,158,1
22532,341,339,2
22533,183,181,2
22534,426,422,4
22535,123,122,1
22536,188,183,5
22537,139,137,2
22538,124,124,0
22539,198,198,0
22540,174,172,2
22541,424,422,2
22542,311,302,9
22543,151,151,0
22544,124,124,0
22545,30,30,0
22546,232,230,2
22547,129,129,0
22548,163,162,1
22549,294,290,4
22550,281,281,0
22551,199,199,0
22552,369,368,1
22553,135,133,2
22554,191,191,0
22555,110,105,5
22556,146,146,0
22557,159,159,0
22558,252,251,1
22559,167,167,0
22560,247,246,1
22561,116,116,0
22562,140,140,0
22563,210,210,0
22564,101,101,0
22565,209,209,0
22566,232,232,0
22567,591,587,4
22568,441,439,2
22569,200,199,1
22570,245,245,0
22571,186,186,0
22572,481,481,0
22573,126,126,0
22574,123,122,1
22575,283,282,1
22576,113,113,0
22577,709,697,12
22578,170,169,1
22579,173,172,1
22580,1030,1019,11
22581,751,750,1
22582,886,885,1
22583,181,179,2
22584,909,906,3
22585,73,73,0
22586,167,167,0
22587,127,127,0
22588,227,227,0
22589,687,681,6
22590,159,157,2
22591,589,589,0
22592,229,229,0
22593,304,301,3
22594,202,202,0
22595,1061,1052,9
22596,106,106,0
22597,113,109,4
22598,111,111,0
22599,324,315,9
22600,185,185,0
22601,173,172,1
22602,192,191,1
22603,467,467,0
22604,737,733,4
22605,285,284,1
22606,473,470,3
22607,142,142,0
22608,258,258,0
22609,369,368,1
22610,233,233,0
22611,351,350,1
22612,432,432,0
22613,115,115,0
22614,147,146,1
22615,130,130,0
22616,137,137,0
22617,792,791,1
22618,184,184,0
22619,309,309,0
22620,460,457,3
22621,227,226,1
22622,188,188,0
22623,876,876,0
22624,150,150,0
22625,208,208,0
22626,445,445,0
22627,842,841,1
22628,172,172,0
22629,144,143,1
22630,112,111,1
22631,472,472,0
22632,83,83,0
22633,295,292,3
22634,323,321,2
22635,309,309,0
22636,346,341,5
22637,270,268,2
22638,99,98,1
22639,85,85,0
22640,111,111,0
22641,169,169,0
22642,121,119,2
22643,144,144,0
22644,432,430,2
22645,227,226,1
22646,150,149,1
22647,151,151,0
22648,135,135,0
22649,187,187,0
22650,216,215,1
22651,128,128,0
22652,325,325,0
22653,310,307,3
22654,120,119,1
22655,277,273,4
22656,167,167,0
22657,299,299,0
22658,131,131,0
22659,124,122,2
22660,100,100,0
22661,268,268,0
22662,133,132,1
22663,448,445,3
22664,145,144,1
22665,137,137,0
22666,140,140,0
22667,975,968,7
22668,260,259,1
22669,180,179,1
22670,218,218,0
22671,590,584,6
22672,250,250,0
22673,159,159,0
22674,162,162,0
22675,111,111,0
22676,76,76,0
22677,197,196,1
22678,444,436,8
22679,770,763,7
22680,382,377,5
22681,272,271,1
22682,353,349,4
22683,966,957,9
22684,114,113,1
22685,136,136,0
22686,167,166,1
22687,189,187,2
22688,44,44,0
22689,104,104,0
22690,179,178,1
22691,311,311,0
22692,332,331,1
22693,262,260,2
22694,174,174,0
22695,171,170,1
22696,117,117,0
22697,147,147,0
22698,120,119,1
22699,134,134,0
22700,222,222,0
22701,157,157,0
22702,335,333,2
22703,106,106,0
22704,134,134,0
22705,388,388,0
22706,142,142,0
22707,296,296,0
22708,134,133,1
22709,248,248,0
22710,189,186,3
22711,267,267,0
22712,426,420,6
22713,106,105,1
22714,39,39,0
22715,305,301,4
22716,85,84,1
22717,354,353,1
22718,176,176,0
22719,720,709,11
22720,272,272,0
22721,191,187,4
22722,190,188,2
22723,503,491,12
22724,107,107,0
22725,128,128,0
22726,319,319,0
22727,169,167,2
22728,176,176,0
22729,251,248,3
22730,208,208,0
22731,287,287,0
22732,102,102,0
22733,329,329,0
22734,152,152,0
22735,277,276,1
22736,412,412,0
22737,53,53,0
22738,723,720,3
22739,781,777,4
22740,781,781,0
22741,150,147,3
22742,59,58,1
22743,159,159,0
22744,142,138,4
22745,170,170,0
22746,185,185,0
22747,142,142,0
22748,247,244,3
22749,245,245,0
22750,85,85,0
22751,609,607,2
22752,83,83,0
22753,118,118,0
22754,142,141,1
22755,173,172,1
22756,412,410,2
22757,288,287,1
22758,173,173,0
22759,455,450,5
22760,714,699,15
22761,136,135,1
22762,384,378,6
22763,307,307,0
22764,155,151,4
22765,143,143,0
22766,295,295,0
22767,323,321,2
22768,458,456,2
22769,180,180,0
22770,192,192,0
22771,165,165,0
22772,285,285,0
22773,163,161,2
22774,149,149,0
22775,281,281,0
22776,158,156,2
22777,314,312,2
22778,326,324,2
22779,382,382,0
22780,132,132,0
22781,236,235,1
22782,368,367,1
22783,620,616,4
22784,947,944,3
22785,215,214,1
22786,228,225,3
22787,64,63,1
22788,296,290,6
22789,121,121,0
22790,206,204,2
22791,109,109,0
22792,204,204,0
22793,189,188,1
22794,549,547,2
22795,547,542,5
22796,330,330,0
22797,154,152,2
22798,301,301,0
22799,164,164,0
22800,196,196,0
22801,133,132,1
22802,340,340,0
22803,264,263,1
22804,788,787,1
22805,474,472,2
22806,203,203,0
22807,96,96,0
22808,149,149,0
22809,177,177,0
22810,176,174,2
22811,132,131,1
22812,143,143,0
22813,146,145,1
22814,297,296,1
22815,320,320,0
22816,109,109,0
22817,361,360,1
22818,121,120,1
22819,573,567,6
22820,122,121,1
22821,99,97,2
22822,305,304,1
22823,64,64,0
22824,129,129,0
22825,252,252,0
22826,332,331,1
22827,189,189,0
22828,354,353,1
22829,444,444,0
22830,139,139,0
22831,88,88,0
22832,222,221,1
22833,111,111,0
22834,51,51,0
22835,119,118,1
22836,86,84,2
22837,116,115,1
22838,496,495,1
22839,161,161,0
22840,357,357,0
22841,216,216,0
22842,190,190,0
22843,98,96,2
22844,139,139,0
22845,207,207,0
22846,62,62,0
22847,107,107,0
22848,57,57,0
22849,172,171,1
22850,102,102,0
22851,145,145,0
22852,343,340,3
22853,233,232,1
22854,209,209,0
22855,356,356,0
22856,255,255,0
22857,111,111,0
22858,96,96,0
22859,346,346,0
22860,409,408,1
22861,63,63,0
22862,130,130,0
22863,682,677,5
22864,127,127,0
22865,139,139,0
22866,75,75,0
22867,364,363,1
22868,183,181,2
22869,174,174,0
22870,929,928,1
22871,522,515,7
22872,250,247,3
22873,212,211,1
22874,183,180,3
22875,166,166,0
22876,296,294,2
22877,224,224,0
22878,421,418,3
22879,138,137,1
22880,132,131,1
22881,314,313,1
22882,761,757,4
22883,94,93,1
22884,313,313,0
22885,132,132,0
22886,101,101,0
22887,176,175,1
22888,118,118,0
22889,285,283,2
22890,137,135,2
22891,160,160,0
22892,157,156,1
22893,190,189,1
22894,152,152,0
22895,176,174,2
22896,84,83,1
22897,315,313,2
22898,822,820,2
22899,153,153,0
22900,126,125,1
22901,251,248,3
22902,214,214,0
22903,222,222,0
22904,202,202,0
22905,134,133,1
22906,52,52,0
22907,98,98,0
22908,196,192,4
22909,211,211,0
22910,69,69,0
22911,141,140,1
22912,140,139,1
22913,81,80,1
22914,245,245,0
22915,127,125,2
22916,126,125,1
22917,393,393,0
22918,577,577,0
22919,84,83,1
22920,511,510,1
22921,83,83,0
22922,158,158,0
22923,72,70,2
22924,622,622,0
22925,155,155,0
22926,327,327,0
22927,61,61,0
22928,44,44,0
22929,190,190,0
22930,510,510,0
22931,257,256,1
22932,113,111,2
22933,169,167,2
22934,149,148,1
22935,136,136,0
22936,157,156,1
22937,122,122,0
22938,181,179,2
22939,165,164,1
22940,120,118,2
22941,122,118,4
22942,129,127,2
22943,120,119,1
22944,187,185,2
22945,107,106,1
22946,351,350,1
22947,111,110,1
22948,137,136,1
22949,143,142,1
22950,125,123,2
22951,858,854,4
22952,130,130,0
22953,69,69,0
22954,873,865,8
22955,125,125,0
22956,154,154,0
22957,87,85,2
22958,246,242,4
22959,163,163,0
22960,182,182,0
22961,255,255,0
22962,200,199,1
22963,852,849,3
22964,764,760,4
22965,304,300,4
22966,127,126,1
22967,995,994,1
22968,113,111,2
22969,148,148,0
22970,444,444,0
22971,117,117,0
22972,465,465,0
22973,237,235,2
22974,245,243,2
22975,150,146,4
22976,168,167,1
22977,115,115,0
22978,244,244,0
22979,46,45,1
22980,156,155,1
22981,200,200,0
22982,139,139,0
22983,127,127,0
22984,147,147,0
22985,286,283,3
22986,456,455,1
22987,221,219,2
22988,447,446,1
22989,462,458,4
22990,174,172,2
22991,288,288,0
22992,164,164,0
22993,197,197,0
22994,423,422,1
22995,372,371,1
22996,365,360,5
22997,109,109,0
22998,71,71,0
22999,129,129,0
23000,114,114,0
23001,113,113,0
23002,229,219,10
23003,39,38,1
23004,379,377,2
23005,86,82,4
23006,134,134,0
23007,418,417,1
23008,219,216,3
23009,207,207,0
23010,98,98,0
23011,381,372,9
23012,328,323,5
23013,158,145,13
23014,146,146,0
23015,481,477,4
23016,204,204,0
23017,489,486,3
23018,851,849,2
23019,131,130,1
23020,152,151,1
23021,245,245,0
23022,615,614,1
23023,189,189,0
23024,219,217,2
23025,256,255,1
23026,118,118,0
23027,143,143,0
23028,314,313,1
23029,136,136,0
23030,198,197,1
23031,465,465,0
23032,232,231,1
23033,604,600,4
23034,299,299,0
23035,173,173,0
23036,140,140,0
23037,333,331,2
23038,461,459,2
23039,120,120,0
23040,147,146,1
23041,221,217,4
23042,103,102,1
23043,158,158,0
23044,154,153,1
23045,126,126,0
23046,200,199,1
23047,176,176,0
23048,296,294,2
23049,192,192,0
23050,186,183,3
23051,117,117,0
23052,114,112,2
23053,233,230,3
23054,206,206,0
23055,172,172,0
23056,407,402,5
23057,147,146,1
23058,141,141,0
23059,123,123,0
23060,76,74,2
23061,126,125,1
23062,220,220,0
23063,178,176,2
23064,508,504,4
23065,30,30,0
23066,195,195,0
23067,120,120,0
23068,117,116,1
23069,173,172,1
23070,146,143,3
23071,184,183,1
23072,118,117,1
23073,288,288,0
23074,162,161,1
23075,361,357,4
23076,58,58,0
23077,123,121,2
23078,632,627,5
23079,433,433,0
23080,158,157,1
23081,284,281,3
23082,251,246,5
23083,132,129,3
23084,130,129,1
23085,439,438,1
23086,176,176,0
23087,150,150,0
23088,124,122,2
23089,115,115,0
23090,216,216,0
23091,278,278,0
23092,397,396,1
23093,223,223,0
23094,319,314,5
23095,179,175,4
23096,245,240,5
23097,142,140,2
23098,193,193,0
23099,224,223,1
23100,70,70,0
23101,426,425,1
23102,659,654,5
23103,125,124,1
23104,175,175,0
23105,251,251,0
23106,145,145,0
23107,72,72,0
23108,91,90,1
23109,113,112,1
23110,140,140,0
23111,125,125,0
23112,137,137,0
23113,198,196,2
23114,200,199,1
23115,250,246,4
23116,150,144,6
23117,140,138,2
23118,194,191,3
23119,163,162,1
23120,406,405,1
23121,100,100,0
23122,164,164,0
23123,97,97,0
23124,253,251,2
23125,123,122,1
23126,498,493,5
23127,266,266,0
23128,153,147,6
23129,125,124,1
23130,183,183,0
23131,117,117,0
23132,505,504,1
23133,166,166,0
23134,491,487,4
23135,293,292,1
23136,346,344,2
23137,146,145,1
23138,142,141,1
23139,441,441,0
23140,131,130,1
23141,173,173,0
23142,414,414,0
23143,425,425,0
23144,343,343,0
23145,467,461,6
23146,422,422,0
23147,186,185,1
23148,113,113,0
23149,131,129,2
23150,193,191,2
23151,256,255,1
23152,105,103,2
23153,127,127,0
23154,143,142,1
23155,115,115,0
23156,135,135,0
23157,340,337,3
23158,166,166,0
23159,369,366,3
23160,144,141,3
23161,127,127,0
23162,126,126,0
23163,161,161,0
23164,119,119,0
23165,205,205,0
23166,121,120,1
23167,133,132,1
23168,135,135,0
23169,195,193,2
23170,311,309,2
23171,162,162,0
23172,206,205,1
23173,174,173,1
23174,276,276,0
23175,127,127,0
23176,151,149,2
23177,377,377,0
23178,562,554,8
23179,155,154,1
23180,140,140,0
23181,78,76,2
23182,113,113,0
23183,181,180,1
23184,110,109,1
23185,257,257,0
23186,257,255,2
23187,86,85,1
23188,657,653,4
23189,200,199,1
23190,132,127,5
23191,190,190,0
23192,114,113,1
23193,505,501,4
23194,196,195,1
23195,211,211,0
23196,145,145,0
23197,248,247,1
23198,303,302,1
23199,128,128,0
23200,268,268,0
23201,123,122,1
23202,282,281,1
23203,270,269,1
23204,101,100,1
23205,276,276,0
23206,225,225,0
23207,300,296,4
23208,55,54,1
23209,840,831,9
23210,443,442,1
23211,202,200,2
23212,499,496,3
23213,191,191,0
23214,135,134,1
23215,361,361,0
23216,153,153,0
23217,987,980,7
23218,263,259,4
23219,186,186,0
23220,137,136,1
23221,481,477,4
23222,81,81,0
23223,182,180,2
23224,135,132,3
23225,132,132,0
23226,385,381,4
23227,319,317,2
23228,145,141,4
23229,58,58,0
23230,398,398,0
23231,84,82,2
23232,87,87,0
23233,376,376,0
23234,192,192,0
23235,369,362,7
23236,830,827,3
23237,79,77,2
23238,116,116,0
23239,134,134,0
23240,288,283,5
23241,253,253,0
23242,236,236,0
23243,259,256,3
23244,74,71,3
23245,830,827,3
23246,925,917,8
23247,411,410,1
23248,382,380,2
23249,101,101,0
23250,391,383,8
23251,339,338,1
23252,224,223,1
23253,153,151,2
23254,137,136,1
23255,674,673,1
23256,408,403,5
23257,229,225,4
23258,221,219,2
23259,92,89,3
23260,62,62,0
23261,204,204,0
23262,198,197,1
23263,195,195,0
23264,561,561,0
23265,320,315,5
23266,477,476,1
23267,125,121,4
23268,343,338,5
23269,156,155,1
23270,589,588,1
23271,232,228,4
23272,117,113,4
23273,483,481,2
23274,903,898,5
23275,136,135,1
23276,64,64,0
23277,251,250,1
23278,159,159,0
23279,286,284,2
23280,213,212,1
23281,125,125,0
23282,157,153,4
23283,105,105,0
23284,117,117,0
23285,296,294,2
23286,261,261,0
23287,257,256,1
23288,175,175,0
23289,125,125,0
23290,124,123,1
23291,115,111,4
23292,286,285,1
23293,191,189,2
23294,98,97,1
23295,161,161,0
23296,118,117,1
23297,90,89,1
23298,79,79,0
23299,195,194,1
23300,47,47,0
23301,119,119,0
23302,52,51,1
23303,155,155,0
23304,192,192,0
23305,201,197,4
23306,206,206,0
23307,157,156,1
23308,301,299,2
23309,200,199,1
23310,216,214,2
23311,204,199,5
23312,191,191,0
23313,584,583,1
23314,156,156,0
23315,131,131,0
23316,170,168,2
23317,169,169,0
23318,463,461,2
23319,122,117,5
23320,198,195,3
23321,163,163,0
23322,139,137,2
23323,112,112,0
23324,237,237,0
23325,191,187,4
23326,548,542,6
23327,285,285,0
23328,327,318,9
23329,516,516,0
23330,125,124,1
23331,463,462,1
23332,238,238,0
23333,472,445,27
23334,97,97,0
23335,110,110,0
23336,163,163,0
23337,705,689,16
23338,133,133,0
23339,155,154,1
23340,93,93,0
23341,122,122,0
23342,332,332,0
23343,246,246,0
23344,198,195,3
23345,140,139,1
23346,80,80,0
23347,67,67,0
23348,131,131,0
23349,125,125,0
23350,140,140,0
23351,233,232,1
23352,135,135,0
23353,61,61,0
23354,433,426,7
23355,129,129,0
23356,335,334,1
23357,31,31,0
23358,41,41,0
23359,970,960,10
23360,35,35,0
23361,542,541,1
23362,211,211,0
23363,299,299,0
23364,176,176,0
23365,140,139,1
23366,421,421,0
23367,99,98,1
23368,239,238,1
23369,535,533,2
23370,50,49,1
23371,162,161,1
23372,298,297,1
23373,51,51,0
23374,51,51,0
23375,308,302,6
23376,137,137,0
23377,178,173,5
23378,450,449,1
23379,142,141,1
23380,146,146,0
23381,148,148,0
23382,444,444,0
23383,330,328,2
23384,134,134,0
23385,716,709,7
23386,336,336,0
23387,202,200,2
23388,458,454,4
23389,164,162,2
23390,273,272,1
23391,186,186,0
23392,112,112,0
23393,375,375,0
23394,271,271,0
23395,308,305,3
23396,250,250,0
23397,847,841,6
23398,134,134,0
23399,333,332,1
23400,178,178,0
23401,237,229,8
23402,95,95,0
23403,116,116,0
23404,122,120,2
23405,581,576,5
23406,97,97,0
23407,86,83,3
23408,221,220,1
23409,217,217,0
23410,230,227,3
23411,88,88,0
23412,182,181,1
23413,193,192,1
23414,819,806,13
23415,108,106,2
23416,104,102,2
23417,299,298,1
23418,143,140,3
23419,378,369,9
23420,347,347,0
23421,544,542,2
23422,73,72,1
23423,369,366,3
23424,129,129,0
23425,41,41,0
23426,170,169,1
23427,130,130,0
23428,528,525,3
23429,240,239,1
23430,265,265,0
23431,164,164,0
23432,199,198,1
23433,237,233,4
23434,129,129,0
23435,998,997,1
23436,568,566,2
23437,217,216,1
23438,190,190,0
23439,43,41,2
23440,65,64,1
23441,195,194,1
23442,360,358,2
23443,857,855,2
23444,88,88,0
23445,207,207,0
23446,202,202,0
23447,387,385,2
23448,230,228,2
23449,138,137,1
23450,232,232,0
23451,443,441,2
23452,229,229,0
23453,105,104,1
23454,767,761,6
23455,60,60,0
23456,410,409,1
23457,69,69,0
23458,295,292,3
23459,132,131,1
23460,115,115,0
23461,52,52,0
23462,155,155,0
23463,126,125,1
23464,49,49,0
23465,104,103,1
23466,249,246,3
23467,146,146,0
23468,179,179,0
23469,134,134,0
23470,209,206,3
23471,159,159,0
23472,165,165,0
23473,153,153,0
23474,129,128,1
23475,166,166,0
23476,167,163,4
23477,338,337,1
23478,89,86,3
23479,140,140,0
23480,418,417,1
23481,102,102,0
23482,163,162,1
23483,63,63,0
23484,194,193,1
23485,128,128,0
23486,54,53,1
23487,232,231,1
23488,239,235,4
23489,488,486,2
23490,169,169,0
23491,150,149,1
23492,159,155,4
23493,246,246,0
23494,129,127,2
23495,130,129,1
23496,149,149,0
23497,141,141,0
23498,231,229,2
23499,129,129,0
23500,130,130,0
23501,129,127,2
23502,248,248,0
23503,115,112,3
23504,118,114,4
23505,163,162,1
23506,434,434,0
23507,371,371,0
23508,141,140,1
23509,105,105,0
23510,132,131,1
23511,154,154,0
23512,126,125,1
23513,303,293,10
23514,172,171,1
23515,164,163,1
23516,149,148,1
23517,103,102,1
23518,261,261,0
23519,404,399,5
23520,409,407,2
23521,817,816,1
23522,211,200,11
23523,151,143,8
23524,822,822,0
23525,184,184,0
23526,601,598,3
23527,75,75,0
23528,139,139,0
23529,198,198,0
23530,689,688,1
23531,184,183,1
23532,284,281,3
23533,537,535,2
23534,173,172,1
23535,334,334,0
23536,153,151,2
23537,165,165,0
23538,374,374,0
23539,128,127,1
23540,146,145,1
23541,223,222,1
23542,151,150,1
23543,126,126,0
23544,129,129,0
23545,142,142,0
23546,136,136,0
23547,120,120,0
23548,132,132,0
23549,340,338,2
23550,91,90,1
23551,127,126,1
23552,390,390,0
23553,166,165,1
23554,132,132,0
23555,70,70,0
23556,187,187,0
23557,387,387,0
23558,211,211,0
23559,91,88,3
23560,152,152,0
23561,199,196,3
23562,170,169,1
23563,171,169,2
23564,253,248,5
23565,209,208,1
23566,177,175,2
23567,270,269,1
23568,544,543,1
23569,131,131,0
23570,158,156,2
23571,247,246,1
23572,111,110,1
23573,227,225,2
23574,185,185,0
23575,109,109,0
23576,192,190,2
23577,129,128,1
23578,97,97,0
23579,173,170,3
23580,81,80,1
23581,394,388,6
23582,610,605,5
23583,318,316,2
23584,347,347,0
23585,79,79,0
23586,182,182,0
23587,169,168,1
23588,455,452,3
23589,129,129,0
23590,98,98,0
23591,646,640,6
23592,101,101,0
23593,231,227,4
23594,569,569,0
23595,668,665,3
23596,230,230,0
23597,51,51,0
23598,186,184,2
23599,157,156,1
23600,117,116,1
23601,319,319,0
23602,427,418,9
23603,166,166,0
23604,106,105,1
23605,172,171,1
23606,126,125,1
23607,122,121,1
23608,103,99,4
23609,14,14,0
23610,221,218,3
23611,135,135,0
23612,144,144,0
23613,129,126,3
23614,131,129,2
23615,141,139,2
23616,211,208,3
23617,76,75,1
23618,92,90,2
23619,56,56,0
23620,478,478,0
23621,92,91,1
23622,489,488,1
23623,126,126,0
23624,194,190,4
23625,282,280,2
23626,375,375,0
23627,276,266,10
23628,124,124,0
23629,324,317,7
23630,189,187,2
23631,150,150,0
23632,146,142,4
23633,203,203,0
23634,189,185,4
23635,202,198,4
23636,201,201,0
23637,169,169,0
23638,140,139,1
23639,201,201,0
23640,208,208,0
23641,130,129,1
23642,117,117,0
23643,313,309,4
23644,439,438,1
23645,717,717,0
23646,148,148,0
23647,141,141,0
23648,204,199,5
23649,426,423,3
23650,149,149,0
23651,318,318,0
23652,146,144,2
23653,149,149,0
23654,81,81,0
23655,330,329,1
23656,138,138,0
23657,265,264,1
23658,284,281,3
23659,190,188,2
23660,253,249,4
23661,131,129,2
23662,217,216,1
23663,266,266,0
23664,391,384,7
23665,139,139,0
23666,121,120,1
23667,383,381,2
23668,206,204,2
23669,236,236,0
23670,196,196,0
23671,52,52,0
23672,143,143,0
23673,75,75,0
23674,325,325,0
23675,306,305,1
23676,211,209,2
23677,120,120,0
23678,250,250,0
23679,151,150,1
23680,53,53,0
23681,381,375,6
23682,370,370,0
23683,125,125,0
23684,382,381,1
23685,176,174,2
23686,273,273,0
23687,312,312,0
23688,172,169,3
23689,299,297,2
23690,319,317,2
23691,515,515,0
23692,155,155,0
23693,132,132,0
23694,278,278,0
23695,174,174,0
23696,449,449,0
23697,135,134,1
23698,78,78,0
23699,143,141,2
23700,286,286,0
23701,142,141,1
23702,163,163,0
23703,127,127,0
23704,167,167,0
23705,402,399,3
23706,545,545,0
23707,216,216,0
23708,189,188,1
23709,158,157,1
23710,264,263,1
23711,141,141,0
23712,318,318,0
23713,542,539,3
23714,176,175,1
23715,136,136,0
23716,87,86,1
23717,154,152,2
23718,268,266,2
23719,260,259,1
23720,492,490,2
23721,172,170,2
23722,568,564,4
23723,346,346,0
23724,219,218,1
23725,125,124,1
23726,245,245,0
23727,340,338,2
23728,66,65,1
23729,265,264,1
23730,361,358,3
23731,150,150,0
23732,319,319,0
23733,245,242,3
23734,467,466,1
23735,241,241,0
23736,147,147,0
23737,933,922,11
23738,217,211,6
23739,178,177,1
23740,128,128,0
23741,185,181,4
23742,201,200,1
23743,187,184,3
23744,106,106,0
23745,61,61,0
23746,108,107,1
23747,105,105,0
23748,392,389,3
23749,63,63,0
23750,123,123,0
23751,151,150,1
23752,212,212,0
23753,352,352,0
23754,74,74,0
23755,292,291,1
23756,171,170,1
23757,167,166,1
23758,78,78,0
23759,410,405,5
23760,261,258,3
23761,67,66,1
23762,153,153,0
23763,410,407,3
23764,208,208,0
23765,213,210,3
23766,338,327,11
23767,149,148,1
23768,301,292,9
23769,191,187,4
23770,547,544,3
23771,130,130,0
23772,232,232,0
23773,335,334,1
23774,108,108,0
23775,135,135,0
23776,123,123,0
23777,103,103,0
23778,237,235,2
23779,469,469,0
23780,70,70,0
23781,277,275,2
23782,432,431,1
23783,51,51,0
23784,214,214,0
23785,141,141,0
23786,325,325,0
23787,453,448,5
23788,203,203,0
23789,593,586,7
23790,147,147,0
23791,307,306,1
23792,171,169,2
23793,334,333,1
23794,169,167,2
23795,108,108,0
23796,266,264,2
23797,296,296,0
23798,307,307,0
23799,116,115,1
23800,179,179,0
23801,217,211,6
23802,207,207,0
23803,173,173,0
23804,136,136,0
23805,217,216,1
23806,312,311,1
23807,513,512,1
23808,152,151,1
23809,1014,1011,3
23810,604,598,6
23811,773,773,0
23812,313,310,3
23813,585,581,4
23814,180,177,3
23815,948,947,1
23816,1118,1113,5
23817,245,245,0
23818,103,101,2
23819,231,231,0
23820,184,184,0
23821,430,428,2
23822,118,117,1
23823,421,421,0
23824,201,197,4
23825,168,168,0
23826,168,168,0
23827,137,136,1
23828,214,213,1
23829,145,144,1
23830,244,243,1
23831,195,190,5
23832,226,225,1
23833,337,331,6
23834,572,570,2
23835,619,614,5
23836,177,176,1
23837,155,155,0
23838,129,129,0
23839,347,346,1
23840,398,398,0
23841,128,128,0
23842,448,446,2
23843,185,184,1
23844,186,185,1
23845,138,138,0
23846,151,151,0
23847,241,241,0
23848,174,174,0
23849,196,195,1
23850,128,127,1
23851,338,337,1
23852,116,115,1
23853,155,155,0
23854,348,348,0
23855,390,387,3
23856,54,54,0
23857,42,42,0
23858,100,100,0
23859,90,90,0
23860,111,108,3
23861,106,106,0
23862,118,116,2
23863,294,291,3
23864,169,168,1
23865,129,127,2
23866,138,135,3
23867,148,147,1
23868,145,145,0
23869,698,697,1
23870,130,129,1
23871,215,215,0
23872,118,118,0
23873,246,245,1
23874,375,374,1
23875,99,99,0
23876,440,438,2
23877,46,46,0
23878,165,164,1
23879,110,110,0
23880,128,127,1
23881,142,140,2
23882,130,129,1
23883,283,281,2
23884,133,132,1
23885,198,196,2
23886,638,633,5
23887,225,224,1
23888,140,140,0
23889,69,69,0
23890,182,181,1
23891,130,130,0
23892,437,434,3
23893,73,73,0
23894,170,170,0
23895,285,284,1
23896,124,124,0
23897,100,100,0
23898,304,302,2
23899,517,516,1
23900,548,548,0
23901,113,112,1
23902,176,176,0
23903,127,127,0
23904,108,107,1
23905,161,159,2
23906,152,152,0
23907,140,140,0
23908,188,188,0
23909,352,349,3
23910,57,56,1
23911,122,122,0
23912,34,34,0
23913,488,482,6
23914,340,340,0
23915,264,263,1
23916,92,91,1
23917,229,228,1
23918,132,132,0
23919,288,286,2
23920,155,155,0
23921,392,391,1
23922,130,130,0
23923,183,183,0
23924,161,160,1
23925,375,368,7
23926,203,203,0
23927,172,171,1
23928,142,142,0
23929,450,444,6
23930,141,141,0
23931,90,89,1
23932,162,162,0
23933,150,150,0
23934,122,121,1
23935,162,161,1
23936,156,156,0
23937,310,309,1
23938,126,126,0
23939,133,133,0
23940,130,130,0
23941,194,194,0
23942,131,131,0
23943,199,198,1
23944,197,196,1
23945,234,232,2
23946,304,304,0
23947,246,243,3
23948,188,187,1
23949,279,279,0
23950,357,354,3
23951,55,55,0
23952,435,434,1
23953,107,105,2
23954,181,181,0
23955,302,299,3
23956,137,137,0
23957,132,132,0
23958,232,224,8
23959,209,202,7
23960,342,340,2
23961,120,118,2
23962,274,274,0
23963,69,68,1
23964,681,679,2
23965,128,128,0
23966,385,384,1
23967,183,182,1
23968,117,117,0
23969,100,100,0
23970,197,196,1
23971,212,211,1
23972,179,179,0
23973,87,87,0
23974,106,106,0
23975,150,150,0
23976,109,108,1
23977,156,155,1
23978,545,545,0
23979,137,136,1
23980,143,143,0
23981,130,128,2
23982,236,235,1
23983,379,366,13
23984,167,164,3
23985,216,213,3
23986,166,165,1
23987,100,100,0
23988,120,119,1
23989,119,119,0
23990,299,299,0
23991,107,107,0
23992,236,235,1
23993,789,785,4
23994,179,179,0
23995,145,144,1
23996,195,194,1
23997,224,224,0
23998,85,85,0
23999,301,299,2
24000,303,301,2
24001,98,98,0
24002,145,145,0
24003,464,463,1
24004,270,268,2
24005,256,253,3
24006,268,267,1
24007,144,142,2
24008,162,162,0
24009,286,285,1
24010,100,98,2
24011,208,208,0
24012,508,507,1
24013,133,133,0
24014,157,157,0
24015,211,210,1
24016,137,135,2
24017,407,407,0
24018,214,214,0
24019,127,126,1
24020,122,122,0
24021,125,125,0
24022,29,29,0
24023,85,85,0
24024,22,22,0
24025,112,112,0
24026,207,204,3
24027,276,276,0
24028,46,46,0
24029,271,269,2
24030,297,295,2
24031,148,148,0
24032,188,185,3
24033,361,361,0
24034,562,559,3
24035,276,275,1
24036,225,223,2
24037,179,178,1
24038,279,278,1
24039,481,479,2
24040,281,280,1
24041,866,866,0
24042,113,113,0
24043,143,142,1
24044,130,130,0
24045,419,418,1
24046,534,532,2
24047,162,161,1
24048,200,200,0
24049,262,258,4
24050,322,319,3
24051,559,558,1
24052,119,118,1
24053,152,152,0
24054,145,140,5
24055,667,667,0
24056,776,775,1
24057,661,659,2
24058,285,283,2
24059,159,159,0
24060,130,130,0
24061,162,162,0
24062,212,212,0
24063,162,162,0
24064,116,116,0
24065,49,48,1
24066,193,190,3
24067,281,281,0
24068,180,179,1
24069,117,116,1
24070,234,234,0
24071,148,147,1
24072,586,584,2
24073,491,486,5
24074,344,341,3
24075,91,90,1
24076,140,139,1
24077,348,347,1
24078,61,61,0
24079,152,152,0
24080,261,259,2
24081,93,92,1
24082,103,103,0
24083,91,91,0
24084,115,114,1
24085,103,103,0
24086,452,447,5
24087,340,337,3
24088,500,499,1
24089,314,313,1
24090,69,68,1
24091,642,641,1
24092,129,129,0
24093,166,165,1
24094,349,349,0
24095,182,182,0
24096,217,217,0
24097,292,291,1
24098,745,731,14
24099,146,146,0
24100,179,179,0
24101,233,233,0
24102,1344,1343,1
24103,229,229,0
24104,764,750,14
24105,221,221,0
24106,545,544,1
24107,908,905,3
24108,417,416,1
24109,179,179,0
24110,156,155,1
24111,107,107,0
24112,116,116,0
24113,148,148,0
24114,270,269,1
24115,132,132,0
24116,59,57,2
24117,144,144,0
24118,203,203,0
24119,121,120,1
24120,585,584,1
24121,272,271,1
24122,73,72,1
24123,193,192,1
24124,79,79,0
24125,245,244,1
24126,118,118,0
24127,177,177,0
24128,386,384,2
24129,267,267,0
24130,579,578,1
24131,417,413,4
24132,90,88,2
24133,111,111,0
24134,183,182,1
24135,232,232,0
24136,71,71,0
24137,395,392,3
24138,88,88,0
24139,134,134,0
24140,372,371,1
24141,158,158,0
24142,182,180,2
24143,187,187,0
24144,294,294,0
24145,203,201,2
24146,59,58,1
24147,48,48,0
24148,73,72,1
24149,66,65,1
24150,175,175,0
24151,200,200,0
24152,176,176,0
24153,164,161,3
24154,186,185,1
24155,243,238,5
24156,721,719,2
24157,250,245,5
24158,180,180,0
24159,360,360,0
24160,68,68,0
24161,207,206,1
24162,175,175,0
24163,57,57,0
24164,141,139,2
24165,94,93,1
24166,53,52,1
24167,77,77,0
24168,124,124,0
24169,235,232,3
24170,373,371,2
24171,463,455,8
24172,138,137,1
24173,68,66,2
24174,109,109,0
24175,117,117,0
24176,118,117,1
24177,144,144,0
24178,428,424,4
24179,232,230,2
24180,256,255,1
24181,261,257,4
24182,130,130,0
24183,483,483,0
24184,86,86,0
24185,748,738,10
24186,148,147,1
24187,174,174,0
24188,648,644,4
24189,186,185,1
24190,800,799,1
24191,166,164,2
24192,142,140,2
24193,206,206,0
24194,209,208,1
24195,138,138,0
24196,251,248,3
24197,128,128,0
24198,172,171,1
24199,126,126,0
24200,380,375,5
24201,68,68,0
24202,127,126,1
24203,72,72,0
24204,113,113,0
24205,124,123,1
24206,337,335,2
24207,182,182,0
24208,197,197,0
24209,89,89,0
24210,366,364,2
24211,237,236,1
24212,223,221,2
24213,655,649,6
24214,171,170,1
24215,339,338,1
24216,353,350,3
24217,64,63,1
24218,44,44,0
24219,224,224,0
24220,136,135,1
24221,128,126,2
24222,217,213,4
24223,390,387,3
24224,185,185,0
24225,245,245,0
24226,131,131,0
24227,156,156,0
24228,209,208,1
24229,262,262,0
24230,154,154,0
24231,257,257,0
24232,504,502,2
24233,141,140,1
24234,122,121,1
24235,167,167,0
24236,131,131,0
24237,347,347,0
24238,195,193,2
24239,498,498,0
24240,281,278,3
24241,221,221,0
24242,184,184,0
24243,59,58,1
24244,127,125,2
24245,124,124,0
24246,323,321,2
24247,304,302,2
24248,140,138,2
24249,128,128,0
24250,238,238,0
24251,142,142,0
24252,433,428,5
24253,111,111,0
24254,204,204,0
24255,106,106,0
24256,156,155,1
24257,142,141,1
24258,153,152,1
24259,119,119,0
24260,173,170,3
24261,137,137,0
24262,373,372,1
24263,284,284,0
24264,164,164,0
24265,134,134,0
24266,90,88,2
24267,343,339,4
24268,269,269,0
24269,438,434,4
24270,158,157,1
24271,372,372,0
24272,102,102,0
24273,128,128,0
24274,246,246,0
24275,220,219,1
24276,124,124,0
24277,264,263,1
24278,141,141,0
24279,175,175,0
24280,257,256,1
24281,165,164,1
24282,165,165,0
24283,129,127,2
24284,185,185,0
24285,130,130,0
24286,134,133,1
24287,412,411,1
24288,158,158,0
24289,153,151,2
24290,193,193,0
24291,123,123,0
24292,858,855,3
24293,717,709,8
24294,172,172,0
24295,448,446,2
24296,338,336,2
24297,125,125,0
24298,462,462,0
24299,117,117,0
24300,471,469,2
24301,286,283,3
24302,159,159,0
24303,141,136,5
24304,98,97,1
24305,188,187,1
24306,51,51,0
24307,84,82,2
24308,158,156,2
24309,564,563,1
24310,112,112,0
24311,187,186,1
24312,47,46,1
24313,160,159,1
24314,151,150,1
24315,290,289,1
24316,252,251,1
24317,265,264,1
24318,188,186,2
24319,249,248,1
24320,56,56,0
24321,455,453,2
24322,44,44,0
24323,161,160,1
24324,155,151,4
24325,376,375,1
24326,411,409,2
24327,85,85,0
24328,698,696,2
24329,379,378,1
24330,123,122,1
24331,243,239,4
24332,389,386,3
24333,83,83,0
24334,124,123,1
24335,148,147,1
24336,77,76,1
24337,139,138,1
24338,90,90,0
24339,532,529,3
24340,129,129,0
24341,628,624,4
24342,185,183,2
24343,178,177,1
24344,188,188,0
24345,401,400,1
24346,146,146,0
24347,188,187,1
24348,259,257,2
24349,160,160,0
24350,266,264,2
24351,992,990,2
24352,145,145,0
24353,207,206,1
24354,105,104,1
24355,121,121,0
24356,129,127,2
24357,119,118,1
24358,564,560,4
24359,127,127,0
24360,189,189,0
24361,118,117,1
24362,214,214,0
24363,299,299,0
24364,431,431,0
24365,226,225,1
24366,132,132,0
24367,144,144,0
24368,362,361,1
24369,437,437,0
24370,250,250,0
24371,287,287,0
24372,304,303,1
24373,144,143,1
24374,308,307,1
24375,408,408,0
24376,153,152,1
24377,471,470,1
24378,197,197,0
24379,222,221,1
24380,920,920,0
24381,129,128,1
24382,155,155,0
24383,75,75,0
24384,234,234,0
24385,110,109,1
24386,313,313,0
24387,184,184,0
24388,139,138,1
24389,122,120,2
24390,132,132,0
24391,153,151,2
24392,142,142,0
24393,219,218,1
24394,526,522,4
24395,204,202,2
24396,253,253,0
24397,129,128,1
24398,606,601,5
24399,163,160,3
24400,131,131,0
24401,278,278,0
24402,125,124,1
24403,167,167,0
24404,177,177,0
24405,134,134,0
24406,102,100,2
24407,144,142,2
24408,125,125,0
24409,174,174,0
24410,405,405,0
24411,250,249,1
24412,342,341,1
24413,56,56,0
24414,249,247,2
24415,113,113,0
24416,131,131,0
24417,123,123,0
24418,199,195,4
24419,146,144,2
24420,213,212,1
24421,62,61,1
24422,198,194,4
24423,130,128,2
24424,53,53,0
24425,308,307,1
24426,337,335,2
24427,552,550,2
24428,153,153,0
24429,326,326,0
24430,476,473,3
24431,116,116,0
24432,132,132,0
24433,140,139,1
24434,140,135,5
24435,208,208,0
24436,121,120,1
24437,197,193,4
24438,113,113,0
24439,162,161,1
24440,123,122,1
24441,136,135,1
24442,152,152,0
24443,178,177,1
24444,205,201,4
24445,356,354,2
24446,137,137,0
24447,391,360,31
24448,178,175,3
24449,201,198,3
24450,75,73,2
24451,132,131,1
24452,64,64,0
24453,55,54,1
24454,275,272,3
24455,113,113,0
24456,217,217,0
24457,73,73,0
24458,128,127,1
24459,147,145,2
24460,282,282,0
24461,169,168,1
24462,239,237,2
24463,109,109,0
24464,800,798,2
24465,278,277,1
24466,325,324,1
24467,119,117,2
24468,221,219,2
24469,150,150,0
24470,67,67,0
24471,340,340,0
24472,133,131,2
24473,140,140,0
24474,163,163,0
24475,131,130,1
24476,205,205,0
24477,127,127,0
24478,139,139,0
24479,207,207,0
24480,595,584,11
24481,81,80,1
24482,136,136,0
24483,148,146,2
24484,719,715,4
24485,121,121,0
24486,192,192,0
24487,227,227,0
24488,60,58,2
24489,348,347,1
24490,172,172,0
24491,266,264,2
24492,134,134,0
24493,249,248,1
24494,114,114,0
24495,143,143,0
24496,164,163,1
24497,138,138,0
24498,534,532,2
24499,126,126,0
24500,173,173,0
24501,111,110,1
24502,119,118,1
24503,165,165,0
24504,753,748,5
24505,116,116,0
24506,200,200,0
24507,140,140,0
24508,260,260,0
24509,244,244,0
24510,131,130,1
24511,288,288,0
24512,124,123,1
24513,955,942,13
24514,287,287,0
24515,120,119,1
24516,154,154,0
24517,142,142,0
24518,46,46,0
24519,470,463,7
24520,142,141,1
24521,349,348,1
24522,1015,1011,4
24523,55,55,0
24524,104,104,0
24525,75,75,0
24526,188,188,0
24527,47,47,0
24528,40,39,1
24529,93,93,0
24530,272,270,2
24531,106,106,0
24532,124,124,0
24533,184,184,0
24534,296,293,3
24535,47,47,0
24536,40,40,0
24537,175,175,0
24538,145,141,4
24539,164,163,1
24540,997,996,1
24541,232,232,0
24542,193,193,0
24543,114,111,3
24544,723,717,6
24545,139,139,0
24546,178,177,1
24547,265,264,1
24548,359,354,5
24549,137,136,1
24550,174,174,0
24551,485,483,2
24552,36,36,0
24553,174,171,3
24554,157,157,0
24555,195,194,1
24556,420,419,1
24557,129,129,0
24558,250,246,4
24559,284,283,1
24560,155,152,3
24561,482,479,3
24562,264,264,0
24563,329,328,1
24564,132,132,0
24565,123,123,0
24566,125,123,2
24567,258,257,1
24568,119,119,0
24569,400,399,1
24570,213,212,1
24571,135,134,1
24572,122,121,1
24573,184,180,4
24574,152,152,0
24575,126,125,1
24576,407,403,4
24577,228,226,2
24578,268,265,3
24579,180,180,0
24580,294,294,0
24581,110,110,0
24582,399,398,1
24583,271,269,2
24584,136,136,0
24585,111,111,0
24586,222,221,1
24587,109,109,0
24588,270,270,0
24589,121,120,1
24590,137,137,0
24591,148,147,1
24592,201,201,0
24593,252,249,3
24594,187,186,1
24595,135,134,1
24596,440,438,2
24597,236,232,4
24598,162,161,1
24599,245,245,0
24600,238,238,0
24601,284,283,1
24602,132,130,2
24603,135,134,1
24604,405,392,13
24605,137,134,3
24606,633,631,2
24607,353,347,6
24608,337,336,1
24609,31,31,0
24610,149,148,1
24611,215,213,2
24612,217,210,7
24613,190,190,0
24614,192,191,1
24615,237,237,0
24616,167,167,0
24617,128,124,4
24618,232,229,3
24619,226,225,1
24620,248,247,1
24621,465,465,0
24622,135,135,0
24623,231,230,1
24624,165,164,1
24625,118,113,5
24626,148,146,2
24627,104,103,1
24628,81,78,3
24629,96,95,1
24630,59,59,0
24631,403,403,0
24632,561,553,8
24633,248,245,3
24634,124,124,0
24635,190,186,4
24636,66,66,0
24637,616,613,3
24638,178,174,4
24639,118,118,0
24640,77,77,0
24641,98,98,0
24642,156,155,1
24643,58,58,0
24644,43,42,1
24645,126,126,0
24646,99,99,0
24647,50,49,1
24648,347,345,2
24649,211,209,2
24650,483,475,8
24651,209,207,2
24652,99,98,1
24653,75,74,1
24654,523,514,9
24655,260,259,1
24656,272,268,4
24657,271,270,1
24658,260,256,4
24659,138,137,1
24660,94,94,0
24661,231,227,4
24662,144,144,0
24663,361,354,7
24664,136,136,0
24665,158,158,0
24666,155,147,8
24667,116,115,1
24668,105,105,0
24669,147,147,0
24670,136,135,1
24671,82,82,0
24672,119,119,0
24673,147,146,1
24674,215,215,0
24675,171,170,1
24676,99,98,1
24677,522,515,7
24678,423,420,3
24679,160,159,1
24680,200,200,0
24681,171,169,2
24682,238,238,0
24683,104,104,0
24684,147,147,0
24685,597,592,5
24686,111,111,0
24687,260,259,1
24688,191,191,0
24689,68,67,1
24690,100,100,0
24691,167,166,1
24692,95,93,2
24693,48,48,0
24694,138,138,0
24695,167,167,0
24696,294,294,0
24697,148,146,2
24698,138,138,0
24699,127,126,1
24700,73,73,0
24701,134,134,0
24702,179,178,1
24703,128,128,0
24704,98,97,1
24705,387,387,0
24706,426,423,3
24707,242,239,3
24708,245,244,1
24709,105,105,0
24710,129,124,5
24711,191,191,0
24712,121,121,0
24713,169,168,1
24714,183,183,0
24715,108,107,1
24716,141,137,4
24717,271,268,3
24718,533,528,5
24719,410,409,1
24720,185,185,0
24721,230,228,2
24722,169,167,2
24723,287,287,0
24724,372,370,2
24725,731,730,1
24726,103,98,5
24727,176,175,1
24728,100,97,3
24729,456,438,18
24730,325,325,0
24731,129,128,1
24732,136,136,0
24733,543,530,13
24734,116,114,2
24735,114,113,1
24736,298,297,1
24737,329,326,3
24738,308,307,1
24739,147,146,1
24740,922,921,1
24741,189,189,0
24742,358,357,1
24743,103,103,0
24744,669,669,0
24745,124,124,0
24746,313,313,0
24747,292,289,3
24748,84,84,0
24749,320,317,3
24750,559,554,5
24751,233,233,0
24752,125,124,1
24753,1014,1010,4
24754,149,149,0
24755,132,132,0
24756,85,85,0
24757,306,298,8
24758,149,149,0
24759,195,195,0
24760,214,213,1
24761,214,212,2
24762,70,70,0
24763,179,179,0
24764,230,230,0
24765,153,151,2
24766,235,235,0
24767,137,137,0
24768,111,110,1
24769,114,114,0
24770,152,151,1
24771,194,194,0
24772,328,327,1
24773,276,271,5
24774,97,97,0
24775,274,273,1
24776,165,165,0
24777,176,175,1
24778,299,298,1
24779,144,144,0
24780,93,93,0
24781,88,88,0
24782,109,109,0
24783,170,169,1
24784,283,283,0
24785,285,283,2
24786,195,194,1
24787,179,179,0
24788,125,125,0
24789,127,126,1
24790,122,122,0
24791,142,142,0
24792,130,129,1
24793,197,197,0
24794,144,144,0
24795,120,120,0
24796,206,206,0
24797,146,145,1
24798,196,195,1
24799,128,128,0
24800,125,125,0
24801,94,94,0
24802,780,777,3
24803,188,188,0
24804,60,59,1
24805,163,163,0
24806,177,175,2
24807,185,184,1
24808,139,139,0
24809,148,147,1
24810,171,171,0
24811,177,177,0
24812,975,974,1
24813,130,130,0
24814,361,360,1
24815,625,623,2
24816,306,306,0
24817,392,390,2
24818,246,246,0
24819,137,137,0
24820,404,403,1
24821,140,140,0
24822,363,362,1
24823,134,133,1
24824,146,146,0
24825,182,179,3
24826,142,142,0
24827,147,147,0
24828,306,306,0
24829,248,248,0
24830,185,184,1
24831,190,188,2
24832,130,129,1
24833,104,103,1
24834,169,166,3
24835,144,143,1
24836,281,277,4
24837,170,170,0
24838,221,216,5
24839,139,138,1
24840,157,156,1
24841,145,145,0
24842,173,171,2
24843,130,130,0
24844,129,127,2
24845,127,127,0
24846,148,148,0
24847,335,335,0
24848,184,183,1
24849,144,143,1
24850,197,197,0
24851,240,239,1
24852,186,186,0
24853,150,149,1
24854,211,211,0
24855,118,118,0
24856,287,286,1
24857,118,118,0
24858,144,142,2
24859,106,106,0
24860,157,156,1
24861,242,242,0
24862,249,248,1
24863,477,475,2
24864,563,558,5
24865,118,118,0
24866,327,326,1
24867,187,186,1
24868,112,111,1
24869,111,109,2
24870,123,120,3
24871,264,261,3
24872,566,563,3
24873,653,652,1
24874,442,442,0
24875,122,122,0
24876,118,117,1
24877,65,65,0
24878,131,130,1
24879,143,142,1
24880,282,282,0
24881,140,140,0
24882,214,211,3
24883,177,176,1
24884,143,142,1
24885,121,121,0
24886,348,347,1
24887,361,359,2
24888,302,297,5
24889,184,184,0
24890,45,45,0
24891,71,71,0
24892,125,125,0
24893,382,379,3
24894,497,493,4
24895,481,480,1
24896,201,201,0
24897,99,98,1
24898,172,172,0
24899,122,122,0
24900,118,118,0
24901,141,141,0
24902,74,74,0
24903,411,410,1
24904,372,370,2
24905,232,229,3
24906,138,138,0
24907,154,153,1
24908,234,234,0
24909,113,112,1
24910,299,298,1
24911,138,138,0
24912,261,257,4
24913,170,169,1
24914,229,227,2
24915,150,150,0
24916,170,169,1
24917,114,112,2
24918,920,915,5
24919,133,132,1
24920,192,192,0
24921,124,123,1
24922,143,143,0
24923,106,105,1
24924,642,638,4
24925,170,168,2
24926,325,323,2
24927,128,128,0
24928,292,289,3
24929,163,163,0
24930,233,233,0
24931,1001,1000,1
24932,168,167,1
24933,76,76,0
24934,109,109,0
24935,222,221,1
24936,42,42,0
24937,96,95,1
24938,991,981,10
24939,197,195,2
24940,63,63,0
24941,150,149,1
24942,124,124,0
24943,212,211,1
24944,329,328,1
24945,306,304,2
24946,161,160,1
24947,101,99,2
24948,144,143,1
24949,161,159,2
24950,552,552,0
24951,122,120,2
24952,123,117,6
24953,260,260,0
24954,144,139,5
24955,211,211,0
24956,394,385,9
24957,221,220,1
24958,193,188,5
24959,232,232,0
24960,198,196,2
24961,48,47,1
24962,101,100,1
24963,122,122,0
24964,266,266,0
24965,496,495,1
24966,437,435,2
24967,81,81,0
24968,142,141,1
24969,86,86,0
24970,213,213,0
24971,151,149,2
24972,261,261,0
24973,201,200,1
24974,34,34,0
24975,505,504,1
24976,113,113,0
24977,74,74,0
24978,59,59,0
24979,81,79,2
24980,63,62,1
24981,131,130,1
24982,132,132,0
24983,51,51,0
24984,86,86,0
24985,129,129,0
24986,351,351,0
24987,219,219,0
24988,497,491,6
24989,271,266,5
24990,780,775,5
24991,555,551,4
24992,53,53,0
24993,201,200,1
24994,241,240,1
24995,285,285,0
24996,154,154,0
24997,303,303,0
24998,231,230,1
24999,143,143,0
25000,153,153,0
25001,352,351,1
25002,247,247,0
25003,128,127,1
25004,205,204,1
25005,315,313,2
25006,344,341,3
25007,143,143,0
25008,174,174,0
25009,960,947,13
25010,256,256,0
25011,146,146,0
25012,214,214,0
25013,165,164,1
25014,111,111,0
25015,361,360,1
25016,207,206,1
25017,703,685,18
25018,191,189,2
25019,131,131,0
25020,305,305,0
25021,191,191,0
25022,204,203,1
25023,48,48,0
25024,99,97,2
25025,140,140,0
25026,269,269,0
25027,128,127,1
25028,162,162,0
25029,1005,999,6
25030,523,523,0
25031,160,156,4
25032,981,970,11
25033,146,146,0
25034,251,251,0
25035,763,754,9
25036,319,314,5
25037,119,119,0
25038,742,737,5
25039,139,139,0
25040,190,188,2
25041,304,304,0
25042,509,508,1
25043,58,56,2
25044,216,212,4
25045,91,91,0
25046,80,78,2
25047,462,461,1
25048,193,193,0
25049,525,521,4
25050,487,485,2
25051,49,49,0
25052,159,158,1
25053,119,119,0
25054,870,862,8
25055,828,823,5
25056,123,123,0
25057,526,525,1
25058,221,221,0
25059,134,133,1
25060,248,246,2
25061,160,158,2
25062,253,252,1
25063,159,159,0
25064,152,150,2
25065,108,107,1
25066,161,160,1
25067,57,57,0
25068,47,47,0
25069,136,135,1
25070,57,57,0
25071,69,67,2
25072,154,154,0
25073,174,171,3
25074,162,161,1
25075,264,263,1
25076,247,247,0
25077,560,559,1
25078,69,69,0
25079,537,531,6
25080,255,255,0
25081,173,171,2
25082,207,206,1
25083,152,152,0
25084,107,105,2
25085,36,35,1
25086,137,137,0
25087,98,97,1
25088,149,147,2
25089,201,201,0
25090,185,185,0
25091,143,143,0
25092,196,196,0
25093,238,238,0
25094,134,134,0
25095,209,209,0
25096,228,228,0
25097,201,201,0
25098,430,427,3
25099,142,141,1
25100,295,292,3
25101,144,144,0
25102,132,132,0
25103,209,208,1
25104,617,611,6
25105,230,229,1
25106,208,208,0
25107,463,462,1
25108,374,374,0
25109,196,196,0
25110,127,127,0
25111,179,176,3
25112,214,214,0
25113,556,553,3
25114,194,186,8
25115,431,429,2
25116,213,213,0
25117,1028,1027,1
25118,940,935,5
25119,196,196,0
25120,320,320,0
25121,591,591,0
25122,161,161,0
25123,140,140,0
25124,220,220,0
25125,250,244,6
25126,144,143,1
25127,176,176,0
25128,63,63,0
25129,46,46,0
25130,51,51,0
25131,450,448,2
25132,71,71,0
25133,139,138,1
25134,103,103,0
25135,130,130,0
25136,92,92,0
25137,163,162,1
25138,435,434,1
25139,34,34,0
25140,225,225,0
25141,72,72,0
25142,91,90,1
25143,255,254,1
25144,249,244,5
25145,305,305,0
25146,396,393,3
25147,133,133,0
25148,245,245,0
25149,156,156,0
25150,522,520,2
25151,124,123,1
25152,159,158,1
25153,146,143,3
25154,546,543,3
25155,101,101,0
25156,145,143,2
25157,375,374,1
25158,147,147,0
25159,293,291,2
25160,179,179,0
25161,115,115,0
25162,161,161,0
25163,75,74,1
25164,449,448,1
25165,351,350,1
25166,577,573,4
25167,319,319,0
25168,170,170,0
25169,133,133,0
25170,138,138,0
25171,149,149,0
25172,155,154,1
25173,114,114,0
25174,124,124,0
25175,249,246,3
25176,231,229,2
25177,139,138,1
25178,747,744,3
25179,151,150,1
25180,176,176,0
25181,300,297,3
25182,155,155,0
25183,235,234,1
25184,183,183,0
25185,1009,1005,4
25186,390,389,1
25187,220,217,3
25188,170,169,1
25189,392,388,4
25190,621,620,1
25191,518,515,3
25192,50,50,0
25193,64,64,0
25194,45,45,0
25195,56,55,1
25196,63,63,0
25197,103,102,1
25198,129,129,0
25199,222,221,1
25200,214,211,3
25201,172,172,0
25202,215,214,1
25203,259,256,3
25204,129,129,0
25205,302,301,1
25206,108,105,3
25207,129,129,0
25208,150,150,0
25209,119,118,1
25210,147,147,0
25211,112,108,4
25212,157,153,4
25213,210,210,0
25214,454,449,5
25215,219,219,0
25216,96,94,2
25217,86,86,0
25218,151,151,0
25219,192,190,2
25220,673,662,11
25221,146,146,0
25222,193,193,0
25223,292,292,0
25224,107,106,1
25225,136,135,1
25226,127,127,0
25227,594,592,2
25228,62,62,0
25229,213,213,0
25230,234,234,0
25231,173,172,1
25232,145,145,0
25233,593,545,48
25234,195,193,2
25235,452,451,1
25236,530,528,2
25237,200,200,0
25238,110,107,3
25239,190,190,0
25240,44,44,0
25241,329,329,0
25242,125,124,1
25243,85,84,1
25244,208,208,0
25245,250,248,2
25246,212,210,2
25247,241,239,2
25248,100,100,0
25249,425,424,1
25250,205,205,0
25251,206,203,3
25252,166,166,0
25253,158,158,0
25254,194,194,0
25255,176,173,3
25256,120,120,0
25257,182,180,2
25258,493,492,1
25259,535,535,0
25260,392,388,4
25261,144,144,0
25262,211,211,0
25263,106,105,1
25264,195,195,0
25265,256,253,3
25266,196,196,0
25267,344,343,1
25268,138,138,0
25269,281,279,2
25270,340,332,8
25271,803,790,13
25272,293,283,10
25273,278,277,1
25274,172,172,0
25275,170,169,1
25276,201,201,0
25277,134,129,5
25278,125,125,0
25279,139,139,0
25280,224,224,0
25281,407,405,2
25282,221,220,1
25283,148,146,2
25284,116,116,0
25285,333,332,1
25286,238,238,0
25287,152,152,0
25288,172,165,7
25289,127,127,0
25290,51,51,0
25291,376,374,2
25292,978,973,5
25293,351,348,3
25294,179,177,2
25295,295,290,5
25296,602,594,8
25297,75,75,0
25298,521,518,3
25299,112,112,0
25300,145,144,1
25301,320,318,2
25302,282,281,1
25303,118,118,0
25304,631,626,5
25305,103,99,4
25306,64,64,0
25307,60,60,0
25308,60,60,0
25309,165,165,0
25310,69,68,1
25311,130,130,0
25312,57,56,1
25313,55,54,1
25314,61,61,0
25315,127,127,0
25316,372,369,3
25317,116,116,0
25318,123,121,2
25319,272,266,6
25320,232,232,0
25321,141,140,1
25322,687,682,5
25323,707,704,3
25324,424,423,1
25325,559,557,2
25326,42,42,0
25327,334,330,4
25328,108,108,0
25329,206,206,0
25330,117,116,1
25331,278,275,3
25332,124,124,0
25333,198,198,0
25334,171,169,2
25335,208,208,0
25336,210,210,0
25337,136,136,0
25338,61,61,0
25339,130,130,0
25340,115,114,1
25341,453,439,14
25342,324,322,2
25343,434,432,2
25344,109,108,1
25345,62,60,2
25346,63,63,0
25347,52,52,0
25348,62,62,0
25349,190,189,1
25350,164,162,2
25351,159,158,1
25352,89,89,0
25353,126,126,0
25354,164,164,0
25355,234,233,1
25356,425,423,2
25357,192,191,1
25358,154,153,1
25359,114,112,2
25360,137,136,1
25361,239,238,1
25362,119,118,1
25363,114,114,0
25364,185,185,0
25365,172,169,3
25366,270,268,2
25367,132,131,1
25368,262,261,1
25369,126,126,0
25370,122,122,0
25371,334,333,1
25372,167,167,0
25373,204,204,0
25374,296,295,1
25375,52,52,0
25376,104,104,0
25377,124,122,2
25378,130,127,3
25379,232,231,1
25380,69,69,0
25381,65,65,0
25382,145,144,1
25383,165,157,8
25384,71,71,0
25385,280,279,1
25386,115,112,3
25387,226,222,4
25388,128,127,1
25389,125,124,1
25390,236,232,4
25391,140,140,0
25392,111,109,2
25393,221,217,4
25394,288,281,7
25395,309,308,1
25396,831,824,7
25397,320,313,7
25398,114,112,2
25399,132,130,2
25400,275,273,2
25401,103,102,1
25402,159,159,0
25403,196,196,0
25404,178,178,0
25405,108,108,0
25406,188,187,1
25407,311,307,4
25408,175,174,1
25409,211,207,4
25410,130,130,0
25411,271,269,2
25412,119,118,1
25413,360,360,0
25414,244,244,0
25415,150,150,0
25416,220,218,2
25417,213,212,1
25418,647,645,2
25419,115,115,0
25420,151,150,1
25421,76,76,0
25422,136,133,3
25423,112,112,0
25424,39,39,0
25425,75,75,0
25426,107,105,2
25427,117,114,3
25428,86,85,1
25429,33,33,0
25430,128,126,2
25431,702,697,5
25432,419,406,13
25433,118,117,1
25434,500,489,11
25435,140,139,1
25436,336,335,1
25437,236,234,2
25438,129,128,1
25439,251,250,1
25440,476,465,11
25441,523,520,3
25442,183,182,1
25443,127,126,1
25444,105,104,1
25445,679,673,6
25446,231,231,0
25447,375,375,0
25448,212,212,0
25449,128,127,1
25450,189,189,0
25451,496,492,4
25452,257,254,3
25453,254,254,0
25454,526,526,0
25455,168,167,1
25456,113,113,0
25457,175,173,2
25458,164,164,0
25459,203,203,0
25460,205,203,2
25461,146,145,1
25462,107,105,2
25463,155,154,1
25464,72,72,0
25465,130,130,0
25466,134,134,0
25467,193,191,2
25468,211,210,1
25469,820,817,3
25470,258,255,3
25471,157,157,0
25472,115,115,0
25473,152,151,1
25474,66,66,0
25475,343,341,2
25476,83,83,0
25477,518,517,1
25478,36,36,0
25479,71,71,0
25480,143,143,0
25481,171,171,0
25482,298,297,1
25483,181,179,2
25484,196,196,0
25485,150,149,1
25486,147,147,0
25487,207,206,1
25488,113,112,1
25489,141,141,0
25490,146,145,1
25491,109,108,1
25492,297,293,4
25493,398,396,2
25494,135,135,0
25495,273,272,1
25496,166,166,0
25497,382,381,1
25498,166,166,0
25499,139,138,1
25500,571,569,2
25501,228,228,0
25502,373,371,2
25503,599,599,0
25504,134,133,1
25505,335,335,0
25506,184,184,0
25507,92,92,0
25508,115,115,0
25509,62,60,2
25510,537,532,5
25511,127,126,1
25512,305,299,6
25513,136,132,4
25514,137,136,1
25515,124,121,3
25516,152,151,1
25517,176,176,0
25518,184,184,0
25519,802,779,23
25520,142,140,2
25521,232,231,1
25522,44,44,0
25523,162,159,3
25524,423,419,4
25525,122,120,2
25526,151,151,0
25527,227,225,2
25528,189,188,1
25529,427,426,1
25530,117,116,1
25531,987,978,9
25532,117,117,0
25533,174,173,1
25534,212,209,3
25535,448,436,12
25536,160,159,1
25537,175,168,7
25538,425,420,5
25539,244,243,1
25540,118,118,0
25541,737,735,2
25542,367,349,18
25543,143,143,0
25544,161,161,0
25545,182,180,2
25546,123,120,3
25547,70,70,0
25548,111,111,0
25549,133,132,1
25550,396,393,3
25551,84,83,1
25552,128,127,1
25553,279,275,4
25554,15,14,1
25555,57,57,0
25556,169,165,4
25557,66,65,1
25558,361,361,0
25559,839,837,2
25560,180,180,0
25561,528,525,3
25562,80,80,0
25563,142,141,1
25564,204,204,0
25565,150,150,0
25566,79,77,2
25567,176,175,1
25568,61,61,0
25569,53,53,0
25570,220,218,2
25571,138,137,1
25572,175,174,1
25573,135,134,1
25574,52,52,0
25575,55,54,1
25576,148,144,4
25577,152,151,1
25578,133,132,1
25579,114,114,0
25580,134,133,1
25581,122,120,2
25582,150,150,0
25583,118,118,0
25584,104,104,0
25585,148,147,1
25586,461,459,2
25587,137,137,0
25588,294,292,2
25589,131,128,3
25590,135,131,4
25591,164,161,3
25592,117,116,1
25593,202,201,1
25594,228,228,0
25595,154,152,2
25596,155,154,1
25597,139,139,0
25598,402,401,1
25599,155,151,4
25600,137,135,2
25601,81,79,2
25602,99,99,0
25603,115,114,1
25604,190,190,0
25605,123,123,0
25606,56,56,0
25607,133,133,0
25608,176,176,0
25609,56,55,1
25610,78,78,0
25611,131,131,0
25612,132,132,0
25613,159,159,0
25614,332,324,8
25615,173,172,1
25616,136,136,0
25617,174,173,1
25618,125,125,0
25619,73,73,0
25620,247,246,1
25621,117,117,0
25622,115,115,0
25623,94,94,0
25624,121,117,4
25625,215,214,1
25626,419,417,2
25627,630,625,5
25628,179,177,2
25629,125,124,1
25630,122,120,2
25631,209,209,0
25632,326,326,0
25633,125,125,0
25634,124,124,0
25635,147,147,0
25636,108,108,0
25637,296,295,1
25638,335,335,0
25639,145,145,0
25640,460,456,4
25641,121,120,1
25642,212,210,2
25643,358,357,1
25644,295,293,2
25645,356,353,3
25646,111,111,0
25647,162,162,0
25648,125,123,2
25649,155,154,1
25650,284,280,4
25651,150,150,0
25652,158,158,0
25653,63,62,1
25654,205,204,1
25655,63,63,0
25656,68,68,0
25657,111,109,2
25658,62,62,0
25659,114,113,1
25660,111,109,2
25661,138,137,1
25662,161,160,1
25663,187,187,0
25664,248,245,3
25665,250,250,0
25666,158,158,0
25667,147,147,0
25668,187,185,2
25669,220,219,1
25670,117,116,1
25671,173,173,0
25672,152,148,4
25673,278,277,1
25674,145,144,1
25675,563,563,0
25676,115,115,0
25677,169,168,1
25678,813,805,8
25679,795,793,2
25680,702,697,5
25681,253,250,3
25682,168,168,0
25683,111,110,1
25684,315,314,1
25685,82,82,0
25686,74,74,0
25687,163,162,1
25688,239,239,0
25689,170,168,2
25690,273,273,0
25691,100,100,0
25692,128,128,0
25693,834,827,7
25694,338,337,1
25695,334,328,6
25696,211,210,1
25697,321,320,1
25698,472,470,2
25699,524,519,5
25700,399,398,1
25701,198,197,1
25702,337,335,2
25703,693,693,0
25704,238,238,0
25705,436,430,6
25706,177,176,1
25707,144,142,2
25708,497,492,5
25709,217,214,3
25710,168,166,2
25711,50,50,0
25712,151,150,1
25713,56,55,1
25714,281,279,2
25715,267,262,5
25716,149,145,4
25717,249,247,2
25718,248,247,1
25719,67,67,0
25720,67,65,2
25721,65,65,0
25722,151,151,0
25723,366,363,3
25724,139,137,2
25725,126,126,0
25726,151,151,0
25727,247,244,3
25728,177,177,0
25729,151,151,0
25730,600,595,5
25731,118,116,2
25732,437,437,0
25733,1011,992,19
25734,67,66,1
25735,122,121,1
25736,758,748,10
25737,239,238,1
25738,176,164,12
25739,150,149,1
25740,591,589,2
25741,138,136,2
25742,101,100,1
25743,213,211,2
25744,236,235,1
25745,258,258,0
25746,193,191,2
25747,73,72,1
25748,346,340,6
25749,607,601,6
25750,149,146,3
25751,247,247,0
25752,83,82,1
25753,140,140,0
25754,153,145,8
25755,190,190,0
25756,189,189,0
25757,295,295,0
25758,207,199,8
25759,47,47,0
25760,452,447,5
25761,213,213,0
25762,187,186,1
25763,131,131,0
25764,126,126,0
25765,536,534,2
25766,51,51,0
25767,127,123,4
25768,97,95,2
25769,206,206,0
25770,140,138,2
25771,122,122,0
25772,377,373,4
25773,131,127,4
25774,220,217,3
25775,127,127,0
25776,148,148,0
25777,284,282,2
25778,164,159,5
25779,67,66,1
25780,132,132,0
25781,258,258,0
25782,120,120,0
25783,377,375,2
25784,440,435,5
25785,109,109,0
25786,984,983,1
25787,1014,999,15
25788,388,388,0
25789,444,442,2
25790,167,166,1
25791,118,118,0
25792,186,186,0
25793,213,213,0
25794,276,276,0
25795,183,183,0
25796,550,550,0
25797,187,187,0
25798,194,193,1
25799,275,273,2
25800,110,110,0
25801,515,515,0
25802,261,261,0
25803,868,864,4
25804,104,104,0
25805,74,74,0
25806,132,129,3
25807,250,250,0
25808,158,157,1
25809,574,574,0
25810,131,126,5
25811,270,269,1
25812,278,273,5
25813,126,126,0
25814,485,485,0
25815,213,213,0
25816,526,526,0
25817,472,472,0
25818,165,165,0
25819,270,269,1
25820,171,171,0
25821,266,260,6
25822,123,122,1
25823,97,97,0
25824,316,315,1
25825,56,56,0
25826,263,262,1
25827,938,935,3
25828,222,222,0
25829,74,74,0
25830,77,76,1
25831,80,80,0
25832,139,135,4
25833,279,278,1
25834,145,143,2
25835,395,392,3
25836,443,443,0
25837,124,123,1
25838,743,741,2
25839,584,577,7
25840,281,277,4
25841,128,128,0
25842,556,551,5
25843,194,194,0
25844,495,490,5
25845,128,123,5
25846,175,174,1
25847,222,222,0
25848,131,131,0
25849,141,141,0
25850,163,163,0
25851,799,798,1
25852,87,86,1
25853,360,358,2
25854,153,149,4
25855,398,397,1
25856,149,149,0
25857,547,546,1
25858,30,30,0
25859,52,52,0
25860,33,32,1
25861,86,86,0
25862,132,131,1
25863,218,217,1
25864,214,213,1
25865,271,263,8
25866,1019,1018,1
25867,88,85,3
25868,157,155,2
25869,169,169,0
25870,126,126,0
25871,163,163,0
25872,389,388,1
25873,531,528,3
25874,483,477,6
25875,174,174,0
25876,362,355,7
25877,257,257,0
25878,186,185,1
25879,650,650,0
25880,145,145,0
25881,229,227,2
25882,156,156,0
25883,574,568,6
25884,636,635,1
25885,190,189,1
25886,764,751,13
25887,249,246,3
25888,261,260,1
25889,116,114,2
25890,191,182,9
25891,175,172,3
25892,110,108,2
25893,181,172,9
25894,284,274,10
25895,332,331,1
25896,228,217,11
25897,405,398,7
25898,139,139,0
25899,438,428,10
25900,373,372,1
25901,58,57,1
25902,343,337,6
25903,53,53,0
25904,630,609,21
25905,118,112,6
25906,150,150,0
25907,418,413,5
25908,128,128,0
25909,268,266,2
25910,135,135,0
25911,113,113,0
25912,119,116,3
25913,161,156,5
25914,125,124,1
25915,254,253,1
25916,104,104,0
25917,179,176,3
25918,134,134,0
25919,262,262,0
25920,250,246,4
25921,217,217,0
25922,236,226,10
25923,554,538,16
25924,142,142,0
25925,175,173,2
25926,149,148,1
25927,127,127,0
25928,187,186,1
25929,100,99,1
25930,507,507,0
25931,54,54,0
25932,1016,1001,15
25933,75,75,0
25934,57,57,0
25935,141,141,0
25936,222,220,2
25937,113,113,0
25938,503,500,3
25939,57,57,0
25940,113,113,0
25941,196,195,1
25942,193,192,1
25943,253,250,3
25944,151,151,0
25945,127,127,0
25946,127,127,0
25947,266,266,0
25948,222,222,0
25949,397,397,0
25950,197,197,0
25951,161,148,13
25952,305,304,1
25953,171,171,0
25954,27,27,0
25955,169,169,0
25956,128,128,0
25957,106,106,0
25958,328,326,2
25959,192,191,1
25960,194,193,1
25961,114,108,6
25962,133,133,0
25963,146,145,1
25964,167,164,3
25965,105,104,1
25966,367,354,13
25967,391,379,12
25968,117,112,5
25969,206,199,7
25970,161,161,0
25971,199,199,0
25972,131,131,0
25973,56,56,0
25974,331,329,2
25975,47,47,0
25976,146,144,2
25977,104,104,0
25978,219,215,4
25979,116,116,0
25980,111,110,1
25981,106,106,0
25982,167,167,0
25983,111,111,0
25984,133,133,0
25985,530,529,1
25986,165,165,0
25987,292,286,6
25988,213,208,5
25989,396,396,0
25990,400,400,0
25991,158,158,0
25992,322,319,3
25993,84,84,0
25994,267,265,2
25995,87,85,2
25996,157,154,3
25997,309,309,0
25998,130,128,2
25999,457,457,0
26000,176,175,1
26001,348,345,3
26002,224,223,1
26003,144,144,0
26004,460,460,0
26005,116,116,0
26006,110,110,0
26007,169,169,0
26008,237,237,0
26009,292,289,3
26010,117,116,1
26011,316,315,1
26012,501,499,2
26013,69,69,0
26014,84,83,1
26015,1013,1008,5
26016,129,129,0
26017,221,221,0
26018,122,122,0
26019,127,127,0
26020,120,120,0
26021,195,192,3
26022,160,160,0
26023,118,118,0
26024,206,204,2
26025,189,189,0
26026,304,303,1
26027,185,185,0
26028,331,330,1
26029,97,94,3
26030,122,122,0
26031,47,47,0
26032,652,636,16
26033,180,178,2
26034,96,94,2
26035,272,270,2
26036,118,118,0
26037,284,283,1
26038,214,214,0
26039,188,186,2
26040,615,606,9
26041,275,275,0
26042,170,170,0
26043,163,163,0
26044,475,475,0
26045,743,742,1
26046,138,137,1
26047,137,136,1
26048,113,113,0
26049,104,104,0
26050,86,86,0
26051,502,502,0
26052,81,81,0
26053,155,155,0
26054,100,97,3
26055,121,120,1
26056,164,164,0
26057,92,92,0
26058,185,183,2
26059,377,374,3
26060,232,231,1
26061,97,97,0
26062,169,169,0
26063,231,227,4
26064,363,359,4
26065,120,119,1
26066,242,242,0
26067,349,348,1
26068,245,243,2
26069,640,639,1
26070,735,731,4
26071,238,237,1
26072,330,330,0
26073,194,193,1
26074,409,406,3
26075,167,167,0
26076,115,114,1
26077,379,379,0
26078,379,377,2
26079,199,199,0
26080,53,53,0
26081,84,84,0
26082,60,60,0
26083,83,83,0
26084,47,47,0
26085,56,56,0
26086,89,89,0
26087,131,131,0
26088,52,52,0
26089,161,161,0
26090,150,150,0
26091,166,166,0
26092,96,96,0
26093,45,45,0
26094,360,360,0
26095,219,219,0
26096,82,82,0
26097,110,110,0
26098,138,138,0
26099,74,74,0
26100,62,62,0
26101,152,145,7
26102,307,305,2
26103,76,76,0
26104,84,81,3
26105,87,87,0
26106,96,96,0
26107,89,89,0
26108,245,245,0
26109,140,138,2
26110,47,47,0
26111,140,140,0
26112,190,189,1
26113,130,130,0
26114,165,164,1
26115,353,350,3
26116,119,119,0
26117,149,149,0
26118,178,178,0
26119,70,70,0
26120,127,126,1
26121,512,502,10
26122,184,184,0
26123,306,306,0
26124,179,178,1
26125,120,118,2
26126,146,144,2
26127,182,174,8
26128,45,44,1
26129,67,67,0
26130,401,399,2
26131,151,150,1
26132,148,147,1
26133,430,422,8
26134,311,311,0
26135,129,129,0
26136,48,48,0
26137,102,101,1
26138,73,72,1
26139,113,113,0
26140,60,58,2
26141,131,126,5
26142,123,123,0
26143,423,420,3
26144,180,176,4
26145,199,198,1
26146,129,129,0
26147,128,124,4
26148,119,119,0
26149,248,248,0
26150,155,155,0
26151,675,669,6
26152,139,139,0
26153,157,157,0
26154,95,94,1
26155,168,165,3
26156,65,65,0
26157,147,147,0
26158,385,384,1
26159,70,70,0
26160,173,173,0
26161,125,125,0
26162,329,327,2
26163,299,299,0
26164,135,135,0
26165,488,488,0
26166,234,233,1
26167,400,399,1
26168,697,694,3
26169,917,914,3
26170,212,212,0
26171,368,364,4
26172,170,170,0
26173,376,374,2
26174,163,163,0
26175,180,179,1
26176,147,147,0
26177,265,265,0
26178,161,161,0
26179,202,202,0
26180,115,112,3
26181,189,189,0
26182,538,533,5
26183,164,164,0
26184,337,333,4
26185,62,62,0
26186,223,218,5
26187,83,82,1
26188,176,174,2
26189,122,121,1
26190,155,148,7
26191,131,131,0
26192,513,511,2
26193,155,155,0
26194,118,118,0
26195,246,245,1
26196,112,107,5
26197,223,215,8
26198,198,196,2
26199,550,548,2
26200,197,196,1
26201,154,150,4
26202,660,659,1
26203,48,48,0
26204,149,149,0
26205,138,138,0
26206,302,300,2
26207,84,83,1
26208,183,183,0
26209,101,101,0
26210,235,235,0
26211,975,969,6
26212,59,59,0
26213,316,315,1
26214,70,70,0
26215,115,111,4
26216,311,304,7
26217,380,380,0
26218,50,50,0
26219,169,168,1
26220,24,24,0
26221,248,244,4
26222,151,151,0
26223,543,542,1
26224,380,379,1
26225,91,91,0
26226,266,266,0
26227,59,59,0
26228,135,134,1
26229,226,226,0
26230,979,978,1
26231,201,200,1
26232,66,66,0
26233,110,110,0
26234,295,294,1
26235,28,28,0
26236,63,63,0
26237,164,164,0
26238,125,125,0
26239,228,228,0
26240,140,140,0
26241,203,203,0
26242,273,271,2
26243,687,685,2
26244,305,304,1
26245,385,382,3
26246,173,173,0
26247,62,62,0
26248,50,50,0
26249,75,70,5
26250,192,192,0
26251,118,118,0
26252,200,197,3
26253,241,236,5
26254,93,93,0
26255,123,122,1
26256,497,495,2
26257,123,123,0
26258,514,512,2
26259,118,118,0
26260,76,76,0
26261,285,282,3
26262,76,76,0
26263,66,66,0
26264,109,108,1
26265,91,91,0
26266,198,196,2
26267,96,96,0
26268,83,83,0
26269,428,424,4
26270,35,34,1
26271,322,319,3
26272,339,337,2
26273,357,356,1
26274,63,62,1
26275,226,224,2
26276,170,170,0
26277,242,241,1
26278,432,432,0
26279,279,279,0
26280,877,871,6
26281,234,233,1
26282,371,368,3
26283,390,388,2
26284,115,114,1
26285,199,197,2
26286,237,234,3
26287,222,222,0
26288,136,136,0
26289,184,183,1
26290,304,300,4
26291,860,833,27
26292,216,209,7
26293,150,150,0
26294,140,140,0
26295,122,122,0
26296,152,152,0
26297,122,122,0
26298,41,41,0
26299,134,132,2
26300,64,64,0
26301,62,62,0
26302,129,129,0
26303,124,123,1
26304,147,145,2
26305,133,133,0
26306,91,91,0
26307,134,131,3
26308,96,96,0
26309,208,208,0
26310,156,155,1
26311,66,66,0
26312,1048,1045,3
26313,62,62,0
26314,237,231,6
26315,604,602,2
26316,158,156,2
26317,295,294,1
26318,94,93,1
26319,151,151,0
26320,59,57,2
26321,115,115,0
26322,44,44,0
26323,226,224,2
26324,130,129,1
26325,127,125,2
26326,225,225,0
26327,527,517,10
26328,131,130,1
26329,164,163,1
26330,118,117,1
26331,174,174,0
26332,152,145,7
26333,61,60,1
26334,447,439,8
26335,274,271,3
26336,101,100,1
26337,294,291,3
26338,363,361,2
26339,765,762,3
26340,236,236,0
26341,165,164,1
26342,125,125,0
26343,339,335,4
26344,129,129,0
26345,557,555,2
26346,414,397,17
26347,319,317,2
26348,275,273,2
26349,404,396,8
26350,146,144,2
26351,127,124,3
26352,243,240,3
26353,129,129,0
26354,115,115,0
26355,585,579,6
26356,551,550,1
26357,236,235,1
26358,308,306,2
26359,246,245,1
26360,300,299,1
26361,144,140,4
26362,226,226,0
26363,589,588,1
26364,176,176,0
26365,214,214,0
26366,165,164,1
26367,769,764,5
26368,245,243,2
26369,440,439,1
26370,192,191,1
26371,135,134,1
26372,141,141,0
26373,127,126,1
26374,124,124,0
26375,138,137,1
26376,113,112,1
26377,116,116,0
26378,138,137,1
26379,142,142,0
26380,516,512,4
26381,147,147,0
26382,205,205,0
26383,112,112,0
26384,498,497,1
26385,354,353,1
26386,113,113,0
26387,102,96,6
26388,336,335,1
26389,50,50,0
26390,110,109,1
26391,138,138,0
26392,66,66,0
26393,57,57,0
26394,370,366,4
26395,65,65,0
26396,183,182,1
26397,136,134,2
26398,95,95,0
26399,122,122,0
26400,167,167,0
26401,117,117,0
26402,178,178,0
26403,24,24,0
26404,115,115,0
26405,153,152,1
26406,145,145,0
26407,72,70,2
26408,132,132,0
26409,126,126,0
26410,213,212,1
26411,161,161,0
26412,110,110,0
26413,85,84,1
26414,64,63,1
26415,167,165,2
26416,104,104,0
26417,86,86,0
26418,137,137,0
26419,426,422,4
26420,158,156,2
26421,180,180,0
26422,237,232,5
26423,214,213,1
26424,225,225,0
26425,172,172,0
26426,274,273,1
26427,314,313,1
26428,229,229,0
26429,693,688,5
26430,406,405,1
26431,178,178,0
26432,426,421,5
26433,204,204,0
26434,391,391,0
26435,83,83,0
26436,307,306,1
26437,384,379,5
26438,268,267,1
26439,145,143,2
26440,288,288,0
26441,108,106,2
26442,289,288,1
26443,403,403,0
26444,585,583,2
26445,219,219,0
26446,174,173,1
26447,310,310,0
26448,140,138,2
26449,136,135,1
26450,310,307,3
26451,135,135,0
26452,150,150,0
26453,85,85,0
26454,101,101,0
26455,164,164,0
26456,71,71,0
26457,112,112,0
26458,79,78,1
26459,150,150,0
26460,196,196,0
26461,396,392,4
26462,130,128,2
26463,118,117,1
26464,161,161,0
26465,137,137,0
26466,135,135,0
26467,231,231,0
26468,188,188,0
26469,246,244,2
26470,147,145,2
26471,131,130,1
26472,135,133,2
26473,132,127,5
26474,72,72,0
26475,160,160,0
26476,165,165,0
26477,185,185,0
26478,197,196,1
26479,193,192,1
26480,565,551,14
26481,113,112,1
26482,73,72,1
26483,65,65,0
26484,332,330,2
26485,231,231,0
26486,69,68,1
26487,188,186,2
26488,156,156,0
26489,652,649,3
26490,285,283,2
26491,505,505,0
26492,161,160,1
26493,295,294,1
26494,238,238,0
26495,124,123,1
26496,394,389,5
26497,526,524,2
26498,136,134,2
26499,411,409,2
26500,381,381,0
26501,390,390,0
26502,179,177,2
26503,238,238,0
26504,261,261,0
26505,850,842,8
26506,509,507,2
26507,142,142,0
26508,115,113,2
26509,197,194,3
26510,138,138,0
26511,33,33,0
26512,165,164,1
26513,302,299,3
26514,137,134,3
26515,200,199,1
26516,44,44,0
26517,212,211,1
26518,241,239,2
26519,55,54,1
26520,109,107,2
26521,201,200,1
26522,132,131,1
26523,145,144,1
26524,151,151,0
26525,78,78,0
26526,183,183,0
26527,344,343,1
26528,126,126,0
26529,75,75,0
26530,170,169,1
26531,66,65,1
26532,125,124,1
26533,76,76,0
26534,65,65,0
26535,108,108,0
26536,388,387,1
26537,300,300,0
26538,70,70,0
26539,233,231,2
26540,617,616,1
26541,105,105,0
26542,336,335,1
26543,216,216,0
26544,192,192,0
26545,167,167,0
26546,893,892,1
26547,257,255,2
26548,236,235,1
26549,146,145,1
26550,113,113,0
26551,412,407,5
26552,193,192,1
26553,138,137,1
26554,159,155,4
26555,112,112,0
26556,71,71,0
26557,633,630,3
26558,608,604,4
26559,254,254,0
26560,141,141,0
26561,183,183,0
26562,142,142,0
26563,187,187,0
26564,404,403,1
26565,249,248,1
26566,265,263,2
26567,105,104,1
26568,141,141,0
26569,203,203,0
26570,163,161,2
26571,362,362,0
26572,434,434,0
26573,101,101,0
26574,164,162,2
26575,160,159,1
26576,212,211,1
26577,215,215,0
26578,185,185,0
26579,53,53,0
26580,142,142,0
26581,80,80,0
26582,246,244,2
26583,71,71,0
26584,212,211,1
26585,134,134,0
26586,102,102,0
26587,74,73,1
26588,75,75,0
26589,576,567,9
26590,516,511,5
26591,475,471,4
26592,228,222,6
26593,345,343,2
26594,134,132,2
26595,1033,1027,6
26596,208,208,0
26597,135,135,0
26598,245,245,0
26599,288,285,3
26600,114,114,0
26601,138,138,0
26602,203,202,1
26603,273,272,1
26604,174,171,3
26605,149,148,1
26606,293,293,0
26607,179,179,0
26608,488,488,0
26609,521,510,11
26610,248,248,0
26611,146,143,3
26612,191,191,0
26613,178,174,4
26614,173,173,0
26615,469,468,1
26616,230,229,1
26617,106,105,1
26618,167,167,0
26619,155,155,0
26620,267,265,2
26621,88,85,3
26622,305,303,2
26623,239,239,0
26624,122,122,0
26625,186,186,0
26626,165,165,0
26627,171,170,1
26628,171,170,1
26629,121,119,2
26630,147,147,0
26631,235,235,0
26632,57,57,0
26633,134,134,0
26634,562,561,1
26635,249,246,3
26636,132,132,0
26637,178,178,0
26638,400,400,0
26639,100,100,0
26640,191,189,2
26641,206,206,0
26642,138,138,0
26643,115,113,2
26644,160,159,1
26645,187,183,4
26646,213,213,0
26647,103,102,1
26648,191,191,0
26649,68,68,0
26650,79,79,0
26651,126,126,0
26652,100,97,3
26653,41,41,0
26654,141,139,2
26655,168,167,1
26656,190,190,0
26657,52,52,0
26658,157,156,1
26659,620,619,1
26660,709,705,4
26661,194,194,0
26662,281,281,0
26663,123,123,0
26664,1030,1025,5
26665,226,222,4
26666,104,104,0
26667,51,44,7
26668,125,123,2
26669,110,107,3
26670,104,103,1
26671,90,88,2
26672,137,132,5
26673,48,47,1
26674,65,63,2
26675,41,41,0
26676,177,170,7
26677,125,113,12
26678,203,194,9
26679,326,323,3
26680,183,183,0
26681,377,374,3
26682,137,137,0
26683,107,107,0
26684,434,433,1
26685,809,807,2
26686,297,296,1
26687,292,291,1
26688,132,128,4
26689,117,117,0
26690,111,109,2
26691,52,52,0
26692,70,69,1
26693,202,197,5
26694,123,123,0
26695,96,96,0
26696,217,217,0
26697,127,125,2
26698,422,422,0
26699,464,450,14
26700,503,503,0
26701,243,240,3
26702,127,127,0
26703,223,223,0
26704,105,97,8
26705,231,230,1
26706,499,497,2
26707,407,407,0
26708,125,125,0
26709,45,45,0
26710,118,117,1
26711,56,56,0
26712,280,279,1
26713,100,100,0
26714,75,73,2
26715,338,337,1
26716,33,33,0
26717,346,343,3
26718,41,40,1
26719,149,149,0
26720,274,272,2
26721,158,156,2
26722,181,181,0
26723,177,175,2
26724,181,181,0
26725,131,130,1
26726,211,210,1
26727,179,175,4
26728,503,499,4
26729,395,395,0
26730,280,279,1
26731,129,128,1
26732,211,211,0
26733,471,460,11
26734,298,296,2
26735,110,110,0
26736,62,59,3
26737,129,128,1
26738,179,179,0
26739,131,131,0
26740,141,141,0
26741,496,488,8
26742,98,98,0
26743,936,924,12
26744,53,53,0
26745,886,884,2
26746,236,232,4
26747,121,121,0
26748,141,140,1
26749,490,486,4
26750,255,253,2
26751,376,375,1
26752,148,138,10
26753,611,607,4
26754,288,281,7
26755,245,245,0
26756,911,910,1
26757,444,441,3
26758,578,571,7
26759,1035,1019,16
26760,491,486,5
26761,193,193,0
26762,545,540,5
26763,560,557,3
26764,250,250,0
26765,513,511,2
26766,757,753,4
26767,855,852,3
26768,145,145,0
26769,131,131,0
26770,698,692,6
26771,157,157,0
26772,259,259,0
26773,639,623,16
26774,210,208,2
26775,87,87,0
26776,157,157,0
26777,245,243,2
26778,112,111,1
26779,149,147,2
26780,118,118,0
26781,140,138,2
26782,124,124,0
26783,135,134,1
26784,257,251,6
26785,367,353,14
26786,724,717,7
26787,201,200,1
26788,255,254,1
26789,181,181,0
26790,196,190,6
26791,247,246,1
26792,189,187,2
26793,387,382,5
26794,464,463,1
26795,434,433,1
26796,453,445,8
26797,242,242,0
26798,769,769,0
26799,146,144,2
26800,183,183,0
26801,123,120,3
26802,115,115,0
26803,851,835,16
26804,147,144,3
26805,75,75,0
26806,106,104,2
26807,279,279,0
26808,196,195,1
26809,339,339,0
26810,65,65,0
26811,155,154,1
26812,337,336,1
26813,222,221,1
26814,466,464,2
26815,132,132,0
26816,217,217,0
26817,362,362,0
26818,335,335,0
26819,200,200,0
26820,568,567,1
26821,158,158,0
26822,28,28,0
26823,94,94,0
26824,183,183,0
26825,193,193,0
26826,286,285,1
26827,186,186,0
26828,470,469,1
26829,61,61,0
26830,369,369,0
26831,119,119,0
26832,244,239,5
26833,154,154,0
26834,79,79,0
26835,106,101,5
26836,167,167,0
26837,236,236,0
26838,268,267,1
26839,84,84,0
26840,81,81,0
26841,84,83,1
26842,63,63,0
26843,282,281,1
26844,67,66,1
26845,310,310,0
26846,197,196,1
26847,63,63,0
26848,192,192,0
26849,75,75,0
26850,1021,1020,1
26851,368,366,2
26852,99,99,0
26853,80,80,0
26854,198,193,5
26855,292,289,3
26856,62,61,1
26857,112,112,0
26858,139,139,0
26859,178,177,1
26860,103,102,1
26861,103,102,1
26862,99,99,0
26863,435,434,1
26864,133,132,1
26865,172,168,4
26866,109,109,0
26867,378,377,1
26868,264,262,2
26869,571,568,3
26870,178,177,1
26871,134,133,1
26872,199,198,1
26873,405,404,1
26874,117,115,2
26875,169,167,2
26876,260,258,2
26877,130,128,2
26878,943,913,30
26879,589,583,6
26880,152,150,2
26881,284,268,16
26882,196,192,4
26883,138,135,3
26884,117,116,1
26885,56,56,0
26886,309,304,5
26887,147,146,1
26888,174,174,0
26889,182,180,2
26890,46,44,2
26891,55,55,0
26892,305,302,3
26893,198,193,5
26894,206,204,2
26895,246,244,2
26896,376,374,2
26897,316,315,1
26898,203,201,2
26899,62,62,0
26900,118,117,1
26901,145,142,3
26902,332,332,0
26903,167,167,0
26904,740,737,3
26905,70,70,0
26906,274,263,11
26907,295,294,1
26908,137,135,2
26909,180,179,1
26910,334,330,4
26911,47,47,0
26912,208,208,0
26913,514,514,0
26914,62,62,0
26915,206,206,0
26916,132,132,0
26917,451,450,1
26918,559,553,6
26919,494,485,9
26920,248,247,1
26921,51,50,1
26922,252,249,3
26923,235,233,2
26924,150,150,0
26925,195,190,5
26926,143,142,1
26927,127,127,0
26928,143,143,0
26929,114,113,1
26930,200,199,1
26931,155,155,0
26932,91,89,2
26933,797,794,3
26934,348,346,2
26935,199,198,1
26936,185,184,1
26937,300,294,6
26938,213,213,0
26939,125,125,0
26940,123,123,0
26941,501,494,7
26942,604,602,2
26943,342,342,0
26944,130,130,0
26945,390,385,5
26946,200,199,1
26947,178,177,1
26948,144,144,0
26949,92,92,0
26950,110,110,0
26951,346,344,2
26952,52,52,0
26953,184,184,0
26954,211,209,2
26955,49,49,0
26956,61,61,0
26957,64,63,1
26958,63,63,0
26959,175,175,0
26960,25,25,0
26961,76,75,1
26962,75,73,2
26963,75,73,2
26964,202,202,0
26965,147,146,1
26966,168,168,0
26967,133,133,0
26968,68,68,0
26969,142,142,0
26970,105,105,0
26971,191,188,3
26972,162,160,2
26973,201,200,1
26974,43,42,1
26975,164,161,3
26976,184,181,3
26977,210,206,4
26978,220,216,4
26979,115,115,0
26980,136,135,1
26981,219,217,2
26982,144,142,2
26983,140,140,0
26984,133,132,1
26985,128,126,2
26986,61,61,0
26987,84,84,0
26988,127,126,1
26989,124,124,0
26990,51,51,0
26991,101,101,0
26992,225,223,2
26993,430,422,8
26994,62,59,3
26995,159,159,0
26996,242,242,0
26997,157,157,0
26998,69,68,1
26999,42,42,0
27000,152,152,0
27001,350,350,0
27002,120,120,0
27003,99,98,1
27004,45,45,0
27005,290,290,0
27006,84,84,0
27007,77,77,0
27008,86,86,0
27009,294,293,1
27010,143,143,0
27011,399,397,2
27012,139,139,0
27013,123,123,0
27014,134,133,1
27015,202,200,2
27016,178,175,3
27017,201,201,0
27018,36,36,0
27019,447,446,1
27020,173,172,1
27021,146,144,2
27022,152,151,1
27023,760,759,1
27024,162,161,1
27025,80,80,0
27026,575,575,0
27027,597,596,1
27028,211,211,0
27029,198,194,4
27030,169,168,1
27031,305,303,2
27032,202,202,0
27033,273,272,1
27034,844,836,8
27035,115,114,1
27036,152,152,0
27037,200,197,3
27038,212,212,0
27039,100,100,0
27040,99,98,1
27041,150,149,1
27042,313,310,3
27043,185,184,1
27044,140,139,1
27045,137,137,0
27046,156,156,0
27047,153,151,2
27048,133,133,0
27049,195,195,0
27050,117,117,0
27051,211,210,1
27052,163,163,0
27053,132,132,0
27054,313,310,3
27055,122,122,0
27056,220,219,1
27057,445,443,2
27058,194,194,0
27059,480,479,1
27060,512,509,3
27061,605,605,0
27062,246,246,0
27063,126,126,0
27064,155,155,0
27065,135,135,0
27066,72,69,3
27067,230,230,0
27068,145,144,1
27069,66,65,1
27070,225,222,3
27071,173,173,0
27072,190,188,2
27073,129,127,2
27074,270,265,5
27075,127,127,0
27076,113,112,1
27077,275,275,0
27078,119,119,0
27079,195,195,0
27080,154,147,7
27081,281,279,2
27082,810,806,4
27083,115,113,2
27084,109,109,0
27085,169,168,1
27086,157,157,0
27087,51,50,1
27088,92,92,0
27089,76,76,0
27090,259,259,0
27091,77,77,0
27092,143,143,0
27093,226,226,0
27094,454,453,1
27095,159,159,0
27096,456,455,1
27097,79,79,0
27098,126,126,0
27099,177,175,2
27100,128,128,0
27101,146,145,1
27102,125,125,0
27103,97,97,0
27104,116,116,0
27105,217,217,0
27106,147,147,0
27107,112,111,1
27108,126,125,1
27109,496,494,2
27110,168,165,3
27111,228,228,0
27112,133,133,0
27113,164,162,2
27114,127,125,2
27115,106,105,1
27116,135,135,0
27117,155,153,2
27118,133,132,1
27119,161,161,0
27120,98,98,0
27121,270,270,0
27122,122,121,1
27123,468,465,3
27124,137,136,1
27125,200,199,1
27126,154,152,2
27127,115,115,0
27128,122,122,0
27129,106,105,1
27130,44,44,0
27131,108,105,3
27132,242,241,1
27133,38,38,0
27134,72,72,0
27135,91,91,0
27136,86,86,0
27137,85,85,0
27138,337,337,0
27139,187,186,1
27140,122,122,0
27141,255,254,1
27142,230,230,0
27143,294,294,0
27144,127,126,1
27145,111,111,0
27146,161,156,5
27147,52,52,0
27148,340,340,0
27149,259,258,1
27150,187,187,0
27151,164,164,0
27152,138,138,0
27153,454,452,2
27154,547,546,1
27155,191,188,3
27156,184,184,0
27157,242,242,0
27158,196,196,0
27159,147,147,0
27160,213,213,0
27161,165,165,0
27162,148,148,0
27163,154,153,1
27164,149,148,1
27165,207,207,0
27166,216,214,2
27167,135,135,0
27168,135,134,1
27169,112,111,1
27170,101,101,0
27171,47,46,1
27172,105,104,1
27173,63,63,0
27174,155,154,1
27175,180,178,2
27176,134,134,0
27177,500,498,2
27178,241,234,7
27179,187,184,3
27180,112,112,0
27181,293,293,0
27182,123,122,1
27183,421,420,1
27184,237,236,1
27185,218,218,0
27186,66,66,0
27187,189,189,0
27188,161,160,1
27189,397,395,2
27190,137,137,0
27191,368,367,1
27192,434,434,0
27193,763,760,3
27194,238,232,6
27195,158,157,1
27196,389,381,8
27197,387,387,0
27198,189,188,1
27199,172,172,0
27200,158,157,1
27201,190,187,3
27202,450,446,4
27203,194,190,4
27204,192,192,0
27205,107,106,1
27206,190,189,1
27207,194,194,0
27208,67,67,0
27209,133,133,0
27210,472,470,2
27211,90,88,2
27212,166,165,1
27213,266,265,1
27214,142,141,1
27215,171,171,0
27216,466,466,0
27217,52,51,1
27218,83,83,0
27219,162,161,1
27220,242,242,0
27221,500,495,5
27222,587,585,2
27223,271,271,0
27224,176,174,2
27225,62,61,1
27226,187,186,1
27227,139,138,1
27228,105,105,0
27229,118,117,1
27230,90,90,0
27231,139,138,1
27232,169,164,5
27233,89,89,0
27234,172,171,1
27235,194,191,3
27236,219,213,6
27237,107,107,0
27238,248,245,3
27239,419,415,4
27240,180,176,4
27241,312,311,1
27242,117,117,0
27243,120,117,3
27244,81,80,1
27245,64,62,2
27246,128,126,2
27247,139,137,2
27248,284,280,4
27249,129,129,0
27250,230,227,3
27251,173,173,0
27252,229,228,1
27253,133,133,0
27254,91,88,3
27255,401,397,4
27256,275,271,4
27257,456,444,12
27258,503,500,3
27259,91,91,0
27260,166,163,3
27261,53,52,1
27262,374,374,0
27263,750,741,9
27264,167,164,3
27265,112,111,1
27266,153,153,0
27267,128,128,0
27268,223,222,1
27269,89,89,0
27270,140,140,0
27271,45,45,0
27272,135,135,0
27273,163,160,3
27274,164,159,5
27275,135,135,0
27276,383,376,7
27277,478,478,0
27278,118,115,3
27279,154,150,4
27280,194,192,2
27281,224,223,1
27282,51,49,2
27283,212,212,0
27284,165,162,3
27285,193,192,1
27286,145,144,1
27287,147,147,0
27288,309,306,3
27289,319,319,0
27290,132,132,0
27291,144,144,0
27292,154,153,1
27293,196,196,0
27294,122,122,0
27295,217,216,1
27296,208,208,0
27297,263,263,0
27298,169,168,1
27299,235,235,0
27300,132,130,2
27301,184,182,2
27302,127,125,2
27303,283,282,1
27304,140,140,0
27305,139,139,0
27306,188,187,1
27307,134,134,0
27308,70,70,0
27309,125,125,0
27310,183,183,0
27311,130,130,0
27312,157,157,0
27313,169,168,1
27314,48,48,0
27315,303,302,1
27316,162,162,0
27317,502,501,1
27318,131,131,0
27319,184,184,0
27320,188,186,2
27321,68,68,0
27322,152,136,16
27323,278,277,1
27324,131,127,4
27325,187,180,7
27326,106,105,1
27327,91,91,0
27328,150,149,1
27329,593,574,19
27330,104,100,4
27331,211,208,3
27332,238,238,0
27333,211,210,1
27334,108,106,2
27335,153,148,5
27336,135,133,2
27337,217,214,3
27338,560,541,19
27339,140,138,2
27340,143,138,5
27341,239,234,5
27342,232,228,4
27343,230,228,2
27344,214,213,1
27345,125,123,2
27346,240,233,7
27347,1014,1001,13
27348,453,452,1
27349,144,144,0
27350,63,62,1
27351,134,131,3
27352,509,496,13
27353,128,125,3
27354,903,901,2
27355,501,498,3
27356,167,163,4
27357,351,351,0
27358,83,83,0
27359,186,186,0
27360,212,211,1
27361,133,133,0
27362,109,108,1
27363,45,45,0
27364,131,131,0
27365,131,131,0
27366,733,730,3
27367,53,53,0
27368,61,61,0
27369,62,62,0
27370,57,57,0
27371,154,152,2
27372,189,186,3
27373,197,197,0
27374,136,135,1
27375,175,175,0
27376,496,495,1
27377,982,975,7
27378,164,164,0
27379,655,651,4
27380,445,443,2
27381,422,419,3
27382,677,669,8
27383,329,329,0
27384,418,404,14
27385,93,92,1
27386,512,510,2
27387,168,167,1
27388,154,154,0
27389,136,134,2
27390,141,141,0
27391,327,322,5
27392,706,704,2
27393,689,687,2
27394,135,133,2
27395,209,207,2
27396,394,392,2
27397,125,124,1
27398,490,487,3
27399,157,153,4
27400,245,244,1
27401,341,341,0
27402,378,375,3
27403,356,356,0
27404,643,640,3
27405,267,266,1
27406,220,218,2
27407,63,63,0
27408,187,187,0
27409,102,100,2
27410,210,210,0
27411,118,118,0
27412,173,172,1
27413,90,90,0
27414,84,83,1
27415,70,70,0
27416,69,69,0
27417,182,180,2
27418,136,136,0
27419,540,537,3
27420,102,102,0
27421,454,449,5
27422,181,181,0
27423,283,277,6
27424,203,202,1
27425,154,154,0
27426,135,135,0
27427,197,197,0
27428,126,126,0
27429,55,55,0
27430,112,112,0
27431,191,189,2
27432,105,105,0
27433,59,59,0
27434,440,431,9
27435,168,163,5
27436,66,66,0
27437,195,192,3
27438,127,127,0
27439,427,426,1
27440,909,901,8
27441,117,117,0
27442,389,389,0
27443,131,130,1
27444,969,967,2
27445,115,115,0
27446,156,152,4
27447,142,141,1
27448,126,126,0
27449,156,156,0
27450,140,138,2
27451,135,134,1
27452,458,456,2
27453,216,216,0
27454,128,128,0
27455,144,144,0
27456,206,202,4
27457,131,130,1
27458,177,177,0
27459,164,164,0
27460,124,123,1
27461,144,144,0
27462,143,143,0
27463,336,336,0
27464,143,143,0
27465,148,148,0
27466,159,158,1
27467,249,248,1
27468,149,149,0
27469,805,799,6
27470,159,159,0
27471,205,205,0
27472,140,140,0
27473,246,244,2
27474,383,383,0
27475,124,123,1
27476,69,69,0
27477,128,128,0
27478,244,242,2
27479,141,140,1
27480,49,49,0
27481,78,77,1
27482,256,254,2
27483,192,189,3
27484,131,131,0
27485,128,128,0
27486,259,255,4
27487,273,270,3
27488,136,135,1
27489,62,62,0
27490,634,630,4
27491,654,651,3
27492,120,119,1
27493,179,179,0
27494,126,126,0
27495,173,158,15
27496,224,224,0
27497,194,193,1
27498,266,265,1
27499,138,138,0
27500,154,154,0
27501,327,325,2
27502,54,54,0
27503,725,723,2
27504,152,152,0
27505,144,144,0
27506,127,126,1
27507,108,108,0
27508,199,199,0
27509,686,681,5
27510,154,154,0
27511,347,347,0
27512,222,216,6
27513,126,126,0
27514,135,135,0
27515,165,165,0
27516,126,126,0
27517,196,196,0
27518,50,50,0
27519,172,172,0
27520,210,209,1
27521,334,331,3
27522,337,337,0
27523,139,138,1
27524,55,54,1
27525,136,133,3
27526,51,51,0
27527,109,109,0
27528,65,65,0
27529,401,396,5
27530,549,540,9
27531,280,279,1
27532,113,113,0
27533,188,188,0
27534,189,188,1
27535,162,162,0
27536,113,111,2
27537,200,200,0
27538,177,177,0
27539,231,231,0
27540,99,99,0
27541,250,247,3
27542,274,272,2
27543,480,474,6
27544,181,181,0
27545,177,175,2
27546,181,181,0
27547,131,130,1
27548,211,210,1
27549,179,175,4
27550,503,499,4
27551,395,395,0
27552,280,279,1
27553,220,220,0
27554,279,279,0
27555,351,349,2
27556,122,122,0
27557,67,67,0
27558,166,166,0
27559,119,119,0
27560,54,54,0
27561,94,94,0
27562,427,425,2
27563,236,234,2
27564,182,181,1
27565,507,506,1
27566,187,187,0
27567,227,226,1
27568,133,133,0
27569,138,138,0
27570,150,150,0
27571,81,81,0
27572,228,227,1
27573,121,121,0
27574,410,407,3
27575,236,236,0
27576,232,232,0
27577,255,255,0
27578,547,547,0
27579,49,49,0
27580,125,125,0
27581,238,238,0
27582,194,193,1
27583,121,121,0
27584,287,284,3
27585,295,294,1
27586,207,206,1
27587,95,94,1
27588,184,184,0
27589,317,317,0
27590,196,194,2
27591,147,146,1
27592,149,146,3
27593,177,176,1
27594,105,105,0
27595,278,278,0
27596,264,264,0
27597,473,472,1
27598,133,133,0
27599,131,131,0
27600,333,332,1
27601,199,195,4
27602,334,330,4
27603,416,415,1
27604,135,135,0
27605,857,853,4
27606,359,355,4
27607,87,87,0
27608,124,122,2
27609,166,162,4
27610,141,137,4
27611,309,308,1
27612,98,97,1
27613,1024,1015,9
27614,396,396,0
27615,157,157,0
27616,202,202,0
27617,149,148,1
27618,227,219,8
27619,488,483,5
27620,270,255,15
27621,312,309,3
27622,225,224,1
27623,138,138,0
27624,361,356,5
27625,131,131,0
27626,255,253,2
27627,379,373,6
27628,316,312,4
27629,474,466,8
27630,238,232,6
27631,52,46,6
27632,232,231,1
27633,136,133,3
27634,352,347,5
27635,638,627,11
27636,114,113,1
27637,261,255,6
27638,274,272,2
27639,139,137,2
27640,227,226,1
27641,349,349,0
27642,323,319,4
27643,202,201,1
27644,334,332,2
27645,62,61,1
27646,163,161,2
27647,169,166,3
27648,111,111,0
27649,37,36,1
27650,225,224,1
27651,159,156,3
27652,174,174,0
27653,253,251,2
27654,163,162,1
27655,388,388,0
27656,244,243,1
27657,670,662,8
27658,296,292,4
27659,250,245,5
27660,244,244,0
27661,503,498,5
27662,184,184,0
27663,116,116,0
27664,74,74,0
27665,206,205,1
27666,50,50,0
27667,62,62,0
27668,47,46,1
27669,68,68,0
27670,114,114,0
27671,64,64,0
27672,159,159,0
27673,129,128,1
27674,134,134,0
27675,179,179,0
27676,71,71,0
27677,39,39,0
27678,80,80,0
27679,165,164,1
27680,401,401,0
27681,243,237,6
27682,140,140,0
27683,146,146,0
27684,137,137,0
27685,386,385,1
27686,214,213,1
27687,121,120,1
27688,57,57,0
27689,769,765,4
27690,503,503,0
27691,151,151,0
27692,118,116,2
27693,286,285,1
27694,119,119,0
27695,183,183,0
27696,132,132,0
27697,192,192,0
27698,162,162,0
27699,90,90,0
27700,109,109,0
27701,110,110,0
27702,428,427,1
27703,228,228,0
27704,943,935,8
27705,130,129,1
27706,203,200,3
27707,216,214,2
27708,129,127,2
27709,60,60,0
27710,54,54,0
27711,194,193,1
27712,122,122,0
27713,40,39,1
27714,107,106,1
27715,166,164,2
27716,142,140,2
27717,106,106,0
27718,150,149,1
27719,127,119,8
27720,189,187,2
27721,42,42,0
27722,309,309,0
27723,73,71,2
27724,371,368,3
27725,213,213,0
27726,213,213,0
27727,50,47,3
27728,147,146,1
27729,444,438,6
27730,615,609,6
27731,91,91,0
27732,42,42,0
27733,53,53,0
27734,113,113,0
27735,110,110,0
27736,120,119,1
27737,366,366,0
27738,159,159,0
27739,102,101,1
27740,137,136,1
27741,393,391,2
27742,360,358,2
27743,111,109,2
27744,303,303,0
27745,365,365,0
27746,95,95,0
27747,381,378,3
27748,263,263,0
27749,252,244,8
27750,152,152,0
27751,595,593,2
27752,184,183,1
27753,408,401,7
27754,382,380,2
27755,179,176,3
27756,106,106,0
27757,781,776,5
27758,135,133,2
27759,261,257,4
27760,873,860,13
27761,184,181,3
27762,452,451,1
27763,80,80,0
27764,267,267,0
27765,148,148,0
27766,330,323,7
27767,153,153,0
27768,455,449,6
27769,355,349,6
27770,205,204,1
27771,154,154,0
27772,103,101,2
27773,120,119,1
27774,220,220,0
27775,161,160,1
27776,137,137,0
27777,472,466,6
27778,121,121,0
27779,161,161,0
27780,205,205,0
27781,130,130,0
27782,419,416,3
27783,260,260,0
27784,386,382,4
27785,205,205,0
27786,104,103,1
27787,129,127,2
27788,409,393,16
27789,58,56,2
27790,601,596,5
27791,232,232,0
27792,77,77,0
27793,119,119,0
27794,139,139,0
27795,176,175,1
27796,142,141,1
27797,160,160,0
27798,112,112,0
27799,372,368,4
27800,109,109,0
27801,137,133,4
27802,136,136,0
27803,314,314,0
27804,91,90,1
27805,70,69,1
27806,132,131,1
27807,760,758,2
27808,403,403,0
27809,300,300,0
27810,138,136,2
27811,398,398,0
27812,308,308,0
27813,387,387,0
27814,730,729,1
27815,498,498,0
27816,109,109,0
27817,269,268,1
27818,124,124,0
27819,161,161,0
27820,182,181,1
27821,149,149,0
27822,291,290,1
27823,146,143,3
27824,178,174,4
27825,201,200,1
27826,63,62,1
27827,108,108,0
27828,276,270,6
27829,185,185,0
27830,150,150,0
27831,450,449,1
27832,159,159,0
27833,227,227,0
27834,143,143,0
27835,338,334,4
27836,106,106,0
27837,619,615,4
27838,400,396,4
27839,237,235,2
27840,160,160,0
27841,126,126,0
27842,292,290,2
27843,187,187,0
27844,118,115,3
27845,251,251,0
27846,100,99,1
27847,153,152,1
27848,191,191,0
27849,349,348,1
27850,127,126,1
27851,167,166,1
27852,223,221,2
27853,441,440,1
27854,488,486,2
27855,135,134,1
27856,94,94,0
27857,335,334,1
27858,142,142,0
27859,138,138,0
27860,196,192,4
27861,178,176,2
27862,151,150,1
27863,152,152,0
27864,247,247,0
27865,471,468,3
27866,91,91,0
27867,116,116,0
27868,177,177,0
27869,166,166,0
27870,136,136,0
27871,148,147,1
27872,122,119,3
27873,157,156,1
27874,139,139,0
27875,428,426,2
27876,544,543,1
27877,316,315,1
27878,216,216,0
27879,184,184,0
27880,170,169,1
27881,209,203,6
27882,131,130,1
27883,147,144,3
27884,126,126,0
27885,171,170,1
27886,142,139,3
27887,158,158,0
27888,946,943,3
27889,231,228,3
27890,65,64,1
27891,267,265,2
27892,278,276,2
27893,132,127,5
27894,171,169,2
27895,135,135,0
27896,178,175,3
27897,124,122,2
27898,115,115,0
27899,447,447,0
27900,120,120,0
27901,138,137,1
27902,671,664,7
27903,137,137,0
27904,243,239,4
27905,71,71,0
27906,48,48,0
27907,95,95,0
27908,240,239,1
27909,414,412,2
27910,208,208,0
27911,139,139,0
27912,204,203,1
27913,249,248,1
27914,145,145,0
27915,242,239,3
27916,138,137,1
27917,742,741,1
27918,123,120,3
27919,681,673,8
27920,187,187,0
27921,210,208,2
27922,315,315,0
27923,220,220,0
27924,394,394,0
27925,235,235,0
27926,588,581,7
27927,316,314,2
27928,136,132,4
27929,164,162,2
27930,969,962,7
27931,33,33,0
27932,137,137,0
27933,359,355,4
27934,422,421,1
27935,173,171,2
27936,163,163,0
27937,137,136,1
27938,85,85,0
27939,136,136,0
27940,244,242,2
27941,321,320,1
27942,115,115,0
27943,117,116,1
27944,153,153,0
27945,416,414,2
27946,353,351,2
27947,256,253,3
27948,127,126,1
27949,56,56,0
27950,327,324,3
27951,153,152,1
27952,331,330,1
27953,173,173,0
27954,85,83,2
27955,420,419,1
27956,279,276,3
27957,125,125,0
27958,145,145,0
27959,20,18,2
27960,114,110,4
27961,450,448,2
27962,122,121,1
27963,165,165,0
27964,161,161,0
27965,341,335,6
27966,300,297,3
27967,141,141,0
27968,327,327,0
27969,107,107,0
27970,107,107,0
27971,107,107,0
27972,192,191,1
27973,102,102,0
27974,155,153,2
27975,80,80,0
27976,135,135,0
27977,324,324,0
27978,456,455,1
27979,226,223,3
27980,962,951,11
27981,108,108,0
27982,520,520,0
27983,146,145,1
27984,430,430,0
27985,596,594,2
27986,71,71,0
27987,218,218,0
27988,664,660,4
27989,113,113,0
27990,108,108,0
27991,134,134,0
27992,563,560,3
27993,149,148,1
27994,686,679,7
27995,423,422,1
27996,189,188,1
27997,182,181,1
27998,118,118,0
27999,131,128,3
28000,739,735,4
28001,348,346,2
28002,223,223,0
28003,113,113,0
28004,421,421,0
28005,127,126,1
28006,395,393,2
28007,478,476,2
28008,291,290,1
28009,57,57,0
28010,446,442,4
28011,434,433,1
28012,143,142,1
28013,180,180,0
28014,159,154,5
28015,159,155,4
28016,215,215,0
28017,313,307,6
28018,149,149,0
28019,214,214,0
28020,125,125,0
28021,346,346,0
28022,261,261,0
28023,120,120,0
28024,102,102,0
28025,181,180,1
28026,731,721,10
28027,319,319,0
28028,90,90,0
28029,238,238,0
28030,157,157,0
28031,63,63,0
28032,200,200,0
28033,382,380,2
28034,136,134,2
28035,223,221,2
28036,194,194,0
28037,271,270,1
28038,833,831,2
28039,142,142,0
28040,135,135,0
28041,189,189,0
28042,196,196,0
28043,219,215,4
28044,157,157,0
28045,197,197,0
28046,139,139,0
28047,155,154,1
28048,328,327,1
28049,357,357,0
28050,101,101,0
28051,384,384,0
28052,978,968,10
28053,226,226,0
28054,472,471,1
28055,216,215,1
28056,205,204,1
28057,814,810,4
28058,124,123,1
28059,354,352,2
28060,374,372,2
28061,253,251,2
28062,394,391,3
28063,244,244,0
28064,145,144,1
28065,415,414,1
28066,762,758,4
28067,656,648,8
28068,527,526,1
28069,219,219,0
28070,194,174,20
28071,607,607,0
28072,523,522,1
28073,177,177,0
28074,89,89,0
28075,74,74,0
28076,135,133,2
28077,219,219,0
28078,273,268,5
28079,490,488,2
28080,75,75,0
28081,57,57,0
28082,238,238,0
28083,63,63,0
28084,242,239,3
28085,86,86,0
28086,69,69,0
28087,113,113,0
28088,153,153,0
28089,75,75,0
28090,125,125,0
28091,162,161,1
28092,147,147,0
28093,132,131,1
28094,68,68,0
28095,148,148,0
28096,108,108,0
28097,128,128,0
28098,129,129,0
28099,457,457,0
28100,277,277,0
28101,194,194,0
28102,228,225,3
28103,206,206,0
28104,106,105,1
28105,41,41,0
28106,150,148,2
28107,209,207,2
28108,178,178,0
28109,169,169,0
28110,147,147,0
28111,448,448,0
28112,155,155,0
28113,164,162,2
28114,147,147,0
28115,155,155,0
28116,349,349,0
28117,237,236,1
28118,136,135,1
28119,239,239,0
28120,157,157,0
28121,820,812,8
28122,134,129,5
28123,265,265,0
28124,131,131,0
28125,123,122,1
28126,115,115,0
28127,159,159,0
28128,177,177,0
28129,733,728,5
28130,297,297,0
28131,211,210,1
28132,270,269,1
28133,157,156,1
28134,113,113,0
28135,196,194,2
28136,275,275,0
28137,305,302,3
28138,468,467,1
28139,448,442,6
28140,459,444,15
28141,216,211,5
28142,411,408,3
28143,191,190,1
28144,220,215,5
28145,253,249,4
28146,92,92,0
28147,129,128,1
28148,256,247,9
28149,259,255,4
28150,192,192,0
28151,497,494,3
28152,970,967,3
28153,106,106,0
28154,191,189,2
28155,85,84,1
28156,74,72,2
28157,36,36,0
28158,138,137,1
28159,262,259,3
28160,281,281,0
28161,195,192,3
28162,201,200,1
28163,312,307,5
28164,403,401,2
28165,201,201,0
28166,269,269,0
28167,119,118,1
28168,141,140,1
28169,258,255,3
28170,439,433,6
28171,290,285,5
28172,318,317,1
28173,92,92,0
28174,662,658,4
28175,951,943,8
28176,201,198,3
28177,276,276,0
28178,332,331,1
28179,268,267,1
28180,267,266,1
28181,675,672,3
28182,540,538,2
28183,125,124,1
28184,217,216,1
28185,291,290,1
28186,183,183,0
28187,117,117,0
28188,345,345,0
28189,230,230,0
28190,156,156,0
28191,209,207,2
28192,324,321,3
28193,432,427,5
28194,296,296,0
28195,185,184,1
28196,144,142,2
28197,179,179,0
28198,494,493,1
28199,120,120,0
28200,314,313,1
28201,172,172,0
28202,166,166,0
28203,526,526,0
28204,526,522,4
28205,642,639,3
28206,152,152,0
28207,258,257,1
28208,105,104,1
28209,112,111,1
28210,63,63,0
28211,298,296,2
28212,103,102,1
28213,785,780,5
28214,140,140,0
28215,120,120,0
28216,194,193,1
28217,440,425,15
28218,566,561,5
28219,277,277,0
28220,117,117,0
28221,163,161,2
28222,128,127,1
28223,400,397,3
28224,66,66,0
28225,48,48,0
28226,72,72,0
28227,150,150,0
28228,149,149,0
28229,247,245,2
28230,197,194,3
28231,258,258,0
28232,333,327,6
28233,327,327,0
28234,316,315,1
28235,119,117,2
28236,292,291,1
28237,432,430,2
28238,136,136,0
28239,185,181,4
28240,102,101,1
28241,431,426,5
28242,637,627,10
28243,235,234,1
28244,185,184,1
28245,302,301,1
28246,538,533,5
28247,179,179,0
28248,159,159,0
28249,718,716,2
28250,251,244,7
28251,162,162,0
28252,158,155,3
28253,120,119,1
28254,137,137,0
28255,883,874,9
28256,126,125,1
28257,177,176,1
28258,248,247,1
28259,260,258,2
28260,115,114,1
28261,218,218,0
28262,115,115,0
28263,182,182,0
28264,142,142,0
28265,452,445,7
28266,41,40,1
28267,99,97,2
28268,227,209,18
28269,112,110,2
28270,78,77,1
28271,614,597,17
28272,215,213,2
28273,172,168,4
28274,244,243,1
28275,233,233,0
28276,130,129,1
28277,209,209,0
28278,124,124,0
28279,250,250,0
28280,283,282,1
28281,304,303,1
28282,146,145,1
28283,327,327,0
28284,382,381,1
28285,454,453,1
28286,476,473,3
28287,566,560,6
28288,752,751,1
28289,638,635,3
28290,733,732,1
28291,598,595,3
28292,183,182,1
28293,158,157,1
28294,234,234,0
28295,207,205,2
28296,214,214,0
28297,339,338,1
28298,342,341,1
28299,187,187,0
28300,177,174,3
28301,156,156,0
28302,155,155,0
28303,141,141,0
28304,137,137,0
28305,512,507,5
28306,161,161,0
28307,204,201,3
28308,177,175,2
28309,424,423,1
28310,89,89,0
28311,368,365,3
28312,144,143,1
28313,142,142,0
28314,492,489,3
28315,317,317,0
28316,167,167,0
28317,143,142,1
28318,939,933,6
28319,293,293,0
28320,177,177,0
28321,210,209,1
28322,438,435,3
28323,129,129,0
28324,132,132,0
28325,93,90,3
28326,140,139,1
28327,492,489,3
28328,244,240,4
28329,359,357,2
28330,279,274,5
28331,547,545,2
28332,382,381,1
28333,397,394,3
28334,171,170,1
28335,313,307,6
28336,174,172,2
28337,320,320,0
28338,132,132,0
28339,102,102,0
28340,199,192,7
28341,416,415,1
28342,437,435,2
28343,123,123,0
28344,247,244,3
28345,192,192,0
28346,86,86,0
28347,133,133,0
28348,170,170,0
28349,226,223,3
28350,120,120,0
28351,174,174,0
28352,420,417,3
28353,55,55,0
28354,139,139,0
28355,103,94,9
28356,171,169,2
28357,212,211,1
28358,290,290,0
28359,155,155,0
28360,388,384,4
28361,267,266,1
28362,319,316,3
28363,74,73,1
28364,569,557,12
28365,730,726,4
28366,581,567,14
28367,194,194,0
28368,311,310,1
28369,327,323,4
28370,507,504,3
28371,474,472,2
28372,312,309,3
28373,158,157,1
28374,731,723,8
28375,191,191,0
28376,64,64,0
28377,56,56,0
28378,476,464,12
28379,607,605,2
28380,325,325,0
28381,189,186,3
28382,638,635,3
28383,531,530,1
28384,212,211,1
28385,115,112,3
28386,84,84,0
28387,97,95,2
28388,10,10,0
28389,274,273,1
28390,137,137,0
28391,63,63,0
28392,70,69,1
28393,73,72,1
28394,78,78,0
28395,126,126,0
28396,132,130,2
28397,73,73,0
28398,64,64,0
28399,101,101,0
28400,96,96,0
28401,46,46,0
28402,63,63,0
28403,57,57,0
28404,77,77,0
28405,54,54,0
28406,100,100,0
28407,152,151,1
28408,103,103,0
28409,127,118,9
28410,291,290,1
28411,96,96,0
28412,74,74,0
28413,197,196,1
28414,35,35,0
28415,328,328,0
28416,320,317,3
28417,55,55,0
28418,95,95,0
28419,106,106,0
28420,45,45,0
28421,125,123,2
28422,82,82,0
28423,57,57,0
28424,125,125,0
28425,46,46,0
28426,135,135,0
28427,215,214,1
28428,46,46,0
28429,387,386,1
28430,74,73,1
28431,118,118,0
28432,206,205,1
28433,219,218,1
28434,132,131,1
28435,146,146,0
28436,188,188,0
28437,50,50,0
28438,306,305,1
28439,256,256,0
28440,184,182,2
28441,125,125,0
28442,123,123,0
28443,221,220,1
28444,149,149,0
28445,90,89,1
28446,109,108,1
28447,751,749,2
28448,151,150,1
28449,179,179,0
28450,443,440,3
28451,198,198,0
28452,127,127,0
28453,356,355,1
28454,204,203,1
28455,143,143,0
28456,524,523,1
28457,173,173,0
28458,347,343,4
28459,424,424,0
28460,271,268,3
28461,197,196,1
28462,191,191,0
28463,173,172,1
28464,126,124,2
28465,245,243,2
28466,181,173,8
28467,146,137,9
28468,247,237,10
28469,439,439,0
28470,151,134,17
28471,180,180,0
28472,115,115,0
28473,167,167,0
28474,123,123,0
28475,282,282,0
28476,265,264,1
28477,543,533,10
28478,312,311,1
28479,154,153,1
28480,237,237,0
28481,189,188,1
28482,220,219,1
28483,104,104,0
28484,197,196,1
28485,152,152,0
28486,117,117,0
28487,184,183,1
28488,221,221,0
28489,197,193,4
28490,129,129,0
28491,232,231,1
28492,135,134,1
28493,133,133,0
28494,108,107,1
28495,148,146,2
28496,78,78,0
28497,126,126,0
28498,140,140,0
28499,129,129,0
28500,243,233,10
28501,41,41,0
28502,118,118,0
28503,146,146,0
28504,148,147,1
28505,109,108,1
28506,146,146,0
28507,74,74,0
28508,411,409,2
28509,183,180,3
28510,129,129,0
28511,70,70,0
28512,955,950,5
28513,139,139,0
28514,340,337,3
28515,161,160,1
28516,96,96,0
28517,559,558,1
28518,110,109,1
28519,96,95,1
28520,130,130,0
28521,971,960,11
28522,100,100,0
28523,478,475,3
28524,424,424,0
28525,178,177,1
28526,708,704,4
28527,388,384,4
28528,557,554,3
28529,289,289,0
28530,336,336,0
28531,962,953,9
28532,214,214,0
28533,144,144,0
28534,134,134,0
28535,273,272,1
28536,148,144,4
28537,163,162,1
28538,360,360,0
28539,319,317,2
28540,154,153,1
28541,313,313,0
28542,417,415,2
28543,409,405,4
28544,120,120,0
28545,120,120,0
28546,142,141,1
28547,110,110,0
28548,302,295,7
28549,231,228,3
28550,134,134,0
28551,482,480,2
28552,165,164,1
28553,186,186,0
28554,939,923,16
28555,771,769,2
28556,180,177,3
28557,275,272,3
28558,269,269,0
28559,164,164,0
28560,236,236,0
28561,114,113,1
28562,141,141,0
28563,302,301,1
28564,160,160,0
28565,399,398,1
28566,194,193,1
28567,423,423,0
28568,302,302,0
28569,175,175,0
28570,120,120,0
28571,360,357,3
28572,109,106,3
28573,77,77,0
28574,214,214,0
28575,114,114,0
28576,576,570,6
28577,81,80,1
28578,193,192,1
28579,118,118,0
28580,231,231,0
28581,268,268,0
28582,198,198,0
28583,98,98,0
28584,67,67,0
28585,83,82,1
28586,37,37,0
28587,248,247,1
28588,71,69,2
28589,53,53,0
28590,94,93,1
28591,218,218,0
28592,367,366,1
28593,82,82,0
28594,542,540,2
28595,639,627,12
28596,493,493,0
28597,638,635,3
28598,330,330,0
28599,591,586,5
28600,299,299,0
28601,692,681,11
28602,218,218,0
28603,376,371,5
28604,367,366,1
28605,114,114,0
28606,144,136,8
28607,182,179,3
28608,76,74,2
28609,81,81,0
28610,109,109,0
28611,143,143,0
28612,178,175,3
28613,376,371,5
28614,93,92,1
28615,140,140,0
28616,204,203,1
28617,148,146,2
28618,145,145,0
28619,411,409,2
28620,92,91,1
28621,159,149,10
28622,540,539,1
28623,104,103,1
28624,220,219,1
28625,135,134,1
28626,138,138,0
28627,196,195,1
28628,171,171,0
28629,80,80,0
28630,81,81,0
28631,81,81,0
28632,158,155,3
28633,150,149,1
28634,96,96,0
28635,132,132,0
28636,131,125,6
28637,162,162,0
28638,68,68,0
28639,231,231,0
28640,127,127,0
28641,169,169,0
28642,353,352,1
28643,909,906,3
28644,207,202,5
28645,180,179,1
28646,242,240,2
28647,89,89,0
28648,127,127,0
28649,406,401,5
28650,239,237,2
28651,772,769,3
28652,128,127,1
28653,185,185,0
28654,206,205,1
28655,405,403,2
28656,39,39,0
28657,347,346,1
28658,153,152,1
28659,229,228,1
28660,170,168,2
28661,65,64,1
28662,106,104,2
28663,209,208,1
28664,62,62,0
28665,41,41,0
28666,85,85,0
28667,307,304,3
28668,299,297,2
28669,134,134,0
28670,54,54,0
28671,229,229,0
28672,531,530,1
28673,277,273,4
28674,144,141,3
28675,226,226,0
28676,103,103,0
28677,233,233,0
28678,330,330,0
28679,150,150,0
28680,231,231,0
28681,250,249,1
28682,141,141,0
28683,217,217,0
28684,151,151,0
28685,473,470,3
28686,112,111,1
28687,205,205,0
28688,141,140,1
28689,126,124,2
28690,55,55,0
28691,223,220,3
28692,395,393,2
28693,313,312,1
28694,334,330,4
28695,98,96,2
28696,157,157,0
28697,43,43,0
28698,322,322,0
28699,111,109,2
28700,158,157,1
28701,128,128,0
28702,277,274,3
28703,308,304,4
28704,196,195,1
28705,284,281,3
28706,165,159,6
28707,189,189,0
28708,167,166,1
28709,247,247,0
28710,189,188,1
28711,144,141,3
28712,336,335,1
28713,166,166,0
28714,668,663,5
28715,300,299,1
28716,188,188,0
28717,399,372,27
28718,63,59,4
28719,320,317,3
28720,182,181,1
28721,613,609,4
28722,197,196,1
28723,151,151,0
28724,131,130,1
28725,251,242,9
28726,97,95,2
28727,124,124,0
28728,135,130,5
28729,269,267,2
28730,199,199,0
28731,261,261,0
28732,123,122,1
28733,291,288,3
28734,280,278,2
28735,141,140,1
28736,157,157,0
28737,131,130,1
28738,244,239,5
28739,154,154,0
28740,218,215,3
28741,142,141,1
28742,127,127,0
28743,136,136,0
28744,296,291,5
28745,113,113,0
28746,230,228,2
28747,117,117,0
28748,167,167,0
28749,167,167,0
28750,120,120,0
28751,137,137,0
28752,163,163,0
28753,167,167,0
28754,231,230,1
28755,334,333,1
28756,324,323,1
28757,129,129,0
28758,139,139,0
28759,128,127,1
28760,136,135,1
28761,684,684,0
28762,466,465,1
28763,71,70,1
28764,457,454,3
28765,131,131,0
28766,176,175,1
28767,143,142,1
28768,603,601,2
28769,109,109,0
28770,907,904,3
28771,187,187,0
28772,256,253,3
28773,1000,995,5
28774,788,787,1
28775,197,192,5
28776,158,158,0
28777,240,237,3
28778,164,164,0
28779,242,242,0
28780,437,428,9
28781,134,134,0
28782,155,155,0
28783,151,149,2
28784,46,46,0
28785,353,352,1
28786,321,321,0
28787,126,126,0
28788,264,263,1
28789,664,661,3
28790,407,405,2
28791,159,159,0
28792,82,81,1
28793,159,158,1
28794,86,85,1
28795,139,135,4
28796,165,162,3
28797,133,131,2
28798,104,104,0
28799,169,169,0
28800,68,68,0
28801,201,198,3
28802,270,265,5
28803,92,91,1
28804,198,196,2
28805,255,249,6
28806,507,500,7
28807,410,408,2
28808,159,159,0
28809,187,187,0
28810,141,139,2
28811,445,444,1
28812,217,212,5
28813,240,239,1
28814,435,428,7
28815,185,184,1
28816,141,141,0
28817,132,131,1
28818,620,615,5
28819,204,203,1
28820,516,516,0
28821,318,315,3
28822,91,91,0
28823,93,93,0
28824,147,146,1
28825,257,256,1
28826,279,277,2
28827,431,425,6
28828,154,154,0
28829,146,146,0
28830,281,279,2
28831,580,573,7
28832,535,531,4
28833,189,188,1
28834,145,143,2
28835,210,210,0
28836,51,51,0
28837,120,120,0
28838,171,168,3
28839,139,138,1
28840,252,251,1
28841,171,169,2
28842,584,582,2
28843,156,156,0
28844,201,199,2
28845,240,239,1
28846,314,313,1
28847,212,212,0
28848,165,164,1
28849,239,235,4
28850,118,118,0
28851,137,137,0
28852,201,200,1
28853,214,214,0
28854,131,131,0
28855,154,153,1
28856,225,225,0
28857,14,14,0
28858,65,64,1
28859,52,52,0
28860,69,69,0
28861,211,211,0
28862,116,115,1
28863,129,129,0
28864,178,178,0
28865,158,156,2
28866,681,681,0
28867,346,345,1
28868,203,203,0
28869,134,134,0
28870,199,197,2
28871,83,82,1
28872,127,127,0
28873,64,64,0
28874,142,142,0
28875,56,56,0
28876,285,285,0
28877,168,168,0
28878,100,100,0
28879,119,115,4
28880,137,137,0
28881,201,201,0
28882,575,569,6
28883,205,205,0
28884,185,184,1
28885,194,194,0
28886,138,138,0
28887,565,563,2
28888,155,154,1
28889,257,257,0
28890,521,515,6
28891,144,144,0
28892,150,148,2
28893,352,349,3
28894,148,148,0
28895,284,283,1
28896,133,133,0
28897,136,136,0
28898,371,367,4
28899,134,134,0
28900,118,117,1
28901,153,153,0
28902,543,541,2
28903,261,260,1
28904,212,211,1
28905,566,566,0
28906,489,487,2
28907,185,185,0
28908,129,128,1
28909,516,509,7
28910,488,487,1
28911,723,720,3
28912,755,749,6
28913,187,187,0
28914,205,204,1
28915,164,164,0
28916,187,185,2
28917,985,978,7
28918,131,131,0
28919,132,131,1
28920,193,188,5
28921,40,39,1
28922,204,200,4
28923,234,232,2
28924,169,169,0
28925,28,28,0
28926,104,104,0
28927,113,113,0
28928,170,170,0
28929,168,165,3
28930,419,415,4
28931,226,224,2
28932,125,124,1
28933,618,615,3
28934,133,133,0
28935,172,169,3
28936,74,73,1
28937,145,144,1
28938,314,312,2
28939,138,138,0
28940,87,87,0
28941,195,195,0
28942,137,137,0
28943,162,162,0
28944,412,411,1
28945,84,82,2
28946,60,59,1
28947,215,213,2
28948,665,663,2
28949,189,188,1
28950,211,203,8
28951,242,241,1
28952,50,50,0
28953,58,57,1
28954,86,86,0
28955,190,189,1
28956,41,41,0
28957,159,157,2
28958,88,87,1
28959,169,169,0
28960,97,95,2
28961,65,65,0
28962,125,124,1
28963,113,113,0
28964,151,147,4
28965,162,162,0
28966,101,101,0
28967,176,176,0
28968,119,119,0
28969,118,116,2
28970,220,219,1
28971,123,120,3
28972,247,245,2
28973,168,167,1
28974,82,82,0
28975,286,285,1
28976,251,246,5
28977,122,122,0
28978,205,201,4
28979,181,180,1
28980,502,499,3
28981,247,247,0
28982,98,98,0
28983,142,141,1
28984,421,421,0
28985,129,129,0
28986,418,417,1
28987,137,136,1
28988,204,204,0
28989,141,140,1
28990,99,98,1
28991,160,160,0
28992,124,124,0
28993,257,257,0
28994,119,119,0
28995,256,252,4
28996,244,236,8
28997,242,240,2
28998,565,562,3
28999,308,308,0
29000,793,788,5
29001,328,327,1
29002,339,339,0
29003,86,86,0
29004,215,213,2
29005,60,59,1
29006,166,165,1
29007,116,111,5
29008,164,162,2
29009,123,123,0
29010,132,131,1
29011,362,362,0
29012,35,35,0
29013,409,408,1
29014,112,111,1
29015,318,314,4
29016,151,150,1
29017,223,222,1
29018,197,194,3
29019,181,180,1
29020,124,121,3
29021,343,343,0
29022,389,388,1
29023,153,152,1
29024,731,728,3
29025,149,149,0
29026,143,142,1
29027,283,282,1
29028,319,319,0
29029,136,133,3
29030,267,263,4
29031,127,127,0
29032,176,176,0
29033,143,141,2
29034,147,147,0
29035,161,160,1
29036,358,352,6
29037,122,122,0
29038,158,156,2
29039,335,333,2
29040,136,136,0
29041,131,131,0
29042,147,146,1
29043,151,151,0
29044,125,125,0
29045,119,119,0
29046,129,127,2
29047,139,136,3
29048,135,135,0
29049,137,135,2
29050,143,141,2
29051,171,171,0
29052,173,173,0
29053,140,138,2
29054,97,97,0
29055,90,82,8
29056,134,134,0
29057,179,178,1
29058,512,511,1
29059,94,90,4
29060,125,125,0
29061,355,351,4
29062,140,140,0
29063,41,41,0
29064,75,75,0
29065,124,124,0
29066,286,285,1
29067,155,153,2
29068,319,319,0
29069,115,114,1
29070,230,227,3
29071,116,116,0
29072,74,74,0
29073,159,159,0
29074,221,220,1
29075,62,62,0
29076,124,121,3
29077,206,206,0
29078,240,239,1
29079,204,204,0
29080,169,169,0
29081,571,570,1
29082,90,90,0
29083,260,260,0
29084,190,189,1
29085,124,124,0
29086,160,149,11
29087,300,299,1
29088,170,170,0
29089,350,342,8
29090,215,213,2
29091,241,237,4
29092,180,180,0
29093,100,100,0
29094,386,380,6
29095,92,92,0
29096,128,115,13
29097,110,110,0
29098,94,92,2
29099,499,498,1
29100,129,128,1
29101,104,104,0
29102,139,138,1
29103,144,142,2
29104,184,182,2
29105,108,107,1
29106,106,106,0
29107,239,239,0
29108,177,176,1
29109,200,200,0
29110,441,440,1
29111,61,61,0
29112,85,85,0
29113,105,104,1
29114,218,217,1
29115,262,261,1
29116,146,146,0
29117,144,144,0
29118,185,184,1
29119,216,216,0
29120,157,157,0
29121,415,414,1
29122,200,200,0
29123,201,201,0
29124,260,260,0
29125,127,127,0
29126,271,271,0
29127,189,188,1
29128,191,188,3
29129,175,174,1
29130,141,141,0
29131,222,222,0
29132,560,553,7
29133,358,358,0
29134,349,348,1
29135,44,44,0
29136,148,148,0
29137,114,114,0
29138,408,402,6
29139,120,120,0
29140,165,164,1
29141,300,298,2
29142,117,116,1
29143,379,378,1
29144,192,192,0
29145,707,700,7
29146,179,178,1
29147,201,200,1
29148,234,232,2
29149,116,116,0
29150,273,271,2
29151,224,224,0
29152,470,464,6
29153,136,125,11
29154,214,214,0
29155,775,771,4
29156,201,201,0
29157,655,649,6
29158,401,399,2
29159,919,910,9
29160,285,281,4
29161,58,58,0
29162,199,199,0
29163,94,94,0
29164,55,55,0
29165,690,686,4
29166,612,607,5
29167,167,166,1
29168,55,55,0
29169,62,62,0
29170,130,130,0
29171,205,203,2
29172,122,122,0
29173,50,50,0
29174,161,161,0
29175,644,637,7
29176,273,272,1
29177,117,117,0
29178,263,261,2
29179,234,233,1
29180,202,202,0
29181,431,431,0
29182,373,370,3
29183,223,223,0
29184,113,113,0
29185,136,136,0
29186,118,118,0
29187,403,401,2
29188,136,136,0
29189,156,156,0
29190,94,94,0
29191,124,121,3
29192,99,97,2
29193,265,264,1
29194,886,880,6
29195,560,559,1
29196,183,183,0
29197,128,126,2
29198,195,195,0
29199,485,485,0
29200,302,301,1
29201,280,277,3
29202,107,107,0
29203,159,158,1
29204,136,136,0
29205,225,224,1
29206,190,189,1
29207,189,188,1
29208,108,107,1
29209,267,264,3
29210,64,63,1
29211,145,144,1
29212,201,201,0
29213,72,72,0
29214,162,160,2
29215,112,112,0
29216,194,193,1
29217,131,130,1
29218,272,272,0
29219,206,206,0
29220,167,167,0
29221,61,61,0
29222,201,201,0
29223,527,525,2
29224,866,864,2
29225,185,185,0
29226,317,313,4
29227,336,336,0
29228,115,115,0
29229,632,625,7
29230,160,156,4
29231,328,327,1
29232,80,79,1
29233,111,111,0
29234,194,194,0
29235,384,384,0
29236,307,307,0
29237,817,815,2
29238,177,177,0
29239,233,232,1
29240,227,225,2
29241,759,756,3
29242,138,138,0
29243,214,207,7
29244,165,164,1
29245,398,396,2
29246,197,196,1
29247,142,142,0
29248,142,142,0
29249,231,231,0
29250,228,224,4
29251,315,315,0
29252,213,212,1
29253,535,534,1
29254,102,102,0
29255,605,600,5
29256,837,834,3
29257,315,315,0
29258,789,781,8
29259,204,202,2
29260,162,162,0
29261,257,254,3
29262,184,184,0
29263,138,138,0
29264,175,174,1
29265,81,80,1
29266,221,219,2
29267,79,78,1
29268,47,47,0
29269,113,112,1
29270,126,126,0
29271,189,188,1
29272,244,244,0
29273,211,211,0
29274,141,141,0
29275,290,286,4
29276,110,110,0
29277,203,203,0
29278,93,93,0
29279,160,158,2
29280,59,59,0
29281,144,142,2
29282,412,410,2
29283,194,194,0
29284,274,274,0
29285,339,336,3
29286,71,71,0
29287,143,141,2
29288,49,49,0
29289,133,132,1
29290,340,340,0
29291,241,241,0
29292,225,225,0
29293,180,178,2
29294,98,96,2
29295,175,174,1
29296,301,301,0
29297,152,151,1
29298,312,308,4
29299,52,52,0
29300,349,345,4
29301,197,194,3
29302,571,567,4
29303,137,137,0
29304,127,126,1
29305,165,165,0
29306,146,146,0
29307,285,282,3
29308,150,150,0
29309,123,121,2
29310,148,146,2
29311,54,54,0
29312,49,48,1
29313,123,123,0
29314,113,112,1
29315,138,136,2
29316,89,88,1
29317,218,216,2
29318,126,126,0
29319,148,144,4
29320,73,72,1
29321,59,59,0
29322,178,176,2
29323,448,445,3
29324,185,183,2
29325,395,393,2
29326,62,62,0
29327,115,114,1
29328,527,524,3
29329,310,305,5
29330,134,134,0
29331,177,176,1
29332,119,119,0
29333,723,721,2
29334,178,177,1
29335,314,314,0
29336,647,642,5
29337,979,978,1
29338,599,597,2
29339,1002,995,7
29340,444,444,0
29341,389,386,3
29342,116,116,0
29343,104,104,0
29344,530,527,3
29345,246,245,1
29346,227,227,0
29347,306,306,0
29348,215,213,2
29349,523,522,1
29350,568,564,4
29351,238,237,1
29352,428,426,2
29353,188,187,1
29354,121,121,0
29355,238,234,4
29356,513,511,2
29357,195,195,0
29358,155,154,1
29359,131,131,0
29360,90,90,0
29361,142,142,0
29362,183,183,0
29363,135,135,0
29364,254,250,4
29365,162,160,2
29366,122,122,0
29367,352,347,5
29368,129,125,4
29369,256,252,4
29370,126,126,0
29371,174,174,0
29372,129,129,0
29373,288,287,1
29374,163,161,2
29375,143,143,0
29376,359,358,1
29377,396,396,0
29378,296,295,1
29379,144,144,0
29380,131,131,0
29381,168,167,1
29382,193,192,1
29383,152,150,2
29384,254,254,0
29385,126,125,1
29386,460,458,2
29387,179,178,1
29388,97,97,0
29389,144,141,3
29390,52,51,1
29391,145,144,1
29392,347,347,0
29393,179,178,1
29394,141,139,2
29395,173,173,0
29396,113,113,0
29397,162,161,1
29398,401,401,0
29399,168,168,0
29400,205,204,1
29401,268,268,0
29402,377,377,0
29403,137,134,3
29404,359,358,1
29405,152,150,2
29406,241,240,1
29407,120,120,0
29408,304,303,1
29409,501,497,4
29410,487,486,1
29411,222,222,0
29412,384,376,8
29413,364,358,6
29414,164,162,2
29415,371,370,1
29416,114,114,0
29417,165,161,4
29418,397,393,4
29419,769,766,3
29420,245,240,5
29421,169,168,1
29422,244,240,4
29423,133,133,0
29424,934,916,18
29425,322,321,1
29426,587,584,3
29427,493,489,4
29428,219,219,0
29429,128,127,1
29430,796,783,13
29431,138,137,1
29432,49,49,0
29433,145,144,1
29434,130,130,0
29435,78,76,2
29436,117,117,0
29437,250,244,6
29438,152,149,3
29439,246,241,5
29440,164,163,1
29441,251,249,2
29442,147,146,1
29443,177,177,0
29444,168,167,1
29445,48,48,0
29446,91,91,0
29447,139,139,0
29448,132,132,0
29449,136,135,1
29450,326,324,2
29451,56,56,0
29452,1079,1078,1
29453,238,232,6
29454,199,197,2
29455,160,160,0
29456,149,147,2
29457,328,325,3
29458,359,357,2
29459,116,116,0
29460,227,225,2
29461,141,141,0
29462,157,157,0
29463,149,149,0
29464,161,160,1
29465,208,208,0
29466,142,141,1
29467,137,137,0
29468,180,178,2
29469,140,140,0
29470,152,152,0
29471,160,160,0
29472,146,146,0
29473,65,65,0
29474,140,140,0
29475,55,55,0
29476,65,65,0
29477,254,252,2
29478,144,143,1
29479,144,142,2
29480,44,42,2
29481,101,99,2
29482,47,46,1
29483,112,112,0
29484,54,54,0
29485,79,79,0
29486,75,75,0
29487,127,127,0
29488,168,168,0
29489,102,102,0
29490,234,231,3
29491,130,128,2
29492,186,186,0
29493,337,311,26
29494,281,281,0
29495,442,440,2
29496,165,163,2
29497,186,185,1
29498,154,154,0
29499,136,134,2
29500,361,357,4
29501,357,356,1
29502,623,617,6
29503,299,288,11
29504,238,238,0
29505,153,152,1
29506,132,131,1
29507,424,423,1
29508,165,165,0
29509,140,140,0
29510,174,174,0
29511,260,260,0
29512,174,171,3
29513,154,154,0
29514,301,301,0
29515,163,163,0
29516,281,279,2
29517,1002,995,7
29518,134,134,0
29519,146,146,0
29520,461,459,2
29521,114,114,0
29522,158,158,0
29523,135,134,1
29524,136,136,0
29525,123,123,0
29526,196,196,0
29527,39,39,0
29528,131,130,1
29529,54,54,0
29530,1045,1028,17
29531,84,84,0
29532,766,760,6
29533,314,313,1
29534,1006,992,14
29535,195,195,0
29536,131,131,0
29537,127,127,0
29538,427,422,5
29539,267,266,1
29540,112,111,1
29541,173,172,1
29542,86,86,0
29543,423,417,6
29544,170,167,3
29545,100,100,0
29546,261,260,1
29547,34,33,1
29548,202,202,0
29549,176,176,0
29550,256,255,1
29551,355,355,0
29552,411,411,0
29553,192,192,0
29554,150,150,0
29555,152,151,1
29556,292,291,1
29557,100,100,0
29558,959,953,6
29559,293,293,0
29560,174,174,0
29561,694,693,1
29562,426,424,2
29563,553,552,1
29564,333,331,2
29565,278,276,2
29566,213,213,0
29567,604,601,3
29568,177,177,0
29569,700,693,7
29570,271,271,0
29571,350,348,2
29572,198,197,1
29573,121,121,0
29574,151,151,0
29575,108,107,1
29576,226,222,4
29577,133,133,0
29578,224,223,1
29579,137,137,0
29580,178,178,0
29581,353,353,0
29582,229,224,5
29583,135,135,0
29584,243,243,0
29585,194,191,3
29586,198,197,1
29587,161,160,1
29588,400,395,5
29589,71,71,0
29590,128,128,0
29591,116,112,4
29592,228,226,2
29593,239,236,3
29594,143,139,4
29595,90,88,2
29596,179,179,0
29597,137,137,0
29598,335,335,0
29599,388,387,1
29600,173,169,4
29601,43,43,0
29602,193,193,0
29603,207,206,1
29604,539,539,0
29605,140,137,3
29606,231,229,2
29607,187,183,4
29608,519,513,6
29609,165,165,0
29610,222,222,0
29611,166,166,0
29612,143,142,1
29613,97,97,0
29614,129,127,2
29615,241,234,7
29616,1006,992,14
29617,265,265,0
29618,413,405,8
29619,125,122,3
29620,115,114,1
29621,287,286,1
29622,530,520,10
29623,113,111,2
29624,537,533,4
29625,335,331,4
29626,97,97,0
29627,628,625,3
29628,316,314,2
29629,308,307,1
29630,378,374,4
29631,102,102,0
29632,386,386,0
29633,44,44,0
29634,298,291,7
29635,266,264,2
29636,887,882,5
29637,558,551,7
29638,761,752,9
29639,149,149,0
29640,137,133,4
29641,136,135,1
29642,119,119,0
29643,260,260,0
29644,1006,996,10
29645,177,172,5
29646,126,126,0
29647,126,126,0
29648,139,139,0
29649,328,328,0
29650,136,136,0
29651,290,288,2
29652,803,798,5
29653,598,595,3
29654,117,116,1
29655,151,151,0
29656,179,179,0
29657,121,121,0
29658,289,289,0
29659,132,131,1
29660,189,189,0
29661,328,328,0
29662,191,191,0
29663,142,142,0
29664,130,130,0
29665,230,229,1
29666,289,288,1
29667,215,215,0
29668,105,105,0
29669,357,357,0
29670,123,123,0
29671,106,105,1
29672,834,830,4
29673,1010,995,15
29674,167,167,0
29675,275,272,3
29676,325,322,3
29677,76,75,1
29678,157,153,4
29679,137,136,1
29680,326,325,1
29681,256,254,2
29682,139,139,0
29683,78,78,0
29684,52,52,0
29685,137,136,1
29686,326,325,1
29687,131,130,1
29688,37,37,0
29689,125,124,1
29690,48,48,0
29691,130,130,0
29692,123,123,0
29693,125,124,1
29694,126,126,0
29695,340,340,0
29696,1029,1024,5
29697,115,114,1
29698,138,137,1
29699,154,153,1
29700,120,120,0
29701,364,360,4
29702,233,229,4
29703,616,610,6
29704,120,119,1
29705,108,108,0
29706,195,194,1
29707,134,132,2
29708,312,310,2
29709,122,121,1
29710,119,117,2
29711,170,170,0
29712,279,279,0
29713,163,162,1
29714,462,460,2
29715,141,141,0
29716,183,182,1
29717,142,141,1
29718,193,193,0
29719,226,226,0
29720,516,515,1
29721,76,76,0
29722,311,311,0
29723,264,262,2
29724,164,162,2
29725,242,241,1
29726,46,46,0
29727,174,174,0
29728,118,118,0
29729,131,130,1
29730,152,152,0
29731,301,299,2
29732,156,156,0
29733,215,215,0
29734,148,147,1
29735,109,109,0
29736,274,273,1
29737,409,409,0
29738,121,121,0
29739,174,173,1
29740,205,205,0
29741,194,194,0
29742,153,153,0
29743,722,715,7
29744,317,315,2
29745,191,191,0
29746,179,178,1
29747,199,198,1
29748,356,354,2
29749,127,127,0
29750,493,492,1
29751,576,574,2
29752,170,168,2
29753,277,277,0
29754,375,375,0
29755,616,615,1
29756,354,353,1
29757,503,502,1
29758,140,139,1
29759,198,198,0
29760,750,740,10
29761,161,160,1
29762,143,143,0
29763,140,140,0
29764,128,128,0
29765,143,143,0
29766,137,136,1
29767,112,112,0
29768,89,89,0
29769,142,139,3
29770,589,582,7
29771,195,195,0
29772,191,190,1
29773,168,167,1
29774,164,164,0
29775,103,102,1
29776,128,128,0
29777,750,748,2
29778,176,176,0
29779,130,130,0
29780,267,263,4
29781,122,120,2
29782,313,310,3
29783,352,352,0
29784,292,292,0
29785,143,140,3
29786,235,233,2
29787,40,40,0
29788,969,965,4
29789,99,99,0
29790,75,75,0
29791,77,77,0
29792,47,47,0
29793,64,64,0
29794,124,123,1
29795,86,86,0
29796,202,201,1
29797,55,55,0
29798,102,101,1
29799,788,787,1
29800,158,152,6
29801,233,232,1
29802,61,60,1
29803,257,255,2
29804,102,101,1
29805,135,134,1
29806,71,70,1
29807,110,110,0
29808,142,141,1
29809,136,136,0
29810,990,988,2
29811,236,236,0
29812,167,165,2
29813,451,447,4
29814,166,166,0
29815,107,106,1
29816,251,251,0
29817,74,74,0
29818,890,879,11
29819,189,188,1
29820,647,631,16
29821,355,355,0
29822,508,506,2
29823,607,605,2
29824,426,424,2
29825,986,982,4
29826,176,176,0
29827,198,197,1
29828,322,315,7
29829,323,321,2
29830,315,307,8
29831,189,189,0
29832,501,499,2
29833,202,197,5
29834,263,263,0
29835,497,496,1
29836,137,137,0
29837,355,354,1
29838,124,124,0
29839,1003,999,4
29840,253,253,0
29841,321,319,2
29842,144,144,0
29843,338,336,2
29844,238,237,1
29845,108,108,0
29846,123,123,0
29847,167,166,1
29848,286,284,2
29849,196,196,0
29850,122,121,1
29851,53,53,0
29852,398,394,4
29853,170,170,0
29854,161,161,0
29855,130,130,0
29856,208,207,1
29857,230,230,0
29858,523,519,4
29859,743,739,4
29860,380,375,5
29861,459,459,0
29862,480,479,1
29863,116,115,1
29864,561,557,4
29865,133,133,0
29866,333,332,1
29867,160,160,0
29868,191,191,0
29869,225,222,3
29870,254,248,6
29871,95,95,0
29872,217,215,2
29873,598,591,7
29874,187,183,4
29875,113,113,0
29876,373,370,3
29877,841,839,2
29878,567,561,6
29879,353,353,0
29880,704,699,5
29881,331,327,4
29882,206,206,0
29883,91,90,1
29884,106,106,0
29885,127,127,0
29886,152,152,0
29887,112,112,0
29888,250,248,2
29889,168,167,1
29890,131,131,0
29891,170,170,0
29892,174,174,0
29893,179,179,0
29894,134,131,3
29895,280,280,0
29896,205,205,0
29897,160,159,1
29898,234,234,0
29899,570,569,1
29900,296,296,0
29901,297,297,0
29902,297,297,0
29903,296,296,0
29904,214,214,0
29905,184,181,3
29906,184,184,0
29907,170,169,1
29908,144,144,0
29909,659,655,4
29910,294,291,3
29911,188,188,0
29912,207,205,2
29913,35,35,0
29914,158,155,3
29915,197,197,0
29916,172,171,1
29917,117,117,0
29918,191,187,4
29919,117,117,0
29920,125,125,0
29921,426,426,0
29922,131,127,4
29923,137,135,2
29924,131,130,1
29925,184,183,1
29926,124,123,1
29927,135,132,3
29928,59,59,0
29929,133,133,0
29930,63,63,0
29931,168,161,7
29932,540,538,2
29933,119,119,0
29934,140,140,0
29935,250,249,1
29936,194,193,1
29937,201,200,1
29938,287,286,1
29939,348,348,0
29940,122,122,0
29941,105,105,0
29942,134,133,1
29943,381,379,2
29944,446,444,2
29945,135,135,0
29946,182,181,1
29947,108,108,0
29948,119,117,2
29949,203,203,0
29950,164,164,0
29951,121,120,1
29952,212,212,0
29953,177,173,4
29954,154,154,0
29955,205,205,0
29956,132,132,0
29957,168,168,0
29958,165,165,0
29959,172,172,0
29960,137,137,0
29961,126,125,1
29962,203,202,1
29963,230,230,0
29964,136,136,0
29965,153,153,0
29966,72,70,2
29967,155,155,0
29968,123,123,0
29969,201,201,0
29970,165,165,0
29971,224,224,0
29972,166,163,3
29973,177,175,2
29974,233,231,2
29975,182,182,0
29976,329,325,4
29977,576,573,3
29978,125,124,1
29979,41,41,0
29980,77,76,1
29981,175,175,0
29982,161,161,0
29983,554,550,4
29984,126,126,0
29985,172,170,2
29986,221,221,0
29987,220,216,4
29988,648,639,9
29989,633,627,6
29990,367,364,3
29991,151,151,0
29992,98,95,3
29993,52,52,0
29994,183,183,0
29995,71,70,1
29996,326,322,4
29997,65,62,3
29998,64,63,1
29999,171,166,5
30000,110,110,0
30001,126,126,0
30002,194,194,0
30003,287,287,0
30004,123,120,3
30005,188,188,0
30006,171,170,1
30007,266,265,1
30008,146,142,4
30009,132,132,0
30010,134,134,0
30011,625,622,3
30012,160,159,1
30013,234,234,0
30014,122,122,0
30015,144,144,0
30016,444,444,0
30017,75,75,0
30018,103,103,0
30019,347,341,6
30020,261,260,1
30021,144,141,3
30022,693,688,5
30023,250,250,0
30024,190,188,2
30025,607,599,8
30026,50,50,0
30027,135,134,1
30028,203,203,0
30029,103,102,1
30030,203,203,0
30031,108,108,0
30032,39,38,1
30033,352,351,1
30034,329,329,0
30035,114,114,0
30036,138,137,1
30037,151,151,0
30038,126,126,0
30039,314,314,0
30040,48,48,0
30041,280,276,4
30042,151,151,0
30043,66,66,0
30044,292,291,1
30045,130,130,0
30046,140,140,0
30047,240,236,4
30048,249,248,1
30049,119,118,1
30050,108,107,1
30051,161,161,0
30052,200,200,0
30053,124,124,0
30054,188,187,1
30055,448,442,6
30056,164,149,15
30057,217,217,0
30058,51,50,1
30059,141,141,0
30060,61,60,1
30061,85,85,0
30062,175,174,1
30063,111,111,0
30064,202,199,3
30065,138,136,2
30066,114,111,3
30067,300,299,1
30068,273,271,2
30069,146,146,0
30070,335,334,1
30071,145,145,0
30072,310,309,1
30073,327,327,0
30074,562,561,1
30075,319,318,1
30076,319,317,2
30077,165,163,2
30078,604,604,0
30079,106,105,1
30080,484,480,4
30081,199,198,1
30082,157,157,0
30083,45,45,0
30084,105,105,0
30085,108,108,0
30086,41,41,0
30087,146,146,0
30088,125,121,4
30089,169,169,0
30090,110,110,0
30091,315,314,1
30092,295,294,1
30093,133,133,0
30094,135,134,1
30095,109,108,1
30096,142,140,2
30097,281,279,2
30098,402,401,1
30099,189,188,1
30100,197,196,1
30101,127,126,1
30102,45,45,0
30103,142,142,0
30104,903,898,5
30105,30,30,0
30106,195,193,2
30107,545,543,2
30108,407,402,5
30109,57,57,0
30110,139,139,0
30111,123,122,1
30112,216,216,0
30113,276,274,2
30114,152,152,0
30115,691,691,0
30116,285,279,6
30117,571,570,1
30118,130,130,0
30119,176,175,1
30120,280,278,2
30121,162,161,1
30122,65,65,0
30123,47,47,0
30124,123,122,1
30125,171,169,2
30126,958,953,5
30127,188,186,2
30128,202,202,0
30129,227,225,2
30130,364,363,1
30131,321,320,1
30132,119,118,1
30133,710,709,1
30134,468,467,1
30135,250,249,1
30136,666,662,4
30137,376,374,2
30138,424,422,2
30139,62,62,0
30140,323,322,1
30141,149,149,0
30142,126,124,2
30143,574,567,7
30144,291,286,5
30145,127,127,0
30146,126,126,0
30147,200,198,2
30148,426,426,0
30149,68,68,0
30150,69,69,0
30151,191,185,6
30152,133,132,1
30153,242,240,2
30154,306,298,8
30155,592,579,13
30156,50,50,0
30157,196,196,0
30158,130,130,0
30159,136,136,0
30160,103,101,2
30161,212,210,2
30162,158,157,1
30163,992,983,9
30164,124,124,0
30165,147,146,1
30166,197,196,1
30167,119,119,0
30168,194,194,0
30169,132,131,1
30170,187,186,1
30171,148,147,1
30172,197,196,1
30173,133,129,4
30174,100,99,1
30175,107,107,0
30176,404,403,1
30177,276,275,1
30178,167,167,0
30179,306,305,1
30180,128,127,1
30181,535,534,1
30182,136,134,2
30183,124,122,2
30184,241,240,1
30185,94,91,3
30186,162,160,2
30187,140,140,0
30188,570,562,8
30189,115,113,2
30190,244,239,5
30191,139,138,1
30192,222,221,1
30193,169,168,1
30194,309,306,3
30195,151,151,0
30196,198,198,0
30197,125,125,0
30198,64,64,0
30199,191,188,3
30200,183,181,2
30201,258,257,1
30202,58,58,0
30203,179,179,0
30204,184,177,7
30205,203,202,1
30206,114,114,0
30207,260,260,0
30208,498,494,4
30209,171,169,2
30210,550,548,2
30211,303,295,8
30212,266,261,5
30213,489,486,3
30214,105,105,0
30215,197,195,2
30216,177,175,2
30217,44,44,0
30218,297,294,3
30219,61,61,0
30220,121,121,0
30221,138,138,0
30222,115,115,0
30223,49,49,0
30224,322,317,5
30225,300,296,4
30226,116,114,2
30227,182,179,3
30228,170,170,0
30229,137,137,0
30230,123,123,0
30231,147,147,0
30232,410,404,6
30233,120,120,0
30234,133,133,0
30235,400,397,3
30236,508,508,0
30237,182,182,0
30238,170,170,0
30239,503,499,4
30240,159,159,0
30241,189,189,0
30242,112,111,1
30243,152,152,0
30244,147,146,1
30245,180,180,0
30246,180,180,0
30247,198,197,1
30248,101,100,1
30249,519,517,2
30250,211,211,0
30251,220,216,4
30252,314,311,3
30253,144,144,0
30254,377,374,3
30255,307,306,1
30256,209,209,0
30257,140,139,1
30258,280,278,2
30259,335,332,3
30260,168,166,2
30261,332,332,0
30262,98,97,1
30263,457,456,1
30264,368,362,6
30265,316,315,1
30266,81,81,0
30267,144,144,0
30268,201,200,1
30269,190,190,0
30270,151,151,0
30271,105,104,1
30272,204,204,0
30273,25,23,2
30274,126,126,0
30275,108,108,0
30276,150,150,0
30277,210,210,0
30278,218,216,2
30279,125,125,0
30280,258,258,0
30281,141,141,0
30282,80,80,0
30283,73,73,0
30284,63,63,0
30285,74,73,1
30286,131,130,1
30287,138,137,1
30288,103,103,0
30289,142,142,0
30290,163,163,0
30291,362,360,2
30292,225,225,0
30293,161,160,1
30294,270,270,0
30295,131,130,1
30296,178,178,0
30297,114,114,0
30298,177,175,2
30299,84,82,2
30300,239,239,0
30301,130,130,0
30302,139,139,0
30303,312,311,1
30304,258,258,0
30305,235,232,3
30306,406,406,0
30307,77,77,0
30308,198,198,0
30309,219,218,1
30310,99,99,0
30311,541,539,2
30312,380,377,3
30313,418,415,3
30314,119,118,1
30315,240,240,0
30316,179,178,1
30317,65,65,0
30318,90,90,0
30319,224,224,0
30320,142,142,0
30321,115,115,0
30322,225,224,1
30323,39,39,0
30324,154,154,0
30325,141,141,0
30326,206,196,10
30327,173,172,1
30328,167,167,0
30329,130,129,1
30330,271,264,7
30331,208,202,6
30332,632,631,1
30333,607,590,17
30334,224,222,2
30335,178,177,1
30336,540,529,11
30337,189,187,2
30338,199,198,1
30339,778,761,17
30340,128,128,0
30341,879,863,16
30342,125,125,0
30343,522,515,7
30344,253,251,2
30345,445,437,8
30346,1005,992,13
30347,245,234,11
30348,474,471,3
30349,65,64,1
30350,203,203,0
30351,362,360,2
30352,465,465,0
30353,204,202,2
30354,434,429,5
30355,194,190,4
30356,287,286,1
30357,110,110,0
30358,197,196,1
30359,386,375,11
30360,79,79,0
30361,56,56,0
30362,702,691,11
30363,78,77,1
30364,136,136,0
30365,175,175,0
30366,93,93,0
30367,46,45,1
30368,129,129,0
30369,117,112,5
30370,56,56,0
30371,132,131,1
30372,126,126,0
30373,200,197,3
30374,141,141,0
30375,118,118,0
30376,633,630,3
30377,201,201,0
30378,84,84,0
30379,138,138,0
30380,150,150,0
30381,147,146,1
30382,185,185,0
30383,127,127,0
30384,44,44,0
30385,71,70,1
30386,105,105,0
30387,443,442,1
30388,202,202,0
30389,69,69,0
30390,151,150,1
30391,94,93,1
30392,285,282,3
30393,160,158,2
30394,98,98,0
30395,46,46,0
30396,105,105,0
30397,194,192,2
30398,317,316,1
30399,76,76,0
30400,37,37,0
30401,130,126,4
30402,311,305,6
30403,186,184,2
30404,66,66,0
30405,136,136,0
30406,429,429,0
30407,466,457,9
30408,138,134,4
30409,438,437,1
30410,66,64,2
30411,209,202,7
30412,117,114,3
30413,426,423,3
30414,96,96,0
30415,301,298,3
30416,223,217,6
30417,148,148,0
30418,482,478,4
30419,57,57,0
30420,151,151,0
30421,67,66,1
30422,182,180,2
30423,244,241,3
30424,170,165,5
30425,161,159,2
30426,187,187,0
30427,261,243,18
30428,60,60,0
30429,45,43,2
30430,128,127,1
30431,118,117,1
30432,110,110,0
30433,203,198,5
30434,97,97,0
30435,281,280,1
30436,122,121,1
30437,124,118,6
30438,128,127,1
30439,35,35,0
30440,124,124,0
30441,168,168,0
30442,134,132,2
30443,106,106,0
30444,292,287,5
30445,146,145,1
30446,137,135,2
30447,133,133,0
30448,135,135,0
30449,196,196,0
30450,104,104,0
30451,208,206,2
30452,264,261,3
30453,813,804,9
30454,43,43,0
30455,179,179,0
30456,171,171,0
30457,209,209,0
30458,131,131,0
30459,128,127,1
30460,452,446,6
30461,163,163,0
30462,215,210,5
30463,71,71,0
30464,66,66,0
30465,108,108,0
30466,203,203,0
30467,237,233,4
30468,182,182,0
30469,175,175,0
30470,69,69,0
30471,108,108,0
30472,136,135,1
30473,136,135,1
30474,165,165,0
30475,160,160,0
30476,173,173,0
30477,147,146,1
30478,305,305,0
30479,168,168,0
30480,194,194,0
30481,55,55,0
30482,184,184,0
30483,130,130,0
30484,273,268,5
30485,165,165,0
30486,442,439,3
30487,75,75,0
30488,172,171,1
30489,148,147,1
30490,76,76,0
30491,186,185,1
30492,145,145,0
30493,171,171,0
30494,150,150,0
30495,118,117,1
30496,264,263,1
30497,67,67,0
30498,413,413,0
30499,303,297,6
30500,101,101,0
30501,82,82,0
30502,121,121,0
30503,190,188,2
30504,127,126,1
30505,241,239,2
30506,277,276,1
30507,167,167,0
30508,134,133,1
30509,244,244,0
30510,221,220,1
30511,115,114,1
30512,287,282,5
30513,141,141,0
30514,160,160,0
30515,157,156,1
30516,160,159,1
30517,265,261,4
30518,130,130,0
30519,344,342,2
30520,46,46,0
30521,324,322,2
30522,305,305,0
30523,135,134,1
30524,190,190,0
30525,223,220,3
30526,31,31,0
30527,380,372,8
30528,298,298,0
30529,62,62,0
30530,469,465,4
30531,137,137,0
30532,385,385,0
30533,118,117,1
30534,127,127,0
30535,154,154,0
30536,143,142,1
30537,240,239,1
30538,376,376,0
30539,196,196,0
30540,104,104,0
30541,194,191,3
30542,168,167,1
30543,594,591,3
30544,645,645,0
30545,143,143,0
30546,253,253,0
30547,783,781,2
30548,236,235,1
30549,377,375,2
30550,746,745,1
30551,120,120,0
30552,157,154,3
30553,194,193,1
30554,211,210,1
30555,130,129,1
30556,148,147,1
30557,82,81,1
30558,187,185,2
30559,175,175,0
30560,348,347,1
30561,143,143,0
30562,168,167,1
30563,99,98,1
30564,138,137,1
30565,939,933,6
30566,223,222,1
30567,128,128,0
30568,125,123,2
30569,225,222,3
30570,512,506,6
30571,180,180,0
30572,134,134,0
30573,160,159,1
30574,114,114,0
30575,277,275,2
30576,279,277,2
30577,122,121,1
30578,70,70,0
30579,156,156,0
30580,120,118,2
30581,136,134,2
30582,175,169,6
30583,136,134,2
30584,132,132,0
30585,165,165,0
30586,258,255,3
30587,566,564,2
30588,165,164,1
30589,99,99,0
30590,387,381,6
30591,167,166,1
30592,272,272,0
30593,564,561,3
30594,165,165,0
30595,188,187,1
30596,201,200,1
30597,195,194,1
30598,534,533,1
30599,251,251,0
30600,193,193,0
30601,332,329,3
30602,94,93,1
30603,325,322,3
30604,612,608,4
30605,128,128,0
30606,214,213,1
30607,230,227,3
30608,145,145,0
30609,659,657,2
30610,172,172,0
30611,49,49,0
30612,2151,2124,27
30613,598,595,3
30614,149,149,0
30615,118,118,0
30616,396,396,0
30617,175,174,1
30618,81,81,0
30619,226,224,2
30620,53,53,0
30621,900,895,5
30622,57,57,0
30623,229,228,1
30624,253,253,0
30625,115,115,0
30626,71,71,0
30627,65,64,1
30628,678,676,2
30629,244,242,2
30630,96,96,0
30631,158,158,0
30632,996,993,3
30633,144,142,2
30634,232,229,3
30635,138,137,1
30636,746,743,3
30637,144,142,2
30638,196,196,0
30639,237,237,0
30640,379,376,3
30641,130,128,2
30642,346,344,2
30643,733,732,1
30644,525,525,0
30645,186,184,2
30646,265,257,8
30647,257,257,0
30648,130,130,0
30649,605,603,2
30650,133,132,1
30651,68,68,0
30652,63,63,0
30653,166,166,0
30654,947,945,2
30655,140,140,0
30656,120,120,0
30657,337,331,6
30658,504,503,1
30659,248,246,2
30660,196,196,0
30661,307,307,0
30662,215,215,0
30663,212,212,0
30664,379,378,1
30665,193,193,0
30666,252,252,0
30667,106,100,6
30668,323,322,1
30669,216,215,1
30670,110,109,1
30671,141,139,2
30672,272,267,5
30673,155,155,0
30674,186,186,0
30675,197,197,0
30676,341,340,1
30677,553,551,2
30678,139,138,1
30679,193,192,1
30680,369,366,3
30681,172,172,0
30682,150,150,0
30683,315,310,5
30684,471,469,2
30685,155,155,0
30686,294,293,1
30687,341,340,1
30688,403,401,2
30689,130,130,0
30690,210,208,2
30691,118,118,0
30692,203,202,1
30693,170,169,1
30694,145,144,1
30695,382,375,7
30696,287,285,2
30697,190,185,5
30698,223,223,0
30699,140,140,0
30700,102,102,0
30701,289,287,2
30702,462,459,3
30703,129,129,0
30704,628,625,3
30705,360,358,2
30706,202,201,1
30707,270,270,0
30708,561,558,3
30709,725,725,0
30710,141,141,0
30711,105,105,0
30712,47,46,1
30713,102,100,2
30714,50,50,0
30715,110,110,0
30716,132,132,0
30717,114,113,1
30718,133,132,1
30719,76,76,0
30720,783,771,12
30721,129,128,1
30722,50,50,0
30723,145,145,0
30724,135,134,1
30725,177,172,5
30726,221,220,1
30727,158,158,0
30728,206,204,2
30729,244,242,2
30730,127,127,0
30731,187,187,0
30732,69,66,3
30733,154,154,0
30734,197,196,1
30735,245,245,0
30736,249,248,1
30737,133,132,1
30738,302,302,0
30739,233,231,2
30740,133,131,2
30741,140,140,0
30742,192,192,0
30743,116,115,1
30744,381,380,1
30745,387,386,1
30746,193,192,1
30747,397,397,0
30748,291,291,0
30749,439,437,2
30750,117,116,1
30751,316,315,1
30752,473,471,2
30753,471,470,1
30754,139,139,0
30755,190,189,1
30756,956,950,6
30757,239,239,0
30758,160,159,1
30759,309,307,2
30760,223,223,0
30761,283,280,3
30762,121,120,1
30763,188,188,0
30764,322,321,1
30765,184,184,0
30766,220,220,0
30767,142,142,0
30768,371,371,0
30769,188,187,1
30770,731,723,8
30771,531,529,2
30772,279,278,1
30773,95,90,5
30774,427,427,0
30775,186,177,9
30776,616,611,5
30777,254,251,3
30778,141,141,0
30779,110,110,0
30780,179,179,0
30781,105,105,0
30782,145,144,1
30783,232,231,1
30784,171,170,1
30785,1400,1391,9
30786,103,98,5
30787,189,189,0
30788,141,141,0
30789,123,123,0
30790,189,189,0
30791,238,237,1
30792,143,143,0
30793,206,206,0
30794,167,165,2
30795,514,511,3
30796,161,160,1
30797,130,129,1
30798,146,146,0
30799,331,329,2
30800,633,633,0
30801,129,129,0
30802,263,262,1
30803,360,360,0
30804,117,117,0
30805,239,238,1
30806,155,155,0
30807,113,113,0
30808,280,280,0
30809,695,690,5
30810,141,141,0
30811,151,151,0
30812,30,30,0
30813,52,48,4
30814,24,24,0
30815,44,44,0
30816,170,169,1
30817,156,156,0
30818,130,130,0
30819,123,121,2
30820,686,681,5
30821,158,156,2
30822,266,266,0
30823,111,111,0
30824,827,821,6
30825,238,236,2
30826,828,821,7
30827,99,95,4
30828,176,175,1
30829,131,129,2
30830,88,88,0
30831,293,293,0
30832,287,285,2
30833,267,266,1
30834,563,558,5
30835,414,413,1
30836,438,430,8
30837,158,158,0
30838,525,523,2
30839,165,164,1
30840,300,297,3
30841,384,383,1
30842,152,151,1
30843,129,129,0
30844,85,85,0
30845,448,443,5
30846,140,140,0
30847,162,162,0
30848,123,123,0
30849,725,722,3
30850,174,171,3
30851,335,333,2
30852,210,210,0
30853,67,66,1
30854,502,501,1
30855,114,112,2
30856,245,240,5
30857,168,164,4
30858,424,422,2
30859,268,268,0
30860,192,191,1
30861,120,116,4
30862,178,178,0
30863,152,148,4
30864,142,141,1
30865,129,129,0
30866,226,226,0
30867,72,71,1
30868,327,327,0
30869,537,537,0
30870,239,238,1
30871,76,76,0
30872,218,218,0
30873,175,172,3
30874,132,130,2
30875,199,198,1
30876,139,138,1
30877,295,293,2
30878,239,239,0
30879,173,171,2
30880,317,317,0
30881,185,185,0
30882,171,171,0
30883,234,234,0
30884,31,31,0
30885,161,160,1
30886,110,108,2
30887,122,122,0
30888,129,128,1
30889,173,171,2
30890,2147,2128,19
30891,53,53,0
30892,313,311,2
30893,149,149,0
30894,56,56,0
30895,108,107,1
30896,222,221,1
30897,446,444,2
30898,152,150,2
30899,414,411,3
30900,98,98,0
30901,327,327,0
30902,228,228,0
30903,303,303,0
30904,384,384,0
30905,168,167,1
30906,599,596,3
30907,62,62,0
30908,213,213,0
30909,298,295,3
30910,251,251,0
30911,76,76,0
30912,1039,1037,2
30913,120,120,0
30914,67,67,0
30915,111,111,0
30916,115,114,1
30917,51,51,0
30918,121,119,2
30919,464,461,3
30920,186,184,2
30921,266,266,0
30922,245,244,1
30923,465,462,3
30924,158,154,4
30925,191,191,0
30926,122,121,1
30927,96,96,0
30928,176,172,4
30929,133,131,2
30930,130,129,1
30931,148,147,1
30932,201,200,1
30933,191,191,0
30934,169,169,0
30935,186,186,0
30936,284,283,1
30937,958,954,4
30938,220,220,0
30939,108,108,0
30940,115,113,2
30941,132,129,3
30942,130,128,2
30943,158,158,0
30944,107,105,2
30945,372,371,1
30946,107,106,1
30947,59,59,0
30948,128,128,0
30949,65,65,0
30950,112,111,1
30951,225,225,0
30952,72,72,0
30953,228,228,0
30954,71,71,0
30955,145,145,0
30956,320,318,2
30957,187,186,1
30958,312,311,1
30959,399,398,1
30960,153,153,0
30961,135,134,1
30962,169,169,0
30963,136,136,0
30964,270,268,2
30965,293,293,0
30966,54,53,1
30967,120,117,3
30968,252,251,1
30969,90,90,0
30970,393,393,0
30971,466,466,0
30972,106,104,2
30973,522,520,2
30974,137,137,0
30975,172,171,1
30976,121,121,0
30977,85,84,1
30978,160,159,1
30979,52,51,1
30980,112,112,0
30981,286,286,0
30982,170,170,0
30983,167,167,0
30984,501,498,3
30985,29,29,0
30986,112,112,0
30987,138,137,1
30988,298,296,2
30989,184,183,1
30990,385,384,1
30991,713,711,2
30992,296,296,0
30993,230,230,0
30994,148,147,1
30995,169,169,0
30996,137,136,1
30997,269,265,4
30998,160,160,0
30999,147,146,1
31000,443,441,2
31001,140,140,0
31002,356,354,2
31003,180,180,0
31004,766,762,4
31005,285,285,0
31006,209,209,0
31007,625,622,3
31008,196,194,2
31009,610,605,5
31010,49,49,0
31011,218,214,4
31012,664,660,4
31013,636,634,2
31014,200,200,0
31015,305,302,3
31016,87,87,0
31017,206,206,0
31018,158,157,1
31019,192,192,0
31020,228,226,2
31021,129,129,0
31022,192,192,0
31023,68,68,0
31024,180,179,1
31025,412,408,4
31026,258,258,0
31027,671,664,7
31028,91,91,0
31029,577,570,7
31030,225,225,0
31031,213,212,1
31032,88,88,0
31033,236,234,2
31034,130,130,0
31035,149,147,2
31036,90,90,0
31037,345,344,1
31038,507,504,3
31039,243,242,1
31040,242,241,1
31041,113,112,1
31042,70,70,0
31043,67,67,0
31044,287,284,3
31045,586,584,2
31046,645,640,5
31047,471,467,4
31048,493,492,1
31049,454,453,1
31050,834,827,7
31051,176,176,0
31052,1019,1010,9
31053,329,327,2
31054,196,196,0
31055,138,138,0
31056,173,173,0
31057,287,287,0
31058,188,188,0
31059,249,246,3
31060,304,302,2
31061,218,217,1
31062,120,120,0
31063,742,731,11
31064,533,531,2
31065,200,200,0
31066,49,49,0
31067,170,170,0
31068,197,197,0
31069,741,737,4
31070,162,161,1
31071,147,147,0
31072,155,155,0
31073,128,128,0
31074,44,44,0
31075,211,210,1
31076,91,89,2
31077,54,54,0
31078,55,55,0
31079,68,68,0
31080,46,46,0
31081,107,106,1
31082,49,49,0
31083,180,178,2
31084,44,44,0
31085,70,70,0
31086,136,136,0
31087,73,73,0
31088,120,119,1
31089,47,47,0
31090,205,205,0
31091,138,133,5
31092,84,83,1
31093,233,233,0
31094,114,113,1
31095,288,286,2
31096,374,372,2
31097,151,151,0
31098,59,59,0
31099,116,115,1
31100,144,144,0
31101,148,147,1
31102,311,311,0
31103,658,657,1
31104,780,780,0
31105,81,80,1
31106,165,163,2
31107,50,50,0
31108,156,154,2
31109,302,299,3
31110,126,126,0
31111,967,967,0
31112,170,170,0
31113,708,697,11
31114,680,678,2
31115,111,111,0
31116,124,121,3
31117,227,225,2
31118,101,101,0
31119,117,117,0
31120,137,137,0
31121,87,87,0
31122,117,116,1
31123,221,221,0
31124,167,163,4
31125,143,142,1
31126,305,303,2
31127,115,115,0
31128,128,128,0
31129,204,203,1
31130,111,111,0
31131,659,659,0
31132,57,57,0
31133,126,125,1
31134,127,126,1
31135,139,139,0
31136,131,131,0
31137,240,240,0
31138,156,156,0
31139,131,131,0
31140,122,122,0
31141,128,128,0
31142,159,158,1
31143,122,122,0
31144,115,114,1
31145,368,365,3
31146,176,176,0
31147,421,419,2
31148,161,159,2
31149,424,424,0
31150,461,460,1
31151,261,261,0
31152,213,212,1
31153,204,204,0
31154,232,232,0
31155,454,453,1
31156,481,477,4
31157,247,247,0
31158,146,144,2
31159,487,483,4
31160,157,157,0
31161,198,198,0
31162,132,132,0
31163,218,218,0
31164,571,567,4
31165,112,111,1
31166,134,134,0
31167,121,121,0
31168,136,136,0
31169,271,271,0
31170,130,130,0
31171,119,119,0
31172,126,126,0
31173,116,116,0
31174,96,95,1
31175,241,233,8
31176,120,119,1
31177,142,141,1
31178,260,254,6
31179,68,68,0
31180,117,114,3
31181,179,175,4
31182,182,181,1
31183,130,128,2
31184,93,92,1
31185,204,201,3
31186,180,178,2
31187,298,298,0
31188,124,124,0
31189,273,272,1
31190,171,171,0
31191,199,196,3
31192,388,387,1
31193,185,179,6
31194,164,163,1
31195,126,124,2
31196,135,133,2
31197,205,205,0
31198,246,246,0
31199,173,172,1
31200,239,236,3
31201,212,211,1
31202,143,143,0
31203,189,188,1
31204,143,142,1
31205,85,84,1
31206,243,242,1
31207,340,339,1
31208,146,146,0
31209,660,655,5
31210,330,328,2
31211,130,128,2
31212,322,322,0
31213,180,179,1
31214,293,292,1
31215,144,143,1
31216,267,264,3
31217,282,280,2
31218,493,493,0
31219,128,127,1
31220,418,416,2
31221,108,107,1
31222,452,447,5
31223,239,237,2
31224,123,122,1
31225,140,140,0
31226,232,230,2
31227,161,161,0
31228,131,129,2
31229,150,150,0
31230,117,117,0
31231,987,984,3
31232,132,132,0
31233,174,172,2
31234,248,248,0
31235,70,68,2
31236,344,342,2
31237,161,160,1
31238,533,531,2
31239,334,333,1
31240,58,56,2
31241,298,295,3
31242,692,690,2
31243,130,130,0
31244,200,197,3
31245,464,462,2
31246,170,170,0
31247,235,235,0
31248,195,194,1
31249,177,176,1
31250,132,132,0
31251,404,402,2
31252,420,420,0
31253,76,75,1
31254,926,915,11
31255,283,283,0
31256,84,82,2
31257,88,87,1
31258,62,62,0
31259,250,250,0
31260,63,61,2
31261,156,156,0
31262,40,40,0
31263,51,50,1
31264,106,106,0
31265,67,67,0
31266,111,110,1
31267,245,244,1
31268,123,123,0
31269,168,168,0
31270,125,125,0
31271,55,55,0
31272,142,140,2
31273,173,171,2
31274,198,198,0
31275,167,167,0
31276,53,52,1
31277,287,283,4
31278,242,236,6
31279,908,907,1
31280,188,186,2
31281,188,187,1
31282,223,223,0
31283,79,79,0
31284,244,241,3
31285,119,118,1
31286,150,147,3
31287,236,235,1
31288,274,272,2
31289,149,148,1
31290,365,365,0
31291,618,615,3
31292,336,334,2
31293,242,238,4
31294,424,423,1
31295,884,881,3
31296,154,154,0
31297,154,154,0
31298,154,154,0
31299,77,75,2
31300,154,154,0
31301,175,175,0
31302,154,154,0
31303,130,129,1
31304,176,176,0
31305,153,152,1
31306,211,211,0
31307,371,368,3
31308,45,43,2
31309,175,175,0
31310,171,168,3
31311,173,173,0
31312,216,216,0
31313,126,124,2
31314,531,527,4
31315,574,564,10
31316,225,223,2
31317,332,332,0
31318,290,287,3
31319,768,755,13
31320,228,227,1
31321,179,178,1
31322,239,238,1
31323,748,739,9
31324,454,451,3
31325,508,505,3
31326,276,276,0
31327,170,170,0
31328,308,301,7
31329,147,147,0
31330,179,178,1
31331,284,284,0
31332,64,63,1
31333,102,101,1
31334,65,65,0
31335,169,169,0
31336,409,406,3
31337,357,354,3
31338,346,344,2
31339,274,270,4
31340,337,335,2
31341,142,142,0
31342,413,413,0
31343,114,114,0
31344,650,645,5
31345,104,104,0
31346,325,314,11
31347,100,100,0
31348,301,300,1
31349,268,264,4
31350,362,362,0
31351,205,204,1
31352,252,252,0
31353,261,260,1
31354,88,86,2
31355,101,101,0
31356,16,16,0
31357,93,93,0
31358,96,96,0
31359,129,129,0
31360,162,161,1
31361,80,80,0
31362,105,105,0
31363,195,195,0
31364,134,131,3
31365,100,100,0
31366,385,385,0
31367,110,107,3
31368,199,194,5
31369,47,47,0
31370,128,127,1
31371,140,139,1
31372,139,139,0
31373,144,143,1
31374,173,172,1
31375,275,272,3
31376,194,194,0
31377,258,258,0
31378,150,148,2
31379,142,142,0
31380,273,273,0
31381,149,149,0
31382,158,158,0
31383,224,222,2
31384,219,216,3
31385,195,195,0
31386,847,835,12
31387,178,177,1
31388,107,107,0
31389,89,88,1
31390,141,141,0
31391,165,164,1
31392,113,113,0
31393,830,823,7
31394,418,415,3
31395,873,870,3
31396,1031,1022,9
31397,327,327,0
31398,200,200,0
31399,664,658,6
31400,404,387,17
31401,174,174,0
31402,413,409,4
31403,140,140,0
31404,132,132,0
31405,181,179,2
31406,240,240,0
31407,556,553,3
31408,138,138,0
31409,170,169,1
31410,154,151,3
31411,152,152,0
31412,192,190,2
31413,179,179,0
31414,224,223,1
31415,128,128,0
31416,113,112,1
31417,833,826,7
31418,130,130,0
31419,296,292,4
31420,206,204,2
31421,400,398,2
31422,118,117,1
31423,458,458,0
31424,289,289,0
31425,224,224,0
31426,191,191,0
31427,127,125,2
31428,74,74,0
31429,125,125,0
31430,99,98,1
31431,65,65,0
31432,193,190,3
31433,20,20,0
31434,31,31,0
31435,40,40,0
31436,112,112,0
31437,88,87,1
31438,142,142,0
31439,56,56,0
31440,199,198,1
31441,63,63,0
31442,93,93,0
31443,106,105,1
31444,586,583,3
31445,198,197,1
31446,404,400,4
31447,52,52,0
31448,47,47,0
31449,332,330,2
31450,123,122,1
31451,141,140,1
31452,114,114,0
31453,243,243,0
31454,156,156,0
31455,269,260,9
31456,83,83,0
31457,128,128,0
31458,600,594,6
31459,148,147,1
31460,727,716,11
31461,126,125,1
31462,122,122,0
31463,104,104,0
31464,58,58,0
31465,280,279,1
31466,139,139,0
31467,111,110,1
31468,135,135,0
31469,164,164,0
31470,159,157,2
31471,139,139,0
31472,193,193,0
31473,129,128,1
31474,210,210,0
31475,142,142,0
31476,468,459,9
31477,256,256,0
31478,106,105,1
31479,263,262,1
31480,382,379,3
31481,273,272,1
31482,274,273,1
31483,500,499,1
31484,606,600,6
31485,486,482,4
31486,254,250,4
31487,331,329,2
31488,158,157,1
31489,167,167,0
31490,438,432,6
31491,239,237,2
31492,546,542,4
31493,155,155,0
31494,274,271,3
31495,249,249,0
31496,200,199,1
31497,248,248,0
31498,385,385,0
31499,94,94,0
31500,500,498,2
31501,335,333,2
31502,229,229,0
31503,154,153,1
31504,271,271,0
31505,261,260,1
31506,354,354,0
31507,585,581,4
31508,1034,1027,7
31509,121,120,1
31510,308,308,0
31511,188,185,3
31512,167,167,0
31513,121,119,2
31514,118,117,1
31515,125,124,1
31516,170,170,0
31517,433,430,3
31518,250,249,1
31519,376,375,1
31520,73,73,0
31521,188,188,0
31522,207,207,0
31523,339,338,1
31524,488,488,0
31525,155,155,0
31526,305,305,0
31527,195,193,2
31528,145,145,0
31529,279,279,0
31530,121,121,0
31531,298,296,2
31532,136,135,1
31533,308,308,0
31534,168,168,0
31535,431,429,2
31536,182,180,2
31537,128,128,0
31538,53,52,1
31539,42,42,0
31540,97,97,0
31541,55,55,0
31542,173,173,0
31543,119,119,0
31544,62,59,3
31545,97,97,0
31546,79,78,1
31547,215,215,0
31548,525,521,4
31549,43,43,0
31550,111,111,0
31551,44,44,0
31552,267,262,5
31553,136,134,2
31554,113,113,0
31555,182,180,2
31556,182,180,2
31557,182,180,2
31558,188,188,0
31559,208,206,2
31560,203,202,1
31561,291,290,1
31562,273,272,1
31563,233,232,1
31564,274,266,8
31565,148,148,0
31566,87,86,1
31567,498,496,2
31568,273,272,1
31569,675,674,1
31570,97,97,0
31571,331,308,23
31572,498,493,5
31573,121,121,0
31574,230,228,2
31575,165,165,0
31576,149,149,0
31577,70,70,0
31578,54,54,0
31579,221,221,0
31580,97,97,0
31581,238,236,2
31582,82,82,0
31583,136,136,0
31584,59,59,0
31585,288,286,2
31586,485,484,1
31587,410,409,1
31588,98,97,1
31589,161,160,1
31590,699,695,4
31591,216,216,0
31592,296,293,3
31593,299,299,0
31594,966,951,15
31595,174,174,0
31596,125,124,1
31597,159,159,0
31598,102,100,2
31599,136,135,1
31600,293,290,3
31601,112,112,0
31602,104,104,0
31603,128,128,0
31604,237,236,1
31605,616,615,1
31606,539,526,13
31607,445,444,1
31608,293,290,3
31609,218,218,0
31610,178,174,4
31611,815,806,9
31612,44,44,0
31613,76,76,0
31614,83,83,0
31615,177,177,0
31616,149,148,1
31617,340,335,5
31618,207,206,1
31619,239,239,0
31620,116,116,0
31621,133,132,1
31622,117,117,0
31623,258,256,2
31624,135,135,0
31625,143,143,0
31626,95,95,0
31627,229,229,0
31628,157,157,0
31629,116,115,1
31630,241,238,3
31631,364,362,2
31632,139,139,0
31633,117,116,1
31634,179,179,0
31635,77,77,0
31636,439,439,0
31637,67,67,0
31638,222,221,1
31639,227,227,0
31640,109,108,1
31641,51,51,0
31642,117,114,3
31643,381,379,2
31644,114,114,0
31645,430,427,3
31646,282,279,3
31647,33,33,0
31648,645,641,4
31649,119,119,0
31650,302,299,3
31651,107,107,0
31652,65,64,1
31653,179,179,0
31654,636,636,0
31655,330,328,2
31656,600,595,5
31657,675,670,5
31658,101,101,0
31659,320,314,6
31660,83,83,0
31661,136,136,0
31662,100,99,1
31663,156,156,0
31664,114,114,0
31665,363,361,2
31666,123,123,0
31667,168,166,2
31668,200,196,4
31669,496,492,4
31670,155,155,0
31671,341,339,2
31672,255,252,3
31673,150,150,0
31674,251,251,0
31675,150,150,0
31676,196,195,1
31677,104,103,1
31678,598,592,6
31679,574,572,2
31680,687,682,5
31681,349,347,2
31682,201,199,2
31683,243,242,1
31684,297,297,0
31685,55,55,0
31686,108,108,0
31687,611,608,3
31688,107,106,1
31689,172,172,0
31690,261,260,1
31691,234,234,0
31692,230,228,2
31693,337,335,2
31694,150,150,0
31695,169,169,0
31696,193,193,0
31697,66,65,1
31698,137,136,1
31699,103,103,0
31700,81,81,0
31701,209,209,0
31702,159,158,1
31703,505,500,5
31704,110,110,0
31705,142,141,1
31706,124,123,1
31707,84,83,1
31708,201,201,0
31709,187,186,1
31710,259,252,7
31711,232,230,2
31712,295,295,0
31713,915,900,15
31714,380,378,2
31715,212,209,3
31716,448,444,4
31717,180,179,1
31718,208,207,1
31719,306,304,2
31720,308,308,0
31721,177,176,1
31722,226,221,5
31723,298,297,1
31724,155,155,0
31725,249,246,3
31726,134,133,1
31727,153,149,4
31728,119,119,0
31729,188,188,0
31730,402,400,2
31731,72,70,2
31732,149,149,0
31733,186,186,0
31734,155,152,3
31735,210,210,0
31736,56,56,0
31737,246,246,0
31738,749,742,7
31739,168,168,0
31740,142,141,1
31741,76,76,0
31742,313,310,3
31743,96,96,0
31744,92,92,0
31745,187,182,5
31746,130,130,0
31747,157,156,1
31748,299,299,0
31749,211,208,3
31750,178,178,0
31751,226,223,3
31752,241,241,0
31753,264,264,0
31754,869,844,25
31755,308,307,1
31756,141,141,0
31757,525,522,3
31758,476,472,4
31759,45,43,2
31760,127,126,1
31761,174,172,2
31762,271,271,0
31763,72,71,1
31764,141,138,3
31765,69,69,0
31766,61,59,2
31767,218,217,1
31768,144,144,0
31769,51,51,0
31770,71,70,1
31771,1029,1024,5
31772,190,190,0
31773,61,61,0
31774,135,134,1
31775,145,140,5
31776,328,325,3
31777,48,48,0
31778,242,240,2
31779,246,245,1
31780,156,155,1
31781,486,483,3
31782,256,256,0
31783,202,202,0
31784,249,248,1
31785,347,347,0
31786,348,345,3
31787,119,118,1
31788,296,296,0
31789,618,614,4
31790,202,200,2
31791,243,243,0
31792,163,161,2
31793,144,141,3
31794,268,267,1
31795,114,114,0
31796,265,261,4
31797,468,462,6
31798,145,145,0
31799,148,146,2
31800,136,136,0
31801,114,114,0
31802,272,272,0
31803,189,189,0
31804,558,557,1
31805,307,306,1
31806,405,405,0
31807,327,323,4
31808,169,168,1
31809,226,226,0
31810,161,159,2
31811,126,126,0
31812,120,120,0
31813,128,128,0
31814,154,152,2
31815,147,144,3
31816,386,386,0
31817,137,136,1
31818,119,118,1
31819,97,97,0
31820,206,202,4
31821,264,264,0
31822,518,517,1
31823,329,328,1
31824,186,186,0
31825,466,464,2
31826,934,933,1
31827,559,557,2
31828,498,494,4
31829,160,160,0
31830,293,292,1
31831,44,44,0
31832,217,217,0
31833,188,186,2
31834,50,50,0
31835,432,431,1
31836,245,245,0
31837,212,210,2
31838,563,561,2
31839,55,55,0
31840,297,297,0
31841,197,194,3
31842,122,122,0
31843,554,551,3
31844,156,154,2
31845,261,257,4
31846,200,200,0
31847,236,232,4
31848,85,83,2
31849,126,123,3
31850,141,140,1
31851,102,101,1
31852,241,240,1
31853,161,161,0
31854,74,73,1
31855,119,118,1
31856,80,80,0
31857,24,24,0
31858,184,184,0
31859,194,191,3
31860,86,86,0
31861,239,238,1
31862,421,411,10
31863,256,254,2
31864,221,218,3
31865,62,62,0
31866,107,106,1
31867,823,815,8
31868,118,118,0
31869,168,167,1
31870,115,114,1
31871,49,49,0
31872,137,133,4
31873,228,222,6
31874,133,133,0
31875,489,473,16
31876,234,234,0
31877,153,153,0
31878,170,169,1
31879,267,262,5
31880,171,169,2
31881,316,309,7
31882,112,112,0
31883,369,361,8
31884,92,89,3
31885,127,127,0
31886,184,182,2
31887,56,56,0
31888,187,187,0
31889,747,735,12
31890,122,121,1
31891,213,213,0
31892,122,122,0
31893,58,58,0
31894,130,128,2
31895,153,150,3
31896,251,250,1
31897,459,457,2
31898,66,66,0
31899,337,336,1
31900,73,73,0
31901,204,202,2
31902,297,291,6
31903,117,114,3
31904,78,75,3
31905,276,275,1
31906,260,259,1
31907,202,202,0
31908,154,154,0
31909,36,34,2
31910,266,266,0
31911,146,146,0
31912,57,56,1
31913,180,179,1
31914,321,320,1
31915,117,117,0
31916,315,314,1
31917,188,188,0
31918,295,291,4
31919,481,481,0
31920,95,95,0
31921,94,94,0
31922,633,631,2
31923,112,112,0
31924,120,120,0
31925,286,285,1
31926,276,273,3
31927,247,247,0
31928,458,457,1
31929,172,172,0
31930,107,107,0
31931,67,67,0
31932,722,718,4
31933,154,154,0
31934,152,148,4
31935,207,206,1
31936,167,167,0
31937,491,485,6
31938,178,178,0
31939,310,309,1
31940,134,134,0
31941,110,108,2
31942,142,142,0
31943,153,153,0
31944,99,99,0
31945,473,468,5
31946,66,66,0
31947,136,135,1
31948,485,478,7
31949,147,145,2
31950,161,160,1
31951,422,416,6
31952,133,133,0
31953,149,149,0
31954,119,117,2
31955,168,167,1
31956,150,149,1
31957,104,102,2
31958,410,406,4
31959,278,278,0
31960,43,43,0
31961,111,109,2
31962,320,316,4
31963,137,137,0
31964,196,196,0
31965,139,139,0
31966,200,199,1
31967,92,92,0
31968,200,200,0
31969,162,162,0
31970,63,63,0
31971,164,163,1
31972,57,57,0
31973,81,81,0
31974,33,33,0
31975,65,65,0
31976,107,106,1
31977,67,67,0
31978,195,195,0
31979,131,131,0
31980,166,165,1
31981,129,129,0
31982,192,192,0
31983,224,223,1
31984,97,97,0
31985,119,119,0
31986,97,97,0
31987,143,143,0
31988,80,79,1
31989,139,139,0
31990,193,192,1
31991,782,778,4
31992,411,398,13
31993,123,119,4
31994,131,128,3
31995,104,103,1
31996,125,123,2
31997,184,183,1
31998,186,185,1
31999,56,56,0
32000,185,185,0
32001,371,365,6
32002,90,90,0
32003,346,338,8
32004,261,259,2
32005,87,87,0
32006,138,136,2
32007,214,214,0
32008,589,586,3
32009,294,292,2
32010,130,128,2
32011,401,398,3
32012,190,190,0
32013,534,534,0
32014,409,402,7
32015,196,195,1
32016,412,404,8
32017,180,179,1
32018,143,143,0
32019,159,159,0
32020,523,521,2
32021,73,72,1
32022,635,634,1
32023,249,247,2
32024,421,419,2
32025,366,362,4
32026,786,776,10
32027,269,269,0
32028,493,491,2
32029,355,355,0
32030,833,827,6
32031,240,238,2
32032,376,370,6
32033,305,304,1
32034,116,116,0
32035,183,183,0
32036,251,251,0
32037,326,324,2
32038,301,301,0
32039,137,137,0
32040,522,521,1
32041,380,378,2
32042,133,130,3
32043,312,310,2
32044,240,239,1
32045,108,108,0
32046,207,205,2
32047,143,143,0
32048,25,25,0
32049,160,159,1
32050,247,246,1
32051,156,156,0
32052,244,244,0
32053,386,385,1
32054,209,208,1
32055,120,120,0
32056,183,183,0
32057,148,148,0
32058,231,229,2
32059,69,69,0
32060,144,143,1
32061,363,356,7
32062,297,295,2
32063,289,287,2
32064,759,753,6
32065,126,125,1
32066,62,62,0
32067,19,19,0
32068,78,78,0
32069,128,126,2
32070,45,45,0
32071,126,126,0
32072,153,153,0
32073,225,224,1
32074,53,53,0
32075,132,131,1
32076,130,129,1
32077,642,639,3
32078,136,136,0
32079,134,134,0
32080,210,207,3
32081,112,111,1
32082,139,138,1
32083,131,131,0
32084,146,145,1
32085,171,169,2
32086,139,139,0
32087,130,130,0
32088,123,121,2
32089,126,126,0
32090,132,132,0
32091,174,174,0
32092,172,172,0
32093,195,194,1
32094,283,281,2
32095,140,140,0
32096,241,239,2
32097,262,262,0
32098,182,182,0
32099,75,75,0
32100,125,125,0
32101,126,125,1
32102,286,284,2
32103,154,154,0
32104,127,126,1
32105,213,213,0
32106,169,169,0
32107,210,210,0
32108,322,314,8
32109,192,192,0
32110,122,122,0
32111,183,180,3
32112,882,868,14
32113,186,180,6
32114,314,310,4
32115,238,235,3
32116,188,185,3
32117,187,187,0
32118,225,224,1
32119,552,548,4
32120,129,129,0
32121,446,445,1
32122,639,630,9
32123,271,269,2
32124,512,508,4
32125,200,199,1
32126,736,736,0
32127,175,175,0
32128,171,171,0
32129,152,151,1
32130,401,395,6
32131,156,156,0
32132,165,165,0
32133,162,161,1
32134,128,127,1
32135,154,154,0
32136,166,165,1
32137,56,56,0
32138,45,45,0
32139,287,285,2
32140,187,186,1
32141,121,120,1
32142,228,228,0
32143,398,395,3
32144,421,420,1
32145,130,130,0
32146,119,119,0
32147,463,460,3
32148,153,153,0
32149,139,138,1
32150,320,312,8
32151,98,98,0
32152,42,42,0
32153,55,55,0
32154,170,169,1
32155,103,102,1
32156,168,165,3
32157,136,135,1
32158,515,512,3
32159,368,365,3
32160,241,241,0
32161,486,485,1
32162,37,37,0
32163,167,166,1
32164,122,122,0
32165,175,175,0
32166,120,120,0
32167,125,124,1
32168,213,212,1
32169,121,120,1
32170,118,116,2
32171,652,652,0
32172,135,135,0
32173,115,115,0
32174,494,489,5
32175,211,211,0
32176,154,152,2
32177,633,631,2
32178,626,618,8
32179,367,366,1
32180,261,260,1
32181,121,121,0
32182,210,207,3
32183,62,62,0
32184,132,132,0
32185,134,134,0
32186,682,677,5
32187,67,67,0
32188,725,723,2
32189,110,109,1
32190,279,277,2
32191,117,115,2
32192,454,454,0
32193,204,204,0
32194,256,256,0
32195,105,105,0
32196,220,218,2
32197,57,57,0
32198,160,160,0
32199,107,106,1
32200,146,146,0
32201,360,358,2
32202,535,535,0
32203,131,130,1
32204,516,513,3
32205,738,736,2
32206,265,248,17
32207,327,324,3
32208,331,330,1
32209,141,141,0
32210,474,467,7
32211,608,607,1
32212,305,302,3
32213,238,238,0
32214,452,450,2
32215,497,495,2
32216,119,118,1
32217,188,188,0
32218,449,447,2
32219,216,214,2
32220,565,561,4
32221,124,124,0
32222,46,46,0
32223,207,199,8
32224,124,120,4
32225,147,146,1
32226,122,122,0
32227,180,180,0
32228,223,223,0
32229,497,497,0
32230,203,203,0
32231,524,523,1
32232,151,151,0
32233,155,154,1
32234,174,174,0
32235,187,186,1
32236,168,167,1
32237,85,84,1
32238,134,133,1
32239,110,110,0
32240,166,166,0
32241,218,218,0
32242,771,766,5
32243,305,303,2
32244,168,167,1
32245,96,91,5
32246,350,338,12
32247,56,56,0
32248,223,220,3
32249,47,47,0
32250,129,129,0
32251,172,172,0
32252,208,206,2
32253,373,371,2
32254,53,53,0
32255,354,354,0
32256,329,322,7
32257,441,437,4
32258,204,204,0
32259,691,682,9
32260,584,577,7
32261,124,124,0
32262,813,810,3
32263,618,615,3
32264,233,233,0
32265,161,158,3
32266,506,501,5
32267,302,302,0
32268,218,218,0
32269,106,105,1
32270,119,119,0
32271,1027,1014,13
32272,719,714,5
32273,168,167,1
32274,443,442,1
32275,267,266,1
32276,63,63,0
32277,160,160,0
32278,897,871,26
32279,219,219,0
32280,163,163,0
32281,361,355,6
32282,632,628,4
32283,231,231,0
32284,370,367,3
32285,126,125,1
32286,242,242,0
32287,215,215,0
32288,132,132,0
32289,793,791,2
32290,174,173,1
32291,547,546,1
32292,204,204,0
32293,184,183,1
32294,133,133,0
32295,156,156,0
32296,164,164,0
32297,230,228,2
32298,175,175,0
32299,70,70,0
32300,789,785,4
32301,995,987,8
32302,354,354,0
32303,288,288,0
32304,79,79,0
32305,303,303,0
32306,144,143,1
32307,159,158,1
32308,419,418,1
32309,309,306,3
32310,142,142,0
32311,221,221,0
32312,538,537,1
32313,241,241,0
32314,136,135,1
32315,203,202,1
32316,236,235,1
32317,623,620,3
32318,155,155,0
32319,142,142,0
32320,341,339,2
32321,355,355,0
32322,145,144,1
32323,243,243,0
32324,283,283,0
32325,434,434,0
32326,183,176,7
32327,198,198,0
32328,135,134,1
32329,116,114,2
32330,135,133,2
32331,127,127,0
32332,131,128,3
32333,381,377,4
32334,207,207,0
32335,298,295,3
32336,783,772,11
32337,990,986,4
32338,456,456,0
32339,458,456,2
32340,245,245,0
32341,952,952,0
32342,126,126,0
32343,33,33,0
32344,218,218,0
32345,373,373,0
32346,436,431,5
32347,191,186,5
32348,137,136,1
32349,135,132,3
32350,97,96,1
32351,177,175,2
32352,238,235,3
32353,240,240,0
32354,152,152,0
32355,212,212,0
32356,118,116,2
32357,366,364,2
32358,227,226,1
32359,73,72,1
32360,288,287,1
32361,657,655,2
32362,298,297,1
32363,210,210,0
32364,420,420,0
32365,134,134,0
32366,439,439,0
32367,113,113,0
32368,111,110,1
32369,536,535,1
32370,109,107,2
32371,131,124,7
32372,534,517,17
32373,153,153,0
32374,369,369,0
32375,131,130,1
32376,121,121,0
32377,141,141,0
32378,341,337,4
32379,97,96,1
32380,96,96,0
32381,115,115,0
32382,129,129,0
32383,124,124,0
32384,161,161,0
32385,273,271,2
32386,152,152,0
32387,71,71,0
32388,639,632,7
32389,100,100,0
32390,300,300,0
32391,132,132,0
32392,178,178,0
32393,219,217,2
32394,291,291,0
32395,282,282,0
32396,985,977,8
32397,736,734,2
32398,115,115,0
32399,155,152,3
32400,252,252,0
32401,218,216,2
32402,142,142,0
32403,195,195,0
32404,301,301,0
32405,143,143,0
32406,260,260,0
32407,77,76,1
32408,138,135,3
32409,182,182,0
32410,256,256,0
32411,88,88,0
32412,198,198,0
32413,83,83,0
32414,169,168,1
32415,185,182,3
32416,245,241,4
32417,149,148,1
32418,222,221,1
32419,112,111,1
32420,140,140,0
32421,264,264,0
32422,211,211,0
32423,317,314,3
32424,252,252,0
32425,145,145,0
32426,145,144,1
32427,212,212,0
32428,149,149,0
32429,170,170,0
32430,103,101,2
32431,158,158,0
32432,89,89,0
32433,136,135,1
32434,145,145,0
32435,143,143,0
32436,122,122,0
32437,139,139,0
32438,158,158,0
32439,998,997,1
32440,274,271,3
32441,332,331,1
32442,329,328,1
32443,148,148,0
32444,212,209,3
32445,196,195,1
32446,421,421,0
32447,54,54,0
32448,285,285,0
32449,216,213,3
32450,216,216,0
32451,52,52,0
32452,388,387,1
32453,194,194,0
32454,135,134,1
32455,158,157,1
32456,346,346,0
32457,81,81,0
32458,127,126,1
32459,142,141,1
32460,121,119,2
32461,81,77,4
32462,121,121,0
32463,158,158,0
32464,143,143,0
32465,142,142,0
32466,185,183,2
32467,127,126,1
32468,234,233,1
32469,99,99,0
32470,105,105,0
32471,131,130,1
32472,208,208,0
32473,115,113,2
32474,336,335,1
32475,306,305,1
32476,134,134,0
32477,157,156,1
32478,217,217,0
32479,274,274,0
32480,75,73,2
32481,102,102,0
32482,320,320,0
32483,239,239,0
32484,421,421,0
32485,199,199,0
32486,650,647,3
32487,110,109,1
32488,113,113,0
32489,153,151,2
32490,191,189,2
32491,151,151,0
32492,660,655,5
32493,249,248,1
32494,127,127,0
32495,111,111,0
32496,115,110,5
32497,132,131,1
32498,155,155,0
32499,141,140,1
32500,234,234,0
32501,135,135,0
32502,276,275,1
32503,119,119,0
32504,99,97,2
32505,252,252,0
32506,173,172,1
32507,156,153,3
32508,99,98,1
32509,89,89,0
32510,250,249,1
32511,103,103,0
32512,149,149,0
32513,136,134,2
32514,330,330,0
32515,234,234,0
32516,171,171,0
32517,45,45,0
32518,172,170,2
32519,111,111,0
32520,260,257,3
32521,186,183,3
32522,164,164,0
32523,129,129,0
32524,299,298,1
32525,1013,1009,4
32526,155,154,1
32527,240,238,2
32528,519,515,4
32529,76,76,0
32530,216,212,4
32531,304,300,4
32532,221,219,2
32533,201,200,1
32534,625,622,3
32535,51,51,0
32536,42,42,0
32537,79,77,2
32538,139,138,1
32539,250,250,0
32540,593,588,5
32541,290,290,0
32542,90,90,0
32543,96,96,0
32544,72,72,0
32545,145,144,1
32546,265,261,4
32547,346,346,0
32548,143,143,0
32549,417,416,1
32550,161,160,1
32551,162,162,0
32552,72,72,0
32553,131,131,0
32554,35,35,0
32555,126,123,3
32556,57,57,0
32557,132,131,1
32558,109,108,1
32559,51,50,1
32560,56,56,0
32561,46,46,0
32562,152,149,3
32563,104,103,1
32564,310,309,1
32565,258,258,0
32566,315,311,4
32567,180,178,2
32568,360,357,3
32569,166,165,1
32570,552,548,4
32571,253,252,1
32572,161,161,0
32573,131,130,1
32574,787,777,10
32575,331,320,11
32576,107,107,0
32577,217,214,3
32578,73,73,0
32579,195,194,1
32580,94,93,1
32581,113,113,0
32582,188,187,1
32583,139,138,1
32584,92,92,0
32585,321,320,1
32586,229,228,1
32587,174,173,1
32588,95,95,0
32589,156,156,0
32590,354,350,4
32591,128,127,1
32592,157,157,0
32593,106,106,0
32594,102,102,0
32595,162,161,1
32596,194,194,0
32597,149,149,0
32598,355,354,1
32599,298,295,3
32600,262,262,0
32601,176,175,1
32602,346,344,2
32603,613,603,10
32604,681,668,13
32605,199,197,2
32606,94,94,0
32607,121,120,1
32608,463,460,3
32609,86,86,0
32610,142,142,0
32611,450,447,3
32612,68,68,0
32613,112,112,0
32614,122,122,0
32615,54,53,1
32616,43,43,0
32617,211,211,0
32618,158,155,3
32619,243,241,2
32620,91,91,0
32621,120,120,0
32622,34,32,2
32623,715,708,7
32624,167,165,2
32625,205,203,2
32626,458,458,0
32627,209,209,0
32628,377,377,0
32629,121,120,1
32630,330,328,2
32631,748,724,24
32632,114,113,1
32633,331,326,5
32634,471,466,5
32635,239,237,2
32636,409,408,1
32637,247,247,0
32638,64,64,0
32639,63,62,1
32640,118,118,0
32641,107,107,0
32642,60,60,0
32643,184,184,0
32644,158,157,1
32645,138,137,1
32646,242,241,1
32647,443,442,1
32648,91,91,0
32649,529,527,2
32650,233,231,2
32651,61,60,1
32652,74,74,0
32653,172,171,1
32654,257,255,2
32655,114,114,0
32656,61,61,0
32657,598,591,7
32658,517,516,1
32659,391,391,0
32660,122,122,0
32661,444,442,2
32662,943,939,4
32663,141,140,1
32664,159,159,0
32665,238,236,2
32666,703,701,2
32667,224,223,1
32668,993,972,21
32669,923,916,7
32670,620,615,5
32671,159,157,2
32672,588,581,7
32673,285,284,1
32674,104,104,0
32675,123,121,2
32676,119,119,0
32677,159,158,1
32678,56,56,0
32679,36,32,4
32680,474,470,4
32681,78,78,0
32682,147,145,2
32683,86,86,0
32684,38,38,0
32685,49,49,0
32686,40,38,2
32687,209,209,0
32688,227,226,1
32689,161,160,1
32690,467,460,7
32691,201,201,0
32692,413,413,0
32693,232,231,1
32694,131,131,0
32695,176,173,3
32696,125,125,0
32697,120,120,0
32698,328,328,0
32699,401,400,1
32700,116,116,0
32701,266,266,0
32702,260,260,0
32703,89,87,2
32704,144,142,2
32705,232,228,4
32706,219,219,0
32707,584,584,0
32708,259,258,1
32709,203,202,1
32710,564,558,6
32711,113,113,0
32712,176,176,0
32713,192,187,5
32714,305,305,0
32715,147,146,1
32716,242,242,0
32717,433,432,1
32718,556,550,6
32719,402,397,5
32720,119,118,1
32721,155,155,0
32722,135,135,0
32723,212,212,0
32724,423,420,3
32725,213,212,1
32726,287,285,2
32727,487,487,0
32728,124,122,2
32729,89,88,1
32730,270,263,7
32731,254,248,6
32732,56,56,0
32733,146,145,1
32734,42,42,0
32735,29,29,0
32736,54,54,0
32737,63,63,0
32738,85,85,0
32739,67,67,0
32740,52,51,1
32741,127,127,0
32742,189,188,1
32743,164,164,0
32744,145,143,2
32745,531,529,2
32746,279,279,0
32747,390,388,2
32748,499,490,9
32749,139,139,0
32750,618,611,7
32751,343,340,3
32752,302,301,1
32753,112,112,0
32754,219,218,1
32755,522,521,1
32756,62,62,0
32757,135,134,1
32758,133,131,2
32759,121,120,1
32760,121,121,0
32761,199,196,3
32762,408,408,0
32763,594,593,1
32764,202,202,0
32765,147,147,0
32766,54,54,0
32767,186,184,2
32768,157,155,2
32769,109,109,0
32770,137,137,0
32771,165,165,0
32772,100,100,0
32773,131,131,0
32774,182,182,0
32775,110,107,3
32776,169,169,0
32777,122,122,0
32778,81,80,1
32779,63,61,2
32780,145,145,0
32781,118,118,0
32782,99,97,2
32783,152,150,2
32784,141,139,2
32785,181,181,0
32786,131,129,2
32787,177,177,0
32788,96,95,1
32789,117,117,0
32790,56,56,0
32791,202,199,3
32792,160,158,2
32793,162,162,0
32794,57,57,0
32795,150,150,0
32796,114,114,0
32797,163,162,1
32798,149,146,3
32799,87,84,3
32800,129,129,0
32801,169,167,2
32802,61,61,0
32803,168,166,2
32804,282,282,0
32805,194,194,0
32806,521,515,6
32807,361,358,3
32808,87,87,0
32809,50,50,0
32810,152,149,3
32811,616,611,5
32812,223,215,8
32813,304,302,2
32814,160,156,4
32815,200,195,5
32816,218,217,1
32817,203,201,2
32818,202,199,3
32819,371,368,3
32820,411,411,0
32821,202,201,1
32822,158,157,1
32823,61,61,0
32824,283,283,0
32825,206,205,1
32826,461,457,4
32827,166,166,0
32828,300,290,10
32829,152,148,4
32830,560,557,3
32831,328,326,2
32832,158,158,0
32833,215,214,1
32834,197,196,1
32835,140,140,0
32836,300,298,2
32837,251,250,1
32838,138,138,0
32839,180,179,1
32840,144,144,0
32841,137,137,0
32842,115,115,0
32843,340,338,2
32844,475,472,3
32845,271,271,0
32846,261,261,0
32847,41,41,0
32848,109,109,0
32849,586,582,4
32850,137,137,0
32851,394,393,1
32852,256,255,1
32853,75,75,0
32854,105,105,0
32855,129,127,2
32856,139,139,0
32857,156,156,0
32858,313,311,2
32859,858,852,6
32860,576,574,2
32861,156,156,0
32862,183,182,1
32863,650,640,10
32864,175,175,0
32865,1003,1001,2
32866,289,289,0
32867,171,171,0
32868,160,160,0
32869,305,304,1
32870,340,336,4
32871,220,218,2
32872,266,259,7
32873,187,187,0
32874,153,153,0
32875,128,128,0
32876,125,125,0
32877,203,201,2
32878,180,175,5
32879,215,215,0
32880,169,169,0
32881,134,133,1
32882,197,197,0
32883,1001,998,3
32884,198,198,0
32885,105,104,1
32886,63,63,0
32887,131,131,0
32888,90,90,0
32889,239,238,1
32890,337,336,1
32891,234,234,0
32892,140,140,0
32893,333,332,1
32894,334,334,0
32895,235,234,1
32896,203,203,0
32897,728,725,3
32898,229,228,1
32899,137,137,0
32900,579,579,0
32901,347,342,5
32902,81,80,1
32903,226,225,1
32904,180,179,1
32905,211,211,0
32906,165,164,1
32907,506,492,14
32908,1013,1005,8
32909,145,145,0
32910,142,141,1
32911,53,53,0
32912,104,104,0
32913,68,68,0
32914,171,171,0
32915,597,595,2
32916,279,279,0
32917,187,175,12
32918,364,361,3
32919,303,302,1
32920,204,204,0
32921,300,300,0
32922,41,41,0
32923,112,103,9
32924,219,219,0
32925,480,475,5
32926,406,404,2
32927,155,155,0
32928,172,170,2
32929,123,122,1
32930,677,672,5
32931,226,223,3
32932,115,115,0
32933,139,139,0
32934,708,703,5
32935,130,130,0
32936,641,634,7
32937,449,448,1
32938,791,790,1
32939,83,83,0
32940,445,442,3
32941,221,220,1
32942,134,133,1
32943,104,103,1
32944,262,262,0
32945,127,123,4
32946,267,266,1
32947,159,158,1
32948,141,140,1
32949,137,137,0
32950,357,349,8
32951,288,288,0
32952,114,113,1
32953,239,239,0
32954,374,374,0
32955,123,122,1
32956,112,111,1
32957,238,234,4
32958,48,48,0
32959,60,60,0
32960,235,233,2
32961,281,275,6
32962,734,725,9
32963,231,231,0
32964,117,117,0
32965,91,90,1
32966,315,311,4
32967,318,316,2
32968,143,143,0
32969,76,76,0
32970,210,210,0
32971,384,382,2
32972,231,231,0
32973,132,132,0
32974,492,490,2
32975,56,53,3
32976,190,189,1
32977,362,360,2
32978,175,174,1
32979,312,306,6
32980,383,382,1
32981,269,269,0
32982,229,227,2
32983,604,600,4
32984,140,140,0
32985,123,123,0
32986,130,130,0
32987,108,107,1
32988,42,39,3
32989,253,251,2
32990,133,133,0
32991,176,176,0
32992,133,132,1
32993,138,138,0
32994,230,230,0
32995,127,125,2
32996,106,106,0
32997,151,149,2
32998,684,684,0
32999,169,166,3
33000,126,126,0
33001,251,249,2
33002,312,310,2
33003,146,145,1
33004,187,187,0
33005,225,220,5
33006,173,173,0
33007,447,437,10
33008,122,122,0
33009,214,214,0
33010,168,168,0
33011,96,96,0
33012,217,214,3
33013,176,175,1
33014,141,140,1
33015,606,604,2
33016,152,151,1
33017,150,149,1
33018,167,160,7
33019,141,141,0
33020,120,118,2
33021,404,401,3
33022,108,105,3
33023,258,257,1
33024,349,346,3
33025,557,557,0
33026,42,42,0
33027,176,176,0
33028,1004,994,10
33029,59,58,1
33030,974,964,10
33031,113,110,3
33032,124,122,2
33033,207,205,2
33034,120,118,2
33035,273,265,8
33036,124,123,1
33037,161,160,1
33038,108,108,0
33039,131,131,0
33040,119,119,0
33041,159,158,1
33042,143,142,1
33043,127,127,0
33044,231,231,0
33045,133,131,2
33046,138,135,3
33047,154,152,2
33048,169,166,3
33049,61,61,0
33050,193,192,1
33051,143,143,0
33052,110,109,1
33053,471,471,0
33054,204,204,0
33055,151,151,0
33056,123,121,2
33057,610,604,6
33058,124,123,1
33059,470,466,4
33060,545,540,5
33061,519,515,4
33062,215,215,0
33063,131,131,0
33064,393,391,2
33065,301,298,3
33066,260,256,4
33067,132,132,0
33068,308,306,2
33069,275,273,2
33070,217,211,6
33071,160,160,0
33072,188,186,2
33073,111,110,1
33074,158,158,0
33075,142,140,2
33076,119,119,0
33077,150,148,2
33078,142,141,1
33079,65,64,1
33080,118,118,0
33081,160,159,1
33082,97,96,1
33083,57,56,1
33084,126,126,0
33085,277,277,0
33086,119,119,0
33087,80,80,0
33088,173,172,1
33089,157,156,1
33090,155,155,0
33091,818,814,4
33092,437,434,3
33093,726,721,5
33094,138,138,0
33095,245,243,2
33096,606,603,3
33097,209,206,3
33098,40,40,0
33099,243,243,0
33100,128,128,0
33101,48,46,2
33102,227,226,1
33103,75,75,0
33104,74,72,2
33105,231,231,0
33106,358,355,3
33107,88,87,1
33108,146,142,4
33109,242,241,1
33110,166,163,3
33111,231,225,6
33112,83,83,0
33113,170,167,3
33114,146,145,1
33115,130,128,2
33116,131,131,0
33117,779,774,5
33118,360,357,3
33119,238,235,3
33120,116,112,4
33121,293,292,1
33122,70,70,0
33123,266,262,4
33124,103,102,1
33125,123,123,0
33126,111,111,0
33127,420,418,2
33128,142,141,1
33129,123,123,0
33130,70,68,2
33131,119,119,0
33132,348,344,4
33133,66,66,0
33134,485,484,1
33135,391,388,3
33136,132,129,3
33137,298,297,1
33138,145,143,2
33139,139,139,0
33140,184,183,1
33141,860,853,7
33142,570,567,3
33143,225,215,10
33144,133,127,6
33145,130,129,1
33146,726,725,1
33147,294,294,0
33148,311,310,1
33149,762,750,12
33150,216,213,3
33151,238,238,0
33152,289,288,1
33153,146,145,1
33154,134,133,1
33155,144,142,2
33156,210,209,1
33157,142,141,1
33158,739,736,3
33159,1011,1010,1
33160,35,34,1
33161,77,77,0
33162,189,188,1
33163,45,45,0
33164,171,171,0
33165,291,289,2
33166,370,367,3
33167,237,237,0
33168,326,324,2
33169,114,114,0
33170,631,623,8
33171,166,166,0
33172,51,51,0
33173,249,247,2
33174,118,117,1
33175,485,482,3
33176,67,67,0
33177,387,386,1
33178,106,104,2
33179,203,202,1
33180,142,142,0
33181,72,72,0
33182,104,104,0
33183,39,39,0
33184,119,119,0
33185,25,25,0
33186,118,118,0
33187,135,134,1
33188,503,498,5
33189,142,141,1
33190,422,416,6
33191,165,164,1
33192,167,166,1
33193,317,317,0
33194,254,254,0
33195,804,801,3
33196,94,94,0
33197,112,112,0
33198,405,404,1
33199,369,353,16
33200,134,133,1
33201,76,76,0
33202,130,130,0
33203,147,147,0
33204,126,126,0
33205,136,136,0
33206,142,141,1
33207,150,150,0
33208,69,69,0
33209,340,336,4
33210,151,148,3
33211,130,130,0
33212,94,94,0
33213,174,173,1
33214,70,70,0
33215,135,135,0
33216,283,282,1
33217,58,58,0
33218,70,70,0
33219,166,166,0
33220,117,115,2
33221,65,63,2
33222,244,244,0
33223,46,46,0
33224,135,135,0
33225,198,195,3
33226,173,170,3
33227,180,177,3
33228,52,52,0
33229,38,38,0
33230,293,293,0
33231,123,123,0
33232,173,172,1
33233,61,61,0
33234,109,108,1
33235,63,63,0
33236,122,120,2
33237,223,222,1
33238,134,134,0
33239,362,362,0
33240,272,270,2
33241,528,515,13
33242,230,230,0
33243,140,140,0
33244,245,241,4
33245,250,248,2
33246,346,346,0
33247,110,110,0
33248,75,75,0
33249,319,314,5
33250,430,421,9
33251,281,272,9
33252,269,266,3
33253,142,140,2
33254,217,216,1
33255,86,85,1
33256,280,280,0
33257,179,178,1
33258,124,123,1
33259,654,653,1
33260,399,397,2
33261,285,284,1
33262,338,338,0
33263,582,577,5
33264,327,327,0
33265,74,74,0
33266,123,123,0
33267,109,108,1
33268,123,120,3
33269,214,214,0
33270,207,206,1
33271,236,235,1
33272,127,127,0
33273,112,112,0
33274,158,158,0
33275,360,357,3
33276,57,56,1
33277,213,213,0
33278,123,123,0
33279,113,112,1
33280,131,131,0
33281,130,130,0
33282,209,209,0
33283,303,302,1
33284,137,135,2
33285,177,175,2
33286,70,70,0
33287,706,702,4
33288,103,103,0
33289,276,273,3
33290,265,264,1
33291,179,177,2
33292,564,561,3
33293,119,118,1
33294,180,180,0
33295,94,92,2
33296,147,145,2
33297,173,172,1
33298,181,177,4
33299,285,285,0
33300,205,196,9
33301,171,154,17
33302,82,79,3
33303,42,41,1
33304,657,656,1
33305,158,158,0
33306,156,156,0
33307,104,104,0
33308,336,332,4
33309,413,410,3
33310,106,106,0
33311,325,325,0
33312,180,180,0
33313,484,483,1
33314,240,240,0
33315,185,184,1
33316,800,800,0
33317,92,92,0
33318,150,150,0
33319,842,837,5
33320,75,74,1
33321,85,85,0
33322,161,160,1
33323,240,238,2
33324,201,200,1
33325,640,638,2
33326,193,190,3
33327,287,286,1
33328,140,140,0
33329,228,227,1
33330,562,562,0
33331,428,423,5
33332,71,71,0
33333,117,117,0
33334,151,149,2
33335,229,228,1
33336,134,134,0
33337,398,398,0
33338,136,135,1
33339,151,151,0
33340,92,92,0
33341,88,88,0
33342,141,139,2
33343,75,75,0
33344,75,75,0
33345,57,57,0
33346,89,89,0
33347,116,116,0
33348,104,103,1
33349,123,123,0
33350,153,149,4
33351,161,161,0
33352,158,156,2
33353,163,158,5
33354,58,58,0
33355,137,136,1
33356,388,383,5
33357,165,162,3
33358,156,150,6
33359,38,38,0
33360,193,192,1
33361,392,382,10
33362,91,90,1
33363,207,206,1
33364,164,162,2
33365,100,100,0
33366,47,46,1
33367,46,45,1
33368,75,75,0
33369,80,80,0
33370,58,57,1
33371,218,218,0
33372,544,539,5
33373,73,73,0
33374,21,21,0
33375,79,79,0
33376,91,91,0
33377,222,222,0
33378,101,101,0
33379,161,160,1
33380,122,122,0
33381,123,123,0
33382,57,57,0
33383,107,106,1
33384,111,110,1
33385,228,227,1
33386,465,462,3
33387,177,176,1
33388,154,154,0
33389,271,271,0
33390,451,449,2
33391,469,464,5
33392,202,201,1
33393,107,105,2
33394,103,100,3
33395,198,196,2
33396,249,248,1
33397,203,203,0
33398,115,114,1
33399,314,311,3
33400,150,149,1
33401,176,176,0
33402,611,609,2
33403,151,150,1
33404,134,134,0
33405,179,179,0
33406,223,222,1
33407,268,268,0
33408,668,659,9
33409,158,158,0
33410,134,134,0
33411,129,128,1
33412,141,140,1
33413,101,101,0
33414,449,449,0
33415,142,142,0
33416,177,174,3
33417,417,417,0
33418,590,584,6
33419,76,75,1
33420,125,125,0
33421,210,210,0
33422,122,115,7
33423,219,218,1
33424,122,122,0
33425,278,277,1
33426,728,721,7
33427,124,122,2
33428,146,146,0
33429,197,196,1
33430,447,446,1
33431,160,157,3
33432,216,216,0
33433,167,166,1
33434,144,144,0
33435,208,208,0
33436,152,152,0
33437,109,108,1
33438,268,266,2
33439,207,203,4
33440,115,114,1
33441,320,320,0
33442,289,285,4
33443,162,162,0
33444,219,214,5
33445,92,92,0
33446,90,90,0
33447,165,164,1
33448,49,49,0
33449,64,64,0
33450,158,156,2
33451,86,86,0
33452,96,94,2
33453,50,50,0
33454,282,282,0
33455,123,123,0
33456,119,118,1
33457,600,596,4
33458,38,38,0
33459,174,174,0
33460,109,109,0
33461,109,108,1
33462,187,184,3
33463,119,117,2
33464,156,156,0
33465,50,49,1
33466,379,377,2
33467,267,267,0
33468,156,155,1
33469,125,125,0
33470,192,191,1
33471,175,173,2
33472,151,145,6
33473,152,150,2
33474,229,218,11
33475,298,297,1
33476,915,910,5
33477,199,195,4
33478,191,190,1
33479,156,155,1
33480,182,182,0
33481,137,137,0
33482,194,194,0
33483,129,128,1
33484,150,150,0
33485,145,144,1
33486,192,192,0
33487,136,134,2
33488,154,154,0
33489,190,186,4
33490,146,145,1
33491,150,149,1
33492,131,130,1
33493,156,151,5
33494,296,294,2
33495,400,396,4
33496,121,121,0
33497,126,126,0
33498,393,393,0
33499,122,121,1
33500,136,136,0
33501,120,119,1
33502,146,141,5
33503,132,130,2
33504,141,141,0
33505,140,140,0
33506,137,137,0
33507,196,191,5
33508,246,242,4
33509,151,150,1
33510,509,507,2
33511,81,81,0
33512,269,267,2
33513,201,198,3
33514,149,149,0
33515,393,392,1
33516,352,346,6
33517,370,368,2
33518,415,415,0
33519,178,178,0
33520,202,200,2
33521,353,353,0
33522,341,335,6
33523,851,846,5
33524,152,152,0
33525,180,179,1
33526,569,566,3
33527,234,232,2
33528,172,171,1
33529,202,200,2
33530,133,132,1
33531,238,236,2
33532,83,82,1
33533,212,211,1
33534,116,116,0
33535,345,344,1
33536,249,246,3
33537,161,158,3
33538,160,160,0
33539,126,125,1
33540,137,137,0
33541,519,516,3
33542,388,381,7
33543,257,257,0
33544,242,236,6
33545,251,251,0
33546,196,194,2
33547,340,336,4
33548,178,178,0
33549,150,150,0
33550,34,34,0
33551,359,355,4
33552,122,120,2
33553,132,131,1
33554,67,65,2
33555,130,130,0
33556,177,176,1
33557,117,117,0
33558,145,142,3
33559,263,263,0
33560,163,163,0
33561,40,40,0
33562,175,175,0
33563,404,401,3
33564,206,203,3
33565,66,65,1
33566,513,512,1
33567,271,269,2
33568,356,353,3
33569,158,158,0
33570,158,157,1
33571,329,328,1
33572,58,57,1
33573,338,338,0
33574,175,175,0
33575,144,144,0
33576,138,137,1
33577,256,256,0
33578,175,175,0
33579,531,531,0
33580,707,696,11
33581,168,168,0
33582,169,169,0
33583,249,248,1
33584,559,557,2
33585,246,243,3
33586,288,285,3
33587,148,147,1
33588,46,45,1
33589,175,173,2
33590,426,426,0
33591,322,321,1
33592,280,277,3
33593,669,661,8
33594,228,223,5
33595,534,528,6
33596,404,395,9
33597,302,301,1
33598,293,293,0
33599,147,147,0
33600,161,161,0
33601,316,314,2
33602,203,197,6
33603,120,120,0
33604,333,333,0
33605,140,140,0
33606,104,101,3
33607,104,101,3
33608,35,32,3
33609,953,945,8
33610,144,144,0
33611,119,114,5
33612,92,91,1
33613,184,183,1
33614,121,119,2
33615,60,59,1
33616,361,354,7
33617,364,361,3
33618,171,170,1
33619,50,50,0
33620,253,251,2
33621,150,149,1
33622,103,103,0
33623,136,133,3
33624,113,111,2
33625,206,206,0
33626,104,103,1
33627,155,155,0
33628,288,281,7
33629,168,165,3
33630,253,251,2
33631,52,49,3
33632,133,133,0
33633,197,197,0
33634,551,547,4
33635,148,147,1
33636,139,139,0
33637,180,179,1
33638,56,56,0
33639,104,104,0
33640,179,179,0
33641,116,115,1
33642,161,160,1
33643,115,115,0
33644,147,146,1
33645,300,299,1
33646,208,207,1
33647,191,191,0
33648,130,130,0
33649,162,162,0
33650,176,175,1
33651,121,120,1
33652,399,396,3
33653,353,348,5
33654,75,75,0
33655,519,510,9
33656,847,836,11
33657,103,102,1
33658,208,207,1
33659,493,486,7
33660,316,316,0
33661,144,142,2
33662,117,115,2
33663,184,184,0
33664,154,153,1
33665,230,230,0
33666,114,114,0
33667,402,401,1
33668,180,177,3
33669,104,104,0
33670,186,186,0
33671,148,148,0
33672,122,122,0
33673,60,60,0
33674,99,99,0
33675,358,354,4
33676,73,73,0
33677,132,130,2
33678,67,67,0
33679,140,140,0
33680,253,249,4
33681,97,97,0
33682,233,233,0
33683,334,331,3
33684,151,148,3
33685,88,88,0
33686,140,138,2
33687,436,433,3
33688,294,293,1
33689,140,137,3
33690,186,185,1
33691,329,319,10
33692,233,227,6
33693,138,138,0
33694,120,120,0
33695,130,129,1
33696,120,114,6
33697,187,185,2
33698,102,101,1
33699,139,138,1
33700,163,163,0
33701,127,125,2
33702,558,556,2
33703,182,180,2
33704,137,137,0
33705,171,168,3
33706,255,246,9
33707,167,164,3
33708,147,147,0
33709,837,830,7
33710,187,184,3
33711,240,240,0
33712,214,212,2
33713,149,148,1
33714,195,195,0
33715,142,141,1
33716,230,224,6
33717,164,162,2
33718,166,166,0
33719,109,109,0
33720,153,152,1
33721,134,134,0
33722,133,133,0
33723,235,226,9
33724,876,870,6
33725,180,180,0
33726,451,450,1
33727,844,821,23
33728,156,153,3
33729,200,200,0
33730,61,61,0
33731,107,105,2
33732,173,173,0
33733,323,322,1
33734,209,209,0
33735,311,309,2
33736,338,337,1
33737,581,581,0
33738,104,103,1
33739,224,223,1
33740,233,233,0
33741,357,356,1
33742,244,242,2
33743,140,140,0
33744,172,172,0
33745,157,155,2
33746,446,444,2
33747,433,425,8
33748,137,137,0
33749,174,174,0
33750,226,225,1
33751,323,318,5
33752,58,57,1
33753,117,117,0
33754,623,619,4
33755,104,104,0
33756,848,842,6
33757,172,170,2
33758,227,227,0
33759,125,121,4
33760,526,521,5
33761,294,294,0
33762,183,183,0
33763,215,214,1
33764,425,422,3
33765,153,153,0
33766,131,131,0
33767,257,253,4
33768,180,180,0
33769,532,530,2
33770,161,160,1
33771,620,615,5
33772,261,259,2
33773,226,226,0
33774,137,137,0
33775,118,117,1
33776,135,132,3
33777,249,248,1
33778,190,190,0
33779,154,153,1
33780,626,626,0
33781,138,138,0
33782,288,288,0
33783,331,328,3
33784,145,145,0
33785,181,179,2
33786,482,482,0
33787,316,316,0
33788,306,306,0
33789,209,208,1
33790,663,658,5
33791,170,170,0
33792,629,626,3
33793,169,168,1
33794,191,189,2
33795,77,76,1
33796,44,44,0
33797,205,200,5
33798,419,412,7
33799,98,98,0
33800,134,133,1
33801,85,85,0
33802,128,128,0
33803,144,144,0
33804,542,540,2
33805,62,62,0
33806,69,69,0
33807,176,175,1
33808,875,873,2
33809,142,142,0
33810,124,124,0
33811,123,123,0
33812,156,156,0
33813,174,173,1
33814,357,354,3
33815,538,534,4
33816,101,100,1
33817,129,129,0
33818,130,130,0
33819,156,156,0
33820,323,322,1
33821,185,183,2
33822,227,227,0
33823,189,187,2
33824,955,951,4
33825,401,401,0
33826,227,226,1
33827,194,192,2
33828,122,121,1
33829,20,17,3
33830,42,42,0
33831,183,178,5
33832,120,119,1
33833,65,64,1
33834,179,178,1
33835,542,542,0
33836,41,41,0
33837,175,174,1
33838,184,184,0
33839,134,134,0
33840,63,63,0
33841,154,153,1
33842,538,536,2
33843,301,301,0
33844,192,192,0
33845,329,329,0
33846,581,576,5
33847,861,856,5
33848,205,205,0
33849,967,962,5
33850,303,301,2
33851,256,255,1
33852,1019,1005,14
33853,478,475,3
33854,227,227,0
33855,424,419,5
33856,521,519,2
33857,862,856,6
33858,305,305,0
33859,470,467,3
33860,669,666,3
33861,134,134,0
33862,135,135,0
33863,143,142,1
33864,124,122,2
33865,121,121,0
33866,248,247,1
33867,164,161,3
33868,199,195,4
33869,61,61,0
33870,56,56,0
33871,45,45,0
33872,184,184,0
33873,105,103,2
33874,100,99,1
33875,163,163,0
33876,470,467,3
33877,171,171,0
33878,139,139,0
33879,105,104,1
33880,521,515,6
33881,248,246,2
33882,570,565,5
33883,139,139,0
33884,117,116,1
33885,365,360,5
33886,156,156,0
33887,146,146,0
33888,121,121,0
33889,226,225,1
33890,183,183,0
33891,336,333,3
33892,88,86,2
33893,304,303,1
33894,193,192,1
33895,115,114,1
33896,366,364,2
33897,143,142,1
33898,298,298,0
33899,84,84,0
33900,74,73,1
33901,76,74,2
33902,100,100,0
33903,95,95,0
33904,137,134,3
33905,305,303,2
33906,138,138,0
33907,111,110,1
33908,65,65,0
33909,332,330,2
33910,384,375,9
33911,172,170,2
33912,133,133,0
33913,231,231,0
33914,364,359,5
33915,152,151,1
33916,99,99,0
33917,218,215,3
33918,366,363,3
33919,88,88,0
33920,118,117,1
33921,112,112,0
33922,228,227,1
33923,245,243,2
33924,146,146,0
33925,560,556,4
33926,109,109,0
33927,142,141,1
33928,366,366,0
33929,140,140,0
33930,272,271,1
33931,402,402,0
33932,306,306,0
33933,87,87,0
33934,63,63,0
33935,116,116,0
33936,72,72,0
33937,61,61,0
33938,226,225,1
33939,186,185,1
33940,205,205,0
33941,163,163,0
33942,149,149,0
33943,120,120,0
33944,185,185,0
33945,286,284,2
33946,125,125,0
33947,456,455,1
33948,208,208,0
33949,124,124,0
33950,561,558,3
33951,207,207,0
33952,202,201,1
33953,369,365,4
33954,165,165,0
33955,179,179,0
33956,168,168,0
33957,111,108,3
33958,56,56,0
33959,92,91,1
33960,189,189,0
33961,183,183,0
33962,122,122,0
33963,194,194,0
33964,165,165,0
33965,80,79,1
33966,117,117,0
33967,185,185,0
33968,554,551,3
33969,132,129,3
33970,143,139,4
33971,54,54,0
33972,104,102,2
33973,169,166,3
33974,120,120,0
33975,215,214,1
33976,377,376,1
33977,145,145,0
33978,211,209,2
33979,83,83,0
33980,73,72,1
33981,59,59,0
33982,90,87,3
33983,61,61,0
33984,172,172,0
33985,44,44,0
33986,404,402,2
33987,195,192,3
33988,128,126,2
33989,61,61,0
33990,132,132,0
33991,114,114,0
33992,107,107,0
33993,137,137,0
33994,60,60,0
33995,111,110,1
33996,170,168,2
33997,153,151,2
33998,167,166,1
33999,201,198,3
34000,267,263,4
34001,129,127,2
34002,100,100,0
34003,133,132,1
34004,133,132,1
34005,91,91,0
34006,72,72,0
34007,526,511,15
34008,331,330,1
34009,123,122,1
34010,208,208,0
34011,92,90,2
34012,172,172,0
34013,118,118,0
34014,218,216,2
34015,193,192,1
34016,135,134,1
34017,719,719,0
34018,60,60,0
34019,400,399,1
34020,103,101,2
34021,217,217,0
34022,243,242,1
34023,196,195,1
34024,505,502,3
34025,151,149,2
34026,245,244,1
34027,197,197,0
34028,373,366,7
34029,143,142,1
34030,313,312,1
34031,54,54,0
34032,139,139,0
34033,112,112,0
34034,140,140,0
34035,97,97,0
34036,165,163,2
34037,582,582,0
34038,149,149,0
34039,135,135,0
34040,257,257,0
34041,127,126,1
34042,139,139,0
34043,149,149,0
34044,172,172,0
34045,289,288,1
34046,866,854,12
34047,298,298,0
34048,728,722,6
34049,202,201,1
34050,115,113,2
34051,120,120,0
34052,165,165,0
34053,159,158,1
34054,66,66,0
34055,204,204,0
34056,357,357,0
34057,132,132,0
34058,692,686,6
34059,319,318,1
34060,193,193,0
34061,215,214,1
34062,308,308,0
34063,265,265,0
34064,242,242,0
34065,131,130,1
34066,422,422,0
34067,66,66,0
34068,749,744,5
34069,484,483,1
34070,119,118,1
34071,169,165,4
34072,78,78,0
34073,72,71,1
34074,213,210,3
34075,147,144,3
34076,851,847,4
34077,182,182,0
34078,158,158,0
34079,196,195,1
34080,127,124,3
34081,119,119,0
34082,60,60,0
34083,125,125,0
34084,119,118,1
34085,172,172,0
34086,288,285,3
34087,419,419,0
34088,127,127,0
34089,124,124,0
34090,135,134,1
34091,236,236,0
34092,310,310,0
34093,675,673,2
34094,304,303,1
34095,624,623,1
34096,326,323,3
34097,111,110,1
34098,238,237,1
34099,238,233,5
34100,305,305,0
34101,203,200,3
34102,194,193,1
34103,949,945,4
34104,466,452,14
34105,837,823,14
34106,318,313,5
34107,252,251,1
34108,139,138,1
34109,132,128,4
34110,81,80,1
34111,124,124,0
34112,245,244,1
34113,138,138,0
34114,134,133,1
34115,162,160,2
34116,376,375,1
34117,101,99,2
34118,41,41,0
34119,113,113,0
34120,126,126,0
34121,77,77,0
34122,171,171,0
34123,44,44,0
34124,216,210,6
34125,153,153,0
34126,252,250,2
34127,94,94,0
34128,193,193,0
34129,136,136,0
34130,248,247,1
34131,149,149,0
34132,47,47,0
34133,285,285,0
34134,429,429,0
34135,573,568,5
34136,312,309,3
34137,123,123,0
34138,657,656,1
34139,81,81,0
34140,136,136,0
34141,97,97,0
34142,44,44,0
34143,130,129,1
34144,63,63,0
34145,561,559,2
34146,198,196,2
34147,432,431,1
34148,112,112,0
34149,165,164,1
34150,145,145,0
34151,494,493,1
34152,96,96,0
34153,72,72,0
34154,138,138,0
34155,289,288,1
34156,677,670,7
34157,77,75,2
34158,131,131,0
34159,147,146,1
34160,149,148,1
34161,124,123,1
34162,308,308,0
34163,580,578,2
34164,175,175,0
34165,81,80,1
34166,133,133,0
34167,477,476,1
34168,212,212,0
34169,460,457,3
34170,117,117,0
34171,577,575,2
34172,112,112,0
34173,290,289,1
34174,164,162,2
34175,234,232,2
34176,186,185,1
34177,360,355,5
34178,430,429,1
34179,138,138,0
34180,215,213,2
34181,206,204,2
34182,213,213,0
34183,148,148,0
34184,201,201,0
34185,129,129,0
34186,210,210,0
34187,143,143,0
34188,133,133,0
34189,169,168,1
34190,234,234,0
34191,114,114,0
34192,124,116,8
34193,297,295,2
34194,162,162,0
34195,111,111,0
34196,141,141,0
34197,148,147,1
34198,287,286,1
34199,287,287,0
34200,152,152,0
34201,136,135,1
34202,410,410,0
34203,464,462,2
34204,193,192,1
34205,225,222,3
34206,201,199,2
34207,258,255,3
34208,141,137,4
34209,121,120,1
34210,194,194,0
34211,123,123,0
34212,156,155,1
34213,138,137,1
34214,164,158,6
34215,128,127,1
34216,106,105,1
34217,148,148,0
34218,130,130,0
34219,140,140,0
34220,168,168,0
34221,609,607,2
34222,440,439,1
34223,278,276,2
34224,140,139,1
34225,209,206,3
34226,199,199,0
34227,295,290,5
34228,205,205,0
34229,465,461,4
34230,239,235,4
34231,545,545,0
34232,32,32,0
34233,340,339,1
34234,67,67,0
34235,129,128,1
34236,187,184,3
34237,172,172,0
34238,442,442,0
34239,335,335,0
34240,109,109,0
34241,101,101,0
34242,378,374,4
34243,41,41,0
34244,130,128,2
34245,297,279,18
34246,90,90,0
34247,63,63,0
34248,52,51,1
34249,58,58,0
34250,78,78,0
34251,76,76,0
34252,197,194,3
34253,135,134,1
34254,241,241,0
34255,412,410,2
34256,83,83,0
34257,101,100,1
34258,146,146,0
34259,110,110,0
34260,95,95,0
34261,79,79,0
34262,146,146,0
34263,347,346,1
34264,346,345,1
34265,201,200,1
34266,120,120,0
34267,506,504,2
34268,469,464,5
34269,98,98,0
34270,172,169,3
34271,154,154,0
34272,194,194,0
34273,365,365,0
34274,169,167,2
34275,183,183,0
34276,199,196,3
34277,295,293,2
34278,292,288,4
34279,292,288,4
34280,126,126,0
34281,183,183,0
34282,307,306,1
34283,193,192,1
34284,243,240,3
34285,575,574,1
34286,194,193,1
34287,95,95,0
34288,142,141,1
34289,227,227,0
34290,734,732,2
34291,196,193,3
34292,265,264,1
34293,328,327,1
34294,258,258,0
34295,422,422,0
34296,126,126,0
34297,120,120,0
34298,291,291,0
34299,169,169,0
34300,285,283,2
34301,240,237,3
34302,137,135,2
34303,162,160,2
34304,151,151,0
34305,238,238,0
34306,188,188,0
34307,299,298,1
34308,534,531,3
34309,141,141,0
34310,119,119,0
34311,304,301,3
34312,453,453,0
34313,370,366,4
34314,141,141,0
34315,121,120,1
34316,126,126,0
34317,159,159,0
34318,374,372,2
34319,136,136,0
34320,36,36,0
34321,66,66,0
34322,130,129,1
34323,117,117,0
34324,139,139,0
34325,121,120,1
34326,130,129,1
34327,124,124,0
34328,122,121,1
34329,65,64,1
34330,585,583,2
34331,295,295,0
34332,174,172,2
34333,118,118,0
34334,141,141,0
34335,124,124,0
34336,185,185,0
34337,108,108,0
34338,283,283,0
34339,165,162,3
34340,177,177,0
34341,145,145,0
34342,160,160,0
34343,272,272,0
34344,144,144,0
34345,168,167,1
34346,293,291,2
34347,47,47,0
34348,274,273,1
34349,113,111,2
34350,374,374,0
34351,150,148,2
34352,316,313,3
34353,117,115,2
34354,167,167,0
34355,176,176,0
34356,127,126,1
34357,46,46,0
34358,111,108,3
34359,162,157,5
34360,324,324,0
34361,203,203,0
34362,287,283,4
34363,253,252,1
34364,76,74,2
34365,257,257,0
34366,90,86,4
34367,266,265,1
34368,180,174,6
34369,138,133,5
34370,105,104,1
34371,107,107,0
34372,172,166,6
34373,190,181,9
34374,322,319,3
34375,30,30,0
34376,130,130,0
34377,145,142,3
34378,119,115,4
34379,153,151,2
34380,159,153,6
34381,301,299,2
34382,215,206,9
34383,170,170,0
34384,259,251,8
34385,67,67,0
34386,216,215,1
34387,82,81,1
34388,125,124,1
34389,193,181,12
34390,197,189,8
34391,81,80,1
34392,92,92,0
34393,188,183,5
34394,89,89,0
34395,222,212,10
34396,568,558,10
34397,45,45,0
34398,92,92,0
34399,188,188,0
34400,128,127,1
34401,150,148,2
34402,67,67,0
34403,52,51,1
34404,77,74,3
34405,70,70,0
34406,79,79,0
34407,89,89,0
34408,174,173,1
34409,102,99,3
34410,119,119,0
34411,66,66,0
34412,144,144,0
34413,70,65,5
34414,273,268,5
34415,143,143,0
34416,126,124,2
34417,129,127,2
34418,51,51,0
34419,146,145,1
34420,355,354,1
34421,165,165,0
34422,663,659,4
34423,119,119,0
34424,221,219,2
34425,223,222,1
34426,207,207,0
34427,120,120,0
34428,214,212,2
34429,647,640,7
34430,195,195,0
34431,178,178,0
34432,122,122,0
34433,118,117,1
34434,277,274,3
34435,217,215,2
34436,118,117,1
34437,250,250,0
34438,168,167,1
34439,171,171,0
34440,209,202,7
34441,215,214,1
34442,354,352,2
34443,119,119,0
34444,181,181,0
34445,36,36,0
34446,98,96,2
34447,183,182,1
34448,121,121,0
34449,153,153,0
34450,118,118,0
34451,133,132,1
34452,157,155,2
34453,160,160,0
34454,147,147,0
34455,326,325,1
34456,77,76,1
34457,125,123,2
34458,213,211,2
34459,121,118,3
34460,154,153,1
34461,164,164,0
34462,190,187,3
34463,166,163,3
34464,133,130,3
34465,349,349,0
34466,258,256,2
34467,47,47,0
34468,77,77,0
34469,244,244,0
34470,215,212,3
34471,43,43,0
34472,126,125,1
34473,115,115,0
34474,291,290,1
34475,110,110,0
34476,169,169,0
34477,97,97,0
34478,126,126,0
34479,164,163,1
34480,118,117,1
34481,94,94,0
34482,113,113,0
34483,134,132,2
34484,178,178,0
34485,168,168,0
34486,45,44,1
34487,220,220,0
34488,118,117,1
34489,156,156,0
34490,156,155,1
34491,125,125,0
34492,228,227,1
34493,916,911,5
34494,314,313,1
34495,235,233,2
34496,373,372,1
34497,20,20,0
34498,137,135,2
34499,361,360,1
34500,182,182,0
34501,53,53,0
34502,117,115,2
34503,214,212,2
34504,205,204,1
34505,99,99,0
34506,248,248,0
34507,54,54,0
34508,369,361,8
34509,323,323,0
34510,186,186,0
34511,366,360,6
34512,40,40,0
34513,295,290,5
34514,131,129,2
34515,167,166,1
34516,121,121,0
34517,232,228,4
34518,90,90,0
34519,71,71,0
34520,167,167,0
34521,220,217,3
34522,166,166,0
34523,125,125,0
34524,279,279,0
34525,518,510,8
34526,143,143,0
34527,51,51,0
34528,654,653,1
34529,65,65,0
34530,155,155,0
34531,201,201,0
34532,219,217,2
34533,135,134,1
34534,197,197,0
34535,169,167,2
34536,142,142,0
34537,116,114,2
34538,147,146,1
34539,200,199,1
34540,384,384,0
34541,213,213,0
34542,250,250,0
34543,195,195,0
34544,310,309,1
34545,129,128,1
34546,140,138,2
34547,131,129,2
34548,214,212,2
34549,150,150,0
34550,125,125,0
34551,126,126,0
34552,195,190,5
34553,172,172,0
34554,151,151,0
34555,132,132,0
34556,352,352,0
34557,203,203,0
34558,39,36,3
34559,160,160,0
34560,57,57,0
34561,232,232,0
34562,57,57,0
34563,395,395,0
34564,46,46,0
34565,151,151,0
34566,67,67,0
34567,80,79,1
34568,307,306,1
34569,41,41,0
34570,66,65,1
34571,159,158,1
34572,142,142,0
34573,407,406,1
34574,562,560,2
34575,116,116,0
34576,141,141,0
34577,302,301,1
34578,616,615,1
34579,336,335,1
34580,323,323,0
34581,187,187,0
34582,335,333,2
34583,411,409,2
34584,183,183,0
34585,259,256,3
34586,197,197,0
34587,190,190,0
34588,129,127,2
34589,106,103,3
34590,92,92,0
34591,65,65,0
34592,152,152,0
34593,162,162,0
34594,224,224,0
34595,186,186,0
34596,60,60,0
34597,110,109,1
34598,476,474,2
34599,110,109,1
34600,393,393,0
34601,127,127,0
34602,139,137,2
34603,227,226,1
34604,349,349,0
34605,323,319,4
34606,334,332,2
34607,62,61,1
34608,163,161,2
34609,196,196,0
34610,101,101,0
34611,169,166,3
34612,111,111,0
34613,37,36,1
34614,225,224,1
34615,485,478,7
34616,136,136,0
34617,155,153,2
34618,186,184,2
34619,137,137,0
34620,90,89,1
34621,143,142,1
34622,148,148,0
34623,510,508,2
34624,314,313,1
34625,111,111,0
34626,192,190,2
34627,129,128,1
34628,48,47,1
34629,45,45,0
34630,34,33,1
34631,148,146,2
34632,398,391,7
34633,143,143,0
34634,312,311,1
34635,137,134,3
34636,301,300,1
34637,197,196,1
34638,126,124,2
34639,174,174,0
34640,139,139,0
34641,470,466,4
34642,173,173,0
34643,111,110,1
34644,143,143,0
34645,219,217,2
34646,120,120,0
34647,192,191,1
34648,188,186,2
34649,128,128,0
34650,119,119,0
34651,136,135,1
34652,113,113,0
34653,131,130,1
34654,113,111,2
34655,140,140,0
34656,180,179,1
34657,285,278,7
34658,174,174,0
34659,214,206,8
34660,438,438,0
34661,153,152,1
34662,322,321,1
34663,402,400,2
34664,180,180,0
34665,185,185,0
34666,819,819,0
34667,399,397,2
34668,264,263,1
34669,449,446,3
34670,129,129,0
34671,116,115,1
34672,268,265,3
34673,538,536,2
34674,352,348,4
34675,768,766,2
34676,366,366,0
34677,157,157,0
34678,171,171,0
34679,177,176,1
34680,219,219,0
34681,160,160,0
34682,152,152,0
34683,782,776,6
34684,130,129,1
34685,326,326,0
34686,56,56,0
34687,234,233,1
34688,55,55,0
34689,95,94,1
34690,57,57,0
34691,84,83,1
34692,126,126,0
34693,96,96,0
34694,91,91,0
34695,110,110,0
34696,245,245,0
34697,122,122,0
34698,223,222,1
34699,68,68,0
34700,188,186,2
34701,175,173,2
34702,413,413,0
34703,122,120,2
34704,695,693,2
34705,210,209,1
34706,100,98,2
34707,529,525,4
34708,216,216,0
34709,201,200,1
34710,131,131,0
34711,48,47,1
34712,169,169,0
34713,111,111,0
34714,303,301,2
34715,302,301,1
34716,315,314,1
34717,346,346,0
34718,124,124,0
34719,125,125,0
34720,189,186,3
34721,274,268,6
34722,290,289,1
34723,86,86,0
34724,44,44,0
34725,131,130,1
34726,113,112,1
34727,124,119,5
34728,283,281,2
34729,135,134,1
34730,108,108,0
34731,129,128,1
34732,309,309,0
34733,626,626,0
34734,130,130,0
34735,157,157,0
34736,770,760,10
34737,123,121,2
34738,288,287,1
34739,221,221,0
34740,199,199,0
34741,330,330,0
34742,511,507,4
34743,440,440,0
34744,134,134,0
34745,213,212,1
34746,129,129,0
34747,387,387,0
34748,142,142,0
34749,142,141,1
34750,139,139,0
34751,152,148,4
34752,248,248,0
34753,207,203,4
34754,313,312,1
34755,137,137,0
34756,154,154,0
34757,387,384,3
34758,233,231,2
34759,162,162,0
34760,117,117,0
34761,56,56,0
34762,211,210,1
34763,203,202,1
34764,112,112,0
34765,422,419,3
34766,188,183,5
34767,581,578,3
34768,122,121,1
34769,128,127,1
34770,93,93,0
34771,71,71,0
34772,86,86,0
34773,143,141,2
34774,586,584,2
34775,160,160,0
34776,1733,1703,30
34777,180,180,0
34778,509,500,9
34779,306,304,2
34780,397,397,0
34781,60,60,0
34782,109,109,0
34783,390,389,1
34784,142,142,0
34785,110,110,0
34786,81,80,1
34787,224,224,0
34788,133,131,2
34789,143,143,0
34790,204,204,0
34791,73,72,1
34792,81,80,1
34793,581,581,0
34794,513,510,3
34795,832,828,4
34796,70,69,1
34797,48,48,0
34798,131,128,3
34799,132,132,0
34800,137,137,0
34801,150,150,0
34802,179,178,1
34803,43,43,0
34804,216,216,0
34805,100,100,0
34806,148,147,1
34807,119,119,0
34808,128,128,0
34809,206,205,1
34810,95,95,0
34811,88,88,0
34812,96,96,0
34813,150,150,0
34814,99,99,0
34815,91,89,2
34816,152,152,0
34817,278,277,1
34818,178,178,0
34819,176,175,1
34820,145,144,1
34821,285,285,0
34822,122,120,2
34823,914,909,5
34824,225,225,0
34825,165,162,3
34826,72,72,0
34827,86,86,0
34828,55,55,0
34829,149,147,2
34830,291,289,2
34831,195,195,0
34832,193,193,0
34833,254,253,1
34834,72,72,0
34835,130,127,3
34836,87,87,0
34837,238,238,0
34838,109,109,0
34839,62,62,0
34840,158,158,0
34841,118,118,0
34842,138,138,0
34843,367,367,0
34844,129,129,0
34845,221,221,0
34846,162,162,0
34847,629,625,4
34848,373,372,1
34849,129,127,2
34850,136,136,0
34851,113,113,0
34852,126,126,0
34853,56,56,0
34854,125,125,0
34855,119,118,1
34856,186,185,1
34857,164,164,0
34858,52,51,1
34859,68,68,0
34860,125,125,0
34861,146,146,0
34862,490,487,3
34863,272,270,2
34864,368,364,4
34865,168,167,1
34866,716,705,11
34867,91,91,0
34868,163,162,1
34869,650,640,10
34870,141,141,0
34871,290,288,2
34872,85,85,0
34873,66,66,0
34874,163,163,0
34875,165,165,0
34876,144,144,0
34877,161,161,0
34878,277,275,2
34879,109,107,2
34880,602,602,0
34881,129,129,0
34882,230,228,2
34883,199,199,0
34884,106,106,0
34885,122,122,0
34886,243,243,0
34887,197,197,0
34888,219,218,1
34889,201,200,1
34890,131,131,0
34891,118,118,0
34892,185,184,1
34893,266,263,3
34894,126,124,2
34895,159,158,1
34896,63,60,3
34897,68,67,1
34898,280,279,1
34899,275,264,11
34900,299,298,1
34901,182,180,2
34902,186,185,1
34903,310,302,8
34904,266,266,0
34905,260,257,3
34906,266,262,4
34907,38,38,0
34908,151,146,5
34909,130,130,0
34910,26,26,0
34911,150,150,0
34912,150,149,1
34913,133,133,0
34914,213,213,0
34915,180,180,0
34916,127,125,2
34917,145,144,1
34918,166,163,3
34919,434,433,1
34920,502,500,2
34921,136,136,0
34922,130,130,0
34923,123,123,0
34924,737,735,2
34925,139,138,1
34926,231,230,1
34927,164,164,0
34928,138,138,0
34929,179,179,0
34930,316,313,3
34931,130,130,0
34932,121,121,0
34933,535,531,4
34934,153,153,0
34935,143,140,3
34936,602,600,2
34937,90,88,2
34938,140,140,0
34939,72,72,0
34940,292,290,2
34941,379,378,1
34942,415,412,3
34943,608,604,4
34944,79,78,1
34945,59,59,0
34946,113,111,2
34947,231,230,1
34948,140,140,0
34949,264,264,0
34950,225,224,1
34951,38,38,0
34952,62,62,0
34953,138,138,0
34954,392,392,0
34955,125,123,2
34956,66,66,0
34957,348,347,1
34958,227,227,0
34959,121,120,1
34960,64,64,0
34961,131,130,1
34962,256,255,1
34963,131,130,1
34964,147,147,0
34965,370,369,1
34966,219,218,1
34967,131,131,0
34968,284,281,3
34969,227,222,5
34970,203,200,3
34971,134,133,1
34972,434,432,2
34973,198,196,2
34974,506,503,3
34975,131,130,1
34976,120,120,0
34977,59,59,0
34978,167,165,2
34979,233,233,0
34980,421,420,1
34981,191,189,2
34982,115,115,0
34983,705,694,11
34984,198,198,0
34985,147,144,3
34986,130,128,2
34987,111,111,0
34988,202,202,0
34989,96,95,1
34990,122,122,0
34991,318,315,3
34992,360,354,6
34993,167,164,3
34994,244,240,4
34995,154,153,1
34996,139,139,0
34997,120,118,2
34998,147,147,0
34999,352,350,2
35000,185,185,0
35001,146,146,0
35002,437,434,3
35003,692,692,0
35004,499,494,5
35005,468,462,6
35006,123,122,1
35007,110,110,0
35008,178,173,5
35009,168,167,1
35010,445,434,11
35011,194,193,1
35012,583,582,1
35013,143,140,3
35014,51,50,1
35015,173,173,0
35016,187,186,1
35017,133,131,2
35018,310,308,2
35019,213,213,0
35020,303,298,5
35021,136,135,1
35022,120,118,2
35023,156,153,3
35024,71,71,0
35025,55,55,0
35026,70,70,0
35027,64,64,0
35028,141,140,1
35029,65,65,0
35030,44,44,0
35031,154,154,0
35032,120,120,0
35033,136,135,1
35034,239,239,0
35035,171,170,1
35036,124,124,0
35037,116,115,1
35038,205,199,6
35039,179,179,0
35040,184,183,1
35041,126,122,4
35042,125,125,0
35043,162,161,1
35044,147,145,2
35045,120,120,0
35046,119,119,0
35047,115,114,1
35048,91,86,5
35049,40,39,1
35050,62,62,0
35051,88,88,0
35052,490,474,16
35053,427,424,3
35054,134,134,0
35055,196,196,0
35056,769,760,9
35057,87,87,0
35058,50,50,0
35059,284,274,10
35060,210,204,6
35061,169,165,4
35062,148,148,0
35063,346,340,6
35064,64,64,0
35065,402,399,3
35066,267,260,7
35067,381,368,13
35068,255,252,3
35069,275,274,1
35070,156,156,0
35071,287,286,1
35072,346,346,0
35073,203,198,5
35074,128,127,1
35075,125,124,1
35076,126,126,0
35077,314,310,4
35078,119,119,0
35079,175,173,2
35080,177,175,2
35081,334,330,4
35082,185,184,1
35083,305,304,1
35084,232,232,0
35085,163,161,2
35086,294,294,0
35087,155,155,0
35088,131,130,1
35089,281,279,2
35090,138,138,0
35091,137,135,2
35092,706,703,3
35093,229,229,0
35094,149,149,0
35095,154,154,0
35096,210,210,0
35097,282,281,1
35098,123,119,4
35099,132,129,3
35100,904,900,4
35101,242,242,0
35102,355,355,0
35103,256,256,0
35104,631,630,1
35105,315,313,2
35106,453,446,7
35107,708,696,12
35108,289,289,0
35109,131,131,0
35110,183,182,1
35111,83,83,0
35112,111,108,3
35113,85,85,0
35114,128,128,0
35115,45,45,0
35116,224,224,0
35117,178,178,0
35118,177,177,0
35119,330,329,1
35120,219,215,4
35121,344,342,2
35122,347,347,0
35123,232,232,0
35124,572,572,0
35125,369,368,1
35126,106,106,0
35127,355,355,0
35128,114,112,2
35129,67,67,0
35130,620,618,2
35131,287,287,0
35132,82,82,0
35133,144,141,3
35134,138,138,0
35135,44,44,0
35136,66,66,0
35137,115,115,0
35138,174,173,1
35139,245,245,0
35140,185,184,1
35141,171,169,2
35142,151,149,2
35143,98,97,1
35144,187,186,1
35145,146,146,0
35146,204,203,1
35147,266,266,0
35148,133,133,0
35149,522,520,2
35150,338,336,2
35151,177,176,1
35152,288,286,2
35153,210,207,3
35154,267,266,1
35155,456,456,0
35156,261,260,1
35157,364,364,0
35158,122,121,1
35159,172,172,0
35160,293,291,2
35161,581,578,3
35162,38,38,0
35163,138,138,0
35164,141,140,1
35165,213,212,1
35166,115,113,2
35167,244,240,4
35168,175,174,1
35169,278,270,8
35170,122,122,0
35171,142,142,0
35172,100,99,1
35173,110,110,0
35174,164,164,0
35175,179,178,1
35176,730,727,3
35177,140,140,0
35178,168,167,1
35179,181,178,3
35180,396,393,3
35181,108,106,2
35182,252,250,2
35183,133,133,0
35184,228,228,0
35185,322,317,5
35186,187,186,1
35187,73,73,0
35188,687,684,3
35189,303,302,1
35190,354,353,1
35191,117,117,0
35192,199,198,1
35193,84,84,0
35194,128,128,0
35195,62,60,2
35196,553,541,12
35197,184,180,4
35198,263,263,0
35199,128,128,0
35200,1017,1012,5
35201,435,428,7
35202,99,97,2
35203,167,167,0
35204,749,739,10
35205,171,171,0
35206,127,126,1
35207,119,116,3
35208,122,122,0
35209,180,180,0
35210,195,194,1
35211,146,146,0
35212,204,201,3
35213,217,214,3
35214,192,191,1
35215,130,129,1
35216,211,211,0
35217,270,268,2
35218,369,368,1
35219,138,138,0
35220,172,170,2
35221,140,140,0
35222,159,157,2
35223,217,217,0
35224,171,169,2
35225,57,57,0
35226,249,248,1
35227,62,62,0
35228,140,139,1
35229,91,86,5
35230,122,121,1
35231,73,73,0
35232,544,541,3
35233,198,197,1
35234,113,113,0
35235,476,474,2
35236,170,166,4
35237,581,572,9
35238,488,485,3
35239,368,361,7
35240,289,288,1
35241,318,316,2
35242,613,610,3
35243,271,270,1
35244,128,127,1
35245,304,300,4
35246,290,290,0
35247,192,191,1
35248,136,136,0
35249,124,124,0
35250,140,139,1
35251,317,317,0
35252,389,388,1
35253,83,83,0
35254,426,425,1
35255,366,365,1
35256,385,384,1
35257,217,216,1
35258,700,698,2
35259,473,469,4
35260,119,119,0
35261,190,190,0
35262,311,311,0
35263,550,550,0
35264,78,78,0
35265,482,477,5
35266,727,725,2
35267,314,314,0
35268,380,379,1
35269,323,321,2
35270,231,230,1
35271,541,539,2
35272,603,598,5
35273,199,198,1
35274,114,114,0
35275,45,45,0
35276,123,123,0
35277,179,179,0
35278,367,367,0
35279,159,159,0
35280,1008,1006,2
35281,168,168,0
35282,176,174,2
35283,548,548,0
35284,334,333,1
35285,412,409,3
35286,204,204,0
35287,135,133,2
35288,154,154,0
35289,126,124,2
35290,197,197,0
35291,175,169,6
35292,261,260,1
35293,802,799,3
35294,184,183,1
35295,38,38,0
35296,328,326,2
35297,93,92,1
35298,163,163,0
35299,146,146,0
35300,49,49,0
35301,38,38,0
35302,206,206,0
35303,184,184,0
35304,107,107,0
35305,104,104,0
35306,341,340,1
35307,227,227,0
35308,402,402,0
35309,169,169,0
35310,131,131,0
35311,264,264,0
35312,202,198,4
35313,135,132,3
35314,130,124,6
35315,47,47,0
35316,167,166,1
35317,132,132,0
35318,56,56,0
35319,56,56,0
35320,232,232,0
35321,131,131,0
35322,118,118,0
35323,70,67,3
35324,73,73,0
35325,140,140,0
35326,266,266,0
35327,298,296,2
35328,527,523,4
35329,112,112,0
35330,183,181,2
35331,308,307,1
35332,198,196,2
35333,193,192,1
35334,145,143,2
35335,501,499,2
35336,306,305,1
35337,589,586,3
35338,317,316,1
35339,388,385,3
35340,822,810,12
35341,103,102,1
35342,115,114,1
35343,237,233,4
35344,163,162,1
35345,546,540,6
35346,90,90,0
35347,322,322,0
35348,312,312,0
35349,278,277,1
35350,193,192,1
35351,243,243,0
35352,123,123,0
35353,472,472,0
35354,135,135,0
35355,157,157,0
35356,698,691,7
35357,111,111,0
35358,158,158,0
35359,306,301,5
35360,399,392,7
35361,73,72,1
35362,433,433,0
35363,79,78,1
35364,189,187,2
35365,115,115,0
35366,55,55,0
35367,359,354,5
35368,123,122,1
35369,104,104,0
35370,114,113,1
35371,90,87,3
35372,45,42,3
35373,378,367,11
35374,267,262,5
35375,190,190,0
35376,117,117,0
35377,224,224,0
35378,118,118,0
35379,167,167,0
35380,112,112,0
35381,237,231,6
35382,135,135,0
35383,153,153,0
35384,129,127,2
35385,676,672,4
35386,122,121,1
35387,219,218,1
35388,212,212,0
35389,56,56,0
35390,418,417,1
35391,527,525,2
35392,263,260,3
35393,280,272,8
35394,329,326,3
35395,261,257,4
35396,456,451,5
35397,189,189,0
35398,134,132,2
35399,227,227,0
35400,353,348,5
35401,70,70,0
35402,126,125,1
35403,19,19,0
35404,118,118,0
35405,217,216,1
35406,141,140,1
35407,128,127,1
35408,42,42,0
35409,113,113,0
35410,192,191,1
35411,72,72,0
35412,71,71,0
35413,146,145,1
35414,75,75,0
35415,69,69,0
35416,69,69,0
35417,178,177,1
35418,605,604,1
35419,134,132,2
35420,75,73,2
35421,102,102,0
35422,68,68,0
35423,107,107,0
35424,131,131,0
35425,115,115,0
35426,219,218,1
35427,468,466,2
35428,184,184,0
35429,131,127,4
35430,114,114,0
35431,44,44,0
35432,83,83,0
35433,207,207,0
35434,102,102,0
35435,107,106,1
35436,267,266,1
35437,130,130,0
35438,127,126,1
35439,107,107,0
35440,152,152,0
35441,170,169,1
35442,165,165,0
35443,291,291,0
35444,128,128,0
35445,126,126,0
35446,118,117,1
35447,174,174,0
35448,232,232,0
35449,121,120,1
35450,223,223,0
35451,103,103,0
35452,205,204,1
35453,169,168,1
35454,336,336,0
35455,189,189,0
35456,160,160,0
35457,205,205,0
35458,479,476,3
35459,177,175,2
35460,309,309,0
35461,194,194,0
35462,161,161,0
35463,130,128,2
35464,141,140,1
35465,277,276,1
35466,128,128,0
35467,214,213,1
35468,153,151,2
35469,168,168,0
35470,168,167,1
35471,238,235,3
35472,117,116,1
35473,236,234,2
35474,229,229,0
35475,146,143,3
35476,154,153,1
35477,74,73,1
35478,67,67,0
35479,61,61,0
35480,116,116,0
35481,42,42,0
35482,111,110,1
35483,217,216,1
35484,166,162,4
35485,240,236,4
35486,71,71,0
35487,321,320,1
35488,274,272,2
35489,216,212,4
35490,144,140,4
35491,187,186,1
35492,563,559,4
35493,341,340,1
35494,133,133,0
35495,166,165,1
35496,325,324,1
35497,185,185,0
35498,213,213,0
35499,366,363,3
35500,266,265,1
35501,296,293,3
35502,80,80,0
35503,111,111,0
35504,112,112,0
35505,196,194,2
35506,133,132,1
35507,355,355,0
35508,152,152,0
35509,191,191,0
35510,302,299,3
35511,209,208,1
35512,75,75,0
35513,59,58,1
35514,118,117,1
35515,293,292,1
35516,48,48,0
35517,178,178,0
35518,226,224,2
35519,195,194,1
35520,139,139,0
35521,143,143,0
35522,471,471,0
35523,135,134,1
35524,103,103,0
35525,213,212,1
35526,89,88,1
35527,446,444,2
35528,282,276,6
35529,247,247,0
35530,281,279,2
35531,140,137,3
35532,170,170,0
35533,237,237,0
35534,227,225,2
35535,249,246,3
35536,110,110,0
35537,159,159,0
35538,387,387,0
35539,390,390,0
35540,195,195,0
35541,164,164,0
35542,571,571,0
35543,164,162,2
35544,138,137,1
35545,76,76,0
35546,68,66,2
35547,155,152,3
35548,160,159,1
35549,507,503,4
35550,122,120,2
35551,126,126,0
35552,105,103,2
35553,321,319,2
35554,133,133,0
35555,140,139,1
35556,144,144,0
35557,128,124,4
35558,500,493,7
35559,328,316,12
35560,259,258,1
35561,915,908,7
35562,107,107,0
35563,141,141,0
35564,153,153,0
35565,134,134,0
35566,127,126,1
35567,155,155,0
35568,138,138,0
35569,274,270,4
35570,146,146,0
35571,121,121,0
35572,159,157,2
35573,139,138,1
35574,144,141,3
35575,141,139,2
35576,224,223,1
35577,143,143,0
35578,56,55,1
35579,175,174,1
35580,112,112,0
35581,45,45,0
35582,340,340,0
35583,988,977,11
35584,320,317,3
35585,81,80,1
35586,68,68,0
35587,354,353,1
35588,62,62,0
35589,147,147,0
35590,178,176,2
35591,203,203,0
35592,263,263,0
35593,144,143,1
35594,431,427,4
35595,59,59,0
35596,148,148,0
35597,203,200,3
35598,270,270,0
35599,481,481,0
35600,114,114,0
35601,159,158,1
35602,213,205,8
35603,120,118,2
35604,167,166,1
35605,264,259,5
35606,325,322,3
35607,236,232,4
35608,300,297,3
35609,230,228,2
35610,154,154,0
35611,29,29,0
35612,40,40,0
35613,52,52,0
35614,74,73,1
35615,64,63,1
35616,147,145,2
35617,192,192,0
35618,124,123,1
35619,126,125,1
35620,124,124,0
35621,131,131,0
35622,288,285,3
35623,239,236,3
35624,124,124,0
35625,233,230,3
35626,123,123,0
35627,53,53,0
35628,181,175,6
35629,153,153,0
35630,128,125,3
35631,94,92,2
35632,273,273,0
35633,154,154,0
35634,109,105,4
35635,235,230,5
35636,221,219,2
35637,42,42,0
35638,73,73,0
35639,496,485,11
35640,228,225,3
35641,190,190,0
35642,100,98,2
35643,230,230,0
35644,239,235,4
35645,60,59,1
35646,52,52,0
35647,116,115,1
35648,102,101,1
35649,329,323,6
35650,253,253,0
35651,149,149,0
35652,178,177,1
35653,93,90,3
35654,385,384,1
35655,363,363,0
35656,138,137,1
35657,123,123,0
35658,97,97,0
35659,302,302,0
35660,131,130,1
35661,79,79,0
35662,160,160,0
35663,116,116,0
35664,192,189,3
35665,133,133,0
35666,179,177,2
35667,370,367,3
35668,111,111,0
35669,159,159,0
35670,92,92,0
35671,135,135,0
35672,237,237,0
35673,78,78,0
35674,937,922,15
35675,149,149,0
35676,435,435,0
35677,148,148,0
35678,460,460,0
35679,149,148,1
35680,343,329,14
35681,175,168,7
35682,224,222,2
35683,470,464,6
35684,162,162,0
35685,258,255,3
35686,99,99,0
35687,574,573,1
35688,33,33,0
35689,50,46,4
35690,147,145,2
35691,379,375,4
35692,123,123,0
35693,234,230,4
35694,379,379,0
35695,367,367,0
35696,296,294,2
35697,182,181,1
35698,297,289,8
35699,611,609,2
35700,433,430,3
35701,121,120,1
35702,400,400,0
35703,146,146,0
35704,480,477,3
35705,143,143,0
35706,464,462,2
35707,575,569,6
35708,179,178,1
35709,872,864,8
35710,805,801,4
35711,128,125,3
35712,132,132,0
35713,138,138,0
35714,193,192,1
35715,312,312,0
35716,1002,1002,0
35717,631,630,1
35718,91,91,0
35719,133,133,0
35720,242,240,2
35721,84,84,0
35722,163,163,0
35723,69,68,1
35724,181,180,1
35725,69,69,0
35726,150,150,0
35727,304,304,0
35728,104,104,0
35729,213,213,0
35730,97,97,0
35731,181,181,0
35732,258,257,1
35733,442,436,6
35734,378,377,1
35735,358,357,1
35736,104,104,0
35737,178,175,3
35738,167,167,0
35739,253,252,1
35740,142,142,0
35741,186,180,6
35742,112,111,1
35743,191,190,1
35744,145,142,3
35745,367,359,8
35746,144,139,5
35747,41,41,0
35748,431,431,0
35749,222,220,2
35750,153,153,0
35751,186,186,0
35752,633,633,0
35753,636,631,5
35754,424,415,9
35755,148,148,0
35756,485,483,2
35757,530,530,0
35758,47,47,0
35759,110,110,0
35760,103,103,0
35761,91,91,0
35762,381,378,3
35763,346,346,0
35764,133,133,0
35765,539,539,0
35766,172,170,2
35767,373,373,0
35768,270,269,1
35769,413,412,1
35770,314,314,0
35771,129,129,0
35772,184,183,1
35773,104,103,1
35774,391,387,4
35775,118,118,0
35776,142,142,0
35777,154,154,0
35778,153,152,1
35779,231,231,0
35780,263,262,1
35781,117,116,1
35782,162,161,1
35783,284,282,2
35784,482,482,0
35785,172,172,0
35786,285,285,0
35787,276,276,0
35788,108,108,0
35789,182,181,1
35790,184,181,3
35791,149,149,0
35792,362,359,3
35793,138,138,0
35794,124,123,1
35795,135,134,1
35796,374,370,4
35797,453,447,6
35798,151,148,3
35799,515,511,4
35800,189,189,0
35801,159,159,0
35802,641,639,2
35803,155,148,7
35804,796,796,0
35805,271,267,4
35806,254,254,0
35807,482,480,2
35808,122,122,0
35809,210,208,2
35810,296,293,3
35811,158,158,0
35812,248,248,0
35813,137,137,0
35814,355,353,2
35815,255,252,3
35816,484,483,1
35817,198,198,0
35818,194,194,0
35819,592,590,2
35820,261,258,3
35821,386,384,2
35822,346,344,2
35823,504,503,1
35824,486,485,1
35825,152,152,0
35826,166,165,1
35827,123,123,0
35828,183,182,1
35829,347,347,0
35830,247,247,0
35831,502,499,3
35832,126,125,1
35833,113,113,0
35834,221,221,0
35835,583,583,0
35836,369,362,7
35837,251,249,2
35838,238,238,0
35839,131,131,0
35840,98,98,0
35841,511,509,2
35842,323,321,2
35843,134,134,0
35844,878,877,1
35845,115,114,1
35846,179,178,1
35847,498,494,4
35848,378,372,6
35849,300,297,3
35850,118,118,0
35851,149,148,1
35852,1006,1003,3
35853,1001,994,7
35854,76,75,1
35855,641,638,3
35856,710,708,2
35857,995,990,5
35858,225,225,0
35859,270,270,0
35860,295,295,0
35861,250,250,0
35862,477,466,11
35863,342,338,4
35864,716,711,5
35865,144,143,1
35866,199,197,2
35867,60,58,2
35868,79,79,0
35869,337,336,1
35870,283,282,1
35871,84,84,0
35872,158,158,0
35873,275,275,0
35874,147,147,0
35875,315,314,1
35876,172,172,0
35877,276,274,2
35878,134,134,0
35879,133,132,1
35880,87,87,0
35881,56,56,0
35882,123,120,3
35883,139,138,1
35884,151,150,1
35885,210,207,3
35886,184,179,5
35887,122,122,0
35888,212,212,0
35889,146,146,0
35890,147,147,0
35891,156,156,0
35892,374,373,1
35893,559,551,8
35894,141,141,0
35895,251,250,1
35896,147,143,4
35897,239,238,1
35898,188,188,0
35899,209,209,0
35900,141,141,0
35901,126,125,1
35902,202,200,2
35903,214,213,1
35904,30,30,0
35905,77,77,0
35906,307,305,2
35907,146,146,0
35908,164,163,1
35909,157,157,0
35910,77,77,0
35911,88,86,2
35912,177,177,0
35913,145,145,0
35914,134,133,1
35915,572,571,1
35916,139,139,0
35917,230,229,1
35918,159,157,2
35919,159,158,1
35920,165,165,0
35921,385,377,8
35922,139,139,0
35923,700,694,6
35924,122,112,10
35925,104,103,1
35926,609,606,3
35927,119,119,0
35928,177,176,1
35929,334,334,0
35930,308,300,8
35931,155,154,1
35932,73,73,0
35933,208,207,1
35934,375,371,4
35935,248,244,4
35936,99,99,0
35937,224,222,2
35938,449,446,3
35939,216,216,0
35940,281,278,3
35941,137,137,0
35942,181,177,4
35943,161,160,1
35944,880,865,15
35945,298,297,1
35946,91,90,1
35947,116,116,0
35948,72,70,2
35949,147,147,0
35950,590,572,18
35951,193,190,3
35952,454,449,5
35953,237,237,0
35954,131,131,0
35955,205,205,0
35956,95,94,1
35957,174,173,1
35958,302,302,0
35959,423,412,11
35960,184,184,0
35961,119,119,0
35962,130,129,1
35963,378,373,5
35964,215,212,3
35965,165,165,0
35966,94,94,0
35967,109,108,1
35968,135,133,2
35969,58,58,0
35970,66,66,0
35971,137,136,1
35972,371,366,5
35973,211,211,0
35974,170,170,0
35975,137,137,0
35976,133,133,0
35977,139,139,0
35978,110,109,1
35979,208,208,0
35980,199,199,0
35981,381,380,1
35982,321,321,0
35983,123,123,0
35984,138,138,0
35985,504,498,6
35986,350,348,2
35987,273,272,1
35988,561,559,2
35989,984,977,7
35990,543,542,1
35991,346,346,0
35992,258,258,0
35993,337,336,1
35994,1015,1011,4
35995,2297,2287,10
35996,939,935,4
35997,160,157,3
35998,119,118,1
35999,145,145,0
36000,139,138,1
36001,155,153,2
36002,148,148,0
36003,220,219,1
36004,351,349,2
36005,95,93,2
36006,1002,1002,0
36007,708,705,3
36008,211,209,2
36009,240,239,1
36010,124,124,0
36011,224,223,1
36012,251,251,0
36013,229,229,0
36014,132,132,0
36015,922,919,3
36016,946,931,15
36017,190,188,2
36018,327,327,0
36019,411,407,4
36020,299,293,6
36021,140,139,1
36022,175,174,1
36023,136,136,0
36024,148,145,3
36025,333,332,1
36026,189,188,1
36027,185,185,0
36028,241,239,2
36029,259,255,4
36030,186,186,0
36031,45,45,0
36032,136,135,1
36033,116,110,6
36034,55,54,1
36035,130,129,1
36036,196,192,4
36037,155,153,2
36038,173,171,2
36039,303,299,4
36040,202,200,2
36041,268,264,4
36042,281,281,0
36043,110,109,1
36044,192,191,1
36045,115,115,0
36046,147,147,0
36047,128,128,0
36048,126,126,0
36049,171,171,0
36050,196,195,1
36051,337,337,0
36052,185,185,0
36053,163,163,0
36054,143,140,3
36055,21,21,0
36056,353,348,5
36057,355,351,4
36058,147,144,3
36059,213,213,0
36060,57,57,0
36061,229,229,0
36062,342,341,1
36063,120,120,0
36064,286,284,2
36065,293,292,1
36066,112,111,1
36067,264,264,0
36068,125,122,3
36069,162,162,0
36070,161,160,1
36071,386,385,1
36072,348,346,2
36073,124,120,4
36074,157,157,0
36075,125,123,2
36076,184,181,3
36077,156,154,2
36078,332,330,2
36079,258,257,1
36080,170,170,0
36081,56,56,0
36082,172,172,0
36083,955,952,3
36084,136,136,0
36085,255,251,4
36086,178,177,1
36087,457,449,8
36088,212,211,1
36089,119,119,0
36090,215,215,0
36091,242,242,0
36092,328,328,0
36093,122,122,0
36094,182,181,1
36095,101,100,1
36096,419,416,3
36097,172,172,0
36098,358,348,10
36099,356,355,1
36100,612,611,1
36101,167,164,3
36102,94,93,1
36103,131,131,0
36104,452,450,2
36105,228,225,3
36106,113,113,0
36107,70,70,0
36108,115,115,0
36109,280,278,2
36110,284,282,2
36111,380,380,0
36112,54,54,0
36113,22,22,0
36114,398,394,4
36115,135,134,1
36116,232,231,1
36117,111,111,0
36118,123,122,1
36119,111,109,2
36120,101,99,2
36121,312,309,3
36122,117,113,4
36123,94,92,2
36124,220,219,1
36125,757,745,12
36126,371,370,1
36127,248,248,0
36128,395,395,0
36129,144,144,0
36130,214,212,2
36131,158,158,0
36132,240,240,0
36133,333,333,0
36134,208,208,0
36135,218,218,0
36136,258,258,0
36137,115,115,0
36138,296,295,1
36139,377,373,4
36140,521,521,0
36141,222,221,1
36142,150,148,2
36143,94,94,0
36144,122,122,0
36145,558,555,3
36146,108,108,0
36147,110,110,0
36148,168,164,4
36149,219,219,0
36150,143,143,0
36151,533,529,4
36152,498,495,3
36153,242,229,13
36154,451,450,1
36155,77,76,1
36156,89,86,3
36157,253,251,2
36158,189,189,0
36159,156,156,0
36160,228,227,1
36161,135,132,3
36162,120,119,1
36163,109,109,0
36164,121,113,8
36165,179,179,0
36166,26,26,0
36167,50,50,0
36168,46,46,0
36169,63,63,0
36170,47,47,0
36171,45,45,0
36172,227,227,0
36173,92,92,0
36174,452,450,2
36175,134,133,1
36176,623,607,16
36177,188,186,2
36178,592,588,4
36179,65,65,0
36180,138,138,0
36181,275,273,2
36182,202,201,1
36183,198,194,4
36184,111,111,0
36185,134,134,0
36186,160,159,1
36187,219,217,2
36188,203,201,2
36189,142,141,1
36190,137,134,3
36191,165,165,0
36192,124,124,0
36193,559,553,6
36194,312,312,0
36195,331,330,1
36196,116,115,1
36197,214,214,0
36198,561,542,19
36199,449,444,5
36200,203,202,1
36201,315,314,1
36202,192,191,1
36203,227,223,4
36204,385,382,3
36205,76,76,0
36206,42,42,0
36207,310,309,1
36208,154,154,0
36209,76,75,1
36210,220,219,1
36211,174,174,0
36212,151,151,0
36213,162,161,1
36214,607,603,4
36215,88,88,0
36216,217,216,1
36217,442,442,0
36218,707,706,1
36219,319,319,0
36220,107,107,0
36221,586,583,3
36222,107,107,0
36223,164,163,1
36224,733,731,2
36225,427,425,2
36226,936,932,4
36227,456,454,2
36228,303,295,8
36229,313,312,1
36230,232,231,1
36231,155,155,0
36232,400,400,0
36233,190,188,2
36234,353,353,0
36235,129,129,0
36236,403,401,2
36237,161,161,0
36238,842,838,4
36239,80,80,0
36240,151,150,1
36241,376,375,1
36242,214,214,0
36243,263,261,2
36244,306,303,3
36245,140,140,0
36246,147,147,0
36247,221,221,0
36248,96,95,1
36249,83,83,0
36250,58,58,0
36251,158,158,0
36252,131,131,0
36253,206,206,0
36254,145,145,0
36255,150,149,1
36256,78,78,0
36257,195,194,1
36258,253,250,3
36259,509,506,3
36260,209,208,1
36261,225,225,0
36262,495,493,2
36263,354,353,1
36264,491,489,2
36265,125,124,1
36266,204,204,0
36267,348,346,2
36268,347,347,0
36269,756,753,3
36270,107,101,6
36271,279,279,0
36272,112,111,1
36273,322,316,6
36274,493,492,1
36275,153,153,0
36276,50,49,1
36277,155,155,0
36278,234,225,9
36279,286,286,0
36280,132,124,8
36281,157,147,10
36282,114,113,1
36283,212,204,8
36284,203,202,1
36285,92,92,0
36286,164,162,2
36287,245,243,2
36288,159,152,7
36289,187,183,4
36290,156,155,1
36291,106,105,1
36292,158,158,0
36293,178,178,0
36294,342,342,0
36295,103,99,4
36296,92,91,1
36297,159,158,1
36298,288,284,4
36299,71,71,0
36300,121,118,3
36301,53,53,0
36302,81,79,2
36303,128,128,0
36304,542,539,3
36305,141,140,1
36306,405,403,2
36307,120,119,1
36308,309,309,0
36309,323,320,3
36310,651,642,9
36311,151,151,0
36312,191,191,0
36313,128,128,0
36314,119,117,2
36315,130,130,0
36316,138,136,2
36317,338,335,3
36318,126,126,0
36319,105,105,0
36320,278,277,1
36321,185,184,1
36322,112,110,2
36323,150,150,0
36324,159,159,0
36325,137,137,0
36326,146,146,0
36327,134,132,2
36328,139,138,1
36329,105,105,0
36330,99,98,1
36331,192,192,0
36332,114,114,0
36333,57,57,0
36334,44,44,0
36335,175,158,17
36336,112,112,0
36337,198,195,3
36338,84,84,0
36339,192,192,0
36340,107,107,0
36341,202,202,0
36342,133,131,2
36343,361,360,1
36344,156,156,0
36345,843,843,0
36346,150,149,1
36347,195,195,0
36348,121,120,1
36349,296,296,0
36350,287,287,0
36351,457,457,0
36352,398,397,1
36353,673,660,13
36354,129,129,0
36355,108,108,0
36356,155,155,0
36357,476,476,0
36358,241,238,3
36359,188,187,1
36360,439,439,0
36361,223,223,0
36362,761,756,5
36363,288,286,2
36364,138,138,0
36365,255,254,1
36366,770,758,12
36367,255,254,1
36368,224,222,2
36369,174,173,1
36370,236,234,2
36371,193,193,0
36372,117,116,1
36373,323,323,0
36374,718,718,0
36375,120,120,0
36376,212,211,1
36377,128,127,1
36378,163,163,0
36379,162,162,0
36380,144,144,0
36381,218,217,1
36382,124,122,2
36383,107,107,0
36384,619,616,3
36385,182,182,0
36386,254,253,1
36387,213,210,3
36388,210,205,5
36389,385,379,6
36390,694,693,1
36391,175,173,2
36392,338,338,0
36393,198,198,0
36394,978,975,3
36395,127,127,0
36396,125,124,1
36397,146,146,0
36398,220,218,2
36399,223,218,5
36400,134,134,0
36401,184,184,0
36402,197,197,0
36403,130,129,1
36404,151,150,1
36405,94,94,0
36406,139,138,1
36407,164,164,0
36408,75,75,0
36409,69,69,0
36410,56,56,0
36411,151,151,0
36412,102,99,3
36413,210,210,0
36414,50,50,0
36415,76,76,0
36416,230,230,0
36417,121,120,1
36418,173,173,0
36419,117,117,0
36420,168,166,2
36421,121,115,6
36422,363,363,0
36423,663,660,3
36424,92,91,1
36425,167,166,1
36426,178,176,2
36427,428,424,4
36428,99,99,0
36429,475,473,2
36430,117,116,1
36431,278,277,1
36432,176,176,0
36433,390,388,2
36434,177,176,1
36435,772,766,6
36436,144,142,2
36437,128,128,0
36438,135,135,0
36439,186,184,2
36440,273,271,2
36441,217,215,2
36442,104,104,0
36443,165,165,0
36444,259,259,0
36445,109,109,0
36446,60,59,1
36447,66,66,0
36448,123,121,2
36449,134,134,0
36450,178,177,1
36451,168,167,1
36452,165,165,0
36453,169,169,0
36454,56,56,0
36455,108,108,0
36456,261,261,0
36457,249,249,0
36458,521,517,4
36459,129,129,0
36460,248,248,0
36461,155,153,2
36462,163,163,0
36463,221,220,1
36464,218,218,0
36465,174,174,0
36466,235,234,1
36467,301,299,2
36468,273,271,2
36469,556,553,3
36470,220,217,3
36471,134,134,0
36472,151,150,1
36473,250,247,3
36474,134,134,0
36475,153,152,1
36476,303,299,4
36477,436,435,1
36478,203,200,3
36479,187,187,0
36480,121,121,0
36481,416,414,2
36482,137,137,0
36483,128,127,1
36484,97,97,0
36485,624,615,9
36486,213,213,0
36487,315,312,3
36488,182,181,1
36489,165,165,0
36490,844,842,2
36491,556,555,1
36492,149,149,0
36493,239,232,7
36494,122,121,1
36495,142,136,6
36496,239,239,0
36497,208,208,0
36498,59,59,0
36499,173,171,2
36500,184,183,1
36501,151,150,1
36502,177,175,2
36503,121,121,0
36504,389,389,0
36505,207,207,0
36506,174,173,1
36507,136,135,1
36508,147,147,0
36509,224,219,5
36510,117,117,0
36511,134,134,0
36512,146,146,0
36513,117,117,0
36514,265,265,0
36515,92,92,0
36516,154,154,0
36517,147,145,2
36518,230,230,0
36519,384,381,3
36520,157,157,0
36521,39,39,0
36522,129,128,1
36523,136,136,0
36524,444,441,3
36525,39,39,0
36526,215,212,3
36527,693,691,2
36528,444,441,3
36529,220,220,0
36530,161,159,2
36531,465,465,0
36532,97,96,1
36533,897,882,15
36534,105,105,0
36535,327,323,4
36536,303,301,2
36537,350,350,0
36538,420,416,4
36539,223,222,1
36540,171,170,1
36541,476,476,0
36542,532,526,6
36543,224,221,3
36544,151,150,1
36545,131,128,3
36546,205,203,2
36547,296,295,1
36548,203,200,3
36549,134,131,3
36550,149,149,0
36551,120,110,10
36552,13,13,0
36553,377,373,4
36554,96,96,0
36555,478,476,2
36556,401,399,2
36557,104,104,0
36558,138,136,2
36559,287,283,4
36560,145,143,2
36561,400,399,1
36562,142,142,0
36563,122,121,1
36564,186,186,0
36565,169,169,0
36566,282,277,5
36567,253,247,6
36568,281,280,1
36569,268,260,8
36570,182,179,3
36571,197,193,4
36572,237,237,0
36573,238,238,0
36574,179,178,1
36575,269,264,5
36576,176,176,0
36577,182,181,1
36578,391,389,2
36579,408,405,3
36580,458,457,1
36581,179,178,1
36582,194,193,1
36583,275,274,1
36584,575,575,0
36585,153,152,1
36586,198,197,1
36587,117,115,2
36588,375,375,0
36589,272,269,3
36590,84,84,0
36591,107,107,0
36592,331,329,2
36593,199,199,0
36594,149,149,0
36595,188,187,1
36596,199,199,0
36597,185,179,6
36598,69,65,4
36599,158,158,0
36600,124,122,2
36601,577,574,3
36602,170,168,2
36603,111,110,1
36604,160,160,0
36605,330,328,2
36606,117,116,1
36607,410,403,7
36608,135,135,0
36609,156,154,2
36610,130,127,3
36611,315,310,5
36612,137,135,2
36613,185,185,0
36614,132,130,2
36615,111,111,0
36616,222,222,0
36617,414,411,3
36618,131,131,0
36619,159,157,2
36620,133,133,0
36621,506,500,6
36622,160,158,2
36623,155,155,0
36624,77,77,0
36625,66,66,0
36626,96,94,2
36627,113,112,1
36628,105,105,0
36629,42,42,0
36630,213,208,5
36631,90,90,0
36632,293,291,2
36633,178,174,4
36634,127,127,0
36635,87,87,0
36636,256,255,1
36637,191,190,1
36638,155,147,8
36639,133,133,0
36640,84,83,1
36641,222,222,0
36642,312,308,4
36643,173,173,0
36644,713,708,5
36645,360,359,1
36646,852,841,11
36647,509,506,3
36648,195,193,2
36649,148,148,0
36650,323,321,2
36651,115,115,0
36652,164,164,0
36653,143,141,2
36654,142,139,3
36655,278,277,1
36656,153,153,0
36657,144,141,3
36658,215,213,2
36659,165,165,0
36660,98,97,1
36661,148,148,0
36662,120,120,0
36663,74,72,2
36664,114,113,1
36665,506,502,4
36666,109,109,0
36667,202,201,1
36668,93,93,0
36669,59,59,0
36670,105,105,0
36671,108,107,1
36672,211,211,0
36673,85,84,1
36674,131,131,0
36675,97,97,0
36676,463,452,11
36677,462,462,0
36678,132,132,0
36679,50,50,0
36680,281,280,1
36681,90,90,0
36682,181,179,2
36683,114,113,1
36684,145,145,0
36685,174,174,0
36686,149,149,0
36687,231,227,4
36688,169,166,3
36689,120,120,0
36690,221,219,2
36691,148,147,1
36692,207,205,2
36693,213,212,1
36694,159,159,0
36695,223,222,1
36696,227,227,0
36697,138,138,0
36698,906,904,2
36699,180,180,0
36700,203,201,2
36701,163,163,0
36702,225,220,5
36703,159,156,3
36704,149,147,2
36705,175,175,0
36706,148,148,0
36707,138,138,0
36708,153,151,2
36709,145,145,0
36710,132,132,0
36711,225,223,2
36712,128,125,3
36713,158,158,0
36714,247,243,4
36715,129,129,0
36716,143,142,1
36717,130,130,0
36718,119,116,3
36719,149,148,1
36720,108,107,1
36721,249,248,1
36722,41,41,0
36723,77,77,0
36724,267,267,0
36725,571,564,7
36726,969,963,6
36727,225,225,0
36728,491,489,2
36729,82,82,0
36730,306,303,3
36731,291,290,1
36732,487,486,1
36733,325,323,2
36734,142,142,0
36735,109,108,1
36736,123,122,1
36737,135,134,1
36738,278,278,0
36739,236,236,0
36740,178,178,0
36741,138,138,0
36742,221,218,3
36743,202,198,4
36744,65,64,1
36745,66,66,0
36746,124,124,0
36747,311,302,9
36748,220,220,0
36749,331,331,0
36750,118,117,1
36751,111,111,0
36752,52,52,0
36753,43,43,0
36754,310,310,0
36755,83,83,0
36756,522,521,1
36757,179,177,2
36758,189,189,0
36759,231,230,1
36760,308,307,1
36761,292,291,1
36762,279,279,0
36763,112,112,0
36764,213,213,0
36765,183,182,1
36766,150,150,0
36767,266,265,1
36768,135,135,0
36769,174,174,0
36770,117,116,1
36771,122,119,3
36772,141,141,0
36773,482,480,2
36774,447,439,8
36775,101,101,0
36776,268,266,2
36777,260,257,3
36778,872,863,9
36779,204,204,0
36780,246,244,2
36781,292,291,1
36782,501,501,0
36783,469,467,2
36784,116,116,0
36785,261,261,0
36786,206,206,0
36787,234,234,0
36788,553,549,4
36789,891,888,3
36790,118,118,0
36791,274,272,2
36792,588,587,1
36793,102,101,1
36794,392,392,0
36795,418,416,2
36796,893,891,2
36797,438,438,0
36798,296,295,1
36799,484,480,4
36800,799,799,0
36801,537,534,3
36802,427,425,2
36803,539,535,4
36804,118,118,0
36805,157,157,0
36806,913,906,7
36807,133,130,3
36808,412,409,3
36809,163,161,2
36810,356,356,0
36811,190,190,0
36812,326,314,12
36813,221,221,0
36814,283,282,1
36815,156,154,2
36816,342,342,0
36817,241,241,0
36818,290,290,0
36819,257,257,0
36820,975,963,12
36821,130,128,2
36822,138,138,0
36823,145,145,0
36824,545,542,3
36825,315,313,2
36826,239,238,1
36827,547,543,4
36828,239,239,0
36829,44,43,1
36830,46,46,0
36831,135,133,2
36832,57,56,1
36833,297,297,0
36834,462,454,8
36835,378,376,2
36836,60,60,0
36837,134,134,0
36838,203,202,1
36839,87,86,1
36840,129,129,0
36841,238,237,1
36842,104,104,0
36843,234,232,2
36844,110,110,0
36845,179,179,0
36846,263,262,1
36847,219,219,0
36848,376,367,9
36849,180,177,3
36850,64,64,0
36851,453,453,0
36852,135,135,0
36853,764,758,6
36854,78,77,1
36855,189,188,1
36856,199,199,0
36857,716,715,1
36858,250,250,0
36859,138,135,3
36860,217,217,0
36861,182,182,0
36862,204,202,2
36863,277,276,1
36864,885,878,7
36865,155,155,0
36866,250,248,2
36867,224,221,3
36868,391,386,5
36869,276,273,3
36870,302,301,1
36871,257,257,0
36872,303,301,2
36873,85,84,1
36874,590,581,9
36875,430,425,5
36876,225,224,1
36877,125,125,0
36878,110,110,0
36879,282,281,1
36880,450,448,2
36881,123,122,1
36882,177,177,0
36883,199,199,0
36884,125,125,0
36885,143,137,6
36886,130,130,0
36887,200,198,2
36888,145,145,0
36889,110,109,1
36890,125,125,0
36891,244,241,3
36892,142,142,0
36893,165,165,0
36894,328,326,2
36895,126,126,0
36896,162,161,1
36897,179,179,0
36898,209,209,0
36899,229,228,1
36900,288,280,8
36901,262,261,1
36902,145,143,2
36903,125,125,0
36904,177,177,0
36905,146,144,2
36906,124,124,0
36907,132,131,1
36908,138,138,0
36909,330,328,2
36910,722,721,1
36911,148,148,0
36912,330,328,2
36913,121,121,0
36914,412,409,3
36915,85,85,0
36916,193,193,0
36917,103,103,0
36918,362,359,3
36919,172,170,2
36920,435,435,0
36921,130,128,2
36922,85,85,0
36923,537,535,2
36924,47,47,0
36925,142,141,1
36926,353,351,2
36927,125,123,2
36928,219,216,3
36929,332,327,5
36930,134,134,0
36931,167,167,0
36932,128,124,4
36933,148,147,1
36934,240,240,0
36935,221,219,2
36936,440,438,2
36937,295,293,2
36938,186,185,1
36939,176,176,0
36940,208,208,0
36941,153,150,3
36942,162,160,2
36943,151,150,1
36944,604,601,3
36945,256,255,1
36946,410,406,4
36947,170,170,0
36948,131,130,1
36949,207,205,2
36950,124,124,0
36951,113,112,1
36952,861,840,21
36953,228,226,2
36954,174,168,6
36955,152,152,0
36956,187,183,4
36957,528,526,2
36958,150,148,2
36959,309,304,5
36960,298,297,1
36961,154,151,3
36962,122,121,1
36963,254,251,3
36964,221,221,0
36965,130,125,5
36966,188,188,0
36967,99,97,2
36968,149,148,1
36969,299,297,2
36970,213,211,2
36971,807,803,4
36972,143,143,0
36973,242,241,1
36974,81,81,0
36975,73,73,0
36976,262,250,12
36977,40,40,0
36978,214,212,2
36979,370,368,2
36980,211,210,1
36981,872,869,3
36982,79,79,0
36983,675,674,1
36984,167,167,0
36985,43,42,1
36986,324,320,4
36987,90,88,2
36988,225,224,1
36989,248,246,2
36990,250,248,2
36991,184,183,1
36992,311,311,0
36993,235,234,1
36994,223,223,0
36995,185,185,0
36996,149,145,4
36997,178,175,3
36998,360,354,6
36999,141,134,7
37000,128,128,0
37001,104,103,1
37002,81,81,0
37003,43,43,0
37004,94,94,0
37005,146,146,0
37006,70,69,1
37007,69,69,0
37008,111,110,1
37009,165,164,1
37010,97,97,0
37011,145,143,2
37012,65,64,1
37013,64,64,0
37014,249,247,2
37015,92,92,0
37016,157,157,0
37017,57,57,0
37018,164,162,2
37019,199,195,4
37020,116,109,7
37021,386,384,2
37022,401,394,7
37023,139,139,0
37024,117,117,0
37025,155,155,0
37026,261,259,2
37027,333,333,0
37028,155,155,0
37029,614,604,10
37030,308,308,0
37031,290,288,2
37032,207,204,3
37033,248,242,6
37034,123,119,4
37035,349,348,1
37036,190,188,2
37037,183,180,3
37038,195,195,0
37039,218,216,2
37040,167,164,3
37041,114,112,2
37042,74,73,1
37043,163,161,2
37044,49,47,2
37045,121,121,0
37046,118,116,2
37047,131,128,3
37048,83,81,2
37049,243,237,6
37050,77,77,0
37051,50,49,1
37052,111,109,2
37053,98,94,4
37054,96,96,0
37055,121,119,2
37056,144,144,0
37057,172,171,1
37058,183,183,0
37059,93,93,0
37060,116,111,5
37061,213,211,2
37062,146,145,1
37063,99,99,0
37064,155,155,0
37065,374,372,2
37066,105,105,0
37067,274,274,0
37068,182,182,0
37069,66,66,0
37070,343,341,2
37071,152,152,0
37072,168,168,0
37073,244,243,1
37074,481,481,0
37075,143,143,0
37076,113,112,1
37077,594,593,1
37078,650,648,2
37079,148,147,1
37080,175,174,1
37081,75,74,1
37082,143,143,0
37083,154,154,0
37084,293,293,0
37085,338,335,3
37086,186,184,2
37087,40,40,0
37088,63,63,0
37089,162,161,1
37090,158,158,0
37091,178,178,0
37092,144,143,1
37093,118,117,1
37094,147,147,0
37095,56,56,0
37096,323,319,4
37097,140,139,1
37098,53,53,0
37099,272,270,2
37100,147,145,2
37101,286,286,0
37102,175,175,0
37103,294,290,4
37104,136,135,1
37105,106,104,2
37106,196,196,0
37107,199,199,0
37108,117,115,2
37109,93,93,0
37110,365,363,2
37111,137,137,0
37112,221,220,1
37113,382,376,6
37114,454,447,7
37115,147,147,0
37116,171,171,0
37117,98,98,0
37118,62,62,0
37119,283,274,9
37120,158,158,0
37121,141,141,0
37122,135,135,0
37123,117,117,0
37124,50,50,0
37125,141,141,0
37126,97,95,2
37127,163,153,10
37128,308,304,4
37129,112,112,0
37130,241,240,1
37131,164,164,0
37132,131,131,0
37133,102,102,0
37134,171,170,1
37135,188,187,1
37136,81,81,0
37137,142,142,0
37138,526,525,1
37139,151,149,2
37140,181,176,5
37141,127,127,0
37142,238,238,0
37143,116,116,0
37144,141,141,0
37145,845,842,3
37146,250,245,5
37147,234,233,1
37148,130,129,1
37149,159,158,1
37150,153,153,0
37151,134,134,0
37152,134,134,0
37153,67,67,0
37154,555,550,5
37155,162,160,2
37156,215,215,0
37157,518,516,2
37158,269,267,2
37159,199,199,0
37160,273,272,1
37161,152,150,2
37162,126,125,1
37163,98,97,1
37164,163,163,0
37165,191,188,3
37166,113,111,2
37167,301,301,0
37168,213,213,0
37169,145,145,0
37170,112,111,1
37171,177,175,2
37172,146,146,0
37173,582,581,1
37174,105,105,0
37175,131,131,0
37176,236,235,1
37177,235,235,0
37178,141,141,0
37179,142,142,0
37180,363,362,1
37181,443,434,9
37182,368,364,4
37183,218,218,0
37184,130,129,1
37185,196,196,0
37186,132,132,0
37187,141,141,0
37188,344,344,0
37189,128,128,0
37190,264,260,4
37191,47,47,0
37192,297,295,2
37193,99,99,0
37194,163,158,5
37195,421,420,1
37196,409,408,1
37197,129,128,1
37198,144,144,0
37199,202,198,4
37200,92,92,0
37201,131,131,0
37202,158,158,0
37203,282,279,3
37204,163,162,1
37205,166,166,0
37206,223,223,0
37207,255,254,1
37208,522,517,5
37209,806,804,2
37210,176,173,3
37211,49,48,1
37212,92,91,1
37213,589,576,13
37214,541,530,11
37215,102,102,0
37216,119,119,0
37217,121,120,1
37218,112,112,0
37219,623,615,8
37220,171,171,0
37221,300,299,1
37222,129,129,0
37223,105,105,0
37224,108,107,1
37225,417,412,5
37226,377,372,5
37227,111,105,6
37228,180,180,0
37229,420,413,7
37230,161,159,2
37231,146,145,1
37232,128,128,0
37233,300,296,4
37234,118,116,2
37235,165,165,0
37236,157,155,2
37237,45,45,0
37238,168,167,1
37239,137,137,0
37240,45,45,0
37241,367,358,9
37242,239,239,0
37243,131,131,0
37244,247,247,0
37245,206,205,1
37246,158,157,1
37247,74,74,0
37248,166,166,0
37249,177,176,1
37250,458,452,6
37251,387,384,3
37252,81,81,0
37253,135,135,0
37254,153,153,0
37255,119,119,0
37256,365,363,2
37257,108,108,0
37258,159,159,0
37259,86,86,0
37260,244,244,0
37261,32,32,0
37262,69,68,1
37263,132,132,0
37264,69,69,0
37265,147,147,0
37266,83,83,0
37267,190,187,3
37268,120,120,0
37269,45,45,0
37270,103,102,1
37271,466,463,3
37272,76,76,0
37273,92,92,0
37274,88,87,1
37275,68,67,1
37276,328,328,0
37277,284,280,4
37278,232,231,1
37279,159,159,0
37280,167,167,0
37281,387,387,0
37282,144,144,0
37283,107,105,2
37284,155,154,1
37285,266,266,0
37286,213,213,0
37287,176,175,1
37288,151,149,2
37289,282,282,0
37290,137,137,0
37291,49,49,0
37292,189,187,2
37293,198,195,3
37294,167,158,9
37295,47,47,0
37296,189,183,6
37297,201,201,0
37298,420,418,2
37299,152,150,2
37300,541,540,1
37301,102,100,2
37302,400,399,1
37303,879,875,4
37304,189,189,0
37305,135,135,0
37306,100,98,2
37307,257,256,1
37308,155,155,0
37309,74,74,0
37310,137,137,0
37311,125,125,0
37312,313,313,0
37313,194,193,1
37314,287,285,2
37315,348,345,3
37316,152,152,0
37317,352,349,3
37318,127,127,0
37319,562,560,2
37320,156,155,1
37321,473,473,0
37322,972,969,3
37323,143,142,1
37324,124,121,3
37325,359,357,2
37326,667,667,0
37327,207,205,2
37328,140,139,1
37329,474,471,3
37330,222,217,5
37331,41,41,0
37332,180,180,0
37333,281,279,2
37334,201,198,3
37335,796,790,6
37336,220,219,1
37337,64,63,1
37338,99,98,1
37339,985,976,9
37340,54,54,0
37341,144,143,1
37342,146,146,0
37343,426,419,7
37344,171,167,4
37345,405,403,2
37346,456,455,1
37347,107,106,1
37348,359,356,3
37349,493,493,0
37350,127,127,0
37351,152,152,0
37352,88,88,0
37353,99,99,0
37354,117,117,0
37355,102,102,0
37356,58,58,0
37357,85,85,0
37358,528,528,0
37359,159,159,0
37360,133,133,0
37361,228,228,0
37362,47,47,0
37363,124,123,1
37364,57,57,0
37365,122,122,0
37366,125,122,3
37367,126,125,1
37368,136,134,2
37369,111,109,2
37370,131,129,2
37371,232,232,0
37372,239,239,0
37373,134,132,2
37374,190,190,0
37375,212,210,2
37376,117,116,1
37377,417,414,3
37378,117,117,0
37379,172,172,0
37380,162,161,1
37381,150,150,0
37382,240,240,0
37383,175,174,1
37384,123,123,0
37385,128,127,1
37386,234,234,0
37387,43,42,1
37388,123,122,1
37389,143,142,1
37390,137,136,1
37391,299,299,0
37392,130,129,1
37393,148,148,0
37394,327,323,4
37395,259,259,0
37396,398,395,3
37397,300,300,0
37398,383,380,3
37399,194,190,4
37400,386,386,0
37401,131,129,2
37402,202,202,0
37403,499,492,7
37404,174,174,0
37405,134,133,1
37406,683,679,4
37407,388,386,2
37408,813,808,5
37409,226,221,5
37410,458,457,1
37411,129,125,4
37412,115,114,1
37413,532,529,3
37414,575,575,0
37415,285,284,1
37416,109,109,0
37417,230,230,0
37418,368,363,5
37419,236,236,0
37420,241,240,1
37421,436,434,2
37422,371,369,2
37423,273,273,0
37424,271,267,4
37425,488,486,2
37426,569,568,1
37427,203,203,0
37428,218,218,0
37429,782,782,0
37430,413,412,1
37431,226,224,2
37432,388,388,0
37433,66,66,0
37434,764,764,0
37435,220,220,0
37436,721,718,3
37437,243,241,2
37438,123,122,1
37439,117,116,1
37440,355,355,0
37441,282,278,4
37442,360,356,4
37443,121,121,0
37444,94,94,0
37445,467,466,1
37446,222,219,3
37447,135,134,1
37448,320,317,3
37449,352,338,14
37450,275,271,4
37451,343,341,2
37452,997,991,6
37453,253,253,0
37454,321,320,1
37455,130,130,0
37456,169,168,1
37457,348,343,5
37458,1163,1152,11
37459,473,472,1
37460,161,161,0
37461,810,802,8
37462,131,130,1
37463,215,213,2
37464,167,166,1
37465,308,308,0
37466,112,111,1
37467,547,545,2
37468,372,367,5
37469,1188,1181,7
37470,142,142,0
37471,140,139,1
37472,148,148,0
37473,208,207,1
37474,182,182,0
37475,820,811,9
37476,238,237,1
37477,173,172,1
37478,182,182,0
37479,123,122,1
37480,231,231,0
37481,350,349,1
37482,187,187,0
37483,495,486,9
37484,164,162,2
37485,132,130,2
37486,125,124,1
37487,136,133,3
37488,481,479,2
37489,183,183,0
37490,129,128,1
37491,151,149,2
37492,387,385,2
37493,163,161,2
37494,480,478,2
37495,121,120,1
37496,115,115,0
37497,699,695,4
37498,162,162,0
37499,218,217,1
37500,171,171,0
37501,241,241,0
37502,224,223,1
37503,319,318,1
37504,237,235,2
37505,118,118,0
37506,163,162,1
37507,144,143,1
37508,129,128,1
37509,167,166,1
37510,112,111,1
37511,339,339,0
37512,254,253,1
37513,112,112,0
37514,192,190,2
37515,210,210,0
37516,151,151,0
37517,199,195,4
37518,354,341,13
37519,83,83,0
37520,69,68,1
37521,184,184,0
37522,566,563,3
37523,345,318,27
37524,266,265,1
37525,237,235,2
37526,193,192,1
37527,707,694,13
37528,468,465,3
37529,270,267,3
37530,140,140,0
37531,157,156,1
37532,366,363,3
37533,230,228,2
37534,338,337,1
37535,257,256,1
37536,304,304,0
37537,128,127,1
37538,355,354,1
37539,215,214,1
37540,128,128,0
37541,116,116,0
37542,194,193,1
37543,472,472,0
37544,235,233,2
37545,122,122,0
37546,872,869,3
37547,116,116,0
37548,248,248,0
37549,136,136,0
37550,134,134,0
37551,271,270,1
37552,263,262,1
37553,55,54,1
37554,125,124,1
37555,123,121,2
37556,618,613,5
37557,32,32,0
37558,295,292,3
37559,205,202,3
37560,121,120,1
37561,106,105,1
37562,154,153,1
37563,144,143,1
37564,387,383,4
37565,218,217,1
37566,99,99,0
37567,146,146,0
37568,99,99,0
37569,153,152,1
37570,73,72,1
37571,51,51,0
37572,296,296,0
37573,32,32,0
37574,790,777,13
37575,182,178,4
37576,197,197,0
37577,165,165,0
37578,159,159,0
37579,164,163,1
37580,82,82,0
37581,111,110,1
37582,83,83,0
37583,240,237,3
37584,207,206,1
37585,260,260,0
37586,98,98,0
37587,82,81,1
37588,196,196,0
37589,117,116,1
37590,104,104,0
37591,431,425,6
37592,131,130,1
37593,154,153,1
37594,440,437,3
37595,189,188,1
37596,160,160,0
37597,81,81,0
37598,42,42,0
37599,105,102,3
37600,114,114,0
37601,104,103,1
37602,263,262,1
37603,43,43,0
37604,137,137,0
37605,226,222,4
37606,117,114,3
37607,182,181,1
37608,124,123,1
37609,293,289,4
37610,317,317,0
37611,216,216,0
37612,160,159,1
37613,59,59,0
37614,344,344,0
37615,126,126,0
37616,152,151,1
37617,360,358,2
37618,162,162,0
37619,119,117,2
37620,212,211,1
37621,211,210,1
37622,411,408,3
37623,219,218,1
37624,416,409,7
37625,206,206,0
37626,178,177,1
37627,119,119,0
37628,258,253,5
37629,178,176,2
37630,162,160,2
37631,321,321,0
37632,107,107,0
37633,90,90,0
37634,308,305,3
37635,111,110,1
37636,166,166,0
37637,523,519,4
37638,492,488,4
37639,142,140,2
37640,154,153,1
37641,119,118,1
37642,190,190,0
37643,127,127,0
37644,171,171,0
37645,252,249,3
37646,184,184,0
37647,239,237,2
37648,870,865,5
37649,311,308,3
37650,251,249,2
37651,239,239,0
37652,307,304,3
37653,131,131,0
37654,119,116,3
37655,157,157,0
37656,157,157,0
37657,147,147,0
37658,161,161,0
37659,395,395,0
37660,138,138,0
37661,227,227,0
37662,128,127,1
37663,472,468,4
37664,61,61,0
37665,195,195,0
37666,252,251,1
37667,104,104,0
37668,128,128,0
37669,189,189,0
37670,241,241,0
37671,192,190,2
37672,462,462,0
37673,132,132,0
37674,559,557,2
37675,319,313,6
37676,444,443,1
37677,426,423,3
37678,92,92,0
37679,62,62,0
37680,326,326,0
37681,584,584,0
37682,358,357,1
37683,224,222,2
37684,380,379,1
37685,99,97,2
37686,138,137,1
37687,116,110,6
37688,38,38,0
37689,150,148,2
37690,316,314,2
37691,161,161,0
37692,107,106,1
37693,166,166,0
37694,149,149,0
37695,96,96,0
37696,459,458,1
37697,191,190,1
37698,784,778,6
37699,82,73,9
37700,157,156,1
37701,152,152,0
37702,366,366,0
37703,642,638,4
37704,407,406,1
37705,196,196,0
37706,106,106,0
37707,159,158,1
37708,200,199,1
37709,152,152,0
37710,679,677,2
37711,163,162,1
37712,242,241,1
37713,158,157,1
37714,172,172,0
37715,134,134,0
37716,267,266,1
37717,106,106,0
37718,237,237,0
37719,141,141,0
37720,153,153,0
37721,68,68,0
37722,230,230,0
37723,172,170,2
37724,111,109,2
37725,145,141,4
37726,60,60,0
37727,65,64,1
37728,166,165,1
37729,83,83,0
37730,322,317,5
37731,110,110,0
37732,169,168,1
37733,89,89,0
37734,58,58,0
37735,143,142,1
37736,153,152,1
37737,278,277,1
37738,154,153,1
37739,441,439,2
37740,167,166,1
37741,783,780,3
37742,135,133,2
37743,61,61,0
37744,185,184,1
37745,844,838,6
37746,165,163,2
37747,136,133,3
37748,210,209,1
37749,354,354,0
37750,117,114,3
37751,94,94,0
37752,201,200,1
37753,126,126,0
37754,105,103,2
37755,119,117,2
37756,127,126,1
37757,254,252,2
37758,239,239,0
37759,194,193,1
37760,350,348,2
37761,138,138,0
37762,182,182,0
37763,278,276,2
37764,390,388,2
37765,135,133,2
37766,124,123,1
37767,141,139,2
37768,413,412,1
37769,221,220,1
37770,500,497,3
37771,238,238,0
37772,104,102,2
37773,478,475,3
37774,293,290,3
37775,106,106,0
37776,213,213,0
37777,368,366,2
37778,49,49,0
37779,208,205,3
37780,98,98,0
37781,248,248,0
37782,401,395,6
37783,109,109,0
37784,48,48,0
37785,152,151,1
37786,60,60,0
37787,154,154,0
37788,471,471,0
37789,100,99,1
37790,151,151,0
37791,541,540,1
37792,129,129,0
37793,117,117,0
37794,268,267,1
37795,220,219,1
37796,426,424,2
37797,193,193,0
37798,96,96,0
37799,136,134,2
37800,108,108,0
37801,144,143,1
37802,294,294,0
37803,114,114,0
37804,159,159,0
37805,138,137,1
37806,124,123,1
37807,203,203,0
37808,452,449,3
37809,65,65,0
37810,74,74,0
37811,604,603,1
37812,141,139,2
37813,123,123,0
37814,177,175,2
37815,413,412,1
37816,254,254,0
37817,130,130,0
37818,143,143,0
37819,101,100,1
37820,212,212,0
37821,406,403,3
37822,575,573,2
37823,309,309,0
37824,999,997,2
37825,162,162,0
37826,359,358,1
37827,390,382,8
37828,131,129,2
37829,364,364,0
37830,247,247,0
37831,138,136,2
37832,135,130,5
37833,208,208,0
37834,126,126,0
37835,303,295,8
37836,459,457,2
37837,272,270,2
37838,162,161,1
37839,141,141,0
37840,336,334,2
37841,308,308,0
37842,141,141,0
37843,144,143,1
37844,146,146,0
37845,206,205,1
37846,122,122,0
37847,81,80,1
37848,52,52,0
37849,254,254,0
37850,98,98,0
37851,123,122,1
37852,109,109,0
37853,213,212,1
37854,646,645,1
37855,411,404,7
37856,179,179,0
37857,214,213,1
37858,379,379,0
37859,152,151,1
37860,835,830,5
37861,113,113,0
37862,135,135,0
37863,164,164,0
37864,69,69,0
37865,120,120,0
37866,339,335,4
37867,162,161,1
37868,368,366,2
37869,185,184,1
37870,86,86,0
37871,159,159,0
37872,174,173,1
37873,172,172,0
37874,192,191,1
37875,219,215,4
37876,126,125,1
37877,179,179,0
37878,152,152,0
37879,136,136,0
37880,178,175,3
37881,683,681,2
37882,114,114,0
37883,111,111,0
37884,262,262,0
37885,239,238,1
37886,176,174,2
37887,134,134,0
37888,98,97,1
37889,123,123,0
37890,235,234,1
37891,146,146,0
37892,327,327,0
37893,249,247,2
37894,141,141,0
37895,334,334,0
37896,377,376,1
37897,144,144,0
37898,145,145,0
37899,742,739,3
37900,121,121,0
37901,150,150,0
37902,113,113,0
37903,147,146,1
37904,135,135,0
37905,148,147,1
37906,162,161,1
37907,211,211,0
37908,424,421,3
37909,229,226,3
37910,355,355,0
37911,124,122,2
37912,468,460,8
37913,195,195,0
37914,257,256,1
37915,136,135,1
37916,121,120,1
37917,298,296,2
37918,44,44,0
37919,656,647,9
37920,117,116,1
37921,170,170,0
37922,483,473,10
37923,309,308,1
37924,131,131,0
37925,203,203,0
37926,197,197,0
37927,110,110,0
37928,763,759,4
37929,123,123,0
37930,181,180,1
37931,188,188,0
37932,50,50,0
37933,182,180,2
37934,517,515,2
37935,378,375,3
37936,172,171,1
37937,148,148,0
37938,267,267,0
37939,247,243,4
37940,131,131,0
37941,164,159,5
37942,162,160,2
37943,46,46,0
37944,256,251,5
37945,182,181,1
37946,186,185,1
37947,118,118,0
37948,485,483,2
37949,64,64,0
37950,173,172,1
37951,169,169,0
37952,250,247,3
37953,226,223,3
37954,126,126,0
37955,668,661,7
37956,126,126,0
37957,415,412,3
37958,54,54,0
37959,158,157,1
37960,116,115,1
37961,155,154,1
37962,401,401,0
37963,632,628,4
37964,209,209,0
37965,316,316,0
37966,336,334,2
37967,63,63,0
37968,260,257,3
37969,766,759,7
37970,378,376,2
37971,73,73,0
37972,71,71,0
37973,137,134,3
37974,163,163,0
37975,154,153,1
37976,130,130,0
37977,114,114,0
37978,568,568,0
37979,106,105,1
37980,123,123,0
37981,141,140,1
37982,198,198,0
37983,160,160,0
37984,122,121,1
37985,88,87,1
37986,61,60,1
37987,139,138,1
37988,120,120,0
37989,114,114,0
37990,115,114,1
37991,178,176,2
37992,46,45,1
37993,117,117,0
37994,150,149,1
37995,349,348,1
37996,374,374,0
37997,328,326,2
37998,317,317,0
37999,257,257,0
38000,157,155,2
38001,151,151,0
38002,265,264,1
38003,104,104,0
38004,127,124,3
38005,158,158,0
38006,128,128,0
38007,132,131,1
38008,187,187,0
38009,150,149,1
38010,267,266,1
38011,141,141,0
38012,146,146,0
38013,500,495,5
38014,110,110,0
38015,201,200,1
38016,168,168,0
38017,269,269,0
38018,322,322,0
38019,176,174,2
38020,140,140,0
38021,158,158,0
38022,911,910,1
38023,304,304,0
38024,251,248,3
38025,161,161,0
38026,349,348,1
38027,139,138,1
38028,318,313,5
38029,163,161,2
38030,430,430,0
38031,336,331,5
38032,121,121,0
38033,437,433,4
38034,175,175,0
38035,200,198,2
38036,181,180,1
38037,278,278,0
38038,183,182,1
38039,148,148,0
38040,208,208,0
38041,214,211,3
38042,310,309,1
38043,169,169,0
38044,91,91,0
38045,117,115,2
38046,137,137,0
38047,143,143,0
38048,193,192,1
38049,247,245,2
38050,163,161,2
38051,315,313,2
38052,131,131,0
38053,123,123,0
38054,596,596,0
38055,358,357,1
38056,323,323,0
38057,294,292,2
38058,197,196,1
38059,238,237,1
38060,118,118,0
38061,154,154,0
38062,162,160,2
38063,158,157,1
38064,200,199,1
38065,164,164,0
38066,358,357,1
38067,471,470,1
38068,161,161,0
38069,168,168,0
38070,205,205,0
38071,315,312,3
38072,131,131,0
38073,215,215,0
38074,236,235,1
38075,502,502,0
38076,202,202,0
38077,73,72,1
38078,111,111,0
38079,148,148,0
38080,91,91,0
38081,172,172,0
38082,89,89,0
38083,163,162,1
38084,109,108,1
38085,197,197,0
38086,222,222,0
38087,181,181,0
38088,450,446,4
38089,148,148,0
38090,288,286,2
38091,77,77,0
38092,92,92,0
38093,165,164,1
38094,197,189,8
38095,44,44,0
38096,234,232,2
38097,465,465,0
38098,170,169,1
38099,418,418,0
38100,307,301,6
38101,906,898,8
38102,486,485,1
38103,225,224,1
38104,304,298,6
38105,106,105,1
38106,57,57,0
38107,134,132,2
38108,273,272,1
38109,746,733,13
38110,130,129,1
38111,63,63,0
38112,122,117,5
38113,158,158,0
38114,201,200,1
38115,169,169,0
38116,324,323,1
38117,207,207,0
38118,176,175,1
38119,457,455,2
38120,621,621,0
38121,191,181,10
38122,174,173,1
38123,341,340,1
38124,181,181,0
38125,165,164,1
38126,203,203,0
38127,663,654,9
38128,235,235,0
38129,108,106,2
38130,71,71,0
38131,182,182,0
38132,137,135,2
38133,172,172,0
38134,286,284,2
38135,136,136,0
38136,218,218,0
38137,266,263,3
38138,172,172,0
38139,127,127,0
38140,138,137,1
38141,423,423,0
38142,533,531,2
38143,153,153,0
38144,141,141,0
38145,139,139,0
38146,222,222,0
38147,615,614,1
38148,173,171,2
38149,310,310,0
38150,233,233,0
38151,84,84,0
38152,100,100,0
38153,142,142,0
38154,160,160,0
38155,59,59,0
38156,239,238,1
38157,243,242,1
38158,392,392,0
38159,172,172,0
38160,160,160,0
38161,217,215,2
38162,48,48,0
38163,78,77,1
38164,145,145,0
38165,141,140,1
38166,126,126,0
38167,133,133,0
38168,633,629,4
38169,35,35,0
38170,146,146,0
38171,141,139,2
38172,139,139,0
38173,159,159,0
38174,80,80,0
38175,66,66,0
38176,166,166,0
38177,172,171,1
38178,66,66,0
38179,169,169,0
38180,293,291,2
38181,270,270,0
38182,159,159,0
38183,224,222,2
38184,61,61,0
38185,122,121,1
38186,538,535,3
38187,541,536,5
38188,182,181,1
38189,135,135,0
38190,177,176,1
38191,132,132,0
38192,232,231,1
38193,190,190,0
38194,325,325,0
38195,369,365,4
38196,151,151,0
38197,168,168,0
38198,175,175,0
38199,130,129,1
38200,168,168,0
38201,111,110,1
38202,135,135,0
38203,134,134,0
38204,277,276,1
38205,117,117,0
38206,143,143,0
38207,251,250,1
38208,194,194,0
38209,126,126,0
38210,323,319,4
38211,558,556,2
38212,107,107,0
38213,209,208,1
38214,92,91,1
38215,576,576,0
38216,119,118,1
38217,325,323,2
38218,180,180,0
38219,315,314,1
38220,547,545,2
38221,306,304,2
38222,311,311,0
38223,392,387,5
38224,266,266,0
38225,255,253,2
38226,132,132,0
38227,149,148,1
38228,232,232,0
38229,211,211,0
38230,119,119,0
38231,447,447,0
38232,298,294,4
38233,454,447,7
38234,286,285,1
38235,214,214,0
38236,110,110,0
38237,166,157,9
38238,145,145,0
38239,157,156,1
38240,605,598,7
38241,188,187,1
38242,128,126,2
38243,201,201,0
38244,258,258,0
38245,173,172,1
38246,304,300,4
38247,249,247,2
38248,186,186,0
38249,63,62,1
38250,56,56,0
38251,59,59,0
38252,54,53,1
38253,524,522,2
38254,123,123,0
38255,647,640,7
38256,44,44,0
38257,131,131,0
38258,184,184,0
38259,102,101,1
38260,407,406,1
38261,127,127,0
38262,331,328,3
38263,51,51,0
38264,347,345,2
38265,717,715,2
38266,307,307,0
38267,213,211,2
38268,153,152,1
38269,790,721,69
38270,110,110,0
38271,139,139,0
38272,131,131,0
38273,140,140,0
38274,156,155,1
38275,110,109,1
38276,246,246,0
38277,446,443,3
38278,357,357,0
38279,71,71,0
38280,200,198,2
38281,106,105,1
38282,79,79,0
38283,162,161,1
38284,375,373,2
38285,354,350,4
38286,202,202,0
38287,275,275,0
38288,476,473,3
38289,103,103,0
38290,110,109,1
38291,248,247,1
38292,399,398,1
38293,131,129,2
38294,113,113,0
38295,207,202,5
38296,153,151,2
38297,153,152,1
38298,389,387,2
38299,222,222,0
38300,165,163,2
38301,328,328,0
38302,344,343,1
38303,174,174,0
38304,145,145,0
38305,136,136,0
38306,172,172,0
38307,295,295,0
38308,274,274,0
38309,359,359,0
38310,716,713,3
38311,165,157,8
38312,103,102,1
38313,189,187,2
38314,253,253,0
38315,190,189,1
38316,94,94,0
38317,344,342,2
38318,190,189,1
38319,111,109,2
38320,141,141,0
38321,357,357,0
38322,112,112,0
38323,362,360,2
38324,555,551,4
38325,190,189,1
38326,147,147,0
38327,217,215,2
38328,152,152,0
38329,126,126,0
38330,140,140,0
38331,272,269,3
38332,526,523,3
38333,130,130,0
38334,171,170,1
38335,158,158,0
38336,124,122,2
38337,116,115,1
38338,295,290,5
38339,314,314,0
38340,104,104,0
38341,283,282,1
38342,121,119,2
38343,130,128,2
38344,112,112,0
38345,152,152,0
38346,96,96,0
38347,167,167,0
38348,435,432,3
38349,309,309,0
38350,99,98,1
38351,109,107,2
38352,74,74,0
38353,448,447,1
38354,185,182,3
38355,139,138,1
38356,142,142,0
38357,149,139,10
38358,201,200,1
38359,262,262,0
38360,178,177,1
38361,235,231,4
38362,219,219,0
38363,423,423,0
38364,43,43,0
38365,445,444,1
38366,125,124,1
38367,184,183,1
38368,146,143,3
38369,43,43,0
38370,1017,1006,11
38371,126,125,1
38372,298,298,0
38373,141,132,9
38374,193,192,1
38375,292,289,3
38376,150,150,0
38377,144,144,0
38378,274,268,6
38379,147,147,0
38380,173,169,4
38381,116,113,3
38382,192,191,1
38383,227,226,1
38384,196,194,2
38385,132,132,0
38386,379,376,3
38387,740,740,0
38388,176,176,0
38389,99,99,0
38390,100,99,1
38391,131,131,0
38392,124,123,1
38393,459,456,3
38394,110,110,0
38395,197,196,1
38396,151,150,1
38397,48,48,0
38398,545,543,2
38399,324,322,2
38400,352,348,4
38401,135,134,1
38402,154,154,0
38403,111,110,1
38404,147,146,1
38405,749,748,1
38406,250,250,0
38407,127,126,1
38408,141,141,0
38409,150,149,1
38410,41,41,0
38411,353,352,1
38412,735,731,4
38413,692,689,3
38414,124,122,2
38415,472,470,2
38416,133,133,0
38417,683,681,2
38418,186,186,0
38419,105,105,0
38420,121,120,1
38421,221,220,1
38422,133,133,0
38423,165,164,1
38424,153,153,0
38425,118,118,0
38426,52,52,0
38427,162,160,2
38428,336,332,4
38429,86,86,0
38430,226,226,0
38431,116,116,0
38432,125,124,1
38433,171,171,0
38434,49,48,1
38435,215,215,0
38436,231,231,0
38437,142,141,1
38438,143,143,0
38439,104,104,0
38440,433,432,1
38441,102,101,1
38442,453,450,3
38443,84,84,0
38444,110,108,2
38445,470,455,15
38446,191,189,2
38447,159,158,1
38448,139,138,1
38449,208,207,1
38450,134,133,1
38451,143,142,1
38452,352,352,0
38453,137,136,1
38454,195,194,1
38455,139,138,1
38456,247,247,0
38457,126,125,1
38458,124,124,0
38459,148,146,2
38460,450,450,0
38461,240,239,1
38462,198,193,5
38463,178,177,1
38464,218,218,0
38465,115,115,0
38466,309,306,3
38467,389,389,0
38468,178,177,1
38469,157,156,1
38470,382,380,2
38471,177,177,0
38472,201,201,0
38473,569,568,1
38474,110,109,1
38475,307,307,0
38476,51,51,0
38477,105,103,2
38478,264,264,0
38479,174,174,0
38480,821,820,1
38481,189,188,1
38482,174,174,0
38483,245,244,1
38484,131,130,1
38485,268,267,1
38486,187,187,0
38487,333,329,4
38488,210,210,0
38489,122,122,0
38490,202,202,0
38491,441,437,4
38492,1018,1017,1
38493,146,146,0
38494,714,713,1
38495,229,226,3
38496,163,163,0
38497,360,357,3
38498,147,147,0
38499,219,219,0
38500,160,160,0
38501,482,481,1
38502,173,173,0
38503,166,166,0
38504,262,262,0
38505,151,150,1
38506,84,84,0
38507,132,132,0
38508,142,142,0
38509,174,172,2
38510,195,195,0
38511,147,147,0
38512,154,154,0
38513,531,527,4
38514,133,133,0
38515,187,183,4
38516,296,295,1
38517,480,476,4
38518,270,269,1
38519,689,688,1
38520,346,346,0
38521,191,189,2
38522,286,286,0
38523,112,110,2
38524,152,152,0
38525,289,288,1
38526,201,201,0
38527,138,137,1
38528,288,284,4
38529,155,154,1
38530,338,337,1
38531,175,175,0
38532,108,108,0
38533,190,190,0
38534,32,32,0
38535,117,117,0
38536,236,235,1
38537,68,67,1
38538,463,463,0
38539,150,150,0
38540,105,101,4
38541,268,265,3
38542,193,193,0
38543,66,66,0
38544,81,81,0
38545,653,653,0
38546,283,281,2
38547,102,101,1
38548,305,299,6
38549,284,282,2
38550,165,161,4
38551,91,91,0
38552,45,45,0
38553,174,173,1
38554,140,139,1
38555,441,431,10
38556,164,164,0
38557,214,214,0
38558,170,170,0
38559,300,298,2
38560,247,247,0
38561,143,141,2
38562,441,439,2
38563,217,215,2
38564,416,415,1
38565,89,89,0
38566,157,157,0
38567,341,341,0
38568,510,508,2
38569,188,187,1
38570,179,179,0
38571,127,127,0
38572,395,394,1
38573,241,241,0
38574,218,217,1
38575,294,293,1
38576,205,205,0
38577,292,291,1
38578,137,133,4
38579,99,99,0
38580,72,70,2
38581,177,176,1
38582,198,195,3
38583,48,47,1
38584,126,126,0
38585,165,164,1
38586,245,245,0
38587,135,135,0
38588,143,143,0
38589,35,34,1
38590,276,271,5
38591,109,107,2
38592,83,83,0
38593,153,152,1
38594,82,80,2
38595,73,71,2
38596,362,355,7
38597,155,155,0
38598,436,436,0
38599,136,135,1
38600,135,134,1
38601,208,206,2
38602,133,132,1
38603,119,116,3
38604,50,49,1
38605,60,60,0
38606,157,153,4
38607,71,71,0
38608,166,166,0
38609,228,228,0
38610,266,266,0
38611,1017,1014,3
38612,145,145,0
38613,137,137,0
38614,624,621,3
38615,190,190,0
38616,143,141,2
38617,126,126,0
38618,151,147,4
38619,245,238,7
38620,188,186,2
38621,114,111,3
38622,427,423,4
38623,103,103,0
38624,58,58,0
38625,245,242,3
38626,277,276,1
38627,432,428,4
38628,91,90,1
38629,56,56,0
38630,90,89,1
38631,112,112,0
38632,48,48,0
38633,352,351,1
38634,138,137,1
38635,412,409,3
38636,422,422,0
38637,255,255,0
38638,128,127,1
38639,446,446,0
38640,194,194,0
38641,129,128,1
38642,126,126,0
38643,119,119,0
38644,172,172,0
38645,120,120,0
38646,160,158,2
38647,145,131,14
38648,122,121,1
38649,158,150,8
38650,129,126,3
38651,702,695,7
38652,189,187,2
38653,752,752,0
38654,346,345,1
38655,345,344,1
38656,366,364,2
38657,160,155,5
38658,127,127,0
38659,656,653,3
38660,164,164,0
38661,152,152,0
38662,195,194,1
38663,193,193,0
38664,466,464,2
38665,463,461,2
38666,378,378,0
38667,495,495,0
38668,255,255,0
38669,251,249,2
38670,52,52,0
38671,182,181,1
38672,125,124,1
38673,429,428,1
38674,131,131,0
38675,186,186,0
38676,553,552,1
38677,155,155,0
38678,156,156,0
38679,135,134,1
38680,109,108,1
38681,167,165,2
38682,133,133,0
38683,292,292,0
38684,357,356,1
38685,363,362,1
38686,123,123,0
38687,300,299,1
38688,183,183,0
38689,599,597,2
38690,118,118,0
38691,156,156,0
38692,168,168,0
38693,256,256,0
38694,134,134,0
38695,295,295,0
38696,272,272,0
38697,959,957,2
38698,330,328,2
38699,201,199,2
38700,223,221,2
38701,291,291,0
38702,272,270,2
38703,195,195,0
38704,263,262,1
38705,119,119,0
38706,464,461,3
38707,131,130,1
38708,146,146,0
38709,441,441,0
38710,410,407,3
38711,733,713,20
38712,31,31,0
38713,143,142,1
38714,62,62,0
38715,54,54,0
38716,147,146,1
38717,139,137,2
38718,48,47,1
38719,128,126,2
38720,502,499,3
38721,970,968,2
38722,168,168,0
38723,207,207,0
38724,162,159,3
38725,129,126,3
38726,65,64,1
38727,226,223,3
38728,152,151,1
38729,131,131,0
38730,238,238,0
38731,203,198,5
38732,118,116,2
38733,161,161,0
38734,381,379,2
38735,393,392,1
38736,323,320,3
38737,133,129,4
38738,199,199,0
38739,118,115,3
38740,146,145,1
38741,99,97,2
38742,164,164,0
38743,313,313,0
38744,200,200,0
38745,225,222,3
38746,208,207,1
38747,135,134,1
38748,308,308,0
38749,257,255,2
38750,421,419,2
38751,268,267,1
38752,312,310,2
38753,140,139,1
38754,82,82,0
38755,263,263,0
38756,40,37,3
38757,59,59,0
38758,112,111,1
38759,144,144,0
38760,666,661,5
38761,54,54,0
38762,304,302,2
38763,89,89,0
38764,89,89,0
38765,138,136,2
38766,194,194,0
38767,74,74,0
38768,123,123,0
38769,156,155,1
38770,234,232,2
38771,105,104,1
38772,148,147,1
38773,159,157,2
38774,135,134,1
38775,78,78,0
38776,53,53,0
38777,327,325,2
38778,214,213,1
38779,110,110,0
38780,123,122,1
38781,39,38,1
38782,56,56,0
38783,287,285,2
38784,151,151,0
38785,395,394,1
38786,745,742,3
38787,102,102,0
38788,315,313,2
38789,943,924,19
38790,126,125,1
38791,140,139,1
38792,281,275,6
38793,154,154,0
38794,302,301,1
38795,242,240,2
38796,96,96,0
38797,174,173,1
38798,179,178,1
38799,451,450,1
38800,209,207,2
38801,203,202,1
38802,116,116,0
38803,389,386,3
38804,217,217,0
38805,672,670,2
38806,138,138,0
38807,155,154,1
38808,179,176,3
38809,203,203,0
38810,139,138,1
38811,563,554,9
38812,488,479,9
38813,123,120,3
38814,166,164,2
38815,88,88,0
38816,292,286,6
38817,174,174,0
38818,371,368,3
38819,164,161,3
38820,293,293,0
38821,321,319,2
38822,284,277,7
38823,540,536,4
38824,278,275,3
38825,355,354,1
38826,429,424,5
38827,121,121,0
38828,115,115,0
38829,298,295,3
38830,369,360,9
38831,351,349,2
38832,141,139,2
38833,256,256,0
38834,180,179,1
38835,639,637,2
38836,122,122,0
38837,419,417,2
38838,170,167,3
38839,133,133,0
38840,166,166,0
38841,110,110,0
38842,97,96,1
38843,640,636,4
38844,154,153,1
38845,215,212,3
38846,79,79,0
38847,54,54,0
38848,32,32,0
38849,193,192,1
38850,301,301,0
38851,314,311,3
38852,190,188,2
38853,262,261,1
38854,61,61,0
38855,217,217,0
38856,204,202,2
38857,93,93,0
38858,192,192,0
38859,52,52,0
38860,126,126,0
38861,96,95,1
38862,84,84,0
38863,342,341,1
38864,159,158,1
38865,190,190,0
38866,144,144,0
38867,255,254,1
38868,181,179,2
38869,81,81,0
38870,183,180,3
38871,744,739,5
38872,206,205,1
38873,134,133,1
38874,145,144,1
38875,201,189,12
38876,130,130,0
38877,114,113,1
38878,571,569,2
38879,652,647,5
38880,152,152,0
38881,160,160,0
38882,410,409,1
38883,118,118,0
38884,189,187,2
38885,172,163,9
38886,146,144,2
38887,99,99,0
38888,218,217,1
38889,56,56,0
38890,157,157,0
38891,134,132,2
38892,186,183,3
38893,151,148,3
38894,158,157,1
38895,132,129,3
38896,268,267,1
38897,214,211,3
38898,192,187,5
38899,73,72,1
38900,211,210,1
38901,369,366,3
38902,367,363,4
38903,298,297,1
38904,342,338,4
38905,197,197,0
38906,197,197,0
38907,197,197,0
38908,81,81,0
38909,144,141,3
38910,214,213,1
38911,144,144,0
38912,319,318,1
38913,143,142,1
38914,139,138,1
38915,222,217,5
38916,357,342,15
38917,458,456,2
38918,514,508,6
38919,113,113,0
38920,112,110,2
38921,153,153,0
38922,302,300,2
38923,116,113,3
38924,443,440,3
38925,749,746,3
38926,323,317,6
38927,238,237,1
38928,354,354,0
38929,159,158,1
38930,51,51,0
38931,471,469,2
38932,152,149,3
38933,67,67,0
38934,48,48,0
38935,123,123,0
38936,360,359,1
38937,311,310,1
38938,360,360,0
38939,179,179,0
38940,169,166,3
38941,278,277,1
38942,915,908,7
38943,155,155,0
38944,189,189,0
38945,305,305,0
38946,373,369,4
38947,546,546,0
38948,33,33,0
38949,89,89,0
38950,129,129,0
38951,123,123,0
38952,72,72,0
38953,186,186,0
38954,99,99,0
38955,133,131,2
38956,197,195,2
38957,157,157,0
38958,42,42,0
38959,230,230,0
38960,103,103,0
38961,171,171,0
38962,168,168,0
38963,189,186,3
38964,35,35,0
38965,130,127,3
38966,127,127,0
38967,154,151,3
38968,145,143,2
38969,164,164,0
38970,119,119,0
38971,362,361,1
38972,304,300,4
38973,93,93,0
38974,143,143,0
38975,172,172,0
38976,149,149,0
38977,224,223,1
38978,198,195,3
38979,85,83,2
38980,40,40,0
38981,147,145,2
38982,174,171,3
38983,137,137,0
38984,353,347,6
38985,115,114,1
38986,108,104,4
38987,172,171,1
38988,372,370,2
38989,237,233,4
38990,105,104,1
38991,179,179,0
38992,401,398,3
38993,266,265,1
38994,117,117,0
38995,419,417,2
38996,119,119,0
38997,163,163,0
38998,121,121,0
38999,254,254,0
39000,308,308,0
39001,243,243,0
39002,434,432,2
39003,164,159,5
39004,287,286,1
39005,778,775,3
39006,399,398,1
39007,132,132,0
39008,405,404,1
39009,218,215,3
39010,87,86,1
39011,222,219,3
39012,122,122,0
39013,192,189,3
39014,152,152,0
39015,151,151,0
39016,50,50,0
39017,193,192,1
39018,178,178,0
39019,137,137,0
39020,360,356,4
39021,105,103,2
39022,699,694,5
39023,626,619,7
39024,137,137,0
39025,287,287,0
39026,139,135,4
39027,47,46,1
39028,122,121,1
39029,198,197,1
39030,190,185,5
39031,165,165,0
39032,52,52,0
39033,135,134,1
39034,515,514,1
39035,181,179,2
39036,230,230,0
39037,162,162,0
39038,161,157,4
39039,69,69,0
39040,87,87,0
39041,47,46,1
39042,324,323,1
39043,174,174,0
39044,265,264,1
39045,195,195,0
39046,527,521,6
39047,154,152,2
39048,318,317,1
39049,350,348,2
39050,209,208,1
39051,87,81,6
39052,105,104,1
39053,54,54,0
39054,134,134,0
39055,137,136,1
39056,146,141,5
39057,304,302,2
39058,92,92,0
39059,288,288,0
39060,439,436,3
39061,246,246,0
39062,267,267,0
39063,84,83,1
39064,78,78,0
39065,247,246,1
39066,94,94,0
39067,180,180,0
39068,202,202,0
39069,165,165,0
39070,223,218,5
39071,657,657,0
39072,454,452,2
39073,374,372,2
39074,242,240,2
39075,168,166,2
39076,120,120,0
39077,175,173,2
39078,158,158,0
39079,210,210,0
39080,378,376,2
39081,246,245,1
39082,278,275,3
39083,134,133,1
39084,91,91,0
39085,274,274,0
39086,51,51,0
39087,132,132,0
39088,49,48,1
39089,89,88,1
39090,144,143,1
39091,354,353,1
39092,292,292,0
39093,29,29,0
39094,149,149,0
39095,238,238,0
39096,112,112,0
39097,176,175,1
39098,133,133,0
39099,153,152,1
39100,347,346,1
39101,70,70,0
39102,133,132,1
39103,179,179,0
39104,137,136,1
39105,241,240,1
39106,267,267,0
39107,203,200,3
39108,124,124,0
39109,180,179,1
39110,100,99,1
39111,274,271,3
39112,590,585,5
39113,106,106,0
39114,228,227,1
39115,168,167,1
39116,80,80,0
39117,408,407,1
39118,113,112,1
39119,304,303,1
39120,198,198,0
39121,183,183,0
39122,71,70,1
39123,179,178,1
39124,286,286,0
39125,292,292,0
39126,239,235,4
39127,180,179,1
39128,670,670,0
39129,159,158,1
39130,213,213,0
39131,138,138,0
39132,170,170,0
39133,388,387,1
39134,93,93,0
39135,158,158,0
39136,233,233,0
39137,64,64,0
39138,160,159,1
39139,144,144,0
39140,304,304,0
39141,294,292,2
39142,79,79,0
39143,98,98,0
39144,293,291,2
39145,546,546,0
39146,285,285,0
39147,160,159,1
39148,147,147,0
39149,301,298,3
39150,167,164,3
39151,234,231,3
39152,131,130,1
39153,169,168,1
39154,136,136,0
39155,92,89,3
39156,214,206,8
39157,208,206,2
39158,114,113,1
39159,228,228,0
39160,119,117,2
39161,115,115,0
39162,178,178,0
39163,193,193,0
39164,228,228,0
39165,62,62,0
39166,418,415,3
39167,194,194,0
39168,155,155,0
39169,115,115,0
39170,147,147,0
39171,128,127,1
39172,146,145,1
39173,118,118,0
39174,139,139,0
39175,159,159,0
39176,146,145,1
39177,112,112,0
39178,392,390,2
39179,235,233,2
39180,194,190,4
39181,121,121,0
39182,108,106,2
39183,93,92,1
39184,530,526,4
39185,409,401,8
39186,277,275,2
39187,313,311,2
39188,136,136,0
39189,161,155,6
39190,77,76,1
39191,171,170,1
39192,154,153,1
39193,219,218,1
39194,409,406,3
39195,302,301,1
39196,155,155,0
39197,143,141,2
39198,143,143,0
39199,133,133,0
39200,385,379,6
39201,177,177,0
39202,460,452,8
39203,441,441,0
39204,116,115,1
39205,105,103,2
39206,208,207,1
39207,612,602,10
39208,214,213,1
39209,162,162,0
39210,311,310,1
39211,59,58,1
39212,197,192,5
39213,371,363,8
39214,184,183,1
39215,219,217,2
39216,371,366,5
39217,113,113,0
39218,596,592,4
39219,329,328,1
39220,370,369,1
39221,543,539,4
39222,313,301,12
39223,54,54,0
39224,51,49,2
39225,90,90,0
39226,96,95,1
39227,51,50,1
39228,32,32,0
39229,118,118,0
39230,151,147,4
39231,84,84,0
39232,241,239,2
39233,179,177,2
39234,218,217,1
39235,126,126,0
39236,75,75,0
39237,102,102,0
39238,194,194,0
39239,224,223,1
39240,116,114,2
39241,574,571,3
39242,243,238,5
39243,125,125,0
39244,113,113,0
39245,281,281,0
39246,148,146,2
39247,171,170,1
39248,343,339,4
39249,159,159,0
39250,146,145,1
39251,195,194,1
39252,203,202,1
39253,124,124,0
39254,337,337,0
39255,377,376,1
39256,326,325,1
39257,121,121,0
39258,184,183,1
39259,428,427,1
39260,321,321,0
39261,233,232,1
39262,278,277,1
39263,503,501,2
39264,500,494,6
39265,185,183,2
39266,130,130,0
39267,532,530,2
39268,127,127,0
39269,193,193,0
39270,584,583,1
39271,116,116,0
39272,312,312,0
39273,128,128,0
39274,232,230,2
39275,148,148,0
39276,299,299,0
39277,115,110,5
39278,588,583,5
39279,168,167,1
39280,602,601,1
39281,562,555,7
39282,153,152,1
39283,177,176,1
39284,279,279,0
39285,503,502,1
39286,108,105,3
39287,241,241,0
39288,213,213,0
39289,106,106,0
39290,109,109,0
39291,81,75,6
39292,188,188,0
39293,418,418,0
39294,52,48,4
39295,44,43,1
39296,258,258,0
39297,288,286,2
39298,210,207,3
39299,701,690,11
39300,170,169,1
39301,322,321,1
39302,72,70,2
39303,196,195,1
39304,165,165,0
39305,359,356,3
39306,452,444,8
39307,810,807,3
39308,153,153,0
39309,566,565,1
39310,167,167,0
39311,810,807,3
39312,94,93,1
39313,73,73,0
39314,166,166,0
39315,161,158,3
39316,107,106,1
39317,131,129,2
39318,354,352,2
39319,208,207,1
39320,109,109,0
39321,185,184,1
39322,72,72,0
39323,148,148,0
39324,235,234,1
39325,430,427,3
39326,218,218,0
39327,143,143,0
39328,78,76,2
39329,262,261,1
39330,96,95,1
39331,296,295,1
39332,134,132,2
39333,169,169,0
39334,139,139,0
39335,152,150,2
39336,440,439,1
39337,131,130,1
39338,127,127,0
39339,285,284,1
39340,128,128,0
39341,128,128,0
39342,214,213,1
39343,102,100,2
39344,207,207,0
39345,191,180,11
39346,215,215,0
39347,95,95,0
39348,110,110,0
39349,108,107,1
39350,197,197,0
39351,123,123,0
39352,227,226,1
39353,318,315,3
39354,401,401,0
39355,145,144,1
39356,117,117,0
39357,170,170,0
39358,178,175,3
39359,125,125,0
39360,346,343,3
39361,147,147,0
39362,230,229,1
39363,372,367,5
39364,174,169,5
39365,217,216,1
39366,111,111,0
39367,375,373,2
39368,135,135,0
39369,133,133,0
39370,137,136,1
39371,207,206,1
39372,124,123,1
39373,112,111,1
39374,130,130,0
39375,268,267,1
39376,338,338,0
39377,114,114,0
39378,114,114,0
39379,119,119,0
39380,277,275,2
39381,153,152,1
39382,192,192,0
39383,412,410,2
39384,298,298,0
39385,121,120,1
39386,121,120,1
39387,208,208,0
39388,194,194,0
39389,192,192,0
39390,402,401,1
39391,274,274,0
39392,222,220,2
39393,45,45,0
39394,167,166,1
39395,175,175,0
39396,629,625,4
39397,204,203,1
39398,302,301,1
39399,555,552,3
39400,327,326,1
39401,262,260,2
39402,269,268,1
39403,284,284,0
39404,57,57,0
39405,197,195,2
39406,335,334,1
39407,143,143,0
39408,175,173,2
39409,69,69,0
39410,126,123,3
39411,134,134,0
39412,215,208,7
39413,126,126,0
39414,56,56,0
39415,152,149,3
39416,153,153,0
39417,191,190,1
39418,65,65,0
39419,121,118,3
39420,93,93,0
39421,150,149,1
39422,52,52,0
39423,329,329,0
39424,109,109,0
39425,94,94,0
39426,272,271,1
39427,804,803,1
39428,111,111,0
39429,121,121,0
39430,88,88,0
39431,787,780,7
39432,170,170,0
39433,502,500,2
39434,65,64,1
39435,92,92,0
39436,189,189,0
39437,58,55,3
39438,205,205,0
39439,469,469,0
39440,151,150,1
39441,144,144,0
39442,745,743,2
39443,117,117,0
39444,119,119,0
39445,226,226,0
39446,655,652,3
39447,344,344,0
39448,826,823,3
39449,345,344,1
39450,1011,1004,7
39451,213,212,1
39452,29,29,0
39453,189,188,1
39454,586,582,4
39455,338,337,1
39456,354,353,1
39457,139,138,1
39458,142,141,1
39459,148,147,1
39460,231,231,0
39461,83,83,0
39462,114,114,0
39463,61,61,0
39464,40,40,0
39465,90,90,0
39466,502,502,0
39467,119,117,2
39468,231,231,0
39469,190,190,0
39470,228,228,0
39471,160,160,0
39472,268,268,0
39473,146,144,2
39474,113,113,0
39475,180,178,2
39476,131,126,5
39477,123,123,0
39478,203,203,0
39479,146,144,2
39480,60,58,2
39481,106,106,0
39482,171,170,1
39483,222,221,1
39484,480,479,1
39485,276,276,0
39486,731,730,1
39487,381,381,0
39488,287,282,5
39489,160,160,0
39490,141,141,0
39491,172,171,1
39492,240,239,1
39493,247,246,1
39494,388,385,3
39495,241,241,0
39496,124,122,2
39497,117,115,2
39498,130,130,0
39499,130,130,0
39500,130,130,0
39501,428,422,6
39502,944,940,4
39503,258,258,0
39504,138,138,0
39505,198,198,0
39506,143,141,2
39507,147,146,1
39508,263,263,0
39509,317,315,2
39510,119,119,0
39511,353,353,0
39512,291,290,1
39513,160,159,1
39514,661,658,3
39515,66,65,1
39516,345,344,1
39517,407,407,0
39518,222,222,0
39519,407,407,0
39520,753,752,1
39521,147,147,0
39522,720,716,4
39523,348,342,6
39524,65,65,0
39525,81,81,0
39526,56,56,0
39527,40,40,0
39528,382,380,2
39529,307,306,1
39530,358,351,7
39531,253,247,6
39532,180,180,0
39533,225,223,2
39534,105,105,0
39535,192,190,2
39536,314,314,0
39537,116,113,3
39538,285,285,0
39539,206,206,0
39540,118,117,1
39541,105,104,1
39542,184,183,1
39543,368,367,1
39544,133,132,1
39545,305,305,0
39546,335,335,0
39547,120,119,1
39548,241,241,0
39549,135,133,2
39550,734,733,1
39551,207,207,0
39552,234,233,1
39553,219,217,2
39554,197,196,1
39555,63,63,0
39556,75,75,0
39557,226,224,2
39558,178,177,1
39559,328,326,2
39560,439,439,0
39561,164,163,1
39562,469,469,0
39563,123,123,0
39564,122,121,1
39565,119,119,0
39566,936,932,4
39567,198,198,0
39568,113,113,0
39569,147,147,0
39570,84,84,0
39571,159,156,3
39572,112,112,0
39573,300,300,0
39574,135,135,0
39575,131,131,0
39576,147,147,0
39577,278,267,11
39578,330,330,0
39579,661,654,7
39580,147,147,0
39581,390,386,4
39582,226,226,0
39583,228,226,2
39584,185,184,1
39585,742,742,0
39586,186,178,8
39587,169,169,0
39588,48,48,0
39589,211,211,0
39590,442,440,2
39591,520,515,5
39592,270,269,1
39593,225,223,2
39594,332,329,3
39595,118,118,0
39596,133,132,1
39597,362,360,2
39598,275,275,0
39599,150,147,3
39600,354,353,1
39601,176,175,1
39602,166,163,3
39603,152,152,0
39604,197,197,0
39605,222,221,1
39606,524,519,5
39607,127,126,1
39608,203,202,1
39609,135,135,0
39610,171,171,0
39611,279,279,0
39612,351,342,9
39613,697,696,1
39614,59,58,1
39615,137,136,1
39616,39,38,1
39617,148,148,0
39618,67,66,1
39619,114,112,2
39620,77,77,0
39621,302,301,1
39622,148,148,0
39623,123,123,0
39624,86,86,0
39625,62,62,0
39626,287,287,0
39627,409,406,3
39628,293,291,2
39629,164,164,0
39630,61,61,0
39631,136,136,0
39632,196,194,2
39633,272,265,7
39634,262,262,0
39635,343,340,3
39636,254,254,0
39637,195,195,0
39638,515,512,3
39639,123,123,0
39640,416,410,6
39641,449,442,7
39642,534,527,7
39643,241,241,0
39644,271,268,3
39645,134,133,1
39646,125,125,0
39647,120,120,0
39648,423,416,7
39649,254,251,3
39650,290,290,0
39651,149,149,0
39652,181,181,0
39653,126,126,0
39654,143,143,0
39655,142,142,0
39656,134,134,0
39657,210,210,0
39658,138,138,0
39659,133,133,0
39660,127,127,0
39661,468,462,6
39662,125,123,2
39663,172,171,1
39664,156,153,3
39665,383,382,1
39666,404,403,1
39667,161,161,0
39668,247,247,0
39669,437,435,2
39670,261,261,0
39671,234,231,3
39672,908,903,5
39673,133,133,0
39674,141,141,0
39675,654,651,3
39676,194,194,0
39677,151,151,0
39678,150,149,1
39679,163,161,2
39680,437,437,0
39681,224,223,1
39682,980,977,3
39683,186,186,0
39684,138,137,1
39685,139,138,1
39686,175,175,0
39687,380,380,0
39688,502,496,6
39689,262,261,1
39690,137,136,1
39691,271,270,1
39692,104,104,0
39693,140,140,0
39694,217,216,1
39695,149,148,1
39696,404,390,14
39697,173,173,0
39698,210,208,2
39699,347,343,4
39700,148,148,0
39701,129,128,1
39702,96,96,0
39703,226,225,1
39704,335,335,0
39705,356,356,0
39706,271,271,0
39707,131,131,0
39708,386,386,0
39709,54,54,0
39710,148,147,1
39711,290,290,0
39712,123,123,0
39713,207,204,3
39714,288,287,1
39715,131,131,0
39716,251,251,0
39717,205,203,2
39718,447,444,3
39719,457,452,5
39720,123,118,5
39721,128,128,0
39722,188,187,1
39723,193,192,1
39724,93,93,0
39725,127,127,0
39726,53,53,0
39727,90,90,0
39728,58,58,0
39729,130,130,0
39730,125,121,4
39731,99,98,1
39732,122,122,0
39733,67,67,0
39734,64,64,0
39735,426,424,2
39736,147,147,0
39737,21,21,0
39738,276,270,6
39739,90,90,0
39740,349,349,0
39741,129,129,0
39742,132,128,4
39743,36,36,0
39744,194,193,1
39745,154,153,1
39746,379,378,1
39747,454,452,2
39748,122,120,2
39749,119,119,0
39750,250,250,0
39751,239,235,4
39752,147,147,0
39753,136,136,0
39754,143,143,0
39755,175,175,0
39756,181,181,0
39757,119,116,3
39758,185,185,0
39759,319,318,1
39760,175,175,0
39761,130,130,0
39762,130,129,1
39763,259,258,1
39764,796,791,5
39765,182,181,1
39766,198,195,3
39767,119,119,0
39768,157,157,0
39769,224,224,0
39770,301,300,1
39771,402,400,2
39772,311,311,0
39773,254,254,0
39774,184,182,2
39775,191,191,0
39776,253,253,0
39777,106,106,0
39778,392,389,3
39779,68,68,0
39780,56,55,1
39781,199,199,0
39782,187,187,0
39783,212,212,0
39784,141,140,1
39785,211,211,0
39786,117,117,0
39787,121,120,1
39788,165,163,2
39789,94,94,0
39790,113,111,2
39791,136,136,0
39792,58,58,0
39793,76,76,0
39794,157,154,3
39795,330,329,1
39796,89,89,0
39797,155,155,0
39798,192,191,1
39799,142,141,1
39800,209,206,3
39801,202,202,0
39802,137,137,0
39803,46,45,1
39804,131,131,0
39805,195,193,2
39806,51,51,0
39807,35,34,1
39808,161,157,4
39809,138,138,0
39810,265,264,1
39811,384,382,2
39812,188,182,6
39813,129,129,0
39814,158,157,1
39815,178,177,1
39816,71,71,0
39817,245,244,1
39818,395,394,1
39819,902,898,4
39820,105,105,0
39821,165,165,0
39822,122,120,2
39823,203,203,0
39824,186,184,2
39825,140,140,0
39826,205,202,3
39827,86,86,0
39828,119,118,1
39829,165,162,3
39830,206,205,1
39831,60,59,1
39832,365,365,0
39833,170,170,0
39834,19,19,0
39835,170,170,0
39836,52,52,0
39837,58,58,0
39838,201,200,1
39839,167,167,0
39840,324,323,1
39841,163,163,0
39842,99,99,0
39843,130,130,0
39844,150,148,2
39845,217,217,0
39846,110,109,1
39847,138,138,0
39848,578,574,4
39849,108,108,0
39850,159,157,2
39851,584,579,5
39852,1002,981,21
39853,331,330,1
39854,147,143,4
39855,144,144,0
39856,161,161,0
39857,145,145,0
39858,118,117,1
39859,122,122,0
39860,132,132,0
39861,222,219,3
39862,137,136,1
39863,64,64,0
39864,79,78,1
39865,118,118,0
39866,73,73,0
39867,78,78,0
39868,228,226,2
39869,297,297,0
39870,236,234,2
39871,91,91,0
39872,94,94,0
39873,155,155,0
39874,98,97,1
39875,555,552,3
39876,258,257,1
39877,63,63,0
39878,119,118,1
39879,344,339,5
39880,201,199,2
39881,239,238,1
39882,96,95,1
39883,98,97,1
39884,276,274,2
39885,116,116,0
39886,245,237,8
39887,289,284,5
39888,90,87,3
39889,47,47,0
39890,234,234,0
39891,118,117,1
39892,147,146,1
39893,447,446,1
39894,127,125,2
39895,125,125,0
39896,296,296,0
39897,171,171,0
39898,124,123,1
39899,69,69,0
39900,238,236,2
39901,564,554,10
39902,503,496,7
39903,556,554,2
39904,50,50,0
39905,67,67,0
39906,70,70,0
39907,136,136,0
39908,115,115,0
39909,148,148,0
39910,267,265,2
39911,291,290,1
39912,300,299,1
39913,214,211,3
39914,201,197,4
39915,358,358,0
39916,183,183,0
39917,42,42,0
39918,320,318,2
39919,229,224,5
39920,153,150,3
39921,435,433,2
39922,133,133,0
39923,369,369,0
39924,93,92,1
39925,46,46,0
39926,283,282,1
39927,673,671,2
39928,148,148,0
39929,195,195,0
39930,137,137,0
39931,173,171,2
39932,70,70,0
39933,136,135,1
39934,330,328,2
39935,242,242,0
39936,160,159,1
39937,263,263,0
39938,187,186,1
39939,120,120,0
39940,50,50,0
39941,80,80,0
39942,262,260,2
39943,339,337,2
39944,294,294,0
39945,178,178,0
39946,44,44,0
39947,89,89,0
39948,50,50,0
39949,70,70,0
39950,226,224,2
39951,437,431,6
39952,132,132,0
39953,85,84,1
39954,178,177,1
39955,240,240,0
39956,333,332,1
39957,126,126,0
39958,308,303,5
39959,184,184,0
39960,79,79,0
39961,140,139,1
39962,234,232,2
39963,210,207,3
39964,216,215,1
39965,186,185,1
39966,140,139,1
39967,198,196,2
39968,120,119,1
39969,161,157,4
39970,166,166,0
39971,247,247,0
39972,139,139,0
39973,266,263,3
39974,196,195,1
39975,229,229,0
39976,324,324,0
39977,127,127,0
39978,356,355,1
39979,204,204,0
39980,339,339,0
39981,167,167,0
39982,237,236,1
39983,152,152,0
39984,133,133,0
39985,119,118,1
39986,136,135,1
39987,163,163,0
39988,134,134,0
39989,124,124,0
39990,152,152,0
39991,240,240,0
39992,173,173,0
39993,380,378,2
39994,600,599,1
39995,934,934,0
39996,146,146,0
39997,52,52,0
39998,376,374,2
39999,515,514,1
40000,52,52,0
40001,224,223,1
40002,188,187,1
40003,50,50,0
40004,187,186,1
40005,44,44,0
40006,369,367,2
40007,141,140,1
40008,215,212,3
40009,372,370,2
40010,166,164,2
40011,221,221,0
40012,149,148,1
40013,157,155,2
40014,228,227,1
40015,180,180,0
40016,281,280,1
40017,342,341,1
40018,474,473,1
40019,150,150,0
40020,175,175,0
40021,332,332,0
40022,185,185,0
40023,432,423,9
40024,296,295,1
40025,144,142,2
40026,156,156,0
40027,42,42,0
40028,216,208,8
40029,223,219,4
40030,135,132,3
40031,127,127,0
40032,321,318,3
40033,115,115,0
40034,144,143,1
40035,36,36,0
40036,74,74,0
40037,51,51,0
40038,115,115,0
40039,60,60,0
40040,93,93,0
40041,141,141,0
40042,167,167,0
40043,264,263,1
40044,186,185,1
40045,114,113,1
40046,228,228,0
40047,328,328,0
40048,143,142,1
40049,121,120,1
40050,284,279,5
40051,55,55,0
40052,45,45,0
40053,182,180,2
40054,258,258,0
40055,190,190,0
40056,229,229,0
40057,157,157,0
40058,129,128,1
40059,155,155,0
40060,75,75,0
40061,234,234,0
40062,110,109,1
40063,313,313,0
40064,139,138,1
40065,122,120,2
40066,117,116,1
40067,132,132,0
40068,153,151,2
40069,142,142,0
40070,219,218,1
40071,526,522,4
40072,204,202,2
40073,253,253,0
40074,129,128,1
40075,163,160,3
40076,131,131,0
40077,251,247,4
40078,278,278,0
40079,125,124,1
40080,167,167,0
40081,177,177,0
40082,134,134,0
40083,102,100,2
40084,144,142,2
40085,125,125,0
40086,405,405,0
40087,250,249,1
40088,143,143,0
40089,342,341,1
40090,148,148,0
40091,190,189,1
40092,136,136,0
40093,184,182,2
40094,71,71,0
40095,167,167,0
40096,124,124,0
40097,79,79,0
40098,99,99,0
40099,129,129,0
40100,321,317,4
40101,165,164,1
40102,78,78,0
40103,302,300,2
40104,124,124,0
40105,244,243,1
40106,277,273,4
40107,277,273,4
40108,518,512,6
40109,159,159,0
40110,129,129,0
40111,511,503,8
40112,180,179,1
40113,334,334,0
40114,504,502,2
40115,128,126,2
40116,540,536,4
40117,363,361,2
40118,142,141,1
40119,126,126,0
40120,314,314,0
40121,137,137,0
40122,122,122,0
40123,129,129,0
40124,222,222,0
40125,152,152,0
40126,166,165,1
40127,98,97,1
40128,218,214,4
40129,174,174,0
40130,675,671,4
40131,317,314,3
40132,145,142,3
40133,128,127,1
40134,139,136,3
40135,126,125,1
40136,480,480,0
40137,167,167,0
40138,308,308,0
40139,178,178,0
40140,110,110,0
40141,150,148,2
40142,124,122,2
40143,181,181,0
40144,107,107,0
40145,460,459,1
40146,368,363,5
40147,354,353,1
40148,304,302,2
40149,204,203,1
40150,133,132,1
40151,164,164,0
40152,239,237,2
40153,220,217,3
40154,608,601,7
40155,484,481,3
40156,264,263,1
40157,376,376,0
40158,312,312,0
40159,42,42,0
40160,403,402,1
40161,145,145,0
40162,398,396,2
40163,89,89,0
40164,676,673,3
40165,220,220,0
40166,136,136,0
40167,73,71,2
40168,224,222,2
40169,241,238,3
40170,207,207,0
40171,93,93,0
40172,196,196,0
40173,133,133,0
40174,393,385,8
40175,834,831,3
40176,273,270,3
40177,139,139,0
40178,418,418,0
40179,74,73,1
40180,126,125,1
40181,221,220,1
40182,182,182,0
40183,138,138,0
40184,156,155,1
40185,434,432,2
40186,371,369,2
40187,273,269,4
40188,150,149,1
40189,75,74,1
40190,289,288,1
40191,213,210,3
40192,266,266,0
40193,350,347,3
40194,396,395,1
40195,162,162,0
40196,498,496,2
40197,119,119,0
40198,121,120,1
40199,168,168,0
40200,263,259,4
40201,243,242,1
40202,206,206,0
40203,149,149,0
40204,500,497,3
40205,227,226,1
40206,172,171,1
40207,231,229,2
40208,44,44,0
40209,212,211,1
40210,152,149,3
40211,110,110,0
40212,150,150,0
40213,85,85,0
40214,157,156,1
40215,337,337,0
40216,128,127,1
40217,128,127,1
40218,145,144,1
40219,139,137,2
40220,276,276,0
40221,119,118,1
40222,122,122,0
40223,124,124,0
40224,56,56,0
40225,134,133,1
40226,136,136,0
40227,60,60,0
40228,79,79,0
40229,80,80,0
40230,94,94,0
40231,116,116,0
40232,210,207,3
40233,319,317,2
40234,947,946,1
40235,232,232,0
40236,151,151,0
40237,46,46,0
40238,555,555,0
40239,882,875,7
40240,663,662,1
40241,248,247,1
40242,317,317,0
40243,178,176,2
40244,290,290,0
40245,420,414,6
40246,200,198,2
40247,175,174,1
40248,511,508,3
40249,265,259,6
40250,300,299,1
40251,237,234,3
40252,262,262,0
40253,490,490,0
40254,241,241,0
40255,151,150,1
40256,182,181,1
40257,386,386,0
40258,581,574,7
40259,1124,1119,5
40260,168,164,4
40261,99,97,2
40262,262,258,4
40263,156,153,3
40264,324,322,2
40265,156,155,1
40266,979,958,21
40267,394,389,5
40268,129,128,1
40269,564,551,13
40270,201,201,0
40271,469,464,5
40272,126,126,0
40273,271,267,4
40274,170,170,0
40275,145,144,1
40276,140,140,0
40277,360,358,2
40278,386,383,3
40279,153,153,0
40280,162,161,1
40281,127,125,2
40282,274,274,0
40283,121,120,1
40284,145,144,1
40285,176,176,0
40286,120,120,0
40287,139,138,1
40288,138,138,0
40289,211,211,0
40290,46,46,0
40291,95,95,0
40292,196,195,1
40293,181,181,0
40294,177,177,0
40295,991,988,3
40296,441,439,2
40297,550,541,9
40298,178,177,1
40299,214,212,2
40300,171,168,3
40301,96,93,3
40302,123,121,2
40303,234,233,1
40304,153,151,2
40305,164,163,1
40306,131,130,1
40307,202,202,0
40308,167,167,0
40309,309,305,4
40310,246,244,2
40311,243,240,3
40312,194,194,0
40313,168,167,1
40314,126,124,2
40315,165,165,0
40316,126,126,0
40317,177,174,3
40318,141,141,0
40319,124,124,0
40320,144,144,0
40321,562,558,4
40322,123,122,1
40323,126,125,1
40324,286,286,0
40325,173,173,0
40326,183,181,2
40327,211,210,1
40328,148,147,1
40329,219,219,0
40330,154,152,2
40331,142,139,3
40332,118,117,1
40333,290,290,0
40334,142,139,3
40335,195,194,1
40336,194,192,2
40337,219,218,1
40338,134,134,0
40339,104,104,0
40340,180,180,0
40341,154,154,0
40342,163,162,1
40343,217,216,1
40344,167,167,0
40345,137,134,3
40346,244,242,2
40347,139,138,1
40348,291,290,1
40349,214,214,0
40350,245,241,4
40351,147,146,1
40352,361,360,1
40353,496,493,3
40354,485,482,3
40355,749,746,3
40356,102,102,0
40357,50,50,0
40358,174,173,1
40359,110,109,1
40360,99,99,0
40361,129,127,2
40362,189,188,1
40363,77,76,1
40364,165,164,1
40365,772,768,4
40366,256,255,1
40367,84,84,0
40368,44,44,0
40369,117,116,1
40370,90,90,0
40371,60,60,0
40372,738,735,3
40373,57,56,1
40374,132,132,0
40375,120,120,0
40376,155,155,0
40377,228,228,0
40378,270,270,0
40379,625,621,4
40380,437,435,2
40381,383,382,1
40382,265,264,1
40383,302,300,2
40384,137,137,0
40385,424,424,0
40386,251,251,0
40387,162,162,0
40388,120,114,6
40389,145,145,0
40390,136,136,0
40391,148,148,0
40392,342,341,1
40393,798,796,2
40394,231,230,1
40395,167,167,0
40396,211,207,4
40397,384,384,0
40398,854,851,3
40399,275,274,1
40400,388,388,0
40401,174,173,1
40402,114,113,1
40403,821,812,9
40404,139,139,0
40405,249,248,1
40406,390,389,1
40407,175,175,0
40408,297,295,2
40409,217,217,0
40410,144,142,2
40411,62,61,1
40412,364,358,6
40413,259,258,1
40414,166,165,1
40415,155,154,1
40416,282,282,0
40417,146,146,0
40418,138,138,0
40419,650,648,2
40420,153,152,1
40421,138,138,0
40422,138,137,1
40423,132,132,0
40424,170,168,2
40425,449,445,4
40426,227,224,3
40427,221,221,0
40428,350,350,0
40429,442,439,3
40430,263,261,2
40431,165,165,0
40432,149,149,0
40433,204,200,4
40434,186,186,0
40435,272,269,3
40436,605,605,0
40437,92,92,0
40438,188,187,1
40439,477,477,0
40440,306,306,0
40441,390,384,6
40442,363,357,6
40443,435,434,1
40444,136,136,0
40445,412,403,9
40446,262,262,0
40447,601,599,2
40448,478,475,3
40449,315,315,0
40450,231,231,0
40451,486,485,1
40452,151,151,0
40453,399,397,2
40454,406,405,1
40455,270,270,0
40456,329,328,1
40457,161,161,0
40458,202,202,0
40459,141,140,1
40460,170,170,0
40461,168,167,1
40462,660,654,6
40463,261,261,0
40464,192,192,0
40465,207,206,1
40466,295,285,10
40467,100,98,2
40468,164,164,0
40469,78,78,0
40470,330,330,0
40471,536,533,3
40472,490,452,38
40473,112,111,1
40474,156,156,0
40475,257,257,0
40476,144,140,4
40477,118,118,0
40478,116,116,0
40479,160,160,0
40480,366,365,1
40481,95,95,0
40482,142,142,0
40483,49,49,0
40484,134,133,1
40485,103,103,0
40486,264,263,1
40487,823,818,5
40488,130,129,1
40489,149,149,0
40490,148,148,0
40491,253,251,2
40492,123,121,2
40493,102,102,0
40494,385,384,1
40495,421,420,1
40496,58,58,0
40497,126,126,0
40498,345,345,0
40499,122,121,1
40500,237,236,1
40501,139,137,2
40502,145,144,1
40503,136,136,0
40504,185,183,2
40505,150,149,1
40506,138,137,1
40507,133,133,0
40508,93,93,0
40509,118,116,2
40510,95,95,0
40511,52,52,0
40512,175,175,0
40513,69,68,1
40514,240,239,1
40515,152,152,0
40516,88,88,0
40517,150,150,0
40518,82,82,0
40519,47,47,0
40520,155,154,1
40521,105,105,0
40522,155,154,1
40523,114,114,0
40524,87,86,1
40525,219,219,0
40526,173,173,0
40527,61,61,0
40528,180,180,0
40529,278,278,0
40530,816,806,10
40531,108,105,3
40532,144,143,1
40533,173,170,3
40534,233,233,0
40535,131,131,0
40536,148,148,0
40537,377,376,1
40538,148,148,0
40539,206,206,0
40540,126,124,2
40541,278,276,2
40542,52,52,0
40543,126,125,1
40544,151,151,0
40545,66,66,0
40546,120,120,0
40547,321,316,5
40548,146,145,1
40549,86,86,0
40550,50,50,0
40551,55,55,0
40552,182,182,0
40553,80,80,0
40554,302,302,0
40555,138,134,4
40556,110,104,6
40557,119,118,1
40558,174,173,1
40559,174,173,1
40560,207,207,0
40561,290,287,3
40562,240,240,0
40563,120,119,1
40564,239,236,3
40565,168,168,0
40566,186,186,0
40567,212,208,4
40568,441,437,4
40569,204,204,0
40570,104,104,0
40571,58,58,0
40572,191,190,1
40573,673,672,1
40574,182,180,2
40575,245,244,1
40576,96,96,0
40577,216,212,4
40578,240,237,3
40579,151,151,0
40580,126,126,0
40581,489,485,4
40582,133,131,2
40583,217,213,4
40584,147,146,1
40585,222,221,1
40586,710,707,3
40587,1007,1000,7
40588,311,310,1
40589,428,425,3
40590,159,158,1
40591,48,48,0
40592,50,50,0
40593,54,54,0
40594,101,101,0
40595,346,346,0
40596,274,273,1
40597,157,157,0
40598,195,194,1
40599,398,396,2
40600,221,220,1
40601,184,182,2
40602,254,252,2
40603,300,300,0
40604,177,175,2
40605,62,62,0
40606,222,220,2
40607,163,163,0
40608,277,277,0
40609,113,110,3
40610,47,47,0
40611,160,158,2
40612,107,106,1
40613,258,254,4
40614,136,136,0
40615,188,187,1
40616,209,209,0
40617,83,83,0
40618,356,353,3
40619,179,179,0
40620,196,194,2
40621,238,235,3
40622,57,57,0
40623,110,110,0
40624,228,228,0
40625,132,132,0
40626,730,722,8
40627,394,392,2
40628,245,244,1
40629,77,74,3
40630,104,103,1
40631,223,222,1
40632,395,392,3
40633,520,518,2
40634,134,128,6
40635,239,238,1
40636,251,251,0
40637,113,110,3
40638,97,94,3
40639,109,109,0
40640,148,146,2
40641,213,212,1
40642,296,296,0
40643,219,219,0
40644,144,144,0
40645,135,135,0
40646,108,107,1
40647,597,596,1
40648,821,816,5
40649,974,970,4
40650,64,64,0
40651,78,78,0
40652,157,156,1
40653,114,111,3
40654,135,135,0
40655,349,349,0
40656,73,73,0
40657,135,135,0
40658,191,191,0
40659,217,217,0
40660,265,262,3
40661,135,135,0
40662,173,173,0
40663,164,163,1
40664,111,111,0
40665,153,152,1
40666,358,358,0
40667,55,55,0
40668,135,135,0
40669,170,169,1
40670,113,109,4
40671,154,154,0
40672,140,140,0
40673,108,107,1
40674,216,215,1
40675,168,166,2
40676,145,144,1
40677,121,120,1
40678,246,244,2
40679,392,389,3
40680,426,426,0
40681,432,431,1
40682,195,195,0
40683,151,151,0
40684,160,159,1
40685,159,158,1
40686,392,388,4
40687,125,124,1
40688,211,211,0
40689,51,51,0
40690,135,135,0
40691,100,100,0
40692,116,115,1
40693,123,123,0
40694,64,63,1
40695,174,174,0
40696,121,121,0
40697,108,106,2
40698,177,177,0
40699,144,144,0
40700,142,141,1
40701,210,210,0
40702,137,137,0
40703,248,244,4
40704,265,265,0
40705,196,195,1
40706,270,269,1
40707,655,649,6
40708,132,132,0
40709,129,128,1
40710,286,283,3
40711,143,139,4
40712,367,362,5
40713,378,373,5
40714,201,201,0
40715,84,82,2
40716,65,65,0
40717,233,233,0
40718,181,176,5
40719,168,168,0
40720,212,212,0
40721,625,614,11
40722,116,116,0
40723,233,233,0
40724,116,115,1
40725,184,182,2
40726,133,133,0
40727,284,283,1
40728,137,136,1
40729,197,195,2
40730,189,189,0
40731,247,247,0
40732,323,323,0
40733,338,338,0
40734,162,162,0
40735,136,134,2
40736,123,123,0
40737,150,144,6
40738,157,149,8
40739,143,140,3
40740,171,168,3
40741,87,87,0
40742,124,124,0
40743,193,188,5
40744,160,160,0
40745,304,304,0
40746,137,137,0
40747,134,134,0
40748,271,271,0
40749,190,187,3
40750,392,386,6
40751,150,150,0
40752,168,168,0
40753,210,210,0
40754,130,130,0
40755,308,305,3
40756,158,156,2
40757,397,393,4
40758,110,107,3
40759,210,210,0
40760,138,138,0
40761,257,253,4
40762,138,137,1
40763,127,127,0
40764,171,168,3
40765,405,402,3
40766,87,83,4
40767,167,166,1
40768,197,197,0
40769,198,197,1
40770,30,30,0
40771,146,146,0
40772,120,120,0
40773,173,171,2
40774,244,241,3
40775,423,416,7
40776,188,187,1
40777,125,125,0
40778,63,63,0
40779,81,79,2
40780,143,142,1
40781,704,692,12
40782,129,129,0
40783,99,98,1
40784,237,236,1
40785,327,327,0
40786,234,233,1
40787,152,152,0
40788,190,190,0
40789,131,131,0
40790,165,162,3
40791,122,120,2
40792,291,290,1
40793,308,306,2
40794,81,81,0
40795,116,116,0
40796,200,200,0
40797,68,68,0
40798,81,79,2
40799,124,124,0
40800,180,179,1
40801,95,93,2
40802,217,216,1
40803,142,140,2
40804,373,372,1
40805,120,120,0
40806,335,334,1
40807,64,64,0
40808,171,170,1
40809,56,56,0
40810,250,248,2
40811,197,195,2
40812,905,901,4
40813,123,123,0
40814,198,198,0
40815,140,140,0
40816,149,148,1
40817,193,192,1
40818,87,87,0
40819,188,188,0
40820,268,267,1
40821,148,147,1
40822,244,243,1
40823,454,452,2
40824,129,126,3
40825,167,165,2
40826,149,149,0
40827,382,381,1
40828,213,211,2
40829,169,169,0
40830,405,403,2
40831,158,158,0
40832,156,155,1
40833,151,151,0
40834,129,129,0
40835,233,231,2
40836,466,461,5
40837,195,193,2
40838,378,378,0
40839,183,182,1
40840,151,148,3
40841,215,215,0
40842,228,228,0
40843,147,146,1
40844,408,406,2
40845,69,68,1
40846,55,55,0
40847,261,259,2
40848,148,146,2
40849,266,265,1
40850,486,485,1
40851,141,141,0
40852,52,52,0
40853,89,87,2
40854,175,172,3
40855,52,52,0
40856,116,115,1
40857,60,60,0
40858,88,88,0
40859,463,460,3
40860,157,156,1
40861,113,113,0
40862,637,631,6
40863,120,120,0
40864,199,199,0
40865,260,257,3
40866,313,313,0
40867,127,127,0
40868,143,143,0
40869,130,130,0
40870,190,187,3
40871,772,769,3
40872,397,396,1
40873,177,177,0
40874,139,137,2
40875,111,111,0
40876,155,155,0
40877,133,133,0
40878,178,177,1
40879,50,50,0
40880,84,84,0
40881,136,135,1
40882,282,281,1
40883,133,133,0
40884,256,256,0
40885,116,116,0
40886,221,221,0
40887,160,158,2
40888,150,150,0
40889,262,261,1
40890,247,247,0
40891,137,137,0
40892,341,341,0
40893,209,209,0
40894,195,195,0
40895,141,141,0
40896,421,420,1
40897,362,360,2
40898,551,548,3
40899,312,307,5
40900,562,554,8
40901,341,340,1
40902,244,243,1
40903,213,213,0
40904,510,508,2
40905,251,251,0
40906,690,687,3
40907,206,204,2
40908,131,131,0
40909,229,228,1
40910,52,51,1
40911,243,242,1
40912,109,108,1
40913,126,126,0
40914,139,139,0
40915,183,179,4
40916,310,310,0
40917,121,121,0
40918,234,234,0
40919,81,81,0
40920,38,38,0
40921,143,141,2
40922,59,59,0
40923,130,130,0
40924,268,265,3
40925,327,327,0
40926,120,120,0
40927,381,381,0
40928,129,128,1
40929,297,291,6
40930,141,141,0
40931,180,179,1
40932,334,328,6
40933,128,128,0
40934,141,139,2
40935,163,163,0
40936,307,307,0
40937,162,161,1
40938,304,302,2
40939,115,113,2
40940,102,102,0
40941,37,37,0
40942,333,331,2
40943,167,167,0
40944,421,416,5
40945,214,214,0
40946,336,336,0
40947,218,218,0
40948,169,168,1
40949,274,274,0
40950,361,360,1
40951,180,180,0
40952,256,255,1
40953,131,130,1
40954,163,162,1
40955,233,233,0
40956,55,55,0
40957,125,123,2
40958,633,630,3
40959,139,139,0
40960,396,394,2
40961,61,61,0
40962,144,143,1
40963,344,343,1
40964,344,343,1
40965,34,34,0
40966,461,457,4
40967,53,53,0
40968,338,337,1
40969,286,286,0
40970,361,360,1
40971,186,184,2
40972,170,169,1
40973,143,141,2
40974,216,216,0
40975,211,200,11
40976,177,176,1
40977,194,192,2
40978,157,157,0
40979,80,80,0
40980,79,78,1
40981,53,53,0
40982,349,346,3
40983,488,488,0
40984,136,135,1
40985,387,385,2
40986,240,238,2
40987,536,536,0
40988,162,161,1
40989,335,334,1
40990,172,171,1
40991,54,54,0
40992,146,145,1
40993,75,75,0
40994,123,122,1
40995,80,80,0
40996,39,39,0
40997,147,146,1
40998,180,180,0
40999,694,692,2
41000,331,330,1
41001,123,121,2
41002,41,41,0
41003,401,398,3
41004,108,107,1
41005,167,166,1
41006,180,180,0
41007,968,965,3
41008,67,67,0
41009,181,181,0
41010,121,120,1
41011,198,198,0
41012,209,209,0
41013,251,250,1
41014,114,114,0
41015,195,194,1
41016,114,114,0
41017,101,100,1
41018,393,391,2
41019,59,58,1
41020,85,84,1
41021,317,315,2
41022,75,75,0
41023,57,57,0
41024,966,964,2
41025,195,191,4
41026,765,765,0
41027,113,113,0
41028,370,366,4
41029,134,134,0
41030,421,421,0
41031,473,470,3
41032,235,232,3
41033,182,182,0
41034,438,434,4
41035,76,76,0
41036,70,70,0
41037,307,306,1
41038,265,265,0
41039,354,353,1
41040,216,215,1
41041,320,320,0
41042,261,261,0
41043,64,64,0
41044,253,252,1
41045,141,141,0
41046,221,220,1
41047,58,58,0
41048,38,38,0
41049,83,83,0
41050,121,120,1
41051,133,133,0
41052,220,220,0
41053,101,101,0
41054,174,174,0
41055,142,141,1
41056,295,294,1
41057,134,133,1
41058,423,420,3
41059,471,470,1
41060,115,114,1
41061,109,107,2
41062,118,118,0
41063,801,801,0
41064,106,106,0
41065,243,242,1
41066,211,209,2
41067,48,48,0
41068,142,142,0
41069,280,277,3
41070,140,139,1
41071,155,155,0
41072,44,44,0
41073,245,245,0
41074,639,633,6
41075,213,213,0
41076,168,168,0
41077,552,542,10
41078,136,136,0
41079,46,46,0
41080,115,113,2
41081,172,172,0
41082,121,121,0
41083,239,239,0
41084,230,226,4
41085,666,663,3
41086,315,313,2
41087,497,496,1
41088,667,663,4
41089,771,764,7
41090,289,289,0
41091,144,144,0
41092,196,196,0
41093,137,137,0
41094,117,117,0
41095,131,131,0
41096,216,214,2
41097,227,226,1
41098,133,132,1
41099,81,81,0
41100,231,231,0
41101,332,331,1
41102,207,206,1
41103,579,567,12
41104,168,168,0
41105,286,285,1
41106,253,249,4
41107,149,145,4
41108,298,296,2
41109,173,171,2
41110,183,182,1
41111,133,133,0
41112,153,152,1
41113,92,91,1
41114,175,174,1
41115,185,183,2
41116,135,135,0
41117,148,148,0
41118,157,157,0
41119,260,259,1
41120,150,150,0
41121,154,153,1
41122,145,145,0
41123,256,256,0
41124,654,646,8
41125,172,171,1
41126,743,738,5
41127,1006,1003,3
41128,175,173,2
41129,994,984,10
41130,155,155,0
41131,198,197,1
41132,235,235,0
41133,155,153,2
41134,265,262,3
41135,152,152,0
41136,241,241,0
41137,286,285,1
41138,501,495,6
41139,181,180,1
41140,138,137,1
41141,144,144,0
41142,329,328,1
41143,135,135,0
41144,93,93,0
41145,159,159,0
41146,205,203,2
41147,146,145,1
41148,43,43,0
41149,1009,999,10
41150,25,25,0
41151,142,142,0
41152,390,388,2
41153,223,220,3
41154,65,65,0
41155,155,153,2
41156,200,199,1
41157,171,170,1
41158,189,187,2
41159,298,296,2
41160,50,49,1
41161,160,160,0
41162,257,255,2
41163,144,143,1
41164,348,347,1
41165,163,162,1
41166,137,137,0
41167,137,137,0
41168,623,619,4
41169,113,113,0
41170,156,155,1
41171,154,154,0
41172,138,137,1
41173,466,463,3
41174,114,114,0
41175,192,192,0
41176,156,154,2
41177,265,264,1
41178,113,113,0
41179,66,66,0
41180,132,131,1
41181,364,363,1
41182,172,171,1
41183,172,171,1
41184,182,181,1
41185,147,146,1
41186,360,356,4
41187,470,461,9
41188,126,126,0
41189,162,161,1
41190,40,40,0
41191,122,119,3
41192,97,93,4
41193,139,136,3
41194,121,121,0
41195,158,154,4
41196,158,158,0
41197,955,950,5
41198,188,188,0
41199,123,123,0
41200,310,310,0
41201,161,160,1
41202,151,151,0
41203,150,149,1
41204,215,212,3
41205,59,58,1
41206,179,178,1
41207,179,179,0
41208,170,168,2
41209,305,305,0
41210,128,128,0
41211,156,155,1
41212,553,551,2
41213,504,503,1
41214,214,214,0
41215,164,160,4
41216,222,222,0
41217,135,135,0
41218,158,157,1
41219,130,130,0
41220,255,254,1
41221,135,135,0
41222,49,49,0
41223,250,249,1
41224,247,246,1
41225,630,626,4
41226,403,403,0
41227,232,230,2
41228,416,416,0
41229,137,137,0
41230,524,524,0
41231,133,131,2
41232,158,158,0
41233,115,115,0
41234,145,145,0
41235,265,265,0
41236,142,142,0
41237,162,161,1
41238,391,387,4
41239,236,229,7
41240,135,135,0
41241,459,455,4
41242,98,98,0
41243,192,192,0
41244,162,161,1
41245,48,47,1
41246,48,48,0
41247,47,47,0
41248,223,220,3
41249,81,81,0
41250,237,236,1
41251,84,81,3
41252,161,161,0
41253,414,401,13
41254,434,434,0
41255,164,164,0
41256,263,263,0
41257,379,379,0
41258,122,121,1
41259,254,249,5
41260,192,188,4
41261,259,259,0
41262,515,513,2
41263,522,514,8
41264,379,377,2
41265,129,129,0
41266,211,211,0
41267,468,463,5
41268,213,211,2
41269,153,153,0
41270,303,302,1
41271,173,173,0
41272,78,78,0
41273,240,238,2
41274,128,122,6
41275,507,499,8
41276,119,119,0
41277,170,169,1
41278,120,119,1
41279,150,150,0
41280,134,131,3
41281,138,138,0
41282,125,125,0
41283,154,153,1
41284,156,155,1
41285,150,149,1
41286,134,133,1
41287,266,264,2
41288,547,543,4
41289,274,270,4
41290,171,171,0
41291,128,127,1
41292,221,220,1
41293,31,31,0
41294,338,337,1
41295,123,121,2
41296,197,197,0
41297,143,142,1
41298,125,125,0
41299,258,257,1
41300,157,157,0
41301,213,205,8
41302,156,154,2
41303,249,249,0
41304,49,49,0
41305,107,107,0
41306,752,743,9
41307,434,434,0
41308,245,244,1
41309,256,255,1
41310,149,149,0
41311,229,228,1
41312,198,195,3
41313,48,47,1
41314,126,126,0
41315,165,164,1
41316,245,245,0
41317,143,143,0
41318,179,176,3
41319,127,127,0
41320,127,127,0
41321,177,174,3
41322,559,555,4
41323,134,134,0
41324,68,68,0
41325,161,160,1
41326,644,643,1
41327,231,226,5
41328,251,250,1
41329,117,117,0
41330,229,228,1
41331,345,344,1
41332,214,214,0
41333,225,225,0
41334,168,167,1
41335,166,161,5
41336,134,133,1
41337,88,87,1
41338,653,652,1
41339,375,375,0
41340,118,118,0
41341,122,122,0
41342,160,159,1
41343,108,106,2
41344,144,144,0
41345,360,353,7
41346,1001,996,5
41347,87,87,0
41348,148,147,1
41349,309,303,6
41350,242,237,5
41351,365,362,3
41352,154,152,2
41353,229,229,0
41354,332,332,0
41355,144,144,0
41356,109,109,0
41357,85,85,0
41358,60,60,0
41359,245,245,0
41360,143,143,0
41361,246,245,1
41362,190,187,3
41363,210,210,0
41364,257,255,2
41365,208,207,1
41366,166,165,1
41367,332,331,1
41368,166,166,0
41369,371,369,2
41370,122,121,1
41371,184,184,0
41372,145,145,0
41373,362,362,0
41374,754,753,1
41375,126,125,1
41376,112,112,0
41377,606,604,2
41378,152,152,0
41379,120,120,0
41380,116,116,0
41381,134,132,2
41382,337,337,0
41383,243,243,0
41384,452,450,2
41385,115,115,0
41386,261,261,0
41387,418,415,3
41388,180,177,3
41389,205,205,0
41390,447,444,3
41391,190,188,2
41392,301,300,1
41393,186,185,1
41394,771,767,4
41395,325,325,0
41396,118,118,0
41397,403,400,3
41398,131,131,0
41399,118,118,0
41400,105,105,0
41401,211,209,2
41402,142,142,0
41403,170,170,0
41404,399,397,2
41405,172,171,1
41406,312,312,0
41407,291,289,2
41408,203,201,2
41409,754,740,14
41410,299,297,2
41411,554,551,3
41412,174,173,1
41413,130,128,2
41414,480,480,0
41415,171,169,2
41416,375,371,4
41417,536,533,3
41418,175,175,0
41419,219,218,1
41420,232,231,1
41421,136,136,0
41422,161,161,0
41423,674,671,3
41424,136,135,1
41425,323,323,0
41426,157,155,2
41427,168,168,0
41428,125,125,0
41429,64,64,0
41430,325,320,5
41431,139,138,1
41432,74,73,1
41433,190,190,0
41434,658,658,0
41435,126,126,0
41436,193,190,3
41437,96,94,2
41438,227,225,2
41439,414,413,1
41440,457,452,5
41441,716,715,1
41442,203,201,2
41443,44,44,0
41444,153,153,0
41445,194,188,6
41446,132,131,1
41447,576,571,5
41448,78,78,0
41449,171,168,3
41450,481,479,2
41451,83,83,0
41452,334,334,0
41453,514,511,3
41454,218,217,1
41455,231,230,1
41456,154,152,2
41457,163,163,0
41458,161,159,2
41459,157,157,0
41460,122,121,1
41461,40,39,1
41462,149,148,1
41463,96,96,0
41464,149,149,0
41465,372,370,2
41466,49,49,0
41467,160,160,0
41468,97,96,1
41469,291,290,1
41470,219,218,1
41471,155,154,1
41472,150,149,1
41473,415,412,3
41474,524,523,1
41475,97,97,0
41476,140,139,1
41477,255,248,7
41478,53,52,1
41479,81,80,1
41480,225,224,1
41481,80,78,2
41482,329,321,8
41483,96,96,0
41484,123,123,0
41485,138,138,0
41486,295,290,5
41487,204,200,4
41488,65,65,0
41489,117,117,0
41490,221,221,0
41491,103,103,0
41492,83,82,1
41493,290,289,1
41494,47,47,0
41495,233,233,0
41496,326,322,4
41497,81,81,0
41498,208,208,0
41499,78,78,0
41500,160,160,0
41501,603,599,4
41502,199,198,1
41503,440,440,0
41504,322,322,0
41505,468,466,2
41506,359,357,2
41507,266,264,2
41508,137,136,1
41509,490,490,0
41510,121,121,0
41511,112,112,0
41512,148,146,2
41513,414,414,0
41514,126,124,2
41515,288,288,0
41516,421,419,2
41517,173,173,0
41518,173,170,3
41519,217,217,0
41520,294,291,3
41521,147,147,0
41522,210,207,3
41523,237,234,3
41524,164,163,1
41525,130,130,0
41526,170,170,0
41527,290,287,3
41528,198,197,1
41529,218,218,0
41530,714,688,26
41531,52,51,1
41532,119,119,0
41533,464,458,6
41534,109,107,2
41535,140,140,0
41536,174,173,1
41537,322,320,2
41538,234,233,1
41539,496,493,3
41540,122,122,0
41541,102,102,0
41542,267,267,0
41543,309,309,0
41544,314,313,1
41545,129,129,0
41546,156,156,0
41547,241,240,1
41548,125,125,0
41549,180,180,0
41550,76,76,0
41551,184,184,0
41552,151,150,1
41553,204,203,1
41554,123,123,0
41555,158,157,1
41556,159,158,1
41557,259,257,2
41558,175,175,0
41559,111,110,1
41560,119,119,0
41561,159,157,2
41562,96,93,3
41563,235,233,2
41564,399,395,4
41565,71,71,0
41566,44,44,0
41567,299,299,0
41568,410,410,0
41569,91,90,1
41570,389,388,1
41571,167,166,1
41572,108,108,0
41573,369,365,4
41574,329,325,4
41575,177,177,0
41576,304,302,2
41577,151,149,2
41578,148,147,1
41579,192,190,2
41580,171,171,0
41581,186,185,1
41582,115,115,0
41583,528,525,3
41584,144,144,0
41585,193,193,0
41586,116,116,0
41587,224,222,2
41588,250,250,0
41589,799,793,6
41590,153,150,3
41591,89,84,5
41592,142,138,4
41593,139,139,0
41594,362,360,2
41595,83,81,2
41596,570,567,3
41597,101,100,1
41598,141,138,3
41599,499,495,4
41600,116,115,1
41601,114,114,0
41602,58,58,0
41603,146,144,2
41604,69,69,0
41605,204,204,0
41606,231,230,1
41607,166,166,0
41608,98,98,0
41609,176,170,6
41610,209,205,4
41611,459,455,4
41612,126,125,1
41613,220,219,1
41614,138,138,0
41615,390,387,3
41616,463,462,1
41617,278,275,3
41618,229,228,1
41619,180,179,1
41620,309,306,3
41621,333,333,0
41622,210,210,0
41623,160,158,2
41624,706,705,1
41625,148,148,0
41626,204,203,1
41627,310,308,2
41628,108,108,0
41629,233,233,0
41630,131,131,0
41631,113,107,6
41632,453,453,0
41633,117,116,1
41634,289,286,3
41635,124,124,0
41636,264,263,1
41637,465,461,4
41638,296,296,0
41639,161,161,0
41640,389,387,2
41641,167,166,1
41642,155,154,1
41643,154,152,2
41644,349,349,0
41645,113,113,0
41646,119,119,0
41647,114,112,2
41648,190,189,1
41649,347,345,2
41650,974,960,14
41651,171,171,0
41652,140,140,0
41653,177,176,1
41654,148,148,0
41655,177,176,1
41656,333,331,2
41657,212,210,2
41658,182,181,1
41659,177,177,0
41660,482,479,3
41661,664,659,5
41662,205,204,1
41663,416,416,0
41664,370,363,7
41665,309,307,2
41666,274,274,0
41667,185,184,1
41668,810,804,6
41669,553,552,1
41670,226,225,1
41671,146,146,0
41672,231,231,0
41673,36,36,0
41674,118,118,0
41675,125,125,0
41676,213,212,1
41677,203,199,4
41678,62,62,0
41679,120,119,1
41680,468,467,1
41681,122,120,2
41682,602,595,7
41683,138,137,1
41684,94,94,0
41685,129,127,2
41686,163,162,1
41687,117,117,0
41688,189,188,1
41689,280,280,0
41690,315,313,2
41691,152,152,0
41692,282,280,2
41693,268,268,0
41694,251,250,1
41695,174,172,2
41696,126,126,0
41697,238,237,1
41698,110,109,1
41699,591,586,5
41700,208,207,1
41701,170,169,1
41702,584,584,0
41703,221,221,0
41704,423,421,2
41705,364,362,2
41706,472,469,3
41707,200,196,4
41708,326,326,0
41709,146,145,1
41710,445,440,5
41711,196,194,2
41712,133,131,2
41713,203,202,1
41714,332,329,3
41715,547,543,4
41716,281,276,5
41717,274,264,10
41718,174,172,2
41719,170,170,0
41720,632,629,3
41721,286,286,0
41722,274,273,1
41723,267,262,5
41724,405,402,3
41725,126,126,0
41726,60,60,0
41727,231,229,2
41728,333,331,2
41729,135,135,0
41730,360,360,0
41731,424,424,0
41732,154,154,0
41733,126,126,0
41734,125,124,1
41735,82,81,1
41736,122,122,0
41737,177,177,0
41738,203,202,1
41739,110,110,0
41740,171,169,2
41741,52,52,0
41742,69,68,1
41743,213,213,0
41744,50,50,0
41745,122,121,1
41746,91,91,0
41747,164,164,0
41748,67,67,0
41749,66,66,0
41750,114,113,1
41751,141,141,0
41752,279,275,4
41753,236,235,1
41754,482,481,1
41755,146,145,1
41756,150,148,2
41757,25,25,0
41758,311,310,1
41759,127,126,1
41760,132,132,0
41761,371,370,1
41762,65,65,0
41763,179,179,0
41764,56,56,0
41765,45,45,0
41766,120,119,1
41767,96,95,1
41768,287,284,3
41769,36,36,0
41770,163,162,1
41771,314,314,0
41772,832,831,1
41773,105,105,0
41774,197,197,0
41775,161,161,0
41776,366,358,8
41777,252,252,0
41778,150,149,1
41779,131,130,1
41780,122,120,2
41781,253,253,0
41782,152,152,0
41783,317,316,1
41784,551,549,2
41785,133,131,2
41786,224,224,0
41787,200,198,2
41788,195,180,15
41789,128,127,1
41790,136,136,0
41791,140,140,0
41792,202,201,1
41793,56,56,0
41794,169,165,4
41795,133,133,0
41796,133,132,1
41797,53,53,0
41798,116,114,2
41799,248,243,5
41800,121,121,0
41801,844,832,12
41802,164,164,0
41803,131,131,0
41804,138,137,1
41805,119,118,1
41806,419,416,3
41807,248,246,2
41808,167,165,2
41809,435,434,1
41810,117,116,1
41811,149,149,0
41812,139,137,2
41813,100,100,0
41814,65,65,0
41815,76,76,0
41816,60,60,0
41817,314,314,0
41818,101,101,0
41819,76,76,0
41820,115,115,0
41821,148,148,0
41822,809,808,1
41823,241,241,0
41824,211,211,0
41825,271,268,3
41826,167,167,0
41827,94,94,0
41828,198,196,2
41829,515,512,3
41830,313,311,2
41831,41,41,0
41832,215,213,2
41833,95,95,0
41834,241,240,1
41835,65,64,1
41836,136,136,0
41837,139,139,0
41838,57,57,0
41839,56,56,0
41840,131,131,0
41841,199,199,0
41842,119,119,0
41843,139,139,0
41844,403,403,0
41845,86,85,1
41846,163,161,2
41847,132,132,0
41848,131,131,0
41849,195,193,2
41850,145,143,2
41851,358,357,1
41852,72,72,0
41853,148,147,1
41854,186,186,0
41855,97,97,0
41856,227,227,0
41857,236,236,0
41858,82,82,0
41859,399,399,0
41860,350,350,0
41861,196,195,1
41862,664,663,1
41863,319,317,2
41864,312,312,0
41865,121,121,0
41866,159,156,3
41867,269,269,0
41868,814,813,1
41869,180,178,2
41870,107,106,1
41871,100,99,1
41872,278,278,0
41873,343,343,0
41874,75,75,0
41875,572,569,3
41876,116,116,0
41877,277,276,1
41878,369,368,1
41879,132,132,0
41880,424,424,0
41881,499,496,3
41882,437,434,3
41883,586,582,4
41884,82,82,0
41885,169,168,1
41886,175,175,0
41887,116,116,0
41888,46,46,0
41889,85,85,0
41890,481,481,0
41891,118,116,2
41892,457,450,7
41893,200,200,0
41894,215,215,0
41895,135,135,0
41896,80,80,0
41897,172,172,0
41898,91,91,0
41899,120,120,0
41900,257,256,1
41901,356,355,1
41902,159,159,0
41903,213,213,0
41904,138,135,3
41905,137,137,0
41906,845,842,3
41907,140,140,0
41908,86,86,0
41909,223,223,0
41910,135,135,0
41911,121,121,0
41912,45,45,0
41913,300,300,0
41914,113,113,0
41915,125,125,0
41916,987,977,10
41917,535,535,0
41918,492,490,2
41919,393,392,1
41920,122,122,0
41921,196,196,0
41922,217,217,0
41923,132,132,0
41924,200,199,1
41925,119,118,1
41926,432,430,2
41927,129,129,0
41928,230,228,2
41929,165,163,2
41930,107,107,0
41931,151,151,0
41932,209,208,1
41933,147,146,1
41934,372,371,1
41935,217,217,0
41936,636,631,5
41937,190,190,0
41938,455,455,0
41939,190,190,0
41940,712,712,0
41941,257,257,0
41942,100,100,0
41943,151,151,0
41944,118,117,1
41945,461,461,0
41946,272,271,1
41947,176,176,0
41948,155,153,2
41949,97,97,0
41950,180,180,0
41951,235,234,1
41952,312,312,0
41953,120,120,0
41954,138,138,0
41955,168,165,3
41956,650,644,6
41957,134,134,0
41958,77,77,0
41959,89,89,0
41960,177,177,0
41961,667,666,1
41962,114,114,0
41963,125,123,2
41964,231,231,0
41965,305,305,0
41966,89,88,1
41967,121,120,1
41968,250,249,1
41969,255,252,3
41970,68,68,0
41971,285,284,1
41972,229,228,1
41973,130,130,0
41974,489,487,2
41975,166,164,2
41976,525,523,2
41977,278,277,1
41978,116,116,0
41979,191,190,1
41980,472,472,0
41981,140,136,4
41982,318,317,1
41983,261,260,1
41984,329,329,0
41985,337,336,1
41986,210,210,0
41987,216,216,0
41988,211,208,3
41989,286,286,0
41990,204,203,1
41991,263,263,0
41992,135,135,0
41993,149,149,0
41994,211,210,1
41995,166,166,0
41996,167,167,0
41997,108,108,0
41998,352,351,1
41999,131,131,0
42000,123,122,1
42001,152,152,0
42002,303,303,0
42003,159,158,1
42004,212,212,0
42005,222,218,4
42006,191,191,0
42007,146,141,5
42008,135,135,0
42009,250,248,2
42010,136,136,0
42011,192,191,1
42012,247,246,1
42013,375,373,2
42014,107,107,0
42015,198,194,4
42016,45,45,0
42017,193,191,2
42018,107,107,0
42019,119,119,0
42020,115,115,0
42021,222,222,0
42022,245,245,0
42023,59,59,0
42024,97,97,0
42025,46,46,0
42026,76,76,0
42027,130,130,0
42028,230,230,0
42029,204,204,0
42030,469,464,5
42031,196,194,2
42032,397,396,1
42033,137,137,0
42034,183,183,0
42035,533,533,0
42036,164,164,0
42037,158,158,0
42038,65,65,0
42039,45,45,0
42040,128,127,1
42041,202,202,0
42042,49,49,0
42043,307,304,3
42044,164,164,0
42045,594,586,8
42046,141,141,0
42047,152,149,3
42048,198,198,0
42049,63,62,1
42050,579,574,5
42051,165,163,2
42052,26,26,0
42053,119,119,0
42054,467,466,1
42055,119,119,0
42056,131,131,0
42057,266,264,2
42058,187,187,0
42059,113,110,3
42060,163,163,0
42061,252,247,5
42062,136,136,0
42063,156,156,0
42064,159,159,0
42065,391,391,0
42066,86,84,2
42067,117,117,0
42068,109,109,0
42069,149,149,0
42070,271,266,5
42071,167,166,1
42072,128,128,0
42073,149,149,0
42074,150,148,2
42075,476,461,15
42076,708,708,0
42077,110,109,1
42078,136,136,0
42079,273,272,1
42080,153,151,2
42081,197,197,0
42082,144,144,0
42083,193,193,0
42084,173,171,2
42085,134,134,0
42086,384,384,0
42087,164,164,0
42088,238,238,0
42089,169,167,2
42090,237,233,4
42091,157,156,1
42092,78,77,1
42093,939,928,11
42094,106,104,2
42095,77,77,0
42096,146,146,0
42097,453,447,6
42098,217,215,2
42099,179,179,0
42100,387,378,9
42101,287,286,1
42102,146,143,3
42103,77,77,0
42104,331,331,0
42105,240,239,1
42106,149,149,0
42107,139,139,0
42108,94,94,0
42109,286,285,1
42110,125,125,0
42111,144,141,3
42112,810,809,1
42113,114,113,1
42114,129,129,0
42115,170,170,0
42116,678,673,5
42117,240,238,2
42118,275,273,2
42119,304,299,5
42120,216,216,0
42121,105,105,0
42122,201,197,4
42123,121,121,0
42124,192,192,0
42125,145,144,1
42126,928,911,17
42127,247,246,1
42128,463,461,2
42129,229,229,0
42130,660,654,6
42131,293,292,1
42132,216,216,0
42133,173,172,1
42134,136,136,0
42135,358,358,0
42136,138,138,0
42137,115,113,2
42138,198,189,9
42139,331,305,26
42140,117,116,1
42141,126,126,0
42142,416,413,3
42143,285,285,0
42144,119,118,1
42145,125,125,0
42146,399,399,0
42147,98,98,0
42148,962,958,4
42149,318,315,3
42150,83,83,0
42151,71,70,1
42152,673,664,9
42153,258,258,0
42154,450,448,2
42155,308,307,1
42156,204,203,1
42157,666,664,2
42158,226,225,1
42159,160,160,0
42160,186,186,0
42161,174,174,0
42162,92,91,1
42163,157,157,0
42164,41,40,1
42165,213,212,1
42166,389,388,1
42167,370,369,1
42168,119,119,0
42169,61,61,0
42170,213,212,1
42171,212,210,2
42172,167,167,0
42173,123,121,2
42174,442,442,0
42175,646,642,4
42176,157,156,1
42177,345,345,0
42178,372,372,0
42179,160,159,1
42180,173,171,2
42181,91,90,1
42182,439,439,0
42183,240,238,2
42184,125,124,1
42185,137,136,1
42186,152,151,1
42187,279,278,1
42188,127,127,0
42189,102,101,1
42190,283,283,0
42191,413,403,10
42192,73,72,1
42193,134,133,1
42194,46,44,2
42195,184,184,0
42196,193,192,1
42197,107,107,0
42198,79,79,0
42199,204,196,8
42200,182,182,0
42201,152,148,4
42202,245,244,1
42203,130,129,1
42204,182,181,1
42205,167,166,1
42206,133,133,0
42207,76,76,0
42208,178,178,0
42209,88,87,1
42210,142,142,0
42211,199,199,0
42212,132,132,0
42213,129,128,1
42214,242,242,0
42215,274,273,1
42216,508,508,0
42217,132,132,0
42218,152,151,1
42219,217,217,0
42220,802,797,5
42221,453,453,0
42222,261,258,3
42223,144,143,1
42224,342,342,0
42225,179,179,0
42226,310,307,3
42227,148,148,0
42228,53,53,0
42229,367,366,1
42230,205,203,2
42231,251,251,0
42232,96,96,0
42233,168,167,1
42234,55,54,1
42235,252,252,0
42236,149,148,1
42237,177,176,1
42238,125,125,0
42239,240,236,4
42240,119,119,0
42241,193,192,1
42242,149,149,0
42243,151,150,1
42244,319,316,3
42245,242,240,2
42246,181,179,2
42247,403,396,7
42248,303,301,2
42249,121,119,2
42250,303,303,0
42251,405,403,2
42252,410,409,1
42253,171,170,1
42254,462,459,3
42255,187,187,0
42256,104,102,2
42257,196,193,3
42258,112,110,2
42259,187,186,1
42260,110,110,0
42261,112,112,0
42262,187,187,0
42263,343,341,2
42264,467,464,3
42265,469,468,1
42266,137,137,0
42267,137,136,1
42268,347,344,3
42269,203,203,0
42270,120,120,0
42271,290,288,2
42272,480,480,0
42273,180,180,0
42274,454,453,1
42275,166,166,0
42276,251,250,1
42277,122,122,0
42278,746,735,11
42279,144,144,0
42280,299,298,1
42281,162,162,0
42282,142,142,0
42283,126,126,0
42284,462,458,4
42285,200,200,0
42286,36,36,0
42287,248,248,0
42288,134,134,0
42289,247,246,1
42290,306,305,1
42291,168,168,0
42292,214,214,0
42293,523,519,4
42294,324,324,0
42295,257,256,1
42296,210,209,1
42297,425,422,3
42298,266,263,3
42299,636,630,6
42300,283,282,1
42301,174,173,1
42302,113,112,1
42303,116,116,0
42304,260,260,0
42305,215,214,1
42306,378,377,1
42307,454,451,3
42308,156,156,0
42309,52,52,0
42310,115,115,0
42311,110,109,1
42312,417,417,0
42313,331,325,6
42314,58,57,1
42315,68,68,0
42316,172,172,0
42317,192,192,0
42318,56,55,1
42319,46,46,0
42320,277,277,0
42321,179,179,0
42322,76,76,0
42323,366,364,2
42324,103,102,1
42325,82,82,0
42326,117,114,3
42327,27,27,0
42328,282,282,0
42329,130,129,1
42330,58,58,0
42331,73,73,0
42332,130,128,2
42333,202,202,0
42334,128,128,0
42335,54,53,1
42336,104,102,2
42337,69,69,0
42338,147,147,0
42339,357,356,1
42340,348,347,1
42341,149,149,0
42342,82,82,0
42343,251,251,0
42344,205,195,10
42345,91,88,3
42346,174,173,1
42347,126,125,1
42348,126,126,0
42349,89,88,1
42350,236,236,0
42351,212,211,1
42352,276,266,10
42353,75,75,0
42354,148,148,0
42355,250,250,0
42356,138,138,0
42357,182,181,1
42358,49,49,0
42359,93,93,0
42360,169,168,1
42361,135,135,0
42362,462,460,2
42363,458,457,1
42364,262,262,0
42365,510,505,5
42366,89,89,0
42367,383,379,4
42368,126,124,2
42369,439,437,2
42370,153,153,0
42371,154,154,0
42372,125,125,0
42373,187,187,0
42374,194,190,4
42375,223,221,2
42376,187,187,0
42377,108,108,0
42378,183,183,0
42379,195,195,0
42380,314,313,1
42381,124,123,1
42382,304,303,1
42383,368,368,0
42384,209,206,3
42385,169,169,0
42386,803,800,3
42387,184,183,1
42388,160,160,0
42389,287,285,2
42390,293,292,1
42391,121,121,0
42392,119,119,0
42393,129,127,2
42394,275,274,1
42395,139,139,0
42396,242,241,1
42397,108,108,0
42398,737,734,3
42399,136,136,0
42400,171,171,0
42401,189,187,2
42402,62,62,0
42403,208,201,7
42404,310,310,0
42405,153,152,1
42406,133,131,2
42407,55,54,1
42408,49,49,0
42409,112,111,1
42410,176,174,2
42411,83,83,0
42412,139,138,1
42413,93,93,0
42414,50,50,0
42415,103,103,0
42416,168,167,1
42417,85,85,0
42418,209,209,0
42419,135,134,1
42420,142,141,1
42421,164,163,1
42422,115,115,0
42423,130,130,0
42424,142,142,0
42425,571,564,7
42426,206,206,0
42427,373,373,0
42428,373,373,0
42429,126,126,0
42430,195,195,0
42431,328,326,2
42432,73,73,0
42433,218,218,0
42434,251,251,0
42435,101,100,1
42436,100,98,2
42437,53,53,0
42438,499,499,0
42439,315,312,3
42440,143,143,0
42441,103,103,0
42442,106,105,1
42443,67,66,1
42444,144,144,0
42445,120,118,2
42446,106,106,0
42447,328,328,0
42448,124,122,2
42449,363,361,2
42450,141,140,1
42451,776,765,11
42452,188,188,0
42453,815,809,6
42454,126,125,1
42455,357,357,0
42456,185,183,2
42457,549,547,2
42458,92,92,0
42459,295,295,0
42460,157,157,0
42461,162,156,6
42462,625,624,1
42463,128,128,0
42464,138,137,1
42465,140,139,1
42466,10,10,0
42467,157,156,1
42468,101,101,0
42469,250,250,0
42470,138,138,0
42471,401,400,1
42472,148,148,0
42473,170,170,0
42474,222,221,1
42475,138,137,1
42476,180,180,0
42477,66,66,0
42478,102,102,0
42479,204,204,0
42480,135,135,0
42481,176,176,0
42482,119,119,0
42483,60,60,0
42484,179,179,0
42485,120,119,1
42486,171,170,1
42487,1004,999,5
42488,445,444,1
42489,176,172,4
42490,240,237,3
42491,407,388,19
42492,50,50,0
42493,154,154,0
42494,215,213,2
42495,174,173,1
42496,265,261,4
42497,165,164,1
42498,131,130,1
42499,169,167,2
42500,180,178,2
42501,288,286,2
42502,142,142,0
42503,177,176,1
42504,23,23,0
42505,155,155,0
42506,221,221,0
42507,114,113,1
42508,794,785,9
42509,125,125,0
42510,144,144,0
42511,232,231,1
42512,38,38,0
42513,40,39,1
42514,62,62,0
42515,145,145,0
42516,134,133,1
42517,226,219,7
42518,124,124,0
42519,121,121,0
42520,140,140,0
42521,45,45,0
42522,620,620,0
42523,223,223,0
42524,251,250,1
42525,140,138,2
42526,173,173,0
42527,40,39,1
42528,997,991,6
42529,202,202,0
42530,239,234,5
42531,94,94,0
42532,150,149,1
42533,43,42,1
42534,123,123,0
42535,125,125,0
42536,363,363,0
42537,226,226,0
42538,167,167,0
42539,145,145,0
42540,127,127,0
42541,153,153,0
42542,156,155,1
42543,428,428,0
42544,276,272,4
42545,151,150,1
42546,152,152,0
42547,288,288,0
42548,207,205,2
42549,123,122,1
42550,173,172,1
42551,318,318,0
42552,273,272,1
42553,499,497,2
42554,152,152,0
42555,247,247,0
42556,188,186,2
42557,292,278,14
42558,225,224,1
42559,440,437,3
42560,138,137,1
42561,139,139,0
42562,220,220,0
42563,165,164,1
42564,43,43,0
42565,239,238,1
42566,137,134,3
42567,195,193,2
42568,116,115,1
42569,919,917,2
42570,143,142,1
42571,188,186,2
42572,181,180,1
42573,186,184,2
42574,299,298,1
42575,222,222,0
42576,131,131,0
42577,368,366,2
42578,332,328,4
42579,567,561,6
42580,684,680,4
42581,139,137,2
42582,218,218,0
42583,303,302,1
42584,197,196,1
42585,142,142,0
42586,219,219,0
42587,448,441,7
42588,151,149,2
42589,347,344,3
42590,226,226,0
42591,127,126,1
42592,89,88,1
42593,236,236,0
42594,212,211,1
42595,276,266,10
42596,75,75,0
42597,148,148,0
42598,138,138,0
42599,221,221,0
42600,182,181,1
42601,49,49,0
42602,93,93,0
42603,169,168,1
42604,135,135,0
42605,462,460,2
42606,458,457,1
42607,194,191,3
42608,236,235,1
42609,127,127,0
42610,415,412,3
42611,94,93,1
42612,221,220,1
42613,714,710,4
42614,104,104,0
42615,46,46,0
42616,66,65,1
42617,590,588,2
42618,323,323,0
42619,202,202,0
42620,295,294,1
42621,223,223,0
42622,134,133,1
42623,423,420,3
42624,471,470,1
42625,115,114,1
42626,109,107,2
42627,118,118,0
42628,801,801,0
42629,106,106,0
42630,211,209,2
42631,48,48,0
42632,182,182,0
42633,142,142,0
42634,280,277,3
42635,140,139,1
42636,155,155,0
42637,44,44,0
42638,245,245,0
42639,639,633,6
42640,213,213,0
42641,52,52,0
42642,267,267,0
42643,164,163,1
42644,137,137,0
42645,123,123,0
42646,321,320,1
42647,525,524,1
42648,305,302,3
42649,533,533,0
42650,152,150,2
42651,239,239,0
42652,150,149,1
42653,161,161,0
42654,114,113,1
42655,256,255,1
42656,273,273,0
42657,611,608,3
42658,353,349,4
42659,164,162,2
42660,257,254,3
42661,196,196,0
42662,133,133,0
42663,409,409,0
42664,121,121,0
42665,145,145,0
42666,120,119,1
42667,134,133,1
42668,216,213,3
42669,161,161,0
42670,242,241,1
42671,384,382,2
42672,120,120,0
42673,464,460,4
42674,192,192,0
42675,140,140,0
42676,209,205,4
42677,288,288,0
42678,190,189,1
42679,264,264,0
42680,233,233,0
42681,146,145,1
42682,149,149,0
42683,194,194,0
42684,170,170,0
42685,155,153,2
42686,171,169,2
42687,112,111,1
42688,238,238,0
42689,376,376,0
42690,292,291,1
42691,969,967,2
42692,526,522,4
42693,458,457,1
42694,101,97,4
42695,138,137,1
42696,154,152,2
42697,400,400,0
42698,698,694,4
42699,176,176,0
42700,238,237,1
42701,170,170,0
42702,149,149,0
42703,281,280,1
42704,225,225,0
42705,106,106,0
42706,42,42,0
42707,54,54,0
42708,488,488,0
42709,167,166,1
42710,126,126,0
42711,507,506,1
42712,169,169,0
42713,134,133,1
42714,152,152,0
42715,176,175,1
42716,132,132,0
42717,105,104,1
42718,127,127,0
42719,506,505,1
42720,105,105,0
42721,128,128,0
42722,100,100,0
42723,414,412,2
42724,198,198,0
42725,179,179,0
42726,590,586,4
42727,1030,1025,5
42728,183,182,1
42729,127,127,0
42730,108,108,0
42731,178,177,1
42732,169,169,0
42733,129,128,1
42734,120,119,1
42735,160,160,0
42736,120,119,1
42737,103,101,2
42738,172,171,1
42739,129,129,0
42740,512,507,5
42741,273,273,0
42742,132,130,2
42743,192,192,0
42744,191,191,0
42745,158,156,2
42746,139,139,0
42747,231,226,5
42748,724,717,7
42749,726,719,7
42750,106,105,1
42751,186,184,2
42752,908,902,6
42753,104,101,3
42754,146,146,0
42755,195,194,1
42756,164,162,2
42757,202,201,1
42758,74,74,0
42759,161,161,0
42760,203,200,3
42761,74,73,1
42762,144,142,2
42763,194,193,1
42764,241,239,2
42765,185,182,3
42766,147,146,1
42767,235,235,0
42768,178,178,0
42769,248,246,2
42770,394,394,0
42771,212,212,0
42772,912,908,4
42773,112,112,0
42774,134,133,1
42775,193,191,2
42776,217,217,0
42777,656,653,3
42778,149,149,0
42779,705,704,1
42780,138,138,0
42781,111,111,0
42782,986,983,3
42783,179,179,0
42784,128,128,0
42785,304,304,0
42786,786,784,2
42787,485,484,1
42788,145,144,1
42789,455,447,8
42790,72,72,0
42791,125,125,0
42792,106,105,1
42793,204,204,0
42794,397,396,1
42795,100,100,0
42796,173,172,1
42797,265,262,3
42798,153,153,0
42799,193,188,5
42800,48,48,0
42801,70,69,1
42802,131,127,4
42803,216,213,3
42804,163,163,0
42805,380,380,0
42806,558,555,3
42807,622,619,3
42808,61,61,0
42809,87,87,0
42810,53,53,0
42811,186,186,0
42812,64,62,2
42813,298,297,1
42814,200,199,1
42815,135,135,0
42816,120,120,0
42817,238,235,3
42818,119,119,0
42819,133,133,0
42820,182,182,0
42821,53,53,0
42822,449,449,0
42823,123,120,3
42824,68,68,0
42825,154,153,1
42826,146,145,1
42827,233,230,3
42828,157,157,0
42829,254,254,0
42830,206,205,1
42831,127,127,0
42832,144,143,1
42833,164,163,1
42834,156,156,0
42835,222,221,1
42836,227,226,1
42837,99,99,0
42838,68,68,0
42839,647,641,6
42840,144,144,0
42841,334,334,0
42842,132,132,0
42843,224,221,3
42844,139,138,1
42845,131,131,0
42846,301,301,0
42847,115,115,0
42848,269,269,0
42849,139,139,0
42850,547,547,0
42851,140,139,1
42852,520,513,7
42853,584,579,5
42854,230,228,2
42855,196,193,3
42856,127,127,0
42857,130,130,0
42858,414,410,4
42859,290,290,0
42860,157,155,2
42861,286,284,2
42862,84,82,2
42863,145,145,0
42864,52,52,0
42865,163,163,0
42866,212,212,0
42867,225,223,2
42868,90,90,0
42869,95,94,1
42870,119,118,1
42871,98,96,2
42872,639,637,2
42873,302,302,0
42874,159,158,1
42875,269,264,5
42876,378,377,1
42877,160,159,1
42878,104,104,0
42879,56,55,1
42880,44,44,0
42881,217,217,0
42882,195,195,0
42883,99,98,1
42884,142,142,0
42885,166,165,1
42886,270,268,2
42887,355,352,3
42888,156,156,0
42889,327,325,2
42890,141,140,1
42891,135,134,1
42892,165,165,0
42893,118,118,0
42894,208,206,2
42895,148,148,0
42896,317,317,0
42897,120,120,0
42898,100,99,1
42899,282,282,0
42900,40,40,0
42901,233,230,3
42902,134,133,1
42903,415,412,3
42904,402,401,1
42905,139,139,0
42906,571,569,2
42907,320,318,2
42908,271,268,3
42909,801,796,5
42910,29,29,0
42911,230,230,0
42912,386,386,0
42913,131,131,0
42914,144,143,1
42915,244,244,0
42916,131,130,1
42917,530,528,2
42918,520,519,1
42919,125,124,1
42920,138,136,2
42921,46,45,1
42922,121,118,3
42923,172,172,0
42924,169,168,1
42925,434,433,1
42926,141,141,0
42927,504,503,1
42928,244,244,0
42929,605,605,0
42930,247,247,0
42931,208,207,1
42932,260,257,3
42933,204,204,0
42934,582,579,3
42935,247,243,4
42936,234,234,0
42937,201,201,0
42938,133,133,0
42939,513,511,2
42940,163,159,4
42941,671,666,5
42942,114,113,1
42943,407,407,0
42944,50,50,0
42945,136,136,0
42946,238,237,1
42947,213,204,9
42948,153,153,0
42949,327,323,4
42950,138,137,1
42951,121,116,5
42952,147,146,1
42953,107,107,0
42954,168,168,0
42955,133,133,0
42956,203,203,0
42957,120,120,0
42958,318,318,0
42959,300,299,1
42960,256,256,0
42961,144,142,2
42962,300,296,4
42963,142,142,0
42964,107,105,2
42965,89,80,9
42966,248,248,0
42967,651,645,6
42968,97,97,0
42969,146,145,1
42970,248,247,1
42971,137,136,1
42972,125,125,0
42973,182,182,0
42974,121,121,0
42975,171,171,0
42976,122,121,1
42977,160,160,0
42978,214,214,0
42979,322,321,1
42980,122,122,0
42981,202,202,0
42982,317,315,2
42983,240,237,3
42984,144,144,0
42985,128,128,0
42986,383,380,3
42987,391,383,8
42988,136,131,5
42989,158,158,0
42990,189,188,1
42991,142,142,0
42992,166,166,0
42993,249,249,0
42994,624,623,1
42995,136,136,0
42996,194,194,0
42997,76,75,1
42998,229,229,0
42999,162,159,3
43000,272,268,4
43001,161,161,0
43002,200,198,2
43003,142,141,1
43004,229,228,1
43005,144,144,0
43006,171,171,0
43007,102,102,0
43008,220,217,3
43009,339,337,2
43010,186,185,1
43011,479,477,2
43012,254,254,0
43013,158,158,0
43014,294,291,3
43015,179,179,0
43016,234,233,1
43017,56,56,0
43018,162,161,1
43019,44,44,0
43020,124,124,0
43021,161,161,0
43022,153,152,1
43023,911,909,2
43024,48,48,0
43025,132,132,0
43026,216,214,2
43027,135,135,0
43028,131,131,0
43029,92,92,0
43030,119,119,0
43031,32,32,0
43032,174,173,1
43033,148,147,1
43034,174,173,1
43035,90,90,0
43036,128,128,0
43037,80,79,1
43038,194,193,1
43039,115,112,3
43040,142,140,2
43041,174,172,2
43042,97,97,0
43043,115,115,0
43044,367,366,1
43045,467,465,2
43046,141,141,0
43047,302,301,1
43048,172,171,1
43049,564,563,1
43050,240,237,3
43051,170,170,0
43052,432,432,0
43053,345,345,0
43054,90,90,0
43055,161,161,0
43056,378,377,1
43057,206,206,0
43058,275,274,1
43059,121,120,1
43060,113,112,1
43061,210,206,4
43062,162,162,0
43063,249,249,0
43064,275,274,1
43065,134,132,2
43066,524,522,2
43067,106,106,0
43068,564,558,6
43069,126,125,1
43070,140,139,1
43071,602,596,6
43072,449,442,7
43073,190,190,0
43074,199,197,2
43075,140,140,0
43076,719,716,3
43077,158,158,0
43078,279,277,2
43079,148,147,1
43080,286,286,0
43081,316,314,2
43082,209,206,3
43083,69,69,0
43084,195,194,1
43085,168,168,0
43086,183,180,3
43087,132,131,1
43088,133,133,0
43089,272,272,0
43090,150,150,0
43091,192,190,2
43092,792,786,6
43093,131,127,4
43094,286,282,4
43095,256,256,0
43096,58,58,0
43097,323,323,0
43098,180,178,2
43099,348,347,1
43100,311,308,3
43101,189,189,0
43102,338,337,1
43103,262,259,3
43104,105,104,1
43105,340,339,1
43106,342,342,0
43107,122,122,0
43108,153,152,1
43109,190,189,1
43110,226,226,0
43111,135,134,1
43112,179,176,3
43113,184,182,2
43114,165,164,1
43115,86,86,0
43116,305,304,1
43117,126,126,0
43118,141,140,1
43119,142,142,0
43120,129,128,1
43121,255,254,1
43122,199,199,0
43123,334,325,9
43124,147,146,1
43125,306,305,1
43126,108,105,3
43127,121,121,0
43128,122,118,4
43129,145,144,1
43130,403,402,1
43131,298,297,1
43132,123,122,1
43133,185,184,1
43134,204,204,0
43135,556,555,1
43136,189,189,0
43137,81,81,0
43138,216,216,0
43139,63,63,0
43140,177,176,1
43141,274,272,2
43142,125,123,2
43143,325,325,0
43144,187,187,0
43145,143,143,0
43146,248,246,2
43147,188,188,0
43148,105,105,0
43149,150,147,3
43150,136,135,1
43151,181,181,0
43152,131,131,0
43153,113,112,1
43154,184,184,0
43155,199,199,0
43156,132,132,0
43157,377,374,3
43158,280,280,0
43159,104,104,0
43160,126,126,0
43161,26,26,0
43162,34,33,1
43163,95,95,0
43164,89,89,0
43165,299,297,2
43166,70,70,0
43167,98,97,1
43168,286,285,1
43169,51,51,0
43170,49,49,0
43171,196,194,2
43172,170,170,0
43173,251,249,2
43174,141,140,1
43175,56,56,0
43176,153,152,1
43177,172,171,1
43178,424,421,3
43179,173,171,2
43180,215,215,0
43181,259,258,1
43182,295,291,4
43183,153,153,0
43184,135,134,1
43185,576,572,4
43186,569,567,2
43187,105,105,0
43188,99,97,2
43189,56,56,0
43190,497,491,6
43191,274,273,1
43192,364,362,2
43193,95,95,0
43194,122,122,0
43195,167,167,0
43196,384,384,0
43197,118,117,1
43198,223,221,2
43199,98,90,8
43200,237,233,4
43201,282,269,13
43202,242,241,1
43203,134,133,1
43204,570,564,6
43205,116,115,1
43206,399,394,5
43207,198,197,1
43208,183,183,0
43209,184,182,2
43210,260,258,2
43211,131,130,1
43212,111,111,0
43213,293,291,2
43214,548,547,1
43215,272,266,6
43216,63,63,0
43217,125,123,2
43218,420,419,1
43219,172,172,0
43220,140,140,0
43221,271,269,2
43222,424,423,1
43223,128,127,1
43224,102,98,4
43225,99,99,0
43226,175,175,0
43227,918,912,6
43228,146,146,0
43229,347,346,1
43230,211,210,1
43231,327,326,1
43232,281,280,1
43233,214,213,1
43234,77,77,0
43235,32,32,0
43236,27,27,0
43237,86,86,0
43238,63,63,0
43239,334,330,4
43240,71,70,1
43241,63,61,2
43242,111,111,0
43243,60,60,0
43244,256,255,1
43245,63,63,0
43246,149,146,3
43247,679,669,10
43248,220,219,1
43249,102,102,0
43250,161,160,1
43251,163,163,0
43252,283,283,0
43253,140,140,0
43254,123,122,1
43255,157,156,1
43256,90,89,1
43257,140,138,2
43258,143,140,3
43259,37,36,1
43260,53,50,3
43261,108,108,0
43262,252,242,10
43263,200,198,2
43264,146,145,1
43265,194,194,0
43266,346,346,0
43267,135,135,0
43268,120,120,0
43269,128,128,0
43270,183,183,0
43271,145,145,0
43272,291,291,0
43273,207,207,0
43274,238,235,3
43275,202,202,0
43276,379,378,1
43277,140,139,1
43278,171,170,1
43279,202,201,1
43280,259,257,2
43281,200,200,0
43282,109,107,2
43283,230,228,2
43284,505,503,2
43285,56,56,0
43286,398,393,5
43287,230,230,0
43288,317,317,0
43289,191,191,0
43290,254,254,0
43291,242,241,1
43292,175,175,0
43293,155,155,0
43294,155,155,0
43295,420,419,1
43296,143,142,1
43297,246,239,7
43298,234,232,2
43299,103,103,0
43300,183,183,0
43301,427,423,4
43302,167,167,0
43303,64,64,0
43304,306,304,2
43305,190,190,0
43306,118,118,0
43307,258,255,3
43308,42,42,0
43309,156,155,1
43310,237,236,1
43311,65,62,3
43312,248,247,1
43313,101,101,0
43314,282,279,3
43315,304,301,3
43316,277,277,0
43317,170,169,1
43318,413,410,3
43319,387,383,4
43320,266,265,1
43321,370,367,3
43322,165,165,0
43323,95,94,1
43324,460,457,3
43325,149,148,1
43326,1033,1030,3
43327,465,463,2
43328,177,177,0
43329,127,127,0
43330,180,177,3
43331,165,165,0
43332,563,563,0
43333,161,161,0
43334,393,393,0
43335,364,361,3
43336,127,127,0
43337,191,188,3
43338,469,464,5
43339,122,122,0
43340,150,149,1
43341,294,293,1
43342,103,103,0
43343,153,152,1
43344,149,149,0
43345,68,68,0
43346,160,158,2
43347,356,355,1
43348,141,141,0
43349,125,124,1
43350,149,148,1
43351,169,169,0
43352,53,53,0
43353,207,205,2
43354,520,516,4
43355,188,188,0
43356,277,274,3
43357,277,276,1
43358,382,379,3
43359,143,142,1
43360,128,128,0
43361,235,235,0
43362,235,235,0
43363,299,299,0
43364,197,197,0
43365,177,177,0
43366,138,138,0
43367,170,170,0
43368,69,69,0
43369,221,221,0
43370,280,279,1
43371,191,191,0
43372,75,75,0
43373,187,187,0
43374,211,211,0
43375,203,203,0
43376,212,212,0
43377,153,150,3
43378,239,239,0
43379,237,237,0
43380,75,74,1
43381,200,200,0
43382,162,162,0
43383,170,170,0
43384,172,172,0
43385,150,150,0
43386,155,155,0
43387,131,129,2
43388,198,197,1
43389,113,110,3
43390,197,197,0
43391,175,175,0
43392,267,265,2
43393,468,461,7
43394,216,215,1
43395,144,142,2
43396,203,202,1
43397,695,694,1
43398,107,107,0
43399,118,118,0
43400,183,179,4
43401,772,763,9
43402,151,147,4
43403,225,225,0
43404,127,127,0
43405,328,324,4
43406,124,124,0
43407,114,114,0
43408,129,129,0
43409,128,125,3
43410,179,179,0
43411,161,160,1
43412,201,198,3
43413,900,891,9
43414,115,115,0
43415,100,100,0
43416,105,104,1
43417,382,382,0
43418,349,347,2
43419,148,148,0
43420,152,148,4
43421,244,244,0
43422,138,138,0
43423,316,314,2
43424,820,814,6
43425,428,426,2
43426,188,187,1
43427,126,126,0
43428,227,226,1
43429,570,569,1
43430,372,371,1
43431,194,193,1
43432,757,749,8
43433,223,223,0
43434,209,209,0
43435,224,221,3
43436,464,463,1
43437,1002,1000,2
43438,532,531,1
43439,278,278,0
43440,528,527,1
43441,189,189,0
43442,157,153,4
43443,280,280,0
43444,186,185,1
43445,159,159,0
43446,138,138,0
43447,318,318,0
43448,186,186,0
43449,265,261,4
43450,202,199,3
43451,334,333,1
43452,505,499,6
43453,116,115,1
43454,161,159,2
43455,353,348,5
43456,255,254,1
43457,124,124,0
43458,225,225,0
43459,266,265,1
43460,315,313,2
43461,514,514,0
43462,491,490,1
43463,298,296,2
43464,221,215,6
43465,139,138,1
43466,194,192,2
43467,153,153,0
43468,115,115,0
43469,48,48,0
43470,144,144,0
43471,605,603,2
43472,173,172,1
43473,124,124,0
43474,164,163,1
43475,218,217,1
43476,374,373,1
43477,153,152,1
43478,145,145,0
43479,706,705,1
43480,182,180,2
43481,197,197,0
43482,137,137,0
43483,108,107,1
43484,134,132,2
43485,284,283,1
43486,111,111,0
43487,174,173,1
43488,296,286,10
43489,367,364,3
43490,193,179,14
43491,114,113,1
43492,332,332,0
43493,537,536,1
43494,563,558,5
43495,123,122,1
43496,137,135,2
43497,118,116,2
43498,205,204,1
43499,238,238,0
43500,437,436,1
43501,155,153,2
43502,243,240,3
43503,359,358,1
43504,437,436,1
43505,175,170,5
43506,163,163,0
43507,228,228,0
43508,626,623,3
43509,184,184,0
43510,503,494,9
43511,576,574,2
43512,194,192,2
43513,164,164,0
43514,129,129,0
43515,157,156,1
43516,129,128,1
43517,138,135,3
43518,198,198,0
43519,151,151,0
43520,142,141,1
43521,98,98,0
43522,209,209,0
43523,115,114,1
43524,179,179,0
43525,311,311,0
43526,148,148,0
43527,166,166,0
43528,153,153,0
43529,124,124,0
43530,189,189,0
43531,101,101,0
43532,308,308,0
43533,364,358,6
43534,143,143,0
43535,169,169,0
43536,538,536,2
43537,366,365,1
43538,168,166,2
43539,129,129,0
43540,642,640,2
43541,388,385,3
43542,101,101,0
43543,207,203,4
43544,1020,1018,2
43545,264,263,1
43546,189,189,0
43547,163,162,1
43548,111,111,0
43549,207,207,0
43550,458,458,0
43551,176,174,2
43552,367,367,0
43553,128,127,1
43554,215,212,3
43555,502,498,4
43556,155,154,1
43557,61,60,1
43558,189,187,2
43559,148,147,1
43560,127,127,0
43561,192,189,3
43562,93,93,0
43563,133,132,1
43564,150,150,0
43565,363,363,0
43566,226,224,2
43567,115,115,0
43568,412,409,3
43569,189,187,2
43570,403,400,3
43571,131,131,0
43572,105,105,0
43573,211,209,2
43574,142,142,0
43575,170,170,0
43576,399,397,2
43577,430,424,6
43578,172,171,1
43579,312,312,0
43580,291,289,2
43581,175,170,5
43582,64,62,2
43583,708,705,3
43584,275,256,19
43585,140,140,0
43586,128,128,0
43587,177,175,2
43588,44,44,0
43589,199,199,0
43590,185,181,4
43591,390,386,4
43592,163,162,1
43593,518,514,4
43594,241,238,3
43595,389,381,8
43596,116,116,0
43597,361,361,0
43598,686,686,0
43599,241,241,0
43600,170,170,0
43601,337,336,1
43602,156,154,2
43603,237,232,5
43604,896,874,22
43605,140,138,2
43606,141,141,0
43607,253,250,3
43608,167,165,2
43609,156,155,1
43610,221,221,0
43611,368,367,1
43612,477,473,4
43613,63,58,5
43614,77,75,2
43615,133,133,0
43616,421,416,5
43617,394,388,6
43618,131,128,3
43619,236,235,1
43620,180,180,0
43621,62,62,0
43622,146,145,1
43623,370,368,2
43624,509,503,6
43625,199,198,1
43626,211,211,0
43627,327,324,3
43628,112,112,0
43629,155,154,1
43630,126,126,0
43631,145,143,2
43632,160,160,0
43633,162,161,1
43634,115,114,1
43635,132,131,1
43636,110,109,1
43637,163,161,2
43638,230,229,1
43639,108,107,1
43640,219,218,1
43641,141,140,1
43642,80,80,0
43643,78,78,0
43644,135,133,2
43645,174,173,1
43646,130,124,6
43647,50,50,0
43648,146,146,0
43649,74,74,0
43650,228,228,0
43651,123,123,0
43652,118,118,0
43653,93,93,0
43654,155,154,1
43655,260,258,2
43656,367,365,2
43657,254,252,2
43658,171,169,2
43659,184,182,2
43660,224,223,1
43661,127,125,2
43662,134,134,0
43663,371,362,9
43664,258,258,0
43665,55,55,0
43666,279,277,2
43667,117,117,0
43668,148,147,1
43669,193,191,2
43670,161,155,6
43671,77,76,1
43672,171,170,1
43673,154,153,1
43674,219,218,1
43675,409,406,3
43676,302,301,1
43677,55,55,0
43678,155,155,0
43679,143,141,2
43680,311,293,18
43681,167,166,1
43682,149,148,1
43683,243,243,0
43684,235,235,0
43685,132,132,0
43686,143,143,0
43687,292,292,0
43688,358,356,2
43689,269,269,0
43690,109,109,0
43691,107,106,1
43692,263,260,3
43693,127,127,0
43694,363,359,4
43695,145,145,0
43696,150,147,3
43697,232,230,2
43698,480,480,0
43699,123,122,1
43700,253,252,1
43701,79,79,0
43702,41,41,0
43703,86,85,1
43704,97,95,2
43705,614,606,8
43706,144,144,0
43707,165,165,0
43708,134,134,0
43709,62,62,0
43710,67,65,2
43711,360,359,1
43712,161,160,1
43713,150,148,2
43714,119,119,0
43715,166,165,1
43716,83,83,0
43717,163,163,0
43718,165,164,1
43719,194,193,1
43720,189,189,0
43721,65,65,0
43722,100,100,0
43723,50,48,2
43724,134,133,1
43725,317,317,0
43726,294,294,0
43727,224,224,0
43728,388,386,2
43729,129,128,1
43730,93,93,0
43731,183,183,0
43732,82,82,0
43733,127,126,1
43734,836,834,2
43735,152,152,0
43736,87,87,0
43737,88,87,1
43738,203,203,0
43739,120,119,1
43740,150,150,0
43741,204,203,1
43742,205,205,0
43743,46,46,0
43744,434,432,2
43745,125,124,1
43746,292,292,0
43747,213,211,2
43748,184,184,0
43749,50,50,0
43750,61,61,0
43751,112,112,0
43752,112,112,0
43753,195,193,2
43754,62,61,1
43755,234,234,0
43756,86,86,0
43757,426,425,1
43758,219,219,0
43759,140,139,1
43760,134,134,0
43761,157,157,0
43762,124,124,0
43763,165,165,0
43764,135,128,7
43765,201,201,0
43766,135,135,0
43767,163,163,0
43768,121,119,2
43769,174,174,0
43770,183,183,0
43771,405,404,1
43772,126,126,0
43773,218,217,1
43774,127,127,0
43775,179,179,0
43776,121,121,0
43777,156,156,0
43778,79,79,0
43779,164,163,1
43780,99,98,1
43781,108,103,5
43782,234,233,1
43783,202,202,0
43784,1010,1002,8
43785,133,131,2
43786,106,106,0
43787,282,278,4
43788,168,167,1
43789,162,161,1
43790,70,70,0
43791,157,156,1
43792,172,169,3
43793,401,386,15
43794,186,186,0
43795,138,137,1
43796,415,415,0
43797,59,59,0
43798,73,72,1
43799,59,59,0
43800,694,681,13
43801,89,89,0
43802,350,349,1
43803,144,144,0
43804,52,52,0
43805,97,97,0
43806,364,362,2
43807,181,181,0
43808,154,154,0
43809,83,83,0
43810,270,268,2
43811,146,143,3
43812,401,400,1
43813,214,205,9
43814,762,757,5
43815,283,283,0
43816,196,196,0
43817,271,270,1
43818,491,489,2
43819,463,453,10
43820,307,307,0
43821,459,453,6
43822,98,98,0
43823,119,119,0
43824,43,43,0
43825,595,595,0
43826,197,197,0
43827,207,207,0
43828,187,177,10
43829,241,236,5
43830,107,106,1
43831,168,168,0
43832,191,189,2
43833,270,270,0
43834,452,443,9
43835,115,114,1
43836,206,205,1
43837,531,522,9
43838,110,109,1
43839,183,182,1
43840,121,121,0
43841,209,208,1
43842,282,280,2
43843,438,437,1
43844,662,654,8
43845,298,298,0
43846,164,162,2
43847,314,313,1
43848,282,282,0
43849,894,892,2
43850,123,123,0
43851,136,136,0
43852,95,95,0
43853,488,488,0
43854,118,116,2
43855,182,181,1
43856,287,287,0
43857,72,72,0
43858,557,556,1
43859,56,56,0
43860,155,154,1
43861,180,178,2
43862,232,229,3
43863,172,172,0
43864,471,468,3
43865,489,485,4
43866,347,345,2
43867,235,230,5
43868,427,425,2
43869,127,127,0
43870,379,379,0
43871,149,149,0
43872,162,161,1
43873,105,105,0
43874,248,247,1
43875,215,215,0
43876,159,158,1
43877,324,321,3
43878,322,321,1
43879,155,154,1
43880,126,126,0
43881,50,50,0
43882,281,280,1
43883,125,125,0
43884,471,471,0
43885,122,121,1
43886,183,180,3
43887,405,403,2
43888,139,139,0
43889,439,432,7
43890,385,379,6
43891,202,202,0
43892,117,117,0
43893,51,51,0
43894,141,141,0
43895,202,201,1
43896,231,231,0
43897,110,110,0
43898,251,249,2
43899,295,294,1
43900,89,89,0
43901,346,343,3
43902,238,234,4
43903,460,453,7
43904,38,37,1
43905,108,107,1
43906,312,310,2
43907,101,100,1
43908,122,122,0
43909,235,234,1
43910,499,496,3
43911,397,392,5
43912,214,214,0
43913,128,128,0
43914,108,108,0
43915,191,189,2
43916,316,315,1
43917,156,156,0
43918,162,161,1
43919,634,632,2
43920,436,434,2
43921,1015,1012,3
43922,172,171,1
43923,62,61,1
43924,167,167,0
43925,60,59,1
43926,97,97,0
43927,92,92,0
43928,279,274,5
43929,77,76,1
43930,72,72,0
43931,108,107,1
43932,157,156,1
43933,61,61,0
43934,60,60,0
43935,138,137,1
43936,86,83,3
43937,231,229,2
43938,341,339,2
43939,141,141,0
43940,537,535,2
43941,284,283,1
43942,132,130,2
43943,721,715,6
43944,91,89,2
43945,163,159,4
43946,272,268,4
43947,213,209,4
43948,141,140,1
43949,125,125,0
43950,129,129,0
43951,272,271,1
43952,405,405,0
43953,633,632,1
43954,127,127,0
43955,101,101,0
43956,56,56,0
43957,84,84,0
43958,245,245,0
43959,131,130,1
43960,130,130,0
43961,164,164,0
43962,103,102,1
43963,58,58,0
43964,222,222,0
43965,270,269,1
43966,127,120,7
43967,254,254,0
43968,130,130,0
43969,172,170,2
43970,113,111,2
43971,344,340,4
43972,127,127,0
43973,78,78,0
43974,58,58,0
43975,78,77,1
43976,115,115,0
43977,235,234,1
43978,132,130,2
43979,121,118,3
43980,103,102,1
43981,152,151,1
43982,87,86,1
43983,331,330,1
43984,95,95,0
43985,76,73,3
43986,67,67,0
43987,337,337,0
43988,223,221,2
43989,207,206,1
43990,133,131,2
43991,136,136,0
43992,339,337,2
43993,373,371,2
43994,149,149,0
43995,275,274,1
43996,550,547,3
43997,344,344,0
43998,335,334,1
43999,146,146,0
44000,135,135,0
44001,164,164,0
44002,305,305,0
44003,130,130,0
44004,166,159,7
44005,241,237,4
44006,90,90,0
44007,98,98,0
44008,160,158,2
44009,93,93,0
44010,126,125,1
44011,98,97,1
44012,133,133,0
44013,48,48,0
44014,120,117,3
44015,155,153,2
44016,57,57,0
44017,301,300,1
44018,198,191,7
44019,372,372,0
44020,132,131,1
44021,62,62,0
44022,123,121,2
44023,177,173,4
44024,159,159,0
44025,142,141,1
44026,163,163,0
44027,129,128,1
44028,166,166,0
44029,175,170,5
44030,123,122,1
44031,101,99,2
44032,118,118,0
44033,52,52,0
44034,143,143,0
44035,311,307,4
44036,308,306,2
44037,135,135,0
44038,65,65,0
44039,127,127,0
44040,276,271,5
44041,408,402,6
44042,116,115,1
44043,347,343,4
44044,114,114,0
44045,179,176,3
44046,335,334,1
44047,415,415,0
44048,163,162,1
44049,207,206,1
44050,271,260,11
44051,691,682,9
44052,273,272,1
44053,145,144,1
44054,106,104,2
44055,225,224,1
44056,272,271,1
44057,881,869,12
44058,498,483,15
44059,270,269,1
44060,166,164,2
44061,402,396,6
44062,189,189,0
44063,582,581,1
44064,185,183,2
44065,139,139,0
44066,325,325,0
44067,387,386,1
44068,126,126,0
44069,141,140,1
44070,300,299,1
44071,85,85,0
44072,110,108,2
44073,284,283,1
44074,474,470,4
44075,510,504,6
44076,326,325,1
44077,491,491,0
44078,415,411,4
44079,501,499,2
44080,115,115,0
44081,409,406,3
44082,133,131,2
44083,112,109,3
44084,84,82,2
44085,257,256,1
44086,144,143,1
44087,234,232,2
44088,443,443,0
44089,394,392,2
44090,266,266,0
44091,67,67,0
44092,147,146,1
44093,312,311,1
44094,204,204,0
44095,248,248,0
44096,149,149,0
44097,258,258,0
44098,166,166,0
44099,128,127,1
44100,135,135,0
44101,133,133,0
44102,131,130,1
44103,322,321,1
44104,209,208,1
44105,83,83,0
44106,177,176,1
44107,396,394,2
44108,259,256,3
44109,239,236,3
44110,426,425,1
44111,379,376,3
44112,163,161,2
44113,218,214,4
44114,624,620,4
44115,48,48,0
44116,335,334,1
44117,173,171,2
44118,164,163,1
44119,150,150,0
44120,235,233,2
44121,207,207,0
44122,284,282,2
44123,122,121,1
44124,127,126,1
44125,178,178,0
44126,167,167,0
44127,189,189,0
44128,214,209,5
44129,237,237,0
44130,193,192,1
44131,141,139,2
44132,642,641,1
44133,418,415,3
44134,213,213,0
44135,122,118,4
44136,218,217,1
44137,316,316,0
44138,972,966,6
44139,520,516,4
44140,328,328,0
44141,131,130,1
44142,819,816,3
44143,385,385,0
44144,142,142,0
44145,123,123,0
44146,156,156,0
44147,96,96,0
44148,130,130,0
44149,662,654,8
44150,151,150,1
44151,607,607,0
44152,171,170,1
44153,623,620,3
44154,306,305,1
44155,121,120,1
44156,104,103,1
44157,987,979,8
44158,416,416,0
44159,81,81,0
44160,164,163,1
44161,728,728,0
44162,1002,996,6
44163,982,974,8
44164,273,273,0
44165,214,213,1
44166,518,518,0
44167,697,694,3
44168,443,437,6
44169,180,179,1
44170,928,924,4
44171,334,334,0
44172,169,169,0
44173,786,785,1
44174,215,215,0
44175,127,127,0
44176,370,364,6
44177,255,253,2
44178,155,155,0
44179,311,308,3
44180,869,869,0
44181,163,163,0
44182,221,221,0
44183,278,277,1
44184,658,656,2
44185,324,316,8
44186,216,216,0
44187,203,200,3
44188,366,366,0
44189,558,553,5
44190,131,131,0
44191,144,144,0
44192,169,169,0
44193,189,189,0
44194,133,133,0
44195,151,151,0
44196,417,416,1
44197,335,335,0
44198,153,152,1
44199,772,764,8
44200,110,110,0
44201,190,188,2
44202,180,180,0
44203,171,170,1
44204,184,183,1
44205,318,318,0
44206,262,262,0
44207,313,312,1
44208,144,144,0
44209,162,161,1
44210,218,218,0
44211,133,133,0
44212,141,140,1
44213,697,695,2
44214,110,109,1
44215,167,166,1
44216,182,179,3
44217,144,144,0
44218,181,180,1
44219,151,150,1
44220,220,218,2
44221,142,141,1
44222,46,46,0
44223,245,244,1
44224,129,125,4
44225,269,268,1
44226,197,192,5
44227,207,206,1
44228,51,51,0
44229,226,224,2
44230,278,276,2
44231,196,196,0
44232,472,470,2
44233,132,131,1
44234,99,98,1
44235,173,172,1
44236,82,81,1
44237,315,313,2
44238,97,94,3
44239,163,163,0
44240,140,140,0
44241,134,133,1
44242,97,90,7
44243,98,96,2
44244,39,39,0
44245,208,208,0
44246,148,148,0
44247,100,100,0
44248,328,322,6
44249,145,145,0
44250,122,122,0
44251,513,509,4
44252,233,233,0
44253,579,572,7
44254,393,391,2
44255,225,215,10
44256,181,181,0
44257,101,99,2
44258,205,204,1
44259,161,160,1
44260,184,184,0
44261,427,424,3
44262,121,121,0
44263,139,138,1
44264,160,160,0
44265,406,404,2
44266,152,151,1
44267,257,251,6
44268,137,137,0
44269,134,134,0
44270,249,249,0
44271,119,119,0
44272,969,963,6
44273,44,44,0
44274,142,142,0
44275,482,480,2
44276,294,292,2
44277,172,168,4
44278,130,130,0
44279,190,185,5
44280,129,129,0
44281,210,209,1
44282,120,117,3
44283,214,212,2
44284,127,127,0
44285,111,111,0
44286,50,49,1
44287,70,70,0
44288,242,240,2
44289,160,160,0
44290,330,330,0
44291,275,273,2
44292,151,151,0
44293,156,155,1
44294,121,121,0
44295,218,218,0
44296,290,289,1
44297,57,57,0
44298,124,123,1
44299,98,98,0
44300,151,151,0
44301,128,127,1
44302,125,124,1
44303,151,148,3
44304,127,124,3
44305,248,248,0
44306,217,214,3
44307,84,84,0
44308,76,76,0
44309,99,99,0
44310,316,311,5
44311,156,155,1
44312,624,620,4
44313,76,76,0
44314,173,173,0
44315,146,144,2
44316,217,214,3
44317,182,181,1
44318,96,92,4
44319,259,259,0
44320,164,164,0
44321,63,62,1
44322,353,347,6
44323,168,168,0
44324,131,131,0
44325,924,921,3
44326,197,196,1
44327,153,152,1
44328,86,85,1
44329,219,214,5
44330,181,178,3
44331,428,422,6
44332,356,354,2
44333,581,580,1
44334,187,186,1
44335,854,849,5
44336,866,861,5
44337,218,217,1
44338,159,158,1
44339,111,110,1
44340,101,101,0
44341,211,210,1
44342,202,201,1
44343,99,98,1
44344,39,39,0
44345,103,99,4
44346,128,123,5
44347,131,127,4
44348,162,158,4
44349,216,214,2
44350,120,120,0
44351,116,116,0
44352,529,522,7
44353,714,709,5
44354,196,193,3
44355,215,215,0
44356,113,112,1
44357,82,82,0
44358,676,675,1
44359,305,299,6
44360,98,98,0
44361,1004,996,8
44362,133,133,0
44363,351,351,0
44364,246,246,0
44365,188,187,1
44366,272,272,0
44367,146,146,0
44368,290,290,0
44369,134,133,1
44370,127,127,0
44371,252,252,0
44372,179,176,3
44373,131,131,0
44374,350,349,1
44375,371,367,4
44376,223,221,2
44377,171,170,1
44378,425,424,1
44379,136,136,0
44380,104,103,1
44381,125,125,0
44382,65,65,0
44383,48,48,0
44384,112,111,1
44385,151,151,0
44386,140,140,0
44387,173,172,1
44388,144,144,0
44389,585,585,0
44390,196,196,0
44391,131,130,1
44392,211,211,0
44393,333,332,1
44394,289,289,0
44395,133,132,1
44396,151,150,1
44397,198,197,1
44398,135,135,0
44399,196,193,3
44400,492,489,3
44401,137,136,1
44402,384,383,1
44403,239,239,0
44404,156,156,0
44405,375,374,1
44406,463,462,1
44407,165,164,1
44408,190,190,0
44409,363,363,0
44410,345,345,0
44411,124,123,1
44412,174,174,0
44413,322,322,0
44414,177,177,0
44415,125,125,0
44416,136,136,0
44417,350,350,0
44418,182,179,3
44419,361,359,2
44420,208,208,0
44421,156,156,0
44422,938,936,2
44423,215,213,2
44424,296,295,1
44425,165,162,3
44426,122,120,2
44427,197,197,0
44428,366,365,1
44429,217,217,0
44430,283,281,2
44431,111,111,0
44432,215,215,0
44433,280,279,1
44434,128,126,2
44435,659,657,2
44436,140,138,2
44437,130,130,0
44438,510,510,0
44439,154,154,0
44440,534,533,1
44441,222,222,0
44442,873,866,7
44443,350,349,1
44444,174,174,0
44445,326,326,0
44446,124,124,0
44447,36,36,0
44448,92,91,1
44449,122,122,0
44450,495,488,7
44451,283,283,0
44452,298,294,4
44453,93,91,2
44454,158,158,0
44455,151,149,2
44456,237,237,0
44457,111,111,0
44458,142,142,0
44459,138,138,0
44460,161,161,0
44461,129,128,1
44462,173,172,1
44463,174,172,2
44464,171,171,0
44465,596,594,2
44466,294,291,3
44467,161,161,0
44468,162,161,1
44469,275,274,1
44470,346,346,0
44471,453,452,1
44472,228,227,1
44473,701,697,4
44474,391,390,1
44475,146,143,3
44476,165,165,0
44477,334,330,4
44478,310,308,2
44479,275,266,9
44480,245,241,4
44481,159,158,1
44482,134,134,0
44483,111,111,0
44484,683,683,0
44485,511,507,4
44486,280,280,0
44487,367,364,3
44488,322,321,1
44489,114,113,1
44490,125,124,1
44491,207,201,6
44492,126,126,0
44493,748,741,7
44494,214,211,3
44495,189,189,0
44496,627,618,9
44497,415,415,0
44498,77,77,0
44499,419,414,5
44500,117,117,0
44501,168,163,5
44502,274,271,3
44503,151,151,0
44504,717,716,1
44505,271,269,2
44506,491,490,1
44507,504,504,0
44508,135,134,1
44509,281,281,0
44510,380,380,0
44511,337,336,1
44512,143,142,1
44513,189,189,0
44514,185,184,1
44515,154,154,0
44516,284,280,4
44517,253,249,4
44518,120,119,1
44519,167,167,0
44520,248,248,0
44521,446,444,2
44522,126,122,4
44523,188,188,0
44524,40,40,0
44525,49,49,0
44526,133,132,1
44527,323,319,4
44528,400,396,4
44529,116,114,2
44530,171,170,1
44531,548,548,0
44532,281,281,0
44533,130,130,0
44534,125,125,0
44535,185,185,0
44536,123,122,1
44537,93,93,0
44538,143,143,0
44539,477,476,1
44540,315,310,5
44541,226,224,2
44542,169,167,2
44543,1029,1021,8
44544,126,126,0
44545,126,126,0
44546,136,136,0
44547,167,164,3
44548,189,188,1
44549,170,169,1
44550,199,198,1
44551,190,190,0
44552,175,173,2
44553,438,437,1
44554,991,990,1
44555,195,195,0
44556,213,209,4
44557,144,144,0
44558,132,132,0
44559,141,140,1
44560,217,215,2
44561,165,156,9
44562,180,178,2
44563,179,177,2
44564,121,121,0
44565,159,157,2
44566,206,205,1
44567,247,246,1
44568,918,915,3
44569,177,174,3
44570,392,388,4
44571,46,46,0
44572,154,153,1
44573,114,113,1
44574,334,330,4
44575,233,233,0
44576,130,130,0
44577,374,370,4
44578,82,81,1
44579,53,53,0
44580,554,551,3
44581,31,30,1
44582,363,358,5
44583,549,547,2
44584,109,109,0
44585,331,329,2
44586,536,530,6
44587,302,301,1
44588,126,126,0
44589,180,180,0
44590,405,404,1
44591,145,144,1
44592,214,213,1
44593,142,142,0
44594,175,175,0
44595,256,256,0
44596,68,68,0
44597,93,92,1
44598,253,253,0
44599,216,215,1
44600,235,232,3
44601,149,149,0
44602,232,231,1
44603,146,146,0
44604,124,123,1
44605,233,230,3
44606,688,679,9
44607,6,6,0
44608,140,140,0
44609,114,114,0
44610,247,247,0
44611,147,147,0
44612,211,210,1
44613,134,132,2
44614,210,205,5
44615,177,177,0
44616,53,53,0
44617,185,185,0
44618,163,160,3
44619,108,108,0
44620,189,189,0
44621,58,57,1
44622,239,237,2
44623,481,479,2
44624,445,440,5
44625,127,127,0
44626,143,143,0
44627,504,504,0
44628,166,164,2
44629,125,124,1
44630,252,250,2
44631,229,224,5
44632,124,124,0
44633,316,314,2
44634,185,185,0
44635,154,152,2
44636,291,286,5
44637,130,129,1
44638,184,184,0
44639,288,284,4
44640,365,355,10
44641,219,219,0
44642,541,536,5
44643,309,309,0
44644,361,360,1
44645,134,133,1
44646,237,235,2
44647,135,134,1
44648,161,161,0
44649,140,137,3
44650,155,155,0
44651,156,156,0
44652,146,146,0
44653,172,170,2
44654,254,254,0
44655,360,358,2
44656,321,316,5
44657,159,159,0
44658,174,173,1
44659,407,403,4
44660,160,158,2
44661,248,245,3
44662,212,212,0
44663,299,297,2
44664,144,141,3
44665,170,170,0
44666,498,497,1
44667,242,239,3
44668,51,51,0
44669,303,295,8
44670,501,500,1
44671,148,147,1
44672,59,59,0
44673,117,115,2
44674,238,237,1
44675,122,122,0
44676,169,169,0
44677,59,59,0
44678,167,165,2
44679,131,131,0
44680,350,340,10
44681,97,97,0
44682,312,309,3
44683,217,214,3
44684,148,147,1
44685,138,138,0
44686,111,111,0
44687,111,111,0
44688,98,97,1
44689,121,121,0
44690,264,262,2
44691,356,356,0
44692,572,572,0
44693,416,416,0
44694,144,143,1
44695,235,235,0
44696,172,172,0
44697,112,112,0
44698,304,303,1
44699,235,233,2
44700,552,551,1
44701,61,61,0
44702,92,91,1
44703,115,115,0
44704,117,116,1
44705,589,586,3
44706,54,54,0
44707,104,104,0
44708,32,32,0
44709,73,73,0
44710,107,107,0
44711,37,37,0
44712,110,109,1
44713,207,206,1
44714,57,57,0
44715,62,61,1
44716,129,128,1
44717,89,88,1
44718,64,64,0
44719,216,216,0
44720,277,276,1
44721,396,394,2
44722,207,203,4
44723,330,329,1
44724,293,290,3
44725,195,195,0
44726,369,369,0
44727,31,31,0
44728,158,158,0
44729,53,53,0
44730,57,57,0
44731,126,124,2
44732,121,119,2
44733,175,174,1
44734,296,295,1
44735,266,265,1
44736,222,222,0
44737,160,159,1
44738,142,142,0
44739,113,113,0
44740,170,169,1
44741,63,62,1
44742,414,412,2
44743,890,883,7
44744,163,163,0
44745,141,141,0
44746,179,179,0
44747,416,413,3
44748,49,48,1
44749,61,60,1
44750,113,112,1
44751,102,102,0
44752,161,161,0
44753,225,224,1
44754,182,181,1
44755,224,223,1
44756,136,135,1
44757,425,422,3
44758,293,292,1
44759,353,350,3
44760,143,143,0
44761,127,127,0
44762,197,193,4
44763,654,650,4
44764,312,310,2
44765,192,192,0
44766,242,240,2
44767,492,476,16
44768,93,91,2
44769,157,157,0
44770,134,133,1
44771,198,198,0
44772,248,248,0
44773,308,306,2
44774,128,127,1
44775,165,164,1
44776,359,350,9
44777,202,200,2
44778,141,141,0
44779,142,141,1
44780,162,161,1
44781,119,118,1
44782,192,191,1
44783,187,187,0
44784,213,213,0
44785,762,756,6
44786,311,311,0
44787,317,315,2
44788,251,250,1
44789,195,195,0
44790,119,119,0
44791,333,332,1
44792,423,423,0
44793,627,626,1
44794,768,765,3
44795,250,250,0
44796,119,119,0
44797,188,187,1
44798,553,553,0
44799,377,372,5
44800,250,249,1
44801,194,193,1
44802,73,73,0
44803,274,273,1
44804,144,144,0
44805,209,209,0
44806,415,413,2
44807,264,264,0
44808,146,146,0
44809,113,113,0
44810,556,553,3
44811,137,137,0
44812,168,166,2
44813,231,231,0
44814,99,99,0
44815,157,157,0
44816,124,124,0
44817,183,181,2
44818,142,140,2
44819,128,128,0
44820,113,113,0
44821,214,214,0
44822,283,282,1
44823,271,267,4
44824,195,194,1
44825,144,143,1
44826,36,36,0
44827,54,54,0
44828,140,139,1
44829,197,196,1
44830,156,154,2
44831,168,168,0
44832,128,128,0
44833,178,176,2
44834,1010,1003,7
44835,387,386,1
44836,677,675,2
44837,443,443,0
44838,289,288,1
44839,300,300,0
44840,165,165,0
44841,49,49,0
44842,277,277,0
44843,150,148,2
44844,503,500,3
44845,131,131,0
44846,150,150,0
44847,433,432,1
44848,151,151,0
44849,159,159,0
44850,232,230,2
44851,867,866,1
44852,164,164,0
44853,106,106,0
44854,91,91,0
44855,163,162,1
44856,333,331,2
44857,128,128,0
44858,688,687,1
44859,314,311,3
44860,309,309,0
44861,256,255,1
44862,936,926,10
44863,78,78,0
44864,54,54,0
44865,124,124,0
44866,603,602,1
44867,95,95,0
44868,41,41,0
44869,269,269,0
44870,162,162,0
44871,240,237,3
44872,51,51,0
44873,116,116,0
44874,108,107,1
44875,53,53,0
44876,103,103,0
44877,363,361,2
44878,198,198,0
44879,394,394,0
44880,158,158,0
44881,137,136,1
44882,193,192,1
44883,198,198,0
44884,367,365,2
44885,259,258,1
44886,271,271,0
44887,95,95,0
44888,424,422,2
44889,428,428,0
44890,598,598,0
44891,273,271,2
44892,140,140,0
44893,382,382,0
44894,207,207,0
44895,225,225,0
44896,124,123,1
44897,226,226,0
44898,179,179,0
44899,51,51,0
44900,163,163,0
44901,191,191,0
44902,140,140,0
44903,638,636,2
44904,603,603,0
44905,190,190,0
44906,130,130,0
44907,187,177,10
44908,125,124,1
44909,132,132,0
44910,148,148,0
44911,303,303,0
44912,122,117,5
44913,159,159,0
44914,152,146,6
44915,116,114,2
44916,253,251,2
44917,190,188,2
44918,128,125,3
44919,299,298,1
44920,145,145,0
44921,162,161,1
44922,162,162,0
44923,182,181,1
44924,119,119,0
44925,71,70,1
44926,126,125,1
44927,220,217,3
44928,99,99,0
44929,237,236,1
44930,358,358,0
44931,159,159,0
44932,173,172,1
44933,32,31,1
44934,109,109,0
44935,179,178,1
44936,124,124,0
44937,119,118,1
44938,35,35,0
44939,225,225,0
44940,152,152,0
44941,131,130,1
44942,197,195,2
44943,60,60,0
44944,145,142,3
44945,532,530,2
44946,118,117,1
44947,190,190,0
44948,51,51,0
44949,208,207,1
44950,447,445,2
44951,109,109,0
44952,261,259,2
44953,249,246,3
44954,220,218,2
44955,189,189,0
44956,113,112,1
44957,208,207,1
44958,118,118,0
44959,117,117,0
44960,102,102,0
44961,334,332,2
44962,205,204,1
44963,259,256,3
44964,293,291,2
44965,180,172,8
44966,119,117,2
44967,373,372,1
44968,216,214,2
44969,352,352,0
44970,451,448,3
44971,583,574,9
44972,142,141,1
44973,98,98,0
44974,251,249,2
44975,192,192,0
44976,130,129,1
44977,436,435,1
44978,130,129,1
44979,185,185,0
44980,218,218,0
44981,216,216,0
44982,128,127,1
44983,100,96,4
44984,544,542,2
44985,179,177,2
44986,326,321,5
44987,224,223,1
44988,180,179,1
44989,199,195,4
44990,79,79,0
44991,132,132,0
44992,100,99,1
44993,130,129,1
44994,128,128,0
44995,122,122,0
44996,240,236,4
44997,108,108,0
44998,120,119,1
44999,797,792,5
45000,187,187,0
45001,131,130,1
45002,193,191,2
45003,441,438,3
45004,118,117,1
45005,210,210,0
45006,332,326,6
45007,185,185,0
45008,479,477,2
45009,159,158,1
45010,134,132,2
45011,104,103,1
45012,81,81,0
45013,142,139,3
45014,83,83,0
45015,176,175,1
45016,263,263,0
45017,165,165,0
45018,168,167,1
45019,123,121,2
45020,129,129,0
45021,401,400,1
45022,169,169,0
45023,646,643,3
45024,935,929,6
45025,106,99,7
45026,768,757,11
45027,165,163,2
45028,146,145,1
45029,161,159,2
45030,101,98,3
45031,130,129,1
45032,52,49,3
45033,202,202,0
45034,63,63,0
45035,276,276,0
45036,378,364,14
45037,379,377,2
45038,73,73,0
45039,157,157,0
45040,117,117,0
45041,216,213,3
45042,135,135,0
45043,40,40,0
45044,284,282,2
45045,259,259,0
45046,513,513,0
45047,268,265,3
45048,187,187,0
45049,915,905,10
45050,221,221,0
45051,64,64,0
45052,898,897,1
45053,159,158,1
45054,156,156,0
45055,308,299,9
45056,196,196,0
45057,249,248,1
45058,598,597,1
45059,143,142,1
45060,671,670,1
45061,157,154,3
45062,38,38,0
45063,185,183,2
45064,234,234,0
45065,441,439,2
45066,197,197,0
45067,82,80,2
45068,174,173,1
45069,118,118,0
45070,343,340,3
45071,183,177,6
45072,83,83,0
45073,467,453,14
45074,242,231,11
45075,311,309,2
45076,156,156,0
45077,500,498,2
45078,251,251,0
45079,153,152,1
45080,128,128,0
45081,233,232,1
45082,197,195,2
45083,216,212,4
45084,189,189,0
45085,482,480,2
45086,193,193,0
45087,95,95,0
45088,259,258,1
45089,186,186,0
45090,359,359,0
45091,186,186,0
45092,197,196,1
45093,270,269,1
45094,218,216,2
45095,147,147,0
45096,605,605,0
45097,140,140,0
45098,325,323,2
45099,286,286,0
45100,367,365,2
45101,118,114,4
45102,331,330,1
45103,298,297,1
45104,348,346,2
45105,233,233,0
45106,167,167,0
45107,153,151,2
45108,241,241,0
45109,287,286,1
45110,191,191,0
45111,169,168,1
45112,182,182,0
45113,590,587,3
45114,138,138,0
45115,140,139,1
45116,545,543,2
45117,131,131,0
45118,203,201,2
45119,104,103,1
45120,109,109,0
45121,310,309,1
45122,217,217,0
45123,251,251,0
45124,149,149,0
45125,161,160,1
45126,106,106,0
45127,336,336,0
45128,127,127,0
45129,179,179,0
45130,145,145,0
45131,133,132,1
45132,507,507,0
45133,105,103,2
45134,190,190,0
45135,369,369,0
45136,307,307,0
45137,324,323,1
45138,558,556,2
45139,591,590,1
45140,100,100,0
45141,140,140,0
45142,158,158,0
45143,296,293,3
45144,336,335,1
45145,369,368,1
45146,154,154,0
45147,235,232,3
45148,148,148,0
45149,353,352,1
45150,159,159,0
45151,214,211,3
45152,116,116,0
45153,131,129,2
45154,440,433,7
45155,149,149,0
45156,213,211,2
45157,423,422,1
45158,164,164,0
45159,303,298,5
45160,824,811,13
45161,308,308,0
45162,114,113,1
45163,123,123,0
45164,139,138,1
45165,114,111,3
45166,286,286,0
45167,157,157,0
45168,120,120,0
45169,536,531,5
45170,244,244,0
45171,120,120,0
45172,209,209,0
45173,231,230,1
45174,120,120,0
45175,417,415,2
45176,415,410,5
45177,121,114,7
45178,560,559,1
45179,145,143,2
45180,262,252,10
45181,190,190,0
45182,297,297,0
45183,193,186,7
45184,690,685,5
45185,190,190,0
45186,228,227,1
45187,200,200,0
45188,324,323,1
45189,360,360,0
45190,545,541,4
45191,652,646,6
45192,307,306,1
45193,76,76,0
45194,43,43,0
45195,174,174,0
45196,368,368,0
45197,145,144,1
45198,51,51,0
45199,498,495,3
45200,199,199,0
45201,117,117,0
45202,313,310,3
45203,137,137,0
45204,141,141,0
45205,291,291,0
45206,142,140,2
45207,100,100,0
45208,146,142,4
45209,90,90,0
45210,445,444,1
45211,563,559,4
45212,280,279,1
45213,262,262,0
45214,124,124,0
45215,138,138,0
45216,302,302,0
45217,164,164,0
45218,435,435,0
45219,238,234,4
45220,190,190,0
45221,285,279,6
45222,138,132,6
45223,94,91,3
45224,423,420,3
45225,106,106,0
45226,105,104,1
45227,538,537,1
45228,395,393,2
45229,173,172,1
45230,153,153,0
45231,66,66,0
45232,109,109,0
45233,340,338,2
45234,110,110,0
45235,178,178,0
45236,114,114,0
45237,46,46,0
45238,145,145,0
45239,157,156,1
45240,214,213,1
45241,459,458,1
45242,1099,1092,7
45243,410,410,0
45244,297,292,5
45245,108,107,1
45246,250,250,0
45247,298,298,0
45248,210,210,0
45249,127,125,2
45250,410,407,3
45251,122,122,0
45252,196,195,1
45253,321,319,2
45254,177,176,1
45255,592,588,4
45256,155,155,0
45257,119,118,1
45258,192,191,1
45259,536,526,10
45260,256,256,0
45261,206,204,2
45262,387,387,0
45263,223,223,0
45264,387,386,1
45265,142,141,1
45266,297,297,0
45267,125,125,0
45268,563,561,2
45269,252,250,2
45270,556,555,1
45271,149,149,0
45272,65,64,1
45273,109,108,1
45274,417,415,2
45275,159,158,1
45276,118,118,0
45277,353,352,1
45278,463,457,6
45279,233,231,2
45280,278,271,7
45281,108,108,0
45282,207,204,3
45283,229,229,0
45284,298,297,1
45285,110,110,0
45286,397,396,1
45287,149,148,1
45288,163,160,3
45289,209,209,0
45290,144,144,0
45291,145,145,0
45292,471,471,0
45293,146,145,1
45294,289,288,1
45295,183,182,1
45296,231,230,1
45297,125,125,0
45298,106,106,0
45299,153,153,0
45300,182,181,1
45301,830,821,9
45302,404,403,1
45303,119,119,0
45304,209,209,0
45305,282,280,2
45306,125,124,1
45307,409,401,8
45308,160,160,0
45309,130,130,0
45310,229,224,5
45311,67,67,0
45312,107,107,0
45313,284,284,0
45314,987,981,6
45315,114,114,0
45316,135,132,3
45317,111,111,0
45318,286,285,1
45319,297,297,0
45320,169,169,0
45321,148,147,1
45322,267,266,1
45323,169,166,3
45324,117,115,2
45325,183,182,1
45326,288,287,1
45327,137,137,0
45328,580,575,5
45329,130,129,1
45330,129,127,2
45331,173,173,0
45332,261,261,0
45333,143,143,0
45334,444,443,1
45335,155,155,0
45336,598,594,4
45337,316,313,3
45338,132,132,0
45339,291,291,0
45340,145,144,1
45341,481,478,3
45342,179,179,0
45343,160,160,0
45344,108,108,0
45345,151,151,0
45346,286,285,1
45347,204,203,1
45348,337,334,3
45349,247,245,2
45350,141,141,0
45351,403,403,0
45352,184,184,0
45353,207,206,1
45354,134,133,1
45355,268,268,0
45356,298,295,3
45357,75,75,0
45358,86,85,1
45359,104,104,0
45360,197,197,0
45361,283,282,1
45362,144,144,0
45363,182,180,2
45364,86,84,2
45365,165,165,0
45366,313,311,2
45367,262,256,6
45368,444,440,4
45369,191,190,1
45370,141,141,0
45371,161,161,0
45372,98,98,0
45373,226,225,1
45374,197,196,1
45375,812,803,9
45376,80,80,0
45377,120,120,0
45378,287,286,1
45379,297,297,0
45380,477,476,1
45381,605,602,3
45382,121,120,1
45383,354,353,1
45384,216,216,0
45385,267,267,0
45386,86,85,1
45387,301,300,1
45388,139,139,0
45389,981,980,1
45390,130,129,1
45391,161,161,0
45392,224,223,1
45393,148,147,1
45394,112,112,0
45395,100,100,0
45396,175,175,0
45397,105,103,2
45398,139,139,0
45399,161,161,0
45400,188,187,1
45401,74,73,1
45402,74,72,2
45403,62,62,0
45404,139,138,1
45405,143,141,2
45406,130,128,2
45407,231,227,4
45408,442,441,1
45409,162,161,1
45410,124,124,0
45411,239,238,1
45412,339,339,0
45413,189,187,2
45414,177,176,1
45415,204,203,1
45416,181,181,0
45417,398,396,2
45418,92,92,0
45419,264,264,0
45420,229,227,2
45421,158,157,1
45422,124,123,1
45423,134,133,1
45424,132,132,0
45425,205,201,4
45426,382,379,3
45427,126,126,0
45428,126,123,3
45429,490,488,2
45430,177,175,2
45431,125,125,0
45432,269,268,1
45433,116,116,0
45434,422,419,3
45435,211,210,1
45436,906,895,11
45437,134,134,0
45438,115,114,1
45439,434,432,2
45440,140,139,1
45441,185,185,0
45442,145,145,0
45443,515,511,4
45444,38,35,3
45445,167,167,0
45446,188,188,0
45447,96,96,0
45448,67,67,0
45449,404,400,4
45450,378,375,3
45451,132,131,1
45452,88,87,1
45453,95,95,0
45454,368,368,0
45455,185,183,2
45456,145,145,0
45457,227,227,0
45458,189,188,1
45459,1011,1003,8
45460,267,265,2
45461,141,141,0
45462,443,443,0
45463,145,145,0
45464,197,197,0
45465,923,921,2
45466,143,143,0
45467,327,327,0
45468,129,129,0
45469,132,132,0
45470,49,48,1
45471,121,121,0
45472,149,147,2
45473,270,270,0
45474,409,408,1
45475,355,346,9
45476,229,227,2
45477,115,114,1
45478,172,171,1
45479,129,129,0
45480,384,380,4
45481,127,127,0
45482,426,424,2
45483,326,324,2
45484,342,327,15
45485,438,436,2
45486,121,121,0
45487,167,167,0
45488,191,190,1
45489,361,358,3
45490,212,210,2
45491,363,360,3
45492,331,329,2
45493,198,197,1
45494,138,138,0
45495,161,161,0
45496,265,263,2
45497,265,260,5
45498,120,120,0
45499,178,177,1
45500,202,201,1
45501,210,208,2
45502,143,141,2
45503,117,115,2
45504,559,558,1
45505,182,182,0
45506,122,121,1
45507,241,241,0
45508,142,140,2
45509,135,135,0
45510,175,174,1
45511,123,119,4
45512,937,935,2
45513,330,326,4
45514,270,267,3
45515,332,331,1
45516,223,221,2
45517,183,179,4
45518,544,542,2
45519,328,328,0
45520,216,216,0
45521,732,726,6
45522,279,270,9
45523,132,132,0
45524,568,568,0
45525,359,358,1
45526,553,548,5
45527,254,252,2
45528,163,163,0
45529,89,89,0
45530,78,78,0
45531,368,368,0
45532,110,110,0
45533,118,118,0
45534,62,62,0
45535,177,177,0
45536,134,134,0
45537,152,150,2
45538,213,212,1
45539,124,124,0
45540,119,119,0
45541,174,173,1
45542,400,400,0
45543,144,144,0
45544,86,86,0
45545,172,171,1
45546,169,169,0
45547,111,111,0
45548,542,539,3
45549,208,206,2
45550,691,691,0
45551,217,217,0
45552,62,61,1
45553,153,153,0
45554,143,143,0
45555,379,377,2
45556,109,109,0
45557,174,174,0
45558,126,125,1
45559,225,225,0
45560,74,74,0
45561,682,673,9
45562,275,275,0
45563,101,100,1
45564,292,291,1
45565,112,112,0
45566,132,132,0
45567,488,487,1
45568,318,312,6
45569,241,240,1
45570,163,162,1
45571,582,578,4
45572,210,210,0
45573,157,157,0
45574,851,851,0
45575,265,264,1
45576,108,103,5
45577,389,389,0
45578,357,353,4
45579,249,247,2
45580,117,117,0
45581,160,160,0
45582,192,189,3
45583,290,286,4
45584,121,119,2
45585,119,119,0
45586,404,403,1
45587,77,77,0
45588,136,136,0
45589,63,63,0
45590,46,46,0
45591,57,56,1
45592,135,135,0
45593,119,118,1
45594,228,227,1
45595,198,198,0
45596,98,98,0
45597,161,157,4
45598,121,119,2
45599,158,158,0
45600,91,91,0
45601,823,820,3
45602,289,289,0
45603,152,151,1
45604,181,181,0
45605,282,282,0
45606,144,143,1
45607,204,202,2
45608,129,127,2
45609,228,219,9
45610,244,244,0
45611,83,81,2
45612,127,126,1
45613,128,128,0
45614,477,477,0
45615,156,156,0
45616,140,138,2
45617,129,128,1
45618,215,210,5
45619,170,169,1
45620,158,157,1
45621,135,135,0
45622,215,214,1
45623,191,191,0
45624,46,46,0
45625,154,153,1
45626,120,119,1
45627,220,203,17
45628,322,319,3
45629,224,219,5
45630,106,105,1
45631,177,177,0
45632,125,125,0
45633,193,192,1
45634,144,142,2
45635,317,316,1
45636,429,424,5
45637,145,144,1
45638,380,378,2
45639,341,340,1
45640,442,440,2
45641,375,374,1
45642,518,515,3
45643,234,234,0
45644,157,157,0
45645,121,118,3
45646,134,132,2
45647,46,46,0
45648,186,186,0
45649,173,172,1
45650,124,124,0
45651,164,163,1
45652,218,217,1
45653,374,373,1
45654,98,98,0
45655,145,145,0
45656,706,705,1
45657,182,180,2
45658,197,197,0
45659,137,137,0
45660,108,107,1
45661,134,132,2
45662,284,283,1
45663,111,111,0
45664,499,499,0
45665,177,175,2
45666,378,376,2
45667,192,191,1
45668,170,170,0
45669,213,213,0
45670,386,383,3
45671,305,292,13
45672,374,360,14
45673,177,176,1
45674,212,209,3
45675,132,131,1
45676,577,570,7
45677,195,194,1
45678,305,303,2
45679,322,318,4
45680,90,90,0
45681,199,199,0
45682,507,506,1
45683,169,169,0
45684,245,243,2
45685,66,64,2
45686,748,739,9
45687,874,867,7
45688,175,174,1
45689,145,145,0
45690,117,116,1
45691,154,153,1
45692,33,33,0
45693,104,104,0
45694,393,389,4
45695,200,196,4
45696,52,52,0
45697,347,342,5
45698,120,119,1
45699,239,236,3
45700,460,458,2
45701,540,537,3
45702,209,208,1
45703,397,397,0
45704,489,489,0
45705,171,169,2
45706,104,102,2
45707,122,122,0
45708,91,91,0
45709,919,918,1
45710,367,367,0
45711,152,152,0
45712,138,137,1
45713,119,118,1
45714,161,161,0
45715,302,301,1
45716,170,170,0
45717,156,155,1
45718,89,89,0
45719,290,289,1
45720,155,154,1
45721,122,122,0
45722,141,140,1
45723,107,106,1
45724,68,67,1
45725,193,193,0
45726,137,135,2
45727,160,159,1
45728,316,312,4
45729,740,732,8
45730,338,337,1
45731,174,173,1
45732,203,202,1
45733,87,86,1
45734,69,69,0
45735,485,484,1
45736,311,310,1
45737,407,403,4
45738,206,206,0
45739,476,468,8
45740,183,183,0
45741,113,113,0
45742,140,139,1
45743,116,116,0
45744,404,403,1
45745,123,122,1
45746,244,244,0
45747,438,433,5
45748,225,224,1
45749,377,377,0
45750,724,722,2
45751,137,137,0
45752,160,159,1
45753,191,191,0
45754,935,935,0
45755,154,154,0
45756,181,181,0
45757,174,174,0
45758,289,289,0
45759,566,565,1
45760,652,646,6
45761,68,68,0
45762,181,181,0
45763,96,95,1
45764,228,228,0
45765,145,145,0
45766,162,162,0
45767,377,375,2
45768,156,155,1
45769,209,209,0
45770,119,118,1
45771,435,430,5
45772,74,72,2
45773,90,89,1
45774,123,122,1
45775,143,141,2
45776,176,173,3
45777,55,55,0
45778,158,157,1
45779,190,190,0
45780,140,140,0
45781,191,183,8
45782,306,303,3
45783,354,351,3
45784,194,194,0
45785,207,207,0
45786,151,143,8
45787,107,107,0
45788,314,314,0
45789,174,174,0
45790,225,225,0
45791,127,125,2
45792,127,127,0
45793,153,153,0
45794,98,98,0
45795,158,156,2
45796,132,131,1
45797,270,267,3
45798,125,125,0
45799,148,147,1
45800,221,221,0
45801,345,344,1
45802,191,189,2
45803,181,181,0
45804,371,371,0
45805,146,144,2
45806,346,344,2
45807,216,216,0
45808,248,245,3
45809,188,188,0
45810,176,175,1
45811,46,46,0
45812,163,163,0
45813,154,154,0
45814,250,250,0
45815,142,140,2
45816,140,138,2
45817,129,129,0
45818,137,137,0
45819,125,125,0
45820,151,148,3
45821,992,985,7
45822,151,151,0
45823,271,271,0
45824,259,258,1
45825,225,225,0
45826,610,609,1
45827,290,290,0
45828,200,200,0
45829,125,124,1
45830,148,148,0
45831,802,800,2
45832,310,305,5
45833,579,576,3
45834,59,59,0
45835,120,120,0
45836,155,155,0
45837,173,170,3
45838,387,386,1
45839,229,229,0
45840,261,260,1
45841,612,612,0
45842,492,488,4
45843,274,272,2
45844,184,184,0
45845,341,339,2
45846,336,335,1
45847,143,143,0
45848,75,75,0
45849,173,171,2
45850,169,163,6
45851,141,141,0
45852,201,199,2
45853,114,114,0
45854,395,392,3
45855,469,468,1
45856,128,128,0
45857,205,202,3
45858,460,457,3
45859,143,141,2
45860,288,288,0
45861,188,182,6
45862,548,547,1
45863,128,124,4
45864,189,189,0
45865,137,135,2
45866,177,176,1
45867,93,93,0
45868,146,141,5
45869,106,102,4
45870,112,112,0
45871,197,197,0
45872,161,161,0
45873,103,103,0
45874,299,299,0
45875,48,48,0
45876,130,128,2
45877,96,96,0
45878,340,335,5
45879,144,143,1
45880,84,84,0
45881,104,104,0
45882,50,50,0
45883,168,164,4
45884,84,84,0
45885,123,123,0
45886,104,103,1
45887,185,183,2
45888,111,110,1
45889,132,132,0
45890,158,158,0
45891,332,331,1
45892,180,180,0
45893,292,292,0
45894,49,47,2
45895,407,405,2
45896,79,78,1
45897,382,382,0
45898,380,377,3
45899,434,429,5
45900,188,186,2
45901,126,126,0
45902,170,169,1
45903,207,207,0
45904,214,211,3
45905,208,205,3
45906,76,76,0
45907,251,251,0
45908,123,122,1
45909,274,274,0
45910,261,260,1
45911,921,919,2
45912,614,610,4
45913,196,194,2
45914,238,238,0
45915,271,271,0
45916,454,452,2
45917,168,166,2
45918,169,168,1
45919,319,318,1
45920,69,68,1
45921,211,209,2
45922,136,135,1
45923,701,696,5
45924,425,424,1
45925,555,553,2
45926,285,282,3
45927,89,89,0
45928,150,150,0
45929,28,28,0
45930,48,48,0
45931,111,111,0
45932,116,116,0
45933,122,122,0
45934,46,45,1
45935,119,119,0
45936,227,227,0
45937,579,570,9
45938,50,50,0
45939,149,149,0
45940,110,109,1
45941,53,53,0
45942,193,192,1
45943,346,346,0
45944,222,221,1
45945,256,256,0
45946,137,137,0
45947,556,554,2
45948,758,754,4
45949,170,167,3
45950,206,206,0
45951,212,211,1
45952,336,336,0
45953,114,112,2
45954,674,668,6
45955,761,756,5
45956,341,341,0
45957,125,125,0
45958,226,225,1
45959,46,46,0
45960,162,160,2
45961,126,124,2
45962,564,559,5
45963,102,102,0
45964,131,129,2
45965,126,125,1
45966,210,209,1
45967,154,153,1
45968,677,673,4
45969,210,210,0
45970,127,126,1
45971,375,369,6
45972,280,279,1
45973,168,164,4
45974,776,773,3
45975,111,111,0
45976,525,524,1
45977,279,277,2
45978,227,227,0
45979,154,154,0
45980,141,141,0
45981,179,179,0
45982,125,123,2
45983,237,236,1
45984,132,131,1
45985,106,104,2
45986,121,121,0
45987,169,169,0
45988,228,228,0
45989,126,125,1
45990,231,231,0
45991,211,210,1
45992,124,122,2
45993,207,207,0
45994,48,48,0
45995,372,371,1
45996,196,196,0
45997,189,189,0
45998,176,175,1
45999,74,73,1
46000,311,311,0
46001,111,110,1
46002,167,167,0
46003,129,129,0
46004,134,134,0
46005,463,461,2
46006,465,465,0
46007,134,134,0
46008,347,347,0
46009,221,220,1
46010,135,135,0
46011,400,396,4
46012,607,605,2
46013,424,424,0
46014,160,160,0
46015,713,712,1
46016,233,233,0
46017,424,423,1
46018,125,125,0
46019,218,216,2
46020,158,158,0
46021,377,377,0
46022,122,122,0
46023,151,150,1
46024,133,133,0
46025,113,112,1
46026,175,175,0
46027,91,91,0
46028,523,521,2
46029,141,140,1
46030,173,171,2
46031,458,453,5
46032,157,156,1
46033,173,171,2
46034,207,207,0
46035,158,158,0
46036,228,228,0
46037,295,293,2
46038,208,208,0
46039,148,148,0
46040,100,100,0
46041,328,322,6
46042,145,145,0
46043,75,74,1
46044,122,122,0
46045,423,418,5
46046,209,209,0
46047,288,288,0
46048,513,509,4
46049,109,108,1
46050,105,104,1
46051,171,171,0
46052,381,380,1
46053,208,207,1
46054,172,170,2
46055,115,115,0
46056,127,126,1
46057,289,289,0
46058,100,100,0
46059,118,117,1
46060,349,348,1
46061,781,781,0
46062,206,206,0
46063,170,170,0
46064,175,175,0
46065,121,120,1
46066,130,130,0
46067,132,132,0
46068,154,151,3
46069,285,282,3
46070,154,154,0
46071,196,195,1
46072,110,110,0
46073,186,184,2
46074,112,112,0
46075,66,66,0
46076,87,83,4
46077,339,336,3
46078,114,114,0
46079,168,168,0
46080,72,72,0
46081,106,106,0
46082,132,132,0
46083,144,143,1
46084,182,182,0
46085,45,45,0
46086,44,44,0
46087,96,93,3
46088,174,173,1
46089,111,111,0
46090,113,113,0
46091,458,455,3
46092,642,638,4
46093,112,112,0
46094,177,175,2
46095,121,121,0
46096,385,384,1
46097,109,108,1
46098,136,133,3
46099,139,138,1
46100,41,40,1
46101,101,100,1
46102,366,366,0
46103,100,100,0
46104,212,212,0
46105,194,188,6
46106,243,242,1
46107,122,121,1
46108,128,126,2
46109,55,55,0
46110,75,75,0
46111,128,127,1
46112,147,145,2
46113,138,137,1
46114,147,136,11
46115,59,59,0
46116,256,254,2
46117,578,574,4
46118,179,179,0
46119,181,181,0
46120,156,154,2
46121,101,101,0
46122,158,157,1
46123,436,433,3
46124,141,139,2
46125,123,123,0
46126,222,219,3
46127,215,214,1
46128,470,468,2
46129,108,107,1
46130,141,140,1
46131,114,114,0
46132,202,202,0
46133,180,178,2
46134,83,83,0
46135,104,103,1
46136,88,87,1
46137,212,210,2
46138,132,132,0
46139,313,312,1
46140,266,263,3
46141,208,207,1
46142,136,134,2
46143,236,236,0
46144,106,106,0
46145,130,129,1
46146,157,156,1
46147,123,123,0
46148,125,125,0
46149,171,171,0
46150,498,493,5
46151,166,165,1
46152,160,159,1
46153,135,133,2
46154,170,168,2
46155,212,211,1
46156,630,628,2
46157,411,405,6
46158,153,153,0
46159,403,402,1
46160,87,87,0
46161,221,221,0
46162,86,86,0
46163,50,44,6
46164,98,98,0
46165,122,122,0
46166,388,384,4
46167,125,125,0
46168,88,88,0
46169,82,81,1
46170,77,77,0
46171,252,252,0
46172,195,194,1
46173,507,506,1
46174,411,406,5
46175,156,156,0
46176,208,208,0
46177,54,54,0
46178,203,200,3
46179,226,225,1
46180,361,358,3
46181,127,127,0
46182,110,110,0
46183,171,171,0
46184,313,313,0
46185,256,256,0
46186,208,206,2
46187,324,323,1
46188,78,77,1
46189,674,671,3
46190,173,173,0
46191,356,354,2
46192,846,840,6
46193,312,309,3
46194,459,453,6
46195,300,295,5
46196,196,196,0
46197,128,128,0
46198,218,218,0
46199,123,123,0
46200,331,331,0
46201,126,125,1
46202,270,269,1
46203,843,841,2
46204,123,123,0
46205,368,366,2
46206,483,483,0
46207,164,162,2
46208,390,384,6
46209,168,168,0
46210,138,138,0
46211,134,133,1
46212,131,131,0
46213,150,149,1
46214,321,321,0
46215,141,140,1
46216,475,474,1
46217,176,176,0
46218,123,123,0
46219,481,481,0
46220,128,127,1
46221,158,157,1
46222,121,120,1
46223,565,565,0
46224,249,248,1
46225,115,114,1
46226,184,181,3
46227,63,63,0
46228,56,55,1
46229,223,223,0
46230,273,271,2
46231,135,135,0
46232,133,131,2
46233,176,171,5
46234,338,331,7
46235,123,123,0
46236,319,316,3
46237,116,114,2
46238,154,150,4
46239,131,130,1
46240,56,55,1
46241,76,74,2
46242,148,148,0
46243,227,226,1
46244,148,148,0
46245,156,156,0
46246,131,131,0
46247,60,60,0
46248,197,197,0
46249,117,117,0
46250,224,217,7
46251,235,233,2
46252,150,146,4
46253,22,21,1
46254,141,141,0
46255,68,68,0
46256,55,55,0
46257,158,158,0
46258,136,135,1
46259,189,189,0
46260,289,288,1
46261,75,75,0
46262,30,30,0
46263,98,98,0
46264,96,95,1
46265,148,147,1
46266,181,179,2
46267,80,80,0
46268,132,131,1
46269,39,39,0
46270,147,147,0
46271,126,126,0
46272,558,556,2
46273,180,180,0
46274,248,248,0
46275,182,178,4
46276,156,156,0
46277,74,74,0
46278,124,123,1
46279,232,228,4
46280,193,193,0
46281,135,135,0
46282,81,81,0
46283,105,105,0
46284,218,209,9
46285,178,176,2
46286,262,260,2
46287,131,131,0
46288,141,140,1
46289,284,280,4
46290,141,141,0
46291,179,173,6
46292,237,233,4
46293,232,225,7
46294,143,142,1
46295,121,121,0
46296,221,220,1
46297,110,108,2
46298,660,658,2
46299,357,348,9
46300,192,192,0
46301,160,159,1
46302,184,174,10
46303,138,136,2
46304,174,173,1
46305,281,280,1
46306,575,565,10
46307,822,819,3
46308,281,280,1
46309,370,369,1
46310,125,120,5
46311,125,120,5
46312,169,168,1
46313,150,150,0
46314,200,200,0
46315,223,223,0
46316,149,147,2
46317,132,127,5
46318,184,184,0
46319,128,127,1
46320,742,739,3
46321,145,145,0
46322,115,113,2
46323,153,151,2
46324,125,125,0
46325,238,237,1
46326,329,328,1
46327,77,77,0
46328,217,214,3
46329,173,173,0
46330,130,129,1
46331,219,218,1
46332,52,52,0
46333,167,166,1
46334,754,751,3
46335,288,285,3
46336,159,159,0
46337,180,180,0
46338,377,372,5
46339,375,374,1
46340,496,493,3
46341,305,305,0
46342,458,457,1
46343,213,210,3
46344,120,120,0
46345,145,145,0
46346,149,149,0
46347,140,137,3
46348,144,144,0
46349,122,122,0
46350,158,157,1
46351,121,120,1
46352,243,242,1
46353,60,60,0
46354,152,151,1
46355,237,237,0
46356,65,65,0
46357,53,53,0
46358,53,52,1
46359,124,124,0
46360,76,76,0
46361,39,38,1
46362,134,132,2
46363,52,52,0
46364,157,157,0
46365,168,166,2
46366,80,77,3
46367,56,56,0
46368,132,130,2
46369,47,47,0
46370,120,119,1
46371,287,287,0
46372,579,577,2
46373,70,70,0
46374,307,299,8
46375,155,155,0
46376,131,130,1
46377,592,588,4
46378,144,144,0
46379,91,89,2
46380,73,73,0
46381,139,139,0
46382,196,194,2
46383,222,222,0
46384,150,148,2
46385,229,229,0
46386,440,431,9
46387,154,153,1
46388,85,84,1
46389,202,202,0
46390,194,194,0
46391,127,125,2
46392,109,109,0
46393,269,269,0
46394,186,186,0
46395,113,113,0
46396,159,159,0
46397,228,228,0
46398,440,437,3
46399,219,219,0
46400,112,111,1
46401,575,570,5
46402,628,624,4
46403,253,253,0
46404,168,168,0
46405,149,149,0
46406,155,150,5
46407,205,205,0
46408,257,257,0
46409,189,188,1
46410,254,251,3
46411,120,120,0
46412,234,234,0
46413,115,115,0
46414,152,150,2
46415,559,552,7
46416,288,282,6
46417,122,122,0
46418,204,203,1
46419,76,74,2
46420,160,160,0
46421,222,222,0
46422,127,127,0
46423,75,74,1
46424,246,242,4
46425,122,121,1
46426,61,60,1
46427,187,186,1
46428,96,96,0
46429,127,126,1
46430,277,274,3
46431,157,157,0
46432,115,115,0
46433,366,366,0
46434,117,117,0
46435,119,119,0
46436,111,111,0
46437,305,304,1
46438,149,149,0
46439,119,118,1
46440,224,222,2
46441,135,135,0
46442,284,282,2
46443,576,575,1
46444,177,177,0
46445,226,226,0
46446,134,134,0
46447,122,122,0
46448,140,140,0
46449,164,164,0
46450,325,325,0
46451,207,206,1
46452,188,188,0
46453,323,319,4
46454,151,151,0
46455,250,250,0
46456,284,280,4
46457,231,231,0
46458,105,105,0
46459,172,171,1
46460,229,228,1
46461,126,123,3
46462,112,111,1
46463,111,111,0
46464,146,145,1
46465,228,228,0
46466,132,132,0
46467,117,115,2
46468,93,92,1
46469,121,121,0
46470,138,132,6
46471,124,123,1
46472,357,357,0
46473,113,111,2
46474,216,215,1
46475,290,290,0
46476,196,196,0
46477,121,119,2
46478,201,201,0
46479,59,59,0
46480,178,178,0
46481,266,265,1
46482,698,692,6
46483,154,153,1
46484,411,410,1
46485,382,377,5
46486,130,130,0
46487,246,246,0
46488,62,62,0
46489,897,892,5
46490,77,75,2
46491,249,246,3
46492,253,251,2
46493,82,80,2
46494,63,63,0
46495,358,358,0
46496,224,224,0
46497,135,135,0
46498,131,129,2
46499,6,6,0
46500,330,324,6
46501,127,127,0
46502,258,257,1
46503,44,44,0
46504,132,131,1
46505,387,387,0
46506,95,94,1
46507,106,104,2
46508,384,381,3
46509,1024,1019,5
46510,117,117,0
46511,62,62,0
46512,119,119,0
46513,473,471,2
46514,131,131,0
46515,130,130,0
46516,159,158,1
46517,222,220,2
46518,142,142,0
46519,387,385,2
46520,49,49,0
46521,129,129,0
46522,113,112,1
46523,129,129,0
46524,244,244,0
46525,157,156,1
46526,164,163,1
46527,914,906,8
46528,198,197,1
46529,189,188,1
46530,625,623,2
46531,185,185,0
46532,295,290,5
46533,289,287,2
46534,130,129,1
46535,281,281,0
46536,113,113,0
46537,134,133,1
46538,88,88,0
46539,252,249,3
46540,116,116,0
46541,174,174,0
46542,422,420,2
46543,124,124,0
46544,58,58,0
46545,214,214,0
46546,65,65,0
46547,139,136,3
46548,164,163,1
46549,225,225,0
46550,597,596,1
46551,184,181,3
46552,138,138,0
46553,115,115,0
46554,165,165,0
46555,290,288,2
46556,150,150,0
46557,164,164,0
46558,161,161,0
46559,120,119,1
46560,269,267,2
46561,104,104,0
46562,233,232,1
46563,461,455,6
46564,424,424,0
46565,328,326,2
46566,288,282,6
46567,161,161,0
46568,181,181,0
46569,223,215,8
46570,104,103,1
46571,117,116,1
46572,536,529,7
46573,218,218,0
46574,225,217,8
46575,188,188,0
46576,96,96,0
46577,54,53,1
46578,418,415,3
46579,297,297,0
46580,290,287,3
46581,359,359,0
46582,221,219,2
46583,419,419,0
46584,586,584,2
46585,340,340,0
46586,434,432,2
46587,195,192,3
46588,102,100,2
46589,57,57,0
46590,359,359,0
46591,243,241,2
46592,144,143,1
46593,436,435,1
46594,286,286,0
46595,261,261,0
46596,130,130,0
46597,129,129,0
46598,818,802,16
46599,150,149,1
46600,154,152,2
46601,202,200,2
46602,266,260,6
46603,444,438,6
46604,141,141,0
46605,112,112,0
46606,126,126,0
46607,42,42,0
46608,168,166,2
46609,310,310,0
46610,282,281,1
46611,193,192,1
46612,116,113,3
46613,191,191,0
46614,127,127,0
46615,143,140,3
46616,290,287,3
46617,153,152,1
46618,119,116,3
46619,201,201,0
46620,75,74,1
46621,156,156,0
46622,772,768,4
46623,210,210,0
46624,210,207,3
46625,172,172,0
46626,318,318,0
46627,459,458,1
46628,389,389,0
46629,256,256,0
46630,126,122,4
46631,267,267,0
46632,419,418,1
46633,287,284,3
46634,693,691,2
46635,328,310,18
46636,377,377,0
46637,995,991,4
46638,374,373,1
46639,545,544,1
46640,174,173,1
46641,188,187,1
46642,57,57,0
46643,135,135,0
46644,155,154,1
46645,140,140,0
46646,601,600,1
46647,157,157,0
46648,120,120,0
46649,331,330,1
46650,80,78,2
46651,160,160,0
46652,85,85,0
46653,234,234,0
46654,139,138,1
46655,122,122,0
46656,202,201,1
46657,136,135,1
46658,176,176,0
46659,173,171,2
46660,145,142,3
46661,309,309,0
46662,552,545,7
46663,418,410,8
46664,157,154,3
46665,292,291,1
46666,327,323,4
46667,83,82,1
46668,55,54,1
46669,176,176,0
46670,88,87,1
46671,128,128,0
46672,129,128,1
46673,277,276,1
46674,40,40,0
46675,133,132,1
46676,135,135,0
46677,405,404,1
46678,476,473,3
46679,52,52,0
46680,143,141,2
46681,106,106,0
46682,249,247,2
46683,79,78,1
46684,103,103,0
46685,161,161,0
46686,410,408,2
46687,131,130,1
46688,259,258,1
46689,167,167,0
46690,149,148,1
46691,374,373,1
46692,161,161,0
46693,71,71,0
46694,457,447,10
46695,132,132,0
46696,99,98,1
46697,96,96,0
46698,126,126,0
46699,162,161,1
46700,128,128,0
46701,294,293,1
46702,191,190,1
46703,119,116,3
46704,422,419,3
46705,9,9,0
46706,82,82,0
46707,411,405,6
46708,199,195,4
46709,134,131,3
46710,34,34,0
46711,662,655,7
46712,180,178,2
46713,101,94,7
46714,127,125,2
46715,197,195,2
46716,76,69,7
46717,228,228,0
46718,499,497,2
46719,174,171,3
46720,465,463,2
46721,98,98,0
46722,210,210,0
46723,254,253,1
46724,328,324,4
46725,127,127,0
46726,160,160,0
46727,119,118,1
46728,147,144,3
46729,327,323,4
46730,124,123,1
46731,904,900,4
46732,143,143,0
46733,98,98,0
46734,204,204,0
46735,342,342,0
46736,1021,1018,3
46737,195,195,0
46738,176,174,2
46739,179,179,0
46740,239,235,4
46741,133,130,3
46742,99,99,0
46743,170,169,1
46744,171,170,1
46745,208,207,1
46746,172,171,1
46747,263,262,1
46748,172,172,0
46749,193,191,2
46750,236,234,2
46751,401,400,1
46752,119,117,2
46753,168,165,3
46754,344,342,2
46755,173,170,3
46756,232,229,3
46757,191,191,0
46758,273,273,0
46759,424,417,7
46760,213,212,1
46761,43,41,2
46762,402,400,2
46763,199,197,2
46764,163,162,1
46765,110,110,0
46766,314,311,3
46767,455,450,5
46768,691,682,9
46769,150,150,0
46770,58,58,0
46771,175,175,0
46772,192,191,1
46773,112,111,1
46774,67,67,0
46775,67,67,0
46776,363,363,0
46777,606,605,1
46778,132,132,0
46779,82,82,0
46780,132,132,0
46781,116,115,1
46782,126,126,0
46783,107,107,0
46784,399,396,3
46785,169,168,1
46786,255,254,1
46787,144,144,0
46788,899,897,2
46789,210,210,0
46790,157,155,2
46791,56,56,0
46792,164,164,0
46793,464,461,3
46794,130,130,0
46795,228,224,4
46796,194,193,1
46797,130,127,3
46798,246,246,0
46799,134,132,2
46800,211,211,0
46801,203,203,0
46802,288,288,0
46803,160,159,1
46804,223,223,0
46805,376,376,0
46806,462,460,2
46807,122,122,0
46808,274,273,1
46809,180,179,1
46810,194,186,8
46811,164,164,0
46812,129,128,1
46813,352,351,1
46814,316,314,2
46815,542,542,0
46816,347,344,3
46817,406,406,0
46818,357,355,2
46819,130,130,0
46820,185,185,0
46821,117,117,0
46822,229,226,3
46823,267,267,0
46824,784,780,4
46825,47,47,0
46826,118,118,0
46827,151,149,2
46828,131,131,0
46829,231,231,0
46830,157,157,0
46831,248,246,2
46832,281,281,0
46833,105,105,0
46834,204,201,3
46835,197,195,2
46836,144,142,2
46837,125,125,0
46838,146,143,3
46839,96,96,0
46840,338,337,1
46841,165,157,8
46842,417,412,5
46843,167,167,0
46844,198,197,1
46845,127,125,2
46846,137,137,0
46847,126,126,0
46848,252,252,0
46849,137,135,2
46850,454,454,0
46851,148,148,0
46852,130,127,3
46853,225,223,2
46854,113,113,0
46855,43,43,0
46856,525,524,1
46857,142,142,0
46858,122,121,1
46859,130,130,0
46860,207,204,3
46861,376,374,2
46862,162,161,1
46863,212,212,0
46864,128,127,1
46865,68,68,0
46866,201,200,1
46867,324,319,5
46868,100,98,2
46869,53,53,0
46870,87,87,0
46871,201,201,0
46872,112,112,0
46873,134,134,0
46874,186,186,0
46875,105,105,0
46876,130,130,0
46877,240,239,1
46878,216,215,1
46879,350,350,0
46880,156,156,0
46881,152,149,3
46882,144,144,0
46883,311,311,0
46884,145,145,0
46885,124,124,0
46886,268,262,6
46887,111,111,0
46888,638,638,0
46889,85,85,0
46890,137,137,0
46891,127,126,1
46892,112,111,1
46893,131,130,1
46894,144,144,0
46895,232,231,1
46896,321,321,0
46897,221,219,2
46898,655,653,2
46899,231,230,1
46900,221,221,0
46901,312,309,3
46902,250,246,4
46903,133,133,0
46904,193,193,0
46905,139,138,1
46906,969,966,3
46907,515,514,1
46908,541,540,1
46909,662,656,6
46910,237,235,2
46911,128,119,9
46912,167,167,0
46913,179,176,3
46914,452,450,2
46915,161,161,0
46916,56,55,1
46917,160,158,2
46918,151,151,0
46919,242,239,3
46920,360,359,1
46921,167,164,3
46922,168,168,0
46923,233,233,0
46924,378,374,4
46925,143,142,1
46926,241,241,0
46927,467,465,2
46928,141,140,1
46929,137,137,0
46930,147,147,0
46931,153,152,1
46932,198,198,0
46933,524,521,3
46934,130,130,0
46935,559,558,1
46936,115,115,0
46937,147,143,4
46938,128,128,0
46939,197,197,0
46940,782,776,6
46941,161,160,1
46942,371,371,0
46943,1033,1029,4
46944,72,72,0
46945,588,585,3
46946,345,344,1
46947,166,164,2
46948,114,114,0
46949,621,620,1
46950,123,123,0
46951,222,220,2
46952,201,201,0
46953,340,334,6
46954,127,126,1
46955,185,185,0
46956,601,593,8
46957,86,85,1
46958,114,113,1
46959,550,548,2
46960,791,788,3
46961,124,124,0
46962,164,163,1
46963,122,122,0
46964,114,113,1
46965,119,119,0
46966,260,259,1
46967,115,114,1
46968,111,111,0
46969,413,413,0
46970,193,193,0
46971,146,146,0
46972,155,155,0
46973,349,349,0
46974,287,287,0
46975,172,171,1
46976,262,260,2
46977,362,359,3
46978,103,103,0
46979,173,172,1
46980,481,481,0
46981,235,235,0
46982,136,136,0
46983,202,200,2
46984,145,145,0
46985,176,176,0
46986,324,324,0
46987,355,355,0
46988,300,300,0
46989,262,259,3
46990,340,335,5
46991,157,157,0
46992,170,170,0
46993,140,139,1
46994,151,150,1
46995,150,148,2
46996,153,151,2
46997,315,315,0
46998,377,373,4
46999,368,367,1
47000,288,287,1
47001,256,256,0
47002,209,206,3
47003,114,114,0
47004,223,221,2
47005,192,191,1
47006,108,108,0
47007,90,89,1
47008,135,134,1
47009,814,801,13
47010,130,130,0
47011,166,166,0
47012,101,100,1
47013,79,79,0
47014,383,380,3
47015,155,150,5
47016,360,359,1
47017,559,555,4
47018,151,150,1
47019,149,149,0
47020,246,246,0
47021,156,152,4
47022,127,127,0
47023,255,255,0
47024,120,120,0
47025,123,123,0
47026,132,132,0
47027,103,103,0
47028,191,189,2
47029,77,77,0
47030,73,73,0
47031,371,370,1
47032,367,366,1
47033,131,128,3
47034,108,104,4
47035,563,561,2
47036,141,140,1
47037,125,125,0
47038,145,143,2
47039,664,659,5
47040,102,102,0
47041,99,95,4
47042,133,133,0
47043,285,285,0
47044,138,136,2
47045,123,118,5
47046,126,126,0
47047,136,136,0
47048,213,212,1
47049,294,294,0
47050,296,296,0
47051,197,194,3
47052,160,157,3
47053,180,180,0
47054,263,260,3
47055,193,189,4
47056,152,146,6
47057,182,181,1
47058,1021,1015,6
47059,125,125,0
47060,328,328,0
47061,323,319,4
47062,189,187,2
47063,208,206,2
47064,190,190,0
47065,67,67,0
47066,1008,1002,6
47067,97,97,0
47068,259,256,3
47069,207,197,10
47070,112,112,0
47071,243,230,13
47072,123,123,0
47073,314,309,5
47074,288,286,2
47075,1021,1009,12
47076,164,164,0
47077,141,140,1
47078,133,133,0
47079,245,245,0
47080,245,234,11
47081,205,202,3
47082,457,452,5
47083,279,279,0
47084,155,154,1
47085,237,237,0
47086,79,78,1
47087,325,324,1
47088,264,264,0
47089,159,157,2
47090,230,230,0
47091,232,231,1
47092,148,148,0
47093,154,154,0
47094,158,156,2
47095,120,120,0
47096,51,51,0
47097,78,78,0
47098,371,368,3
47099,96,93,3
47100,109,109,0
47101,169,161,8
47102,255,252,3
47103,742,738,4
47104,536,524,12
47105,233,232,1
47106,312,307,5
47107,372,371,1
47108,141,141,0
47109,164,164,0
47110,421,420,1
47111,188,184,4
47112,304,298,6
47113,292,292,0
47114,550,547,3
47115,122,122,0
47116,157,157,0
47117,228,227,1
47118,425,423,2
47119,463,463,0
47120,470,470,0
47121,126,126,0
47122,206,203,3
47123,73,73,0
47124,288,288,0
47125,249,249,0
47126,322,322,0
47127,162,161,1
47128,206,203,3
47129,109,109,0
47130,152,152,0
47131,339,339,0
47132,133,133,0
47133,367,365,2
47134,169,165,4
47135,257,256,1
47136,169,167,2
47137,766,762,4
47138,278,273,5
47139,45,45,0
47140,67,67,0
47141,157,157,0
47142,259,257,2
47143,121,120,1
47144,137,137,0
47145,116,114,2
47146,133,132,1
47147,130,129,1
47148,144,143,1
47149,560,558,2
47150,142,141,1
47151,131,131,0
47152,308,306,2
47153,261,258,3
47154,165,165,0
47155,300,299,1
47156,423,420,3
47157,210,208,2
47158,162,162,0
47159,382,381,1
47160,156,155,1
47161,223,222,1
47162,1021,1019,2
47163,414,410,4
47164,602,600,2
47165,141,140,1
47166,148,148,0
47167,104,104,0
47168,103,103,0
47169,185,185,0
47170,149,149,0
47171,140,138,2
47172,471,469,2
47173,135,134,1
47174,85,84,1
47175,266,265,1
47176,223,222,1
47177,91,90,1
47178,183,180,3
47179,85,85,0
47180,105,105,0
47181,115,115,0
47182,115,114,1
47183,194,190,4
47184,109,108,1
47185,79,79,0
47186,136,135,1
47187,144,144,0
47188,199,199,0
47189,193,193,0
47190,134,133,1
47191,175,173,2
47192,184,184,0
47193,298,298,0
47194,447,446,1
47195,385,379,6
47196,362,362,0
47197,141,140,1
47198,174,173,1
47199,116,113,3
47200,124,123,1
47201,173,173,0
47202,206,206,0
47203,117,117,0
47204,665,653,12
47205,267,267,0
47206,140,140,0
47207,269,266,3
47208,128,127,1
47209,401,397,4
47210,327,324,3
47211,202,202,0
47212,140,140,0
47213,376,373,3
47214,153,152,1
47215,155,155,0
47216,82,80,2
47217,43,43,0
47218,267,263,4
47219,129,129,0
47220,609,607,2
47221,156,154,2
47222,220,219,1
47223,236,236,0
47224,179,175,4
47225,137,134,3
47226,447,445,2
47227,170,168,2
47228,206,206,0
47229,413,409,4
47230,178,178,0
47231,215,215,0
47232,149,148,1
47233,145,142,3
47234,240,240,0
47235,214,212,2
47236,551,547,4
47237,151,150,1
47238,716,716,0
47239,125,121,4
47240,132,132,0
47241,834,833,1
47242,543,540,3
47243,224,223,1
47244,56,56,0
47245,222,220,2
47246,172,170,2
47247,128,126,2
47248,161,160,1
47249,627,626,1
47250,400,399,1
47251,664,660,4
47252,650,645,5
47253,133,133,0
47254,136,136,0
47255,61,61,0
47256,135,135,0
47257,109,109,0
47258,268,265,3
47259,242,240,2
47260,287,286,1
47261,83,83,0
47262,489,482,7
47263,209,207,2
47264,236,235,1
47265,166,165,1
47266,108,108,0
47267,217,215,2
47268,104,104,0
47269,58,58,0
47270,191,190,1
47271,673,672,1
47272,182,180,2
47273,245,244,1
47274,96,96,0
47275,240,237,3
47276,156,156,0
47277,151,151,0
47278,126,126,0
47279,489,485,4
47280,205,205,0
47281,98,97,1
47282,128,128,0
47283,124,123,1
47284,488,486,2
47285,53,53,0
47286,50,50,0
47287,60,59,1
47288,107,102,5
47289,100,100,0
47290,367,358,9
47291,275,274,1
47292,346,346,0
47293,129,125,4
47294,192,192,0
47295,194,194,0
47296,278,276,2
47297,207,205,2
47298,225,224,1
47299,212,212,0
47300,75,74,1
47301,159,158,1
47302,206,203,3
47303,776,768,8
47304,157,156,1
47305,112,112,0
47306,119,118,1
47307,139,139,0
47308,150,150,0
47309,54,54,0
47310,138,138,0
47311,65,65,0
47312,136,133,3
47313,154,153,1
47314,432,429,3
47315,462,460,2
47316,617,616,1
47317,217,207,10
47318,380,379,1
47319,348,345,3
47320,195,195,0
47321,148,148,0
47322,68,68,0
47323,294,294,0
47324,163,162,1
47325,315,313,2
47326,126,124,2
47327,292,291,1
47328,321,320,1
47329,134,134,0
47330,376,373,3
47331,387,383,4
47332,193,192,1
47333,222,222,0
47334,161,160,1
47335,276,275,1
47336,233,233,0
47337,261,260,1
47338,134,133,1
47339,142,142,0
47340,223,222,1
47341,213,212,1
47342,51,51,0
47343,89,89,0
47344,205,205,0
47345,241,240,1
47346,400,398,2
47347,120,120,0
47348,156,154,2
47349,131,130,1
47350,109,109,0
47351,223,223,0
47352,441,433,8
47353,133,132,1
47354,160,159,1
47355,619,614,5
47356,124,121,3
47357,289,287,2
47358,410,404,6
47359,445,445,0
47360,152,152,0
47361,40,40,0
47362,205,205,0
47363,31,30,1
47364,72,72,0
47365,114,111,3
47366,62,61,1
47367,188,188,0
47368,68,68,0
47369,186,183,3
47370,671,665,6
47371,352,352,0
47372,113,112,1
47373,456,451,5
47374,249,248,1
47375,152,151,1
47376,92,91,1
47377,226,226,0
47378,898,889,9
47379,357,352,5
47380,715,715,0
47381,280,280,0
47382,138,137,1
47383,168,168,0
47384,130,129,1
47385,114,114,0
47386,178,178,0
47387,156,155,1
47388,273,271,2
47389,212,212,0
47390,110,109,1
47391,241,241,0
47392,146,145,1
47393,215,215,0
47394,168,168,0
47395,128,128,0
47396,177,177,0
47397,95,94,1
47398,180,179,1
47399,128,128,0
47400,242,241,1
47401,139,138,1
47402,227,227,0
47403,46,46,0
47404,120,120,0
47405,957,952,5
47406,241,241,0
47407,452,451,1
47408,195,195,0
47409,259,257,2
47410,403,401,2
47411,427,425,2
47412,260,259,1
47413,274,272,2
47414,321,321,0
47415,1013,1005,8
47416,413,413,0
47417,157,157,0
47418,105,105,0
47419,400,396,4
47420,135,134,1
47421,255,255,0
47422,68,67,1
47423,181,178,3
47424,116,114,2
47425,157,157,0
47426,526,526,0
47427,125,125,0
47428,54,54,0
47429,297,296,1
47430,151,151,0
47431,197,197,0
47432,418,415,3
47433,333,325,8
47434,143,139,4
47435,229,223,6
47436,125,124,1
47437,410,407,3
47438,763,737,26
47439,138,137,1
47440,178,178,0
47441,439,432,7
47442,159,158,1
47443,56,55,1
47444,126,126,0
47445,276,274,2
47446,523,518,5
47447,233,222,11
47448,318,317,1
47449,231,229,2
47450,469,469,0
47451,499,496,3
47452,152,151,1
47453,228,228,0
47454,144,144,0
47455,215,215,0
47456,152,152,0
47457,542,541,1
47458,186,186,0
47459,204,202,2
47460,266,266,0
47461,201,201,0
47462,124,124,0
47463,188,187,1
47464,133,133,0
47465,187,186,1
47466,134,134,0
47467,125,125,0
47468,130,130,0
47469,163,162,1
47470,988,983,5
47471,335,334,1
47472,322,320,2
47473,453,450,3
47474,370,370,0
47475,255,254,1
47476,246,246,0
47477,255,253,2
47478,198,198,0
47479,142,141,1
47480,354,353,1
47481,1012,1011,1
47482,113,112,1
47483,158,153,5
47484,159,156,3
47485,327,327,0
47486,111,110,1
47487,169,168,1
47488,115,115,0
47489,226,225,1
47490,282,282,0
47491,129,129,0
47492,214,212,2
47493,219,215,4
47494,52,52,0
47495,702,701,1
47496,88,87,1
47497,213,212,1
47498,74,73,1
47499,135,134,1
47500,285,284,1
47501,93,93,0
47502,721,715,6
47503,590,590,0
47504,140,140,0
47505,197,196,1
47506,96,96,0
47507,272,272,0
47508,34,34,0
47509,116,112,4
47510,234,234,0
47511,297,293,4
47512,131,130,1
47513,252,252,0
47514,165,163,2
47515,304,300,4
47516,100,97,3
47517,169,169,0
47518,179,178,1
47519,308,307,1
47520,138,137,1
47521,363,361,2
47522,281,279,2
47523,147,146,1
47524,133,133,0
47525,134,134,0
47526,269,269,0
47527,356,354,2
47528,160,158,2
47529,105,102,3
47530,197,196,1
47531,146,146,0
47532,84,84,0
47533,176,175,1
47534,328,328,0
47535,115,115,0
47536,220,219,1
47537,160,160,0
47538,293,292,1
47539,110,110,0
47540,136,134,2
47541,271,269,2
47542,177,172,5
47543,340,337,3
47544,345,345,0
47545,501,500,1
47546,488,487,1
47547,167,166,1
47548,129,129,0
47549,153,151,2
47550,46,46,0
47551,81,80,1
47552,133,130,3
47553,347,345,2
47554,545,545,0
47555,152,150,2
47556,154,154,0
47557,171,170,1
47558,244,242,2
47559,155,146,9
47560,217,217,0
47561,132,132,0
47562,115,114,1
47563,157,157,0
47564,124,121,3
47565,221,221,0
47566,173,172,1
47567,63,63,0
47568,78,78,0
47569,1041,1034,7
47570,144,144,0
47571,167,167,0
47572,199,199,0
47573,238,238,0
47574,281,281,0
47575,316,314,2
47576,191,190,1
47577,144,144,0
47578,366,366,0
47579,211,210,1
47580,169,169,0
47581,158,158,0
47582,121,121,0
47583,202,197,5
47584,147,147,0
47585,157,157,0
47586,298,298,0
47587,131,130,1
47588,480,477,3
47589,179,179,0
47590,252,252,0
47591,132,131,1
47592,46,44,2
47593,33,33,0
47594,149,149,0
47595,116,114,2
47596,181,179,2
47597,79,79,0
47598,438,438,0
47599,85,84,1
47600,111,111,0
47601,168,167,1
47602,94,94,0
47603,158,156,2
47604,197,197,0
47605,250,248,2
47606,175,174,1
47607,161,156,5
47608,211,208,3
47609,225,225,0
47610,312,312,0
47611,280,276,4
47612,398,394,4
47613,75,73,2
47614,257,249,8
47615,108,107,1
47616,224,219,5
47617,171,169,2
47618,212,211,1
47619,262,256,6
47620,134,134,0
47621,565,555,10
47622,193,191,2
47623,758,755,3
47624,113,113,0
47625,86,86,0
47626,131,131,0
47627,277,275,2
47628,161,160,1
47629,443,443,0
47630,161,161,0
47631,125,125,0
47632,80,80,0
47633,118,117,1
47634,113,113,0
47635,135,134,1
47636,189,189,0
47637,358,357,1
47638,113,113,0
47639,156,156,0
47640,275,275,0
47641,215,215,0
47642,209,208,1
47643,229,229,0
47644,166,166,0
47645,194,193,1
47646,129,129,0
47647,247,247,0
47648,559,559,0
47649,414,412,2
47650,396,382,14
47651,61,59,2
47652,340,340,0
47653,126,124,2
47654,185,183,2
47655,198,198,0
47656,135,134,1
47657,113,113,0
47658,137,137,0
47659,181,181,0
47660,181,181,0
47661,136,136,0
47662,129,128,1
47663,147,145,2
47664,129,129,0
47665,35,35,0
47666,116,116,0
47667,175,175,0
47668,120,119,1
47669,175,175,0
47670,217,216,1
47671,145,144,1
47672,143,141,2
47673,162,160,2
47674,233,233,0
47675,240,240,0
47676,147,147,0
47677,387,383,4
47678,202,202,0
47679,302,302,0
47680,65,62,3
47681,65,62,3
47682,123,123,0
47683,123,123,0
47684,159,159,0
47685,300,300,0
47686,103,103,0
47687,380,380,0
47688,111,110,1
47689,243,238,5
47690,277,276,1
47691,152,152,0
47692,209,207,2
47693,178,178,0
47694,983,970,13
47695,360,357,3
47696,241,241,0
47697,53,53,0
47698,423,422,1
47699,240,238,2
47700,240,238,2
47701,250,246,4
47702,159,158,1
47703,140,140,0
47704,539,539,0
47705,137,137,0
47706,252,251,1
47707,143,142,1
47708,150,148,2
47709,416,416,0
47710,607,604,3
47711,146,146,0
47712,191,189,2
47713,548,546,2
47714,155,154,1
47715,725,720,5
47716,215,209,6
47717,161,161,0
47718,359,358,1
47719,119,118,1
47720,183,182,1
47721,146,144,2
47722,216,216,0
47723,292,291,1
47724,267,265,2
47725,430,428,2
47726,138,138,0
47727,171,168,3
47728,116,114,2
47729,205,200,5
47730,451,450,1
47731,788,788,0
47732,261,256,5
47733,171,170,1
47734,542,540,2
47735,411,405,6
47736,322,318,4
47737,77,77,0
47738,268,268,0
47739,159,158,1
47740,420,417,3
47741,117,115,2
47742,396,395,1
47743,335,331,4
47744,681,676,5
47745,202,202,0
47746,144,143,1
47747,203,203,0
47748,65,65,0
47749,219,218,1
47750,108,108,0
47751,208,208,0
47752,343,335,8
47753,555,555,0
47754,123,123,0
47755,145,144,1
47756,198,198,0
47757,153,153,0
47758,160,160,0
47759,50,50,0
47760,163,162,1
47761,207,203,4
47762,262,262,0
47763,715,709,6
47764,165,164,1
47765,47,47,0
47766,122,121,1
47767,85,85,0
47768,93,93,0
47769,89,89,0
47770,183,182,1
47771,142,141,1
47772,626,625,1
47773,203,200,3
47774,119,119,0
47775,819,817,2
47776,148,148,0
47777,209,209,0
47778,139,139,0
47779,70,70,0
47780,132,131,1
47781,87,87,0
47782,146,145,1
47783,164,164,0
47784,157,157,0
47785,318,314,4
47786,149,149,0
47787,56,53,3
47788,123,123,0
47789,153,152,1
47790,36,34,2
47791,186,182,4
47792,151,150,1
47793,168,166,2
47794,174,174,0
47795,113,113,0
47796,116,116,0
47797,151,148,3
47798,132,130,2
47799,987,977,10
47800,313,312,1
47801,136,136,0
47802,283,272,11
47803,97,97,0
47804,120,120,0
47805,119,117,2
47806,539,526,13
47807,75,73,2
47808,104,104,0
47809,46,45,1
47810,40,40,0
47811,322,321,1
47812,215,215,0
47813,184,182,2
47814,73,71,2
47815,248,248,0
47816,401,399,2
47817,209,207,2
47818,116,115,1
47819,136,136,0
47820,295,290,5
47821,129,129,0
47822,253,253,0
47823,263,261,2
47824,104,104,0
47825,188,188,0
47826,388,383,5
47827,93,92,1
47828,45,45,0
47829,238,238,0
47830,240,240,0
47831,253,251,2
47832,211,211,0
47833,114,114,0
47834,1004,992,12
47835,142,142,0
47836,155,155,0
47837,138,136,2
47838,327,327,0
47839,956,952,4
47840,197,197,0
47841,118,118,0
47842,279,278,1
47843,124,124,0
47844,769,766,3
47845,156,154,2
47846,395,393,2
47847,206,206,0
47848,163,163,0
47849,128,128,0
47850,82,81,1
47851,124,124,0
47852,165,164,1
47853,46,46,0
47854,123,123,0
47855,143,141,2
47856,111,109,2
47857,946,920,26
47858,1118,1112,6
47859,114,114,0
47860,177,176,1
47861,53,53,0
47862,134,134,0
47863,240,238,2
47864,119,119,0
47865,185,185,0
47866,585,582,3
47867,562,560,2
47868,220,219,1
47869,75,75,0
47870,59,59,0
47871,48,48,0
47872,71,71,0
47873,507,504,3
47874,144,144,0
47875,177,177,0
47876,180,178,2
47877,34,34,0
47878,88,88,0
47879,55,55,0
47880,132,131,1
47881,73,73,0
47882,113,113,0
47883,412,411,1
47884,213,211,2
47885,178,177,1
47886,117,117,0
47887,72,70,2
47888,50,49,1
47889,332,332,0
47890,227,226,1
47891,122,122,0
47892,239,237,2
47893,334,334,0
47894,233,233,0
47895,116,114,2
47896,134,134,0
47897,132,131,1
47898,304,304,0
47899,148,148,0
47900,150,148,2
47901,142,141,1
47902,218,218,0
47903,149,149,0
47904,230,228,2
47905,125,124,1
47906,206,202,4
47907,300,298,2
47908,254,251,3
47909,393,384,9
47910,285,285,0
47911,137,137,0
47912,142,140,2
47913,137,136,1
47914,132,132,0
47915,201,199,2
47916,796,795,1
47917,536,533,3
47918,322,322,0
47919,192,192,0
47920,460,457,3
47921,103,101,2
47922,228,227,1
47923,290,288,2
47924,185,184,1
47925,338,335,3
47926,241,239,2
47927,300,299,1
47928,681,673,8
47929,166,163,3
47930,139,139,0
47931,550,547,3
47932,175,173,2
47933,191,188,3
47934,352,351,1
47935,110,109,1
47936,198,195,3
47937,346,346,0
47938,91,90,1
47939,152,151,1
47940,142,141,1
47941,564,557,7
47942,146,146,0
47943,83,82,1
47944,332,331,1
47945,148,147,1
47946,155,155,0
47947,366,365,1
47948,126,126,0
47949,177,176,1
47950,480,475,5
47951,235,233,2
47952,473,472,1
47953,157,155,2
47954,233,233,0
47955,965,960,5
47956,200,199,1
47957,59,59,0
47958,150,149,1
47959,89,89,0
47960,611,606,5
47961,299,297,2
47962,424,421,3
47963,178,173,5
47964,845,840,5
47965,79,78,1
47966,395,395,0
47967,228,226,2
47968,181,175,6
47969,323,323,0
47970,125,124,1
47971,107,107,0
47972,335,335,0
47973,102,102,0
47974,359,357,2
47975,201,200,1
47976,124,124,0
47977,137,135,2
47978,277,273,4
47979,147,147,0
47980,35,35,0
47981,160,157,3
47982,194,194,0
47983,89,89,0
47984,59,59,0
47985,135,135,0
47986,131,131,0
47987,65,64,1
47988,137,137,0
47989,315,314,1
47990,145,144,1
47991,173,171,2
47992,206,205,1
47993,292,292,0
47994,273,271,2
47995,141,141,0
47996,61,61,0
47997,161,160,1
47998,39,39,0
47999,339,338,1
48000,354,352,2
48001,168,167,1
48002,397,395,2
48003,108,108,0
48004,217,216,1
48005,699,696,3
48006,391,386,5
48007,292,287,5
48008,172,172,0
48009,142,141,1
48010,70,70,0
48011,257,257,0
48012,226,225,1
48013,127,127,0
48014,177,177,0
48015,755,754,1
48016,390,384,6
48017,155,154,1
48018,314,312,2
48019,86,86,0
48020,153,153,0
48021,248,248,0
48022,287,286,1
48023,844,839,5
48024,157,154,3
48025,401,397,4
48026,866,863,3
48027,376,375,1
48028,666,659,7
48029,93,91,2
48030,171,170,1
48031,374,369,5
48032,144,143,1
48033,255,255,0
48034,168,168,0
48035,373,373,0
48036,125,122,3
48037,308,307,1
48038,211,208,3
48039,362,361,1
48040,137,135,2
48041,155,155,0
48042,277,276,1
48043,81,80,1
48044,161,160,1
48045,145,142,3
48046,238,232,6
48047,170,169,1
48048,482,481,1
48049,343,342,1
48050,101,100,1
48051,139,137,2
48052,279,278,1
48053,118,115,3
48054,197,195,2
48055,283,278,5
48056,210,210,0
48057,437,431,6
48058,126,125,1
48059,78,78,0
48060,59,59,0
48061,295,294,1
48062,125,125,0
48063,100,99,1
48064,159,157,2
48065,162,161,1
48066,130,130,0
48067,171,167,4
48068,65,64,1
48069,305,301,4
48070,418,417,1
48071,122,122,0
48072,224,222,2
48073,255,253,2
48074,288,287,1
48075,195,194,1
48076,111,111,0
48077,156,156,0
48078,221,219,2
48079,221,219,2
48080,156,155,1
48081,112,112,0
48082,112,110,2
48083,601,601,0
48084,141,140,1
48085,409,408,1
48086,147,147,0
48087,134,134,0
48088,140,140,0
48089,125,125,0
48090,632,631,1
48091,116,116,0
48092,507,506,1
48093,239,237,2
48094,231,228,3
48095,199,198,1
48096,281,281,0
48097,331,329,2
48098,273,271,2
48099,82,82,0
48100,659,657,2
48101,260,259,1
48102,90,90,0
48103,125,124,1
48104,277,275,2
48105,229,229,0
48106,206,200,6
48107,194,193,1
48108,319,310,9
48109,126,125,1
48110,127,126,1
48111,41,41,0
48112,142,141,1
48113,268,268,0
48114,250,249,1
48115,549,547,2
48116,114,112,2
48117,424,422,2
48118,154,154,0
48119,206,206,0
48120,212,212,0
48121,174,174,0
48122,187,185,2
48123,293,293,0
48124,143,141,2
48125,166,163,3
48126,698,696,2
48127,282,279,3
48128,235,230,5
48129,242,242,0
48130,152,151,1
48131,766,766,0
48132,426,426,0
48133,748,746,2
48134,143,143,0
48135,513,513,0
48136,284,281,3
48137,616,615,1
48138,115,115,0
48139,236,235,1
48140,267,264,3
48141,285,285,0
48142,90,90,0
48143,81,81,0
48144,238,237,1
48145,280,279,1
48146,130,128,2
48147,578,575,3
48148,117,117,0
48149,123,123,0
48150,117,117,0
48151,315,315,0
48152,33,33,0
48153,349,346,3
48154,191,189,2
48155,50,50,0
48156,110,110,0
48157,65,65,0
48158,90,89,1
48159,139,139,0
48160,843,840,3
48161,157,154,3
48162,158,158,0
48163,169,169,0
48164,141,141,0
48165,211,211,0
48166,553,551,2
48167,598,595,3
48168,157,156,1
48169,134,134,0
48170,275,273,2
48171,210,205,5
48172,301,301,0
48173,326,325,1
48174,101,100,1
48175,176,176,0
48176,217,216,1
48177,375,373,2
48178,198,196,2
48179,535,530,5
48180,291,291,0
48181,180,180,0
48182,247,247,0
48183,77,77,0
48184,619,618,1
48185,401,396,5
48186,721,716,5
48187,212,212,0
48188,306,304,2
48189,163,161,2
48190,212,212,0
48191,311,311,0
48192,168,168,0
48193,140,140,0
48194,332,332,0
48195,137,137,0
48196,171,170,1
48197,108,108,0
48198,292,292,0
48199,107,107,0
48200,444,437,7
48201,184,179,5
48202,228,227,1
48203,64,64,0
48204,136,135,1
48205,247,247,0
48206,259,259,0
48207,158,158,0
48208,129,128,1
48209,419,419,0
48210,169,169,0
48211,131,131,0
48212,204,203,1
48213,175,174,1
48214,306,306,0
48215,134,134,0
48216,376,375,1
48217,330,329,1
48218,215,215,0
48219,309,305,4
48220,237,237,0
48221,196,195,1
48222,417,413,4
48223,193,189,4
48224,382,381,1
48225,245,245,0
48226,34,34,0
48227,185,185,0
48228,68,68,0
48229,596,595,1
48230,240,240,0
48231,188,185,3
48232,983,980,3
48233,234,227,7
48234,136,135,1
48235,123,123,0
48236,280,276,4
48237,147,146,1
48238,118,118,0
48239,63,62,1
48240,188,188,0
48241,107,105,2
48242,224,223,1
48243,204,204,0
48244,194,193,1
48245,645,640,5
48246,178,176,2
48247,141,141,0
48248,164,162,2
48249,449,443,6
48250,177,177,0
48251,242,241,1
48252,100,98,2
48253,227,227,0
48254,215,213,2
48255,130,130,0
48256,198,196,2
48257,395,393,2
48258,190,190,0
48259,288,287,1
48260,124,124,0
48261,534,530,4
48262,124,124,0
48263,155,155,0
48264,56,56,0
48265,68,68,0
48266,104,103,1
48267,244,244,0
48268,346,344,2
48269,143,143,0
48270,263,263,0
48271,185,184,1
48272,248,246,2
48273,125,125,0
48274,128,127,1
48275,102,101,1
48276,214,209,5
48277,100,100,0
48278,746,742,4
48279,130,129,1
48280,330,330,0
48281,239,236,3
48282,435,429,6
48283,154,154,0
48284,268,268,0
48285,438,437,1
48286,192,192,0
48287,114,114,0
48288,64,63,1
48289,191,190,1
48290,176,175,1
48291,299,296,3
48292,233,233,0
48293,304,304,0
48294,401,394,7
48295,156,148,8
48296,117,116,1
48297,168,167,1
48298,136,136,0
48299,167,165,2
48300,175,172,3
48301,145,144,1
48302,594,587,7
48303,561,555,6
48304,284,282,2
48305,255,254,1
48306,148,148,0
48307,479,479,0
48308,130,130,0
48309,148,148,0
48310,197,196,1
48311,150,146,4
48312,161,161,0
48313,318,317,1
48314,329,326,3
48315,165,164,1
48316,165,165,0
48317,219,219,0
48318,150,150,0
48319,211,211,0
48320,82,81,1
48321,184,184,0
48322,643,636,7
48323,246,244,2
48324,413,412,1
48325,106,106,0
48326,182,181,1
48327,187,187,0
48328,132,132,0
48329,130,129,1
48330,128,127,1
48331,118,118,0
48332,222,221,1
48333,126,125,1
48334,206,205,1
48335,160,160,0
48336,305,305,0
48337,156,156,0
48338,201,201,0
48339,152,151,1
48340,294,292,2
48341,238,234,4
48342,171,170,1
48343,131,131,0
48344,86,84,2
48345,132,127,5
48346,360,356,4
48347,294,294,0
48348,196,196,0
48349,458,456,2
48350,179,178,1
48351,187,187,0
48352,191,190,1
48353,431,429,2
48354,476,472,4
48355,51,51,0
48356,108,108,0
48357,142,142,0
48358,144,144,0
48359,164,164,0
48360,212,209,3
48361,231,231,0
48362,135,135,0
48363,237,235,2
48364,303,302,1
48365,191,188,3
48366,839,838,1
48367,545,543,2
48368,454,453,1
48369,191,191,0
48370,643,641,2
48371,270,270,0
48372,510,510,0
48373,392,392,0
48374,735,735,0
48375,150,150,0
48376,220,219,1
48377,358,355,3
48378,360,357,3
48379,333,327,6
48380,133,129,4
48381,220,216,4
48382,137,137,0
48383,139,139,0
48384,294,292,2
48385,230,228,2
48386,587,582,5
48387,255,255,0
48388,374,374,0
48389,200,200,0
48390,74,74,0
48391,121,119,2
48392,189,189,0
48393,92,88,4
48394,234,234,0
48395,263,262,1
48396,256,256,0
48397,182,182,0
48398,244,244,0
48399,115,115,0
48400,144,144,0
48401,118,118,0
48402,124,123,1
48403,119,119,0
48404,416,414,2
48405,151,151,0
48406,166,164,2
48407,172,169,3
48408,242,242,0
48409,279,279,0
48410,177,177,0
48411,793,788,5
48412,150,150,0
48413,153,153,0
48414,466,465,1
48415,130,130,0
48416,527,522,5
48417,248,248,0
48418,112,110,2
48419,350,349,1
48420,374,373,1
48421,193,191,2
48422,149,148,1
48423,237,232,5
48424,61,61,0
48425,136,133,3
48426,67,67,0
48427,89,89,0
48428,112,112,0
48429,175,175,0
48430,188,188,0
48431,432,426,6
48432,264,261,3
48433,184,182,2
48434,174,172,2
48435,45,45,0
48436,196,196,0
48437,157,157,0
48438,147,146,1
48439,547,544,3
48440,225,219,6
48441,101,97,4
48442,49,48,1
48443,203,201,2
48444,977,972,5
48445,324,323,1
48446,58,57,1
48447,641,628,13
48448,178,178,0
48449,393,392,1
48450,204,203,1
48451,165,165,0
48452,484,478,6
48453,140,139,1
48454,82,82,0
48455,220,217,3
48456,210,207,3
48457,152,152,0
48458,173,172,1
48459,241,241,0
48460,140,140,0
48461,327,326,1
48462,99,99,0
48463,174,174,0
48464,298,296,2
48465,116,116,0
48466,171,166,5
48467,8,8,0
48468,121,120,1
48469,169,167,2
48470,128,128,0
48471,88,88,0
48472,139,138,1
48473,158,158,0
48474,340,339,1
48475,159,159,0
48476,197,195,2
48477,389,389,0
48478,174,172,2
48479,151,148,3
48480,88,87,1
48481,131,130,1
48482,514,510,4
48483,247,246,1
48484,140,139,1
48485,219,219,0
48486,306,304,2
48487,181,181,0
48488,330,330,0
48489,120,118,2
48490,54,53,1
48491,95,95,0
48492,141,140,1
48493,267,267,0
48494,785,784,1
48495,225,222,3
48496,377,377,0
48497,83,83,0
48498,386,382,4
48499,295,294,1
48500,147,147,0
48501,153,151,2
48502,154,154,0
48503,153,151,2
48504,208,207,1
48505,198,195,3
48506,114,109,5
48507,173,173,0
48508,148,148,0
48509,846,845,1
48510,164,164,0
48511,138,138,0
48512,233,233,0
48513,254,254,0
48514,595,593,2
48515,147,146,1
48516,232,232,0
48517,276,275,1
48518,118,118,0
48519,110,110,0
48520,109,106,3
48521,148,147,1
48522,285,284,1
48523,143,141,2
48524,207,206,1
48525,194,191,3
48526,180,180,0
48527,255,254,1
48528,208,207,1
48529,167,167,0
48530,122,122,0
48531,910,907,3
48532,268,268,0
48533,339,336,3
48534,81,81,0
48535,71,71,0
48536,239,238,1
48537,248,248,0
48538,257,256,1
48539,631,631,0
48540,152,152,0
48541,134,134,0
48542,119,119,0
48543,600,594,6
48544,302,297,5
48545,34,34,0
48546,78,78,0
48547,230,229,1
48548,120,120,0
48549,171,169,2
48550,179,178,1
48551,467,460,7
48552,330,329,1
48553,326,323,3
48554,22,22,0
48555,123,122,1
48556,188,188,0
48557,139,138,1
48558,130,130,0
48559,131,131,0
48560,294,294,0
48561,264,263,1
48562,328,327,1
48563,162,161,1
48564,161,161,0
48565,203,203,0
48566,145,142,3
48567,475,475,0
48568,511,509,2
48569,153,152,1
48570,201,200,1
48571,130,130,0
48572,142,142,0
48573,150,150,0
48574,168,165,3
48575,122,121,1
48576,112,111,1
48577,141,141,0
48578,393,391,2
48579,198,195,3
48580,59,59,0
48581,427,421,6
48582,100,99,1
48583,146,146,0
48584,61,61,0
48585,377,374,3
48586,87,86,1
48587,208,202,6
48588,81,81,0
48589,217,217,0
48590,251,247,4
48591,413,413,0
48592,173,170,3
48593,707,707,0
48594,362,360,2
48595,137,137,0
48596,536,536,0
48597,124,121,3
48598,278,278,0
48599,86,86,0
48600,115,115,0
48601,140,135,5
48602,102,102,0
48603,71,71,0
48604,116,115,1
48605,280,279,1
48606,245,243,2
48607,111,107,4
48608,150,150,0
48609,604,600,4
48610,578,574,4
48611,332,331,1
48612,132,131,1
48613,138,138,0
48614,138,136,2
48615,85,84,1
48616,404,400,4
48617,310,308,2
48618,273,271,2
48619,305,304,1
48620,155,155,0
48621,157,157,0
48622,512,507,5
48623,228,225,3
48624,337,335,2
48625,118,117,1
48626,208,208,0
48627,267,266,1
48628,128,128,0
48629,118,116,2
48630,251,251,0
48631,134,134,0
48632,247,247,0
48633,119,118,1
48634,312,303,9
48635,39,39,0
48636,190,190,0
48637,133,131,2
48638,397,389,8
48639,227,227,0
48640,792,786,6
48641,200,200,0
48642,266,263,3
48643,172,172,0
48644,186,184,2
48645,268,267,1
48646,96,96,0
48647,119,119,0
48648,254,253,1
48649,251,249,2
48650,307,306,1
48651,292,290,2
48652,804,799,5
48653,114,114,0
48654,134,134,0
48655,143,143,0
48656,251,245,6
48657,1016,999,17
48658,833,823,10
48659,316,315,1
48660,151,151,0
48661,273,272,1
48662,953,950,3
48663,248,242,6
48664,265,264,1
48665,258,258,0
48666,317,315,2
48667,350,350,0
48668,172,172,0
48669,146,143,3
48670,231,230,1
48671,120,119,1
48672,143,143,0
48673,100,100,0
48674,167,166,1
48675,127,127,0
48676,155,155,0
48677,152,152,0
48678,189,188,1
48679,529,528,1
48680,143,143,0
48681,890,885,5
48682,679,679,0
48683,247,244,3
48684,507,507,0
48685,330,330,0
48686,230,228,2
48687,179,179,0
48688,323,319,4
48689,419,419,0
48690,181,175,6
48691,203,203,0
48692,170,168,2
48693,363,360,3
48694,425,419,6
48695,325,321,4
48696,291,289,2
48697,386,381,5
48698,738,726,12
48699,244,239,5
48700,994,991,3
48701,778,763,15
48702,135,130,5
48703,206,205,1
48704,570,565,5
48705,677,676,1
48706,211,211,0
48707,183,183,0
48708,318,314,4
48709,170,170,0
48710,132,132,0
48711,137,133,4
48712,282,282,0
48713,142,141,1
48714,107,107,0
48715,135,134,1
48716,201,199,2
48717,157,156,1
48718,118,117,1
48719,127,127,0
48720,581,576,5
48721,141,141,0
48722,327,327,0
48723,669,666,3
48724,718,709,9
48725,378,378,0
48726,190,190,0
48727,193,190,3
48728,35,35,0
48729,91,91,0
48730,89,89,0
48731,218,218,0
48732,45,44,1
48733,69,69,0
48734,50,47,3
48735,159,157,2
48736,130,130,0
48737,137,136,1
48738,373,373,0
48739,128,128,0
48740,43,43,0
48741,99,98,1
48742,93,93,0
48743,184,183,1
48744,198,197,1
48745,133,129,4
48746,194,193,1
48747,220,219,1
48748,448,448,0
48749,109,109,0
48750,803,801,2
48751,572,571,1
48752,227,227,0
48753,190,190,0
48754,250,248,2
48755,317,313,4
48756,647,646,1
48757,177,177,0
48758,502,500,2
48759,116,116,0
48760,65,65,0
48761,417,380,37
48762,275,275,0
48763,216,216,0
48764,220,220,0
48765,171,170,1
48766,216,216,0
48767,206,203,3
48768,145,145,0
48769,156,156,0
48770,182,180,2
48771,453,453,0
48772,165,163,2
48773,110,106,4
48774,115,115,0
48775,211,206,5
48776,169,169,0
48777,45,45,0
48778,376,375,1
48779,187,186,1
48780,225,220,5
48781,356,354,2
48782,157,157,0
48783,141,141,0
48784,147,147,0
48785,128,127,1
48786,118,118,0
48787,324,322,2
48788,111,110,1
48789,138,138,0
48790,241,240,1
48791,262,256,6
48792,135,133,2
48793,314,314,0
48794,124,124,0
48795,124,124,0
48796,647,647,0
48797,847,847,0
48798,212,212,0
48799,399,396,3
48800,191,189,2
48801,241,240,1
48802,422,422,0
48803,134,133,1
48804,148,145,3
48805,332,331,1
48806,161,160,1
48807,426,423,3
48808,144,143,1
48809,240,238,2
48810,713,711,2
48811,143,143,0
48812,111,110,1
48813,475,471,4
48814,82,82,0
48815,136,135,1
48816,213,208,5
48817,180,179,1
48818,130,129,1
48819,187,184,3
48820,159,159,0
48821,444,442,2
48822,123,122,1
48823,224,222,2
48824,267,266,1
48825,126,125,1
48826,471,468,3
48827,719,715,4
48828,166,166,0
48829,127,126,1
48830,277,274,3
48831,96,95,1
48832,115,115,0
48833,366,366,0
48834,117,117,0
48835,119,119,0
48836,111,111,0
48837,305,304,1
48838,149,149,0
48839,216,211,5
48840,181,180,1
48841,371,370,1
48842,194,194,0
48843,173,172,1
48844,118,116,2
48845,56,55,1
48846,169,165,4
48847,206,203,3
48848,142,142,0
48849,194,193,1
48850,232,227,5
48851,115,115,0
48852,119,118,1
48853,998,994,4
48854,174,172,2
48855,92,92,0
48856,442,441,1
48857,536,530,6
48858,245,245,0
48859,109,107,2
48860,155,155,0
48861,262,259,3
48862,127,127,0
48863,136,136,0
48864,273,269,4
48865,61,61,0
48866,202,200,2
48867,93,93,0
48868,124,120,4
48869,140,140,0
48870,150,150,0
48871,150,150,0
48872,332,330,2
48873,187,187,0
48874,311,311,0
48875,173,173,0
48876,157,156,1
48877,346,342,4
48878,216,215,1
48879,304,301,3
48880,279,277,2
48881,322,320,2
48882,361,352,9
48883,161,161,0
48884,400,398,2
48885,121,121,0
48886,58,58,0
48887,105,105,0
48888,212,211,1
48889,177,177,0
48890,168,168,0
48891,309,308,1
48892,188,186,2
48893,232,232,0
48894,120,119,1
48895,123,122,1
48896,45,45,0
48897,133,133,0
48898,215,215,0
48899,96,96,0
48900,149,149,0
48901,271,271,0
48902,321,318,3
48903,314,309,5
48904,586,581,5
48905,136,136,0
48906,755,747,8
48907,258,258,0
48908,148,148,0
48909,243,243,0
48910,74,74,0
48911,113,113,0
48912,516,508,8
48913,97,97,0
48914,72,71,1
48915,194,192,2
48916,285,280,5
48917,95,94,1
48918,144,141,3
48919,380,374,6
48920,301,294,7
48921,435,435,0
48922,92,91,1
48923,159,156,3
48924,560,552,8
48925,1000,995,5
48926,539,537,2
48927,245,245,0
48928,166,165,1
48929,158,158,0
48930,272,271,1
48931,430,426,4
48932,107,107,0
48933,139,139,0
48934,119,119,0
48935,139,138,1
48936,164,163,1
48937,411,410,1
48938,125,124,1
48939,193,192,1
48940,162,161,1
48941,147,147,0
48942,155,154,1
48943,194,194,0
48944,373,372,1
48945,668,661,7
48946,371,366,5
48947,316,316,0
48948,827,827,0
48949,223,222,1
48950,194,194,0
48951,184,184,0
48952,94,94,0
48953,77,77,0
48954,159,159,0
48955,61,61,0
48956,125,125,0
48957,332,331,1
48958,172,167,5
48959,281,281,0
48960,386,386,0
48961,134,133,1
48962,542,538,4
48963,134,132,2
48964,115,115,0
48965,30,30,0
48966,298,292,6
48967,163,163,0
48968,189,185,4
48969,129,128,1
48970,271,267,4
48971,327,324,3
48972,211,209,2
48973,141,141,0
48974,147,146,1
48975,75,75,0
48976,159,159,0
48977,191,191,0
48978,330,327,3
48979,249,249,0
48980,98,98,0
48981,313,312,1
48982,1008,997,11
48983,194,194,0
48984,304,300,4
48985,101,101,0
48986,261,260,1
48987,96,95,1
48988,228,228,0
48989,141,139,2
48990,224,222,2
48991,143,143,0
48992,94,92,2
48993,65,65,0
48994,117,117,0
48995,345,344,1
48996,218,218,0
48997,147,144,3
48998,186,185,1
48999,242,242,0
49000,423,419,4
49001,54,54,0
49002,62,62,0
49003,40,40,0
49004,173,173,0
49005,99,97,2
49006,231,231,0
49007,136,136,0
49008,211,208,3
49009,385,384,1
49010,218,216,2
49011,142,142,0
49012,300,300,0
49013,106,106,0
49014,127,127,0
49015,176,176,0
49016,226,226,0
49017,218,218,0
49018,128,125,3
49019,124,124,0
49020,179,179,0
49021,92,92,0
49022,575,572,3
49023,334,333,1
49024,222,222,0
49025,1017,1014,3
49026,318,316,2
49027,176,176,0
49028,237,237,0
49029,484,473,11
49030,114,112,2
49031,188,187,1
49032,142,142,0
49033,546,540,6
49034,306,306,0
49035,133,133,0
49036,108,107,1
49037,124,124,0
49038,135,135,0
49039,123,120,3
49040,277,274,3
49041,255,254,1
49042,316,312,4
49043,104,104,0
49044,430,429,1
49045,330,326,4
49046,268,265,3
49047,216,215,1
49048,130,130,0
49049,361,360,1
49050,323,322,1
49051,182,180,2
49052,178,177,1
49053,392,391,1
49054,151,150,1
49055,186,186,0
49056,316,311,5
49057,160,160,0
49058,255,252,3
49059,631,623,8
49060,117,117,0
49061,120,119,1
49062,248,248,0
49063,86,85,1
49064,112,112,0
49065,175,174,1
49066,101,101,0
49067,115,115,0
49068,304,303,1
49069,284,284,0
49070,290,290,0
49071,137,137,0
49072,494,490,4
49073,148,144,4
49074,128,125,3
49075,49,49,0
49076,350,348,2
49077,191,188,3
49078,241,240,1
49079,221,221,0
49080,170,170,0
49081,105,105,0
49082,158,158,0
49083,61,61,0
49084,147,147,0
49085,86,86,0
49086,126,126,0
49087,98,98,0
49088,157,156,1
49089,270,268,2
49090,111,110,1
49091,160,160,0
49092,203,203,0
49093,115,115,0
49094,127,126,1
49095,182,179,3
49096,197,194,3
49097,346,341,5
49098,262,259,3
49099,168,167,1
49100,144,144,0
49101,154,151,3
49102,155,155,0
49103,130,130,0
49104,365,365,0
49105,153,153,0
49106,356,356,0
49107,127,127,0
49108,136,134,2
49109,140,140,0
49110,514,512,2
49111,91,89,2
49112,228,227,1
49113,72,72,0
49114,105,105,0
49115,244,244,0
49116,134,133,1
49117,107,107,0
49118,175,175,0
49119,351,349,2
49120,417,416,1
49121,135,135,0
49122,99,98,1
49123,403,403,0
49124,124,124,0
49125,235,234,1
49126,160,160,0
49127,152,152,0
49128,111,111,0
49129,158,157,1
49130,166,166,0
49131,405,403,2
49132,125,123,2
49133,394,392,2
49134,81,78,3
49135,42,42,0
49136,40,40,0
49137,198,196,2
49138,101,100,1
49139,293,289,4
49140,165,164,1
49141,197,195,2
49142,345,344,1
49143,190,190,0
49144,163,162,1
49145,112,112,0
49146,54,54,0
49147,135,133,2
49148,126,123,3
49149,122,121,1
49150,374,365,9
49151,258,258,0
49152,289,289,0
49153,99,99,0
49154,203,203,0
49155,282,281,1
49156,174,170,4
49157,479,477,2
49158,185,185,0
49159,810,804,6
49160,126,126,0
49161,246,246,0
49162,170,170,0
49163,151,151,0
49164,118,118,0
49165,417,414,3
49166,131,131,0
49167,154,154,0
49168,580,564,16
49169,680,665,15
49170,286,286,0
49171,204,201,3
49172,931,926,5
49173,155,153,2
49174,186,186,0
49175,839,838,1
49176,404,402,2
49177,102,102,0
49178,120,117,3
49179,220,216,4
49180,104,102,2
49181,816,778,38
49182,195,195,0
49183,140,138,2
49184,412,408,4
49185,183,182,1
49186,256,253,3
49187,901,899,2
49188,335,334,1
49189,62,62,0
49190,147,147,0
49191,170,170,0
49192,132,132,0
49193,391,375,16
49194,482,476,6
49195,130,127,3
49196,79,78,1
49197,158,153,5
49198,386,379,7
49199,571,566,5
49200,130,130,0
49201,155,155,0
49202,165,162,3
49203,65,64,1
49204,241,240,1
49205,133,133,0
49206,181,180,1
49207,169,168,1
49208,398,396,2
49209,225,225,0
49210,200,200,0
49211,354,351,3
49212,304,303,1
49213,191,188,3
49214,161,161,0
49215,378,375,3
49216,137,137,0
49217,137,135,2
49218,148,148,0
49219,242,242,0
49220,230,229,1
49221,168,168,0
49222,164,161,3
49223,402,402,0
49224,177,173,4
49225,380,380,0
49226,198,197,1
49227,183,181,2
49228,127,125,2
49229,127,126,1
49230,120,120,0
49231,73,73,0
49232,161,160,1
49233,133,132,1
49234,124,122,2
49235,129,129,0
49236,207,207,0
49237,381,379,2
49238,101,101,0
49239,209,206,3
49240,168,168,0
49241,267,265,2
49242,132,131,1
49243,244,243,1
49244,235,235,0
49245,403,402,1
49246,333,332,1
49247,507,505,2
49248,130,130,0
49249,136,136,0
49250,536,533,3
49251,155,155,0
49252,109,108,1
49253,144,144,0
49254,891,879,12
49255,251,249,2
49256,432,432,0
49257,236,234,2
49258,264,263,1
49259,130,129,1
49260,365,361,4
49261,698,693,5
49262,244,240,4
49263,117,117,0
49264,267,264,3
49265,159,158,1
49266,142,142,0
49267,350,345,5
49268,129,128,1
49269,157,156,1
49270,48,48,0
49271,52,52,0
49272,604,604,0
49273,369,368,1
49274,259,255,4
49275,279,275,4
49276,124,124,0
49277,126,124,2
49278,175,174,1
49279,166,164,2
49280,57,56,1
49281,175,175,0
49282,480,472,8
49283,208,207,1
49284,171,170,1
49285,585,584,1
49286,261,261,0
49287,158,154,4
49288,118,118,0
49289,174,174,0
49290,477,475,2
49291,297,294,3
49292,381,377,4
49293,192,191,1
49294,52,52,0
49295,178,178,0
49296,123,122,1
49297,217,217,0
49298,202,199,3
49299,192,192,0
49300,395,395,0
49301,183,183,0
49302,140,137,3
49303,207,203,4
49304,197,195,2
49305,188,183,5
49306,112,112,0
49307,143,143,0
49308,308,307,1
49309,350,348,2
49310,165,164,1
49311,154,152,2
49312,144,143,1
49313,173,171,2
49314,134,133,1
49315,123,123,0
49316,171,170,1
49317,160,160,0
49318,125,125,0
49319,107,106,1
49320,177,177,0
49321,74,72,2
49322,123,123,0
49323,55,55,0
49324,54,54,0
49325,78,78,0
49326,123,123,0
49327,238,237,1
49328,124,124,0
49329,99,98,1
49330,136,134,2
49331,140,135,5
49332,208,207,1
49333,152,149,3
49334,222,216,6
49335,104,104,0
49336,320,318,2
49337,143,139,4
49338,530,524,6
49339,693,691,2
49340,177,174,3
49341,170,170,0
49342,145,145,0
49343,137,136,1
49344,182,182,0
49345,133,133,0
49346,246,246,0
49347,152,150,2
49348,248,248,0
49349,129,129,0
49350,200,200,0
49351,191,189,2
49352,198,197,1
49353,104,104,0
49354,121,121,0
49355,649,643,6
49356,163,162,1
49357,176,175,1
49358,143,143,0
49359,82,82,0
49360,192,192,0
49361,72,71,1
49362,176,175,1
49363,185,185,0
49364,583,582,1
49365,130,129,1
49366,107,107,0
49367,105,105,0
49368,167,167,0
49369,587,583,4
49370,128,128,0
49371,176,176,0
49372,95,95,0
49373,277,275,2
49374,412,412,0
49375,132,132,0
49376,139,139,0
49377,118,117,1
49378,116,115,1
49379,123,121,2
49380,122,120,2
49381,249,248,1
49382,157,156,1
49383,179,179,0
49384,158,156,2
49385,124,124,0
49386,139,139,0
49387,234,233,1
49388,167,167,0
49389,126,125,1
49390,62,62,0
49391,106,106,0
49392,144,144,0
49393,157,155,2
49394,390,388,2
49395,75,74,1
49396,174,174,0
49397,78,78,0
49398,234,234,0
49399,152,151,1
49400,171,170,1
49401,463,456,7
49402,131,129,2
49403,244,240,4
49404,206,194,12
49405,149,149,0
49406,536,532,4
49407,300,299,1
49408,195,195,0
49409,308,306,2
49410,127,126,1
49411,146,146,0
49412,197,195,2
49413,458,457,1
49414,145,145,0
49415,163,162,1
49416,164,164,0
49417,182,180,2
49418,166,165,1
49419,150,150,0
49420,206,205,1
49421,196,195,1
49422,52,52,0
49423,121,121,0
49424,203,200,3
49425,124,124,0
49426,139,139,0
49427,205,204,1
49428,124,124,0
49429,389,383,6
49430,126,126,0
49431,53,53,0
49432,226,224,2
49433,202,201,1
49434,790,779,11
49435,50,46,4
49436,124,124,0
49437,157,155,2
49438,235,234,1
49439,235,235,0
49440,141,140,1
49441,123,123,0
49442,40,40,0
49443,158,158,0
49444,127,127,0
49445,113,112,1
49446,163,163,0
49447,106,105,1
49448,167,167,0
49449,224,224,0
49450,224,224,0
49451,421,418,3
49452,67,67,0
49453,178,177,1
49454,139,139,0
49455,916,912,4
49456,265,264,1
49457,130,130,0
49458,199,198,1
49459,68,68,0
49460,98,98,0
49461,83,82,1
49462,190,189,1
49463,85,85,0
49464,128,128,0
49465,155,150,5
49466,177,176,1
49467,87,86,1
49468,163,163,0
49469,179,177,2
49470,281,278,3
49471,109,108,1
49472,165,164,1
49473,382,379,3
49474,304,304,0
49475,44,44,0
49476,108,108,0
49477,140,139,1
49478,146,145,1
49479,175,174,1
49480,72,72,0
49481,474,471,3
49482,729,729,0
49483,178,178,0
49484,127,127,0
49485,132,132,0
49486,200,200,0
49487,298,294,4
49488,142,140,2
49489,211,211,0
49490,161,161,0
49491,82,82,0
49492,228,228,0
49493,300,297,3
49494,942,937,5
49495,252,252,0
49496,431,428,3
49497,204,203,1
49498,78,78,0
49499,231,228,3
49500,55,55,0
49501,161,160,1
49502,215,214,1
49503,43,42,1
49504,47,47,0
49505,232,232,0
49506,111,103,8
49507,324,324,0
49508,191,191,0
49509,58,58,0
49510,121,119,2
49511,195,193,2
49512,107,105,2
49513,495,491,4
49514,423,420,3
49515,106,106,0
49516,105,104,1
49517,538,537,1
49518,395,393,2
49519,125,124,1
49520,105,101,4
49521,121,121,0
49522,70,70,0
49523,88,88,0
49524,349,347,2
49525,112,108,4
49526,280,277,3
49527,218,214,4
49528,250,248,2
49529,567,566,1
49530,35,35,0
49531,370,369,1
49532,208,207,1
49533,515,512,3
49534,293,292,1
49535,226,225,1
49536,135,135,0
49537,148,146,2
49538,122,122,0
49539,207,205,2
49540,802,795,7
49541,222,221,1
49542,334,334,0
49543,142,141,1
49544,154,152,2
49545,869,867,2
49546,189,188,1
49547,196,194,2
49548,434,432,2
49549,459,459,0
49550,171,170,1
49551,93,85,8
49552,637,634,3
49553,117,117,0
49554,404,401,3
49555,234,233,1
49556,192,192,0
49557,46,46,0
49558,61,61,0
49559,256,255,1
49560,499,499,0
49561,141,141,0
49562,310,309,1
49563,141,140,1
49564,199,198,1
49565,308,308,0
49566,144,143,1
49567,126,126,0
49568,635,633,2
49569,425,423,2
49570,193,193,0
49571,127,127,0
49572,149,148,1
49573,275,271,4
49574,119,119,0
49575,75,75,0
49576,67,67,0
49577,201,200,1
49578,243,241,2
49579,299,297,2
49580,147,145,2
49581,143,143,0
49582,340,339,1
49583,149,149,0
49584,306,303,3
49585,278,275,3
49586,899,887,12
49587,293,292,1
49588,149,149,0
49589,219,219,0
49590,195,194,1
49591,87,86,1
49592,188,185,3
49593,237,235,2
49594,111,109,2
49595,332,331,1
49596,295,295,0
49597,528,525,3
49598,296,296,0
49599,317,315,2
49600,322,321,1
49601,124,123,1
49602,183,182,1
49603,379,378,1
49604,123,122,1
49605,125,125,0
49606,51,51,0
49607,123,123,0
49608,367,364,3
49609,226,226,0
49610,359,350,9
49611,242,242,0
49612,528,521,7
49613,239,238,1
49614,183,182,1
49615,213,213,0
49616,175,175,0
49617,96,91,5
49618,254,254,0
49619,152,151,1
49620,447,447,0
49621,106,106,0
49622,116,116,0
49623,186,183,3
49624,241,241,0
49625,306,305,1
49626,391,389,2
49627,210,210,0
49628,601,597,4
49629,294,294,0
49630,58,57,1
49631,113,113,0
49632,64,62,2
49633,103,102,1
49634,441,438,3
49635,139,139,0
49636,141,139,2
49637,153,153,0
49638,126,126,0
49639,145,143,2
49640,234,233,1
49641,158,157,1
49642,175,175,0
49643,163,163,0
49644,143,139,4
49645,298,293,5
49646,266,264,2
49647,87,87,0
49648,69,69,0
49649,84,83,1
49650,49,49,0
49651,75,75,0
49652,56,56,0
49653,873,869,4
49654,88,88,0
49655,155,155,0
49656,113,112,1
49657,101,99,2
49658,232,232,0
49659,59,59,0
49660,390,390,0
49661,124,123,1
49662,196,196,0
49663,187,187,0
49664,578,576,2
49665,204,202,2
49666,418,408,10
49667,868,860,8
49668,624,621,3
49669,851,844,7
49670,172,170,2
49671,392,390,2
49672,294,294,0
49673,221,219,2
49674,965,956,9
49675,649,641,8
49676,168,165,3
49677,317,317,0
49678,48,48,0
49679,144,144,0
49680,928,927,1
49681,337,337,0
49682,167,167,0
49683,171,170,1
49684,287,287,0
49685,168,168,0
49686,381,376,5
49687,307,287,20
49688,135,133,2
49689,210,209,1
49690,360,358,2
49691,134,133,1
49692,169,168,1
49693,434,431,3
49694,288,287,1
49695,809,803,6
49696,266,264,2
49697,114,114,0
49698,91,91,0
49699,161,161,0
49700,333,331,2
49701,280,278,2
49702,329,326,3
49703,213,213,0
49704,145,145,0
49705,374,371,3
49706,334,330,4
49707,176,175,1
49708,199,197,2
49709,43,43,0
49710,84,84,0
49711,296,295,1
49712,129,129,0
49713,194,194,0
49714,48,48,0
49715,100,100,0
49716,126,125,1
49717,301,300,1
49718,125,124,1
49719,637,634,3
49720,67,67,0
49721,167,166,1
49722,133,133,0
49723,202,198,4
49724,308,305,3
49725,304,303,1
49726,133,133,0
49727,153,152,1
49728,402,400,2
49729,117,117,0
49730,39,39,0
49731,138,137,1
49732,169,162,7
49733,207,202,5
49734,126,125,1
49735,157,156,1
49736,175,175,0
49737,98,98,0
49738,129,126,3
49739,875,874,1
49740,129,129,0
49741,235,235,0
49742,351,351,0
49743,186,186,0
49744,297,296,1
49745,133,132,1
49746,187,186,1
49747,275,273,2
49748,150,147,3
49749,473,471,2
49750,68,68,0
49751,284,284,0
49752,150,149,1
49753,446,445,1
49754,224,224,0
49755,139,137,2
49756,213,213,0
49757,303,298,5
49758,495,494,1
49759,57,57,0
49760,204,204,0
49761,186,186,0
49762,104,104,0
49763,123,123,0
49764,667,662,5
49765,184,180,4
49766,350,350,0
49767,335,320,15
49768,223,220,3
49769,258,258,0
49770,133,132,1
49771,268,264,4
49772,197,195,2
49773,374,373,1
49774,789,781,8
49775,742,732,10
49776,217,217,0
49777,336,334,2
49778,672,670,2
49779,168,164,4
49780,128,128,0
49781,48,48,0
49782,40,40,0
49783,51,51,0
49784,40,40,0
49785,144,142,2
49786,357,357,0
49787,466,464,2
49788,75,75,0
49789,505,503,2
49790,585,579,6
49791,118,116,2
49792,79,79,0
49793,230,230,0
49794,291,291,0
49795,157,154,3
49796,235,234,1
49797,188,188,0
49798,223,220,3
49799,158,158,0
49800,337,334,3
49801,194,194,0
49802,722,720,2
49803,353,353,0
49804,136,135,1
49805,184,182,2
49806,776,769,7
49807,218,217,1
49808,60,60,0
49809,162,162,0
49810,531,530,1
49811,275,273,2
49812,340,338,2
49813,309,309,0
49814,254,254,0
49815,574,574,0
49816,258,258,0
49817,136,133,3
49818,478,478,0
49819,287,283,4
49820,212,211,1
49821,192,191,1
49822,491,482,9
49823,125,124,1
49824,234,234,0
49825,39,37,2
49826,114,114,0
49827,67,67,0
49828,146,146,0
49829,54,53,1
49830,421,421,0
49831,327,324,3
49832,489,480,9
49833,49,49,0
49834,147,146,1
49835,109,108,1
49836,111,110,1
49837,500,490,10
49838,124,124,0
49839,317,316,1
49840,288,288,0
49841,334,332,2
49842,114,113,1
49843,220,217,3
49844,602,601,1
49845,944,938,6
49846,195,193,2
49847,201,199,2
49848,151,150,1
49849,421,421,0
49850,104,103,1
49851,223,220,3
49852,190,187,3
49853,100,98,2
49854,187,187,0
49855,196,194,2
49856,906,902,4
49857,37,37,0
49858,481,478,3
49859,762,761,1
49860,195,191,4
49861,417,413,4
49862,221,220,1
49863,292,291,1
49864,368,368,0
49865,222,222,0
49866,801,796,5
49867,186,184,2
49868,154,153,1
49869,129,129,0
49870,722,717,5
49871,175,175,0
49872,994,986,8
49873,216,212,4
49874,467,465,2
49875,141,141,0
49876,132,131,1
49877,147,146,1
49878,162,162,0
49879,41,41,0
49880,184,182,2
49881,38,37,1
49882,534,530,4
49883,71,71,0
49884,131,131,0
49885,275,274,1
49886,111,110,1
49887,71,71,0
49888,248,248,0
49889,123,123,0
49890,161,161,0
49891,116,115,1
49892,170,169,1
49893,203,203,0
49894,223,221,2
49895,156,155,1
49896,269,269,0
49897,288,286,2
49898,136,136,0
49899,147,147,0
49900,126,125,1
49901,132,132,0
49902,134,134,0
49903,284,282,2
49904,252,251,1
49905,445,441,4
49906,268,268,0
49907,113,112,1
49908,115,110,5
49909,277,276,1
49910,443,440,3
49911,129,129,0
49912,139,139,0
49913,57,57,0
49914,284,283,1
49915,115,115,0
49916,77,77,0
49917,63,62,1
49918,106,106,0
49919,121,121,0
49920,185,185,0
49921,239,237,2
49922,144,144,0
49923,131,131,0
49924,330,329,1
49925,71,70,1
49926,114,114,0
49927,37,35,2
49928,172,172,0
49929,135,134,1
49930,856,850,6
49931,419,417,2
49932,516,510,6
49933,922,921,1
49934,485,484,1
49935,222,222,0
49936,124,124,0
49937,135,132,3
49938,274,273,1
49939,204,202,2
49940,263,263,0
49941,295,294,1
49942,197,194,3
49943,513,513,0
49944,299,299,0
49945,257,256,1
49946,220,219,1
49947,116,114,2
49948,334,334,0
49949,518,516,2
49950,229,228,1
49951,575,573,2
49952,280,280,0
49953,84,84,0
49954,185,184,1
49955,324,323,1
49956,205,205,0
49957,233,233,0
49958,210,209,1
49959,474,464,10
49960,297,296,1
49961,450,450,0
49962,216,212,4
49963,777,771,6
49964,202,202,0
49965,701,689,12
49966,78,78,0
49967,212,212,0
49968,127,124,3
49969,173,173,0
49970,290,290,0
49971,334,333,1
49972,190,188,2
49973,221,216,5
49974,197,195,2
49975,459,454,5
49976,271,271,0
49977,339,339,0
49978,596,592,4
49979,125,125,0
49980,627,625,2
49981,214,213,1
49982,990,983,7
49983,338,337,1
49984,955,949,6
49985,320,320,0
49986,124,123,1
49987,499,493,6
49988,280,280,0
49989,668,663,5
49990,219,216,3
49991,213,213,0
49992,172,170,2
49993,316,316,0
49994,132,131,1
49995,107,107,0
49996,165,165,0
49997,277,274,3
49998,130,129,1
49999,382,381,1
