,num_review_tokens,retrieved_vectors,missed
0,153,153,0
1,352,351,1
2,247,247,0
3,128,127,1
4,205,204,1
5,315,315,0
6,344,342,2
7,143,143,0
8,174,174,0
9,960,954,6
10,256,256,0
11,146,146,0
12,214,214,0
13,165,165,0
14,111,111,0
15,361,361,0
16,207,206,1
17,703,690,13
18,191,189,2
19,131,131,0
20,305,305,0
21,191,191,0
22,204,204,0
23,48,48,0
24,99,99,0
25,140,140,0
26,269,269,0
27,128,128,0
28,162,162,0
29,1005,1004,1
30,523,523,0
31,160,156,4
32,981,978,3
33,146,146,0
34,251,251,0
35,763,757,6
36,319,318,1
37,119,119,0
38,742,738,4
39,139,139,0
40,190,189,1
41,304,304,0
42,509,508,1
43,58,57,1
44,216,213,3
45,91,91,0
46,80,80,0
47,462,461,1
48,193,193,0
49,525,521,4
50,487,485,2
51,49,49,0
52,159,158,1
53,119,119,0
54,870,867,3
55,828,826,2
56,123,123,0
57,526,525,1
58,221,221,0
59,134,134,0
60,248,247,1
61,160,159,1
62,253,253,0
63,159,159,0
64,152,150,2
65,108,107,1
66,161,160,1
67,57,57,0
68,47,47,0
69,136,135,1
70,57,57,0
71,69,69,0
72,154,154,0
73,174,171,3
74,162,161,1
75,264,264,0
76,247,247,0
77,560,560,0
78,69,69,0
79,537,534,3
80,255,255,0
81,173,172,1
82,207,206,1
83,152,152,0
84,107,105,2
85,36,35,1
86,137,137,0
87,98,97,1
88,149,148,1
89,201,201,0
90,185,185,0
91,143,143,0
92,196,196,0
93,238,238,0
94,134,134,0
95,209,209,0
96,228,228,0
97,201,201,0
98,430,427,3
99,142,142,0
100,295,293,2
101,144,144,0
102,132,132,0
103,209,208,1
104,617,613,4
105,230,230,0
106,208,208,0
107,463,462,1
108,374,374,0
109,196,196,0
110,127,127,0
111,179,179,0
112,214,214,0
113,556,554,2
114,194,187,7
115,431,429,2
116,213,213,0
117,1028,1027,1
118,940,938,2
119,196,196,0
120,320,320,0
121,591,591,0
122,161,161,0
123,140,140,0
124,220,220,0
125,250,245,5
126,144,143,1
127,176,176,0
128,63,63,0
129,46,46,0
130,51,51,0
131,450,449,1
132,71,71,0
133,139,138,1
134,103,103,0
135,130,130,0
136,92,92,0
137,163,162,1
138,435,434,1
139,34,34,0
140,225,225,0
141,72,72,0
142,91,90,1
143,255,255,0
144,249,245,4
145,305,305,0
146,396,393,3
147,133,133,0
148,245,245,0
149,156,156,0
150,522,521,1
151,124,123,1
152,159,158,1
153,146,143,3
154,546,545,1
155,101,101,0
156,145,143,2
157,375,374,1
158,147,147,0
159,293,292,1
160,179,179,0
161,115,115,0
162,161,161,0
163,75,74,1
164,449,448,1
165,351,350,1
166,577,576,1
167,319,319,0
168,170,170,0
169,133,133,0
170,138,138,0
171,149,149,0
172,155,155,0
173,114,114,0
174,124,124,0
175,249,249,0
176,231,230,1
177,139,138,1
178,747,745,2
179,151,150,1
180,176,176,0
181,300,299,1
182,155,155,0
183,235,235,0
184,183,183,0
185,1009,1006,3
186,390,390,0
187,220,218,2
188,170,169,1
189,392,389,3
190,621,620,1
191,518,517,1
192,50,50,0
193,64,64,0
194,45,45,0
195,56,56,0
196,63,63,0
197,103,102,1
198,129,129,0
199,222,222,0
200,214,213,1
201,172,172,0
202,215,214,1
203,259,256,3
204,129,129,0
205,302,302,0
206,108,105,3
207,129,129,0
208,150,150,0
209,119,118,1
210,147,147,0
211,112,108,4
212,157,153,4
213,210,210,0
214,454,450,4
215,219,219,0
216,96,94,2
217,86,86,0
218,151,151,0
219,192,191,1
220,673,667,6
221,146,146,0
222,193,193,0
223,292,292,0
224,107,106,1
225,136,135,1
226,127,127,0
227,594,592,2
228,62,62,0
229,213,213,0
230,234,234,0
231,173,173,0
232,145,145,0
233,593,547,46
234,195,195,0
235,452,452,0
236,530,529,1
237,200,200,0
238,110,110,0
239,190,190,0
240,44,44,0
241,329,329,0
242,125,124,1
243,85,84,1
244,208,208,0
245,250,248,2
246,212,211,1
247,241,239,2
248,100,100,0
249,425,424,1
250,205,205,0
251,206,203,3
252,166,166,0
253,158,158,0
254,194,194,0
255,176,174,2
256,120,120,0
257,182,182,0
258,493,492,1
259,535,535,0
260,392,388,4
261,144,144,0
262,211,211,0
263,106,106,0
264,195,195,0
265,256,253,3
266,196,196,0
267,344,343,1
268,138,138,0
269,281,279,2
270,340,334,6
271,803,796,7
272,293,288,5
273,278,277,1
274,172,172,0
275,170,170,0
276,201,201,0
277,134,130,4
278,125,125,0
279,139,139,0
280,224,224,0
281,407,405,2
282,221,220,1
283,148,146,2
284,116,116,0
285,333,332,1
286,238,238,0
287,152,152,0
288,172,165,7
289,127,127,0
290,51,51,0
291,376,374,2
292,978,975,3
293,351,349,2
294,179,179,0
295,295,291,4
296,602,597,5
297,75,75,0
298,521,519,2
299,112,112,0
300,145,144,1
301,320,320,0
302,282,282,0
303,118,118,0
304,631,630,1
305,103,99,4
306,64,64,0
307,60,60,0
308,60,60,0
309,165,165,0
310,69,68,1
311,130,130,0
312,57,56,1
313,55,54,1
314,61,61,0
315,127,127,0
316,372,371,1
317,116,116,0
318,123,122,1
319,272,266,6
320,232,232,0
321,141,140,1
322,687,685,2
323,707,704,3
324,424,423,1
325,559,557,2
326,42,42,0
327,334,331,3
328,108,108,0
329,206,206,0
330,117,116,1
331,278,277,1
332,124,124,0
333,198,198,0
334,171,169,2
335,208,208,0
336,210,210,0
337,136,136,0
338,61,61,0
339,130,130,0
340,115,115,0
341,453,444,9
342,324,323,1
343,434,433,1
344,109,108,1
345,62,62,0
346,63,63,0
347,52,52,0
348,62,62,0
349,190,190,0
350,164,163,1
351,159,158,1
352,89,89,0
353,126,126,0
354,164,164,0
355,234,233,1
356,425,423,2
357,192,191,1
358,154,153,1
359,114,112,2
360,137,136,1
361,239,238,1
362,119,118,1
363,114,114,0
364,185,185,0
365,172,169,3
366,270,269,1
367,132,131,1
368,262,261,1
369,126,126,0
370,122,122,0
371,334,333,1
372,167,167,0
373,204,204,0
374,296,295,1
375,52,52,0
376,104,104,0
377,124,122,2
378,130,129,1
379,232,232,0
380,69,69,0
381,65,65,0
382,145,144,1
383,165,158,7
384,71,71,0
385,280,280,0
386,115,115,0
387,226,223,3
388,128,127,1
389,125,124,1
390,236,234,2
391,140,140,0
392,111,109,2
393,221,218,3
394,288,285,3
395,309,308,1
396,831,824,7
397,320,315,5
398,114,112,2
399,132,130,2
400,275,273,2
401,103,102,1
402,159,159,0
403,196,196,0
404,178,178,0
405,108,108,0
406,188,188,0
407,311,307,4
408,175,174,1
409,211,208,3
410,130,130,0
411,271,270,1
412,119,118,1
413,360,360,0
414,244,244,0
415,150,150,0
416,220,219,1
417,213,212,1
418,647,645,2
419,115,115,0
420,151,150,1
421,76,76,0
422,136,134,2
423,112,112,0
424,39,39,0
425,75,75,0
426,107,106,1
427,117,115,2
428,86,85,1
429,33,33,0
430,128,127,1
431,702,699,3
432,419,412,7
433,118,118,0
434,500,496,4
435,140,140,0
436,336,336,0
437,236,235,1
438,129,129,0
439,251,250,1
440,476,470,6
441,523,520,3
442,183,183,0
443,127,127,0
444,105,104,1
445,679,675,4
446,231,231,0
447,375,375,0
448,212,212,0
449,128,128,0
450,189,189,0
451,496,494,2
452,257,255,2
453,254,254,0
454,526,526,0
455,168,168,0
456,113,113,0
457,175,174,1
458,164,164,0
459,203,203,0
460,205,203,2
461,146,146,0
462,107,105,2
463,155,154,1
464,72,72,0
465,130,130,0
466,134,134,0
467,193,193,0
468,211,210,1
469,820,818,2
470,258,255,3
471,157,157,0
472,115,115,0
473,152,151,1
474,66,66,0
475,343,341,2
476,83,83,0
477,518,517,1
478,36,36,0
479,71,71,0
480,143,143,0
481,171,171,0
482,298,297,1
483,181,179,2
484,196,196,0
485,150,150,0
486,147,147,0
487,207,206,1
488,113,113,0
489,141,141,0
490,146,145,1
491,109,109,0
492,297,295,2
493,398,396,2
494,135,135,0
495,273,272,1
496,166,166,0
497,382,381,1
498,166,166,0
499,139,138,1
500,571,569,2
501,228,228,0
502,373,372,1
503,599,599,0
504,134,133,1
505,335,335,0
506,184,184,0
507,92,92,0
508,115,115,0
509,62,61,1
510,537,532,5
511,127,127,0
512,305,300,5
513,136,133,3
514,137,136,1
515,124,121,3
516,152,152,0
517,176,176,0
518,184,184,0
519,802,785,17
520,142,140,2
521,232,231,1
522,44,44,0
523,162,160,2
524,423,420,3
525,122,121,1
526,151,151,0
527,227,227,0
528,189,188,1
529,427,427,0
530,117,117,0
531,987,982,5
532,117,117,0
533,174,174,0
534,212,209,3
535,448,440,8
536,160,160,0
537,175,168,7
538,425,421,4
539,244,244,0
540,118,118,0
541,737,736,1
542,367,351,16
543,143,143,0
544,161,161,0
545,182,181,1
546,123,121,2
547,70,70,0
548,111,111,0
549,133,132,1
550,396,394,2
551,84,83,1
552,128,127,1
553,279,277,2
554,15,14,1
555,57,57,0
556,169,165,4
557,66,65,1
558,361,361,0
559,839,838,1
560,180,180,0
561,528,526,2
562,80,80,0
563,142,141,1
564,204,204,0
565,150,150,0
566,79,78,1
567,176,175,1
568,61,61,0
569,53,53,0
570,220,218,2
571,138,137,1
572,175,175,0
573,135,135,0
574,52,52,0
575,55,54,1
576,148,148,0
577,152,151,1
578,133,132,1
579,114,114,0
580,134,133,1
581,122,120,2
582,150,150,0
583,118,118,0
584,104,104,0
585,148,147,1
586,461,461,0
587,137,137,0
588,294,292,2
589,131,130,1
590,135,131,4
591,164,161,3
592,117,116,1
593,202,202,0
594,228,228,0
595,154,153,1
596,155,154,1
597,139,139,0
598,402,402,0
599,155,151,4
600,137,135,2
601,81,79,2
602,99,99,0
603,115,114,1
604,190,190,0
605,123,123,0
606,56,56,0
607,133,133,0
608,176,176,0
609,56,56,0
610,78,78,0
611,131,131,0
612,132,132,0
613,159,159,0
614,332,326,6
615,173,172,1
616,136,136,0
617,174,173,1
618,125,125,0
619,73,73,0
620,247,246,1
621,117,117,0
622,115,115,0
623,94,94,0
624,121,118,3
625,215,214,1
626,419,418,1
627,630,629,1
628,179,177,2
629,125,124,1
630,122,121,1
631,209,209,0
632,326,326,0
633,125,125,0
634,124,124,0
635,147,147,0
636,108,108,0
637,296,295,1
638,335,335,0
639,145,145,0
640,460,456,4
641,121,120,1
642,212,210,2
643,358,358,0
644,295,293,2
645,356,353,3
646,111,111,0
647,162,162,0
648,125,124,1
649,155,154,1
650,284,280,4
651,150,150,0
652,158,158,0
653,63,62,1
654,205,204,1
655,63,63,0
656,68,68,0
657,111,110,1
658,62,62,0
659,114,114,0
660,111,109,2
661,138,137,1
662,161,160,1
663,187,187,0
664,248,246,2
665,250,250,0
666,158,158,0
667,147,147,0
668,187,185,2
669,220,219,1
670,117,116,1
671,173,173,0
672,152,149,3
673,278,277,1
674,145,144,1
675,563,563,0
676,115,115,0
677,169,168,1
678,813,807,6
679,795,793,2
680,702,699,3
681,253,251,2
682,168,168,0
683,111,110,1
684,315,315,0
685,82,82,0
686,74,74,0
687,163,163,0
688,239,239,0
689,170,169,1
690,273,273,0
691,100,100,0
692,128,128,0
693,834,828,6
694,338,337,1
695,334,328,6
696,211,211,0
697,321,321,0
698,472,472,0
699,524,519,5
700,399,398,1
701,198,197,1
702,337,336,1
703,693,693,0
704,238,238,0
705,436,430,6
706,177,177,0
707,144,144,0
708,497,497,0
709,217,216,1
710,168,166,2
711,50,50,0
712,151,150,1
713,56,55,1
714,281,281,0
715,267,264,3
716,149,146,3
717,249,247,2
718,248,248,0
719,67,67,0
720,67,65,2
721,65,65,0
722,151,151,0
723,366,365,1
724,139,137,2
725,126,126,0
726,151,151,0
727,247,247,0
728,177,177,0
729,151,151,0
730,600,599,1
731,118,117,1
732,437,437,0
733,1011,1003,8
734,67,66,1
735,122,122,0
736,758,751,7
737,239,239,0
738,176,165,11
739,150,149,1
740,591,589,2
741,138,136,2
742,101,100,1
743,213,212,1
744,236,236,0
745,258,258,0
746,193,191,2
747,73,72,1
748,346,343,3
749,607,601,6
750,149,146,3
751,247,247,0
752,83,83,0
753,140,140,0
754,153,146,7
755,190,190,0
756,189,189,0
757,295,295,0
758,207,203,4
759,47,47,0
760,452,450,2
761,213,213,0
762,187,186,1
763,131,131,0
764,126,126,0
765,536,535,1
766,51,51,0
767,127,125,2
768,97,95,2
769,206,206,0
770,140,138,2
771,122,122,0
772,377,373,4
773,131,128,3
774,220,217,3
775,127,127,0
776,148,148,0
777,284,283,1
778,164,159,5
779,67,66,1
780,132,132,0
781,258,258,0
782,120,120,0
783,377,375,2
784,440,436,4
785,109,109,0
786,984,984,0
787,1014,1008,6
788,388,388,0
789,444,444,0
790,167,166,1
791,118,118,0
792,186,186,0
793,213,213,0
794,276,276,0
795,183,183,0
796,550,550,0
797,187,187,0
798,194,194,0
799,275,273,2
800,110,110,0
801,515,515,0
802,261,261,0
803,868,865,3
804,104,104,0
805,74,74,0
806,132,129,3
807,250,250,0
808,158,157,1
809,574,574,0
810,131,128,3
811,270,269,1
812,278,277,1
813,126,126,0
814,485,485,0
815,213,213,0
816,526,526,0
817,472,472,0
818,165,165,0
819,270,270,0
820,171,171,0
821,266,264,2
822,123,122,1
823,97,97,0
824,316,315,1
825,56,56,0
826,263,262,1
827,938,938,0
828,222,222,0
829,74,74,0
830,77,77,0
831,80,80,0
832,139,135,4
833,279,278,1
834,145,144,1
835,395,395,0
836,443,443,0
837,124,124,0
838,743,742,1
839,584,580,4
840,281,281,0
841,128,128,0
842,556,552,4
843,194,194,0
844,495,493,2
845,128,124,4
846,175,174,1
847,222,222,0
848,131,131,0
849,141,141,0
850,163,163,0
851,799,798,1
852,87,86,1
853,360,359,1
854,153,150,3
855,398,398,0
856,149,149,0
857,547,546,1
858,30,30,0
859,52,52,0
860,33,32,1
861,86,86,0
862,132,132,0
863,218,217,1
864,214,213,1
865,271,266,5
866,1019,1019,0
867,88,86,2
868,157,156,1
869,169,169,0
870,126,126,0
871,163,163,0
872,389,389,0
873,531,528,3
874,483,479,4
875,174,174,0
876,362,361,1
877,257,257,0
878,186,186,0
879,650,650,0
880,145,145,0
881,229,227,2
882,156,156,0
883,574,569,5
884,636,636,0
885,190,189,1
886,764,756,8
887,249,246,3
888,261,261,0
889,116,114,2
890,191,185,6
891,175,173,2
892,110,108,2
893,181,176,5
894,284,277,7
895,332,332,0
896,228,223,5
897,405,399,6
898,139,139,0
899,438,433,5
900,373,373,0
901,58,58,0
902,343,339,4
903,53,53,0
904,630,616,14
905,118,114,4
906,150,150,0
907,418,415,3
908,128,128,0
909,268,268,0
910,135,135,0
911,113,113,0
912,119,117,2
913,161,158,3
914,125,125,0
915,254,253,1
916,104,104,0
917,179,178,1
918,134,134,0
919,262,262,0
920,250,246,4
921,217,217,0
922,236,231,5
923,554,546,8
924,142,142,0
925,175,174,1
926,149,148,1
927,127,127,0
928,187,186,1
929,100,99,1
930,507,507,0
931,54,54,0
932,1016,1008,8
933,75,75,0
934,57,57,0
935,141,141,0
936,222,220,2
937,113,113,0
938,503,501,2
939,57,57,0
940,113,113,0
941,196,196,0
942,193,192,1
943,253,250,3
944,151,151,0
945,127,127,0
946,127,127,0
947,266,266,0
948,222,222,0
949,397,397,0
950,197,197,0
951,161,148,13
952,305,305,0
953,171,171,0
954,27,27,0
955,169,169,0
956,128,128,0
957,106,106,0
958,328,326,2
959,192,192,0
960,194,193,1
961,114,108,6
962,133,133,0
963,146,145,1
964,167,165,2
965,105,104,1
966,367,356,11
967,391,383,8
968,117,114,3
969,206,201,5
970,161,161,0
971,199,199,0
972,131,131,0
973,56,56,0
974,331,331,0
975,47,47,0
976,146,144,2
977,104,104,0
978,219,216,3
979,116,116,0
980,111,110,1
981,106,106,0
982,167,167,0
983,111,111,0
984,133,133,0
985,530,529,1
986,165,165,0
987,292,287,5
988,213,208,5
989,396,396,0
990,400,400,0
991,158,158,0
992,322,321,1
993,84,84,0
994,267,265,2
995,87,85,2
996,157,154,3
997,309,309,0
998,130,128,2
999,457,457,0
1000,176,175,1
1001,348,345,3
1002,224,224,0
1003,144,144,0
1004,460,460,0
1005,116,116,0
1006,110,110,0
1007,169,169,0
1008,237,237,0
1009,292,290,2
1010,117,117,0
1011,316,316,0
1012,501,500,1
1013,69,69,0
1014,84,83,1
1015,1013,1011,2
1016,129,129,0
1017,221,221,0
1018,122,122,0
1019,127,127,0
1020,120,120,0
1021,195,192,3
1022,160,160,0
1023,118,118,0
1024,206,204,2
1025,189,189,0
1026,304,303,1
1027,185,185,0
1028,331,331,0
1029,97,95,2
1030,122,122,0
1031,47,47,0
1032,652,636,16
1033,180,179,1
1034,96,96,0
1035,272,270,2
1036,118,118,0
1037,284,284,0
1038,214,214,0
1039,188,187,1
1040,615,609,6
1041,275,275,0
1042,170,170,0
1043,163,163,0
1044,475,475,0
1045,743,743,0
1046,138,137,1
1047,137,137,0
1048,113,113,0
1049,104,104,0
1050,86,86,0
1051,502,502,0
1052,81,81,0
1053,155,155,0
1054,100,97,3
1055,121,121,0
1056,164,164,0
1057,92,92,0
1058,185,183,2
1059,377,374,3
1060,232,231,1
1061,97,97,0
1062,169,169,0
1063,231,230,1
1064,363,360,3
1065,120,119,1
1066,242,242,0
1067,349,349,0
1068,245,244,1
1069,640,640,0
1070,735,732,3
1071,238,237,1
1072,330,330,0
1073,194,193,1
1074,409,409,0
1075,167,167,0
1076,115,114,1
1077,379,379,0
1078,379,377,2
1079,199,199,0
1080,53,53,0
1081,84,84,0
1082,60,60,0
1083,83,83,0
1084,47,47,0
1085,56,56,0
1086,89,89,0
1087,131,131,0
1088,52,52,0
1089,161,161,0
1090,150,150,0
1091,166,166,0
1092,96,96,0
1093,45,45,0
1094,360,360,0
1095,219,219,0
1096,82,82,0
1097,110,110,0
1098,138,138,0
1099,74,74,0
1100,62,62,0
1101,152,148,4
1102,307,305,2
1103,76,76,0
1104,84,81,3
1105,87,87,0
1106,96,96,0
1107,89,89,0
1108,245,245,0
1109,140,140,0
1110,47,47,0
1111,140,140,0
1112,190,189,1
1113,130,130,0
1114,165,164,1
1115,353,352,1
1116,119,119,0
1117,149,149,0
1118,178,178,0
1119,70,70,0
1120,127,126,1
1121,512,508,4
1122,184,184,0
1123,306,306,0
1124,179,179,0
1125,120,119,1
1126,146,146,0
1127,182,176,6
1128,45,44,1
1129,67,67,0
1130,401,400,1
1131,151,151,0
1132,148,147,1
1133,430,425,5
1134,311,311,0
1135,129,129,0
1136,48,48,0
1137,102,101,1
1138,73,72,1
1139,113,113,0
1140,60,58,2
1141,131,129,2
1142,123,123,0
1143,423,423,0
1144,180,179,1
1145,199,198,1
1146,129,129,0
1147,128,127,1
1148,119,119,0
1149,248,248,0
1150,155,155,0
1151,675,670,5
1152,139,139,0
1153,157,157,0
1154,95,94,1
1155,168,165,3
1156,65,65,0
1157,147,147,0
1158,385,385,0
1159,70,70,0
1160,173,173,0
1161,125,125,0
1162,329,327,2
1163,299,299,0
1164,135,135,0
1165,488,488,0
1166,234,233,1
1167,400,399,1
1168,697,696,1
1169,917,916,1
1170,212,212,0
1171,368,364,4
1172,170,170,0
1173,376,374,2
1174,163,163,0
1175,180,179,1
1176,147,147,0
1177,265,265,0
1178,161,161,0
1179,202,202,0
1180,115,112,3
1181,189,189,0
1182,538,533,5
1183,164,164,0
1184,337,333,4
1185,62,62,0
1186,223,219,4
1187,83,82,1
1188,176,175,1
1189,122,121,1
1190,155,152,3
1191,131,131,0
1192,513,511,2
1193,155,155,0
1194,118,118,0
1195,246,245,1
1196,112,107,5
1197,223,215,8
1198,198,196,2
1199,550,548,2
1200,197,197,0
1201,154,152,2
1202,660,659,1
1203,48,48,0
1204,149,149,0
1205,138,138,0
1206,302,300,2
1207,84,83,1
1208,183,183,0
1209,101,101,0
1210,235,235,0
1211,975,971,4
1212,59,59,0
1213,316,315,1
1214,70,70,0
1215,115,111,4
1216,311,305,6
1217,380,380,0
1218,50,50,0
1219,169,169,0
1220,24,24,0
1221,248,246,2
1222,151,151,0
1223,543,542,1
1224,380,379,1
1225,91,91,0
1226,266,266,0
1227,59,59,0
1228,135,134,1
1229,226,226,0
1230,979,978,1
1231,201,200,1
1232,66,66,0
1233,110,110,0
1234,295,295,0
1235,28,28,0
1236,63,63,0
1237,164,164,0
1238,125,125,0
1239,228,228,0
1240,140,140,0
1241,203,203,0
1242,273,271,2
1243,687,686,1
1244,305,304,1
1245,385,382,3
1246,173,173,0
1247,62,62,0
1248,50,50,0
1249,75,70,5
1250,192,192,0
1251,118,118,0
1252,200,197,3
1253,241,236,5
1254,93,93,0
1255,123,122,1
1256,497,497,0
1257,123,123,0
1258,514,512,2
1259,118,118,0
1260,76,76,0
1261,285,283,2
1262,76,76,0
1263,66,66,0
1264,109,109,0
1265,91,91,0
1266,198,197,1
1267,96,96,0
1268,83,83,0
1269,428,425,3
1270,35,34,1
1271,322,320,2
1272,339,337,2
1273,357,356,1
1274,63,62,1
1275,226,224,2
1276,170,170,0
1277,242,241,1
1278,432,432,0
1279,279,279,0
1280,877,877,0
1281,234,234,0
1282,371,371,0
1283,390,390,0
1284,115,115,0
1285,199,197,2
1286,237,235,2
1287,222,222,0
1288,136,136,0
1289,184,183,1
1290,304,302,2
1291,860,835,25
1292,216,210,6
1293,150,150,0
1294,140,140,0
1295,122,122,0
1296,152,152,0
1297,122,122,0
1298,41,41,0
1299,134,134,0
1300,64,64,0
1301,62,62,0
1302,129,129,0
1303,124,123,1
1304,147,145,2
1305,133,133,0
1306,91,91,0
1307,134,132,2
1308,96,96,0
1309,208,208,0
1310,156,156,0
1311,66,66,0
1312,1048,1047,1
1313,62,62,0
1314,237,233,4
1315,604,603,1
1316,158,156,2
1317,295,295,0
1318,94,93,1
1319,151,151,0
1320,59,57,2
1321,115,115,0
1322,44,44,0
1323,226,224,2
1324,130,130,0
1325,127,126,1
1326,225,225,0
1327,527,518,9
1328,131,130,1
1329,164,164,0
1330,118,117,1
1331,174,174,0
1332,152,148,4
1333,61,60,1
1334,447,439,8
1335,274,273,1
1336,101,100,1
1337,294,292,2
1338,363,362,1
1339,765,762,3
1340,236,236,0
1341,165,164,1
1342,125,125,0
1343,339,336,3
1344,129,129,0
1345,557,555,2
1346,414,405,9
1347,319,317,2
1348,275,273,2
1349,404,396,8
1350,146,144,2
1351,127,124,3
1352,243,242,1
1353,129,129,0
1354,115,115,0
1355,585,583,2
1356,551,550,1
1357,236,236,0
1358,308,306,2
1359,246,245,1
1360,300,300,0
1361,144,142,2
1362,226,226,0
1363,589,588,1
1364,176,176,0
1365,214,214,0
1366,165,164,1
1367,769,766,3
1368,245,244,1
1369,440,439,1
1370,192,192,0
1371,135,134,1
1372,141,141,0
1373,127,126,1
1374,124,124,0
1375,138,138,0
1376,113,112,1
1377,116,116,0
1378,138,137,1
1379,142,142,0
1380,516,512,4
1381,147,147,0
1382,205,205,0
1383,112,112,0
1384,498,497,1
1385,354,354,0
1386,113,113,0
1387,102,101,1
1388,336,336,0
1389,50,50,0
1390,110,110,0
1391,138,138,0
1392,66,66,0
1393,57,57,0
1394,370,367,3
1395,65,65,0
1396,183,182,1
1397,136,134,2
1398,95,95,0
1399,122,122,0
1400,167,167,0
1401,117,117,0
1402,178,178,0
1403,24,24,0
1404,115,115,0
1405,153,153,0
1406,145,145,0
1407,72,70,2
1408,132,132,0
1409,126,126,0
1410,213,213,0
1411,161,161,0
1412,110,110,0
1413,85,84,1
1414,64,63,1
1415,167,167,0
1416,104,104,0
1417,86,86,0
1418,137,137,0
1419,426,422,4
1420,158,156,2
1421,180,180,0
1422,237,234,3
1423,214,213,1
1424,225,225,0
1425,172,172,0
1426,274,273,1
1427,314,314,0
1428,229,229,0
1429,693,689,4
1430,406,406,0
1431,178,178,0
1432,426,423,3
1433,204,204,0
1434,391,391,0
1435,83,83,0
1436,307,306,1
1437,384,381,3
1438,268,267,1
1439,145,145,0
1440,288,288,0
1441,108,106,2
1442,289,288,1
1443,403,403,0
1444,585,584,1
1445,219,219,0
1446,174,174,0
1447,310,310,0
1448,140,139,1
1449,136,136,0
1450,310,309,1
1451,135,135,0
1452,150,150,0
1453,85,85,0
1454,101,101,0
1455,164,164,0
1456,71,71,0
1457,112,112,0
1458,79,79,0
1459,150,150,0
1460,196,196,0
1461,396,394,2
1462,130,129,1
1463,118,117,1
1464,161,161,0
1465,137,137,0
1466,135,135,0
1467,231,231,0
1468,188,188,0
1469,246,244,2
1470,147,147,0
1471,131,130,1
1472,135,133,2
1473,132,129,3
1474,72,72,0
1475,160,160,0
1476,165,165,0
1477,185,185,0
1478,197,197,0
1479,193,192,1
1480,565,556,9
1481,113,112,1
1482,73,72,1
1483,65,65,0
1484,332,331,1
1485,231,231,0
1486,69,68,1
1487,188,186,2
1488,156,156,0
1489,652,650,2
1490,285,283,2
1491,505,505,0
1492,161,160,1
1493,295,294,1
1494,238,238,0
1495,124,123,1
1496,394,389,5
1497,526,525,1
1498,136,134,2
1499,411,409,2
1500,381,381,0
1501,390,390,0
1502,179,178,1
1503,238,238,0
1504,261,261,0
1505,850,844,6
1506,509,507,2
1507,142,142,0
1508,115,113,2
1509,197,194,3
1510,138,138,0
1511,33,33,0
1512,165,164,1
1513,302,301,1
1514,137,137,0
1515,200,199,1
1516,44,44,0
1517,212,212,0
1518,241,239,2
1519,55,54,1
1520,109,109,0
1521,201,200,1
1522,132,131,1
1523,145,144,1
1524,151,151,0
1525,78,78,0
1526,183,183,0
1527,344,343,1
1528,126,126,0
1529,75,75,0
1530,170,169,1
1531,66,66,0
1532,125,125,0
1533,76,76,0
1534,65,65,0
1535,108,108,0
1536,388,387,1
1537,300,300,0
1538,70,70,0
1539,233,231,2
1540,617,617,0
1541,105,105,0
1542,336,335,1
1543,216,216,0
1544,192,192,0
1545,167,167,0
1546,893,892,1
1547,257,255,2
1548,236,236,0
1549,146,145,1
1550,113,113,0
1551,412,408,4
1552,193,192,1
1553,138,137,1
1554,159,158,1
1555,112,112,0
1556,71,71,0
1557,633,630,3
1558,608,604,4
1559,254,254,0
1560,141,141,0
1561,183,183,0
1562,142,142,0
1563,187,187,0
1564,404,403,1
1565,249,249,0
1566,265,263,2
1567,105,104,1
1568,141,141,0
1569,203,203,0
1570,163,161,2
1571,362,362,0
1572,434,434,0
1573,101,101,0
1574,164,162,2
1575,160,160,0
1576,212,211,1
1577,215,215,0
1578,185,185,0
1579,53,53,0
1580,142,142,0
1581,80,80,0
1582,246,244,2
1583,71,71,0
1584,212,211,1
1585,134,134,0
1586,102,102,0
1587,74,74,0
1588,75,75,0
1589,576,572,4
1590,516,512,4
1591,475,471,4
1592,228,226,2
1593,345,344,1
1594,134,134,0
1595,1033,1030,3
1596,208,208,0
1597,135,135,0
1598,245,245,0
1599,288,286,2
1600,114,114,0
1601,138,138,0
1602,203,203,0
1603,273,272,1
1604,174,172,2
1605,149,148,1
1606,293,293,0
1607,179,179,0
1608,488,488,0
1609,521,510,11
1610,248,248,0
1611,146,143,3
1612,191,191,0
1613,178,174,4
1614,173,173,0
1615,469,468,1
1616,230,229,1
1617,106,105,1
1618,167,167,0
1619,155,155,0
1620,267,265,2
1621,88,86,2
1622,305,303,2
1623,239,239,0
1624,122,122,0
1625,186,186,0
1626,165,165,0
1627,171,170,1
1628,171,170,1
1629,121,120,1
1630,147,147,0
1631,235,235,0
1632,57,57,0
1633,134,134,0
1634,562,561,1
1635,249,246,3
1636,132,132,0
1637,178,178,0
1638,400,400,0
1639,100,100,0
1640,191,189,2
1641,206,206,0
1642,138,138,0
1643,115,113,2
1644,160,160,0
1645,187,185,2
1646,213,213,0
1647,103,102,1
1648,191,191,0
1649,68,68,0
1650,79,79,0
1651,126,126,0
1652,100,98,2
1653,41,41,0
1654,141,139,2
1655,168,167,1
1656,190,190,0
1657,52,52,0
1658,157,156,1
1659,620,619,1
1660,709,707,2
1661,194,194,0
1662,281,281,0
1663,123,123,0
1664,1030,1027,3
1665,226,223,3
1666,104,104,0
1667,51,46,5
1668,125,124,1
1669,110,108,2
1670,104,104,0
1671,90,89,1
1672,137,133,4
1673,48,48,0
1674,65,64,1
1675,41,41,0
1676,177,172,5
1677,125,114,11
1678,203,196,7
1679,326,326,0
1680,183,183,0
1681,377,374,3
1682,137,137,0
1683,107,107,0
1684,434,433,1
1685,809,808,1
1686,297,296,1
1687,292,291,1
1688,132,131,1
1689,117,117,0
1690,111,109,2
1691,52,52,0
1692,70,69,1
1693,202,200,2
1694,123,123,0
1695,96,96,0
1696,217,217,0
1697,127,126,1
1698,422,422,0
1699,464,457,7
1700,503,503,0
1701,243,240,3
1702,127,127,0
1703,223,223,0
1704,105,97,8
1705,231,231,0
1706,499,498,1
1707,407,407,0
1708,125,125,0
1709,45,45,0
1710,118,117,1
1711,56,56,0
1712,280,280,0
1713,100,100,0
1714,75,75,0
1715,338,337,1
1716,33,33,0
1717,346,344,2
1718,41,40,1
1719,149,149,0
1720,274,272,2
1721,158,157,1
1722,181,181,0
1723,177,175,2
1724,181,181,0
1725,131,130,1
1726,211,210,1
1727,179,175,4
1728,503,501,2
1729,395,395,0
1730,280,280,0
1731,129,129,0
1732,211,211,0
1733,471,461,10
1734,298,296,2
1735,110,110,0
1736,62,61,1
1737,129,128,1
1738,179,179,0
1739,131,131,0
1740,141,141,0
1741,496,492,4
1742,98,98,0
1743,936,926,10
1744,53,53,0
1745,886,885,1
1746,236,234,2
1747,121,121,0
1748,141,140,1
1749,490,488,2
1750,255,253,2
1751,376,375,1
1752,148,142,6
1753,611,607,4
1754,288,284,4
1755,245,245,0
1756,911,910,1
1757,444,441,3
1758,578,574,4
1759,1035,1028,7
1760,491,488,3
1761,193,193,0
1762,545,542,3
1763,560,557,3
1764,250,250,0
1765,513,511,2
1766,757,756,1
1767,855,854,1
1768,145,145,0
1769,131,131,0
1770,698,693,5
1771,157,157,0
1772,259,259,0
1773,639,626,13
1774,210,208,2
1775,87,87,0
1776,157,157,0
1777,245,243,2
1778,112,112,0
1779,149,147,2
1780,118,118,0
1781,140,139,1
1782,124,124,0
1783,135,134,1
1784,257,253,4
1785,367,359,8
1786,724,722,2
1787,201,200,1
1788,255,255,0
1789,181,181,0
1790,196,194,2
1791,247,247,0
1792,189,187,2
1793,387,385,2
1794,464,463,1
1795,434,434,0
1796,453,445,8
1797,242,242,0
1798,769,769,0
1799,146,145,1
1800,183,183,0
1801,123,120,3
1802,115,115,0
1803,851,848,3
1804,147,146,1
1805,75,75,0
1806,106,104,2
1807,279,279,0
1808,196,195,1
1809,339,339,0
1810,65,65,0
1811,155,155,0
1812,337,336,1
1813,222,221,1
1814,466,464,2
1815,132,132,0
1816,217,217,0
1817,362,362,0
1818,335,335,0
1819,200,200,0
1820,568,567,1
1821,158,158,0
1822,28,28,0
1823,94,94,0
1824,183,183,0
1825,193,193,0
1826,286,285,1
1827,186,186,0
1828,470,469,1
1829,61,61,0
1830,369,369,0
1831,119,119,0
1832,244,239,5
1833,154,154,0
1834,79,79,0
1835,106,101,5
1836,167,167,0
1837,236,236,0
1838,268,267,1
1839,84,84,0
1840,81,81,0
1841,84,83,1
1842,63,63,0
1843,282,282,0
1844,67,66,1
1845,310,310,0
1846,197,196,1
1847,63,63,0
1848,192,192,0
1849,75,75,0
1850,1021,1021,0
1851,368,366,2
1852,99,99,0
1853,80,80,0
1854,198,194,4
1855,292,289,3
1856,62,61,1
1857,112,112,0
1858,139,139,0
1859,178,177,1
1860,103,103,0
1861,103,103,0
1862,99,99,0
1863,435,435,0
1864,133,132,1
1865,172,168,4
1866,109,109,0
1867,378,377,1
1868,264,263,1
1869,571,569,2
1870,178,177,1
1871,134,133,1
1872,199,198,1
1873,405,404,1
1874,117,115,2
1875,169,168,1
1876,260,259,1
1877,130,128,2
1878,943,921,22
1879,589,585,4
1880,152,152,0
1881,284,271,13
1882,196,192,4
1883,138,135,3
1884,117,116,1
1885,56,56,0
1886,309,305,4
1887,147,147,0
1888,174,174,0
1889,182,180,2
1890,46,46,0
1891,55,55,0
1892,305,303,2
1893,198,193,5
1894,206,204,2
1895,246,245,1
1896,376,374,2
1897,316,316,0
1898,203,202,1
1899,62,62,0
1900,118,117,1
1901,145,145,0
1902,332,332,0
1903,167,167,0
1904,740,737,3
1905,70,70,0
1906,274,271,3
1907,295,294,1
1908,137,135,2
1909,180,179,1
1910,334,333,1
1911,47,47,0
1912,208,208,0
1913,514,514,0
1914,62,62,0
1915,206,206,0
1916,132,132,0
1917,451,451,0
1918,559,554,5
1919,494,489,5
1920,248,247,1
1921,51,51,0
1922,252,250,2
1923,235,235,0
1924,150,150,0
1925,195,193,2
1926,143,142,1
1927,127,127,0
1928,143,143,0
1929,114,113,1
1930,200,199,1
1931,155,155,0
1932,91,90,1
1933,797,797,0
1934,348,346,2
1935,199,198,1
1936,185,185,0
1937,300,295,5
1938,213,213,0
1939,125,125,0
1940,123,123,0
1941,501,499,2
1942,604,604,0
1943,342,342,0
1944,130,130,0
1945,390,387,3
1946,200,200,0
1947,178,177,1
1948,144,144,0
1949,92,92,0
1950,110,110,0
1951,346,345,1
1952,52,52,0
1953,184,184,0
1954,211,210,1
1955,49,49,0
1956,61,61,0
1957,64,63,1
1958,63,63,0
1959,175,175,0
1960,25,25,0
1961,76,76,0
1962,75,73,2
1963,75,73,2
1964,202,202,0
1965,147,146,1
1966,168,168,0
1967,133,133,0
1968,68,68,0
1969,142,142,0
1970,105,105,0
1971,191,190,1
1972,162,160,2
1973,201,200,1
1974,43,43,0
1975,164,163,1
1976,184,183,1
1977,210,207,3
1978,220,218,2
1979,115,115,0
1980,136,135,1
1981,219,217,2
1982,144,142,2
1983,140,140,0
1984,133,133,0
1985,128,128,0
1986,61,61,0
1987,84,84,0
1988,127,126,1
1989,124,124,0
1990,51,51,0
1991,101,101,0
1992,225,224,1
1993,430,423,7
1994,62,60,2
1995,159,159,0
1996,242,242,0
1997,157,157,0
1998,69,68,1
1999,42,42,0
2000,152,152,0
2001,350,350,0
2002,120,120,0
2003,99,98,1
2004,45,45,0
2005,290,290,0
2006,84,84,0
2007,77,77,0
2008,86,86,0
2009,294,293,1
2010,143,143,0
2011,399,397,2
2012,139,139,0
2013,123,123,0
2014,134,134,0
2015,202,201,1
2016,178,176,2
2017,201,201,0
2018,36,36,0
2019,447,446,1
2020,173,173,0
2021,146,144,2
2022,152,152,0
2023,760,759,1
2024,162,162,0
2025,80,80,0
2026,575,575,0
2027,597,597,0
2028,211,211,0
2029,198,194,4
2030,169,168,1
2031,305,304,1
2032,202,202,0
2033,273,272,1
2034,844,841,3
2035,115,115,0
2036,152,152,0
2037,200,199,1
2038,212,212,0
2039,100,100,0
2040,99,98,1
2041,150,149,1
2042,313,310,3
2043,185,185,0
2044,140,140,0
2045,137,137,0
2046,156,156,0
2047,153,152,1
2048,133,133,0
2049,195,195,0
2050,117,117,0
2051,211,210,1
2052,163,163,0
2053,132,132,0
2054,313,313,0
2055,122,122,0
2056,220,219,1
2057,445,444,1
2058,194,194,0
2059,480,479,1
2060,512,509,3
2061,605,605,0
2062,246,246,0
2063,126,126,0
2064,155,155,0
2065,135,135,0
2066,72,69,3
2067,230,230,0
2068,145,144,1
2069,66,65,1
2070,225,224,1
2071,173,173,0
2072,190,188,2
2073,129,127,2
2074,270,268,2
2075,127,127,0
2076,113,112,1
2077,275,275,0
2078,119,119,0
2079,195,195,0
2080,154,147,7
2081,281,279,2
2082,810,810,0
2083,115,113,2
2084,109,109,0
2085,169,169,0
2086,157,157,0
2087,51,50,1
2088,92,92,0
2089,76,76,0
2090,259,259,0
2091,77,77,0
2092,143,143,0
2093,226,226,0
2094,454,453,1
2095,159,159,0
2096,456,456,0
2097,79,79,0
2098,126,126,0
2099,177,175,2
2100,128,128,0
2101,146,145,1
2102,125,125,0
2103,97,97,0
2104,116,116,0
2105,217,217,0
2106,147,147,0
2107,112,111,1
2108,126,125,1
2109,496,495,1
2110,168,165,3
2111,228,228,0
2112,133,133,0
2113,164,162,2
2114,127,125,2
2115,106,105,1
2116,135,135,0
2117,155,153,2
2118,133,132,1
2119,161,161,0
2120,98,98,0
2121,270,270,0
2122,122,121,1
2123,468,465,3
2124,137,136,1
2125,200,199,1
2126,154,153,1
2127,115,115,0
2128,122,122,0
2129,106,106,0
2130,44,44,0
2131,108,105,3
2132,242,241,1
2133,38,38,0
2134,72,72,0
2135,91,91,0
2136,86,86,0
2137,85,85,0
2138,337,337,0
2139,187,186,1
2140,122,122,0
2141,255,255,0
2142,230,230,0
2143,294,294,0
2144,127,127,0
2145,111,111,0
2146,161,158,3
2147,52,52,0
2148,340,340,0
2149,259,258,1
2150,187,187,0
2151,164,164,0
2152,138,138,0
2153,454,453,1
2154,547,547,0
2155,191,188,3
2156,184,184,0
2157,242,242,0
2158,196,196,0
2159,147,147,0
2160,213,213,0
2161,165,165,0
2162,148,148,0
2163,154,154,0
2164,149,148,1
2165,207,207,0
2166,216,215,1
2167,135,135,0
2168,135,134,1
2169,112,111,1
2170,101,101,0
2171,47,46,1
2172,105,104,1
2173,63,63,0
2174,155,154,1
2175,180,179,1
2176,134,134,0
2177,500,498,2
2178,241,235,6
2179,187,185,2
2180,112,112,0
2181,293,293,0
2182,123,122,1
2183,421,421,0
2184,237,236,1
2185,218,218,0
2186,66,66,0
2187,189,189,0
2188,161,160,1
2189,397,396,1
2190,137,137,0
2191,368,367,1
2192,434,434,0
2193,763,760,3
2194,238,236,2
2195,158,158,0
2196,389,381,8
2197,387,387,0
2198,189,188,1
2199,172,172,0
2200,158,158,0
2201,190,188,2
2202,450,447,3
2203,194,193,1
2204,192,192,0
2205,107,107,0
2206,190,189,1
2207,194,194,0
2208,67,67,0
2209,133,133,0
2210,472,470,2
2211,90,88,2
2212,166,165,1
2213,266,265,1
2214,142,141,1
2215,171,171,0
2216,466,466,0
2217,52,51,1
2218,83,83,0
2219,162,162,0
2220,242,242,0
2221,500,500,0
2222,587,585,2
2223,271,271,0
2224,176,175,1
2225,62,61,1
2226,187,187,0
2227,139,138,1
2228,105,105,0
2229,118,118,0
2230,90,90,0
2231,139,139,0
2232,169,166,3
2233,89,89,0
2234,172,171,1
2235,194,192,2
2236,219,214,5
2237,107,107,0
2238,248,246,2
2239,419,419,0
2240,180,179,1
2241,312,312,0
2242,117,117,0
2243,120,117,3
2244,81,80,1
2245,64,64,0
2246,128,127,1
2247,139,138,1
2248,284,282,2
2249,129,129,0
2250,230,229,1
2251,173,173,0
2252,229,228,1
2253,133,133,0
2254,91,88,3
2255,401,400,1
2256,275,272,3
2257,456,445,11
2258,503,502,1
2259,91,91,0
2260,166,165,1
2261,53,53,0
2262,374,374,0
2263,750,742,8
2264,167,164,3
2265,112,111,1
2266,153,153,0
2267,128,128,0
2268,223,222,1
2269,89,89,0
2270,140,140,0
2271,45,45,0
2272,135,135,0
2273,163,161,2
2274,164,159,5
2275,135,135,0
2276,383,376,7
2277,478,478,0
2278,118,116,2
2279,154,150,4
2280,194,192,2
2281,224,223,1
2282,51,49,2
2283,212,212,0
2284,165,162,3
2285,193,192,1
2286,145,144,1
2287,147,147,0
2288,309,308,1
2289,319,319,0
2290,132,132,0
2291,144,144,0
2292,154,154,0
2293,196,196,0
2294,122,122,0
2295,217,216,1
2296,208,208,0
2297,263,263,0
2298,169,168,1
2299,235,235,0
2300,132,130,2
2301,184,182,2
2302,127,126,1
2303,283,283,0
2304,140,140,0
2305,139,139,0
2306,188,188,0
2307,134,134,0
2308,70,70,0
2309,125,125,0
2310,183,183,0
2311,130,130,0
2312,157,157,0
2313,169,168,1
2314,48,48,0
2315,303,302,1
2316,162,162,0
2317,502,502,0
2318,131,131,0
2319,184,184,0
2320,188,186,2
2321,68,68,0
2322,152,138,14
2323,278,277,1
2324,131,128,3
2325,187,181,6
2326,106,105,1
2327,91,91,0
2328,150,149,1
2329,593,580,13
2330,104,102,2
2331,211,210,1
2332,238,238,0
2333,211,211,0
2334,108,106,2
2335,153,152,1
2336,135,134,1
2337,217,214,3
2338,560,549,11
2339,140,138,2
2340,143,140,3
2341,239,237,2
2342,232,229,3
2343,230,230,0
2344,214,213,1
2345,125,123,2
2346,240,235,5
2347,1014,1005,9
2348,453,452,1
2349,144,144,0
2350,63,62,1
2351,134,131,3
2352,509,501,8
2353,128,126,2
2354,903,901,2
2355,501,499,2
2356,167,167,0
2357,351,351,0
2358,83,83,0
2359,186,186,0
2360,212,212,0
2361,133,133,0
2362,109,108,1
2363,45,45,0
2364,131,131,0
2365,131,131,0
2366,733,731,2
2367,53,53,0
2368,61,61,0
2369,62,62,0
2370,57,57,0
2371,154,153,1
2372,189,186,3
2373,197,197,0
2374,136,135,1
2375,175,175,0
2376,496,495,1
2377,982,975,7
2378,164,164,0
2379,655,652,3
2380,445,444,1
2381,422,419,3
2382,677,670,7
2383,329,329,0
2384,418,407,11
2385,93,92,1
2386,512,511,1
2387,168,167,1
2388,154,154,0
2389,136,134,2
2390,141,141,0
2391,327,322,5
2392,706,705,1
2393,689,687,2
2394,135,133,2
2395,209,208,1
2396,394,393,1
2397,125,124,1
2398,490,489,1
2399,157,153,4
2400,245,244,1
2401,341,341,0
2402,378,376,2
2403,356,356,0
2404,643,640,3
2405,267,266,1
2406,220,220,0
2407,63,63,0
2408,187,187,0
2409,102,102,0
2410,210,210,0
2411,118,118,0
2412,173,173,0
2413,90,90,0
2414,84,84,0
2415,70,70,0
2416,69,69,0
2417,182,180,2
2418,136,136,0
2419,540,538,2
2420,102,102,0
2421,454,450,4
2422,181,181,0
2423,283,277,6
2424,203,203,0
2425,154,154,0
2426,135,135,0
2427,197,197,0
2428,126,126,0
2429,55,55,0
2430,112,112,0
2431,191,190,1
2432,105,105,0
2433,59,59,0
2434,440,433,7
2435,168,164,4
2436,66,66,0
2437,195,192,3
2438,127,127,0
2439,427,426,1
2440,909,905,4
2441,117,117,0
2442,389,389,0
2443,131,130,1
2444,969,968,1
2445,115,115,0
2446,156,152,4
2447,142,141,1
2448,126,126,0
2449,156,156,0
2450,140,138,2
2451,135,135,0
2452,458,457,1
2453,216,216,0
2454,128,128,0
2455,144,144,0
2456,206,202,4
2457,131,130,1
2458,177,177,0
2459,164,164,0
2460,124,124,0
2461,144,144,0
2462,143,143,0
2463,336,336,0
2464,143,143,0
2465,148,148,0
2466,159,158,1
2467,249,249,0
2468,149,149,0
2469,805,801,4
2470,159,159,0
2471,205,205,0
2472,140,140,0
2473,246,245,1
2474,383,383,0
2475,124,123,1
2476,69,69,0
2477,128,128,0
2478,244,243,1
2479,141,141,0
2480,49,49,0
2481,78,77,1
2482,256,255,1
2483,192,190,2
2484,131,131,0
2485,128,128,0
2486,259,255,4
2487,273,270,3
2488,136,135,1
2489,62,62,0
2490,634,631,3
2491,654,652,2
2492,120,119,1
2493,179,179,0
2494,126,126,0
2495,173,158,15
2496,224,224,0
2497,194,193,1
2498,266,265,1
2499,138,138,0
2500,154,154,0
2501,327,325,2
2502,54,54,0
2503,725,723,2
2504,152,152,0
2505,144,144,0
2506,127,126,1
2507,108,108,0
2508,199,199,0
2509,686,685,1
2510,154,154,0
2511,347,347,0
2512,222,217,5
2513,126,126,0
2514,135,135,0
2515,165,165,0
2516,126,126,0
2517,196,196,0
2518,50,50,0
2519,172,172,0
2520,210,209,1
2521,334,332,2
2522,337,337,0
2523,139,138,1
2524,55,54,1
2525,136,133,3
2526,51,51,0
2527,109,109,0
2528,65,65,0
2529,401,398,3
2530,549,545,4
2531,280,280,0
2532,113,113,0
2533,188,188,0
2534,189,189,0
2535,162,162,0
2536,113,111,2
2537,200,200,0
2538,177,177,0
2539,231,231,0
2540,99,99,0
2541,250,247,3
2542,274,272,2
2543,480,477,3
2544,181,181,0
2545,177,175,2
2546,181,181,0
2547,131,130,1
2548,211,210,1
2549,179,175,4
2550,503,501,2
2551,395,395,0
2552,280,280,0
2553,220,220,0
2554,279,279,0
2555,351,351,0
2556,122,122,0
2557,67,67,0
2558,166,166,0
2559,119,119,0
2560,54,54,0
2561,94,94,0
2562,427,426,1
2563,236,236,0
2564,182,181,1
2565,507,507,0
2566,187,187,0
2567,227,226,1
2568,133,133,0
2569,138,138,0
2570,150,150,0
2571,81,81,0
2572,228,228,0
2573,121,121,0
2574,410,408,2
2575,236,236,0
2576,232,232,0
2577,255,255,0
2578,547,547,0
2579,49,49,0
2580,125,125,0
2581,238,238,0
2582,194,194,0
2583,121,121,0
2584,287,285,2
2585,295,295,0
2586,207,206,1
2587,95,95,0
2588,184,184,0
2589,317,317,0
2590,196,195,1
2591,147,146,1
2592,149,146,3
2593,177,176,1
2594,105,105,0
2595,278,278,0
2596,264,264,0
2597,473,472,1
2598,133,133,0
2599,131,131,0
2600,333,332,1
2601,199,196,3
2602,334,330,4
2603,416,415,1
2604,135,135,0
2605,857,854,3
2606,359,355,4
2607,87,87,0
2608,124,123,1
2609,166,162,4
2610,141,137,4
2611,309,308,1
2612,98,97,1
2613,1024,1019,5
2614,396,396,0
2615,157,157,0
2616,202,202,0
2617,149,149,0
2618,227,222,5
2619,488,484,4
2620,270,263,7
2621,312,309,3
2622,225,224,1
2623,138,138,0
2624,361,357,4
2625,131,131,0
2626,255,255,0
2627,379,374,5
2628,316,315,1
2629,474,470,4
2630,238,233,5
2631,52,48,4
2632,232,232,0
2633,136,133,3
2634,352,348,4
2635,638,634,4
2636,114,113,1
2637,261,257,4
2638,274,273,1
2639,139,137,2
2640,227,226,1
2641,349,349,0
2642,323,319,4
2643,202,201,1
2644,334,332,2
2645,62,61,1
2646,163,161,2
2647,169,167,2
2648,111,111,0
2649,37,36,1
2650,225,224,1
2651,159,159,0
2652,174,174,0
2653,253,252,1
2654,163,163,0
2655,388,388,0
2656,244,243,1
2657,670,665,5
2658,296,294,2
2659,250,247,3
2660,244,244,0
2661,503,501,2
2662,184,184,0
2663,116,116,0
2664,74,74,0
2665,206,205,1
2666,50,50,0
2667,62,62,0
2668,47,46,1
2669,68,68,0
2670,114,114,0
2671,64,64,0
2672,159,159,0
2673,129,129,0
2674,134,134,0
2675,179,179,0
2676,71,71,0
2677,39,39,0
2678,80,80,0
2679,165,164,1
2680,401,401,0
2681,243,238,5
2682,140,140,0
2683,146,146,0
2684,137,137,0
2685,386,386,0
2686,214,213,1
2687,121,121,0
2688,57,57,0
2689,769,766,3
2690,503,503,0
2691,151,151,0
2692,118,116,2
2693,286,285,1
2694,119,119,0
2695,183,183,0
2696,132,132,0
2697,192,192,0
2698,162,162,0
2699,90,90,0
2700,109,109,0
2701,110,110,0
2702,428,428,0
2703,228,228,0
2704,943,939,4
2705,130,130,0
2706,203,201,2
2707,216,214,2
2708,129,129,0
2709,60,60,0
2710,54,54,0
2711,194,194,0
2712,122,122,0
2713,40,39,1
2714,107,106,1
2715,166,165,1
2716,142,141,1
2717,106,106,0
2718,150,150,0
2719,127,121,6
2720,189,187,2
2721,42,42,0
2722,309,309,0
2723,73,71,2
2724,371,370,1
2725,213,213,0
2726,213,213,0
2727,50,48,2
2728,147,146,1
2729,444,444,0
2730,615,609,6
2731,91,91,0
2732,42,42,0
2733,53,53,0
2734,113,113,0
2735,110,110,0
2736,120,120,0
2737,366,366,0
2738,159,159,0
2739,102,102,0
2740,137,136,1
2741,393,391,2
2742,360,360,0
2743,111,109,2
2744,303,303,0
2745,365,365,0
2746,95,95,0
2747,381,378,3
2748,263,263,0
2749,252,246,6
2750,152,152,0
2751,595,594,1
2752,184,183,1
2753,408,407,1
2754,382,381,1
2755,179,178,1
2756,106,106,0
2757,781,778,3
2758,135,134,1
2759,261,257,4
2760,873,864,9
2761,184,181,3
2762,452,452,0
2763,80,80,0
2764,267,267,0
2765,148,148,0
2766,330,327,3
2767,153,153,0
2768,455,450,5
2769,355,349,6
2770,205,204,1
2771,154,154,0
2772,103,102,1
2773,120,119,1
2774,220,220,0
2775,161,161,0
2776,137,137,0
2777,472,469,3
2778,121,121,0
2779,161,161,0
2780,205,205,0
2781,130,130,0
2782,419,418,1
2783,260,260,0
2784,386,384,2
2785,205,205,0
2786,104,104,0
2787,129,128,1
2788,409,399,10
2789,58,56,2
2790,601,597,4
2791,232,232,0
2792,77,77,0
2793,119,119,0
2794,139,139,0
2795,176,175,1
2796,142,141,1
2797,160,160,0
2798,112,112,0
2799,372,370,2
2800,109,109,0
2801,137,133,4
2802,136,136,0
2803,314,314,0
2804,91,90,1
2805,70,69,1
2806,132,132,0
2807,760,758,2
2808,403,403,0
2809,300,300,0
2810,138,137,1
2811,398,398,0
2812,308,308,0
2813,387,387,0
2814,730,729,1
2815,498,498,0
2816,109,109,0
2817,269,268,1
2818,124,124,0
2819,161,161,0
2820,182,182,0
2821,149,149,0
2822,291,290,1
2823,146,145,1
2824,178,174,4
2825,201,201,0
2826,63,63,0
2827,108,108,0
2828,276,272,4
2829,185,185,0
2830,150,150,0
2831,450,449,1
2832,159,159,0
2833,227,227,0
2834,143,143,0
2835,338,337,1
2836,106,106,0
2837,619,616,3
2838,400,397,3
2839,237,235,2
2840,160,160,0
2841,126,126,0
2842,292,290,2
2843,187,187,0
2844,118,115,3
2845,251,251,0
2846,100,99,1
2847,153,153,0
2848,191,191,0
2849,349,349,0
2850,127,126,1
2851,167,166,1
2852,223,222,1
2853,441,440,1
2854,488,486,2
2855,135,135,0
2856,94,94,0
2857,335,335,0
2858,142,142,0
2859,138,138,0
2860,196,192,4
2861,178,177,1
2862,151,150,1
2863,152,152,0
2864,247,247,0
2865,471,470,1
2866,91,91,0
2867,116,116,0
2868,177,177,0
2869,166,166,0
2870,136,136,0
2871,148,147,1
2872,122,121,1
2873,157,156,1
2874,139,139,0
2875,428,426,2
2876,544,544,0
2877,316,315,1
2878,216,216,0
2879,184,184,0
2880,170,170,0
2881,209,205,4
2882,131,131,0
2883,147,145,2
2884,126,126,0
2885,171,170,1
2886,142,139,3
2887,158,158,0
2888,946,945,1
2889,231,228,3
2890,65,64,1
2891,267,266,1
2892,278,277,1
2893,132,129,3
2894,171,169,2
2895,135,135,0
2896,178,175,3
2897,124,123,1
2898,115,115,0
2899,447,447,0
2900,120,120,0
2901,138,137,1
2902,671,664,7
2903,137,137,0
2904,243,240,3
2905,71,71,0
2906,48,48,0
2907,95,95,0
2908,240,239,1
2909,414,412,2
2910,208,208,0
2911,139,139,0
2912,204,204,0
2913,249,248,1
2914,145,145,0
2915,242,240,2
2916,138,137,1
2917,742,741,1
2918,123,120,3
2919,681,677,4
2920,187,187,0
2921,210,209,1
2922,315,315,0
2923,220,220,0
2924,394,394,0
2925,235,235,0
2926,588,582,6
2927,316,315,1
2928,136,132,4
2929,164,162,2
2930,969,963,6
2931,33,33,0
2932,137,137,0
2933,359,357,2
2934,422,422,0
2935,173,173,0
2936,163,163,0
2937,137,136,1
2938,85,85,0
2939,136,136,0
2940,244,243,1
2941,321,321,0
2942,115,115,0
2943,117,116,1
2944,153,153,0
2945,416,415,1
2946,353,353,0
2947,256,253,3
2948,127,126,1
2949,56,56,0
2950,327,325,2
2951,153,152,1
2952,331,331,0
2953,173,173,0
2954,85,84,1
2955,420,419,1
2956,279,277,2
2957,125,125,0
2958,145,145,0
2959,20,18,2
2960,114,111,3
2961,450,449,1
2962,122,122,0
2963,165,165,0
2964,161,161,0
2965,341,337,4
2966,300,299,1
2967,141,141,0
2968,327,327,0
2969,107,107,0
2970,107,107,0
2971,107,107,0
2972,192,191,1
2973,102,102,0
2974,155,154,1
2975,80,80,0
2976,135,135,0
2977,324,324,0
2978,456,455,1
2979,226,224,2
2980,962,954,8
2981,108,108,0
2982,520,520,0
2983,146,145,1
2984,430,430,0
2985,596,594,2
2986,71,71,0
2987,218,218,0
2988,664,662,2
2989,113,113,0
2990,108,108,0
2991,134,134,0
2992,563,561,2
2993,149,148,1
2994,686,684,2
2995,423,422,1
2996,189,189,0
2997,182,181,1
2998,118,118,0
2999,131,128,3
3000,739,737,2
3001,348,347,1
3002,223,223,0
3003,113,113,0
3004,421,421,0
3005,127,126,1
3006,395,393,2
3007,478,477,1
3008,291,290,1
3009,57,57,0
3010,446,444,2
3011,434,433,1
3012,143,143,0
3013,180,180,0
3014,159,154,5
3015,159,158,1
3016,215,215,0
3017,313,310,3
3018,149,149,0
3019,214,214,0
3020,125,125,0
3021,346,346,0
3022,261,261,0
3023,120,120,0
3024,102,102,0
3025,181,181,0
3026,731,721,10
3027,319,319,0
3028,90,90,0
3029,238,238,0
3030,157,157,0
3031,63,63,0
3032,200,200,0
3033,382,380,2
3034,136,136,0
3035,223,221,2
3036,194,194,0
3037,271,270,1
3038,833,831,2
3039,142,142,0
3040,135,135,0
3041,189,189,0
3042,196,196,0
3043,219,218,1
3044,157,157,0
3045,197,197,0
3046,139,139,0
3047,155,155,0
3048,328,328,0
3049,357,357,0
3050,101,101,0
3051,384,384,0
3052,978,973,5
3053,226,226,0
3054,472,472,0
3055,216,216,0
3056,205,205,0
3057,814,811,3
3058,124,123,1
3059,354,353,1
3060,374,372,2
3061,253,252,1
3062,394,392,2
3063,244,244,0
3064,145,144,1
3065,415,414,1
3066,762,759,3
3067,656,653,3
3068,527,527,0
3069,219,219,0
3070,194,182,12
3071,607,607,0
3072,523,523,0
3073,177,177,0
3074,89,89,0
3075,74,74,0
3076,135,133,2
3077,219,219,0
3078,273,268,5
3079,490,489,1
3080,75,75,0
3081,57,57,0
3082,238,238,0
3083,63,63,0
3084,242,240,2
3085,86,86,0
3086,69,69,0
3087,113,113,0
3088,153,153,0
3089,75,75,0
3090,125,125,0
3091,162,161,1
3092,147,147,0
3093,132,131,1
3094,68,68,0
3095,148,148,0
3096,108,108,0
3097,128,128,0
3098,129,129,0
3099,457,457,0
3100,277,277,0
3101,194,194,0
3102,228,225,3
3103,206,206,0
3104,106,105,1
3105,41,41,0
3106,150,148,2
3107,209,207,2
3108,178,178,0
3109,169,169,0
3110,147,147,0
3111,448,448,0
3112,155,155,0
3113,164,162,2
3114,147,147,0
3115,155,155,0
3116,349,349,0
3117,237,236,1
3118,136,135,1
3119,239,239,0
3120,157,157,0
3121,820,817,3
3122,134,129,5
3123,265,265,0
3124,131,131,0
3125,123,123,0
3126,115,115,0
3127,159,159,0
3128,177,177,0
3129,733,729,4
3130,297,297,0
3131,211,210,1
3132,270,270,0
3133,157,156,1
3134,113,113,0
3135,196,196,0
3136,275,275,0
3137,305,304,1
3138,468,467,1
3139,448,445,3
3140,459,453,6
3141,216,214,2
3142,411,409,2
3143,191,190,1
3144,220,216,4
3145,253,252,1
3146,92,92,0
3147,129,128,1
3148,256,251,5
3149,259,257,2
3150,192,192,0
3151,497,497,0
3152,970,967,3
3153,106,106,0
3154,191,189,2
3155,85,84,1
3156,74,72,2
3157,36,36,0
3158,138,137,1
3159,262,260,2
3160,281,281,0
3161,195,192,3
3162,201,200,1
3163,312,309,3
3164,403,401,2
3165,201,201,0
3166,269,269,0
3167,119,118,1
3168,141,140,1
3169,258,256,2
3170,439,437,2
3171,290,287,3
3172,318,317,1
3173,92,92,0
3174,662,660,2
3175,951,947,4
3176,201,199,2
3177,276,276,0
3178,332,331,1
3179,268,268,0
3180,267,266,1
3181,675,674,1
3182,540,538,2
3183,125,125,0
3184,217,217,0
3185,291,290,1
3186,183,183,0
3187,117,117,0
3188,345,345,0
3189,230,230,0
3190,156,156,0
3191,209,209,0
3192,324,323,1
3193,432,428,4
3194,296,296,0
3195,185,184,1
3196,144,143,1
3197,179,179,0
3198,494,493,1
3199,120,120,0
3200,314,313,1
3201,172,172,0
3202,166,166,0
3203,526,526,0
3204,526,523,3
3205,642,641,1
3206,152,152,0
3207,258,257,1
3208,105,105,0
3209,112,111,1
3210,63,63,0
3211,298,296,2
3212,103,102,1
3213,785,783,2
3214,140,140,0
3215,120,120,0
3216,194,194,0
3217,440,428,12
3218,566,564,2
3219,277,277,0
3220,117,117,0
3221,163,161,2
3222,128,128,0
3223,400,398,2
3224,66,66,0
3225,48,48,0
3226,72,72,0
3227,150,150,0
3228,149,149,0
3229,247,245,2
3230,197,195,2
3231,258,258,0
3232,333,328,5
3233,327,327,0
3234,316,315,1
3235,119,117,2
3236,292,292,0
3237,432,430,2
3238,136,136,0
3239,185,181,4
3240,102,102,0
3241,431,426,5
3242,637,630,7
3243,235,234,1
3244,185,184,1
3245,302,301,1
3246,538,535,3
3247,179,179,0
3248,159,159,0
3249,718,717,1
3250,251,244,7
3251,162,162,0
3252,158,157,1
3253,120,119,1
3254,137,137,0
3255,883,875,8
3256,126,125,1
3257,177,176,1
3258,248,247,1
3259,260,258,2
3260,115,114,1
3261,218,218,0
3262,115,115,0
3263,182,182,0
3264,142,142,0
3265,452,446,6
3266,41,41,0
3267,99,97,2
3268,227,213,14
3269,112,110,2
3270,78,78,0
3271,614,601,13
3272,215,213,2
3273,172,170,2
3274,244,243,1
3275,233,233,0
3276,130,129,1
3277,209,209,0
3278,124,124,0
3279,250,250,0
3280,283,282,1
3281,304,303,1
3282,146,145,1
3283,327,327,0
3284,382,382,0
3285,454,454,0
3286,476,474,2
3287,566,564,2
3288,752,751,1
3289,638,637,1
3290,733,732,1
3291,598,595,3
3292,183,182,1
3293,158,157,1
3294,234,234,0
3295,207,206,1
3296,214,214,0
3297,339,338,1
3298,342,341,1
3299,187,187,0
3300,177,174,3
3301,156,156,0
3302,155,155,0
3303,141,141,0
3304,137,137,0
3305,512,508,4
3306,161,161,0
3307,204,201,3
3308,177,176,1
3309,424,424,0
3310,89,89,0
3311,368,365,3
3312,144,143,1
3313,142,142,0
3314,492,491,1
3315,317,317,0
3316,167,167,0
3317,143,142,1
3318,939,936,3
3319,293,293,0
3320,177,177,0
3321,210,210,0
3322,438,435,3
3323,129,129,0
3324,132,132,0
3325,93,91,2
3326,140,139,1
3327,492,490,2
3328,244,241,3
3329,359,357,2
3330,279,277,2
3331,547,545,2
3332,382,381,1
3333,397,395,2
3334,171,170,1
3335,313,308,5
3336,174,172,2
3337,320,320,0
3338,132,132,0
3339,102,102,0
3340,199,192,7
3341,416,415,1
3342,437,437,0
3343,123,123,0
3344,247,244,3
3345,192,192,0
3346,86,86,0
3347,133,133,0
3348,170,170,0
3349,226,225,1
3350,120,120,0
3351,174,174,0
3352,420,417,3
3353,55,55,0
3354,139,139,0
3355,103,94,9
3356,171,171,0
3357,212,211,1
3358,290,290,0
3359,155,155,0
3360,388,385,3
3361,267,267,0
3362,319,316,3
3363,74,73,1
3364,569,561,8
3365,730,726,4
3366,581,572,9
3367,194,194,0
3368,311,311,0
3369,327,323,4
3370,507,506,1
3371,474,474,0
3372,312,312,0
3373,158,157,1
3374,731,728,3
3375,191,191,0
3376,64,64,0
3377,56,56,0
3378,476,467,9
3379,607,605,2
3380,325,325,0
3381,189,188,1
3382,638,637,1
3383,531,531,0
3384,212,212,0
3385,115,113,2
3386,84,84,0
3387,97,95,2
3388,10,10,0
3389,274,273,1
3390,137,137,0
3391,63,63,0
3392,70,69,1
3393,73,73,0
3394,78,78,0
3395,126,126,0
3396,132,130,2
3397,73,73,0
3398,64,64,0
3399,101,101,0
3400,96,96,0
3401,46,46,0
3402,63,63,0
3403,57,57,0
3404,77,77,0
3405,54,54,0
3406,100,100,0
3407,152,151,1
3408,103,103,0
3409,127,118,9
3410,291,290,1
3411,96,96,0
3412,74,74,0
3413,197,196,1
3414,35,35,0
3415,328,328,0
3416,320,317,3
3417,55,55,0
3418,95,95,0
3419,106,106,0
3420,45,45,0
3421,125,123,2
3422,82,82,0
3423,57,57,0
3424,125,125,0
3425,46,46,0
3426,135,135,0
3427,215,215,0
3428,46,46,0
3429,387,386,1
3430,74,74,0
3431,118,118,0
3432,206,205,1
3433,219,218,1
3434,132,131,1
3435,146,146,0
3436,188,188,0
3437,50,50,0
3438,306,306,0
3439,256,256,0
3440,184,184,0
3441,125,125,0
3442,123,123,0
3443,221,220,1
3444,149,149,0
3445,90,89,1
3446,109,108,1
3447,751,749,2
3448,151,150,1
3449,179,179,0
3450,443,442,1
3451,198,198,0
3452,127,127,0
3453,356,355,1
3454,204,203,1
3455,143,143,0
3456,524,523,1
3457,173,173,0
3458,347,347,0
3459,424,424,0
3460,271,271,0
3461,197,196,1
3462,191,191,0
3463,173,173,0
3464,126,124,2
3465,245,244,1
3466,181,174,7
3467,146,140,6
3468,247,239,8
3469,439,439,0
3470,151,135,16
3471,180,180,0
3472,115,115,0
3473,167,167,0
3474,123,123,0
3475,282,282,0
3476,265,265,0
3477,543,536,7
3478,312,311,1
3479,154,153,1
3480,237,237,0
3481,189,188,1
3482,220,220,0
3483,104,104,0
3484,197,196,1
3485,152,152,0
3486,117,117,0
3487,184,183,1
3488,221,221,0
3489,197,194,3
3490,129,129,0
3491,232,232,0
3492,135,134,1
3493,133,133,0
3494,108,108,0
3495,148,146,2
3496,78,78,0
3497,126,126,0
3498,140,140,0
3499,129,129,0
3500,243,239,4
3501,41,41,0
3502,118,118,0
3503,146,146,0
3504,148,147,1
3505,109,109,0
3506,146,146,0
3507,74,74,0
3508,411,411,0
3509,183,180,3
3510,129,129,0
3511,70,70,0
3512,955,951,4
3513,139,139,0
3514,340,337,3
3515,161,160,1
3516,96,96,0
3517,559,558,1
3518,110,109,1
3519,96,96,0
3520,130,130,0
3521,971,962,9
3522,100,100,0
3523,478,476,2
3524,424,424,0
3525,178,177,1
3526,708,706,2
3527,388,387,1
3528,557,555,2
3529,289,289,0
3530,336,336,0
3531,962,959,3
3532,214,214,0
3533,144,144,0
3534,134,134,0
3535,273,272,1
3536,148,145,3
3537,163,162,1
3538,360,360,0
3539,319,318,1
3540,154,153,1
3541,313,313,0
3542,417,417,0
3543,409,408,1
3544,120,120,0
3545,120,120,0
3546,142,141,1
3547,110,110,0
3548,302,296,6
3549,231,230,1
3550,134,134,0
3551,482,480,2
3552,165,164,1
3553,186,186,0
3554,939,929,10
3555,771,769,2
3556,180,179,1
3557,275,273,2
3558,269,269,0
3559,164,164,0
3560,236,236,0
3561,114,113,1
3562,141,141,0
3563,302,302,0
3564,160,160,0
3565,399,398,1
3566,194,193,1
3567,423,423,0
3568,302,302,0
3569,175,175,0
3570,120,120,0
3571,360,357,3
3572,109,106,3
3573,77,77,0
3574,214,214,0
3575,114,114,0
3576,576,570,6
3577,81,80,1
3578,193,193,0
3579,118,118,0
3580,231,231,0
3581,268,268,0
3582,198,198,0
3583,98,98,0
3584,67,67,0
3585,83,82,1
3586,37,37,0
3587,248,247,1
3588,71,69,2
3589,53,53,0
3590,94,93,1
3591,218,218,0
3592,367,366,1
3593,82,82,0
3594,542,541,1
3595,639,633,6
3596,493,493,0
3597,638,635,3
3598,330,330,0
3599,591,591,0
3600,299,299,0
3601,692,686,6
3602,218,218,0
3603,376,373,3
3604,367,367,0
3605,114,114,0
3606,144,138,6
3607,182,180,2
3608,76,76,0
3609,81,81,0
3610,109,109,0
3611,143,143,0
3612,178,175,3
3613,376,373,3
3614,93,92,1
3615,140,140,0
3616,204,203,1
3617,148,146,2
3618,145,145,0
3619,411,409,2
3620,92,92,0
3621,159,151,8
3622,540,539,1
3623,104,103,1
3624,220,219,1
3625,135,134,1
3626,138,138,0
3627,196,196,0
3628,171,171,0
3629,80,80,0
3630,81,81,0
3631,81,81,0
3632,158,156,2
3633,150,149,1
3634,96,96,0
3635,132,132,0
3636,131,125,6
3637,162,162,0
3638,68,68,0
3639,231,231,0
3640,127,127,0
3641,169,169,0
3642,353,353,0
3643,909,907,2
3644,207,203,4
3645,180,179,1
3646,242,241,1
3647,89,89,0
3648,127,127,0
3649,406,402,4
3650,239,239,0
3651,772,771,1
3652,128,127,1
3653,185,185,0
3654,206,205,1
3655,405,404,1
3656,39,39,0
3657,347,346,1
3658,153,152,1
3659,229,228,1
3660,170,168,2
3661,65,64,1
3662,106,106,0
3663,209,208,1
3664,62,62,0
3665,41,41,0
3666,85,85,0
3667,307,304,3
3668,299,297,2
3669,134,134,0
3670,54,54,0
3671,229,229,0
3672,531,530,1
3673,277,273,4
3674,144,141,3
3675,226,226,0
3676,103,103,0
3677,233,233,0
3678,330,330,0
3679,150,150,0
3680,231,231,0
3681,250,249,1
3682,141,141,0
3683,217,217,0
3684,151,151,0
3685,473,470,3
3686,112,112,0
3687,205,205,0
3688,141,140,1
3689,126,124,2
3690,55,55,0
3691,223,222,1
3692,395,393,2
3693,313,313,0
3694,334,332,2
3695,98,97,1
3696,157,157,0
3697,43,43,0
3698,322,322,0
3699,111,110,1
3700,158,158,0
3701,128,128,0
3702,277,277,0
3703,308,308,0
3704,196,196,0
3705,284,283,1
3706,165,162,3
3707,189,189,0
3708,167,167,0
3709,247,247,0
3710,189,188,1
3711,144,143,1
3712,336,335,1
3713,166,166,0
3714,668,664,4
3715,300,299,1
3716,188,188,0
3717,399,375,24
3718,63,60,3
3719,320,317,3
3720,182,181,1
3721,613,612,1
3722,197,196,1
3723,151,151,0
3724,131,130,1
3725,251,243,8
3726,97,95,2
3727,124,124,0
3728,135,130,5
3729,269,267,2
3730,199,199,0
3731,261,261,0
3732,123,122,1
3733,291,289,2
3734,280,278,2
3735,141,140,1
3736,157,157,0
3737,131,130,1
3738,244,239,5
3739,154,154,0
3740,218,215,3
3741,142,141,1
3742,127,127,0
3743,136,136,0
3744,296,293,3
3745,113,113,0
3746,230,228,2
3747,117,117,0
3748,167,167,0
3749,167,167,0
3750,120,120,0
3751,137,137,0
3752,163,163,0
3753,167,167,0
3754,231,231,0
3755,334,333,1
3756,324,324,0
3757,129,129,0
3758,139,139,0
3759,128,128,0
3760,136,135,1
3761,684,684,0
3762,466,466,0
3763,71,70,1
3764,457,454,3
3765,131,131,0
3766,176,175,1
3767,143,143,0
3768,603,601,2
3769,109,109,0
3770,907,906,1
3771,187,187,0
3772,256,253,3
3773,1000,999,1
3774,788,788,0
3775,197,193,4
3776,158,158,0
3777,240,238,2
3778,164,164,0
3779,242,242,0
3780,437,429,8
3781,134,134,0
3782,155,155,0
3783,151,149,2
3784,46,46,0
3785,353,352,1
3786,321,321,0
3787,126,126,0
3788,264,264,0
3789,664,662,2
3790,407,406,1
3791,159,159,0
3792,82,81,1
3793,159,158,1
3794,86,85,1
3795,139,138,1
3796,165,162,3
3797,133,131,2
3798,104,104,0
3799,169,169,0
3800,68,68,0
3801,201,200,1
3802,270,267,3
3803,92,92,0
3804,198,196,2
3805,255,251,4
3806,507,501,6
3807,410,408,2
3808,159,159,0
3809,187,187,0
3810,141,139,2
3811,445,444,1
3812,217,212,5
3813,240,239,1
3814,435,428,7
3815,185,185,0
3816,141,141,0
3817,132,131,1
3818,620,617,3
3819,204,203,1
3820,516,516,0
3821,318,316,2
3822,91,91,0
3823,93,93,0
3824,147,147,0
3825,257,256,1
3826,279,279,0
3827,431,426,5
3828,154,154,0
3829,146,146,0
3830,281,279,2
3831,580,578,2
3832,535,533,2
3833,189,188,1
3834,145,144,1
3835,210,210,0
3836,51,51,0
3837,120,120,0
3838,171,168,3
3839,139,138,1
3840,252,252,0
3841,171,169,2
3842,584,582,2
3843,156,156,0
3844,201,199,2
3845,240,239,1
3846,314,313,1
3847,212,212,0
3848,165,165,0
3849,239,236,3
3850,118,118,0
3851,137,137,0
3852,201,200,1
3853,214,214,0
3854,131,131,0
3855,154,153,1
3856,225,225,0
3857,14,14,0
3858,65,64,1
3859,52,52,0
3860,69,69,0
3861,211,211,0
3862,116,116,0
3863,129,129,0
3864,178,178,0
3865,158,156,2
3866,681,681,0
3867,346,346,0
3868,203,203,0
3869,134,134,0
3870,199,199,0
3871,83,82,1
3872,127,127,0
3873,64,64,0
3874,142,142,0
3875,56,56,0
3876,285,285,0
3877,168,168,0
3878,100,100,0
3879,119,117,2
3880,137,137,0
3881,201,201,0
3882,575,571,4
3883,205,205,0
3884,185,184,1
3885,194,194,0
3886,138,138,0
3887,565,564,1
3888,155,154,1
3889,257,257,0
3890,521,515,6
3891,144,144,0
3892,150,148,2
3893,352,349,3
3894,148,148,0
3895,284,283,1
3896,133,133,0
3897,136,136,0
3898,371,369,2
3899,134,134,0
3900,118,118,0
3901,153,153,0
3902,543,542,1
3903,261,260,1
3904,212,211,1
3905,566,566,0
3906,489,487,2
3907,185,185,0
3908,129,128,1
3909,516,510,6
3910,488,487,1
3911,723,720,3
3912,755,749,6
3913,187,187,0
3914,205,204,1
3915,164,164,0
3916,187,185,2
3917,985,981,4
3918,131,131,0
3919,132,131,1
3920,193,193,0
3921,40,39,1
3922,204,200,4
3923,234,233,1
3924,169,169,0
3925,28,28,0
3926,104,104,0
3927,113,113,0
3928,170,170,0
3929,168,165,3
3930,419,418,1
3931,226,225,1
3932,125,124,1
3933,618,616,2
3934,133,133,0
3935,172,170,2
3936,74,74,0
3937,145,144,1
3938,314,314,0
3939,138,138,0
3940,87,87,0
3941,195,195,0
3942,137,137,0
3943,162,162,0
3944,412,411,1
3945,84,82,2
3946,60,60,0
3947,215,213,2
3948,665,663,2
3949,189,188,1
3950,211,204,7
3951,242,242,0
3952,50,50,0
3953,58,57,1
3954,86,86,0
3955,190,189,1
3956,41,41,0
3957,159,157,2
3958,88,87,1
3959,169,169,0
3960,97,95,2
3961,65,65,0
3962,125,125,0
3963,113,113,0
3964,151,148,3
3965,162,162,0
3966,101,101,0
3967,176,176,0
3968,119,119,0
3969,118,117,1
3970,220,219,1
3971,123,120,3
3972,247,246,1
3973,168,167,1
3974,82,82,0
3975,286,286,0
3976,251,247,4
3977,122,122,0
3978,205,202,3
3979,181,181,0
3980,502,502,0
3981,247,247,0
3982,98,98,0
3983,142,141,1
3984,421,421,0
3985,129,129,0
3986,418,418,0
3987,137,136,1
3988,204,204,0
3989,141,140,1
3990,99,98,1
3991,160,160,0
3992,124,124,0
3993,257,257,0
3994,119,119,0
3995,256,253,3
3996,244,236,8
3997,242,240,2
3998,565,563,2
3999,308,308,0
4000,793,790,3
4001,328,327,1
4002,339,339,0
4003,86,86,0
4004,215,214,1
4005,60,59,1
4006,166,165,1
4007,116,114,2
4008,164,162,2
4009,123,123,0
4010,132,131,1
4011,362,362,0
4012,35,35,0
4013,409,408,1
4014,112,111,1
4015,318,315,3
4016,151,151,0
4017,223,222,1
4018,197,194,3
4019,181,180,1
4020,124,121,3
4021,343,343,0
4022,389,389,0
4023,153,152,1
4024,731,728,3
4025,149,149,0
4026,143,143,0
4027,283,282,1
4028,319,319,0
4029,136,136,0
4030,267,265,2
4031,127,127,0
4032,176,176,0
4033,143,141,2
4034,147,147,0
4035,161,160,1
4036,358,352,6
4037,122,122,0
4038,158,156,2
4039,335,333,2
4040,136,136,0
4041,131,131,0
4042,147,146,1
4043,151,151,0
4044,125,125,0
4045,119,119,0
4046,129,128,1
4047,139,136,3
4048,135,135,0
4049,137,135,2
4050,143,142,1
4051,171,171,0
4052,173,173,0
4053,140,138,2
4054,97,97,0
4055,90,83,7
4056,134,134,0
4057,179,179,0
4058,512,512,0
4059,94,91,3
4060,125,125,0
4061,355,351,4
4062,140,140,0
4063,41,41,0
4064,75,75,0
4065,124,124,0
4066,286,285,1
4067,155,153,2
4068,319,319,0
4069,115,115,0
4070,230,228,2
4071,116,116,0
4072,74,74,0
4073,159,159,0
4074,221,220,1
4075,62,62,0
4076,124,123,1
4077,206,206,0
4078,240,239,1
4079,204,204,0
4080,169,169,0
4081,571,571,0
4082,90,90,0
4083,260,260,0
4084,190,190,0
4085,124,124,0
4086,160,153,7
4087,300,299,1
4088,170,170,0
4089,350,346,4
4090,215,213,2
4091,241,237,4
4092,180,180,0
4093,100,100,0
4094,386,382,4
4095,92,92,0
4096,128,116,12
4097,110,110,0
4098,94,94,0
4099,499,498,1
4100,129,128,1
4101,104,104,0
4102,139,139,0
4103,144,143,1
4104,184,182,2
4105,108,107,1
4106,106,106,0
4107,239,239,0
4108,177,177,0
4109,200,200,0
4110,441,440,1
4111,61,61,0
4112,85,85,0
4113,105,104,1
4114,218,217,1
4115,262,261,1
4116,146,146,0
4117,144,144,0
4118,185,184,1
4119,216,216,0
4120,157,157,0
4121,415,415,0
4122,200,200,0
4123,201,201,0
4124,260,260,0
4125,127,127,0
4126,271,271,0
4127,189,188,1
4128,191,188,3
4129,175,174,1
4130,141,141,0
4131,222,222,0
4132,560,556,4
4133,358,358,0
4134,349,348,1
4135,44,44,0
4136,148,148,0
4137,114,114,0
4138,408,404,4
4139,120,120,0
4140,165,164,1
4141,300,299,1
4142,117,116,1
4143,379,378,1
4144,192,192,0
4145,707,707,0
4146,179,179,0
4147,201,201,0
4148,234,234,0
4149,116,116,0
4150,273,273,0
4151,224,224,0
4152,470,466,4
4153,136,125,11
4154,214,214,0
4155,775,772,3
4156,201,201,0
4157,655,654,1
4158,401,401,0
4159,919,915,4
4160,285,282,3
4161,58,58,0
4162,199,199,0
4163,94,94,0
4164,55,55,0
4165,690,686,4
4166,612,608,4
4167,167,166,1
4168,55,55,0
4169,62,62,0
4170,130,130,0
4171,205,203,2
4172,122,122,0
4173,50,50,0
4174,161,161,0
4175,644,638,6
4176,273,272,1
4177,117,117,0
4178,263,262,1
4179,234,233,1
4180,202,202,0
4181,431,431,0
4182,373,370,3
4183,223,223,0
4184,113,113,0
4185,136,136,0
4186,118,118,0
4187,403,402,1
4188,136,136,0
4189,156,156,0
4190,94,94,0
4191,124,121,3
4192,99,97,2
4193,265,264,1
4194,886,882,4
4195,560,559,1
4196,183,183,0
4197,128,127,1
4198,195,195,0
4199,485,485,0
4200,302,301,1
4201,280,277,3
4202,107,107,0
4203,159,158,1
4204,136,136,0
4205,225,224,1
4206,190,189,1
4207,189,189,0
4208,108,107,1
4209,267,264,3
4210,64,63,1
4211,145,145,0
4212,201,201,0
4213,72,72,0
4214,162,161,1
4215,112,112,0
4216,194,193,1
4217,131,130,1
4218,272,272,0
4219,206,206,0
4220,167,167,0
4221,61,61,0
4222,201,201,0
4223,527,526,1
4224,866,865,1
4225,185,185,0
4226,317,314,3
4227,336,336,0
4228,115,115,0
4229,632,630,2
4230,160,158,2
4231,328,328,0
4232,80,80,0
4233,111,111,0
4234,194,194,0
4235,384,384,0
4236,307,307,0
4237,817,815,2
4238,177,177,0
4239,233,232,1
4240,227,225,2
4241,759,757,2
4242,138,138,0
4243,214,208,6
4244,165,164,1
4245,398,397,1
4246,197,197,0
4247,142,142,0
4248,142,142,0
4249,231,231,0
4250,228,224,4
4251,315,315,0
4252,213,212,1
4253,535,534,1
4254,102,102,0
4255,605,600,5
4256,837,835,2
4257,315,315,0
4258,789,781,8
4259,204,203,1
4260,162,162,0
4261,257,255,2
4262,184,184,0
4263,138,138,0
4264,175,174,1
4265,81,80,1
4266,221,219,2
4267,79,78,1
4268,47,47,0
4269,113,113,0
4270,126,126,0
4271,189,189,0
4272,244,244,0
4273,211,211,0
4274,141,141,0
4275,290,287,3
4276,110,110,0
4277,203,203,0
4278,93,93,0
4279,160,158,2
4280,59,59,0
4281,144,144,0
4282,412,412,0
4283,194,194,0
4284,274,274,0
4285,339,337,2
4286,71,71,0
4287,143,141,2
4288,49,49,0
4289,133,133,0
4290,340,340,0
4291,241,241,0
4292,225,225,0
4293,180,178,2
4294,98,96,2
4295,175,174,1
4296,301,301,0
4297,152,152,0
4298,312,310,2
4299,52,52,0
4300,349,346,3
4301,197,195,2
4302,571,567,4
4303,137,137,0
4304,127,127,0
4305,165,165,0
4306,146,146,0
4307,285,282,3
4308,150,150,0
4309,123,123,0
4310,148,147,1
4311,54,54,0
4312,49,49,0
4313,123,123,0
4314,113,113,0
4315,138,136,2
4316,89,88,1
4317,218,216,2
4318,126,126,0
4319,148,144,4
4320,73,72,1
4321,59,59,0
4322,178,177,1
4323,448,445,3
4324,185,183,2
4325,395,393,2
4326,62,62,0
4327,115,115,0
4328,527,526,1
4329,310,307,3
4330,134,134,0
4331,177,176,1
4332,119,119,0
4333,723,722,1
4334,178,177,1
4335,314,314,0
4336,647,646,1
4337,979,978,1
4338,599,598,1
4339,1002,999,3
4340,444,444,0
4341,389,388,1
4342,116,116,0
4343,104,104,0
4344,530,529,1
4345,246,246,0
4346,227,227,0
4347,306,306,0
4348,215,214,1
4349,523,523,0
4350,568,564,4
4351,238,238,0
4352,428,427,1
4353,188,188,0
4354,121,121,0
4355,238,235,3
4356,513,511,2
4357,195,195,0
4358,155,154,1
4359,131,131,0
4360,90,90,0
4361,142,142,0
4362,183,183,0
4363,135,135,0
4364,254,252,2
4365,162,160,2
4366,122,122,0
4367,352,348,4
4368,129,125,4
4369,256,254,2
4370,126,126,0
4371,174,174,0
4372,129,129,0
4373,288,287,1
4374,163,161,2
4375,143,143,0
4376,359,358,1
4377,396,396,0
4378,296,295,1
4379,144,144,0
4380,131,131,0
4381,168,167,1
4382,193,192,1
4383,152,150,2
4384,254,254,0
4385,126,125,1
4386,460,458,2
4387,179,179,0
4388,97,97,0
4389,144,143,1
4390,52,51,1
4391,145,144,1
4392,347,347,0
4393,179,178,1
4394,141,140,1
4395,173,173,0
4396,113,113,0
4397,162,162,0
4398,401,401,0
4399,168,168,0
4400,205,204,1
4401,268,268,0
4402,377,377,0
4403,137,135,2
4404,359,359,0
4405,152,150,2
4406,241,241,0
4407,120,120,0
4408,304,304,0
4409,501,497,4
4410,487,486,1
4411,222,222,0
4412,384,376,8
4413,364,359,5
4414,164,162,2
4415,371,370,1
4416,114,114,0
4417,165,161,4
4418,397,397,0
4419,769,768,1
4420,245,241,4
4421,169,168,1
4422,244,241,3
4423,133,133,0
4424,934,920,14
4425,322,321,1
4426,587,585,2
4427,493,490,3
4428,219,219,0
4429,128,128,0
4430,796,786,10
4431,138,137,1
4432,49,49,0
4433,145,144,1
4434,130,130,0
4435,78,76,2
4436,117,117,0
4437,250,246,4
4438,152,151,1
4439,246,245,1
4440,164,164,0
4441,251,249,2
4442,147,146,1
4443,177,177,0
4444,168,167,1
4445,48,48,0
4446,91,91,0
4447,139,139,0
4448,132,132,0
4449,136,136,0
4450,326,325,1
4451,56,56,0
4452,1079,1078,1
4453,238,234,4
4454,199,198,1
4455,160,160,0
4456,149,148,1
4457,328,325,3
4458,359,357,2
4459,116,116,0
4460,227,225,2
4461,141,141,0
4462,157,157,0
4463,149,149,0
4464,161,160,1
4465,208,208,0
4466,142,142,0
4467,137,137,0
4468,180,178,2
4469,140,140,0
4470,152,152,0
4471,160,160,0
4472,146,146,0
4473,65,65,0
4474,140,140,0
4475,55,55,0
4476,65,65,0
4477,254,252,2
4478,144,144,0
4479,144,144,0
4480,44,42,2
4481,101,100,1
4482,47,46,1
4483,112,112,0
4484,54,54,0
4485,79,79,0
4486,75,75,0
4487,127,127,0
4488,168,168,0
4489,102,102,0
4490,234,232,2
4491,130,129,1
4492,186,186,0
4493,337,313,24
4494,281,281,0
4495,442,442,0
4496,165,164,1
4497,186,186,0
4498,154,154,0
4499,136,136,0
4500,361,358,3
4501,357,357,0
4502,623,619,4
4503,299,290,9
4504,238,238,0
4505,153,152,1
4506,132,131,1
4507,424,423,1
4508,165,165,0
4509,140,140,0
4510,174,174,0
4511,260,260,0
4512,174,172,2
4513,154,154,0
4514,301,301,0
4515,163,163,0
4516,281,279,2
4517,1002,995,7
4518,134,134,0
4519,146,146,0
4520,461,459,2
4521,114,114,0
4522,158,158,0
4523,135,135,0
4524,136,136,0
4525,123,123,0
4526,196,196,0
4527,39,39,0
4528,131,130,1
4529,54,54,0
4530,1045,1038,7
4531,84,84,0
4532,766,764,2
4533,314,314,0
4534,1006,998,8
4535,195,195,0
4536,131,131,0
4537,127,127,0
4538,427,424,3
4539,267,266,1
4540,112,112,0
4541,173,172,1
4542,86,86,0
4543,423,422,1
4544,170,167,3
4545,100,100,0
4546,261,260,1
4547,34,33,1
4548,202,202,0
4549,176,176,0
4550,256,255,1
4551,355,355,0
4552,411,411,0
4553,192,192,0
4554,150,150,0
4555,152,151,1
4556,292,291,1
4557,100,100,0
4558,959,955,4
4559,293,293,0
4560,174,174,0
4561,694,694,0
4562,426,426,0
4563,553,552,1
4564,333,332,1
4565,278,277,1
4566,213,213,0
4567,604,602,2
4568,177,177,0
4569,700,694,6
4570,271,271,0
4571,350,348,2
4572,198,197,1
4573,121,121,0
4574,151,151,0
4575,108,107,1
4576,226,223,3
4577,133,133,0
4578,224,223,1
4579,137,137,0
4580,178,178,0
4581,353,353,0
4582,229,225,4
4583,135,135,0
4584,243,243,0
4585,194,192,2
4586,198,198,0
4587,161,161,0
4588,400,397,3
4589,71,71,0
4590,128,128,0
4591,116,112,4
4592,228,226,2
4593,239,237,2
4594,143,141,2
4595,90,88,2
4596,179,179,0
4597,137,137,0
4598,335,335,0
4599,388,388,0
4600,173,173,0
4601,43,43,0
4602,193,193,0
4603,207,207,0
4604,539,539,0
4605,140,138,2
4606,231,229,2
4607,187,186,1
4608,519,513,6
4609,165,165,0
4610,222,222,0
4611,166,166,0
4612,143,143,0
4613,97,97,0
4614,129,127,2
4615,241,235,6
4616,1006,1004,2
4617,265,265,0
4618,413,407,6
4619,125,123,2
4620,115,115,0
4621,287,286,1
4622,530,520,10
4623,113,112,1
4624,537,536,1
4625,335,333,2
4626,97,97,0
4627,628,625,3
4628,316,315,1
4629,308,308,0
4630,378,376,2
4631,102,102,0
4632,386,386,0
4633,44,44,0
4634,298,292,6
4635,266,265,1
4636,887,884,3
4637,558,553,5
4638,761,754,7
4639,149,149,0
4640,137,133,4
4641,136,136,0
4642,119,119,0
4643,260,260,0
4644,1006,1002,4
4645,177,172,5
4646,126,126,0
4647,126,126,0
4648,139,139,0
4649,328,328,0
4650,136,136,0
4651,290,288,2
4652,803,800,3
4653,598,597,1
4654,117,116,1
4655,151,151,0
4656,179,179,0
4657,121,121,0
4658,289,289,0
4659,132,131,1
4660,189,189,0
4661,328,328,0
4662,191,191,0
4663,142,142,0
4664,130,130,0
4665,230,230,0
4666,289,289,0
4667,215,215,0
4668,105,105,0
4669,357,357,0
4670,123,123,0
4671,106,105,1
4672,834,830,4
4673,1010,996,14
4674,167,167,0
4675,275,272,3
4676,325,322,3
4677,76,75,1
4678,157,156,1
4679,137,137,0
4680,326,326,0
4681,256,254,2
4682,139,139,0
4683,78,78,0
4684,52,52,0
4685,137,137,0
4686,326,326,0
4687,131,130,1
4688,37,37,0
4689,125,124,1
4690,48,48,0
4691,130,130,0
4692,123,123,0
4693,125,124,1
4694,126,126,0
4695,340,340,0
4696,1029,1029,0
4697,115,114,1
4698,138,137,1
4699,154,154,0
4700,120,120,0
4701,364,362,2
4702,233,230,3
4703,616,613,3
4704,120,119,1
4705,108,108,0
4706,195,194,1
4707,134,132,2
4708,312,310,2
4709,122,122,0
4710,119,118,1
4711,170,170,0
4712,279,279,0
4713,163,163,0
4714,462,462,0
4715,141,141,0
4716,183,183,0
4717,142,142,0
4718,193,193,0
4719,226,226,0
4720,516,516,0
4721,76,76,0
4722,311,311,0
4723,264,262,2
4724,164,162,2
4725,242,241,1
4726,46,46,0
4727,174,174,0
4728,118,118,0
4729,131,130,1
4730,152,152,0
4731,301,300,1
4732,156,156,0
4733,215,215,0
4734,148,148,0
4735,109,109,0
4736,274,273,1
4737,409,409,0
4738,121,121,0
4739,174,174,0
4740,205,205,0
4741,194,194,0
4742,153,153,0
4743,722,717,5
4744,317,315,2
4745,191,191,0
4746,179,178,1
4747,199,199,0
4748,356,354,2
4749,127,127,0
4750,493,493,0
4751,576,574,2
4752,170,168,2
4753,277,277,0
4754,375,375,0
4755,616,615,1
4756,354,353,1
4757,503,502,1
4758,140,139,1
4759,198,198,0
4760,750,742,8
4761,161,160,1
4762,143,143,0
4763,140,140,0
4764,128,128,0
4765,143,143,0
4766,137,136,1
4767,112,112,0
4768,89,89,0
4769,142,139,3
4770,589,584,5
4771,195,195,0
4772,191,190,1
4773,168,167,1
4774,164,164,0
4775,103,103,0
4776,128,128,0
4777,750,749,1
4778,176,176,0
4779,130,130,0
4780,267,263,4
4781,122,121,1
4782,313,310,3
4783,352,352,0
4784,292,292,0
4785,143,140,3
4786,235,233,2
4787,40,40,0
4788,969,966,3
4789,99,99,0
4790,75,75,0
4791,77,77,0
4792,47,47,0
4793,64,64,0
4794,124,123,1
4795,86,86,0
4796,202,201,1
4797,55,55,0
4798,102,102,0
4799,788,787,1
4800,158,152,6
4801,233,232,1
4802,61,60,1
4803,257,255,2
4804,102,101,1
4805,135,135,0
4806,71,70,1
4807,110,110,0
4808,142,141,1
4809,136,136,0
4810,990,990,0
4811,236,236,0
4812,167,165,2
4813,451,447,4
4814,166,166,0
4815,107,106,1
4816,251,251,0
4817,74,74,0
4818,890,880,10
4819,189,188,1
4820,647,638,9
4821,355,355,0
4822,508,506,2
4823,607,607,0
4824,426,426,0
4825,986,983,3
4826,176,176,0
4827,198,197,1
4828,322,321,1
4829,323,321,2
4830,315,308,7
4831,189,189,0
4832,501,499,2
4833,202,199,3
4834,263,263,0
4835,497,496,1
4836,137,137,0
4837,355,354,1
4838,124,124,0
4839,1003,999,4
4840,253,253,0
4841,321,319,2
4842,144,144,0
4843,338,336,2
4844,238,238,0
4845,108,108,0
4846,123,123,0
4847,167,166,1
4848,286,285,1
4849,196,196,0
4850,122,122,0
4851,53,53,0
4852,398,396,2
4853,170,170,0
4854,161,161,0
4855,130,130,0
4856,208,207,1
4857,230,230,0
4858,523,520,3
4859,743,743,0
4860,380,377,3
4861,459,459,0
4862,480,480,0
4863,116,115,1
4864,561,558,3
4865,133,133,0
4866,333,332,1
4867,160,160,0
4868,191,191,0
4869,225,222,3
4870,254,251,3
4871,95,95,0
4872,217,216,1
4873,598,594,4
4874,187,183,4
4875,113,113,0
4876,373,371,2
4877,841,839,2
4878,567,561,6
4879,353,353,0
4880,704,699,5
4881,331,329,2
4882,206,206,0
4883,91,91,0
4884,106,106,0
4885,127,127,0
4886,152,152,0
4887,112,112,0
4888,250,248,2
4889,168,168,0
4890,131,131,0
4891,170,170,0
4892,174,174,0
4893,179,179,0
4894,134,134,0
4895,280,280,0
4896,205,205,0
4897,160,159,1
4898,234,234,0
4899,570,570,0
4900,296,296,0
4901,297,297,0
4902,297,297,0
4903,296,296,0
4904,214,214,0
4905,184,181,3
4906,184,184,0
4907,170,170,0
4908,144,144,0
4909,659,658,1
4910,294,293,1
4911,188,188,0
4912,207,205,2
4913,35,35,0
4914,158,155,3
4915,197,197,0
4916,172,171,1
4917,117,117,0
4918,191,187,4
4919,117,117,0
4920,125,125,0
4921,426,426,0
4922,131,127,4
4923,137,136,1
4924,131,131,0
4925,184,183,1
4926,124,123,1
4927,135,133,2
4928,59,59,0
4929,133,133,0
4930,63,63,0
4931,168,161,7
4932,540,539,1
4933,119,119,0
4934,140,140,0
4935,250,249,1
4936,194,194,0
4937,201,201,0
4938,287,286,1
4939,348,348,0
4940,122,122,0
4941,105,105,0
4942,134,133,1
4943,381,380,1
4944,446,445,1
4945,135,135,0
4946,182,181,1
4947,108,108,0
4948,119,119,0
4949,203,203,0
4950,164,164,0
4951,121,121,0
4952,212,212,0
4953,177,174,3
4954,154,154,0
4955,205,205,0
4956,132,132,0
4957,168,168,0
4958,165,165,0
4959,172,172,0
4960,137,137,0
4961,126,125,1
4962,203,202,1
4963,230,230,0
4964,136,136,0
4965,153,153,0
4966,72,70,2
4967,155,155,0
4968,123,123,0
4969,201,201,0
4970,165,165,0
4971,224,224,0
4972,166,164,2
4973,177,176,1
4974,233,231,2
4975,182,182,0
4976,329,325,4
4977,576,573,3
4978,125,124,1
4979,41,41,0
4980,77,76,1
4981,175,175,0
4982,161,161,0
4983,554,552,2
4984,126,126,0
4985,172,172,0
4986,221,221,0
4987,220,216,4
4988,648,641,7
4989,633,627,6
4990,367,364,3
4991,151,151,0
4992,98,95,3
4993,52,52,0
4994,183,183,0
4995,71,70,1
4996,326,324,2
4997,65,63,2
4998,64,63,1
4999,171,167,4
5000,110,110,0
5001,126,126,0
5002,194,194,0
5003,287,287,0
5004,123,120,3
5005,188,188,0
5006,171,170,1
5007,266,265,1
5008,146,142,4
5009,132,132,0
5010,134,134,0
5011,625,623,2
5012,160,159,1
5013,234,234,0
5014,122,122,0
5015,144,144,0
5016,444,444,0
5017,75,75,0
5018,103,103,0
5019,347,344,3
5020,261,260,1
5021,144,141,3
5022,693,691,2
5023,250,250,0
5024,190,188,2
5025,607,600,7
5026,50,50,0
5027,135,134,1
5028,203,203,0
5029,103,102,1
5030,203,203,0
5031,108,108,0
5032,39,38,1
5033,352,351,1
5034,329,329,0
5035,114,114,0
5036,138,138,0
5037,151,151,0
5038,126,126,0
5039,314,314,0
5040,48,48,0
5041,280,277,3
5042,151,151,0
5043,66,66,0
5044,292,292,0
5045,130,130,0
5046,140,140,0
5047,240,237,3
5048,249,249,0
5049,119,118,1
5050,108,107,1
5051,161,161,0
5052,200,200,0
5053,124,124,0
5054,188,188,0
5055,448,444,4
5056,164,149,15
5057,217,217,0
5058,51,50,1
5059,141,141,0
5060,61,60,1
5061,85,85,0
5062,175,175,0
5063,111,111,0
5064,202,199,3
5065,138,136,2
5066,114,112,2
5067,300,299,1
5068,273,272,1
5069,146,146,0
5070,335,334,1
5071,145,145,0
5072,310,309,1
5073,327,327,0
5074,562,561,1
5075,319,319,0
5076,319,318,1
5077,165,163,2
5078,604,604,0
5079,106,105,1
5080,484,481,3
5081,199,198,1
5082,157,157,0
5083,45,45,0
5084,105,105,0
5085,108,108,0
5086,41,41,0
5087,146,146,0
5088,125,121,4
5089,169,169,0
5090,110,110,0
5091,315,315,0
5092,295,294,1
5093,133,133,0
5094,135,134,1
5095,109,109,0
5096,142,142,0
5097,281,280,1
5098,402,401,1
5099,189,188,1
5100,197,196,1
5101,127,126,1
5102,45,45,0
5103,142,142,0
5104,903,900,3
5105,30,30,0
5106,195,193,2
5107,545,544,1
5108,407,406,1
5109,57,57,0
5110,139,139,0
5111,123,123,0
5112,216,216,0
5113,276,274,2
5114,152,152,0
5115,691,691,0
5116,285,282,3
5117,571,570,1
5118,130,130,0
5119,176,175,1
5120,280,279,1
5121,162,161,1
5122,65,65,0
5123,47,47,0
5124,123,123,0
5125,171,169,2
5126,958,955,3
5127,188,188,0
5128,202,202,0
5129,227,226,1
5130,364,364,0
5131,321,320,1
5132,119,118,1
5133,710,710,0
5134,468,467,1
5135,250,249,1
5136,666,665,1
5137,376,376,0
5138,424,424,0
5139,62,62,0
5140,323,322,1
5141,149,149,0
5142,126,124,2
5143,574,569,5
5144,291,287,4
5145,127,127,0
5146,126,126,0
5147,200,198,2
5148,426,426,0
5149,68,68,0
5150,69,69,0
5151,191,185,6
5152,133,132,1
5153,242,241,1
5154,306,299,7
5155,592,583,9
5156,50,50,0
5157,196,196,0
5158,130,130,0
5159,136,136,0
5160,103,102,1
5161,212,211,1
5162,158,157,1
5163,992,988,4
5164,124,124,0
5165,147,146,1
5166,197,197,0
5167,119,119,0
5168,194,194,0
5169,132,132,0
5170,187,186,1
5171,148,147,1
5172,197,197,0
5173,133,129,4
5174,100,99,1
5175,107,107,0
5176,404,404,0
5177,276,276,0
5178,167,167,0
5179,306,305,1
5180,128,127,1
5181,535,535,0
5182,136,134,2
5183,124,122,2
5184,241,240,1
5185,94,91,3
5186,162,161,1
5187,140,140,0
5188,570,566,4
5189,115,113,2
5190,244,239,5
5191,139,139,0
5192,222,221,1
5193,169,168,1
5194,309,309,0
5195,151,151,0
5196,198,198,0
5197,125,125,0
5198,64,64,0
5199,191,188,3
5200,183,183,0
5201,258,257,1
5202,58,58,0
5203,179,179,0
5204,184,178,6
5205,203,202,1
5206,114,114,0
5207,260,260,0
5208,498,494,4
5209,171,170,1
5210,550,549,1
5211,303,302,1
5212,266,263,3
5213,489,487,2
5214,105,105,0
5215,197,197,0
5216,177,177,0
5217,44,44,0
5218,297,294,3
5219,61,61,0
5220,121,121,0
5221,138,138,0
5222,115,115,0
5223,49,49,0
5224,322,320,2
5225,300,297,3
5226,116,114,2
5227,182,180,2
5228,170,170,0
5229,137,137,0
5230,123,123,0
5231,147,147,0
5232,410,405,5
5233,120,120,0
5234,133,133,0
5235,400,399,1
5236,508,508,0
5237,182,182,0
5238,170,170,0
5239,503,500,3
5240,159,159,0
5241,189,189,0
5242,112,111,1
5243,152,152,0
5244,147,146,1
5245,180,180,0
5246,180,180,0
5247,198,198,0
5248,101,100,1
5249,519,519,0
5250,211,211,0
5251,220,216,4
5252,314,311,3
5253,144,144,0
5254,377,375,2
5255,307,306,1
5256,209,209,0
5257,140,140,0
5258,280,278,2
5259,335,333,2
5260,168,166,2
5261,332,332,0
5262,98,97,1
5263,457,456,1
5264,368,362,6
5265,316,315,1
5266,81,81,0
5267,144,144,0
5268,201,201,0
5269,190,190,0
5270,151,151,0
5271,105,104,1
5272,204,204,0
5273,25,23,2
5274,126,126,0
5275,108,108,0
5276,150,150,0
5277,210,210,0
5278,218,217,1
5279,125,125,0
5280,258,258,0
5281,141,141,0
5282,80,80,0
5283,73,73,0
5284,63,63,0
5285,74,73,1
5286,131,131,0
5287,138,137,1
5288,103,103,0
5289,142,142,0
5290,163,163,0
5291,362,361,1
5292,225,225,0
5293,161,160,1
5294,270,270,0
5295,131,130,1
5296,178,178,0
5297,114,114,0
5298,177,175,2
5299,84,83,1
5300,239,239,0
5301,130,130,0
5302,139,139,0
5303,312,311,1
5304,258,258,0
5305,235,233,2
5306,406,406,0
5307,77,77,0
5308,198,198,0
5309,219,218,1
5310,99,99,0
5311,541,539,2
5312,380,377,3
5313,418,417,1
5314,119,118,1
5315,240,240,0
5316,179,179,0
5317,65,65,0
5318,90,90,0
5319,224,224,0
5320,142,142,0
5321,115,115,0
5322,225,224,1
5323,39,39,0
5324,154,154,0
5325,141,141,0
5326,206,200,6
5327,173,173,0
5328,167,167,0
5329,130,130,0
5330,271,266,5
5331,208,203,5
5332,632,631,1
5333,607,595,12
5334,224,223,1
5335,178,177,1
5336,540,536,4
5337,189,188,1
5338,199,198,1
5339,778,769,9
5340,128,128,0
5341,879,867,12
5342,125,125,0
5343,522,515,7
5344,253,251,2
5345,445,437,8
5346,1005,995,10
5347,245,235,10
5348,474,472,2
5349,65,64,1
5350,203,203,0
5351,362,360,2
5352,465,465,0
5353,204,202,2
5354,434,431,3
5355,194,192,2
5356,287,286,1
5357,110,110,0
5358,197,197,0
5359,386,379,7
5360,79,79,0
5361,56,56,0
5362,702,691,11
5363,78,78,0
5364,136,136,0
5365,175,175,0
5366,93,93,0
5367,46,46,0
5368,129,129,0
5369,117,114,3
5370,56,56,0
5371,132,131,1
5372,126,126,0
5373,200,199,1
5374,141,141,0
5375,118,118,0
5376,633,630,3
5377,201,201,0
5378,84,84,0
5379,138,138,0
5380,150,150,0
5381,147,147,0
5382,185,185,0
5383,127,127,0
5384,44,44,0
5385,71,70,1
5386,105,105,0
5387,443,442,1
5388,202,202,0
5389,69,69,0
5390,151,150,1
5391,94,93,1
5392,285,283,2
5393,160,159,1
5394,98,98,0
5395,46,46,0
5396,105,105,0
5397,194,192,2
5398,317,316,1
5399,76,76,0
5400,37,37,0
5401,130,126,4
5402,311,310,1
5403,186,184,2
5404,66,66,0
5405,136,136,0
5406,429,429,0
5407,466,458,8
5408,138,134,4
5409,438,437,1
5410,66,64,2
5411,209,204,5
5412,117,115,2
5413,426,424,2
5414,96,96,0
5415,301,298,3
5416,223,217,6
5417,148,148,0
5418,482,480,2
5419,57,57,0
5420,151,151,0
5421,67,66,1
5422,182,182,0
5423,244,241,3
5424,170,166,4
5425,161,159,2
5426,187,187,0
5427,261,252,9
5428,60,60,0
5429,45,43,2
5430,128,127,1
5431,118,117,1
5432,110,110,0
5433,203,198,5
5434,97,97,0
5435,281,280,1
5436,122,122,0
5437,124,119,5
5438,128,127,1
5439,35,35,0
5440,124,124,0
5441,168,168,0
5442,134,133,1
5443,106,106,0
5444,292,288,4
5445,146,146,0
5446,137,135,2
5447,133,133,0
5448,135,135,0
5449,196,196,0
5450,104,104,0
5451,208,207,1
5452,264,262,2
5453,813,807,6
5454,43,43,0
5455,179,179,0
5456,171,171,0
5457,209,209,0
5458,131,131,0
5459,128,128,0
5460,452,447,5
5461,163,163,0
5462,215,213,2
5463,71,71,0
5464,66,66,0
5465,108,108,0
5466,203,203,0
5467,237,233,4
5468,182,182,0
5469,175,175,0
5470,69,69,0
5471,108,108,0
5472,136,136,0
5473,136,135,1
5474,165,165,0
5475,160,160,0
5476,173,173,0
5477,147,147,0
5478,305,305,0
5479,168,168,0
5480,194,194,0
5481,55,55,0
5482,184,184,0
5483,130,130,0
5484,273,269,4
5485,165,165,0
5486,442,439,3
5487,75,75,0
5488,172,172,0
5489,148,147,1
5490,76,76,0
5491,186,185,1
5492,145,145,0
5493,171,171,0
5494,150,150,0
5495,118,117,1
5496,264,264,0
5497,67,67,0
5498,413,413,0
5499,303,298,5
5500,101,101,0
5501,82,82,0
5502,121,121,0
5503,190,190,0
5504,127,126,1
5505,241,240,1
5506,277,277,0
5507,167,167,0
5508,134,133,1
5509,244,244,0
5510,221,220,1
5511,115,115,0
5512,287,283,4
5513,141,141,0
5514,160,160,0
5515,157,156,1
5516,160,159,1
5517,265,264,1
5518,130,130,0
5519,344,344,0
5520,46,46,0
5521,324,323,1
5522,305,305,0
5523,135,134,1
5524,190,190,0
5525,223,221,2
5526,31,31,0
5527,380,377,3
5528,298,298,0
5529,62,62,0
5530,469,467,2
5531,137,137,0
5532,385,385,0
5533,118,117,1
5534,127,127,0
5535,154,154,0
5536,143,142,1
5537,240,239,1
5538,376,376,0
5539,196,196,0
5540,104,104,0
5541,194,191,3
5542,168,167,1
5543,594,591,3
5544,645,645,0
5545,143,143,0
5546,253,253,0
5547,783,781,2
5548,236,235,1
5549,377,377,0
5550,746,745,1
5551,120,120,0
5552,157,157,0
5553,194,194,0
5554,211,211,0
5555,130,130,0
5556,148,148,0
5557,82,82,0
5558,187,186,1
5559,175,175,0
5560,348,348,0
5561,143,143,0
5562,168,168,0
5563,99,98,1
5564,138,138,0
5565,939,935,4
5566,223,222,1
5567,128,128,0
5568,125,123,2
5569,225,222,3
5570,512,509,3
5571,180,180,0
5572,134,134,0
5573,160,159,1
5574,114,114,0
5575,277,275,2
5576,279,277,2
5577,122,121,1
5578,70,70,0
5579,156,156,0
5580,120,119,1
5581,136,135,1
5582,175,169,6
5583,136,134,2
5584,132,132,0
5585,165,165,0
5586,258,256,2
5587,566,565,1
5588,165,165,0
5589,99,99,0
5590,387,381,6
5591,167,167,0
5592,272,272,0
5593,564,563,1
5594,165,165,0
5595,188,187,1
5596,201,201,0
5597,195,194,1
5598,534,534,0
5599,251,251,0
5600,193,193,0
5601,332,329,3
5602,94,94,0
5603,325,323,2
5604,612,610,2
5605,128,128,0
5606,214,213,1
5607,230,228,2
5608,145,145,0
5609,659,657,2
5610,172,172,0
5611,49,49,0
5612,2151,2140,11
5613,598,596,2
5614,149,149,0
5615,118,118,0
5616,396,396,0
5617,175,175,0
5618,81,81,0
5619,226,225,1
5620,53,53,0
5621,900,895,5
5622,57,57,0
5623,229,228,1
5624,253,253,0
5625,115,115,0
5626,71,71,0
5627,65,64,1
5628,678,676,2
5629,244,243,1
5630,96,96,0
5631,158,158,0
5632,996,994,2
5633,144,143,1
5634,232,231,1
5635,138,137,1
5636,746,745,1
5637,144,144,0
5638,196,196,0
5639,237,237,0
5640,379,376,3
5641,130,128,2
5642,346,344,2
5643,733,733,0
5644,525,525,0
5645,186,185,1
5646,265,262,3
5647,257,257,0
5648,130,130,0
5649,605,603,2
5650,133,132,1
5651,68,68,0
5652,63,63,0
5653,166,166,0
5654,947,946,1
5655,140,140,0
5656,120,120,0
5657,337,331,6
5658,504,503,1
5659,248,247,1
5660,196,196,0
5661,307,307,0
5662,215,215,0
5663,212,212,0
5664,379,378,1
5665,193,193,0
5666,252,252,0
5667,106,100,6
5668,323,322,1
5669,216,215,1
5670,110,109,1
5671,141,139,2
5672,272,268,4
5673,155,155,0
5674,186,186,0
5675,197,197,0
5676,341,340,1
5677,553,553,0
5678,139,139,0
5679,193,192,1
5680,369,367,2
5681,172,172,0
5682,150,150,0
5683,315,311,4
5684,471,469,2
5685,155,155,0
5686,294,293,1
5687,341,340,1
5688,403,402,1
5689,130,130,0
5690,210,208,2
5691,118,118,0
5692,203,202,1
5693,170,169,1
5694,145,144,1
5695,382,376,6
5696,287,285,2
5697,190,187,3
5698,223,223,0
5699,140,140,0
5700,102,102,0
5701,289,287,2
5702,462,460,2
5703,129,129,0
5704,628,626,2
5705,360,358,2
5706,202,201,1
5707,270,270,0
5708,561,560,1
5709,725,725,0
5710,141,141,0
5711,105,105,0
5712,47,46,1
5713,102,100,2
5714,50,50,0
5715,110,110,0
5716,132,132,0
5717,114,113,1
5718,133,132,1
5719,76,76,0
5720,783,775,8
5721,129,128,1
5722,50,50,0
5723,145,145,0
5724,135,135,0
5725,177,174,3
5726,221,220,1
5727,158,158,0
5728,206,204,2
5729,244,243,1
5730,127,127,0
5731,187,187,0
5732,69,66,3
5733,154,154,0
5734,197,196,1
5735,245,245,0
5736,249,248,1
5737,133,132,1
5738,302,302,0
5739,233,231,2
5740,133,131,2
5741,140,140,0
5742,192,192,0
5743,116,115,1
5744,381,381,0
5745,387,386,1
5746,193,192,1
5747,397,397,0
5748,291,291,0
5749,439,438,1
5750,117,116,1
5751,316,315,1
5752,473,472,1
5753,471,470,1
5754,139,139,0
5755,190,190,0
5756,956,953,3
5757,239,239,0
5758,160,159,1
5759,309,308,1
5760,223,223,0
5761,283,281,2
5762,121,120,1
5763,188,188,0
5764,322,321,1
5765,184,184,0
5766,220,220,0
5767,142,142,0
5768,371,371,0
5769,188,187,1
5770,731,725,6
5771,531,531,0
5772,279,278,1
5773,95,91,4
5774,427,427,0
5775,186,177,9
5776,616,613,3
5777,254,251,3
5778,141,141,0
5779,110,110,0
5780,179,179,0
5781,105,105,0
5782,145,144,1
5783,232,231,1
5784,171,171,0
5785,1400,1392,8
5786,103,98,5
5787,189,189,0
5788,141,141,0
5789,123,123,0
5790,189,189,0
5791,238,237,1
5792,143,143,0
5793,206,206,0
5794,167,165,2
5795,514,513,1
5796,161,160,1
5797,130,129,1
5798,146,146,0
5799,331,330,1
5800,633,633,0
5801,129,129,0
5802,263,262,1
5803,360,360,0
5804,117,117,0
5805,239,239,0
5806,155,155,0
5807,113,113,0
5808,280,280,0
5809,695,691,4
5810,141,141,0
5811,151,151,0
5812,30,30,0
5813,52,52,0
5814,24,24,0
5815,44,44,0
5816,170,169,1
5817,156,156,0
5818,130,130,0
5819,123,122,1
5820,686,681,5
5821,158,158,0
5822,266,266,0
5823,111,111,0
5824,827,823,4
5825,238,236,2
5826,828,823,5
5827,99,96,3
5828,176,175,1
5829,131,130,1
5830,88,88,0
5831,293,293,0
5832,287,286,1
5833,267,266,1
5834,563,558,5
5835,414,414,0
5836,438,435,3
5837,158,158,0
5838,525,525,0
5839,165,164,1
5840,300,300,0
5841,384,383,1
5842,152,151,1
5843,129,129,0
5844,85,85,0
5845,448,443,5
5846,140,140,0
5847,162,162,0
5848,123,123,0
5849,725,723,2
5850,174,174,0
5851,335,334,1
5852,210,210,0
5853,67,67,0
5854,502,501,1
5855,114,112,2
5856,245,240,5
5857,168,165,3
5858,424,422,2
5859,268,268,0
5860,192,191,1
5861,120,116,4
5862,178,178,0
5863,152,149,3
5864,142,141,1
5865,129,129,0
5866,226,226,0
5867,72,71,1
5868,327,327,0
5869,537,537,0
5870,239,239,0
5871,76,76,0
5872,218,218,0
5873,175,175,0
5874,132,130,2
5875,199,199,0
5876,139,138,1
5877,295,293,2
5878,239,239,0
5879,173,171,2
5880,317,317,0
5881,185,185,0
5882,171,171,0
5883,234,234,0
5884,31,31,0
5885,161,160,1
5886,110,108,2
5887,122,122,0
5888,129,128,1
5889,173,172,1
5890,2147,2139,8
5891,53,53,0
5892,313,312,1
5893,149,149,0
5894,56,56,0
5895,108,108,0
5896,222,222,0
5897,446,444,2
5898,152,151,1
5899,414,412,2
5900,98,98,0
5901,327,327,0
5902,228,228,0
5903,303,303,0
5904,384,384,0
5905,168,167,1
5906,599,597,2
5907,62,62,0
5908,213,213,0
5909,298,295,3
5910,251,251,0
5911,76,76,0
5912,1039,1037,2
5913,120,120,0
5914,67,67,0
5915,111,111,0
5916,115,115,0
5917,51,51,0
5918,121,119,2
5919,464,461,3
5920,186,186,0
5921,266,266,0
5922,245,245,0
5923,465,465,0
5924,158,154,4
5925,191,191,0
5926,122,122,0
5927,96,96,0
5928,176,173,3
5929,133,131,2
5930,130,129,1
5931,148,147,1
5932,201,200,1
5933,191,191,0
5934,169,169,0
5935,186,186,0
5936,284,283,1
5937,958,955,3
5938,220,220,0
5939,108,108,0
5940,115,113,2
5941,132,129,3
5942,130,128,2
5943,158,158,0
5944,107,106,1
5945,372,372,0
5946,107,106,1
5947,59,59,0
5948,128,128,0
5949,65,65,0
5950,112,112,0
5951,225,225,0
5952,72,72,0
5953,228,228,0
5954,71,71,0
5955,145,145,0
5956,320,318,2
5957,187,186,1
5958,312,311,1
5959,399,398,1
5960,153,153,0
5961,135,134,1
5962,169,169,0
5963,136,136,0
5964,270,268,2
5965,293,293,0
5966,54,53,1
5967,120,118,2
5968,252,251,1
5969,90,90,0
5970,393,393,0
5971,466,466,0
5972,106,105,1
5973,522,520,2
5974,137,137,0
5975,172,171,1
5976,121,121,0
5977,85,84,1
5978,160,159,1
5979,52,51,1
5980,112,112,0
5981,286,286,0
5982,170,170,0
5983,167,167,0
5984,501,498,3
5985,29,29,0
5986,112,112,0
5987,138,138,0
5988,298,296,2
5989,184,183,1
5990,385,385,0
5991,713,712,1
5992,296,296,0
5993,230,230,0
5994,148,147,1
5995,169,169,0
5996,137,136,1
5997,269,269,0
5998,160,160,0
5999,147,147,0
6000,443,442,1
6001,140,140,0
6002,356,356,0
6003,180,180,0
6004,766,762,4
6005,285,285,0
6006,209,209,0
6007,625,625,0
6008,196,194,2
6009,610,606,4
6010,49,49,0
6011,218,215,3
6012,664,661,3
6013,636,635,1
6014,200,200,0
6015,305,303,2
6016,87,87,0
6017,206,206,0
6018,158,157,1
6019,192,192,0
6020,228,226,2
6021,129,129,0
6022,192,192,0
6023,68,68,0
6024,180,180,0
6025,412,411,1
6026,258,258,0
6027,671,667,4
6028,91,91,0
6029,577,573,4
6030,225,225,0
6031,213,213,0
6032,88,88,0
6033,236,234,2
6034,130,130,0
6035,149,147,2
6036,90,90,0
6037,345,344,1
6038,507,505,2
6039,243,242,1
6040,242,242,0
6041,113,113,0
6042,70,70,0
6043,67,67,0
6044,287,286,1
6045,586,585,1
6046,645,642,3
6047,471,470,1
6048,493,492,1
6049,454,453,1
6050,834,829,5
6051,176,176,0
6052,1019,1012,7
6053,329,327,2
6054,196,196,0
6055,138,138,0
6056,173,173,0
6057,287,287,0
6058,188,188,0
6059,249,246,3
6060,304,303,1
6061,218,217,1
6062,120,120,0
6063,742,731,11
6064,533,532,1
6065,200,200,0
6066,49,49,0
6067,170,170,0
6068,197,197,0
6069,741,738,3
6070,162,161,1
6071,147,147,0
6072,155,155,0
6073,128,128,0
6074,44,44,0
6075,211,210,1
6076,91,90,1
6077,54,54,0
6078,55,55,0
6079,68,68,0
6080,46,46,0
6081,107,107,0
6082,49,49,0
6083,180,178,2
6084,44,44,0
6085,70,70,0
6086,136,136,0
6087,73,73,0
6088,120,119,1
6089,47,47,0
6090,205,205,0
6091,138,134,4
6092,84,83,1
6093,233,233,0
6094,114,113,1
6095,288,287,1
6096,374,373,1
6097,151,151,0
6098,59,59,0
6099,116,115,1
6100,144,144,0
6101,148,147,1
6102,311,311,0
6103,658,657,1
6104,780,780,0
6105,81,81,0
6106,165,164,1
6107,50,50,0
6108,156,155,1
6109,302,300,2
6110,126,126,0
6111,967,967,0
6112,170,170,0
6113,708,700,8
6114,680,679,1
6115,111,111,0
6116,124,124,0
6117,227,226,1
6118,101,101,0
6119,117,117,0
6120,137,137,0
6121,87,87,0
6122,117,117,0
6123,221,221,0
6124,167,163,4
6125,143,143,0
6126,305,304,1
6127,115,115,0
6128,128,128,0
6129,204,204,0
6130,111,111,0
6131,659,659,0
6132,57,57,0
6133,126,125,1
6134,127,126,1
6135,139,139,0
6136,131,131,0
6137,240,240,0
6138,156,156,0
6139,131,131,0
6140,122,122,0
6141,128,128,0
6142,159,158,1
6143,122,122,0
6144,115,114,1
6145,368,366,2
6146,176,176,0
6147,421,420,1
6148,161,160,1
6149,424,424,0
6150,461,460,1
6151,261,261,0
6152,213,213,0
6153,204,204,0
6154,232,232,0
6155,454,453,1
6156,481,478,3
6157,247,247,0
6158,146,144,2
6159,487,486,1
6160,157,157,0
6161,198,198,0
6162,132,132,0
6163,218,218,0
6164,571,567,4
6165,112,111,1
6166,134,134,0
6167,121,121,0
6168,136,136,0
6169,271,271,0
6170,130,130,0
6171,119,119,0
6172,126,126,0
6173,116,116,0
6174,96,95,1
6175,241,239,2
6176,120,119,1
6177,142,141,1
6178,260,257,3
6179,68,68,0
6180,117,115,2
6181,179,176,3
6182,182,181,1
6183,130,128,2
6184,93,92,1
6185,204,203,1
6186,180,179,1
6187,298,298,0
6188,124,124,0
6189,273,273,0
6190,171,171,0
6191,199,196,3
6192,388,387,1
6193,185,181,4
6194,164,163,1
6195,126,125,1
6196,135,133,2
6197,205,205,0
6198,246,246,0
6199,173,173,0
6200,239,238,1
6201,212,211,1
6202,143,143,0
6203,189,188,1
6204,143,142,1
6205,85,84,1
6206,243,242,1
6207,340,339,1
6208,146,146,0
6209,660,660,0
6210,330,330,0
6211,130,129,1
6212,322,322,0
6213,180,179,1
6214,293,292,1
6215,144,143,1
6216,267,266,1
6217,282,281,1
6218,493,493,0
6219,128,128,0
6220,418,418,0
6221,108,108,0
6222,452,448,4
6223,239,239,0
6224,123,123,0
6225,140,140,0
6226,232,230,2
6227,161,161,0
6228,131,130,1
6229,150,150,0
6230,117,117,0
6231,987,984,3
6232,132,132,0
6233,174,173,1
6234,248,248,0
6235,70,69,1
6236,344,343,1
6237,161,160,1
6238,533,532,1
6239,334,333,1
6240,58,56,2
6241,298,296,2
6242,692,690,2
6243,130,130,0
6244,200,198,2
6245,464,463,1
6246,170,170,0
6247,235,235,0
6248,195,195,0
6249,177,176,1
6250,132,132,0
6251,404,403,1
6252,420,420,0
6253,76,75,1
6254,926,920,6
6255,283,283,0
6256,84,82,2
6257,88,87,1
6258,62,62,0
6259,250,250,0
6260,63,63,0
6261,156,156,0
6262,40,40,0
6263,51,50,1
6264,106,106,0
6265,67,67,0
6266,111,110,1
6267,245,244,1
6268,123,123,0
6269,168,168,0
6270,125,125,0
6271,55,55,0
6272,142,141,1
6273,173,171,2
6274,198,198,0
6275,167,167,0
6276,53,53,0
6277,287,283,4
6278,242,238,4
6279,908,908,0
6280,188,186,2
6281,188,188,0
6282,223,223,0
6283,79,79,0
6284,244,242,2
6285,119,118,1
6286,150,150,0
6287,236,235,1
6288,274,273,1
6289,149,148,1
6290,365,365,0
6291,618,616,2
6292,336,335,1
6293,242,238,4
6294,424,424,0
6295,884,881,3
6296,154,154,0
6297,154,154,0
6298,154,154,0
6299,77,76,1
6300,154,154,0
6301,175,175,0
6302,154,154,0
6303,130,130,0
6304,176,176,0
6305,153,152,1
6306,211,211,0
6307,371,370,1
6308,45,43,2
6309,175,175,0
6310,171,170,1
6311,173,173,0
6312,216,216,0
6313,126,125,1
6314,531,529,2
6315,574,571,3
6316,225,225,0
6317,332,332,0
6318,290,288,2
6319,768,763,5
6320,228,227,1
6321,179,179,0
6322,239,238,1
6323,748,745,3
6324,454,451,3
6325,508,506,2
6326,276,276,0
6327,170,170,0
6328,308,303,5
6329,147,147,0
6330,179,178,1
6331,284,284,0
6332,64,63,1
6333,102,101,1
6334,65,65,0
6335,169,169,0
6336,409,406,3
6337,357,355,2
6338,346,344,2
6339,274,272,2
6340,337,335,2
6341,142,142,0
6342,413,413,0
6343,114,114,0
6344,650,646,4
6345,104,104,0
6346,325,315,10
6347,100,100,0
6348,301,301,0
6349,268,265,3
6350,362,362,0
6351,205,205,0
6352,252,252,0
6353,261,260,1
6354,88,88,0
6355,101,101,0
6356,16,16,0
6357,93,93,0
6358,96,96,0
6359,129,129,0
6360,162,162,0
6361,80,80,0
6362,105,105,0
6363,195,195,0
6364,134,132,2
6365,100,100,0
6366,385,385,0
6367,110,108,2
6368,199,197,2
6369,47,47,0
6370,128,127,1
6371,140,139,1
6372,139,139,0
6373,144,144,0
6374,173,173,0
6375,275,273,2
6376,194,194,0
6377,258,258,0
6378,150,149,1
6379,142,142,0
6380,273,273,0
6381,149,149,0
6382,158,158,0
6383,224,222,2
6384,219,218,1
6385,195,195,0
6386,847,838,9
6387,178,178,0
6388,107,107,0
6389,89,89,0
6390,141,141,0
6391,165,165,0
6392,113,113,0
6393,830,825,5
6394,418,416,2
6395,873,872,1
6396,1031,1025,6
6397,327,327,0
6398,200,200,0
6399,664,661,3
6400,404,393,11
6401,174,174,0
6402,413,410,3
6403,140,140,0
6404,132,132,0
6405,181,180,1
6406,240,240,0
6407,556,556,0
6408,138,138,0
6409,170,170,0
6410,154,152,2
6411,152,152,0
6412,192,191,1
6413,179,179,0
6414,224,223,1
6415,128,128,0
6416,113,113,0
6417,833,827,6
6418,130,130,0
6419,296,294,2
6420,206,206,0
6421,400,399,1
6422,118,118,0
6423,458,458,0
6424,289,289,0
6425,224,224,0
6426,191,191,0
6427,127,125,2
6428,74,74,0
6429,125,125,0
6430,99,98,1
6431,65,65,0
6432,193,192,1
6433,20,20,0
6434,31,31,0
6435,40,40,0
6436,112,112,0
6437,88,88,0
6438,142,142,0
6439,56,56,0
6440,199,198,1
6441,63,63,0
6442,93,93,0
6443,106,106,0
6444,586,584,2
6445,198,197,1
6446,404,400,4
6447,52,52,0
6448,47,47,0
6449,332,330,2
6450,123,122,1
6451,141,140,1
6452,114,114,0
6453,243,243,0
6454,156,156,0
6455,269,262,7
6456,83,83,0
6457,128,128,0
6458,600,597,3
6459,148,147,1
6460,727,720,7
6461,126,126,0
6462,122,122,0
6463,104,104,0
6464,58,58,0
6465,280,280,0
6466,139,139,0
6467,111,111,0
6468,135,135,0
6469,164,164,0
6470,159,157,2
6471,139,139,0
6472,193,193,0
6473,129,129,0
6474,210,210,0
6475,142,142,0
6476,468,463,5
6477,256,256,0
6478,106,106,0
6479,263,263,0
6480,382,381,1
6481,273,273,0
6482,274,273,1
6483,500,499,1
6484,606,604,2
6485,486,482,4
6486,254,250,4
6487,331,330,1
6488,158,158,0
6489,167,167,0
6490,438,435,3
6491,239,238,1
6492,546,542,4
6493,155,155,0
6494,274,271,3
6495,249,249,0
6496,200,199,1
6497,248,248,0
6498,385,385,0
6499,94,94,0
6500,500,499,1
6501,335,334,1
6502,229,229,0
6503,154,153,1
6504,271,271,0
6505,261,260,1
6506,354,354,0
6507,585,581,4
6508,1034,1028,6
6509,121,120,1
6510,308,308,0
6511,188,185,3
6512,167,167,0
6513,121,121,0
6514,118,117,1
6515,125,124,1
6516,170,170,0
6517,433,430,3
6518,250,249,1
6519,376,375,1
6520,73,73,0
6521,188,188,0
6522,207,207,0
6523,339,338,1
6524,488,488,0
6525,155,155,0
6526,305,305,0
6527,195,193,2
6528,145,145,0
6529,279,279,0
6530,121,121,0
6531,298,298,0
6532,136,135,1
6533,308,308,0
6534,168,168,0
6535,431,431,0
6536,182,181,1
6537,128,128,0
6538,53,53,0
6539,42,42,0
6540,97,97,0
6541,55,55,0
6542,173,173,0
6543,119,119,0
6544,62,59,3
6545,97,97,0
6546,79,78,1
6547,215,215,0
6548,525,521,4
6549,43,43,0
6550,111,111,0
6551,44,44,0
6552,267,262,5
6553,136,135,1
6554,113,113,0
6555,182,181,1
6556,182,181,1
6557,182,181,1
6558,188,188,0
6559,208,206,2
6560,203,202,1
6561,291,291,0
6562,273,272,1
6563,233,233,0
6564,274,267,7
6565,148,148,0
6566,87,86,1
6567,498,496,2
6568,273,273,0
6569,675,674,1
6570,97,97,0
6571,331,308,23
6572,498,493,5
6573,121,121,0
6574,230,228,2
6575,165,165,0
6576,149,149,0
6577,70,70,0
6578,54,54,0
6579,221,221,0
6580,97,97,0
6581,238,236,2
6582,82,82,0
6583,136,136,0
6584,59,59,0
6585,288,287,1
6586,485,484,1
6587,410,410,0
6588,98,97,1
6589,161,160,1
6590,699,697,2
6591,216,216,0
6592,296,293,3
6593,299,299,0
6594,966,955,11
6595,174,174,0
6596,125,124,1
6597,159,159,0
6598,102,100,2
6599,136,136,0
6600,293,292,1
6601,112,112,0
6602,104,104,0
6603,128,128,0
6604,237,237,0
6605,616,615,1
6606,539,530,9
6607,445,444,1
6608,293,292,1
6609,218,218,0
6610,178,174,4
6611,815,809,6
6612,44,44,0
6613,76,76,0
6614,83,83,0
6615,177,177,0
6616,149,148,1
6617,340,336,4
6618,207,206,1
6619,239,239,0
6620,116,116,0
6621,133,132,1
6622,117,117,0
6623,258,256,2
6624,135,135,0
6625,143,143,0
6626,95,95,0
6627,229,229,0
6628,157,157,0
6629,116,115,1
6630,241,241,0
6631,364,363,1
6632,139,139,0
6633,117,116,1
6634,179,179,0
6635,77,77,0
6636,439,439,0
6637,67,67,0
6638,222,222,0
6639,227,227,0
6640,109,108,1
6641,51,51,0
6642,117,114,3
6643,381,379,2
6644,114,114,0
6645,430,429,1
6646,282,281,1
6647,33,33,0
6648,645,643,2
6649,119,119,0
6650,302,301,1
6651,107,107,0
6652,65,64,1
6653,179,179,0
6654,636,636,0
6655,330,330,0
6656,600,597,3
6657,675,670,5
6658,101,101,0
6659,320,314,6
6660,83,83,0
6661,136,136,0
6662,100,99,1
6663,156,156,0
6664,114,114,0
6665,363,363,0
6666,123,123,0
6667,168,166,2
6668,200,198,2
6669,496,495,1
6670,155,155,0
6671,341,339,2
6672,255,252,3
6673,150,150,0
6674,251,251,0
6675,150,150,0
6676,196,195,1
6677,104,103,1
6678,598,595,3
6679,574,573,1
6680,687,683,4
6681,349,348,1
6682,201,200,1
6683,243,242,1
6684,297,297,0
6685,55,55,0
6686,108,108,0
6687,611,610,1
6688,107,106,1
6689,172,172,0
6690,261,260,1
6691,234,234,0
6692,230,229,1
6693,337,337,0
6694,150,150,0
6695,169,169,0
6696,193,193,0
6697,66,66,0
6698,137,137,0
6699,103,103,0
6700,81,81,0
6701,209,209,0
6702,159,159,0
6703,505,502,3
6704,110,110,0
6705,142,141,1
6706,124,123,1
6707,84,83,1
6708,201,201,0
6709,187,186,1
6710,259,254,5
6711,232,230,2
6712,295,295,0
6713,915,910,5
6714,380,378,2
6715,212,211,1
6716,448,448,0
6717,180,180,0
6718,208,207,1
6719,306,306,0
6720,308,308,0
6721,177,177,0
6722,226,221,5
6723,298,298,0
6724,155,155,0
6725,249,247,2
6726,134,133,1
6727,153,150,3
6728,119,119,0
6729,188,188,0
6730,402,402,0
6731,72,71,1
6732,149,149,0
6733,186,186,0
6734,155,153,2
6735,210,210,0
6736,56,56,0
6737,246,246,0
6738,749,744,5
6739,168,168,0
6740,142,142,0
6741,76,76,0
6742,313,310,3
6743,96,96,0
6744,92,92,0
6745,187,182,5
6746,130,130,0
6747,157,157,0
6748,299,299,0
6749,211,209,2
6750,178,178,0
6751,226,223,3
6752,241,241,0
6753,264,264,0
6754,869,850,19
6755,308,307,1
6756,141,141,0
6757,525,523,2
6758,476,475,1
6759,45,43,2
6760,127,127,0
6761,174,173,1
6762,271,271,0
6763,72,71,1
6764,141,140,1
6765,69,69,0
6766,61,59,2
6767,218,217,1
6768,144,144,0
6769,51,51,0
6770,71,70,1
6771,1029,1025,4
6772,190,190,0
6773,61,61,0
6774,135,134,1
6775,145,140,5
6776,328,326,2
6777,48,48,0
6778,242,240,2
6779,246,245,1
6780,156,155,1
6781,486,484,2
6782,256,256,0
6783,202,202,0
6784,249,248,1
6785,347,347,0
6786,348,347,1
6787,119,118,1
6788,296,296,0
6789,618,615,3
6790,202,201,1
6791,243,243,0
6792,163,162,1
6793,144,142,2
6794,268,267,1
6795,114,114,0
6796,265,263,2
6797,468,464,4
6798,145,145,0
6799,148,147,1
6800,136,136,0
6801,114,114,0
6802,272,272,0
6803,189,189,0
6804,558,557,1
6805,307,307,0
6806,405,405,0
6807,327,325,2
6808,169,168,1
6809,226,226,0
6810,161,160,1
6811,126,126,0
6812,120,120,0
6813,128,128,0
6814,154,152,2
6815,147,147,0
6816,386,386,0
6817,137,136,1
6818,119,118,1
6819,97,97,0
6820,206,202,4
6821,264,264,0
6822,518,518,0
6823,329,329,0
6824,186,186,0
6825,466,464,2
6826,934,934,0
6827,559,557,2
6828,498,495,3
6829,160,160,0
6830,293,293,0
6831,44,44,0
6832,217,217,0
6833,188,187,1
6834,50,50,0
6835,432,431,1
6836,245,245,0
6837,212,210,2
6838,563,561,2
6839,55,55,0
6840,297,297,0
6841,197,194,3
6842,122,122,0
6843,554,552,2
6844,156,154,2
6845,261,260,1
6846,200,200,0
6847,236,234,2
6848,85,84,1
6849,126,123,3
6850,141,140,1
6851,102,102,0
6852,241,240,1
6853,161,161,0
6854,74,73,1
6855,119,118,1
6856,80,80,0
6857,24,24,0
6858,184,184,0
6859,194,191,3
6860,86,86,0
6861,239,238,1
6862,421,413,8
6863,256,254,2
6864,221,218,3
6865,62,62,0
6866,107,106,1
6867,823,819,4
6868,118,118,0
6869,168,167,1
6870,115,115,0
6871,49,49,0
6872,137,133,4
6873,228,222,6
6874,133,133,0
6875,489,476,13
6876,234,234,0
6877,153,153,0
6878,170,170,0
6879,267,265,2
6880,171,170,1
6881,316,311,5
6882,112,112,0
6883,369,361,8
6884,92,89,3
6885,127,127,0
6886,184,183,1
6887,56,56,0
6888,187,187,0
6889,747,740,7
6890,122,122,0
6891,213,213,0
6892,122,122,0
6893,58,58,0
6894,130,128,2
6895,153,152,1
6896,251,250,1
6897,459,459,0
6898,66,66,0
6899,337,336,1
6900,73,73,0
6901,204,202,2
6902,297,293,4
6903,117,114,3
6904,78,75,3
6905,276,275,1
6906,260,260,0
6907,202,202,0
6908,154,154,0
6909,36,34,2
6910,266,266,0
6911,146,146,0
6912,57,56,1
6913,180,179,1
6914,321,320,1
6915,117,117,0
6916,315,314,1
6917,188,188,0
6918,295,291,4
6919,481,481,0
6920,95,95,0
6921,94,94,0
6922,633,632,1
6923,112,112,0
6924,120,120,0
6925,286,285,1
6926,276,275,1
6927,247,247,0
6928,458,457,1
6929,172,172,0
6930,107,107,0
6931,67,67,0
6932,722,719,3
6933,154,154,0
6934,152,148,4
6935,207,206,1
6936,167,167,0
6937,491,486,5
6938,178,178,0
6939,310,309,1
6940,134,134,0
6941,110,109,1
6942,142,142,0
6943,153,153,0
6944,99,99,0
6945,473,468,5
6946,66,66,0
6947,136,136,0
6948,485,479,6
6949,147,145,2
6950,161,161,0
6951,422,421,1
6952,133,133,0
6953,149,149,0
6954,119,117,2
6955,168,167,1
6956,150,149,1
6957,104,102,2
6958,410,408,2
6959,278,278,0
6960,43,43,0
6961,111,109,2
6962,320,318,2
6963,137,137,0
6964,196,196,0
6965,139,139,0
6966,200,199,1
6967,92,92,0
6968,200,200,0
6969,162,162,0
6970,63,63,0
6971,164,163,1
6972,57,57,0
6973,81,81,0
6974,33,33,0
6975,65,65,0
6976,107,106,1
6977,67,67,0
6978,195,195,0
6979,131,131,0
6980,166,165,1
6981,129,129,0
6982,192,192,0
6983,224,223,1
6984,97,97,0
6985,119,119,0
6986,97,97,0
6987,143,143,0
6988,80,79,1
6989,139,139,0
6990,193,192,1
6991,782,778,4
6992,411,401,10
6993,123,121,2
6994,131,128,3
6995,104,103,1
6996,125,123,2
6997,184,184,0
6998,186,185,1
6999,56,56,0
7000,185,185,0
7001,371,367,4
7002,90,90,0
7003,346,340,6
7004,261,260,1
7005,87,87,0
7006,138,137,1
7007,214,214,0
7008,589,586,3
7009,294,293,1
7010,130,128,2
7011,401,400,1
7012,190,190,0
7013,534,534,0
7014,409,404,5
7015,196,196,0
7016,412,406,6
7017,180,180,0
7018,143,143,0
7019,159,159,0
7020,523,523,0
7021,73,72,1
7022,635,634,1
7023,249,248,1
7024,421,421,0
7025,366,363,3
7026,786,780,6
7027,269,269,0
7028,493,491,2
7029,355,355,0
7030,833,832,1
7031,240,238,2
7032,376,370,6
7033,305,304,1
7034,116,116,0
7035,183,183,0
7036,251,251,0
7037,326,325,1
7038,301,301,0
7039,137,137,0
7040,522,521,1
7041,380,380,0
7042,133,131,2
7043,312,311,1
7044,240,239,1
7045,108,108,0
7046,207,205,2
7047,143,143,0
7048,25,25,0
7049,160,160,0
7050,247,247,0
7051,156,156,0
7052,244,244,0
7053,386,385,1
7054,209,208,1
7055,120,120,0
7056,183,183,0
7057,148,148,0
7058,231,229,2
7059,69,69,0
7060,144,143,1
7061,363,361,2
7062,297,296,1
7063,289,287,2
7064,759,757,2
7065,126,125,1
7066,62,62,0
7067,19,19,0
7068,78,78,0
7069,128,126,2
7070,45,45,0
7071,126,126,0
7072,153,153,0
7073,225,225,0
7074,53,53,0
7075,132,131,1
7076,130,129,1
7077,642,640,2
7078,136,136,0
7079,134,134,0
7080,210,207,3
7081,112,111,1
7082,139,138,1
7083,131,131,0
7084,146,145,1
7085,171,170,1
7086,139,139,0
7087,130,130,0
7088,123,122,1
7089,126,126,0
7090,132,132,0
7091,174,174,0
7092,172,172,0
7093,195,195,0
7094,283,283,0
7095,140,140,0
7096,241,239,2
7097,262,262,0
7098,182,182,0
7099,75,75,0
7100,125,125,0
7101,126,126,0
7102,286,285,1
7103,154,154,0
7104,127,127,0
7105,213,213,0
7106,169,169,0
7107,210,210,0
7108,322,317,5
7109,192,192,0
7110,122,122,0
7111,183,180,3
7112,882,872,10
7113,186,185,1
7114,314,311,3
7115,238,236,2
7116,188,185,3
7117,187,187,0
7118,225,224,1
7119,552,548,4
7120,129,129,0
7121,446,445,1
7122,639,636,3
7123,271,269,2
7124,512,509,3
7125,200,200,0
7126,736,736,0
7127,175,175,0
7128,171,171,0
7129,152,152,0
7130,401,396,5
7131,156,156,0
7132,165,165,0
7133,162,161,1
7134,128,127,1
7135,154,154,0
7136,166,166,0
7137,56,56,0
7138,45,45,0
7139,287,285,2
7140,187,187,0
7141,121,120,1
7142,228,228,0
7143,398,395,3
7144,421,421,0
7145,130,130,0
7146,119,119,0
7147,463,460,3
7148,153,153,0
7149,139,138,1
7150,320,313,7
7151,98,98,0
7152,42,42,0
7153,55,55,0
7154,170,169,1
7155,103,102,1
7156,168,166,2
7157,136,135,1
7158,515,512,3
7159,368,366,2
7160,241,241,0
7161,486,485,1
7162,37,37,0
7163,167,166,1
7164,122,122,0
7165,175,175,0
7166,120,120,0
7167,125,125,0
7168,213,213,0
7169,121,120,1
7170,118,116,2
7171,652,652,0
7172,135,135,0
7173,115,115,0
7174,494,491,3
7175,211,211,0
7176,154,153,1
7177,633,633,0
7178,626,622,4
7179,367,367,0
7180,261,261,0
7181,121,121,0
7182,210,207,3
7183,62,62,0
7184,132,132,0
7185,134,134,0
7186,682,677,5
7187,67,67,0
7188,725,723,2
7189,110,109,1
7190,279,277,2
7191,117,115,2
7192,454,454,0
7193,204,204,0
7194,256,256,0
7195,105,105,0
7196,220,219,1
7197,57,57,0
7198,160,160,0
7199,107,106,1
7200,146,146,0
7201,360,360,0
7202,535,535,0
7203,131,131,0
7204,516,513,3
7205,738,736,2
7206,265,261,4
7207,327,327,0
7208,331,330,1
7209,141,141,0
7210,474,468,6
7211,608,608,0
7212,305,303,2
7213,238,238,0
7214,452,450,2
7215,497,495,2
7216,119,118,1
7217,188,188,0
7218,449,448,1
7219,216,215,1
7220,565,564,1
7221,124,124,0
7222,46,46,0
7223,207,205,2
7224,124,120,4
7225,147,147,0
7226,122,122,0
7227,180,180,0
7228,223,223,0
7229,497,497,0
7230,203,203,0
7231,524,524,0
7232,151,151,0
7233,155,154,1
7234,174,174,0
7235,187,187,0
7236,168,168,0
7237,85,85,0
7238,134,134,0
7239,110,110,0
7240,166,166,0
7241,218,218,0
7242,771,769,2
7243,305,305,0
7244,168,167,1
7245,96,92,4
7246,350,340,10
7247,56,56,0
7248,223,221,2
7249,47,47,0
7250,129,129,0
7251,172,172,0
7252,208,206,2
7253,373,372,1
7254,53,53,0
7255,354,354,0
7256,329,325,4
7257,441,439,2
7258,204,204,0
7259,691,684,7
7260,584,580,4
7261,124,124,0
7262,813,812,1
7263,618,616,2
7264,233,233,0
7265,161,159,2
7266,506,501,5
7267,302,302,0
7268,218,218,0
7269,106,105,1
7270,119,119,0
7271,1027,1021,6
7272,719,716,3
7273,168,167,1
7274,443,442,1
7275,267,267,0
7276,63,63,0
7277,160,160,0
7278,897,879,18
7279,219,219,0
7280,163,163,0
7281,361,356,5
7282,632,628,4
7283,231,231,0
7284,370,369,1
7285,126,125,1
7286,242,242,0
7287,215,215,0
7288,132,132,0
7289,793,791,2
7290,174,174,0
7291,547,546,1
7292,204,204,0
7293,184,184,0
7294,133,133,0
7295,156,156,0
7296,164,164,0
7297,230,230,0
7298,175,175,0
7299,70,70,0
7300,789,787,2
7301,995,995,0
7302,354,354,0
7303,288,288,0
7304,79,79,0
7305,303,303,0
7306,144,144,0
7307,159,158,1
7308,419,418,1
7309,309,308,1
7310,142,142,0
7311,221,221,0
7312,538,538,0
7313,241,241,0
7314,136,135,1
7315,203,202,1
7316,236,236,0
7317,623,623,0
7318,155,155,0
7319,142,142,0
7320,341,340,1
7321,355,355,0
7322,145,145,0
7323,243,243,0
7324,283,283,0
7325,434,434,0
7326,183,176,7
7327,198,198,0
7328,135,134,1
7329,116,114,2
7330,135,133,2
7331,127,127,0
7332,131,128,3
7333,381,378,3
7334,207,207,0
7335,298,296,2
7336,783,774,9
7337,990,986,4
7338,456,456,0
7339,458,456,2
7340,245,245,0
7341,952,952,0
7342,126,126,0
7343,33,33,0
7344,218,218,0
7345,373,373,0
7346,436,434,2
7347,191,186,5
7348,137,137,0
7349,135,133,2
7350,97,97,0
7351,177,176,1
7352,238,238,0
7353,240,240,0
7354,152,152,0
7355,212,212,0
7356,118,117,1
7357,366,365,1
7358,227,226,1
7359,73,72,1
7360,288,287,1
7361,657,657,0
7362,298,298,0
7363,210,210,0
7364,420,420,0
7365,134,134,0
7366,439,439,0
7367,113,113,0
7368,111,110,1
7369,536,536,0
7370,109,108,1
7371,131,126,5
7372,534,522,12
7373,153,153,0
7374,369,369,0
7375,131,130,1
7376,121,121,0
7377,141,141,0
7378,341,340,1
7379,97,96,1
7380,96,96,0
7381,115,115,0
7382,129,129,0
7383,124,124,0
7384,161,161,0
7385,273,271,2
7386,152,152,0
7387,71,71,0
7388,639,635,4
7389,100,100,0
7390,300,300,0
7391,132,132,0
7392,178,178,0
7393,219,219,0
7394,291,291,0
7395,282,282,0
7396,985,981,4
7397,736,734,2
7398,115,115,0
7399,155,152,3
7400,252,252,0
7401,218,217,1
7402,142,142,0
7403,195,195,0
7404,301,301,0
7405,143,143,0
7406,260,260,0
7407,77,76,1
7408,138,137,1
7409,182,182,0
7410,256,256,0
7411,88,88,0
7412,198,198,0
7413,83,83,0
7414,169,168,1
7415,185,182,3
7416,245,242,3
7417,149,148,1
7418,222,221,1
7419,112,112,0
7420,140,140,0
7421,264,264,0
7422,211,211,0
7423,317,314,3
7424,252,252,0
7425,145,145,0
7426,145,145,0
7427,212,212,0
7428,149,149,0
7429,170,170,0
7430,103,101,2
7431,158,158,0
7432,89,89,0
7433,136,135,1
7434,145,145,0
7435,143,143,0
7436,122,122,0
7437,139,139,0
7438,158,158,0
7439,998,997,1
7440,274,272,2
7441,332,332,0
7442,329,328,1
7443,148,148,0
7444,212,212,0
7445,196,195,1
7446,421,421,0
7447,54,54,0
7448,285,285,0
7449,216,214,2
7450,216,216,0
7451,52,52,0
7452,388,388,0
7453,194,194,0
7454,135,134,1
7455,158,158,0
7456,346,346,0
7457,81,81,0
7458,127,126,1
7459,142,142,0
7460,121,119,2
7461,81,80,1
7462,121,121,0
7463,158,158,0
7464,143,143,0
7465,142,142,0
7466,185,185,0
7467,127,127,0
7468,234,234,0
7469,99,99,0
7470,105,105,0
7471,131,130,1
7472,208,208,0
7473,115,114,1
7474,336,335,1
7475,306,305,1
7476,134,134,0
7477,157,157,0
7478,217,217,0
7479,274,274,0
7480,75,73,2
7481,102,102,0
7482,320,320,0
7483,239,239,0
7484,421,421,0
7485,199,199,0
7486,650,647,3
7487,110,109,1
7488,113,113,0
7489,153,151,2
7490,191,189,2
7491,151,151,0
7492,660,656,4
7493,249,249,0
7494,127,127,0
7495,111,111,0
7496,115,110,5
7497,132,131,1
7498,155,155,0
7499,141,140,1
7500,234,234,0
7501,135,135,0
7502,276,275,1
7503,119,119,0
7504,99,97,2
7505,252,252,0
7506,173,173,0
7507,156,153,3
7508,99,99,0
7509,89,89,0
7510,250,249,1
7511,103,103,0
7512,149,149,0
7513,136,134,2
7514,330,330,0
7515,234,234,0
7516,171,171,0
7517,45,45,0
7518,172,170,2
7519,111,111,0
7520,260,257,3
7521,186,183,3
7522,164,164,0
7523,129,129,0
7524,299,299,0
7525,1013,1012,1
7526,155,154,1
7527,240,239,1
7528,519,515,4
7529,76,76,0
7530,216,212,4
7531,304,301,3
7532,221,219,2
7533,201,200,1
7534,625,623,2
7535,51,51,0
7536,42,42,0
7537,79,77,2
7538,139,138,1
7539,250,250,0
7540,593,589,4
7541,290,290,0
7542,90,90,0
7543,96,96,0
7544,72,72,0
7545,145,144,1
7546,265,263,2
7547,346,346,0
7548,143,143,0
7549,417,416,1
7550,161,160,1
7551,162,162,0
7552,72,72,0
7553,131,131,0
7554,35,35,0
7555,126,124,2
7556,57,57,0
7557,132,131,1
7558,109,108,1
7559,51,51,0
7560,56,56,0
7561,46,46,0
7562,152,149,3
7563,104,103,1
7564,310,309,1
7565,258,258,0
7566,315,313,2
7567,180,178,2
7568,360,358,2
7569,166,165,1
7570,552,550,2
7571,253,252,1
7572,161,161,0
7573,131,130,1
7574,787,779,8
7575,331,321,10
7576,107,107,0
7577,217,214,3
7578,73,73,0
7579,195,195,0
7580,94,94,0
7581,113,113,0
7582,188,188,0
7583,139,138,1
7584,92,92,0
7585,321,320,1
7586,229,228,1
7587,174,173,1
7588,95,95,0
7589,156,156,0
7590,354,353,1
7591,128,128,0
7592,157,157,0
7593,106,106,0
7594,102,102,0
7595,162,162,0
7596,194,194,0
7597,149,149,0
7598,355,354,1
7599,298,295,3
7600,262,262,0
7601,176,175,1
7602,346,346,0
7603,613,605,8
7604,681,668,13
7605,199,197,2
7606,94,94,0
7607,121,120,1
7608,463,463,0
7609,86,86,0
7610,142,142,0
7611,450,450,0
7612,68,68,0
7613,112,112,0
7614,122,122,0
7615,54,53,1
7616,43,43,0
7617,211,211,0
7618,158,155,3
7619,243,242,1
7620,91,91,0
7621,120,120,0
7622,34,32,2
7623,715,711,4
7624,167,165,2
7625,205,203,2
7626,458,458,0
7627,209,209,0
7628,377,377,0
7629,121,120,1
7630,330,328,2
7631,748,733,15
7632,114,114,0
7633,331,328,3
7634,471,467,4
7635,239,239,0
7636,409,408,1
7637,247,247,0
7638,64,64,0
7639,63,63,0
7640,118,118,0
7641,107,107,0
7642,60,60,0
7643,184,184,0
7644,158,158,0
7645,138,137,1
7646,242,241,1
7647,443,443,0
7648,91,91,0
7649,529,528,1
7650,233,231,2
7651,61,60,1
7652,74,74,0
7653,172,172,0
7654,257,255,2
7655,114,114,0
7656,61,61,0
7657,598,593,5
7658,517,517,0
7659,391,391,0
7660,122,122,0
7661,444,443,1
7662,943,939,4
7663,141,140,1
7664,159,159,0
7665,238,238,0
7666,703,701,2
7667,224,223,1
7668,993,983,10
7669,923,923,0
7670,620,617,3
7671,159,158,1
7672,588,586,2
7673,285,285,0
7674,104,104,0
7675,123,122,1
7676,119,119,0
7677,159,158,1
7678,56,56,0
7679,36,32,4
7680,474,471,3
7681,78,78,0
7682,147,146,1
7683,86,86,0
7684,38,38,0
7685,49,49,0
7686,40,38,2
7687,209,209,0
7688,227,227,0
7689,161,161,0
7690,467,462,5
7691,201,201,0
7692,413,413,0
7693,232,231,1
7694,131,131,0
7695,176,174,2
7696,125,125,0
7697,120,120,0
7698,328,328,0
7699,401,401,0
7700,116,116,0
7701,266,266,0
7702,260,260,0
7703,89,87,2
7704,144,144,0
7705,232,230,2
7706,219,219,0
7707,584,584,0
7708,259,258,1
7709,203,202,1
7710,564,559,5
7711,113,113,0
7712,176,176,0
7713,192,189,3
7714,305,305,0
7715,147,146,1
7716,242,242,0
7717,433,432,1
7718,556,554,2
7719,402,398,4
7720,119,118,1
7721,155,155,0
7722,135,135,0
7723,212,212,0
7724,423,421,2
7725,213,212,1
7726,287,286,1
7727,487,487,0
7728,124,122,2
7729,89,88,1
7730,270,267,3
7731,254,252,2
7732,56,56,0
7733,146,145,1
7734,42,42,0
7735,29,29,0
7736,54,54,0
7737,63,63,0
7738,85,85,0
7739,67,67,0
7740,52,51,1
7741,127,127,0
7742,189,189,0
7743,164,164,0
7744,145,145,0
7745,531,529,2
7746,279,279,0
7747,390,388,2
7748,499,496,3
7749,139,139,0
7750,618,616,2
7751,343,341,2
7752,302,302,0
7753,112,112,0
7754,219,219,0
7755,522,522,0
7756,62,62,0
7757,135,134,1
7758,133,132,1
7759,121,121,0
7760,121,121,0
7761,199,196,3
7762,408,408,0
7763,594,593,1
7764,202,202,0
7765,147,147,0
7766,54,54,0
7767,186,184,2
7768,157,155,2
7769,109,109,0
7770,137,137,0
7771,165,165,0
7772,100,100,0
7773,131,131,0
7774,182,182,0
7775,110,107,3
7776,169,169,0
7777,122,122,0
7778,81,80,1
7779,63,61,2
7780,145,145,0
7781,118,118,0
7782,99,97,2
7783,152,150,2
7784,141,140,1
7785,181,181,0
7786,131,129,2
7787,177,177,0
7788,96,95,1
7789,117,117,0
7790,56,56,0
7791,202,199,3
7792,160,158,2
7793,162,162,0
7794,57,57,0
7795,150,150,0
7796,114,114,0
7797,163,163,0
7798,149,146,3
7799,87,84,3
7800,129,129,0
7801,169,167,2
7802,61,61,0
7803,168,167,1
7804,282,282,0
7805,194,194,0
7806,521,515,6
7807,361,359,2
7808,87,87,0
7809,50,50,0
7810,152,151,1
7811,616,615,1
7812,223,219,4
7813,304,303,1
7814,160,156,4
7815,200,197,3
7816,218,217,1
7817,203,201,2
7818,202,201,1
7819,371,370,1
7820,411,411,0
7821,202,202,0
7822,158,157,1
7823,61,61,0
7824,283,283,0
7825,206,206,0
7826,461,458,3
7827,166,166,0
7828,300,292,8
7829,152,150,2
7830,560,559,1
7831,328,328,0
7832,158,158,0
7833,215,214,1
7834,197,196,1
7835,140,140,0
7836,300,298,2
7837,251,251,0
7838,138,138,0
7839,180,180,0
7840,144,144,0
7841,137,137,0
7842,115,115,0
7843,340,340,0
7844,475,475,0
7845,271,271,0
7846,261,261,0
7847,41,41,0
7848,109,109,0
7849,586,583,3
7850,137,137,0
7851,394,393,1
7852,256,256,0
7853,75,75,0
7854,105,105,0
7855,129,127,2
7856,139,139,0
7857,156,156,0
7858,313,312,1
7859,858,853,5
7860,576,574,2
7861,156,156,0
7862,183,183,0
7863,650,642,8
7864,175,175,0
7865,1003,1002,1
7866,289,289,0
7867,171,171,0
7868,160,160,0
7869,305,304,1
7870,340,337,3
7871,220,219,1
7872,266,259,7
7873,187,187,0
7874,153,153,0
7875,128,128,0
7876,125,125,0
7877,203,203,0
7878,180,176,4
7879,215,215,0
7880,169,169,0
7881,134,133,1
7882,197,197,0
7883,1001,1000,1
7884,198,198,0
7885,105,104,1
7886,63,63,0
7887,131,131,0
7888,90,90,0
7889,239,239,0
7890,337,337,0
7891,234,234,0
7892,140,140,0
7893,333,332,1
7894,334,334,0
7895,235,234,1
7896,203,203,0
7897,728,726,2
7898,229,229,0
7899,137,137,0
7900,579,579,0
7901,347,343,4
7902,81,80,1
7903,226,225,1
7904,180,179,1
7905,211,211,0
7906,165,164,1
7907,506,498,8
7908,1013,1010,3
7909,145,145,0
7910,142,142,0
7911,53,53,0
7912,104,104,0
7913,68,68,0
7914,171,171,0
7915,597,596,1
7916,279,279,0
7917,187,176,11
7918,364,362,2
7919,303,302,1
7920,204,204,0
7921,300,300,0
7922,41,41,0
7923,112,103,9
7924,219,219,0
7925,480,478,2
7926,406,404,2
7927,155,155,0
7928,172,172,0
7929,123,122,1
7930,677,675,2
7931,226,223,3
7932,115,115,0
7933,139,139,0
7934,708,703,5
7935,130,130,0
7936,641,638,3
7937,449,449,0
7938,791,790,1
7939,83,83,0
7940,445,443,2
7941,221,220,1
7942,134,133,1
7943,104,104,0
7944,262,262,0
7945,127,124,3
7946,267,266,1
7947,159,159,0
7948,141,140,1
7949,137,137,0
7950,357,355,2
7951,288,288,0
7952,114,113,1
7953,239,239,0
7954,374,374,0
7955,123,122,1
7956,112,111,1
7957,238,234,4
7958,48,48,0
7959,60,60,0
7960,235,235,0
7961,281,276,5
7962,734,731,3
7963,231,231,0
7964,117,117,0
7965,91,90,1
7966,315,313,2
7967,318,316,2
7968,143,143,0
7969,76,76,0
7970,210,210,0
7971,384,383,1
7972,231,231,0
7973,132,132,0
7974,492,491,1
7975,56,54,2
7976,190,189,1
7977,362,360,2
7978,175,174,1
7979,312,306,6
7980,383,383,0
7981,269,269,0
7982,229,227,2
7983,604,601,3
7984,140,140,0
7985,123,123,0
7986,130,130,0
7987,108,107,1
7988,42,41,1
7989,253,251,2
7990,133,133,0
7991,176,176,0
7992,133,132,1
7993,138,138,0
7994,230,230,0
7995,127,126,1
7996,106,106,0
7997,151,151,0
7998,684,684,0
7999,169,167,2
8000,126,126,0
8001,251,249,2
8002,312,311,1
8003,146,146,0
8004,187,187,0
8005,225,222,3
8006,173,173,0
8007,447,440,7
8008,122,122,0
8009,214,214,0
8010,168,168,0
8011,96,96,0
8012,217,214,3
8013,176,175,1
8014,141,141,0
8015,606,605,1
8016,152,152,0
8017,150,150,0
8018,167,163,4
8019,141,141,0
8020,120,118,2
8021,404,401,3
8022,108,106,2
8023,258,258,0
8024,349,348,1
8025,557,557,0
8026,42,42,0
8027,176,176,0
8028,1004,1000,4
8029,59,58,1
8030,974,967,7
8031,113,110,3
8032,124,124,0
8033,207,206,1
8034,120,120,0
8035,273,272,1
8036,124,123,1
8037,161,161,0
8038,108,108,0
8039,131,131,0
8040,119,119,0
8041,159,158,1
8042,143,142,1
8043,127,127,0
8044,231,231,0
8045,133,131,2
8046,138,136,2
8047,154,152,2
8048,169,168,1
8049,61,61,0
8050,193,192,1
8051,143,143,0
8052,110,110,0
8053,471,471,0
8054,204,204,0
8055,151,151,0
8056,123,122,1
8057,610,605,5
8058,124,123,1
8059,470,467,3
8060,545,540,5
8061,519,517,2
8062,215,215,0
8063,131,131,0
8064,393,391,2
8065,301,299,2
8066,260,257,3
8067,132,132,0
8068,308,306,2
8069,275,273,2
8070,217,212,5
8071,160,160,0
8072,188,186,2
8073,111,111,0
8074,158,158,0
8075,142,140,2
8076,119,119,0
8077,150,148,2
8078,142,142,0
8079,65,64,1
8080,118,118,0
8081,160,159,1
8082,97,96,1
8083,57,57,0
8084,126,126,0
8085,277,277,0
8086,119,119,0
8087,80,80,0
8088,173,172,1
8089,157,156,1
8090,155,155,0
8091,818,816,2
8092,437,436,1
8093,726,724,2
8094,138,138,0
8095,245,245,0
8096,606,605,1
8097,209,206,3
8098,40,40,0
8099,243,243,0
8100,128,128,0
8101,48,47,1
8102,227,226,1
8103,75,75,0
8104,74,74,0
8105,231,231,0
8106,358,356,2
8107,88,88,0
8108,146,143,3
8109,242,241,1
8110,166,163,3
8111,231,227,4
8112,83,83,0
8113,170,167,3
8114,146,145,1
8115,130,129,1
8116,131,131,0
8117,779,774,5
8118,360,359,1
8119,238,236,2
8120,116,113,3
8121,293,292,1
8122,70,70,0
8123,266,263,3
8124,103,102,1
8125,123,123,0
8126,111,111,0
8127,420,418,2
8128,142,141,1
8129,123,123,0
8130,70,68,2
8131,119,119,0
8132,348,344,4
8133,66,66,0
8134,485,484,1
8135,391,391,0
8136,132,129,3
8137,298,297,1
8138,145,144,1
8139,139,139,0
8140,184,184,0
8141,860,856,4
8142,570,568,2
8143,225,217,8
8144,133,130,3
8145,130,129,1
8146,726,726,0
8147,294,294,0
8148,311,310,1
8149,762,760,2
8150,216,213,3
8151,238,238,0
8152,289,288,1
8153,146,145,1
8154,134,133,1
8155,144,142,2
8156,210,209,1
8157,142,142,0
8158,739,739,0
8159,1011,1010,1
8160,35,35,0
8161,77,77,0
8162,189,189,0
8163,45,45,0
8164,171,171,0
8165,291,289,2
8166,370,367,3
8167,237,237,0
8168,326,325,1
8169,114,114,0
8170,631,625,6
8171,166,166,0
8172,51,51,0
8173,249,247,2
8174,118,118,0
8175,485,482,3
8176,67,67,0
8177,387,387,0
8178,106,104,2
8179,203,202,1
8180,142,142,0
8181,72,72,0
8182,104,104,0
8183,39,39,0
8184,119,119,0
8185,25,25,0
8186,118,118,0
8187,135,134,1
8188,503,500,3
8189,142,141,1
8190,422,418,4
8191,165,165,0
8192,167,167,0
8193,317,317,0
8194,254,254,0
8195,804,802,2
8196,94,94,0
8197,112,112,0
8198,405,404,1
8199,369,359,10
8200,134,133,1
8201,76,76,0
8202,130,130,0
8203,147,147,0
8204,126,126,0
8205,136,136,0
8206,142,141,1
8207,150,150,0
8208,69,69,0
8209,340,336,4
8210,151,150,1
8211,130,130,0
8212,94,94,0
8213,174,173,1
8214,70,70,0
8215,135,135,0
8216,283,283,0
8217,58,58,0
8218,70,70,0
8219,166,166,0
8220,117,115,2
8221,65,63,2
8222,244,244,0
8223,46,46,0
8224,135,135,0
8225,198,195,3
8226,173,170,3
8227,180,177,3
8228,52,52,0
8229,38,38,0
8230,293,293,0
8231,123,123,0
8232,173,173,0
8233,61,61,0
8234,109,108,1
8235,63,63,0
8236,122,121,1
8237,223,222,1
8238,134,134,0
8239,362,362,0
8240,272,271,1
8241,528,520,8
8242,230,230,0
8243,140,140,0
8244,245,242,3
8245,250,249,1
8246,346,346,0
8247,110,110,0
8248,75,75,0
8249,319,318,1
8250,430,424,6
8251,281,276,5
8252,269,266,3
8253,142,140,2
8254,217,217,0
8255,86,85,1
8256,280,280,0
8257,179,178,1
8258,124,123,1
8259,654,654,0
8260,399,397,2
8261,285,284,1
8262,338,338,0
8263,582,578,4
8264,327,327,0
8265,74,74,0
8266,123,123,0
8267,109,109,0
8268,123,121,2
8269,214,214,0
8270,207,207,0
8271,236,236,0
8272,127,127,0
8273,112,112,0
8274,158,158,0
8275,360,357,3
8276,57,56,1
8277,213,213,0
8278,123,123,0
8279,113,112,1
8280,131,131,0
8281,130,130,0
8282,209,209,0
8283,303,302,1
8284,137,135,2
8285,177,176,1
8286,70,70,0
8287,706,703,3
8288,103,103,0
8289,276,274,2
8290,265,265,0
8291,179,179,0
8292,564,561,3
8293,119,119,0
8294,180,180,0
8295,94,93,1
8296,147,147,0
8297,173,173,0
8298,181,178,3
8299,285,285,0
8300,205,199,6
8301,171,161,10
8302,82,81,1
8303,42,41,1
8304,657,657,0
8305,158,158,0
8306,156,156,0
8307,104,104,0
8308,336,332,4
8309,413,410,3
8310,106,106,0
8311,325,325,0
8312,180,180,0
8313,484,483,1
8314,240,240,0
8315,185,185,0
8316,800,800,0
8317,92,92,0
8318,150,150,0
8319,842,838,4
8320,75,74,1
8321,85,85,0
8322,161,161,0
8323,240,239,1
8324,201,200,1
8325,640,639,1
8326,193,190,3
8327,287,286,1
8328,140,140,0
8329,228,228,0
8330,562,562,0
8331,428,425,3
8332,71,71,0
8333,117,117,0
8334,151,149,2
8335,229,229,0
8336,134,134,0
8337,398,398,0
8338,136,135,1
8339,151,151,0
8340,92,92,0
8341,88,88,0
8342,141,139,2
8343,75,75,0
8344,75,75,0
8345,57,57,0
8346,89,89,0
8347,116,116,0
8348,104,104,0
8349,123,123,0
8350,153,149,4
8351,161,161,0
8352,158,156,2
8353,163,158,5
8354,58,58,0
8355,137,136,1
8356,388,384,4
8357,165,163,2
8358,156,151,5
8359,38,38,0
8360,193,192,1
8361,392,386,6
8362,91,91,0
8363,207,206,1
8364,164,162,2
8365,100,100,0
8366,47,46,1
8367,46,45,1
8368,75,75,0
8369,80,80,0
8370,58,57,1
8371,218,218,0
8372,544,539,5
8373,73,73,0
8374,21,21,0
8375,79,79,0
8376,91,91,0
8377,222,222,0
8378,101,101,0
8379,161,160,1
8380,122,122,0
8381,123,123,0
8382,57,57,0
8383,107,106,1
8384,111,110,1
8385,228,227,1
8386,465,462,3
8387,177,176,1
8388,154,154,0
8389,271,271,0
8390,451,450,1
8391,469,464,5
8392,202,201,1
8393,107,107,0
8394,103,101,2
8395,198,196,2
8396,249,248,1
8397,203,203,0
8398,115,115,0
8399,314,314,0
8400,150,150,0
8401,176,176,0
8402,611,609,2
8403,151,150,1
8404,134,134,0
8405,179,179,0
8406,223,222,1
8407,268,268,0
8408,668,662,6
8409,158,158,0
8410,134,134,0
8411,129,129,0
8412,141,140,1
8413,101,101,0
8414,449,449,0
8415,142,142,0
8416,177,175,2
8417,417,417,0
8418,590,586,4
8419,76,75,1
8420,125,125,0
8421,210,210,0
8422,122,116,6
8423,219,218,1
8424,122,122,0
8425,278,278,0
8426,728,723,5
8427,124,122,2
8428,146,146,0
8429,197,197,0
8430,447,447,0
8431,160,157,3
8432,216,216,0
8433,167,167,0
8434,144,144,0
8435,208,208,0
8436,152,152,0
8437,109,108,1
8438,268,266,2
8439,207,204,3
8440,115,114,1
8441,320,320,0
8442,289,287,2
8443,162,162,0
8444,219,217,2
8445,92,92,0
8446,90,90,0
8447,165,164,1
8448,49,49,0
8449,64,64,0
8450,158,157,1
8451,86,86,0
8452,96,94,2
8453,50,50,0
8454,282,282,0
8455,123,123,0
8456,119,118,1
8457,600,597,3
8458,38,38,0
8459,174,174,0
8460,109,109,0
8461,109,108,1
8462,187,184,3
8463,119,117,2
8464,156,156,0
8465,50,49,1
8466,379,378,1
8467,267,267,0
8468,156,156,0
8469,125,125,0
8470,192,192,0
8471,175,173,2
8472,151,148,3
8473,152,150,2
8474,229,221,8
8475,298,297,1
8476,915,912,3
8477,199,196,3
8478,191,190,1
8479,156,156,0
8480,182,182,0
8481,137,137,0
8482,194,194,0
8483,129,128,1
8484,150,150,0
8485,145,144,1
8486,192,192,0
8487,136,135,1
8488,154,154,0
8489,190,187,3
8490,146,145,1
8491,150,150,0
8492,131,130,1
8493,156,152,4
8494,296,294,2
8495,400,398,2
8496,121,121,0
8497,126,126,0
8498,393,393,0
8499,122,122,0
8500,136,136,0
8501,120,119,1
8502,146,143,3
8503,132,131,1
8504,141,141,0
8505,140,140,0
8506,137,137,0
8507,196,193,3
8508,246,242,4
8509,151,150,1
8510,509,508,1
8511,81,81,0
8512,269,267,2
8513,201,199,2
8514,149,149,0
8515,393,393,0
8516,352,346,6
8517,370,369,1
8518,415,415,0
8519,178,178,0
8520,202,201,1
8521,353,353,0
8522,341,337,4
8523,851,848,3
8524,152,152,0
8525,180,179,1
8526,569,568,1
8527,234,233,1
8528,172,171,1
8529,202,201,1
8530,133,132,1
8531,238,238,0
8532,83,82,1
8533,212,211,1
8534,116,116,0
8535,345,345,0
8536,249,247,2
8537,161,158,3
8538,160,160,0
8539,126,126,0
8540,137,137,0
8541,519,517,2
8542,388,383,5
8543,257,257,0
8544,242,237,5
8545,251,251,0
8546,196,195,1
8547,340,338,2
8548,178,178,0
8549,150,150,0
8550,34,34,0
8551,359,356,3
8552,122,121,1
8553,132,132,0
8554,67,66,1
8555,130,130,0
8556,177,176,1
8557,117,117,0
8558,145,143,2
8559,263,263,0
8560,163,163,0
8561,40,40,0
8562,175,175,0
8563,404,402,2
8564,206,203,3
8565,66,65,1
8566,513,512,1
8567,271,269,2
8568,356,354,2
8569,158,158,0
8570,158,157,1
8571,329,328,1
8572,58,57,1
8573,338,338,0
8574,175,175,0
8575,144,144,0
8576,138,137,1
8577,256,256,0
8578,175,175,0
8579,531,531,0
8580,707,698,9
8581,168,168,0
8582,169,169,0
8583,249,248,1
8584,559,559,0
8585,246,243,3
8586,288,286,2
8587,148,147,1
8588,46,45,1
8589,175,174,1
8590,426,426,0
8591,322,321,1
8592,280,278,2
8593,669,661,8
8594,228,225,3
8595,534,530,4
8596,404,398,6
8597,302,301,1
8598,293,293,0
8599,147,147,0
8600,161,161,0
8601,316,314,2
8602,203,200,3
8603,120,120,0
8604,333,333,0
8605,140,140,0
8606,104,101,3
8607,104,101,3
8608,35,33,2
8609,953,946,7
8610,144,144,0
8611,119,116,3
8612,92,91,1
8613,184,183,1
8614,121,120,1
8615,60,59,1
8616,361,356,5
8617,364,361,3
8618,171,171,0
8619,50,50,0
8620,253,253,0
8621,150,149,1
8622,103,103,0
8623,136,133,3
8624,113,112,1
8625,206,206,0
8626,104,104,0
8627,155,155,0
8628,288,284,4
8629,168,167,1
8630,253,252,1
8631,52,50,2
8632,133,133,0
8633,197,197,0
8634,551,549,2
8635,148,147,1
8636,139,139,0
8637,180,179,1
8638,56,56,0
8639,104,104,0
8640,179,179,0
8641,116,115,1
8642,161,160,1
8643,115,115,0
8644,147,147,0
8645,300,299,1
8646,208,208,0
8647,191,191,0
8648,130,130,0
8649,162,162,0
8650,176,175,1
8651,121,121,0
8652,399,397,2
8653,353,350,3
8654,75,75,0
8655,519,511,8
8656,847,837,10
8657,103,102,1
8658,208,207,1
8659,493,487,6
8660,316,316,0
8661,144,142,2
8662,117,117,0
8663,184,184,0
8664,154,153,1
8665,230,230,0
8666,114,114,0
8667,402,401,1
8668,180,178,2
8669,104,104,0
8670,186,186,0
8671,148,148,0
8672,122,122,0
8673,60,60,0
8674,99,99,0
8675,358,354,4
8676,73,73,0
8677,132,132,0
8678,67,67,0
8679,140,140,0
8680,253,249,4
8681,97,97,0
8682,233,233,0
8683,334,332,2
8684,151,150,1
8685,88,88,0
8686,140,140,0
8687,436,433,3
8688,294,294,0
8689,140,137,3
8690,186,185,1
8691,329,321,8
8692,233,228,5
8693,138,138,0
8694,120,120,0
8695,130,130,0
8696,120,115,5
8697,187,185,2
8698,102,101,1
8699,139,138,1
8700,163,163,0
8701,127,125,2
8702,558,557,1
8703,182,180,2
8704,137,137,0
8705,171,168,3
8706,255,249,6
8707,167,167,0
8708,147,147,0
8709,837,832,5
8710,187,184,3
8711,240,240,0
8712,214,212,2
8713,149,148,1
8714,195,195,0
8715,142,141,1
8716,230,227,3
8717,164,162,2
8718,166,166,0
8719,109,109,0
8720,153,153,0
8721,134,134,0
8722,133,133,0
8723,235,228,7
8724,876,872,4
8725,180,180,0
8726,451,451,0
8727,844,828,16
8728,156,153,3
8729,200,200,0
8730,61,61,0
8731,107,106,1
8732,173,173,0
8733,323,322,1
8734,209,209,0
8735,311,310,1
8736,338,337,1
8737,581,581,0
8738,104,104,0
8739,224,223,1
8740,233,233,0
8741,357,356,1
8742,244,242,2
8743,140,140,0
8744,172,172,0
8745,157,156,1
8746,446,445,1
8747,433,428,5
8748,137,137,0
8749,174,174,0
8750,226,225,1
8751,323,321,2
8752,58,57,1
8753,117,117,0
8754,623,620,3
8755,104,104,0
8756,848,844,4
8757,172,172,0
8758,227,227,0
8759,125,121,4
8760,526,524,2
8761,294,294,0
8762,183,183,0
8763,215,215,0
8764,425,423,2
8765,153,153,0
8766,131,131,0
8767,257,253,4
8768,180,180,0
8769,532,530,2
8770,161,160,1
8771,620,616,4
8772,261,259,2
8773,226,226,0
8774,137,137,0
8775,118,117,1
8776,135,132,3
8777,249,248,1
8778,190,190,0
8779,154,153,1
8780,626,626,0
8781,138,138,0
8782,288,288,0
8783,331,329,2
8784,145,145,0
8785,181,179,2
8786,482,482,0
8787,316,316,0
8788,306,306,0
8789,209,208,1
8790,663,660,3
8791,170,170,0
8792,629,626,3
8793,169,168,1
8794,191,189,2
8795,77,76,1
8796,44,44,0
8797,205,202,3
8798,419,414,5
8799,98,98,0
8800,134,133,1
8801,85,85,0
8802,128,128,0
8803,144,144,0
8804,542,541,1
8805,62,62,0
8806,69,69,0
8807,176,175,1
8808,875,875,0
8809,142,142,0
8810,124,124,0
8811,123,123,0
8812,156,156,0
8813,174,173,1
8814,357,357,0
8815,538,537,1
8816,101,100,1
8817,129,129,0
8818,130,130,0
8819,156,156,0
8820,323,322,1
8821,185,184,1
8822,227,227,0
8823,189,189,0
8824,955,953,2
8825,401,401,0
8826,227,226,1
8827,194,194,0
8828,122,121,1
8829,20,17,3
8830,42,42,0
8831,183,180,3
8832,120,120,0
8833,65,64,1
8834,179,178,1
8835,542,542,0
8836,41,41,0
8837,175,174,1
8838,184,184,0
8839,134,134,0
8840,63,63,0
8841,154,153,1
8842,538,538,0
8843,301,301,0
8844,192,192,0
8845,329,329,0
8846,581,577,4
8847,861,858,3
8848,205,205,0
8849,967,963,4
8850,303,301,2
8851,256,255,1
8852,1019,1012,7
8853,478,477,1
8854,227,227,0
8855,424,422,2
8856,521,519,2
8857,862,857,5
8858,305,305,0
8859,470,469,1
8860,669,668,1
8861,134,134,0
8862,135,135,0
8863,143,142,1
8864,124,122,2
8865,121,121,0
8866,248,247,1
8867,164,161,3
8868,199,196,3
8869,61,61,0
8870,56,56,0
8871,45,45,0
8872,184,184,0
8873,105,104,1
8874,100,100,0
8875,163,163,0
8876,470,467,3
8877,171,171,0
8878,139,139,0
8879,105,105,0
8880,521,518,3
8881,248,247,1
8882,570,565,5
8883,139,139,0
8884,117,116,1
8885,365,362,3
8886,156,156,0
8887,146,146,0
8888,121,121,0
8889,226,225,1
8890,183,183,0
8891,336,333,3
8892,88,86,2
8893,304,303,1
8894,193,193,0
8895,115,115,0
8896,366,364,2
8897,143,142,1
8898,298,298,0
8899,84,84,0
8900,74,73,1
8901,76,74,2
8902,100,100,0
8903,95,95,0
8904,137,136,1
8905,305,304,1
8906,138,138,0
8907,111,110,1
8908,65,65,0
8909,332,331,1
8910,384,377,7
8911,172,170,2
8912,133,133,0
8913,231,231,0
8914,364,361,3
8915,152,152,0
8916,99,99,0
8917,218,215,3
8918,366,365,1
8919,88,88,0
8920,118,117,1
8921,112,112,0
8922,228,228,0
8923,245,245,0
8924,146,146,0
8925,560,559,1
8926,109,109,0
8927,142,142,0
8928,366,366,0
8929,140,140,0
8930,272,272,0
8931,402,402,0
8932,306,306,0
8933,87,87,0
8934,63,63,0
8935,116,116,0
8936,72,72,0
8937,61,61,0
8938,226,225,1
8939,186,186,0
8940,205,205,0
8941,163,163,0
8942,149,149,0
8943,120,120,0
8944,185,185,0
8945,286,285,1
8946,125,125,0
8947,456,455,1
8948,208,208,0
8949,124,124,0
8950,561,559,2
8951,207,207,0
8952,202,201,1
8953,369,368,1
8954,165,165,0
8955,179,179,0
8956,168,168,0
8957,111,108,3
8958,56,56,0
8959,92,92,0
8960,189,189,0
8961,183,183,0
8962,122,122,0
8963,194,194,0
8964,165,165,0
8965,80,79,1
8966,117,117,0
8967,185,185,0
8968,554,552,2
8969,132,130,2
8970,143,141,2
8971,54,54,0
8972,104,104,0
8973,169,166,3
8974,120,120,0
8975,215,214,1
8976,377,377,0
8977,145,145,0
8978,211,209,2
8979,83,83,0
8980,73,72,1
8981,59,59,0
8982,90,87,3
8983,61,61,0
8984,172,172,0
8985,44,44,0
8986,404,403,1
8987,195,193,2
8988,128,126,2
8989,61,61,0
8990,132,132,0
8991,114,114,0
8992,107,107,0
8993,137,137,0
8994,60,60,0
8995,111,110,1
8996,170,170,0
8997,153,151,2
8998,167,167,0
8999,201,199,2
9000,267,265,2
9001,129,127,2
9002,100,100,0
9003,133,132,1
9004,133,133,0
9005,91,91,0
9006,72,72,0
9007,526,515,11
9008,331,331,0
9009,123,122,1
9010,208,208,0
9011,92,90,2
9012,172,172,0
9013,118,118,0
9014,218,216,2
9015,193,192,1
9016,135,134,1
9017,719,719,0
9018,60,60,0
9019,400,399,1
9020,103,103,0
9021,217,217,0
9022,243,243,0
9023,196,195,1
9024,505,504,1
9025,151,149,2
9026,245,245,0
9027,197,197,0
9028,373,371,2
9029,143,142,1
9030,313,312,1
9031,54,54,0
9032,139,139,0
9033,112,112,0
9034,140,140,0
9035,97,97,0
9036,165,163,2
9037,582,582,0
9038,149,149,0
9039,135,135,0
9040,257,257,0
9041,127,126,1
9042,139,139,0
9043,149,149,0
9044,172,172,0
9045,289,288,1
9046,866,857,9
9047,298,298,0
9048,728,723,5
9049,202,201,1
9050,115,113,2
9051,120,120,0
9052,165,165,0
9053,159,158,1
9054,66,66,0
9055,204,204,0
9056,357,357,0
9057,132,132,0
9058,692,690,2
9059,319,319,0
9060,193,193,0
9061,215,214,1
9062,308,308,0
9063,265,265,0
9064,242,242,0
9065,131,131,0
9066,422,422,0
9067,66,66,0
9068,749,746,3
9069,484,483,1
9070,119,119,0
9071,169,166,3
9072,78,78,0
9073,72,71,1
9074,213,210,3
9075,147,144,3
9076,851,850,1
9077,182,182,0
9078,158,158,0
9079,196,195,1
9080,127,124,3
9081,119,119,0
9082,60,60,0
9083,125,125,0
9084,119,118,1
9085,172,172,0
9086,288,286,2
9087,419,419,0
9088,127,127,0
9089,124,124,0
9090,135,134,1
9091,236,236,0
9092,310,310,0
9093,675,674,1
9094,304,303,1
9095,624,623,1
9096,326,323,3
9097,111,110,1
9098,238,238,0
9099,238,233,5
9100,305,305,0
9101,203,201,2
9102,194,194,0
9103,949,948,1
9104,466,457,9
9105,837,833,4
9106,318,317,1
9107,252,252,0
9108,139,138,1
9109,132,131,1
9110,81,80,1
9111,124,124,0
9112,245,244,1
9113,138,138,0
9114,134,134,0
9115,162,161,1
9116,376,375,1
9117,101,100,1
9118,41,41,0
9119,113,113,0
9120,126,126,0
9121,77,77,0
9122,171,171,0
9123,44,44,0
9124,216,211,5
9125,153,153,0
9126,252,250,2
9127,94,94,0
9128,193,193,0
9129,136,136,0
9130,248,247,1
9131,149,149,0
9132,47,47,0
9133,285,285,0
9134,429,429,0
9135,573,570,3
9136,312,310,2
9137,123,123,0
9138,657,656,1
9139,81,81,0
9140,136,136,0
9141,97,97,0
9142,44,44,0
9143,130,130,0
9144,63,63,0
9145,561,560,1
9146,198,198,0
9147,432,431,1
9148,112,112,0
9149,165,164,1
9150,145,145,0
9151,494,493,1
9152,96,96,0
9153,72,72,0
9154,138,138,0
9155,289,289,0
9156,677,672,5
9157,77,75,2
9158,131,131,0
9159,147,146,1
9160,149,148,1
9161,124,123,1
9162,308,308,0
9163,580,579,1
9164,175,175,0
9165,81,80,1
9166,133,133,0
9167,477,476,1
9168,212,212,0
9169,460,458,2
9170,117,117,0
9171,577,575,2
9172,112,112,0
9173,290,289,1
9174,164,162,2
9175,234,233,1
9176,186,185,1
9177,360,355,5
9178,430,429,1
9179,138,138,0
9180,215,214,1
9181,206,204,2
9182,213,213,0
9183,148,148,0
9184,201,201,0
9185,129,129,0
9186,210,210,0
9187,143,143,0
9188,133,133,0
9189,169,168,1
9190,234,234,0
9191,114,114,0
9192,124,120,4
9193,297,295,2
9194,162,162,0
9195,111,111,0
9196,141,141,0
9197,148,147,1
9198,287,286,1
9199,287,287,0
9200,152,152,0
9201,136,135,1
9202,410,410,0
9203,464,463,1
9204,193,193,0
9205,225,222,3
9206,201,200,1
9207,258,255,3
9208,141,140,1
9209,121,120,1
9210,194,194,0
9211,123,123,0
9212,156,156,0
9213,138,138,0
9214,164,164,0
9215,128,127,1
9216,106,105,1
9217,148,148,0
9218,130,130,0
9219,140,140,0
9220,168,168,0
9221,609,607,2
9222,440,440,0
9223,278,276,2
9224,140,139,1
9225,209,208,1
9226,199,199,0
9227,295,290,5
9228,205,205,0
9229,465,463,2
9230,239,235,4
9231,545,545,0
9232,32,32,0
9233,340,339,1
9234,67,67,0
9235,129,128,1
9236,187,186,1
9237,172,172,0
9238,442,442,0
9239,335,335,0
9240,109,109,0
9241,101,101,0
9242,378,375,3
9243,41,41,0
9244,130,130,0
9245,297,283,14
9246,90,90,0
9247,63,63,0
9248,52,51,1
9249,58,58,0
9250,78,78,0
9251,76,76,0
9252,197,195,2
9253,135,135,0
9254,241,241,0
9255,412,410,2
9256,83,83,0
9257,101,100,1
9258,146,146,0
9259,110,110,0
9260,95,95,0
9261,79,79,0
9262,146,146,0
9263,347,346,1
9264,346,345,1
9265,201,201,0
9266,120,120,0
9267,506,504,2
9268,469,467,2
9269,98,98,0
9270,172,169,3
9271,154,154,0
9272,194,194,0
9273,365,365,0
9274,169,169,0
9275,183,183,0
9276,199,197,2
9277,295,295,0
9278,292,288,4
9279,292,288,4
9280,126,126,0
9281,183,183,0
9282,307,306,1
9283,193,192,1
9284,243,240,3
9285,575,575,0
9286,194,193,1
9287,95,95,0
9288,142,141,1
9289,227,227,0
9290,734,732,2
9291,196,194,2
9292,265,264,1
9293,328,327,1
9294,258,258,0
9295,422,422,0
9296,126,126,0
9297,120,120,0
9298,291,291,0
9299,169,169,0
9300,285,283,2
9301,240,238,2
9302,137,137,0
9303,162,161,1
9304,151,151,0
9305,238,238,0
9306,188,188,0
9307,299,299,0
9308,534,533,1
9309,141,141,0
9310,119,119,0
9311,304,303,1
9312,453,453,0
9313,370,369,1
9314,141,141,0
9315,121,120,1
9316,126,126,0
9317,159,159,0
9318,374,372,2
9319,136,136,0
9320,36,36,0
9321,66,66,0
9322,130,129,1
9323,117,117,0
9324,139,139,0
9325,121,120,1
9326,130,129,1
9327,124,124,0
9328,122,122,0
9329,65,65,0
9330,585,584,1
9331,295,295,0
9332,174,173,1
9333,118,118,0
9334,141,141,0
9335,124,124,0
9336,185,185,0
9337,108,108,0
9338,283,283,0
9339,165,163,2
9340,177,177,0
9341,145,145,0
9342,160,160,0
9343,272,272,0
9344,144,144,0
9345,168,167,1
9346,293,292,1
9347,47,47,0
9348,274,273,1
9349,113,111,2
9350,374,374,0
9351,150,148,2
9352,316,313,3
9353,117,115,2
9354,167,167,0
9355,176,176,0
9356,127,126,1
9357,46,46,0
9358,111,109,2
9359,162,158,4
9360,324,324,0
9361,203,203,0
9362,287,284,3
9363,253,252,1
9364,76,75,1
9365,257,257,0
9366,90,88,2
9367,266,265,1
9368,180,174,6
9369,138,135,3
9370,105,104,1
9371,107,107,0
9372,172,167,5
9373,190,186,4
9374,322,320,2
9375,30,30,0
9376,130,130,0
9377,145,142,3
9378,119,116,3
9379,153,152,1
9380,159,154,5
9381,301,301,0
9382,215,206,9
9383,170,170,0
9384,259,256,3
9385,67,67,0
9386,216,215,1
9387,82,81,1
9388,125,124,1
9389,193,191,2
9390,197,192,5
9391,81,80,1
9392,92,92,0
9393,188,188,0
9394,89,89,0
9395,222,220,2
9396,568,562,6
9397,45,45,0
9398,92,92,0
9399,188,188,0
9400,128,127,1
9401,150,149,1
9402,67,67,0
9403,52,51,1
9404,77,77,0
9405,70,70,0
9406,79,79,0
9407,89,89,0
9408,174,173,1
9409,102,101,1
9410,119,119,0
9411,66,66,0
9412,144,144,0
9413,70,65,5
9414,273,268,5
9415,143,143,0
9416,126,126,0
9417,129,127,2
9418,51,51,0
9419,146,145,1
9420,355,355,0
9421,165,165,0
9422,663,660,3
9423,119,119,0
9424,221,219,2
9425,223,222,1
9426,207,207,0
9427,120,120,0
9428,214,212,2
9429,647,641,6
9430,195,195,0
9431,178,178,0
9432,122,122,0
9433,118,118,0
9434,277,274,3
9435,217,216,1
9436,118,117,1
9437,250,250,0
9438,168,168,0
9439,171,171,0
9440,209,202,7
9441,215,214,1
9442,354,353,1
9443,119,119,0
9444,181,181,0
9445,36,36,0
9446,98,96,2
9447,183,182,1
9448,121,121,0
9449,153,153,0
9450,118,118,0
9451,133,132,1
9452,157,155,2
9453,160,160,0
9454,147,147,0
9455,326,326,0
9456,77,76,1
9457,125,123,2
9458,213,211,2
9459,121,119,2
9460,154,153,1
9461,164,164,0
9462,190,187,3
9463,166,164,2
9464,133,131,2
9465,349,349,0
9466,258,257,1
9467,47,47,0
9468,77,77,0
9469,244,244,0
9470,215,212,3
9471,43,43,0
9472,126,125,1
9473,115,115,0
9474,291,291,0
9475,110,110,0
9476,169,169,0
9477,97,97,0
9478,126,126,0
9479,164,163,1
9480,118,117,1
9481,94,94,0
9482,113,113,0
9483,134,132,2
9484,178,178,0
9485,168,168,0
9486,45,44,1
9487,220,220,0
9488,118,117,1
9489,156,156,0
9490,156,156,0
9491,125,125,0
9492,228,227,1
9493,916,913,3
9494,314,313,1
9495,235,233,2
9496,373,372,1
9497,20,20,0
9498,137,136,1
9499,361,360,1
9500,182,182,0
9501,53,53,0
9502,117,115,2
9503,214,212,2
9504,205,205,0
9505,99,99,0
9506,248,248,0
9507,54,54,0
9508,369,363,6
9509,323,323,0
9510,186,186,0
9511,366,360,6
9512,40,40,0
9513,295,291,4
9514,131,129,2
9515,167,167,0
9516,121,121,0
9517,232,229,3
9518,90,90,0
9519,71,71,0
9520,167,167,0
9521,220,217,3
9522,166,166,0
9523,125,125,0
9524,279,279,0
9525,518,515,3
9526,143,143,0
9527,51,51,0
9528,654,653,1
9529,65,65,0
9530,155,155,0
9531,201,201,0
9532,219,218,1
9533,135,134,1
9534,197,197,0
9535,169,167,2
9536,142,142,0
9537,116,114,2
9538,147,146,1
9539,200,199,1
9540,384,384,0
9541,213,213,0
9542,250,250,0
9543,195,195,0
9544,310,309,1
9545,129,128,1
9546,140,138,2
9547,131,131,0
9548,214,212,2
9549,150,150,0
9550,125,125,0
9551,126,126,0
9552,195,190,5
9553,172,172,0
9554,151,151,0
9555,132,132,0
9556,352,352,0
9557,203,203,0
9558,39,36,3
9559,160,160,0
9560,57,57,0
9561,232,232,0
9562,57,57,0
9563,395,395,0
9564,46,46,0
9565,151,151,0
9566,67,67,0
9567,80,80,0
9568,307,307,0
9569,41,41,0
9570,66,65,1
9571,159,159,0
9572,142,142,0
9573,407,407,0
9574,562,561,1
9575,116,116,0
9576,141,141,0
9577,302,301,1
9578,616,615,1
9579,336,335,1
9580,323,323,0
9581,187,187,0
9582,335,333,2
9583,411,409,2
9584,183,183,0
9585,259,256,3
9586,197,197,0
9587,190,190,0
9588,129,129,0
9589,106,105,1
9590,92,92,0
9591,65,65,0
9592,152,152,0
9593,162,162,0
9594,224,224,0
9595,186,186,0
9596,60,60,0
9597,110,109,1
9598,476,474,2
9599,110,109,1
9600,393,393,0
9601,127,127,0
9602,139,137,2
9603,227,226,1
9604,349,349,0
9605,323,319,4
9606,334,332,2
9607,62,61,1
9608,163,161,2
9609,196,196,0
9610,101,101,0
9611,169,167,2
9612,111,111,0
9613,37,36,1
9614,225,224,1
9615,485,479,6
9616,136,136,0
9617,155,154,1
9618,186,186,0
9619,137,137,0
9620,90,90,0
9621,143,143,0
9622,148,148,0
9623,510,508,2
9624,314,313,1
9625,111,111,0
9626,192,191,1
9627,129,128,1
9628,48,47,1
9629,45,45,0
9630,34,33,1
9631,148,147,1
9632,398,393,5
9633,143,143,0
9634,312,312,0
9635,137,135,2
9636,301,300,1
9637,197,197,0
9638,126,124,2
9639,174,174,0
9640,139,139,0
9641,470,468,2
9642,173,173,0
9643,111,110,1
9644,143,143,0
9645,219,219,0
9646,120,120,0
9647,192,191,1
9648,188,187,1
9649,128,128,0
9650,119,119,0
9651,136,136,0
9652,113,113,0
9653,131,130,1
9654,113,111,2
9655,140,140,0
9656,180,179,1
9657,285,279,6
9658,174,174,0
9659,214,211,3
9660,438,438,0
9661,153,152,1
9662,322,321,1
9663,402,402,0
9664,180,180,0
9665,185,185,0
9666,819,819,0
9667,399,398,1
9668,264,264,0
9669,449,447,2
9670,129,129,0
9671,116,116,0
9672,268,267,1
9673,538,537,1
9674,352,349,3
9675,768,767,1
9676,366,366,0
9677,157,157,0
9678,171,171,0
9679,177,176,1
9680,219,219,0
9681,160,160,0
9682,152,152,0
9683,782,776,6
9684,130,129,1
9685,326,326,0
9686,56,56,0
9687,234,233,1
9688,55,55,0
9689,95,94,1
9690,57,57,0
9691,84,83,1
9692,126,126,0
9693,96,96,0
9694,91,91,0
9695,110,110,0
9696,245,245,0
9697,122,122,0
9698,223,222,1
9699,68,68,0
9700,188,186,2
9701,175,173,2
9702,413,413,0
9703,122,122,0
9704,695,693,2
9705,210,209,1
9706,100,99,1
9707,529,526,3
9708,216,216,0
9709,201,200,1
9710,131,131,0
9711,48,47,1
9712,169,169,0
9713,111,111,0
9714,303,302,1
9715,302,302,0
9716,315,314,1
9717,346,346,0
9718,124,124,0
9719,125,125,0
9720,189,186,3
9721,274,269,5
9722,290,290,0
9723,86,86,0
9724,44,44,0
9725,131,130,1
9726,113,113,0
9727,124,119,5
9728,283,282,1
9729,135,135,0
9730,108,108,0
9731,129,128,1
9732,309,309,0
9733,626,626,0
9734,130,130,0
9735,157,157,0
9736,770,764,6
9737,123,123,0
9738,288,287,1
9739,221,221,0
9740,199,199,0
9741,330,330,0
9742,511,508,3
9743,440,440,0
9744,134,134,0
9745,213,212,1
9746,129,129,0
9747,387,387,0
9748,142,142,0
9749,142,141,1
9750,139,139,0
9751,152,150,2
9752,248,248,0
9753,207,203,4
9754,313,312,1
9755,137,137,0
9756,154,154,0
9757,387,385,2
9758,233,232,1
9759,162,162,0
9760,117,117,0
9761,56,56,0
9762,211,210,1
9763,203,202,1
9764,112,112,0
9765,422,420,2
9766,188,184,4
9767,581,580,1
9768,122,122,0
9769,128,128,0
9770,93,93,0
9771,71,71,0
9772,86,86,0
9773,143,142,1
9774,586,585,1
9775,160,160,0
9776,1733,1712,21
9777,180,180,0
9778,509,503,6
9779,306,304,2
9780,397,397,0
9781,60,60,0
9782,109,109,0
9783,390,389,1
9784,142,142,0
9785,110,110,0
9786,81,80,1
9787,224,224,0
9788,133,133,0
9789,143,143,0
9790,204,204,0
9791,73,72,1
9792,81,80,1
9793,581,581,0
9794,513,511,2
9795,832,831,1
9796,70,69,1
9797,48,48,0
9798,131,128,3
9799,132,132,0
9800,137,137,0
9801,150,150,0
9802,179,179,0
9803,43,43,0
9804,216,216,0
9805,100,100,0
9806,148,148,0
9807,119,119,0
9808,128,128,0
9809,206,205,1
9810,95,95,0
9811,88,88,0
9812,96,96,0
9813,150,150,0
9814,99,99,0
9815,91,89,2
9816,152,152,0
9817,278,278,0
9818,178,178,0
9819,176,175,1
9820,145,145,0
9821,285,285,0
9822,122,121,1
9823,914,910,4
9824,225,225,0
9825,165,162,3
9826,72,72,0
9827,86,86,0
9828,55,55,0
9829,149,147,2
9830,291,290,1
9831,195,195,0
9832,193,193,0
9833,254,253,1
9834,72,72,0
9835,130,128,2
9836,87,87,0
9837,238,238,0
9838,109,109,0
9839,62,62,0
9840,158,158,0
9841,118,118,0
9842,138,138,0
9843,367,367,0
9844,129,129,0
9845,221,221,0
9846,162,162,0
9847,629,625,4
9848,373,372,1
9849,129,127,2
9850,136,136,0
9851,113,113,0
9852,126,126,0
9853,56,56,0
9854,125,125,0
9855,119,119,0
9856,186,185,1
9857,164,164,0
9858,52,51,1
9859,68,68,0
9860,125,125,0
9861,146,146,0
9862,490,489,1
9863,272,270,2
9864,368,368,0
9865,168,168,0
9866,716,708,8
9867,91,91,0
9868,163,163,0
9869,650,644,6
9870,141,141,0
9871,290,288,2
9872,85,85,0
9873,66,66,0
9874,163,163,0
9875,165,165,0
9876,144,144,0
9877,161,161,0
9878,277,276,1
9879,109,108,1
9880,602,602,0
9881,129,129,0
9882,230,228,2
9883,199,199,0
9884,106,106,0
9885,122,122,0
9886,243,243,0
9887,197,197,0
9888,219,218,1
9889,201,200,1
9890,131,131,0
9891,118,118,0
9892,185,185,0
9893,266,263,3
9894,126,124,2
9895,159,159,0
9896,63,60,3
9897,68,67,1
9898,280,280,0
9899,275,267,8
9900,299,298,1
9901,182,181,1
9902,186,186,0
9903,310,305,5
9904,266,266,0
9905,260,257,3
9906,266,263,3
9907,38,38,0
9908,151,147,4
9909,130,130,0
9910,26,26,0
9911,150,150,0
9912,150,150,0
9913,133,133,0
9914,213,213,0
9915,180,180,0
9916,127,127,0
9917,145,145,0
9918,166,164,2
9919,434,434,0
9920,502,500,2
9921,136,136,0
9922,130,130,0
9923,123,123,0
9924,737,737,0
9925,139,139,0
9926,231,230,1
9927,164,164,0
9928,138,138,0
9929,179,179,0
9930,316,315,1
9931,130,130,0
9932,121,121,0
9933,535,532,3
9934,153,153,0
9935,143,141,2
9936,602,600,2
9937,90,88,2
9938,140,140,0
9939,72,72,0
9940,292,292,0
9941,379,379,0
9942,415,413,2
9943,608,605,3
9944,79,79,0
9945,59,59,0
9946,113,111,2
9947,231,230,1
9948,140,140,0
9949,264,264,0
9950,225,224,1
9951,38,38,0
9952,62,62,0
9953,138,138,0
9954,392,392,0
9955,125,124,1
9956,66,66,0
9957,348,348,0
9958,227,227,0
9959,121,121,0
9960,64,64,0
9961,131,131,0
9962,256,256,0
9963,131,130,1
9964,147,147,0
9965,370,369,1
9966,219,218,1
9967,131,131,0
9968,284,282,2
9969,227,226,1
9970,203,200,3
9971,134,133,1
9972,434,432,2
9973,198,196,2
9974,506,503,3
9975,131,130,1
9976,120,120,0
9977,59,59,0
9978,167,165,2
9979,233,233,0
9980,421,421,0
9981,191,190,1
9982,115,115,0
9983,705,696,9
9984,198,198,0
9985,147,145,2
9986,130,128,2
9987,111,111,0
9988,202,202,0
9989,96,96,0
9990,122,122,0
9991,318,316,2
9992,360,355,5
9993,167,166,1
9994,244,243,1
9995,154,154,0
9996,139,139,0
9997,120,119,1
9998,147,147,0
9999,352,350,2
10000,185,185,0
10001,146,146,0
10002,437,435,2
10003,692,692,0
10004,499,497,2
10005,468,465,3
10006,123,123,0
10007,110,110,0
10008,178,173,5
10009,168,167,1
10010,445,437,8
10011,194,193,1
10012,583,583,0
10013,143,140,3
10014,51,50,1
10015,173,173,0
10016,187,187,0
10017,133,131,2
10018,310,308,2
10019,213,213,0
10020,303,299,4
10021,136,135,1
10022,120,118,2
10023,156,154,2
10024,71,71,0
10025,55,55,0
10026,70,70,0
10027,64,64,0
10028,141,141,0
10029,65,65,0
10030,44,44,0
10031,154,154,0
10032,120,120,0
10033,136,135,1
10034,239,239,0
10035,171,170,1
10036,124,124,0
10037,116,115,1
10038,205,199,6
10039,179,179,0
10040,184,183,1
10041,126,122,4
10042,125,125,0
10043,162,161,1
10044,147,145,2
10045,120,120,0
10046,119,119,0
10047,115,115,0
10048,91,87,4
10049,40,40,0
10050,62,62,0
10051,88,88,0
10052,490,477,13
10053,427,424,3
10054,134,134,0
10055,196,196,0
10056,769,763,6
10057,87,87,0
10058,50,50,0
10059,284,275,9
10060,210,204,6
10061,169,167,2
10062,148,148,0
10063,346,343,3
10064,64,64,0
10065,402,400,2
10066,267,261,6
10067,381,369,12
10068,255,252,3
10069,275,274,1
10070,156,156,0
10071,287,286,1
10072,346,346,0
10073,203,199,4
10074,128,127,1
10075,125,124,1
10076,126,126,0
10077,314,311,3
10078,119,119,0
10079,175,174,1
10080,177,175,2
10081,334,330,4
10082,185,185,0
10083,305,304,1
10084,232,232,0
10085,163,162,1
10086,294,294,0
10087,155,155,0
10088,131,130,1
10089,281,280,1
10090,138,138,0
10091,137,135,2
10092,706,705,1
10093,229,229,0
10094,149,149,0
10095,154,154,0
10096,210,210,0
10097,282,281,1
10098,123,121,2
10099,132,130,2
10100,904,903,1
10101,242,242,0
10102,355,355,0
10103,256,256,0
10104,631,630,1
10105,315,313,2
10106,453,448,5
10107,708,701,7
10108,289,289,0
10109,131,131,0
10110,183,182,1
10111,83,83,0
10112,111,108,3
10113,85,85,0
10114,128,128,0
10115,45,45,0
10116,224,224,0
10117,178,178,0
10118,177,177,0
10119,330,330,0
10120,219,215,4
10121,344,342,2
10122,347,347,0
10123,232,232,0
10124,572,572,0
10125,369,368,1
10126,106,106,0
10127,355,355,0
10128,114,113,1
10129,67,67,0
10130,620,619,1
10131,287,287,0
10132,82,82,0
10133,144,144,0
10134,138,138,0
10135,44,44,0
10136,66,66,0
10137,115,115,0
10138,174,173,1
10139,245,245,0
10140,185,184,1
10141,171,169,2
10142,151,150,1
10143,98,98,0
10144,187,187,0
10145,146,146,0
10146,204,204,0
10147,266,266,0
10148,133,133,0
10149,522,521,1
10150,338,336,2
10151,177,176,1
10152,288,286,2
10153,210,208,2
10154,267,267,0
10155,456,456,0
10156,261,261,0
10157,364,364,0
10158,122,122,0
10159,172,172,0
10160,293,292,1
10161,581,579,2
10162,38,38,0
10163,138,138,0
10164,141,140,1
10165,213,212,1
10166,115,113,2
10167,244,241,3
10168,175,175,0
10169,278,270,8
10170,122,122,0
10171,142,142,0
10172,100,99,1
10173,110,110,0
10174,164,164,0
10175,179,178,1
10176,730,728,2
10177,140,140,0
10178,168,168,0
10179,181,180,1
10180,396,394,2
10181,108,106,2
10182,252,251,1
10183,133,133,0
10184,228,228,0
10185,322,321,1
10186,187,186,1
10187,73,73,0
10188,687,685,2
10189,303,302,1
10190,354,353,1
10191,117,117,0
10192,199,199,0
10193,84,84,0
10194,128,128,0
10195,62,60,2
10196,553,546,7
10197,184,181,3
10198,263,263,0
10199,128,128,0
10200,1017,1013,4
10201,435,429,6
10202,99,97,2
10203,167,167,0
10204,749,744,5
10205,171,171,0
10206,127,126,1
10207,119,119,0
10208,122,122,0
10209,180,180,0
10210,195,194,1
10211,146,146,0
10212,204,201,3
10213,217,214,3
10214,192,192,0
10215,130,129,1
10216,211,211,0
10217,270,269,1
10218,369,369,0
10219,138,138,0
10220,172,171,1
10221,140,140,0
10222,159,157,2
10223,217,217,0
10224,171,171,0
10225,57,57,0
10226,249,248,1
10227,62,62,0
10228,140,139,1
10229,91,87,4
10230,122,122,0
10231,73,73,0
10232,544,541,3
10233,198,197,1
10234,113,113,0
10235,476,475,1
10236,170,167,3
10237,581,572,9
10238,488,485,3
10239,368,362,6
10240,289,289,0
10241,318,317,1
10242,613,611,2
10243,271,270,1
10244,128,128,0
10245,304,302,2
10246,290,290,0
10247,192,191,1
10248,136,136,0
10249,124,124,0
10250,140,139,1
10251,317,317,0
10252,389,388,1
10253,83,83,0
10254,426,426,0
10255,366,365,1
10256,385,384,1
10257,217,216,1
10258,700,698,2
10259,473,471,2
10260,119,119,0
10261,190,190,0
10262,311,311,0
10263,550,550,0
10264,78,78,0
10265,482,478,4
10266,727,727,0
10267,314,314,0
10268,380,379,1
10269,323,322,1
10270,231,230,1
10271,541,540,1
10272,603,600,3
10273,199,198,1
10274,114,114,0
10275,45,45,0
10276,123,123,0
10277,179,179,0
10278,367,367,0
10279,159,159,0
10280,1008,1006,2
10281,168,168,0
10282,176,174,2
10283,548,548,0
10284,334,333,1
10285,412,410,2
10286,204,204,0
10287,135,135,0
10288,154,154,0
10289,126,125,1
10290,197,197,0
10291,175,173,2
10292,261,261,0
10293,802,800,2
10294,184,183,1
10295,38,38,0
10296,328,327,1
10297,93,92,1
10298,163,163,0
10299,146,146,0
10300,49,49,0
10301,38,38,0
10302,206,206,0
10303,184,184,0
10304,107,107,0
10305,104,104,0
10306,341,340,1
10307,227,227,0
10308,402,402,0
10309,169,169,0
10310,131,131,0
10311,264,264,0
10312,202,199,3
10313,135,133,2
10314,130,128,2
10315,47,47,0
10316,167,167,0
10317,132,132,0
10318,56,56,0
10319,56,56,0
10320,232,232,0
10321,131,131,0
10322,118,118,0
10323,70,69,1
10324,73,73,0
10325,140,140,0
10326,266,266,0
10327,298,297,1
10328,527,524,3
10329,112,112,0
10330,183,181,2
10331,308,307,1
10332,198,196,2
10333,193,192,1
10334,145,143,2
10335,501,500,1
10336,306,306,0
10337,589,588,1
10338,317,317,0
10339,388,385,3
10340,822,813,9
10341,103,102,1
10342,115,114,1
10343,237,234,3
10344,163,162,1
10345,546,545,1
10346,90,90,0
10347,322,322,0
10348,312,312,0
10349,278,278,0
10350,193,193,0
10351,243,243,0
10352,123,123,0
10353,472,472,0
10354,135,135,0
10355,157,157,0
10356,698,694,4
10357,111,111,0
10358,158,158,0
10359,306,302,4
10360,399,396,3
10361,73,72,1
10362,433,433,0
10363,79,79,0
10364,189,188,1
10365,115,115,0
10366,55,55,0
10367,359,355,4
10368,123,122,1
10369,104,104,0
10370,114,114,0
10371,90,87,3
10372,45,42,3
10373,378,370,8
10374,267,262,5
10375,190,190,0
10376,117,117,0
10377,224,224,0
10378,118,118,0
10379,167,167,0
10380,112,112,0
10381,237,231,6
10382,135,135,0
10383,153,153,0
10384,129,127,2
10385,676,673,3
10386,122,121,1
10387,219,218,1
10388,212,212,0
10389,56,56,0
10390,418,417,1
10391,527,525,2
10392,263,260,3
10393,280,273,7
10394,329,326,3
10395,261,257,4
10396,456,451,5
10397,189,189,0
10398,134,133,1
10399,227,227,0
10400,353,349,4
10401,70,70,0
10402,126,125,1
10403,19,19,0
10404,118,118,0
10405,217,216,1
10406,141,141,0
10407,128,127,1
10408,42,42,0
10409,113,113,0
10410,192,191,1
10411,72,72,0
10412,71,71,0
10413,146,145,1
10414,75,75,0
10415,69,69,0
10416,69,69,0
10417,178,177,1
10418,605,605,0
10419,134,133,1
10420,75,74,1
10421,102,102,0
10422,68,68,0
10423,107,107,0
10424,131,131,0
10425,115,115,0
10426,219,218,1
10427,468,466,2
10428,184,184,0
10429,131,128,3
10430,114,114,0
10431,44,44,0
10432,83,83,0
10433,207,207,0
10434,102,102,0
10435,107,106,1
10436,267,266,1
10437,130,130,0
10438,127,126,1
10439,107,107,0
10440,152,152,0
10441,170,169,1
10442,165,165,0
10443,291,291,0
10444,128,128,0
10445,126,126,0
10446,118,117,1
10447,174,174,0
10448,232,232,0
10449,121,120,1
10450,223,223,0
10451,103,103,0
10452,205,205,0
10453,169,169,0
10454,336,336,0
10455,189,189,0
10456,160,160,0
10457,205,205,0
10458,479,477,2
10459,177,176,1
10460,309,309,0
10461,194,194,0
10462,161,161,0
10463,130,130,0
10464,141,140,1
10465,277,277,0
10466,128,128,0
10467,214,214,0
10468,153,153,0
10469,168,168,0
10470,168,167,1
10471,238,237,1
10472,117,116,1
10473,236,234,2
10474,229,229,0
10475,146,143,3
10476,154,153,1
10477,74,73,1
10478,67,67,0
10479,61,61,0
10480,116,116,0
10481,42,42,0
10482,111,111,0
10483,217,217,0
10484,166,162,4
10485,240,237,3
10486,71,71,0
10487,321,320,1
10488,274,273,1
10489,216,215,1
10490,144,142,2
10491,187,187,0
10492,563,561,2
10493,341,341,0
10494,133,133,0
10495,166,165,1
10496,325,325,0
10497,185,185,0
10498,213,213,0
10499,366,363,3
10500,266,265,1
10501,296,293,3
10502,80,80,0
10503,111,111,0
10504,112,112,0
10505,196,194,2
10506,133,132,1
10507,355,355,0
10508,152,152,0
10509,191,191,0
10510,302,299,3
10511,209,208,1
10512,75,75,0
10513,59,58,1
10514,118,117,1
10515,293,292,1
10516,48,48,0
10517,178,178,0
10518,226,226,0
10519,195,194,1
10520,139,139,0
10521,143,143,0
10522,471,471,0
10523,135,135,0
10524,103,103,0
10525,213,212,1
10526,89,88,1
10527,446,445,1
10528,282,280,2
10529,247,247,0
10530,281,280,1
10531,140,137,3
10532,170,170,0
10533,237,237,0
10534,227,226,1
10535,249,246,3
10536,110,110,0
10537,159,159,0
10538,387,387,0
10539,390,390,0
10540,195,195,0
10541,164,164,0
10542,571,571,0
10543,164,163,1
10544,138,138,0
10545,76,76,0
10546,68,66,2
10547,155,153,2
10548,160,159,1
10549,507,506,1
10550,122,121,1
10551,126,126,0
10552,105,105,0
10553,321,319,2
10554,133,133,0
10555,140,139,1
10556,144,144,0
10557,128,126,2
10558,500,497,3
10559,328,322,6
10560,259,258,1
10561,915,911,4
10562,107,107,0
10563,141,141,0
10564,153,153,0
10565,134,134,0
10566,127,126,1
10567,155,155,0
10568,138,138,0
10569,274,270,4
10570,146,146,0
10571,121,121,0
10572,159,157,2
10573,139,139,0
10574,144,142,2
10575,141,140,1
10576,224,223,1
10577,143,143,0
10578,56,56,0
10579,175,174,1
10580,112,112,0
10581,45,45,0
10582,340,340,0
10583,988,979,9
10584,320,317,3
10585,81,80,1
10586,68,68,0
10587,354,353,1
10588,62,62,0
10589,147,147,0
10590,178,176,2
10591,203,203,0
10592,263,263,0
10593,144,143,1
10594,431,427,4
10595,59,59,0
10596,148,148,0
10597,203,201,2
10598,270,270,0
10599,481,481,0
10600,114,114,0
10601,159,158,1
10602,213,208,5
10603,120,119,1
10604,167,167,0
10605,264,263,1
10606,325,323,2
10607,236,234,2
10608,300,297,3
10609,230,229,1
10610,154,154,0
10611,29,29,0
10612,40,40,0
10613,52,52,0
10614,74,73,1
10615,64,64,0
10616,147,147,0
10617,192,192,0
10618,124,124,0
10619,126,125,1
10620,124,124,0
10621,131,131,0
10622,288,288,0
10623,239,237,2
10624,124,124,0
10625,233,232,1
10626,123,123,0
10627,53,53,0
10628,181,176,5
10629,153,153,0
10630,128,127,1
10631,94,92,2
10632,273,273,0
10633,154,154,0
10634,109,106,3
10635,235,233,2
10636,221,221,0
10637,42,42,0
10638,73,73,0
10639,496,489,7
10640,228,226,2
10641,190,190,0
10642,100,98,2
10643,230,230,0
10644,239,236,3
10645,60,59,1
10646,52,52,0
10647,116,115,1
10648,102,101,1
10649,329,324,5
10650,253,253,0
10651,149,149,0
10652,178,178,0
10653,93,91,2
10654,385,384,1
10655,363,363,0
10656,138,137,1
10657,123,123,0
10658,97,97,0
10659,302,302,0
10660,131,130,1
10661,79,79,0
10662,160,160,0
10663,116,116,0
10664,192,190,2
10665,133,133,0
10666,179,177,2
10667,370,368,2
10668,111,111,0
10669,159,159,0
10670,92,92,0
10671,135,135,0
10672,237,237,0
10673,78,78,0
10674,937,924,13
10675,149,149,0
10676,435,435,0
10677,148,148,0
10678,460,460,0
10679,149,149,0
10680,343,334,9
10681,175,171,4
10682,224,223,1
10683,470,466,4
10684,162,162,0
10685,258,256,2
10686,99,99,0
10687,574,573,1
10688,33,33,0
10689,50,49,1
10690,147,145,2
10691,379,375,4
10692,123,123,0
10693,234,230,4
10694,379,379,0
10695,367,367,0
10696,296,296,0
10697,182,182,0
10698,297,292,5
10699,611,610,1
10700,433,430,3
10701,121,120,1
10702,400,400,0
10703,146,146,0
10704,480,478,2
10705,143,143,0
10706,464,463,1
10707,575,571,4
10708,179,178,1
10709,872,869,3
10710,805,803,2
10711,128,125,3
10712,132,132,0
10713,138,138,0
10714,193,192,1
10715,312,312,0
10716,1002,1002,0
10717,631,630,1
10718,91,91,0
10719,133,133,0
10720,242,240,2
10721,84,84,0
10722,163,163,0
10723,69,68,1
10724,181,181,0
10725,69,69,0
10726,150,150,0
10727,304,304,0
10728,104,104,0
10729,213,213,0
10730,97,97,0
10731,181,181,0
10732,258,258,0
10733,442,438,4
10734,378,377,1
10735,358,357,1
10736,104,104,0
10737,178,177,1
10738,167,167,0
10739,253,253,0
10740,142,142,0
10741,186,181,5
10742,112,111,1
10743,191,191,0
10744,145,144,1
10745,367,363,4
10746,144,139,5
10747,41,41,0
10748,431,431,0
10749,222,221,1
10750,153,153,0
10751,186,186,0
10752,633,633,0
10753,636,633,3
10754,424,417,7
10755,148,148,0
10756,485,484,1
10757,530,530,0
10758,47,47,0
10759,110,110,0
10760,103,103,0
10761,91,91,0
10762,381,379,2
10763,346,346,0
10764,133,133,0
10765,539,539,0
10766,172,171,1
10767,373,373,0
10768,270,269,1
10769,413,413,0
10770,314,314,0
10771,129,129,0
10772,184,183,1
10773,104,104,0
10774,391,388,3
10775,118,118,0
10776,142,142,0
10777,154,154,0
10778,153,152,1
10779,231,231,0
10780,263,262,1
10781,117,117,0
10782,162,162,0
10783,284,282,2
10784,482,482,0
10785,172,172,0
10786,285,285,0
10787,276,276,0
10788,108,108,0
10789,182,181,1
10790,184,181,3
10791,149,149,0
10792,362,361,1
10793,138,138,0
10794,124,123,1
10795,135,134,1
10796,374,370,4
10797,453,449,4
10798,151,148,3
10799,515,513,2
10800,189,189,0
10801,159,159,0
10802,641,641,0
10803,155,148,7
10804,796,796,0
10805,271,269,2
10806,254,254,0
10807,482,481,1
10808,122,122,0
10809,210,209,1
10810,296,293,3
10811,158,158,0
10812,248,248,0
10813,137,137,0
10814,355,354,1
10815,255,253,2
10816,484,484,0
10817,198,198,0
10818,194,194,0
10819,592,590,2
10820,261,259,2
10821,386,385,1
10822,346,345,1
10823,504,503,1
10824,486,485,1
10825,152,152,0
10826,166,165,1
10827,123,123,0
10828,183,182,1
10829,347,347,0
10830,247,247,0
10831,502,499,3
10832,126,126,0
10833,113,113,0
10834,221,221,0
10835,583,583,0
10836,369,364,5
10837,251,249,2
10838,238,238,0
10839,131,131,0
10840,98,98,0
10841,511,510,1
10842,323,323,0
10843,134,134,0
10844,878,877,1
10845,115,114,1
10846,179,178,1
10847,498,494,4
10848,378,376,2
10849,300,298,2
10850,118,118,0
10851,149,148,1
10852,1006,1006,0
10853,1001,1001,0
10854,76,76,0
10855,641,639,2
10856,710,710,0
10857,995,993,2
10858,225,225,0
10859,270,270,0
10860,295,295,0
10861,250,250,0
10862,477,473,4
10863,342,339,3
10864,716,714,2
10865,144,144,0
10866,199,197,2
10867,60,58,2
10868,79,79,0
10869,337,336,1
10870,283,283,0
10871,84,84,0
10872,158,158,0
10873,275,275,0
10874,147,147,0
10875,315,315,0
10876,172,172,0
10877,276,275,1
10878,134,134,0
10879,133,133,0
10880,87,87,0
10881,56,56,0
10882,123,121,2
10883,139,138,1
10884,151,151,0
10885,210,207,3
10886,184,180,4
10887,122,122,0
10888,212,212,0
10889,146,146,0
10890,147,147,0
10891,156,156,0
10892,374,373,1
10893,559,555,4
10894,141,141,0
10895,251,251,0
10896,147,143,4
10897,239,238,1
10898,188,188,0
10899,209,209,0
10900,141,141,0
10901,126,126,0
10902,202,200,2
10903,214,213,1
10904,30,30,0
10905,77,77,0
10906,307,306,1
10907,146,146,0
10908,164,163,1
10909,157,157,0
10910,77,77,0
10911,88,86,2
10912,177,177,0
10913,145,145,0
10914,134,134,0
10915,572,571,1
10916,139,139,0
10917,230,230,0
10918,159,159,0
10919,159,159,0
10920,165,165,0
10921,385,378,7
10922,139,139,0
10923,700,694,6
10924,122,113,9
10925,104,104,0
10926,609,609,0
10927,119,119,0
10928,177,176,1
10929,334,334,0
10930,308,308,0
10931,155,154,1
10932,73,73,0
10933,208,208,0
10934,375,374,1
10935,248,246,2
10936,99,99,0
10937,224,223,1
10938,449,446,3
10939,216,216,0
10940,281,278,3
10941,137,137,0
10942,181,178,3
10943,161,160,1
10944,880,870,10
10945,298,298,0
10946,91,91,0
10947,116,116,0
10948,72,70,2
10949,147,147,0
10950,590,574,16
10951,193,191,2
10952,454,452,2
10953,237,237,0
10954,131,131,0
10955,205,205,0
10956,95,94,1
10957,174,174,0
10958,302,302,0
10959,423,415,8
10960,184,184,0
10961,119,119,0
10962,130,129,1
10963,378,373,5
10964,215,213,2
10965,165,165,0
10966,94,94,0
10967,109,109,0
10968,135,134,1
10969,58,58,0
10970,66,66,0
10971,137,136,1
10972,371,367,4
10973,211,211,0
10974,170,170,0
10975,137,137,0
10976,133,133,0
10977,139,139,0
10978,110,109,1
10979,208,208,0
10980,199,199,0
10981,381,381,0
10982,321,321,0
10983,123,123,0
10984,138,138,0
10985,504,501,3
10986,350,348,2
10987,273,273,0
10988,561,560,1
10989,984,982,2
10990,543,543,0
10991,346,346,0
10992,258,258,0
10993,337,336,1
10994,1015,1012,3
10995,2297,2290,7
10996,939,936,3
10997,160,158,2
10998,119,118,1
10999,145,145,0
11000,139,138,1
11001,155,154,1
11002,148,148,0
11003,220,219,1
11004,351,351,0
11005,95,94,1
11006,1002,1002,0
11007,708,707,1
11008,211,209,2
11009,240,240,0
11010,124,124,0
11011,224,224,0
11012,251,251,0
11013,229,229,0
11014,132,132,0
11015,922,922,0
11016,946,935,11
11017,190,189,1
11018,327,327,0
11019,411,409,2
11020,299,296,3
11021,140,139,1
11022,175,174,1
11023,136,136,0
11024,148,148,0
11025,333,332,1
11026,189,188,1
11027,185,185,0
11028,241,240,1
11029,259,256,3
11030,186,186,0
11031,45,45,0
11032,136,135,1
11033,116,111,5
11034,55,54,1
11035,130,130,0
11036,196,192,4
11037,155,154,1
11038,173,171,2
11039,303,299,4
11040,202,200,2
11041,268,266,2
11042,281,281,0
11043,110,109,1
11044,192,191,1
11045,115,115,0
11046,147,147,0
11047,128,128,0
11048,126,126,0
11049,171,171,0
11050,196,195,1
11051,337,337,0
11052,185,185,0
11053,163,163,0
11054,143,141,2
11055,21,21,0
11056,353,350,3
11057,355,351,4
11058,147,145,2
11059,213,213,0
11060,57,57,0
11061,229,229,0
11062,342,341,1
11063,120,120,0
11064,286,284,2
11065,293,292,1
11066,112,111,1
11067,264,264,0
11068,125,123,2
11069,162,162,0
11070,161,160,1
11071,386,385,1
11072,348,348,0
11073,124,123,1
11074,157,157,0
11075,125,123,2
11076,184,182,2
11077,156,154,2
11078,332,330,2
11079,258,257,1
11080,170,170,0
11081,56,56,0
11082,172,172,0
11083,955,952,3
11084,136,136,0
11085,255,251,4
11086,178,177,1
11087,457,451,6
11088,212,211,1
11089,119,119,0
11090,215,215,0
11091,242,242,0
11092,328,328,0
11093,122,122,0
11094,182,182,0
11095,101,101,0
11096,419,416,3
11097,172,172,0
11098,358,352,6
11099,356,355,1
11100,612,611,1
11101,167,166,1
11102,94,93,1
11103,131,131,0
11104,452,451,1
11105,228,227,1
11106,113,113,0
11107,70,70,0
11108,115,115,0
11109,280,279,1
11110,284,283,1
11111,380,380,0
11112,54,54,0
11113,22,22,0
11114,398,396,2
11115,135,135,0
11116,232,231,1
11117,111,111,0
11118,123,122,1
11119,111,109,2
11120,101,99,2
11121,312,311,1
11122,117,114,3
11123,94,92,2
11124,220,220,0
11125,757,750,7
11126,371,371,0
11127,248,248,0
11128,395,395,0
11129,144,144,0
11130,214,212,2
11131,158,158,0
11132,240,240,0
11133,333,333,0
11134,208,208,0
11135,218,218,0
11136,258,258,0
11137,115,115,0
11138,296,296,0
11139,377,374,3
11140,521,521,0
11141,222,221,1
11142,150,148,2
11143,94,94,0
11144,122,122,0
11145,558,557,1
11146,108,108,0
11147,110,110,0
11148,168,164,4
11149,219,219,0
11150,143,143,0
11151,533,530,3
11152,498,495,3
11153,242,231,11
11154,451,450,1
11155,77,76,1
11156,89,86,3
11157,253,252,1
11158,189,189,0
11159,156,156,0
11160,228,227,1
11161,135,134,1
11162,120,119,1
11163,109,109,0
11164,121,114,7
11165,179,179,0
11166,26,26,0
11167,50,50,0
11168,46,46,0
11169,63,63,0
11170,47,47,0
11171,45,45,0
11172,227,227,0
11173,92,92,0
11174,452,450,2
11175,134,133,1
11176,623,608,15
11177,188,186,2
11178,592,590,2
11179,65,65,0
11180,138,138,0
11181,275,274,1
11182,202,201,1
11183,198,194,4
11184,111,111,0
11185,134,134,0
11186,160,159,1
11187,219,218,1
11188,203,202,1
11189,142,142,0
11190,137,136,1
11191,165,165,0
11192,124,124,0
11193,559,555,4
11194,312,312,0
11195,331,330,1
11196,116,115,1
11197,214,214,0
11198,561,547,14
11199,449,446,3
11200,203,203,0
11201,315,314,1
11202,192,192,0
11203,227,227,0
11204,385,384,1
11205,76,76,0
11206,42,42,0
11207,310,309,1
11208,154,154,0
11209,76,75,1
11210,220,219,1
11211,174,174,0
11212,151,151,0
11213,162,161,1
11214,607,604,3
11215,88,88,0
11216,217,217,0
11217,442,442,0
11218,707,707,0
11219,319,319,0
11220,107,107,0
11221,586,583,3
11222,107,107,0
11223,164,164,0
11224,733,731,2
11225,427,426,1
11226,936,933,3
11227,456,454,2
11228,303,298,5
11229,313,312,1
11230,232,231,1
11231,155,155,0
11232,400,400,0
11233,190,188,2
11234,353,353,0
11235,129,129,0
11236,403,403,0
11237,161,161,0
11238,842,839,3
11239,80,80,0
11240,151,151,0
11241,376,376,0
11242,214,214,0
11243,263,261,2
11244,306,304,2
11245,140,140,0
11246,147,147,0
11247,221,221,0
11248,96,95,1
11249,83,83,0
11250,58,58,0
11251,158,158,0
11252,131,131,0
11253,206,206,0
11254,145,145,0
11255,150,150,0
11256,78,78,0
11257,195,194,1
11258,253,251,2
11259,509,507,2
11260,209,209,0
11261,225,225,0
11262,495,495,0
11263,354,353,1
11264,491,489,2
11265,125,124,1
11266,204,204,0
11267,348,346,2
11268,347,347,0
11269,756,754,2
11270,107,107,0
11271,279,279,0
11272,112,111,1
11273,322,322,0
11274,493,493,0
11275,153,153,0
11276,50,50,0
11277,155,155,0
11278,234,233,1
11279,286,286,0
11280,132,132,0
11281,157,155,2
11282,114,113,1
11283,212,210,2
11284,203,202,1
11285,92,92,0
11286,164,162,2
11287,245,243,2
11288,159,153,6
11289,187,183,4
11290,156,156,0
11291,106,106,0
11292,158,158,0
11293,178,178,0
11294,342,342,0
11295,103,102,1
11296,92,91,1
11297,159,159,0
11298,288,286,2
11299,71,71,0
11300,121,119,2
11301,53,53,0
11302,81,80,1
11303,128,128,0
11304,542,540,2
11305,141,140,1
11306,405,403,2
11307,120,119,1
11308,309,309,0
11309,323,321,2
11310,651,643,8
11311,151,151,0
11312,191,191,0
11313,128,128,0
11314,119,117,2
11315,130,130,0
11316,138,136,2
11317,338,335,3
11318,126,126,0
11319,105,105,0
11320,278,277,1
11321,185,184,1
11322,112,112,0
11323,150,150,0
11324,159,159,0
11325,137,137,0
11326,146,146,0
11327,134,132,2
11328,139,138,1
11329,105,105,0
11330,99,98,1
11331,192,192,0
11332,114,114,0
11333,57,57,0
11334,44,44,0
11335,175,159,16
11336,112,112,0
11337,198,195,3
11338,84,84,0
11339,192,192,0
11340,107,107,0
11341,202,202,0
11342,133,133,0
11343,361,360,1
11344,156,156,0
11345,843,843,0
11346,150,149,1
11347,195,195,0
11348,121,120,1
11349,296,296,0
11350,287,287,0
11351,457,457,0
11352,398,397,1
11353,673,665,8
11354,129,129,0
11355,108,108,0
11356,155,155,0
11357,476,476,0
11358,241,240,1
11359,188,187,1
11360,439,439,0
11361,223,223,0
11362,761,760,1
11363,288,287,1
11364,138,138,0
11365,255,254,1
11366,770,764,6
11367,255,254,1
11368,224,223,1
11369,174,173,1
11370,236,235,1
11371,193,193,0
11372,117,117,0
11373,323,323,0
11374,718,718,0
11375,120,120,0
11376,212,212,0
11377,128,128,0
11378,163,163,0
11379,162,162,0
11380,144,144,0
11381,218,217,1
11382,124,124,0
11383,107,107,0
11384,619,618,1
11385,182,182,0
11386,254,253,1
11387,213,210,3
11388,210,208,2
11389,385,380,5
11390,694,693,1
11391,175,174,1
11392,338,338,0
11393,198,198,0
11394,978,978,0
11395,127,127,0
11396,125,124,1
11397,146,146,0
11398,220,218,2
11399,223,219,4
11400,134,134,0
11401,184,184,0
11402,197,197,0
11403,130,129,1
11404,151,150,1
11405,94,94,0
11406,139,139,0
11407,164,164,0
11408,75,75,0
11409,69,69,0
11410,56,56,0
11411,151,151,0
11412,102,99,3
11413,210,210,0
11414,50,50,0
11415,76,76,0
11416,230,230,0
11417,121,120,1
11418,173,173,0
11419,117,117,0
11420,168,166,2
11421,121,117,4
11422,363,363,0
11423,663,661,2
11424,92,92,0
11425,167,167,0
11426,178,177,1
11427,428,424,4
11428,99,99,0
11429,475,474,1
11430,117,116,1
11431,278,277,1
11432,176,176,0
11433,390,389,1
11434,177,176,1
11435,772,767,5
11436,144,143,1
11437,128,128,0
11438,135,135,0
11439,186,185,1
11440,273,272,1
11441,217,217,0
11442,104,104,0
11443,165,165,0
11444,259,259,0
11445,109,109,0
11446,60,59,1
11447,66,66,0
11448,123,121,2
11449,134,134,0
11450,178,177,1
11451,168,167,1
11452,165,165,0
11453,169,169,0
11454,56,56,0
11455,108,108,0
11456,261,261,0
11457,249,249,0
11458,521,519,2
11459,129,129,0
11460,248,248,0
11461,155,153,2
11462,163,163,0
11463,221,220,1
11464,218,218,0
11465,174,174,0
11466,235,235,0
11467,301,299,2
11468,273,272,1
11469,556,555,1
11470,220,218,2
11471,134,134,0
11472,151,150,1
11473,250,248,2
11474,134,134,0
11475,153,152,1
11476,303,299,4
11477,436,436,0
11478,203,200,3
11479,187,187,0
11480,121,121,0
11481,416,414,2
11482,137,137,0
11483,128,127,1
11484,97,97,0
11485,624,617,7
11486,213,213,0
11487,315,312,3
11488,182,181,1
11489,165,165,0
11490,844,843,1
11491,556,555,1
11492,149,149,0
11493,239,235,4
11494,122,121,1
11495,142,141,1
11496,239,239,0
11497,208,208,0
11498,59,59,0
11499,173,173,0
11500,184,183,1
11501,151,150,1
11502,177,176,1
11503,121,121,0
11504,389,389,0
11505,207,207,0
11506,174,174,0
11507,136,136,0
11508,147,147,0
11509,224,220,4
11510,117,117,0
11511,134,134,0
11512,146,146,0
11513,117,117,0
11514,265,265,0
11515,92,92,0
11516,154,154,0
11517,147,147,0
11518,230,230,0
11519,384,382,2
11520,157,157,0
11521,39,39,0
11522,129,128,1
11523,136,136,0
11524,444,443,1
11525,39,39,0
11526,215,212,3
11527,693,692,1
11528,444,441,3
11529,220,220,0
11530,161,160,1
11531,465,465,0
11532,97,96,1
11533,897,883,14
11534,105,105,0
11535,327,323,4
11536,303,301,2
11537,350,350,0
11538,420,418,2
11539,223,222,1
11540,171,170,1
11541,476,476,0
11542,532,528,4
11543,224,222,2
11544,151,150,1
11545,131,128,3
11546,205,203,2
11547,296,296,0
11548,203,203,0
11549,134,133,1
11550,149,149,0
11551,120,113,7
11552,13,13,0
11553,377,373,4
11554,96,96,0
11555,478,477,1
11556,401,400,1
11557,104,104,0
11558,138,136,2
11559,287,286,1
11560,145,144,1
11561,400,400,0
11562,142,142,0
11563,122,122,0
11564,186,186,0
11565,169,169,0
11566,282,278,4
11567,253,249,4
11568,281,281,0
11569,268,261,7
11570,182,181,1
11571,197,194,3
11572,237,237,0
11573,238,238,0
11574,179,178,1
11575,269,265,4
11576,176,176,0
11577,182,181,1
11578,391,390,1
11579,408,406,2
11580,458,457,1
11581,179,178,1
11582,194,193,1
11583,275,275,0
11584,575,575,0
11585,153,152,1
11586,198,197,1
11587,117,116,1
11588,375,375,0
11589,272,270,2
11590,84,84,0
11591,107,107,0
11592,331,331,0
11593,199,199,0
11594,149,149,0
11595,188,187,1
11596,199,199,0
11597,185,180,5
11598,69,65,4
11599,158,158,0
11600,124,123,1
11601,577,577,0
11602,170,168,2
11603,111,110,1
11604,160,160,0
11605,330,329,1
11606,117,117,0
11607,410,407,3
11608,135,135,0
11609,156,154,2
11610,130,127,3
11611,315,313,2
11612,137,136,1
11613,185,185,0
11614,132,130,2
11615,111,111,0
11616,222,222,0
11617,414,411,3
11618,131,131,0
11619,159,158,1
11620,133,133,0
11621,506,501,5
11622,160,159,1
11623,155,155,0
11624,77,77,0
11625,66,66,0
11626,96,94,2
11627,113,112,1
11628,105,105,0
11629,42,42,0
11630,213,210,3
11631,90,90,0
11632,293,291,2
11633,178,174,4
11634,127,127,0
11635,87,87,0
11636,256,255,1
11637,191,190,1
11638,155,148,7
11639,133,133,0
11640,84,83,1
11641,222,222,0
11642,312,309,3
11643,173,173,0
11644,713,712,1
11645,360,360,0
11646,852,844,8
11647,509,507,2
11648,195,193,2
11649,148,148,0
11650,323,321,2
11651,115,115,0
11652,164,164,0
11653,143,141,2
11654,142,139,3
11655,278,278,0
11656,153,153,0
11657,144,143,1
11658,215,214,1
11659,165,165,0
11660,98,97,1
11661,148,148,0
11662,120,120,0
11663,74,72,2
11664,114,113,1
11665,506,504,2
11666,109,109,0
11667,202,201,1
11668,93,93,0
11669,59,59,0
11670,105,105,0
11671,108,108,0
11672,211,211,0
11673,85,84,1
11674,131,131,0
11675,97,97,0
11676,463,455,8
11677,462,462,0
11678,132,132,0
11679,50,50,0
11680,281,280,1
11681,90,90,0
11682,181,180,1
11683,114,113,1
11684,145,145,0
11685,174,174,0
11686,149,149,0
11687,231,227,4
11688,169,166,3
11689,120,120,0
11690,221,220,1
11691,148,148,0
11692,207,205,2
11693,213,212,1
11694,159,159,0
11695,223,223,0
11696,227,227,0
11697,138,138,0
11698,906,904,2
11699,180,180,0
11700,203,202,1
11701,163,163,0
11702,225,222,3
11703,159,156,3
11704,149,149,0
11705,175,175,0
11706,148,148,0
11707,138,138,0
11708,153,152,1
11709,145,145,0
11710,132,132,0
11711,225,223,2
11712,128,125,3
11713,158,158,0
11714,247,247,0
11715,129,129,0
11716,143,143,0
11717,130,130,0
11718,119,116,3
11719,149,148,1
11720,108,107,1
11721,249,249,0
11722,41,41,0
11723,77,77,0
11724,267,267,0
11725,571,566,5
11726,969,966,3
11727,225,225,0
11728,491,489,2
11729,82,82,0
11730,306,304,2
11731,291,291,0
11732,487,487,0
11733,325,323,2
11734,142,142,0
11735,109,109,0
11736,123,123,0
11737,135,134,1
11738,278,278,0
11739,236,236,0
11740,178,178,0
11741,138,138,0
11742,221,218,3
11743,202,200,2
11744,65,64,1
11745,66,66,0
11746,124,124,0
11747,311,306,5
11748,220,220,0
11749,331,331,0
11750,118,118,0
11751,111,111,0
11752,52,52,0
11753,43,43,0
11754,310,310,0
11755,83,83,0
11756,522,521,1
11757,179,177,2
11758,189,189,0
11759,231,231,0
11760,308,307,1
11761,292,291,1
11762,279,279,0
11763,112,112,0
11764,213,213,0
11765,183,183,0
11766,150,150,0
11767,266,265,1
11768,135,135,0
11769,174,174,0
11770,117,117,0
11771,122,119,3
11772,141,141,0
11773,482,482,0
11774,447,441,6
11775,101,101,0
11776,268,267,1
11777,260,258,2
11778,872,865,7
11779,204,204,0
11780,246,244,2
11781,292,291,1
11782,501,501,0
11783,469,467,2
11784,116,116,0
11785,261,261,0
11786,206,206,0
11787,234,234,0
11788,553,552,1
11789,891,889,2
11790,118,118,0
11791,274,272,2
11792,588,587,1
11793,102,101,1
11794,392,392,0
11795,418,416,2
11796,893,892,1
11797,438,438,0
11798,296,295,1
11799,484,482,2
11800,799,799,0
11801,537,536,1
11802,427,425,2
11803,539,536,3
11804,118,118,0
11805,157,157,0
11806,913,909,4
11807,133,131,2
11808,412,409,3
11809,163,162,1
11810,356,356,0
11811,190,190,0
11812,326,317,9
11813,221,221,0
11814,283,282,1
11815,156,155,1
11816,342,342,0
11817,241,241,0
11818,290,290,0
11819,257,257,0
11820,975,966,9
11821,130,129,1
11822,138,138,0
11823,145,145,0
11824,545,544,1
11825,315,313,2
11826,239,238,1
11827,547,544,3
11828,239,239,0
11829,44,43,1
11830,46,46,0
11831,135,133,2
11832,57,57,0
11833,297,297,0
11834,462,456,6
11835,378,376,2
11836,60,60,0
11837,134,134,0
11838,203,203,0
11839,87,86,1
11840,129,129,0
11841,238,237,1
11842,104,104,0
11843,234,232,2
11844,110,110,0
11845,179,179,0
11846,263,262,1
11847,219,219,0
11848,376,371,5
11849,180,177,3
11850,64,64,0
11851,453,453,0
11852,135,135,0
11853,764,758,6
11854,78,77,1
11855,189,189,0
11856,199,199,0
11857,716,716,0
11858,250,250,0
11859,138,136,2
11860,217,217,0
11861,182,182,0
11862,204,202,2
11863,277,276,1
11864,885,882,3
11865,155,155,0
11866,250,249,1
11867,224,221,3
11868,391,386,5
11869,276,275,1
11870,302,301,1
11871,257,257,0
11872,303,302,1
11873,85,84,1
11874,590,585,5
11875,430,425,5
11876,225,225,0
11877,125,125,0
11878,110,110,0
11879,282,281,1
11880,450,448,2
11881,123,123,0
11882,177,177,0
11883,199,199,0
11884,125,125,0
11885,143,138,5
11886,130,130,0
11887,200,199,1
11888,145,145,0
11889,110,110,0
11890,125,125,0
11891,244,243,1
11892,142,142,0
11893,165,165,0
11894,328,326,2
11895,126,126,0
11896,162,161,1
11897,179,179,0
11898,209,209,0
11899,229,228,1
11900,288,280,8
11901,262,261,1
11902,145,143,2
11903,125,125,0
11904,177,177,0
11905,146,146,0
11906,124,124,0
11907,132,131,1
11908,138,138,0
11909,330,329,1
11910,722,721,1
11911,148,148,0
11912,330,328,2
11913,121,121,0
11914,412,411,1
11915,85,85,0
11916,193,193,0
11917,103,103,0
11918,362,361,1
11919,172,171,1
11920,435,435,0
11921,130,129,1
11922,85,85,0
11923,537,536,1
11924,47,47,0
11925,142,141,1
11926,353,351,2
11927,125,123,2
11928,219,217,2
11929,332,328,4
11930,134,134,0
11931,167,167,0
11932,128,126,2
11933,148,148,0
11934,240,240,0
11935,221,219,2
11936,440,438,2
11937,295,294,1
11938,186,185,1
11939,176,176,0
11940,208,208,0
11941,153,152,1
11942,162,160,2
11943,151,151,0
11944,604,602,2
11945,256,256,0
11946,410,408,2
11947,170,170,0
11948,131,130,1
11949,207,207,0
11950,124,124,0
11951,113,112,1
11952,861,848,13
11953,228,227,1
11954,174,170,4
11955,152,152,0
11956,187,183,4
11957,528,526,2
11958,150,148,2
11959,309,307,2
11960,298,297,1
11961,154,153,1
11962,122,122,0
11963,254,251,3
11964,221,221,0
11965,130,125,5
11966,188,188,0
11967,99,99,0
11968,149,148,1
11969,299,297,2
11970,213,211,2
11971,807,806,1
11972,143,143,0
11973,242,242,0
11974,81,81,0
11975,73,73,0
11976,262,252,10
11977,40,40,0
11978,214,213,1
11979,370,369,1
11980,211,211,0
11981,872,871,1
11982,79,79,0
11983,675,675,0
11984,167,167,0
11985,43,42,1
11986,324,320,4
11987,90,88,2
11988,225,224,1
11989,248,246,2
11990,250,249,1
11991,184,183,1
11992,311,311,0
11993,235,234,1
11994,223,223,0
11995,185,185,0
11996,149,147,2
11997,178,175,3
11998,360,356,4
11999,141,134,7
12000,128,128,0
12001,104,103,1
12002,81,81,0
12003,43,43,0
12004,94,94,0
12005,146,146,0
12006,70,69,1
12007,69,69,0
12008,111,110,1
12009,165,164,1
12010,97,97,0
12011,145,144,1
12012,65,64,1
12013,64,64,0
12014,249,248,1
12015,92,92,0
12016,157,157,0
12017,57,57,0
12018,164,162,2
12019,199,197,2
12020,116,110,6
12021,386,385,1
12022,401,396,5
12023,139,139,0
12024,117,117,0
12025,155,155,0
12026,261,260,1
12027,333,333,0
12028,155,155,0
12029,614,607,7
12030,308,308,0
12031,290,288,2
12032,207,206,1
12033,248,245,3
12034,123,122,1
12035,349,349,0
12036,190,190,0
12037,183,180,3
12038,195,195,0
12039,218,217,1
12040,167,164,3
12041,114,112,2
12042,74,74,0
12043,163,162,1
12044,49,48,1
12045,121,121,0
12046,118,118,0
12047,131,129,2
12048,83,82,1
12049,243,238,5
12050,77,77,0
12051,50,49,1
12052,111,109,2
12053,98,95,3
12054,96,96,0
12055,121,121,0
12056,144,144,0
12057,172,172,0
12058,183,183,0
12059,93,93,0
12060,116,113,3
12061,213,211,2
12062,146,146,0
12063,99,99,0
12064,155,155,0
12065,374,373,1
12066,105,105,0
12067,274,274,0
12068,182,182,0
12069,66,66,0
12070,343,341,2
12071,152,152,0
12072,168,168,0
12073,244,243,1
12074,481,481,0
12075,143,143,0
12076,113,112,1
12077,594,594,0
12078,650,648,2
12079,148,147,1
12080,175,174,1
12081,75,75,0
12082,143,143,0
12083,154,154,0
12084,293,293,0
12085,338,335,3
12086,186,184,2
12087,40,40,0
12088,63,63,0
12089,162,161,1
12090,158,158,0
12091,178,178,0
12092,144,143,1
12093,118,117,1
12094,147,147,0
12095,56,56,0
12096,323,321,2
12097,140,140,0
12098,53,53,0
12099,272,271,1
12100,147,145,2
12101,286,286,0
12102,175,175,0
12103,294,293,1
12104,136,135,1
12105,106,106,0
12106,196,196,0
12107,199,199,0
12108,117,116,1
12109,93,93,0
12110,365,363,2
12111,137,137,0
12112,221,220,1
12113,382,376,6
12114,454,450,4
12115,147,147,0
12116,171,171,0
12117,98,98,0
12118,62,62,0
12119,283,274,9
12120,158,158,0
12121,141,141,0
12122,135,135,0
12123,117,117,0
12124,50,50,0
12125,141,141,0
12126,97,95,2
12127,163,154,9
12128,308,305,3
12129,112,112,0
12130,241,240,1
12131,164,164,0
12132,131,131,0
12133,102,102,0
12134,171,170,1
12135,188,187,1
12136,81,81,0
12137,142,142,0
12138,526,525,1
12139,151,150,1
12140,181,177,4
12141,127,127,0
12142,238,238,0
12143,116,116,0
12144,141,141,0
12145,845,844,1
12146,250,246,4
12147,234,233,1
12148,130,129,1
12149,159,159,0
12150,153,153,0
12151,134,134,0
12152,134,134,0
12153,67,67,0
12154,555,552,3
12155,162,161,1
12156,215,215,0
12157,518,516,2
12158,269,268,1
12159,199,199,0
12160,273,272,1
12161,152,150,2
12162,126,125,1
12163,98,97,1
12164,163,163,0
12165,191,188,3
12166,113,112,1
12167,301,301,0
12168,213,213,0
12169,145,145,0
12170,112,112,0
12171,177,175,2
12172,146,146,0
12173,582,582,0
12174,105,105,0
12175,131,131,0
12176,236,235,1
12177,235,235,0
12178,141,141,0
12179,142,142,0
12180,363,362,1
12181,443,437,6
12182,368,365,3
12183,218,218,0
12184,130,129,1
12185,196,196,0
12186,132,132,0
12187,141,141,0
12188,344,344,0
12189,128,128,0
12190,264,261,3
12191,47,47,0
12192,297,295,2
12193,99,99,0
12194,163,159,4
12195,421,421,0
12196,409,408,1
12197,129,128,1
12198,144,144,0
12199,202,198,4
12200,92,92,0
12201,131,131,0
12202,158,158,0
12203,282,280,2
12204,163,162,1
12205,166,166,0
12206,223,223,0
12207,255,255,0
12208,522,519,3
12209,806,804,2
12210,176,173,3
12211,49,49,0
12212,92,92,0
12213,589,584,5
12214,541,534,7
12215,102,102,0
12216,119,119,0
12217,121,121,0
12218,112,112,0
12219,623,617,6
12220,171,171,0
12221,300,300,0
12222,129,129,0
12223,105,105,0
12224,108,107,1
12225,417,414,3
12226,377,374,3
12227,111,106,5
12228,180,180,0
12229,420,417,3
12230,161,160,1
12231,146,146,0
12232,128,128,0
12233,300,297,3
12234,118,117,1
12235,165,165,0
12236,157,156,1
12237,45,45,0
12238,168,167,1
12239,137,137,0
12240,45,45,0
12241,367,360,7
12242,239,239,0
12243,131,131,0
12244,247,247,0
12245,206,205,1
12246,158,157,1
12247,74,74,0
12248,166,166,0
12249,177,177,0
12250,458,455,3
12251,387,385,2
12252,81,81,0
12253,135,135,0
12254,153,153,0
12255,119,119,0
12256,365,363,2
12257,108,108,0
12258,159,159,0
12259,86,86,0
12260,244,244,0
12261,32,32,0
12262,69,68,1
12263,132,132,0
12264,69,69,0
12265,147,147,0
12266,83,83,0
12267,190,187,3
12268,120,120,0
12269,45,45,0
12270,103,102,1
12271,466,465,1
12272,76,76,0
12273,92,92,0
12274,88,87,1
12275,68,67,1
12276,328,328,0
12277,284,280,4
12278,232,231,1
12279,159,159,0
12280,167,167,0
12281,387,387,0
12282,144,144,0
12283,107,105,2
12284,155,154,1
12285,266,266,0
12286,213,213,0
12287,176,175,1
12288,151,150,1
12289,282,282,0
12290,137,137,0
12291,49,49,0
12292,189,187,2
12293,198,196,2
12294,167,160,7
12295,47,47,0
12296,189,184,5
12297,201,201,0
12298,420,418,2
12299,152,150,2
12300,541,541,0
12301,102,100,2
12302,400,400,0
12303,879,876,3
12304,189,189,0
12305,135,135,0
12306,100,99,1
12307,257,256,1
12308,155,155,0
12309,74,74,0
12310,137,137,0
12311,125,125,0
12312,313,313,0
12313,194,193,1
12314,287,287,0
12315,348,347,1
12316,152,152,0
12317,352,349,3
12318,127,127,0
12319,562,560,2
12320,156,155,1
12321,473,473,0
12322,972,970,2
12323,143,142,1
12324,124,121,3
12325,359,358,1
12326,667,667,0
12327,207,206,1
12328,140,140,0
12329,474,472,2
12330,222,217,5
12331,41,41,0
12332,180,180,0
12333,281,280,1
12334,201,200,1
12335,796,794,2
12336,220,219,1
12337,64,63,1
12338,99,99,0
12339,985,984,1
12340,54,54,0
12341,144,144,0
12342,146,146,0
12343,426,421,5
12344,171,168,3
12345,405,405,0
12346,456,455,1
12347,107,106,1
12348,359,356,3
12349,493,493,0
12350,127,127,0
12351,152,152,0
12352,88,88,0
12353,99,99,0
12354,117,117,0
12355,102,102,0
12356,58,58,0
12357,85,85,0
12358,528,528,0
12359,159,159,0
12360,133,133,0
12361,228,228,0
12362,47,47,0
12363,124,123,1
12364,57,57,0
12365,122,122,0
12366,125,123,2
12367,126,125,1
12368,136,135,1
12369,111,111,0
12370,131,129,2
12371,232,232,0
12372,239,239,0
12373,134,132,2
12374,190,190,0
12375,212,211,1
12376,117,116,1
12377,417,414,3
12378,117,117,0
12379,172,172,0
12380,162,161,1
12381,150,150,0
12382,240,240,0
12383,175,175,0
12384,123,123,0
12385,128,127,1
12386,234,234,0
12387,43,42,1
12388,123,122,1
12389,143,142,1
12390,137,136,1
12391,299,299,0
12392,130,130,0
12393,148,148,0
12394,327,325,2
12395,259,259,0
12396,398,398,0
12397,300,300,0
12398,383,381,2
12399,194,191,3
12400,386,386,0
12401,131,131,0
12402,202,202,0
12403,499,495,4
12404,174,174,0
12405,134,134,0
12406,683,680,3
12407,388,386,2
12408,813,810,3
12409,226,223,3
12410,458,458,0
12411,129,127,2
12412,115,115,0
12413,532,530,2
12414,575,575,0
12415,285,285,0
12416,109,109,0
12417,230,230,0
12418,368,367,1
12419,236,236,0
12420,241,241,0
12421,436,434,2
12422,371,369,2
12423,273,273,0
12424,271,268,3
12425,488,487,1
12426,569,568,1
12427,203,203,0
12428,218,218,0
12429,782,782,0
12430,413,412,1
12431,226,224,2
12432,388,388,0
12433,66,66,0
12434,764,764,0
12435,220,220,0
12436,721,718,3
12437,243,242,1
12438,123,123,0
12439,117,116,1
12440,355,355,0
12441,282,279,3
12442,360,357,3
12443,121,121,0
12444,94,94,0
12445,467,466,1
12446,222,219,3
12447,135,135,0
12448,320,318,2
12449,352,340,12
12450,275,272,3
12451,343,343,0
12452,997,994,3
12453,253,253,0
12454,321,320,1
12455,130,130,0
12456,169,168,1
12457,348,343,5
12458,1163,1163,0
12459,473,472,1
12460,161,161,0
12461,810,807,3
12462,131,130,1
12463,215,213,2
12464,167,167,0
12465,308,308,0
12466,112,112,0
12467,547,545,2
12468,372,369,3
12469,1188,1184,4
12470,142,142,0
12471,140,139,1
12472,148,148,0
12473,208,207,1
12474,182,182,0
12475,820,813,7
12476,238,237,1
12477,173,172,1
12478,182,182,0
12479,123,123,0
12480,231,231,0
12481,350,349,1
12482,187,187,0
12483,495,490,5
12484,164,163,1
12485,132,130,2
12486,125,124,1
12487,136,133,3
12488,481,480,1
12489,183,183,0
12490,129,128,1
12491,151,150,1
12492,387,386,1
12493,163,163,0
12494,480,479,1
12495,121,120,1
12496,115,115,0
12497,699,697,2
12498,162,162,0
12499,218,218,0
12500,171,171,0
12501,241,241,0
12502,224,223,1
12503,319,318,1
12504,237,236,1
12505,118,118,0
12506,163,163,0
12507,144,143,1
12508,129,128,1
12509,167,166,1
12510,112,111,1
12511,339,339,0
12512,254,253,1
12513,112,112,0
12514,192,190,2
12515,210,210,0
12516,151,151,0
12517,199,197,2
12518,354,341,13
12519,83,83,0
12520,69,68,1
12521,184,184,0
12522,566,564,2
12523,345,320,25
12524,266,265,1
12525,237,235,2
12526,193,192,1
12527,707,700,7
12528,468,466,2
12529,270,267,3
12530,140,140,0
12531,157,157,0
12532,366,365,1
12533,230,229,1
12534,338,337,1
12535,257,257,0
12536,304,304,0
12537,128,128,0
12538,355,354,1
12539,215,214,1
12540,128,128,0
12541,116,116,0
12542,194,193,1
12543,472,472,0
12544,235,233,2
12545,122,122,0
12546,872,872,0
12547,116,116,0
12548,248,248,0
12549,136,136,0
12550,134,134,0
12551,271,270,1
12552,263,262,1
12553,55,54,1
12554,125,124,1
12555,123,121,2
12556,618,615,3
12557,32,32,0
12558,295,294,1
12559,205,205,0
12560,121,121,0
12561,106,106,0
12562,154,153,1
12563,144,143,1
12564,387,384,3
12565,218,218,0
12566,99,99,0
12567,146,146,0
12568,99,99,0
12569,153,153,0
12570,73,73,0
12571,51,51,0
12572,296,296,0
12573,32,32,0
12574,790,783,7
12575,182,180,2
12576,197,197,0
12577,165,165,0
12578,159,159,0
12579,164,163,1
12580,82,82,0
12581,111,110,1
12582,83,83,0
12583,240,238,2
12584,207,206,1
12585,260,260,0
12586,98,98,0
12587,82,81,1
12588,196,196,0
12589,117,116,1
12590,104,104,0
12591,431,427,4
12592,131,130,1
12593,154,153,1
12594,440,437,3
12595,189,188,1
12596,160,160,0
12597,81,81,0
12598,42,42,0
12599,105,103,2
12600,114,114,0
12601,104,103,1
12602,263,263,0
12603,43,43,0
12604,137,137,0
12605,226,223,3
12606,117,116,1
12607,182,181,1
12608,124,123,1
12609,293,290,3
12610,317,317,0
12611,216,216,0
12612,160,160,0
12613,59,59,0
12614,344,344,0
12615,126,126,0
12616,152,151,1
12617,360,358,2
12618,162,162,0
12619,119,117,2
12620,212,211,1
12621,211,210,1
12622,411,410,1
12623,219,218,1
12624,416,412,4
12625,206,206,0
12626,178,178,0
12627,119,119,0
12628,258,256,2
12629,178,178,0
12630,162,160,2
12631,321,321,0
12632,107,107,0
12633,90,90,0
12634,308,305,3
12635,111,110,1
12636,166,166,0
12637,523,522,1
12638,492,488,4
12639,142,142,0
12640,154,154,0
12641,119,118,1
12642,190,190,0
12643,127,127,0
12644,171,171,0
12645,252,249,3
12646,184,184,0
12647,239,237,2
12648,870,867,3
12649,311,310,1
12650,251,249,2
12651,239,239,0
12652,307,304,3
12653,131,131,0
12654,119,116,3
12655,157,157,0
12656,157,157,0
12657,147,147,0
12658,161,161,0
12659,395,395,0
12660,138,138,0
12661,227,227,0
12662,128,127,1
12663,472,468,4
12664,61,61,0
12665,195,195,0
12666,252,251,1
12667,104,104,0
12668,128,128,0
12669,189,189,0
12670,241,241,0
12671,192,190,2
12672,462,462,0
12673,132,132,0
12674,559,559,0
12675,319,314,5
12676,444,444,0
12677,426,423,3
12678,92,92,0
12679,62,62,0
12680,326,326,0
12681,584,584,0
12682,358,358,0
12683,224,222,2
12684,380,380,0
12685,99,98,1
12686,138,138,0
12687,116,113,3
12688,38,38,0
12689,150,148,2
12690,316,315,1
12691,161,161,0
12692,107,106,1
12693,166,166,0
12694,149,149,0
12695,96,96,0
12696,459,459,0
12697,191,191,0
12698,784,781,3
12699,82,76,6
12700,157,156,1
12701,152,152,0
12702,366,366,0
12703,642,641,1
12704,407,406,1
12705,196,196,0
12706,106,106,0
12707,159,158,1
12708,200,199,1
12709,152,152,0
12710,679,678,1
12711,163,163,0
12712,242,241,1
12713,158,157,1
12714,172,172,0
12715,134,134,0
12716,267,267,0
12717,106,106,0
12718,237,237,0
12719,141,141,0
12720,153,153,0
12721,68,68,0
12722,230,230,0
12723,172,170,2
12724,111,110,1
12725,145,142,3
12726,60,60,0
12727,65,64,1
12728,166,165,1
12729,83,83,0
12730,322,318,4
12731,110,110,0
12732,169,168,1
12733,89,89,0
12734,58,58,0
12735,143,142,1
12736,153,152,1
12737,278,277,1
12738,154,153,1
12739,441,439,2
12740,167,167,0
12741,783,780,3
12742,135,134,1
12743,61,61,0
12744,185,184,1
12745,844,840,4
12746,165,163,2
12747,136,133,3
12748,210,209,1
12749,354,354,0
12750,117,114,3
12751,94,94,0
12752,201,200,1
12753,126,126,0
12754,105,103,2
12755,119,117,2
12756,127,126,1
12757,254,252,2
12758,239,239,0
12759,194,193,1
12760,350,350,0
12761,138,138,0
12762,182,182,0
12763,278,277,1
12764,390,388,2
12765,135,134,1
12766,124,123,1
12767,141,140,1
12768,413,412,1
12769,221,221,0
12770,500,498,2
12771,238,238,0
12772,104,102,2
12773,478,475,3
12774,293,290,3
12775,106,106,0
12776,213,213,0
12777,368,367,1
12778,49,49,0
12779,208,205,3
12780,98,98,0
12781,248,248,0
12782,401,398,3
12783,109,109,0
12784,48,48,0
12785,152,151,1
12786,60,60,0
12787,154,154,0
12788,471,471,0
12789,100,99,1
12790,151,151,0
12791,541,540,1
12792,129,129,0
12793,117,117,0
12794,268,267,1
12795,220,219,1
12796,426,425,1
12797,193,193,0
12798,96,96,0
12799,136,134,2
12800,108,108,0
12801,144,143,1
12802,294,294,0
12803,114,114,0
12804,159,159,0
12805,138,138,0
12806,124,123,1
12807,203,203,0
12808,452,449,3
12809,65,65,0
12810,74,74,0
12811,604,603,1
12812,141,139,2
12813,123,123,0
12814,177,176,1
12815,413,412,1
12816,254,254,0
12817,130,130,0
12818,143,143,0
12819,101,100,1
12820,212,212,0
12821,406,405,1
12822,575,575,0
12823,309,309,0
12824,999,997,2
12825,162,162,0
12826,359,358,1
12827,390,384,6
12828,131,129,2
12829,364,364,0
12830,247,247,0
12831,138,137,1
12832,135,130,5
12833,208,208,0
12834,126,126,0
12835,303,299,4
12836,459,458,1
12837,272,270,2
12838,162,161,1
12839,141,141,0
12840,336,334,2
12841,308,308,0
12842,141,141,0
12843,144,143,1
12844,146,146,0
12845,206,206,0
12846,122,122,0
12847,81,80,1
12848,52,52,0
12849,254,254,0
12850,98,98,0
12851,123,122,1
12852,109,109,0
12853,213,213,0
12854,646,646,0
12855,411,406,5
12856,179,179,0
12857,214,213,1
12858,379,379,0
12859,152,151,1
12860,835,832,3
12861,113,113,0
12862,135,135,0
12863,164,164,0
12864,69,69,0
12865,120,120,0
12866,339,337,2
12867,162,162,0
12868,368,368,0
12869,185,185,0
12870,86,86,0
12871,159,159,0
12872,174,174,0
12873,172,172,0
12874,192,191,1
12875,219,215,4
12876,126,125,1
12877,179,179,0
12878,152,152,0
12879,136,136,0
12880,178,177,1
12881,683,681,2
12882,114,114,0
12883,111,111,0
12884,262,262,0
12885,239,238,1
12886,176,174,2
12887,134,134,0
12888,98,98,0
12889,123,123,0
12890,235,235,0
12891,146,146,0
12892,327,327,0
12893,249,247,2
12894,141,141,0
12895,334,334,0
12896,377,377,0
12897,144,144,0
12898,145,145,0
12899,742,740,2
12900,121,121,0
12901,150,150,0
12902,113,113,0
12903,147,146,1
12904,135,135,0
12905,148,148,0
12906,162,161,1
12907,211,211,0
12908,424,421,3
12909,229,226,3
12910,355,355,0
12911,124,122,2
12912,468,460,8
12913,195,195,0
12914,257,257,0
12915,136,135,1
12916,121,120,1
12917,298,297,1
12918,44,44,0
12919,656,648,8
12920,117,116,1
12921,170,170,0
12922,483,478,5
12923,309,308,1
12924,131,131,0
12925,203,203,0
12926,197,197,0
12927,110,110,0
12928,763,761,2
12929,123,123,0
12930,181,181,0
12931,188,188,0
12932,50,50,0
12933,182,182,0
12934,517,515,2
12935,378,376,2
12936,172,172,0
12937,148,148,0
12938,267,267,0
12939,247,243,4
12940,131,131,0
12941,164,160,4
12942,162,162,0
12943,46,46,0
12944,256,254,2
12945,182,182,0
12946,186,185,1
12947,118,118,0
12948,485,483,2
12949,64,64,0
12950,173,172,1
12951,169,169,0
12952,250,248,2
12953,226,225,1
12954,126,126,0
12955,668,662,6
12956,126,126,0
12957,415,413,2
12958,54,54,0
12959,158,158,0
12960,116,115,1
12961,155,155,0
12962,401,401,0
12963,632,629,3
12964,209,209,0
12965,316,316,0
12966,336,334,2
12967,63,63,0
12968,260,257,3
12969,766,762,4
12970,378,376,2
12971,73,73,0
12972,71,71,0
12973,137,135,2
12974,163,163,0
12975,154,153,1
12976,130,130,0
12977,114,114,0
12978,568,568,0
12979,106,105,1
12980,123,123,0
12981,141,140,1
12982,198,198,0
12983,160,160,0
12984,122,121,1
12985,88,87,1
12986,61,61,0
12987,139,139,0
12988,120,120,0
12989,114,114,0
12990,115,115,0
12991,178,176,2
12992,46,45,1
12993,117,117,0
12994,150,150,0
12995,349,349,0
12996,374,374,0
12997,328,326,2
12998,317,317,0
12999,257,257,0
13000,157,157,0
13001,151,151,0
13002,265,265,0
13003,104,104,0
13004,127,125,2
13005,158,158,0
13006,128,128,0
13007,132,131,1
13008,187,187,0
13009,150,149,1
13010,267,267,0
13011,141,141,0
13012,146,146,0
13013,500,496,4
13014,110,110,0
13015,201,201,0
13016,168,168,0
13017,269,269,0
13018,322,322,0
13019,176,174,2
13020,140,140,0
13021,158,158,0
13022,911,910,1
13023,304,304,0
13024,251,248,3
13025,161,161,0
13026,349,349,0
13027,139,138,1
13028,318,314,4
13029,163,161,2
13030,430,430,0
13031,336,335,1
13032,121,121,0
13033,437,434,3
13034,175,175,0
13035,200,199,1
13036,181,180,1
13037,278,278,0
13038,183,182,1
13039,148,148,0
13040,208,208,0
13041,214,212,2
13042,310,309,1
13043,169,169,0
13044,91,91,0
13045,117,116,1
13046,137,137,0
13047,143,143,0
13048,193,193,0
13049,247,246,1
13050,163,161,2
13051,315,314,1
13052,131,131,0
13053,123,123,0
13054,596,596,0
13055,358,358,0
13056,323,323,0
13057,294,294,0
13058,197,197,0
13059,238,238,0
13060,118,118,0
13061,154,154,0
13062,162,161,1
13063,158,158,0
13064,200,199,1
13065,164,164,0
13066,358,358,0
13067,471,471,0
13068,161,161,0
13069,168,168,0
13070,205,205,0
13071,315,312,3
13072,131,131,0
13073,215,215,0
13074,236,235,1
13075,502,502,0
13076,202,202,0
13077,73,72,1
13078,111,111,0
13079,148,148,0
13080,91,91,0
13081,172,172,0
13082,89,89,0
13083,163,163,0
13084,109,109,0
13085,197,197,0
13086,222,222,0
13087,181,181,0
13088,450,447,3
13089,148,148,0
13090,288,287,1
13091,77,77,0
13092,92,92,0
13093,165,165,0
13094,197,190,7
13095,44,44,0
13096,234,232,2
13097,465,465,0
13098,170,169,1
13099,418,418,0
13100,307,303,4
13101,906,903,3
13102,486,486,0
13103,225,225,0
13104,304,302,2
13105,106,105,1
13106,57,57,0
13107,134,132,2
13108,273,273,0
13109,746,735,11
13110,130,129,1
13111,63,63,0
13112,122,121,1
13113,158,158,0
13114,201,201,0
13115,169,169,0
13116,324,323,1
13117,207,207,0
13118,176,175,1
13119,457,455,2
13120,621,621,0
13121,191,181,10
13122,174,173,1
13123,341,341,0
13124,181,181,0
13125,165,165,0
13126,203,203,0
13127,663,656,7
13128,235,235,0
13129,108,106,2
13130,71,71,0
13131,182,182,0
13132,137,135,2
13133,172,172,0
13134,286,285,1
13135,136,136,0
13136,218,218,0
13137,266,265,1
13138,172,172,0
13139,127,127,0
13140,138,138,0
13141,423,423,0
13142,533,531,2
13143,153,153,0
13144,141,141,0
13145,139,139,0
13146,222,222,0
13147,615,614,1
13148,173,172,1
13149,310,310,0
13150,233,233,0
13151,84,84,0
13152,100,100,0
13153,142,142,0
13154,160,160,0
13155,59,59,0
13156,239,239,0
13157,243,242,1
13158,392,392,0
13159,172,172,0
13160,160,160,0
13161,217,216,1
13162,48,48,0
13163,78,77,1
13164,145,145,0
13165,141,140,1
13166,126,126,0
13167,133,133,0
13168,633,630,3
13169,35,35,0
13170,146,146,0
13171,141,140,1
13172,139,139,0
13173,159,159,0
13174,80,80,0
13175,66,66,0
13176,166,166,0
13177,172,172,0
13178,66,66,0
13179,169,169,0
13180,293,291,2
13181,270,270,0
13182,159,159,0
13183,224,222,2
13184,61,61,0
13185,122,121,1
13186,538,535,3
13187,541,537,4
13188,182,181,1
13189,135,135,0
13190,177,176,1
13191,132,132,0
13192,232,232,0
13193,190,190,0
13194,325,325,0
13195,369,366,3
13196,151,151,0
13197,168,168,0
13198,175,175,0
13199,130,129,1
13200,168,168,0
13201,111,111,0
13202,135,135,0
13203,134,134,0
13204,277,276,1
13205,117,117,0
13206,143,143,0
13207,251,250,1
13208,194,194,0
13209,126,126,0
13210,323,320,3
13211,558,557,1
13212,107,107,0
13213,209,209,0
13214,92,92,0
13215,576,576,0
13216,119,118,1
13217,325,325,0
13218,180,180,0
13219,315,315,0
13220,547,545,2
13221,306,304,2
13222,311,311,0
13223,392,388,4
13224,266,266,0
13225,255,253,2
13226,132,132,0
13227,149,148,1
13228,232,232,0
13229,211,211,0
13230,119,119,0
13231,447,447,0
13232,298,295,3
13233,454,447,7
13234,286,285,1
13235,214,214,0
13236,110,110,0
13237,166,157,9
13238,145,145,0
13239,157,157,0
13240,605,599,6
13241,188,187,1
13242,128,126,2
13243,201,201,0
13244,258,258,0
13245,173,172,1
13246,304,300,4
13247,249,247,2
13248,186,186,0
13249,63,62,1
13250,56,56,0
13251,59,59,0
13252,54,53,1
13253,524,523,1
13254,123,123,0
13255,647,641,6
13256,44,44,0
13257,131,131,0
13258,184,184,0
13259,102,101,1
13260,407,406,1
13261,127,127,0
13262,331,328,3
13263,51,51,0
13264,347,347,0
13265,717,716,1
13266,307,307,0
13267,213,211,2
13268,153,152,1
13269,790,721,69
13270,110,110,0
13271,139,139,0
13272,131,131,0
13273,140,140,0
13274,156,155,1
13275,110,109,1
13276,246,246,0
13277,446,444,2
13278,357,357,0
13279,71,71,0
13280,200,199,1
13281,106,105,1
13282,79,79,0
13283,162,162,0
13284,375,373,2
13285,354,352,2
13286,202,202,0
13287,275,275,0
13288,476,476,0
13289,103,103,0
13290,110,110,0
13291,248,247,1
13292,399,398,1
13293,131,130,1
13294,113,113,0
13295,207,206,1
13296,153,151,2
13297,153,153,0
13298,389,387,2
13299,222,222,0
13300,165,164,1
13301,328,328,0
13302,344,344,0
13303,174,174,0
13304,145,145,0
13305,136,136,0
13306,172,172,0
13307,295,295,0
13308,274,274,0
13309,359,359,0
13310,716,716,0
13311,165,158,7
13312,103,102,1
13313,189,187,2
13314,253,253,0
13315,190,190,0
13316,94,94,0
13317,344,343,1
13318,190,190,0
13319,111,110,1
13320,141,141,0
13321,357,357,0
13322,112,112,0
13323,362,361,1
13324,555,553,2
13325,190,189,1
13326,147,147,0
13327,217,215,2
13328,152,152,0
13329,126,126,0
13330,140,140,0
13331,272,269,3
13332,526,523,3
13333,130,130,0
13334,171,170,1
13335,158,158,0
13336,124,123,1
13337,116,115,1
13338,295,294,1
13339,314,314,0
13340,104,104,0
13341,283,282,1
13342,121,120,1
13343,130,130,0
13344,112,112,0
13345,152,152,0
13346,96,96,0
13347,167,167,0
13348,435,434,1
13349,309,309,0
13350,99,98,1
13351,109,107,2
13352,74,74,0
13353,448,447,1
13354,185,182,3
13355,139,138,1
13356,142,142,0
13357,149,140,9
13358,201,201,0
13359,262,262,0
13360,178,178,0
13361,235,231,4
13362,219,219,0
13363,423,423,0
13364,43,43,0
13365,445,444,1
13366,125,124,1
13367,184,183,1
13368,146,144,2
13369,43,43,0
13370,1017,1009,8
13371,126,125,1
13372,298,298,0
13373,141,133,8
13374,193,193,0
13375,292,289,3
13376,150,150,0
13377,144,144,0
13378,274,268,6
13379,147,147,0
13380,173,171,2
13381,116,114,2
13382,192,191,1
13383,227,226,1
13384,196,195,1
13385,132,132,0
13386,379,377,2
13387,740,740,0
13388,176,176,0
13389,99,99,0
13390,100,99,1
13391,131,131,0
13392,124,124,0
13393,459,459,0
13394,110,110,0
13395,197,197,0
13396,151,150,1
13397,48,48,0
13398,545,543,2
13399,324,322,2
13400,352,349,3
13401,135,134,1
13402,154,154,0
13403,111,110,1
13404,147,147,0
13405,749,748,1
13406,250,250,0
13407,127,126,1
13408,141,141,0
13409,150,150,0
13410,41,41,0
13411,353,352,1
13412,735,733,2
13413,692,690,2
13414,124,123,1
13415,472,472,0
13416,133,133,0
13417,683,682,1
13418,186,186,0
13419,105,105,0
13420,121,120,1
13421,221,220,1
13422,133,133,0
13423,165,164,1
13424,153,153,0
13425,118,118,0
13426,52,52,0
13427,162,161,1
13428,336,334,2
13429,86,86,0
13430,226,226,0
13431,116,116,0
13432,125,125,0
13433,171,171,0
13434,49,48,1
13435,215,215,0
13436,231,231,0
13437,142,141,1
13438,143,143,0
13439,104,104,0
13440,433,432,1
13441,102,101,1
13442,453,450,3
13443,84,84,0
13444,110,108,2
13445,470,459,11
13446,191,189,2
13447,159,158,1
13448,139,138,1
13449,208,208,0
13450,134,133,1
13451,143,142,1
13452,352,352,0
13453,137,136,1
13454,195,194,1
13455,139,138,1
13456,247,247,0
13457,126,125,1
13458,124,124,0
13459,148,147,1
13460,450,450,0
13461,240,240,0
13462,198,194,4
13463,178,177,1
13464,218,218,0
13465,115,115,0
13466,309,306,3
13467,389,389,0
13468,178,178,0
13469,157,157,0
13470,382,380,2
13471,177,177,0
13472,201,201,0
13473,569,569,0
13474,110,110,0
13475,307,307,0
13476,51,51,0
13477,105,103,2
13478,264,264,0
13479,174,174,0
13480,821,820,1
13481,189,188,1
13482,174,174,0
13483,245,244,1
13484,131,130,1
13485,268,267,1
13486,187,187,0
13487,333,329,4
13488,210,210,0
13489,122,122,0
13490,202,202,0
13491,441,439,2
13492,1018,1017,1
13493,146,146,0
13494,714,713,1
13495,229,227,2
13496,163,163,0
13497,360,358,2
13498,147,147,0
13499,219,219,0
13500,160,160,0
13501,482,481,1
13502,173,173,0
13503,166,166,0
13504,262,262,0
13505,151,150,1
13506,84,84,0
13507,132,132,0
13508,142,142,0
13509,174,173,1
13510,195,195,0
13511,147,147,0
13512,154,154,0
13513,531,527,4
13514,133,133,0
13515,187,183,4
13516,296,296,0
13517,480,476,4
13518,270,269,1
13519,689,688,1
13520,346,346,0
13521,191,189,2
13522,286,286,0
13523,112,111,1
13524,152,152,0
13525,289,288,1
13526,201,201,0
13527,138,137,1
13528,288,285,3
13529,155,154,1
13530,338,337,1
13531,175,175,0
13532,108,108,0
13533,190,190,0
13534,32,32,0
13535,117,117,0
13536,236,236,0
13537,68,67,1
13538,463,463,0
13539,150,150,0
13540,105,101,4
13541,268,265,3
13542,193,193,0
13543,66,66,0
13544,81,81,0
13545,653,653,0
13546,283,281,2
13547,102,101,1
13548,305,299,6
13549,284,282,2
13550,165,161,4
13551,91,91,0
13552,45,45,0
13553,174,173,1
13554,140,140,0
13555,441,437,4
13556,164,164,0
13557,214,214,0
13558,170,170,0
13559,300,299,1
13560,247,247,0
13561,143,141,2
13562,441,440,1
13563,217,216,1
13564,416,415,1
13565,89,89,0
13566,157,157,0
13567,341,341,0
13568,510,510,0
13569,188,187,1
13570,179,179,0
13571,127,127,0
13572,395,395,0
13573,241,241,0
13574,218,218,0
13575,294,293,1
13576,205,205,0
13577,292,291,1
13578,137,135,2
13579,99,99,0
13580,72,71,1
13581,177,176,1
13582,198,196,2
13583,48,47,1
13584,126,126,0
13585,165,164,1
13586,245,245,0
13587,135,135,0
13588,143,143,0
13589,35,34,1
13590,276,273,3
13591,109,108,1
13592,83,83,0
13593,153,153,0
13594,82,81,1
13595,73,71,2
13596,362,358,4
13597,155,155,0
13598,436,436,0
13599,136,135,1
13600,135,135,0
13601,208,207,1
13602,133,132,1
13603,119,116,3
13604,50,49,1
13605,60,60,0
13606,157,156,1
13607,71,71,0
13608,166,166,0
13609,228,228,0
13610,266,266,0
13611,1017,1016,1
13612,145,145,0
13613,137,137,0
13614,624,622,2
13615,190,190,0
13616,143,141,2
13617,126,126,0
13618,151,150,1
13619,245,244,1
13620,188,186,2
13621,114,111,3
13622,427,424,3
13623,103,103,0
13624,58,58,0
13625,245,243,2
13626,277,277,0
13627,432,428,4
13628,91,90,1
13629,56,56,0
13630,90,89,1
13631,112,112,0
13632,48,48,0
13633,352,351,1
13634,138,138,0
13635,412,409,3
13636,422,422,0
13637,255,255,0
13638,128,127,1
13639,446,446,0
13640,194,194,0
13641,129,129,0
13642,126,126,0
13643,119,119,0
13644,172,172,0
13645,120,120,0
13646,160,158,2
13647,145,133,12
13648,122,121,1
13649,158,151,7
13650,129,126,3
13651,702,695,7
13652,189,189,0
13653,752,752,0
13654,346,346,0
13655,345,345,0
13656,366,365,1
13657,160,155,5
13658,127,127,0
13659,656,655,1
13660,164,164,0
13661,152,152,0
13662,195,194,1
13663,193,193,0
13664,466,465,1
13665,463,462,1
13666,378,378,0
13667,495,495,0
13668,255,255,0
13669,251,249,2
13670,52,52,0
13671,182,182,0
13672,125,125,0
13673,429,428,1
13674,131,131,0
13675,186,186,0
13676,553,552,1
13677,155,155,0
13678,156,156,0
13679,135,134,1
13680,109,108,1
13681,167,167,0
13682,133,133,0
13683,292,292,0
13684,357,357,0
13685,363,362,1
13686,123,123,0
13687,300,300,0
13688,183,183,0
13689,599,597,2
13690,118,118,0
13691,156,156,0
13692,168,168,0
13693,256,256,0
13694,134,134,0
13695,295,295,0
13696,272,272,0
13697,959,958,1
13698,330,329,1
13699,201,199,2
13700,223,223,0
13701,291,291,0
13702,272,272,0
13703,195,195,0
13704,263,262,1
13705,119,119,0
13706,464,463,1
13707,131,130,1
13708,146,146,0
13709,441,441,0
13710,410,409,1
13711,733,731,2
13712,31,31,0
13713,143,143,0
13714,62,62,0
13715,54,54,0
13716,147,147,0
13717,139,137,2
13718,48,47,1
13719,128,128,0
13720,502,499,3
13721,970,969,1
13722,168,168,0
13723,207,207,0
13724,162,159,3
13725,129,126,3
13726,65,65,0
13727,226,223,3
13728,152,151,1
13729,131,131,0
13730,238,238,0
13731,203,199,4
13732,118,116,2
13733,161,161,0
13734,381,379,2
13735,393,392,1
13736,323,320,3
13737,133,129,4
13738,199,199,0
13739,118,115,3
13740,146,146,0
13741,99,97,2
13742,164,164,0
13743,313,313,0
13744,200,200,0
13745,225,223,2
13746,208,207,1
13747,135,134,1
13748,308,308,0
13749,257,255,2
13750,421,419,2
13751,268,267,1
13752,312,310,2
13753,140,139,1
13754,82,82,0
13755,263,263,0
13756,40,37,3
13757,59,59,0
13758,112,112,0
13759,144,144,0
13760,666,662,4
13761,54,54,0
13762,304,302,2
13763,89,89,0
13764,89,89,0
13765,138,137,1
13766,194,194,0
13767,74,74,0
13768,123,123,0
13769,156,156,0
13770,234,233,1
13771,105,104,1
13772,148,147,1
13773,159,157,2
13774,135,134,1
13775,78,78,0
13776,53,53,0
13777,327,326,1
13778,214,214,0
13779,110,110,0
13780,123,122,1
13781,39,38,1
13782,56,56,0
13783,287,285,2
13784,151,151,0
13785,395,394,1
13786,745,742,3
13787,102,102,0
13788,315,315,0
13789,943,935,8
13790,126,125,1
13791,140,139,1
13792,281,280,1
13793,154,154,0
13794,302,301,1
13795,242,241,1
13796,96,96,0
13797,174,173,1
13798,179,178,1
13799,451,451,0
13800,209,207,2
13801,203,203,0
13802,116,116,0
13803,389,387,2
13804,217,217,0
13805,672,670,2
13806,138,138,0
13807,155,154,1
13808,179,177,2
13809,203,203,0
13810,139,139,0
13811,563,556,7
13812,488,484,4
13813,123,121,2
13814,166,165,1
13815,88,88,0
13816,292,290,2
13817,174,174,0
13818,371,370,1
13819,164,163,1
13820,293,293,0
13821,321,320,1
13822,284,281,3
13823,540,538,2
13824,278,276,2
13825,355,355,0
13826,429,427,2
13827,121,121,0
13828,115,115,0
13829,298,296,2
13830,369,361,8
13831,351,350,1
13832,141,139,2
13833,256,256,0
13834,180,180,0
13835,639,637,2
13836,122,122,0
13837,419,418,1
13838,170,167,3
13839,133,133,0
13840,166,166,0
13841,110,110,0
13842,97,97,0
13843,640,639,1
13844,154,153,1
13845,215,212,3
13846,79,79,0
13847,54,54,0
13848,32,32,0
13849,193,192,1
13850,301,301,0
13851,314,312,2
13852,190,190,0
13853,262,261,1
13854,61,61,0
13855,217,217,0
13856,204,202,2
13857,93,93,0
13858,192,192,0
13859,52,52,0
13860,126,126,0
13861,96,96,0
13862,84,84,0
13863,342,342,0
13864,159,158,1
13865,190,190,0
13866,144,144,0
13867,255,254,1
13868,181,179,2
13869,81,81,0
13870,183,181,2
13871,744,740,4
13872,206,205,1
13873,134,134,0
13874,145,144,1
13875,201,189,12
13876,130,130,0
13877,114,113,1
13878,571,569,2
13879,652,649,3
13880,152,152,0
13881,160,160,0
13882,410,410,0
13883,118,118,0
13884,189,188,1
13885,172,164,8
13886,146,145,1
13887,99,99,0
13888,218,217,1
13889,56,56,0
13890,157,157,0
13891,134,132,2
13892,186,184,2
13893,151,149,2
13894,158,157,1
13895,132,129,3
13896,268,268,0
13897,214,213,1
13898,192,191,1
13899,73,73,0
13900,211,211,0
13901,369,368,1
13902,367,364,3
13903,298,298,0
13904,342,341,1
13905,197,197,0
13906,197,197,0
13907,197,197,0
13908,81,81,0
13909,144,141,3
13910,214,213,1
13911,144,144,0
13912,319,318,1
13913,143,142,1
13914,139,138,1
13915,222,219,3
13916,357,350,7
13917,458,457,1
13918,514,510,4
13919,113,113,0
13920,112,112,0
13921,153,153,0
13922,302,300,2
13923,116,114,2
13924,443,440,3
13925,749,746,3
13926,323,318,5
13927,238,237,1
13928,354,354,0
13929,159,158,1
13930,51,51,0
13931,471,469,2
13932,152,149,3
13933,67,67,0
13934,48,48,0
13935,123,123,0
13936,360,359,1
13937,311,310,1
13938,360,360,0
13939,179,179,0
13940,169,169,0
13941,278,278,0
13942,915,911,4
13943,155,155,0
13944,189,189,0
13945,305,305,0
13946,373,372,1
13947,546,546,0
13948,33,33,0
13949,89,89,0
13950,129,129,0
13951,123,123,0
13952,72,72,0
13953,186,186,0
13954,99,99,0
13955,133,131,2
13956,197,195,2
13957,157,157,0
13958,42,42,0
13959,230,230,0
13960,103,103,0
13961,171,171,0
13962,168,168,0
13963,189,186,3
13964,35,35,0
13965,130,130,0
13966,127,127,0
13967,154,153,1
13968,145,143,2
13969,164,164,0
13970,119,119,0
13971,362,361,1
13972,304,301,3
13973,93,93,0
13974,143,143,0
13975,172,172,0
13976,149,149,0
13977,224,223,1
13978,198,195,3
13979,85,84,1
13980,40,40,0
13981,147,146,1
13982,174,172,2
13983,137,137,0
13984,353,348,5
13985,115,114,1
13986,108,107,1
13987,172,171,1
13988,372,371,1
13989,237,233,4
13990,105,104,1
13991,179,179,0
13992,401,399,2
13993,266,266,0
13994,117,117,0
13995,419,417,2
13996,119,119,0
13997,163,163,0
13998,121,121,0
13999,254,254,0
14000,308,308,0
14001,243,243,0
14002,434,433,1
14003,164,159,5
14004,287,287,0
14005,778,776,2
14006,399,398,1
14007,132,132,0
14008,405,404,1
14009,218,218,0
14010,87,86,1
14011,222,220,2
14012,122,122,0
14013,192,189,3
14014,152,152,0
14015,151,151,0
14016,50,50,0
14017,193,192,1
14018,178,178,0
14019,137,137,0
14020,360,357,3
14021,105,104,1
14022,699,694,5
14023,626,624,2
14024,137,137,0
14025,287,287,0
14026,139,136,3
14027,47,46,1
14028,122,122,0
14029,198,198,0
14030,190,187,3
14031,165,165,0
14032,52,52,0
14033,135,135,0
14034,515,514,1
14035,181,180,1
14036,230,230,0
14037,162,162,0
14038,161,158,3
14039,69,69,0
14040,87,87,0
14041,47,47,0
14042,324,323,1
14043,174,174,0
14044,265,265,0
14045,195,195,0
14046,527,521,6
14047,154,152,2
14048,318,318,0
14049,350,348,2
14050,209,208,1
14051,87,81,6
14052,105,105,0
14053,54,54,0
14054,134,134,0
14055,137,137,0
14056,146,141,5
14057,304,302,2
14058,92,92,0
14059,288,288,0
14060,439,437,2
14061,246,246,0
14062,267,267,0
14063,84,83,1
14064,78,78,0
14065,247,247,0
14066,94,94,0
14067,180,180,0
14068,202,202,0
14069,165,165,0
14070,223,218,5
14071,657,657,0
14072,454,454,0
14073,374,373,1
14074,242,240,2
14075,168,167,1
14076,120,120,0
14077,175,173,2
14078,158,158,0
14079,210,210,0
14080,378,378,0
14081,246,246,0
14082,278,276,2
14083,134,134,0
14084,91,91,0
14085,274,274,0
14086,51,51,0
14087,132,132,0
14088,49,48,1
14089,89,89,0
14090,144,143,1
14091,354,353,1
14092,292,292,0
14093,29,29,0
14094,149,149,0
14095,238,238,0
14096,112,112,0
14097,176,175,1
14098,133,133,0
14099,153,152,1
14100,347,346,1
14101,70,70,0
14102,133,132,1
14103,179,179,0
14104,137,136,1
14105,241,241,0
14106,267,267,0
14107,203,200,3
14108,124,124,0
14109,180,179,1
14110,100,99,1
14111,274,273,1
14112,590,585,5
14113,106,106,0
14114,228,227,1
14115,168,167,1
14116,80,80,0
14117,408,408,0
14118,113,112,1
14119,304,303,1
14120,198,198,0
14121,183,183,0
14122,71,71,0
14123,179,179,0
14124,286,286,0
14125,292,292,0
14126,239,236,3
14127,180,179,1
14128,670,670,0
14129,159,158,1
14130,213,213,0
14131,138,138,0
14132,170,170,0
14133,388,388,0
14134,93,93,0
14135,158,158,0
14136,233,233,0
14137,64,64,0
14138,160,160,0
14139,144,144,0
14140,304,304,0
14141,294,292,2
14142,79,79,0
14143,98,98,0
14144,293,291,2
14145,546,546,0
14146,285,285,0
14147,160,159,1
14148,147,147,0
14149,301,300,1
14150,167,165,2
14151,234,232,2
14152,131,131,0
14153,169,168,1
14154,136,136,0
14155,92,91,1
14156,214,208,6
14157,208,206,2
14158,114,113,1
14159,228,228,0
14160,119,118,1
14161,115,115,0
14162,178,178,0
14163,193,193,0
14164,228,228,0
14165,62,62,0
14166,418,416,2
14167,194,194,0
14168,155,155,0
14169,115,115,0
14170,147,147,0
14171,128,127,1
14172,146,145,1
14173,118,118,0
14174,139,139,0
14175,159,159,0
14176,146,146,0
14177,112,112,0
14178,392,390,2
14179,235,233,2
14180,194,193,1
14181,121,121,0
14182,108,106,2
14183,93,92,1
14184,530,528,2
14185,409,402,7
14186,277,276,1
14187,313,311,2
14188,136,136,0
14189,161,157,4
14190,77,76,1
14191,171,170,1
14192,154,153,1
14193,219,218,1
14194,409,407,2
14195,302,301,1
14196,155,155,0
14197,143,141,2
14198,143,143,0
14199,133,133,0
14200,385,381,4
14201,177,177,0
14202,460,457,3
14203,441,441,0
14204,116,115,1
14205,105,104,1
14206,208,208,0
14207,612,603,9
14208,214,213,1
14209,162,162,0
14210,311,310,1
14211,59,59,0
14212,197,193,4
14213,371,364,7
14214,184,183,1
14215,219,219,0
14216,371,369,2
14217,113,113,0
14218,596,594,2
14219,329,329,0
14220,370,369,1
14221,543,540,3
14222,313,304,9
14223,54,54,0
14224,51,50,1
14225,90,90,0
14226,96,96,0
14227,51,50,1
14228,32,32,0
14229,118,118,0
14230,151,147,4
14231,84,84,0
14232,241,240,1
14233,179,178,1
14234,218,218,0
14235,126,126,0
14236,75,75,0
14237,102,102,0
14238,194,194,0
14239,224,223,1
14240,116,114,2
14241,574,573,1
14242,243,239,4
14243,125,125,0
14244,113,113,0
14245,281,281,0
14246,148,146,2
14247,171,170,1
14248,343,339,4
14249,159,159,0
14250,146,145,1
14251,195,195,0
14252,203,203,0
14253,124,124,0
14254,337,337,0
14255,377,376,1
14256,326,326,0
14257,121,121,0
14258,184,183,1
14259,428,427,1
14260,321,321,0
14261,233,232,1
14262,278,277,1
14263,503,502,1
14264,500,494,6
14265,185,185,0
14266,130,130,0
14267,532,530,2
14268,127,127,0
14269,193,193,0
14270,584,584,0
14271,116,116,0
14272,312,312,0
14273,128,128,0
14274,232,231,1
14275,148,148,0
14276,299,299,0
14277,115,110,5
14278,588,584,4
14279,168,167,1
14280,602,601,1
14281,562,559,3
14282,153,152,1
14283,177,176,1
14284,279,279,0
14285,503,502,1
14286,108,106,2
14287,241,241,0
14288,213,213,0
14289,106,106,0
14290,109,109,0
14291,81,75,6
14292,188,188,0
14293,418,418,0
14294,52,48,4
14295,44,44,0
14296,258,258,0
14297,288,287,1
14298,210,207,3
14299,701,692,9
14300,170,169,1
14301,322,322,0
14302,72,71,1
14303,196,195,1
14304,165,165,0
14305,359,356,3
14306,452,449,3
14307,810,808,2
14308,153,153,0
14309,566,566,0
14310,167,167,0
14311,810,808,2
14312,94,94,0
14313,73,73,0
14314,166,166,0
14315,161,158,3
14316,107,106,1
14317,131,130,1
14318,354,352,2
14319,208,207,1
14320,109,109,0
14321,185,184,1
14322,72,72,0
14323,148,148,0
14324,235,235,0
14325,430,428,2
14326,218,218,0
14327,143,143,0
14328,78,77,1
14329,262,262,0
14330,96,95,1
14331,296,296,0
14332,134,132,2
14333,169,169,0
14334,139,139,0
14335,152,151,1
14336,440,439,1
14337,131,130,1
14338,127,127,0
14339,285,285,0
14340,128,128,0
14341,128,128,0
14342,214,214,0
14343,102,100,2
14344,207,207,0
14345,191,183,8
14346,215,215,0
14347,95,95,0
14348,110,110,0
14349,108,107,1
14350,197,197,0
14351,123,123,0
14352,227,227,0
14353,318,316,2
14354,401,401,0
14355,145,145,0
14356,117,117,0
14357,170,170,0
14358,178,175,3
14359,125,125,0
14360,346,343,3
14361,147,147,0
14362,230,230,0
14363,372,367,5
14364,174,170,4
14365,217,217,0
14366,111,111,0
14367,375,374,1
14368,135,135,0
14369,133,133,0
14370,137,136,1
14371,207,206,1
14372,124,124,0
14373,112,112,0
14374,130,130,0
14375,268,267,1
14376,338,338,0
14377,114,114,0
14378,114,114,0
14379,119,119,0
14380,277,276,1
14381,153,152,1
14382,192,192,0
14383,412,411,1
14384,298,298,0
14385,121,120,1
14386,121,121,0
14387,208,208,0
14388,194,194,0
14389,192,192,0
14390,402,401,1
14391,274,274,0
14392,222,220,2
14393,45,45,0
14394,167,167,0
14395,175,175,0
14396,629,625,4
14397,204,204,0
14398,302,301,1
14399,555,552,3
14400,327,327,0
14401,262,260,2
14402,269,269,0
14403,284,284,0
14404,57,57,0
14405,197,195,2
14406,335,334,1
14407,143,143,0
14408,175,174,1
14409,69,69,0
14410,126,125,1
14411,134,134,0
14412,215,208,7
14413,126,126,0
14414,56,56,0
14415,152,150,2
14416,153,153,0
14417,191,191,0
14418,65,65,0
14419,121,118,3
14420,93,93,0
14421,150,150,0
14422,52,52,0
14423,329,329,0
14424,109,109,0
14425,94,94,0
14426,272,271,1
14427,804,804,0
14428,111,111,0
14429,121,121,0
14430,88,88,0
14431,787,782,5
14432,170,170,0
14433,502,500,2
14434,65,64,1
14435,92,92,0
14436,189,189,0
14437,58,55,3
14438,205,205,0
14439,469,469,0
14440,151,151,0
14441,144,144,0
14442,745,743,2
14443,117,117,0
14444,119,119,0
14445,226,226,0
14446,655,653,2
14447,344,344,0
14448,826,824,2
14449,345,344,1
14450,1011,1007,4
14451,213,212,1
14452,29,29,0
14453,189,189,0
14454,586,585,1
14455,338,338,0
14456,354,353,1
14457,139,138,1
14458,142,141,1
14459,148,147,1
14460,231,231,0
14461,83,83,0
14462,114,114,0
14463,61,61,0
14464,40,40,0
14465,90,90,0
14466,502,502,0
14467,119,117,2
14468,231,231,0
14469,190,190,0
14470,228,228,0
14471,160,160,0
14472,268,268,0
14473,146,144,2
14474,113,113,0
14475,180,178,2
14476,131,127,4
14477,123,123,0
14478,203,203,0
14479,146,144,2
14480,60,58,2
14481,106,106,0
14482,171,170,1
14483,222,222,0
14484,480,480,0
14485,276,276,0
14486,731,731,0
14487,381,381,0
14488,287,285,2
14489,160,160,0
14490,141,141,0
14491,172,171,1
14492,240,239,1
14493,247,246,1
14494,388,385,3
14495,241,241,0
14496,124,122,2
14497,117,115,2
14498,130,130,0
14499,130,130,0
14500,130,130,0
14501,428,423,5
14502,944,940,4
14503,258,258,0
14504,138,138,0
14505,198,198,0
14506,143,141,2
14507,147,146,1
14508,263,263,0
14509,317,316,1
14510,119,119,0
14511,353,353,0
14512,291,290,1
14513,160,160,0
14514,661,660,1
14515,66,65,1
14516,345,344,1
14517,407,407,0
14518,222,222,0
14519,407,407,0
14520,753,752,1
14521,147,147,0
14522,720,716,4
14523,348,343,5
14524,65,65,0
14525,81,81,0
14526,56,56,0
14527,40,40,0
14528,382,381,1
14529,307,306,1
14530,358,353,5
14531,253,250,3
14532,180,180,0
14533,225,224,1
14534,105,105,0
14535,192,191,1
14536,314,314,0
14537,116,113,3
14538,285,285,0
14539,206,206,0
14540,118,117,1
14541,105,104,1
14542,184,183,1
14543,368,368,0
14544,133,132,1
14545,305,305,0
14546,335,335,0
14547,120,119,1
14548,241,241,0
14549,135,133,2
14550,734,734,0
14551,207,207,0
14552,234,234,0
14553,219,217,2
14554,197,197,0
14555,63,63,0
14556,75,75,0
14557,226,226,0
14558,178,178,0
14559,328,327,1
14560,439,439,0
14561,164,163,1
14562,469,469,0
14563,123,123,0
14564,122,121,1
14565,119,119,0
14566,936,933,3
14567,198,198,0
14568,113,113,0
14569,147,147,0
14570,84,84,0
14571,159,156,3
14572,112,112,0
14573,300,300,0
14574,135,135,0
14575,131,131,0
14576,147,147,0
14577,278,268,10
14578,330,330,0
14579,661,655,6
14580,147,147,0
14581,390,387,3
14582,226,226,0
14583,228,227,1
14584,185,184,1
14585,742,742,0
14586,186,183,3
14587,169,169,0
14588,48,48,0
14589,211,211,0
14590,442,442,0
14591,520,516,4
14592,270,270,0
14593,225,225,0
14594,332,330,2
14595,118,118,0
14596,133,133,0
14597,362,361,1
14598,275,275,0
14599,150,148,2
14600,354,354,0
14601,176,175,1
14602,166,163,3
14603,152,152,0
14604,197,197,0
14605,222,222,0
14606,524,521,3
14607,127,126,1
14608,203,202,1
14609,135,135,0
14610,171,171,0
14611,279,279,0
14612,351,348,3
14613,697,696,1
14614,59,59,0
14615,137,136,1
14616,39,39,0
14617,148,148,0
14618,67,67,0
14619,114,113,1
14620,77,77,0
14621,302,301,1
14622,148,148,0
14623,123,123,0
14624,86,86,0
14625,62,62,0
14626,287,287,0
14627,409,408,1
14628,293,292,1
14629,164,164,0
14630,61,61,0
14631,136,136,0
14632,196,194,2
14633,272,265,7
14634,262,262,0
14635,343,343,0
14636,254,254,0
14637,195,195,0
14638,515,513,2
14639,123,123,0
14640,416,413,3
14641,449,444,5
14642,534,529,5
14643,241,241,0
14644,271,268,3
14645,134,134,0
14646,125,125,0
14647,120,120,0
14648,423,418,5
14649,254,254,0
14650,290,290,0
14651,149,149,0
14652,181,181,0
14653,126,126,0
14654,143,143,0
14655,142,142,0
14656,134,134,0
14657,210,210,0
14658,138,138,0
14659,133,133,0
14660,127,127,0
14661,468,463,5
14662,125,123,2
14663,172,171,1
14664,156,154,2
14665,383,382,1
14666,404,403,1
14667,161,161,0
14668,247,247,0
14669,437,435,2
14670,261,261,0
14671,234,231,3
14672,908,904,4
14673,133,133,0
14674,141,141,0
14675,654,651,3
14676,194,194,0
14677,151,151,0
14678,150,149,1
14679,163,162,1
14680,437,437,0
14681,224,223,1
14682,980,977,3
14683,186,186,0
14684,138,137,1
14685,139,138,1
14686,175,175,0
14687,380,380,0
14688,502,498,4
14689,262,262,0
14690,137,136,1
14691,271,271,0
14692,104,104,0
14693,140,140,0
14694,217,217,0
14695,149,148,1
14696,404,395,9
14697,173,173,0
14698,210,209,1
14699,347,346,1
14700,148,148,0
14701,129,129,0
14702,96,96,0
14703,226,226,0
14704,335,335,0
14705,356,356,0
14706,271,271,0
14707,131,131,0
14708,386,386,0
14709,54,54,0
14710,148,147,1
14711,290,290,0
14712,123,123,0
14713,207,204,3
14714,288,287,1
14715,131,131,0
14716,251,251,0
14717,205,203,2
14718,447,446,1
14719,457,457,0
14720,123,119,4
14721,128,128,0
14722,188,188,0
14723,193,193,0
14724,93,93,0
14725,127,127,0
14726,53,53,0
14727,90,90,0
14728,58,58,0
14729,130,130,0
14730,125,122,3
14731,99,98,1
14732,122,122,0
14733,67,67,0
14734,64,64,0
14735,426,424,2
14736,147,147,0
14737,21,21,0
14738,276,271,5
14739,90,90,0
14740,349,349,0
14741,129,129,0
14742,132,130,2
14743,36,36,0
14744,194,194,0
14745,154,154,0
14746,379,379,0
14747,454,454,0
14748,122,121,1
14749,119,119,0
14750,250,250,0
14751,239,237,2
14752,147,147,0
14753,136,136,0
14754,143,143,0
14755,175,175,0
14756,181,181,0
14757,119,118,1
14758,185,185,0
14759,319,318,1
14760,175,175,0
14761,130,130,0
14762,130,129,1
14763,259,259,0
14764,796,793,3
14765,182,182,0
14766,198,196,2
14767,119,119,0
14768,157,157,0
14769,224,224,0
14770,301,300,1
14771,402,401,1
14772,311,311,0
14773,254,254,0
14774,184,183,1
14775,191,191,0
14776,253,253,0
14777,106,106,0
14778,392,390,2
14779,68,68,0
14780,56,56,0
14781,199,199,0
14782,187,187,0
14783,212,212,0
14784,141,140,1
14785,211,211,0
14786,117,117,0
14787,121,120,1
14788,165,163,2
14789,94,94,0
14790,113,112,1
14791,136,136,0
14792,58,58,0
14793,76,76,0
14794,157,155,2
14795,330,329,1
14796,89,89,0
14797,155,155,0
14798,192,191,1
14799,142,142,0
14800,209,208,1
14801,202,202,0
14802,137,137,0
14803,46,45,1
14804,131,131,0
14805,195,193,2
14806,51,51,0
14807,35,35,0
14808,161,158,3
14809,138,138,0
14810,265,265,0
14811,384,384,0
14812,188,184,4
14813,129,129,0
14814,158,158,0
14815,178,178,0
14816,71,71,0
14817,245,244,1
14818,395,394,1
14819,902,900,2
14820,105,105,0
14821,165,165,0
14822,122,121,1
14823,203,203,0
14824,186,185,1
14825,140,140,0
14826,205,203,2
14827,86,86,0
14828,119,118,1
14829,165,162,3
14830,206,205,1
14831,60,60,0
14832,365,365,0
14833,170,170,0
14834,19,19,0
14835,170,170,0
14836,52,52,0
14837,58,58,0
14838,201,200,1
14839,167,167,0
14840,324,323,1
14841,163,163,0
14842,99,99,0
14843,130,130,0
14844,150,149,1
14845,217,217,0
14846,110,109,1
14847,138,138,0
14848,578,577,1
14849,108,108,0
14850,159,157,2
14851,584,579,5
14852,1002,992,10
14853,331,330,1
14854,147,144,3
14855,144,144,0
14856,161,161,0
14857,145,145,0
14858,118,117,1
14859,122,122,0
14860,132,132,0
14861,222,221,1
14862,137,137,0
14863,64,64,0
14864,79,79,0
14865,118,118,0
14866,73,73,0
14867,78,78,0
14868,228,226,2
14869,297,297,0
14870,236,236,0
14871,91,91,0
14872,94,94,0
14873,155,155,0
14874,98,97,1
14875,555,552,3
14876,258,257,1
14877,63,63,0
14878,119,118,1
14879,344,341,3
14880,201,200,1
14881,239,238,1
14882,96,95,1
14883,98,97,1
14884,276,274,2
14885,116,116,0
14886,245,240,5
14887,289,284,5
14888,90,89,1
14889,47,47,0
14890,234,234,0
14891,118,117,1
14892,147,146,1
14893,447,446,1
14894,127,125,2
14895,125,125,0
14896,296,296,0
14897,171,171,0
14898,124,123,1
14899,69,69,0
14900,238,238,0
14901,564,556,8
14902,503,497,6
14903,556,554,2
14904,50,50,0
14905,67,67,0
14906,70,70,0
14907,136,136,0
14908,115,115,0
14909,148,148,0
14910,267,266,1
14911,291,290,1
14912,300,300,0
14913,214,213,1
14914,201,198,3
14915,358,358,0
14916,183,183,0
14917,42,42,0
14918,320,318,2
14919,229,226,3
14920,153,150,3
14921,435,433,2
14922,133,133,0
14923,369,369,0
14924,93,92,1
14925,46,46,0
14926,283,283,0
14927,673,672,1
14928,148,148,0
14929,195,195,0
14930,137,137,0
14931,173,171,2
14932,70,70,0
14933,136,135,1
14934,330,328,2
14935,242,242,0
14936,160,160,0
14937,263,263,0
14938,187,187,0
14939,120,120,0
14940,50,50,0
14941,80,80,0
14942,262,261,1
14943,339,339,0
14944,294,294,0
14945,178,178,0
14946,44,44,0
14947,89,89,0
14948,50,50,0
14949,70,70,0
14950,226,224,2
14951,437,432,5
14952,132,132,0
14953,85,85,0
14954,178,178,0
14955,240,240,0
14956,333,332,1
14957,126,126,0
14958,308,305,3
14959,184,184,0
14960,79,79,0
14961,140,139,1
14962,234,233,1
14963,210,207,3
14964,216,215,1
14965,186,185,1
14966,140,139,1
14967,198,196,2
14968,120,119,1
14969,161,158,3
14970,166,166,0
14971,247,247,0
14972,139,139,0
14973,266,263,3
14974,196,196,0
14975,229,229,0
14976,324,324,0
14977,127,127,0
14978,356,355,1
14979,204,204,0
14980,339,339,0
14981,167,167,0
14982,237,237,0
14983,152,152,0
14984,133,133,0
14985,119,118,1
14986,136,136,0
14987,163,163,0
14988,134,134,0
14989,124,124,0
14990,152,152,0
14991,240,240,0
14992,173,173,0
14993,380,380,0
14994,600,599,1
14995,934,934,0
14996,146,146,0
14997,52,52,0
14998,376,374,2
14999,515,515,0
15000,52,52,0
15001,224,224,0
15002,188,187,1
15003,50,50,0
15004,187,186,1
15005,44,44,0
15006,369,368,1
15007,141,141,0
15008,215,214,1
15009,372,371,1
15010,166,165,1
15011,221,221,0
15012,149,149,0
15013,157,156,1
15014,228,227,1
15015,180,180,0
15016,281,280,1
15017,342,341,1
15018,474,473,1
15019,150,150,0
15020,175,175,0
15021,332,332,0
15022,185,185,0
15023,432,426,6
15024,296,295,1
15025,144,143,1
15026,156,156,0
15027,42,42,0
15028,216,210,6
15029,223,220,3
15030,135,133,2
15031,127,127,0
15032,321,319,2
15033,115,115,0
15034,144,143,1
15035,36,36,0
15036,74,74,0
15037,51,51,0
15038,115,115,0
15039,60,60,0
15040,93,93,0
15041,141,141,0
15042,167,167,0
15043,264,263,1
15044,186,185,1
15045,114,114,0
15046,228,228,0
15047,328,328,0
15048,143,143,0
15049,121,120,1
15050,284,279,5
15051,55,55,0
15052,45,45,0
15053,182,181,1
15054,258,258,0
15055,190,190,0
15056,229,229,0
15057,157,157,0
15058,129,128,1
15059,155,155,0
15060,75,75,0
15061,234,234,0
15062,110,109,1
15063,313,313,0
15064,139,138,1
15065,122,121,1
15066,117,116,1
15067,132,132,0
15068,153,152,1
15069,142,142,0
15070,219,218,1
15071,526,524,2
15072,204,202,2
15073,253,253,0
15074,129,128,1
15075,163,160,3
15076,131,131,0
15077,251,249,2
15078,278,278,0
15079,125,125,0
15080,167,167,0
15081,177,177,0
15082,134,134,0
15083,102,101,1
15084,144,144,0
15085,125,125,0
15086,405,405,0
15087,250,249,1
15088,143,143,0
15089,342,341,1
15090,148,148,0
15091,190,189,1
15092,136,136,0
15093,184,182,2
15094,71,71,0
15095,167,167,0
15096,124,124,0
15097,79,79,0
15098,99,99,0
15099,129,129,0
15100,321,318,3
15101,165,164,1
15102,78,78,0
15103,302,301,1
15104,124,124,0
15105,244,244,0
15106,277,274,3
15107,277,274,3
15108,518,514,4
15109,159,159,0
15110,129,129,0
15111,511,506,5
15112,180,179,1
15113,334,334,0
15114,504,503,1
15115,128,127,1
15116,540,537,3
15117,363,361,2
15118,142,142,0
15119,126,126,0
15120,314,314,0
15121,137,137,0
15122,122,122,0
15123,129,129,0
15124,222,222,0
15125,152,152,0
15126,166,166,0
15127,98,97,1
15128,218,214,4
15129,174,174,0
15130,675,671,4
15131,317,314,3
15132,145,143,2
15133,128,127,1
15134,139,137,2
15135,126,125,1
15136,480,480,0
15137,167,167,0
15138,308,308,0
15139,178,178,0
15140,110,110,0
15141,150,148,2
15142,124,123,1
15143,181,181,0
15144,107,107,0
15145,460,460,0
15146,368,364,4
15147,354,353,1
15148,304,302,2
15149,204,203,1
15150,133,132,1
15151,164,164,0
15152,239,237,2
15153,220,220,0
15154,608,602,6
15155,484,482,2
15156,264,263,1
15157,376,376,0
15158,312,312,0
15159,42,42,0
15160,403,402,1
15161,145,145,0
15162,398,398,0
15163,89,89,0
15164,676,674,2
15165,220,220,0
15166,136,136,0
15167,73,71,2
15168,224,224,0
15169,241,238,3
15170,207,207,0
15171,93,93,0
15172,196,196,0
15173,133,133,0
15174,393,389,4
15175,834,833,1
15176,273,273,0
15177,139,139,0
15178,418,418,0
15179,74,73,1
15180,126,125,1
15181,221,221,0
15182,182,182,0
15183,138,138,0
15184,156,155,1
15185,434,434,0
15186,371,369,2
15187,273,269,4
15188,150,150,0
15189,75,75,0
15190,289,288,1
15191,213,210,3
15192,266,266,0
15193,350,347,3
15194,396,396,0
15195,162,162,0
15196,498,497,1
15197,119,119,0
15198,121,120,1
15199,168,168,0
15200,263,260,3
15201,243,243,0
15202,206,206,0
15203,149,149,0
15204,500,497,3
15205,227,227,0
15206,172,172,0
15207,231,229,2
15208,44,44,0
15209,212,211,1
15210,152,149,3
15211,110,110,0
15212,150,150,0
15213,85,85,0
15214,157,156,1
15215,337,337,0
15216,128,127,1
15217,128,127,1
15218,145,145,0
15219,139,138,1
15220,276,276,0
15221,119,118,1
15222,122,122,0
15223,124,124,0
15224,56,56,0
15225,134,133,1
15226,136,136,0
15227,60,60,0
15228,79,79,0
15229,80,80,0
15230,94,94,0
15231,116,116,0
15232,210,207,3
15233,319,317,2
15234,947,947,0
15235,232,232,0
15236,151,151,0
15237,46,46,0
15238,555,555,0
15239,882,877,5
15240,663,662,1
15241,248,247,1
15242,317,317,0
15243,178,177,1
15244,290,290,0
15245,420,415,5
15246,200,198,2
15247,175,174,1
15248,511,509,2
15249,265,260,5
15250,300,299,1
15251,237,234,3
15252,262,262,0
15253,490,490,0
15254,241,241,0
15255,151,150,1
15256,182,181,1
15257,386,386,0
15258,581,579,2
15259,1124,1119,5
15260,168,164,4
15261,99,99,0
15262,262,259,3
15263,156,153,3
15264,324,322,2
15265,156,155,1
15266,979,964,15
15267,394,390,4
15268,129,128,1
15269,564,554,10
15270,201,201,0
15271,469,466,3
15272,126,126,0
15273,271,270,1
15274,170,170,0
15275,145,144,1
15276,140,140,0
15277,360,358,2
15278,386,383,3
15279,153,153,0
15280,162,161,1
15281,127,126,1
15282,274,274,0
15283,121,120,1
15284,145,144,1
15285,176,176,0
15286,120,120,0
15287,139,138,1
15288,138,138,0
15289,211,211,0
15290,46,46,0
15291,95,95,0
15292,196,195,1
15293,181,181,0
15294,177,177,0
15295,991,988,3
15296,441,440,1
15297,550,545,5
15298,178,178,0
15299,214,213,1
15300,171,169,2
15301,96,95,1
15302,123,121,2
15303,234,234,0
15304,153,152,1
15305,164,164,0
15306,131,131,0
15307,202,202,0
15308,167,167,0
15309,309,309,0
15310,246,245,1
15311,243,241,2
15312,194,194,0
15313,168,167,1
15314,126,126,0
15315,165,165,0
15316,126,126,0
15317,177,174,3
15318,141,141,0
15319,124,124,0
15320,144,144,0
15321,562,561,1
15322,123,123,0
15323,126,125,1
15324,286,286,0
15325,173,173,0
15326,183,181,2
15327,211,210,1
15328,148,148,0
15329,219,219,0
15330,154,152,2
15331,142,140,2
15332,118,117,1
15333,290,290,0
15334,142,141,1
15335,195,194,1
15336,194,192,2
15337,219,219,0
15338,134,134,0
15339,104,104,0
15340,180,180,0
15341,154,154,0
15342,163,162,1
15343,217,216,1
15344,167,167,0
15345,137,135,2
15346,244,244,0
15347,139,139,0
15348,291,290,1
15349,214,214,0
15350,245,242,3
15351,147,146,1
15352,361,360,1
15353,496,493,3
15354,485,485,0
15355,749,747,2
15356,102,102,0
15357,50,50,0
15358,174,173,1
15359,110,109,1
15360,99,99,0
15361,129,127,2
15362,189,188,1
15363,77,76,1
15364,165,165,0
15365,772,769,3
15366,256,256,0
15367,84,84,0
15368,44,44,0
15369,117,116,1
15370,90,90,0
15371,60,60,0
15372,738,736,2
15373,57,56,1
15374,132,132,0
15375,120,120,0
15376,155,155,0
15377,228,228,0
15378,270,270,0
15379,625,622,3
15380,437,435,2
15381,383,382,1
15382,265,265,0
15383,302,301,1
15384,137,137,0
15385,424,424,0
15386,251,251,0
15387,162,162,0
15388,120,117,3
15389,145,145,0
15390,136,136,0
15391,148,148,0
15392,342,341,1
15393,798,796,2
15394,231,230,1
15395,167,167,0
15396,211,209,2
15397,384,384,0
15398,854,853,1
15399,275,274,1
15400,388,388,0
15401,174,174,0
15402,114,113,1
15403,821,819,2
15404,139,139,0
15405,249,248,1
15406,390,389,1
15407,175,175,0
15408,297,297,0
15409,217,217,0
15410,144,144,0
15411,62,61,1
15412,364,358,6
15413,259,259,0
15414,166,165,1
15415,155,154,1
15416,282,282,0
15417,146,146,0
15418,138,138,0
15419,650,649,1
15420,153,152,1
15421,138,138,0
15422,138,138,0
15423,132,132,0
15424,170,168,2
15425,449,448,1
15426,227,226,1
15427,221,221,0
15428,350,350,0
15429,442,440,2
15430,263,261,2
15431,165,165,0
15432,149,149,0
15433,204,202,2
15434,186,186,0
15435,272,270,2
15436,605,605,0
15437,92,92,0
15438,188,187,1
15439,477,477,0
15440,306,306,0
15441,390,386,4
15442,363,359,4
15443,435,434,1
15444,136,136,0
15445,412,406,6
15446,262,262,0
15447,601,600,1
15448,478,475,3
15449,315,315,0
15450,231,231,0
15451,486,486,0
15452,151,151,0
15453,399,398,1
15454,406,405,1
15455,270,270,0
15456,329,328,1
15457,161,161,0
15458,202,202,0
15459,141,140,1
15460,170,170,0
15461,168,168,0
15462,660,654,6
15463,261,261,0
15464,192,192,0
15465,207,207,0
15466,295,290,5
15467,100,99,1
15468,164,164,0
15469,78,78,0
15470,330,330,0
15471,536,535,1
15472,490,454,36
15473,112,112,0
15474,156,156,0
15475,257,257,0
15476,144,141,3
15477,118,118,0
15478,116,116,0
15479,160,160,0
15480,366,365,1
15481,95,95,0
15482,142,142,0
15483,49,49,0
15484,134,134,0
15485,103,103,0
15486,264,263,1
15487,823,820,3
15488,130,130,0
15489,149,149,0
15490,148,148,0
15491,253,251,2
15492,123,121,2
15493,102,102,0
15494,385,384,1
15495,421,421,0
15496,58,58,0
15497,126,126,0
15498,345,345,0
15499,122,121,1
15500,237,236,1
15501,139,138,1
15502,145,145,0
15503,136,136,0
15504,185,184,1
15505,150,149,1
15506,138,137,1
15507,133,133,0
15508,93,93,0
15509,118,117,1
15510,95,95,0
15511,52,52,0
15512,175,175,0
15513,69,68,1
15514,240,240,0
15515,152,152,0
15516,88,88,0
15517,150,150,0
15518,82,82,0
15519,47,47,0
15520,155,155,0
15521,105,105,0
15522,155,155,0
15523,114,114,0
15524,87,86,1
15525,219,219,0
15526,173,173,0
15527,61,61,0
15528,180,180,0
15529,278,278,0
15530,816,808,8
15531,108,107,1
15532,144,144,0
15533,173,170,3
15534,233,233,0
15535,131,131,0
15536,148,148,0
15537,377,377,0
15538,148,148,0
15539,206,206,0
15540,126,124,2
15541,278,277,1
15542,52,52,0
15543,126,126,0
15544,151,151,0
15545,66,66,0
15546,120,120,0
15547,321,321,0
15548,146,145,1
15549,86,86,0
15550,50,50,0
15551,55,55,0
15552,182,182,0
15553,80,80,0
15554,302,302,0
15555,138,135,3
15556,110,104,6
15557,119,119,0
15558,174,174,0
15559,174,173,1
15560,207,207,0
15561,290,288,2
15562,240,240,0
15563,120,120,0
15564,239,237,2
15565,168,168,0
15566,186,186,0
15567,212,210,2
15568,441,439,2
15569,204,204,0
15570,104,104,0
15571,58,58,0
15572,191,190,1
15573,673,672,1
15574,182,181,1
15575,245,244,1
15576,96,96,0
15577,216,213,3
15578,240,237,3
15579,151,151,0
15580,126,126,0
15581,489,486,3
15582,133,132,1
15583,217,213,4
15584,147,146,1
15585,222,222,0
15586,710,708,2
15587,1007,1002,5
15588,311,311,0
15589,428,428,0
15590,159,159,0
15591,48,48,0
15592,50,50,0
15593,54,54,0
15594,101,101,0
15595,346,346,0
15596,274,273,1
15597,157,157,0
15598,195,194,1
15599,398,397,1
15600,221,220,1
15601,184,183,1
15602,254,252,2
15603,300,300,0
15604,177,175,2
15605,62,62,0
15606,222,221,1
15607,163,163,0
15608,277,277,0
15609,113,111,2
15610,47,47,0
15611,160,158,2
15612,107,106,1
15613,258,257,1
15614,136,136,0
15615,188,188,0
15616,209,209,0
15617,83,83,0
15618,356,356,0
15619,179,179,0
15620,196,195,1
15621,238,235,3
15622,57,57,0
15623,110,110,0
15624,228,228,0
15625,132,132,0
15626,730,725,5
15627,394,393,1
15628,245,244,1
15629,77,74,3
15630,104,104,0
15631,223,222,1
15632,395,393,2
15633,520,518,2
15634,134,130,4
15635,239,238,1
15636,251,251,0
15637,113,110,3
15638,97,94,3
15639,109,109,0
15640,148,146,2
15641,213,212,1
15642,296,296,0
15643,219,219,0
15644,144,144,0
15645,135,135,0
15646,108,107,1
15647,597,596,1
15648,821,818,3
15649,974,973,1
15650,64,64,0
15651,78,78,0
15652,157,156,1
15653,114,111,3
15654,135,135,0
15655,349,349,0
15656,73,73,0
15657,135,135,0
15658,191,191,0
15659,217,217,0
15660,265,262,3
15661,135,135,0
15662,173,173,0
15663,164,163,1
15664,111,111,0
15665,153,153,0
15666,358,358,0
15667,55,55,0
15668,135,135,0
15669,170,169,1
15670,113,112,1
15671,154,154,0
15672,140,140,0
15673,108,107,1
15674,216,216,0
15675,168,167,1
15676,145,144,1
15677,121,121,0
15678,246,244,2
15679,392,390,2
15680,426,426,0
15681,432,431,1
15682,195,195,0
15683,151,151,0
15684,160,159,1
15685,159,159,0
15686,392,389,3
15687,125,125,0
15688,211,211,0
15689,51,51,0
15690,135,135,0
15691,100,100,0
15692,116,115,1
15693,123,123,0
15694,64,64,0
15695,174,174,0
15696,121,121,0
15697,108,106,2
15698,177,177,0
15699,144,144,0
15700,142,141,1
15701,210,210,0
15702,137,137,0
15703,248,245,3
15704,265,265,0
15705,196,195,1
15706,270,269,1
15707,655,651,4
15708,132,132,0
15709,129,128,1
15710,286,285,1
15711,143,139,4
15712,367,362,5
15713,378,374,4
15714,201,201,0
15715,84,82,2
15716,65,65,0
15717,233,233,0
15718,181,180,1
15719,168,168,0
15720,212,212,0
15721,625,619,6
15722,116,116,0
15723,233,233,0
15724,116,115,1
15725,184,183,1
15726,133,133,0
15727,284,283,1
15728,137,136,1
15729,197,195,2
15730,189,189,0
15731,247,247,0
15732,323,323,0
15733,338,338,0
15734,162,162,0
15735,136,134,2
15736,123,123,0
15737,150,149,1
15738,157,153,4
15739,143,142,1
15740,171,168,3
15741,87,87,0
15742,124,124,0
15743,193,191,2
15744,160,160,0
15745,304,304,0
15746,137,137,0
15747,134,134,0
15748,271,271,0
15749,190,187,3
15750,392,386,6
15751,150,150,0
15752,168,168,0
15753,210,210,0
15754,130,130,0
15755,308,306,2
15756,158,157,1
15757,397,393,4
15758,110,107,3
15759,210,210,0
15760,138,138,0
15761,257,253,4
15762,138,137,1
15763,127,127,0
15764,171,169,2
15765,405,404,1
15766,87,83,4
15767,167,166,1
15768,197,197,0
15769,198,198,0
15770,30,30,0
15771,146,146,0
15772,120,120,0
15773,173,171,2
15774,244,242,2
15775,423,418,5
15776,188,188,0
15777,125,125,0
15778,63,63,0
15779,81,81,0
15780,143,142,1
15781,704,700,4
15782,129,129,0
15783,99,99,0
15784,237,236,1
15785,327,327,0
15786,234,234,0
15787,152,152,0
15788,190,190,0
15789,131,131,0
15790,165,163,2
15791,122,122,0
15792,291,291,0
15793,308,306,2
15794,81,81,0
15795,116,116,0
15796,200,200,0
15797,68,68,0
15798,81,79,2
15799,124,124,0
15800,180,179,1
15801,95,93,2
15802,217,217,0
15803,142,140,2
15804,373,373,0
15805,120,120,0
15806,335,334,1
15807,64,64,0
15808,171,170,1
15809,56,56,0
15810,250,249,1
15811,197,195,2
15812,905,902,3
15813,123,123,0
15814,198,198,0
15815,140,140,0
15816,149,148,1
15817,193,192,1
15818,87,87,0
15819,188,188,0
15820,268,268,0
15821,148,147,1
15822,244,243,1
15823,454,452,2
15824,129,127,2
15825,167,165,2
15826,149,149,0
15827,382,381,1
15828,213,212,1
15829,169,169,0
15830,405,403,2
15831,158,158,0
15832,156,155,1
15833,151,151,0
15834,129,129,0
15835,233,231,2
15836,466,462,4
15837,195,194,1
15838,378,378,0
15839,183,182,1
15840,151,148,3
15841,215,215,0
15842,228,228,0
15843,147,147,0
15844,408,406,2
15845,69,68,1
15846,55,55,0
15847,261,259,2
15848,148,146,2
15849,266,265,1
15850,486,486,0
15851,141,141,0
15852,52,52,0
15853,89,88,1
15854,175,173,2
15855,52,52,0
15856,116,115,1
15857,60,60,0
15858,88,88,0
15859,463,460,3
15860,157,156,1
15861,113,113,0
15862,637,633,4
15863,120,120,0
15864,199,199,0
15865,260,260,0
15866,313,313,0
15867,127,127,0
15868,143,143,0
15869,130,130,0
15870,190,190,0
15871,772,770,2
15872,397,397,0
15873,177,177,0
15874,139,138,1
15875,111,111,0
15876,155,155,0
15877,133,133,0
15878,178,178,0
15879,50,50,0
15880,84,84,0
15881,136,135,1
15882,282,282,0
15883,133,133,0
15884,256,256,0
15885,116,116,0
15886,221,221,0
15887,160,160,0
15888,150,150,0
15889,262,261,1
15890,247,247,0
15891,137,137,0
15892,341,341,0
15893,209,209,0
15894,195,195,0
15895,141,141,0
15896,421,420,1
15897,362,360,2
15898,551,548,3
15899,312,309,3
15900,562,556,6
15901,341,340,1
15902,244,244,0
15903,213,213,0
15904,510,510,0
15905,251,251,0
15906,690,689,1
15907,206,204,2
15908,131,131,0
15909,229,228,1
15910,52,51,1
15911,243,242,1
15912,109,108,1
15913,126,126,0
15914,139,139,0
15915,183,181,2
15916,310,310,0
15917,121,121,0
15918,234,234,0
15919,81,81,0
15920,38,38,0
15921,143,141,2
15922,59,59,0
15923,130,130,0
15924,268,266,2
15925,327,327,0
15926,120,120,0
15927,381,381,0
15928,129,128,1
15929,297,291,6
15930,141,141,0
15931,180,179,1
15932,334,331,3
15933,128,128,0
15934,141,140,1
15935,163,163,0
15936,307,307,0
15937,162,161,1
15938,304,303,1
15939,115,114,1
15940,102,102,0
15941,37,37,0
15942,333,331,2
15943,167,167,0
15944,421,418,3
15945,214,214,0
15946,336,336,0
15947,218,218,0
15948,169,168,1
15949,274,274,0
15950,361,360,1
15951,180,180,0
15952,256,255,1
15953,131,130,1
15954,163,162,1
15955,233,233,0
15956,55,55,0
15957,125,123,2
15958,633,630,3
15959,139,139,0
15960,396,394,2
15961,61,61,0
15962,144,144,0
15963,344,343,1
15964,344,343,1
15965,34,34,0
15966,461,458,3
15967,53,53,0
15968,338,338,0
15969,286,286,0
15970,361,360,1
15971,186,185,1
15972,170,170,0
15973,143,142,1
15974,216,216,0
15975,211,204,7
15976,177,177,0
15977,194,193,1
15978,157,157,0
15979,80,80,0
15980,79,78,1
15981,53,53,0
15982,349,348,1
15983,488,488,0
15984,136,135,1
15985,387,386,1
15986,240,238,2
15987,536,536,0
15988,162,162,0
15989,335,335,0
15990,172,171,1
15991,54,54,0
15992,146,145,1
15993,75,75,0
15994,123,123,0
15995,80,80,0
15996,39,39,0
15997,147,146,1
15998,180,180,0
15999,694,693,1
16000,331,330,1
16001,123,122,1
16002,41,41,0
16003,401,398,3
16004,108,108,0
16005,167,166,1
16006,180,180,0
16007,968,966,2
16008,67,67,0
16009,181,181,0
16010,121,121,0
16011,198,198,0
16012,209,209,0
16013,251,250,1
16014,114,114,0
16015,195,194,1
16016,114,114,0
16017,101,100,1
16018,393,391,2
16019,59,58,1
16020,85,84,1
16021,317,315,2
16022,75,75,0
16023,57,57,0
16024,966,964,2
16025,195,191,4
16026,765,765,0
16027,113,113,0
16028,370,366,4
16029,134,134,0
16030,421,421,0
16031,473,473,0
16032,235,233,2
16033,182,182,0
16034,438,434,4
16035,76,76,0
16036,70,70,0
16037,307,306,1
16038,265,265,0
16039,354,354,0
16040,216,215,1
16041,320,320,0
16042,261,261,0
16043,64,64,0
16044,253,252,1
16045,141,141,0
16046,221,220,1
16047,58,58,0
16048,38,38,0
16049,83,83,0
16050,121,120,1
16051,133,133,0
16052,220,220,0
16053,101,101,0
16054,174,174,0
16055,142,142,0
16056,295,295,0
16057,134,134,0
16058,423,420,3
16059,471,471,0
16060,115,114,1
16061,109,107,2
16062,118,118,0
16063,801,801,0
16064,106,106,0
16065,243,242,1
16066,211,209,2
16067,48,48,0
16068,142,142,0
16069,280,278,2
16070,140,139,1
16071,155,155,0
16072,44,44,0
16073,245,245,0
16074,639,638,1
16075,213,213,0
16076,168,168,0
16077,552,546,6
16078,136,136,0
16079,46,46,0
16080,115,113,2
16081,172,172,0
16082,121,121,0
16083,239,239,0
16084,230,226,4
16085,666,664,2
16086,315,313,2
16087,497,496,1
16088,667,666,1
16089,771,766,5
16090,289,289,0
16091,144,144,0
16092,196,196,0
16093,137,137,0
16094,117,117,0
16095,131,131,0
16096,216,215,1
16097,227,227,0
16098,133,133,0
16099,81,81,0
16100,231,231,0
16101,332,332,0
16102,207,207,0
16103,579,568,11
16104,168,168,0
16105,286,285,1
16106,253,249,4
16107,149,146,3
16108,298,296,2
16109,173,172,1
16110,183,183,0
16111,133,133,0
16112,153,152,1
16113,92,91,1
16114,175,174,1
16115,185,185,0
16116,135,135,0
16117,148,148,0
16118,157,157,0
16119,260,259,1
16120,150,150,0
16121,154,153,1
16122,145,145,0
16123,256,256,0
16124,654,648,6
16125,172,171,1
16126,743,739,4
16127,1006,1005,1
16128,175,174,1
16129,994,986,8
16130,155,155,0
16131,198,198,0
16132,235,235,0
16133,155,154,1
16134,265,263,2
16135,152,152,0
16136,241,241,0
16137,286,285,1
16138,501,498,3
16139,181,181,0
16140,138,137,1
16141,144,144,0
16142,329,328,1
16143,135,135,0
16144,93,93,0
16145,159,159,0
16146,205,204,1
16147,146,146,0
16148,43,43,0
16149,1009,1000,9
16150,25,25,0
16151,142,142,0
16152,390,388,2
16153,223,220,3
16154,65,65,0
16155,155,154,1
16156,200,200,0
16157,171,170,1
16158,189,187,2
16159,298,296,2
16160,50,49,1
16161,160,160,0
16162,257,256,1
16163,144,143,1
16164,348,347,1
16165,163,162,1
16166,137,137,0
16167,137,137,0
16168,623,619,4
16169,113,113,0
16170,156,155,1
16171,154,154,0
16172,138,137,1
16173,466,463,3
16174,114,114,0
16175,192,192,0
16176,156,154,2
16177,265,264,1
16178,113,113,0
16179,66,66,0
16180,132,132,0
16181,364,363,1
16182,172,172,0
16183,172,172,0
16184,182,182,0
16185,147,147,0
16186,360,359,1
16187,470,463,7
16188,126,126,0
16189,162,161,1
16190,40,40,0
16191,122,120,2
16192,97,93,4
16193,139,138,1
16194,121,121,0
16195,158,157,1
16196,158,158,0
16197,955,950,5
16198,188,188,0
16199,123,123,0
16200,310,310,0
16201,161,160,1
16202,151,151,0
16203,150,150,0
16204,215,212,3
16205,59,59,0
16206,179,178,1
16207,179,179,0
16208,170,169,1
16209,305,305,0
16210,128,128,0
16211,156,155,1
16212,553,553,0
16213,504,503,1
16214,214,214,0
16215,164,160,4
16216,222,222,0
16217,135,135,0
16218,158,158,0
16219,130,130,0
16220,255,254,1
16221,135,135,0
16222,49,49,0
16223,250,250,0
16224,247,246,1
16225,630,626,4
16226,403,403,0
16227,232,230,2
16228,416,416,0
16229,137,137,0
16230,524,524,0
16231,133,132,1
16232,158,158,0
16233,115,115,0
16234,145,145,0
16235,265,265,0
16236,142,142,0
16237,162,161,1
16238,391,387,4
16239,236,229,7
16240,135,135,0
16241,459,457,2
16242,98,98,0
16243,192,192,0
16244,162,161,1
16245,48,48,0
16246,48,48,0
16247,47,47,0
16248,223,221,2
16249,81,81,0
16250,237,236,1
16251,84,82,2
16252,161,161,0
16253,414,403,11
16254,434,434,0
16255,164,164,0
16256,263,263,0
16257,379,379,0
16258,122,121,1
16259,254,250,4
16260,192,190,2
16261,259,259,0
16262,515,514,1
16263,522,517,5
16264,379,379,0
16265,129,129,0
16266,211,211,0
16267,468,466,2
16268,213,213,0
16269,153,153,0
16270,303,302,1
16271,173,173,0
16272,78,78,0
16273,240,238,2
16274,128,123,5
16275,507,504,3
16276,119,119,0
16277,170,169,1
16278,120,119,1
16279,150,150,0
16280,134,132,2
16281,138,138,0
16282,125,125,0
16283,154,154,0
16284,156,156,0
16285,150,149,1
16286,134,134,0
16287,266,264,2
16288,547,544,3
16289,274,270,4
16290,171,171,0
16291,128,128,0
16292,221,220,1
16293,31,31,0
16294,338,338,0
16295,123,122,1
16296,197,197,0
16297,143,142,1
16298,125,125,0
16299,258,257,1
16300,157,157,0
16301,213,206,7
16302,156,154,2
16303,249,249,0
16304,49,49,0
16305,107,107,0
16306,752,746,6
16307,434,434,0
16308,245,244,1
16309,256,255,1
16310,149,149,0
16311,229,228,1
16312,198,196,2
16313,48,47,1
16314,126,126,0
16315,165,164,1
16316,245,245,0
16317,143,143,0
16318,179,176,3
16319,127,127,0
16320,127,127,0
16321,177,177,0
16322,559,555,4
16323,134,134,0
16324,68,68,0
16325,161,160,1
16326,644,643,1
16327,231,229,2
16328,251,250,1
16329,117,117,0
16330,229,228,1
16331,345,344,1
16332,214,214,0
16333,225,225,0
16334,168,168,0
16335,166,162,4
16336,134,133,1
16337,88,87,1
16338,653,653,0
16339,375,375,0
16340,118,118,0
16341,122,122,0
16342,160,159,1
16343,108,106,2
16344,144,144,0
16345,360,357,3
16346,1001,999,2
16347,87,87,0
16348,148,147,1
16349,309,307,2
16350,242,239,3
16351,365,362,3
16352,154,153,1
16353,229,229,0
16354,332,332,0
16355,144,144,0
16356,109,109,0
16357,85,85,0
16358,60,60,0
16359,245,245,0
16360,143,143,0
16361,246,246,0
16362,190,187,3
16363,210,210,0
16364,257,255,2
16365,208,207,1
16366,166,165,1
16367,332,332,0
16368,166,166,0
16369,371,369,2
16370,122,121,1
16371,184,184,0
16372,145,145,0
16373,362,362,0
16374,754,753,1
16375,126,126,0
16376,112,112,0
16377,606,606,0
16378,152,152,0
16379,120,120,0
16380,116,116,0
16381,134,132,2
16382,337,337,0
16383,243,243,0
16384,452,450,2
16385,115,115,0
16386,261,261,0
16387,418,415,3
16388,180,179,1
16389,205,205,0
16390,447,446,1
16391,190,189,1
16392,301,300,1
16393,186,185,1
16394,771,768,3
16395,325,325,0
16396,118,118,0
16397,403,401,2
16398,131,131,0
16399,118,118,0
16400,105,105,0
16401,211,210,1
16402,142,142,0
16403,170,170,0
16404,399,398,1
16405,172,171,1
16406,312,312,0
16407,291,289,2
16408,203,202,1
16409,754,743,11
16410,299,298,1
16411,554,551,3
16412,174,173,1
16413,130,129,1
16414,480,480,0
16415,171,170,1
16416,375,375,0
16417,536,534,2
16418,175,175,0
16419,219,218,1
16420,232,231,1
16421,136,136,0
16422,161,161,0
16423,674,674,0
16424,136,136,0
16425,323,323,0
16426,157,157,0
16427,168,168,0
16428,125,125,0
16429,64,64,0
16430,325,321,4
16431,139,138,1
16432,74,73,1
16433,190,190,0
16434,658,658,0
16435,126,126,0
16436,193,190,3
16437,96,94,2
16438,227,225,2
16439,414,413,1
16440,457,455,2
16441,716,715,1
16442,203,201,2
16443,44,44,0
16444,153,153,0
16445,194,191,3
16446,132,132,0
16447,576,573,3
16448,78,78,0
16449,171,169,2
16450,481,481,0
16451,83,83,0
16452,334,334,0
16453,514,512,2
16454,218,218,0
16455,231,230,1
16456,154,153,1
16457,163,163,0
16458,161,160,1
16459,157,157,0
16460,122,121,1
16461,40,39,1
16462,149,148,1
16463,96,96,0
16464,149,149,0
16465,372,371,1
16466,49,49,0
16467,160,160,0
16468,97,96,1
16469,291,290,1
16470,219,218,1
16471,155,154,1
16472,150,150,0
16473,415,414,1
16474,524,524,0
16475,97,97,0
16476,140,139,1
16477,255,249,6
16478,53,53,0
16479,81,80,1
16480,225,224,1
16481,80,78,2
16482,329,323,6
16483,96,96,0
16484,123,123,0
16485,138,138,0
16486,295,292,3
16487,204,200,4
16488,65,65,0
16489,117,117,0
16490,221,221,0
16491,103,103,0
16492,83,82,1
16493,290,290,0
16494,47,47,0
16495,233,233,0
16496,326,324,2
16497,81,81,0
16498,208,208,0
16499,78,78,0
16500,160,160,0
16501,603,600,3
16502,199,198,1
16503,440,440,0
16504,322,322,0
16505,468,467,1
16506,359,358,1
16507,266,265,1
16508,137,136,1
16509,490,490,0
16510,121,121,0
16511,112,112,0
16512,148,147,1
16513,414,414,0
16514,126,125,1
16515,288,288,0
16516,421,421,0
16517,173,173,0
16518,173,171,2
16519,217,217,0
16520,294,293,1
16521,147,147,0
16522,210,207,3
16523,237,235,2
16524,164,163,1
16525,130,130,0
16526,170,170,0
16527,290,288,2
16528,198,197,1
16529,218,218,0
16530,714,709,5
16531,52,51,1
16532,119,119,0
16533,464,459,5
16534,109,107,2
16535,140,140,0
16536,174,173,1
16537,322,321,1
16538,234,233,1
16539,496,493,3
16540,122,122,0
16541,102,102,0
16542,267,267,0
16543,309,309,0
16544,314,313,1
16545,129,129,0
16546,156,156,0
16547,241,240,1
16548,125,125,0
16549,180,180,0
16550,76,76,0
16551,184,184,0
16552,151,150,1
16553,204,204,0
16554,123,123,0
16555,158,157,1
16556,159,158,1
16557,259,258,1
16558,175,175,0
16559,111,111,0
16560,119,119,0
16561,159,158,1
16562,96,93,3
16563,235,233,2
16564,399,395,4
16565,71,71,0
16566,44,44,0
16567,299,299,0
16568,410,410,0
16569,91,90,1
16570,389,388,1
16571,167,167,0
16572,108,108,0
16573,369,365,4
16574,329,325,4
16575,177,177,0
16576,304,302,2
16577,151,150,1
16578,148,148,0
16579,192,192,0
16580,171,171,0
16581,186,185,1
16582,115,115,0
16583,528,528,0
16584,144,144,0
16585,193,193,0
16586,116,116,0
16587,224,222,2
16588,250,250,0
16589,799,797,2
16590,153,152,1
16591,89,84,5
16592,142,140,2
16593,139,139,0
16594,362,362,0
16595,83,82,1
16596,570,567,3
16597,101,101,0
16598,141,140,1
16599,499,497,2
16600,116,116,0
16601,114,114,0
16602,58,58,0
16603,146,145,1
16604,69,69,0
16605,204,204,0
16606,231,231,0
16607,166,166,0
16608,98,98,0
16609,176,170,6
16610,209,207,2
16611,459,455,4
16612,126,126,0
16613,220,220,0
16614,138,138,0
16615,390,387,3
16616,463,462,1
16617,278,276,2
16618,229,228,1
16619,180,180,0
16620,309,308,1
16621,333,333,0
16622,210,210,0
16623,160,158,2
16624,706,705,1
16625,148,148,0
16626,204,203,1
16627,310,310,0
16628,108,108,0
16629,233,233,0
16630,131,131,0
16631,113,108,5
16632,453,453,0
16633,117,116,1
16634,289,287,2
16635,124,124,0
16636,264,264,0
16637,465,463,2
16638,296,296,0
16639,161,161,0
16640,389,388,1
16641,167,167,0
16642,155,155,0
16643,154,152,2
16644,349,349,0
16645,113,113,0
16646,119,119,0
16647,114,112,2
16648,190,190,0
16649,347,347,0
16650,974,963,11
16651,171,171,0
16652,140,140,0
16653,177,177,0
16654,148,148,0
16655,177,176,1
16656,333,331,2
16657,212,212,0
16658,182,181,1
16659,177,177,0
16660,482,481,1
16661,664,663,1
16662,205,204,1
16663,416,416,0
16664,370,367,3
16665,309,307,2
16666,274,274,0
16667,185,184,1
16668,810,805,5
16669,553,553,0
16670,226,225,1
16671,146,146,0
16672,231,231,0
16673,36,36,0
16674,118,118,0
16675,125,125,0
16676,213,213,0
16677,203,200,3
16678,62,62,0
16679,120,119,1
16680,468,467,1
16681,122,122,0
16682,602,598,4
16683,138,137,1
16684,94,94,0
16685,129,128,1
16686,163,163,0
16687,117,117,0
16688,189,188,1
16689,280,280,0
16690,315,314,1
16691,152,152,0
16692,282,280,2
16693,268,268,0
16694,251,251,0
16695,174,174,0
16696,126,126,0
16697,238,238,0
16698,110,110,0
16699,591,588,3
16700,208,208,0
16701,170,169,1
16702,584,584,0
16703,221,221,0
16704,423,421,2
16705,364,363,1
16706,472,469,3
16707,200,196,4
16708,326,326,0
16709,146,146,0
16710,445,441,4
16711,196,195,1
16712,133,132,1
16713,203,202,1
16714,332,331,1
16715,547,546,1
16716,281,279,2
16717,274,264,10
16718,174,173,1
16719,170,170,0
16720,632,629,3
16721,286,286,0
16722,274,274,0
16723,267,264,3
16724,405,402,3
16725,126,126,0
16726,60,60,0
16727,231,230,1
16728,333,332,1
16729,135,135,0
16730,360,360,0
16731,424,424,0
16732,154,154,0
16733,126,126,0
16734,125,124,1
16735,82,81,1
16736,122,122,0
16737,177,177,0
16738,203,203,0
16739,110,110,0
16740,171,170,1
16741,52,52,0
16742,69,68,1
16743,213,213,0
16744,50,50,0
16745,122,121,1
16746,91,91,0
16747,164,164,0
16748,67,67,0
16749,66,66,0
16750,114,113,1
16751,141,141,0
16752,279,278,1
16753,236,236,0
16754,482,481,1
16755,146,146,0
16756,150,148,2
16757,25,25,0
16758,311,311,0
16759,127,127,0
16760,132,132,0
16761,371,371,0
16762,65,65,0
16763,179,179,0
16764,56,56,0
16765,45,45,0
16766,120,120,0
16767,96,95,1
16768,287,284,3
16769,36,36,0
16770,163,162,1
16771,314,314,0
16772,832,831,1
16773,105,105,0
16774,197,197,0
16775,161,161,0
16776,366,362,4
16777,252,252,0
16778,150,150,0
16779,131,130,1
16780,122,121,1
16781,253,253,0
16782,152,152,0
16783,317,316,1
16784,551,549,2
16785,133,131,2
16786,224,224,0
16787,200,198,2
16788,195,180,15
16789,128,127,1
16790,136,136,0
16791,140,140,0
16792,202,201,1
16793,56,56,0
16794,169,165,4
16795,133,133,0
16796,133,132,1
16797,53,53,0
16798,116,115,1
16799,248,244,4
16800,121,121,0
16801,844,833,11
16802,164,164,0
16803,131,131,0
16804,138,137,1
16805,119,118,1
16806,419,418,1
16807,248,248,0
16808,167,165,2
16809,435,434,1
16810,117,116,1
16811,149,149,0
16812,139,137,2
16813,100,100,0
16814,65,65,0
16815,76,76,0
16816,60,60,0
16817,314,314,0
16818,101,101,0
16819,76,76,0
16820,115,115,0
16821,148,148,0
16822,809,808,1
16823,241,241,0
16824,211,211,0
16825,271,268,3
16826,167,167,0
16827,94,94,0
16828,198,197,1
16829,515,512,3
16830,313,312,1
16831,41,41,0
16832,215,213,2
16833,95,95,0
16834,241,241,0
16835,65,64,1
16836,136,136,0
16837,139,139,0
16838,57,57,0
16839,56,56,0
16840,131,131,0
16841,199,199,0
16842,119,119,0
16843,139,139,0
16844,403,403,0
16845,86,86,0
16846,163,161,2
16847,132,132,0
16848,131,131,0
16849,195,194,1
16850,145,143,2
16851,358,357,1
16852,72,72,0
16853,148,147,1
16854,186,186,0
16855,97,97,0
16856,227,227,0
16857,236,236,0
16858,82,82,0
16859,399,399,0
16860,350,350,0
16861,196,196,0
16862,664,663,1
16863,319,317,2
16864,312,312,0
16865,121,121,0
16866,159,158,1
16867,269,269,0
16868,814,813,1
16869,180,178,2
16870,107,107,0
16871,100,100,0
16872,278,278,0
16873,343,343,0
16874,75,75,0
16875,572,570,2
16876,116,116,0
16877,277,276,1
16878,369,368,1
16879,132,132,0
16880,424,424,0
16881,499,497,2
16882,437,435,2
16883,586,583,3
16884,82,82,0
16885,169,168,1
16886,175,175,0
16887,116,116,0
16888,46,46,0
16889,85,85,0
16890,481,481,0
16891,118,116,2
16892,457,452,5
16893,200,200,0
16894,215,215,0
16895,135,135,0
16896,80,80,0
16897,172,172,0
16898,91,91,0
16899,120,120,0
16900,257,257,0
16901,356,355,1
16902,159,159,0
16903,213,213,0
16904,138,136,2
16905,137,137,0
16906,845,843,2
16907,140,140,0
16908,86,86,0
16909,223,223,0
16910,135,135,0
16911,121,121,0
16912,45,45,0
16913,300,300,0
16914,113,113,0
16915,125,125,0
16916,987,983,4
16917,535,535,0
16918,492,490,2
16919,393,392,1
16920,122,122,0
16921,196,196,0
16922,217,217,0
16923,132,132,0
16924,200,199,1
16925,119,118,1
16926,432,430,2
16927,129,129,0
16928,230,229,1
16929,165,164,1
16930,107,107,0
16931,151,151,0
16932,209,209,0
16933,147,146,1
16934,372,371,1
16935,217,217,0
16936,636,632,4
16937,190,190,0
16938,455,455,0
16939,190,190,0
16940,712,712,0
16941,257,257,0
16942,100,100,0
16943,151,151,0
16944,118,117,1
16945,461,461,0
16946,272,271,1
16947,176,176,0
16948,155,153,2
16949,97,97,0
16950,180,180,0
16951,235,235,0
16952,312,312,0
16953,120,120,0
16954,138,138,0
16955,168,165,3
16956,650,644,6
16957,134,134,0
16958,77,77,0
16959,89,89,0
16960,177,177,0
16961,667,666,1
16962,114,114,0
16963,125,123,2
16964,231,231,0
16965,305,305,0
16966,89,88,1
16967,121,120,1
16968,250,249,1
16969,255,254,1
16970,68,68,0
16971,285,285,0
16972,229,228,1
16973,130,130,0
16974,489,489,0
16975,166,164,2
16976,525,523,2
16977,278,277,1
16978,116,116,0
16979,191,191,0
16980,472,472,0
16981,140,136,4
16982,318,317,1
16983,261,260,1
16984,329,329,0
16985,337,337,0
16986,210,210,0
16987,216,216,0
16988,211,209,2
16989,286,286,0
16990,204,204,0
16991,263,263,0
16992,135,135,0
16993,149,149,0
16994,211,210,1
16995,166,166,0
16996,167,167,0
16997,108,108,0
16998,352,351,1
16999,131,131,0
17000,123,122,1
17001,152,152,0
17002,303,303,0
17003,159,158,1
17004,212,212,0
17005,222,220,2
17006,191,191,0
17007,146,144,2
17008,135,135,0
17009,250,250,0
17010,136,136,0
17011,192,191,1
17012,247,246,1
17013,375,373,2
17014,107,107,0
17015,198,197,1
17016,45,45,0
17017,193,191,2
17018,107,107,0
17019,119,119,0
17020,115,115,0
17021,222,222,0
17022,245,245,0
17023,59,59,0
17024,97,97,0
17025,46,46,0
17026,76,76,0
17027,130,130,0
17028,230,230,0
17029,204,204,0
17030,469,464,5
17031,196,194,2
17032,397,396,1
17033,137,137,0
17034,183,183,0
17035,533,533,0
17036,164,164,0
17037,158,158,0
17038,65,65,0
17039,45,45,0
17040,128,127,1
17041,202,202,0
17042,49,49,0
17043,307,304,3
17044,164,164,0
17045,594,586,8
17046,141,141,0
17047,152,149,3
17048,198,198,0
17049,63,63,0
17050,579,576,3
17051,165,163,2
17052,26,26,0
17053,119,119,0
17054,467,466,1
17055,119,119,0
17056,131,131,0
17057,266,264,2
17058,187,187,0
17059,113,112,1
17060,163,163,0
17061,252,247,5
17062,136,136,0
17063,156,156,0
17064,159,159,0
17065,391,391,0
17066,86,84,2
17067,117,117,0
17068,109,109,0
17069,149,149,0
17070,271,266,5
17071,167,167,0
17072,128,128,0
17073,149,149,0
17074,150,148,2
17075,476,463,13
17076,708,708,0
17077,110,109,1
17078,136,136,0
17079,273,273,0
17080,153,151,2
17081,197,197,0
17082,144,144,0
17083,193,193,0
17084,173,171,2
17085,134,134,0
17086,384,384,0
17087,164,164,0
17088,238,238,0
17089,169,168,1
17090,237,233,4
17091,157,157,0
17092,78,77,1
17093,939,932,7
17094,106,104,2
17095,77,77,0
17096,146,146,0
17097,453,449,4
17098,217,215,2
17099,179,179,0
17100,387,383,4
17101,287,286,1
17102,146,145,1
17103,77,77,0
17104,331,331,0
17105,240,240,0
17106,149,149,0
17107,139,139,0
17108,94,94,0
17109,286,285,1
17110,125,125,0
17111,144,142,2
17112,810,810,0
17113,114,114,0
17114,129,129,0
17115,170,170,0
17116,678,673,5
17117,240,238,2
17118,275,274,1
17119,304,301,3
17120,216,216,0
17121,105,105,0
17122,201,198,3
17123,121,121,0
17124,192,192,0
17125,145,144,1
17126,928,922,6
17127,247,246,1
17128,463,463,0
17129,229,229,0
17130,660,659,1
17131,293,293,0
17132,216,216,0
17133,173,172,1
17134,136,136,0
17135,358,358,0
17136,138,138,0
17137,115,113,2
17138,198,194,4
17139,331,305,26
17140,117,117,0
17141,126,126,0
17142,416,415,1
17143,285,285,0
17144,119,119,0
17145,125,125,0
17146,399,399,0
17147,98,98,0
17148,962,958,4
17149,318,315,3
17150,83,83,0
17151,71,71,0
17152,673,665,8
17153,258,258,0
17154,450,448,2
17155,308,307,1
17156,204,203,1
17157,666,664,2
17158,226,225,1
17159,160,160,0
17160,186,186,0
17161,174,174,0
17162,92,91,1
17163,157,157,0
17164,41,40,1
17165,213,212,1
17166,389,388,1
17167,370,369,1
17168,119,119,0
17169,61,61,0
17170,213,213,0
17171,212,211,1
17172,167,167,0
17173,123,122,1
17174,442,442,0
17175,646,644,2
17176,157,156,1
17177,345,345,0
17178,372,372,0
17179,160,159,1
17180,173,171,2
17181,91,91,0
17182,439,439,0
17183,240,239,1
17184,125,124,1
17185,137,136,1
17186,152,152,0
17187,279,278,1
17188,127,127,0
17189,102,101,1
17190,283,283,0
17191,413,410,3
17192,73,72,1
17193,134,134,0
17194,46,44,2
17195,184,184,0
17196,193,192,1
17197,107,107,0
17198,79,79,0
17199,204,199,5
17200,182,182,0
17201,152,152,0
17202,245,244,1
17203,130,130,0
17204,182,181,1
17205,167,166,1
17206,133,133,0
17207,76,76,0
17208,178,178,0
17209,88,88,0
17210,142,142,0
17211,199,199,0
17212,132,132,0
17213,129,128,1
17214,242,242,0
17215,274,274,0
17216,508,508,0
17217,132,132,0
17218,152,151,1
17219,217,217,0
17220,802,800,2
17221,453,453,0
17222,261,258,3
17223,144,143,1
17224,342,342,0
17225,179,179,0
17226,310,310,0
17227,148,148,0
17228,53,53,0
17229,367,366,1
17230,205,203,2
17231,251,251,0
17232,96,96,0
17233,168,168,0
17234,55,54,1
17235,252,252,0
17236,149,148,1
17237,177,176,1
17238,125,125,0
17239,240,239,1
17240,119,119,0
17241,193,193,0
17242,149,149,0
17243,151,151,0
17244,319,316,3
17245,242,241,1
17246,181,180,1
17247,403,396,7
17248,303,302,1
17249,121,119,2
17250,303,303,0
17251,405,404,1
17252,410,409,1
17253,171,171,0
17254,462,459,3
17255,187,187,0
17256,104,102,2
17257,196,193,3
17258,112,111,1
17259,187,186,1
17260,110,110,0
17261,112,112,0
17262,187,187,0
17263,343,342,1
17264,467,464,3
17265,469,469,0
17266,137,137,0
17267,137,136,1
17268,347,345,2
17269,203,203,0
17270,120,120,0
17271,290,288,2
17272,480,480,0
17273,180,180,0
17274,454,453,1
17275,166,166,0
17276,251,250,1
17277,122,122,0
17278,746,737,9
17279,144,144,0
17280,299,299,0
17281,162,162,0
17282,142,142,0
17283,126,126,0
17284,462,459,3
17285,200,200,0
17286,36,36,0
17287,248,248,0
17288,134,134,0
17289,247,246,1
17290,306,305,1
17291,168,168,0
17292,214,214,0
17293,523,521,2
17294,324,324,0
17295,257,256,1
17296,210,210,0
17297,425,424,1
17298,266,265,1
17299,636,632,4
17300,283,282,1
17301,174,173,1
17302,113,112,1
17303,116,116,0
17304,260,260,0
17305,215,214,1
17306,378,377,1
17307,454,453,1
17308,156,156,0
17309,52,52,0
17310,115,115,0
17311,110,109,1
17312,417,417,0
17313,331,326,5
17314,58,57,1
17315,68,68,0
17316,172,172,0
17317,192,192,0
17318,56,55,1
17319,46,46,0
17320,277,277,0
17321,179,179,0
17322,76,76,0
17323,366,364,2
17324,103,102,1
17325,82,82,0
17326,117,114,3
17327,27,27,0
17328,282,282,0
17329,130,129,1
17330,58,58,0
17331,73,73,0
17332,130,128,2
17333,202,202,0
17334,128,128,0
17335,54,53,1
17336,104,102,2
17337,69,69,0
17338,147,147,0
17339,357,357,0
17340,348,347,1
17341,149,149,0
17342,82,82,0
17343,251,251,0
17344,205,195,10
17345,91,89,2
17346,174,173,1
17347,126,125,1
17348,126,126,0
17349,89,88,1
17350,236,236,0
17351,212,211,1
17352,276,266,10
17353,75,75,0
17354,148,148,0
17355,250,250,0
17356,138,138,0
17357,182,181,1
17358,49,49,0
17359,93,93,0
17360,169,168,1
17361,135,135,0
17362,462,461,1
17363,458,457,1
17364,262,262,0
17365,510,506,4
17366,89,89,0
17367,383,380,3
17368,126,126,0
17369,439,438,1
17370,153,153,0
17371,154,154,0
17372,125,125,0
17373,187,187,0
17374,194,190,4
17375,223,221,2
17376,187,187,0
17377,108,108,0
17378,183,183,0
17379,195,195,0
17380,314,313,1
17381,124,124,0
17382,304,304,0
17383,368,368,0
17384,209,206,3
17385,169,169,0
17386,803,802,1
17387,184,183,1
17388,160,160,0
17389,287,286,1
17390,293,293,0
17391,121,121,0
17392,119,119,0
17393,129,129,0
17394,275,274,1
17395,139,139,0
17396,242,241,1
17397,108,108,0
17398,737,736,1
17399,136,136,0
17400,171,171,0
17401,189,187,2
17402,62,62,0
17403,208,202,6
17404,310,310,0
17405,153,152,1
17406,133,132,1
17407,55,54,1
17408,49,49,0
17409,112,111,1
17410,176,174,2
17411,83,83,0
17412,139,139,0
17413,93,93,0
17414,50,50,0
17415,103,103,0
17416,168,167,1
17417,85,85,0
17418,209,209,0
17419,135,134,1
17420,142,142,0
17421,164,164,0
17422,115,115,0
17423,130,130,0
17424,142,142,0
17425,571,564,7
17426,206,206,0
17427,373,373,0
17428,373,373,0
17429,126,126,0
17430,195,195,0
17431,328,326,2
17432,73,73,0
17433,218,218,0
17434,251,251,0
17435,101,100,1
17436,100,98,2
17437,53,53,0
17438,499,499,0
17439,315,314,1
17440,143,143,0
17441,103,103,0
17442,106,105,1
17443,67,66,1
17444,144,144,0
17445,120,118,2
17446,106,106,0
17447,328,328,0
17448,124,123,1
17449,363,362,1
17450,141,140,1
17451,776,771,5
17452,188,188,0
17453,815,809,6
17454,126,125,1
17455,357,357,0
17456,185,184,1
17457,549,548,1
17458,92,92,0
17459,295,295,0
17460,157,157,0
17461,162,158,4
17462,625,624,1
17463,128,128,0
17464,138,137,1
17465,140,139,1
17466,10,10,0
17467,157,157,0
17468,101,101,0
17469,250,250,0
17470,138,138,0
17471,401,401,0
17472,148,148,0
17473,170,170,0
17474,222,221,1
17475,138,138,0
17476,180,180,0
17477,66,66,0
17478,102,102,0
17479,204,204,0
17480,135,135,0
17481,176,176,0
17482,119,119,0
17483,60,60,0
17484,179,179,0
17485,120,119,1
17486,171,170,1
17487,1004,999,5
17488,445,444,1
17489,176,172,4
17490,240,237,3
17491,407,392,15
17492,50,50,0
17493,154,154,0
17494,215,213,2
17495,174,174,0
17496,265,264,1
17497,165,165,0
17498,131,130,1
17499,169,169,0
17500,180,178,2
17501,288,286,2
17502,142,142,0
17503,177,176,1
17504,23,23,0
17505,155,155,0
17506,221,221,0
17507,114,113,1
17508,794,786,8
17509,125,125,0
17510,144,144,0
17511,232,231,1
17512,38,38,0
17513,40,39,1
17514,62,62,0
17515,145,145,0
17516,134,134,0
17517,226,219,7
17518,124,124,0
17519,121,121,0
17520,140,140,0
17521,45,45,0
17522,620,620,0
17523,223,223,0
17524,251,251,0
17525,140,138,2
17526,173,173,0
17527,40,39,1
17528,997,992,5
17529,202,202,0
17530,239,234,5
17531,94,94,0
17532,150,149,1
17533,43,43,0
17534,123,123,0
17535,125,125,0
17536,363,363,0
17537,226,226,0
17538,167,167,0
17539,145,145,0
17540,127,127,0
17541,153,153,0
17542,156,156,0
17543,428,428,0
17544,276,275,1
17545,151,151,0
17546,152,152,0
17547,288,288,0
17548,207,205,2
17549,123,122,1
17550,173,172,1
17551,318,318,0
17552,273,273,0
17553,499,498,1
17554,152,152,0
17555,247,247,0
17556,188,187,1
17557,292,281,11
17558,225,224,1
17559,440,439,1
17560,138,137,1
17561,139,139,0
17562,220,220,0
17563,165,165,0
17564,43,43,0
17565,239,238,1
17566,137,135,2
17567,195,194,1
17568,116,115,1
17569,919,917,2
17570,143,143,0
17571,188,187,1
17572,181,181,0
17573,186,184,2
17574,299,298,1
17575,222,222,0
17576,131,131,0
17577,368,367,1
17578,332,330,2
17579,567,565,2
17580,684,681,3
17581,139,137,2
17582,218,218,0
17583,303,302,1
17584,197,197,0
17585,142,142,0
17586,219,219,0
17587,448,442,6
17588,151,149,2
17589,347,344,3
17590,226,226,0
17591,127,126,1
17592,89,88,1
17593,236,236,0
17594,212,211,1
17595,276,266,10
17596,75,75,0
17597,148,148,0
17598,138,138,0
17599,221,221,0
17600,182,181,1
17601,49,49,0
17602,93,93,0
17603,169,168,1
17604,135,135,0
17605,462,461,1
17606,458,457,1
17607,194,192,2
17608,236,235,1
17609,127,127,0
17610,415,415,0
17611,94,94,0
17612,221,220,1
17613,714,711,3
17614,104,104,0
17615,46,46,0
17616,66,66,0
17617,590,588,2
17618,323,323,0
17619,202,202,0
17620,295,295,0
17621,223,223,0
17622,134,134,0
17623,423,420,3
17624,471,471,0
17625,115,114,1
17626,109,107,2
17627,118,118,0
17628,801,801,0
17629,106,106,0
17630,211,209,2
17631,48,48,0
17632,182,182,0
17633,142,142,0
17634,280,278,2
17635,140,139,1
17636,155,155,0
17637,44,44,0
17638,245,245,0
17639,639,638,1
17640,213,213,0
17641,52,52,0
17642,267,267,0
17643,164,164,0
17644,137,137,0
17645,123,123,0
17646,321,320,1
17647,525,524,1
17648,305,302,3
17649,533,533,0
17650,152,150,2
17651,239,239,0
17652,150,149,1
17653,161,161,0
17654,114,113,1
17655,256,255,1
17656,273,273,0
17657,611,610,1
17658,353,349,4
17659,164,162,2
17660,257,255,2
17661,196,196,0
17662,133,133,0
17663,409,409,0
17664,121,121,0
17665,145,145,0
17666,120,120,0
17667,134,133,1
17668,216,213,3
17669,161,161,0
17670,242,241,1
17671,384,382,2
17672,120,120,0
17673,464,462,2
17674,192,192,0
17675,140,140,0
17676,209,205,4
17677,288,288,0
17678,190,189,1
17679,264,264,0
17680,233,233,0
17681,146,146,0
17682,149,149,0
17683,194,194,0
17684,170,170,0
17685,155,153,2
17686,171,171,0
17687,112,111,1
17688,238,238,0
17689,376,376,0
17690,292,291,1
17691,969,968,1
17692,526,524,2
17693,458,457,1
17694,101,97,4
17695,138,137,1
17696,154,153,1
17697,400,400,0
17698,698,696,2
17699,176,176,0
17700,238,237,1
17701,170,170,0
17702,149,149,0
17703,281,280,1
17704,225,225,0
17705,106,106,0
17706,42,42,0
17707,54,54,0
17708,488,488,0
17709,167,166,1
17710,126,126,0
17711,507,507,0
17712,169,169,0
17713,134,133,1
17714,152,152,0
17715,176,175,1
17716,132,132,0
17717,105,104,1
17718,127,127,0
17719,506,506,0
17720,105,105,0
17721,128,128,0
17722,100,100,0
17723,414,413,1
17724,198,198,0
17725,179,179,0
17726,590,590,0
17727,1030,1028,2
17728,183,182,1
17729,127,127,0
17730,108,108,0
17731,178,177,1
17732,169,169,0
17733,129,128,1
17734,120,120,0
17735,160,160,0
17736,120,120,0
17737,103,101,2
17738,172,171,1
17739,129,129,0
17740,512,509,3
17741,273,273,0
17742,132,131,1
17743,192,192,0
17744,191,191,0
17745,158,157,1
17746,139,139,0
17747,231,229,2
17748,724,719,5
17749,726,723,3
17750,106,105,1
17751,186,184,2
17752,908,903,5
17753,104,102,2
17754,146,146,0
17755,195,194,1
17756,164,162,2
17757,202,201,1
17758,74,74,0
17759,161,161,0
17760,203,201,2
17761,74,73,1
17762,144,142,2
17763,194,193,1
17764,241,240,1
17765,185,182,3
17766,147,146,1
17767,235,235,0
17768,178,178,0
17769,248,246,2
17770,394,394,0
17771,212,212,0
17772,912,910,2
17773,112,112,0
17774,134,133,1
17775,193,192,1
17776,217,217,0
17777,656,656,0
17778,149,149,0
17779,705,705,0
17780,138,138,0
17781,111,111,0
17782,986,983,3
17783,179,179,0
17784,128,128,0
17785,304,304,0
17786,786,784,2
17787,485,484,1
17788,145,144,1
17789,455,449,6
17790,72,72,0
17791,125,125,0
17792,106,105,1
17793,204,204,0
17794,397,396,1
17795,100,100,0
17796,173,172,1
17797,265,263,2
17798,153,153,0
17799,193,188,5
17800,48,48,0
17801,70,70,0
17802,131,127,4
17803,216,214,2
17804,163,163,0
17805,380,380,0
17806,558,555,3
17807,622,619,3
17808,61,61,0
17809,87,87,0
17810,53,53,0
17811,186,186,0
17812,64,64,0
17813,298,298,0
17814,200,199,1
17815,135,135,0
17816,120,120,0
17817,238,235,3
17818,119,119,0
17819,133,133,0
17820,182,182,0
17821,53,53,0
17822,449,449,0
17823,123,120,3
17824,68,68,0
17825,154,153,1
17826,146,145,1
17827,233,231,2
17828,157,157,0
17829,254,254,0
17830,206,205,1
17831,127,127,0
17832,144,144,0
17833,164,163,1
17834,156,156,0
17835,222,222,0
17836,227,227,0
17837,99,99,0
17838,68,68,0
17839,647,644,3
17840,144,144,0
17841,334,334,0
17842,132,132,0
17843,224,223,1
17844,139,139,0
17845,131,131,0
17846,301,301,0
17847,115,115,0
17848,269,269,0
17849,139,139,0
17850,547,547,0
17851,140,139,1
17852,520,518,2
17853,584,581,3
17854,230,229,1
17855,196,196,0
17856,127,127,0
17857,130,130,0
17858,414,410,4
17859,290,290,0
17860,157,155,2
17861,286,284,2
17862,84,82,2
17863,145,145,0
17864,52,52,0
17865,163,163,0
17866,212,212,0
17867,225,224,1
17868,90,90,0
17869,95,94,1
17870,119,118,1
17871,98,96,2
17872,639,638,1
17873,302,302,0
17874,159,158,1
17875,269,267,2
17876,378,377,1
17877,160,159,1
17878,104,104,0
17879,56,56,0
17880,44,44,0
17881,217,217,0
17882,195,195,0
17883,99,98,1
17884,142,142,0
17885,166,165,1
17886,270,268,2
17887,355,352,3
17888,156,156,0
17889,327,326,1
17890,141,140,1
17891,135,135,0
17892,165,165,0
17893,118,118,0
17894,208,206,2
17895,148,148,0
17896,317,317,0
17897,120,120,0
17898,100,99,1
17899,282,282,0
17900,40,40,0
17901,233,230,3
17902,134,133,1
17903,415,412,3
17904,402,401,1
17905,139,139,0
17906,571,569,2
17907,320,319,1
17908,271,268,3
17909,801,800,1
17910,29,29,0
17911,230,230,0
17912,386,386,0
17913,131,131,0
17914,144,143,1
17915,244,244,0
17916,131,131,0
17917,530,529,1
17918,520,519,1
17919,125,124,1
17920,138,136,2
17921,46,46,0
17922,121,118,3
17923,172,172,0
17924,169,168,1
17925,434,434,0
17926,141,141,0
17927,504,504,0
17928,244,244,0
17929,605,605,0
17930,247,247,0
17931,208,208,0
17932,260,258,2
17933,204,204,0
17934,582,581,1
17935,247,246,1
17936,234,234,0
17937,201,201,0
17938,133,133,0
17939,513,512,1
17940,163,162,1
17941,671,670,1
17942,114,113,1
17943,407,407,0
17944,50,50,0
17945,136,136,0
17946,238,237,1
17947,213,204,9
17948,153,153,0
17949,327,323,4
17950,138,137,1
17951,121,119,2
17952,147,146,1
17953,107,107,0
17954,168,168,0
17955,133,133,0
17956,203,203,0
17957,120,120,0
17958,318,318,0
17959,300,299,1
17960,256,256,0
17961,144,143,1
17962,300,299,1
17963,142,142,0
17964,107,105,2
17965,89,80,9
17966,248,248,0
17967,651,648,3
17968,97,97,0
17969,146,146,0
17970,248,248,0
17971,137,137,0
17972,125,125,0
17973,182,182,0
17974,121,121,0
17975,171,171,0
17976,122,121,1
17977,160,160,0
17978,214,214,0
17979,322,322,0
17980,122,122,0
17981,202,202,0
17982,317,315,2
17983,240,237,3
17984,144,144,0
17985,128,128,0
17986,383,382,1
17987,391,388,3
17988,136,132,4
17989,158,158,0
17990,189,188,1
17991,142,142,0
17992,166,166,0
17993,249,249,0
17994,624,623,1
17995,136,136,0
17996,194,194,0
17997,76,75,1
17998,229,229,0
17999,162,159,3
18000,272,269,3
18001,161,161,0
18002,200,198,2
18003,142,141,1
18004,229,228,1
18005,144,144,0
18006,171,171,0
18007,102,102,0
18008,220,217,3
18009,339,338,1
18010,186,186,0
18011,479,477,2
18012,254,254,0
18013,158,158,0
18014,294,292,2
18015,179,179,0
18016,234,233,1
18017,56,56,0
18018,162,162,0
18019,44,44,0
18020,124,124,0
18021,161,161,0
18022,153,153,0
18023,911,909,2
18024,48,48,0
18025,132,132,0
18026,216,216,0
18027,135,135,0
18028,131,131,0
18029,92,92,0
18030,119,119,0
18031,32,32,0
18032,174,173,1
18033,148,147,1
18034,174,173,1
18035,90,90,0
18036,128,128,0
18037,80,79,1
18038,194,193,1
18039,115,112,3
18040,142,142,0
18041,174,174,0
18042,97,97,0
18043,115,115,0
18044,367,366,1
18045,467,467,0
18046,141,141,0
18047,302,301,1
18048,172,171,1
18049,564,563,1
18050,240,238,2
18051,170,170,0
18052,432,432,0
18053,345,345,0
18054,90,90,0
18055,161,161,0
18056,378,377,1
18057,206,206,0
18058,275,274,1
18059,121,120,1
18060,113,112,1
18061,210,207,3
18062,162,162,0
18063,249,249,0
18064,275,274,1
18065,134,132,2
18066,524,522,2
18067,106,106,0
18068,564,560,4
18069,126,125,1
18070,140,139,1
18071,602,600,2
18072,449,447,2
18073,190,190,0
18074,199,197,2
18075,140,140,0
18076,719,716,3
18077,158,158,0
18078,279,277,2
18079,148,147,1
18080,286,286,0
18081,316,314,2
18082,209,207,2
18083,69,69,0
18084,195,195,0
18085,168,168,0
18086,183,182,1
18087,132,131,1
18088,133,133,0
18089,272,272,0
18090,150,150,0
18091,192,191,1
18092,792,788,4
18093,131,130,1
18094,286,284,2
18095,256,256,0
18096,58,58,0
18097,323,323,0
18098,180,178,2
18099,348,347,1
18100,311,308,3
18101,189,189,0
18102,338,337,1
18103,262,259,3
18104,105,105,0
18105,340,340,0
18106,342,342,0
18107,122,122,0
18108,153,153,0
18109,190,189,1
18110,226,226,0
18111,135,134,1
18112,179,176,3
18113,184,183,1
18114,165,165,0
18115,86,86,0
18116,305,304,1
18117,126,126,0
18118,141,140,1
18119,142,142,0
18120,129,128,1
18121,255,254,1
18122,199,199,0
18123,334,329,5
18124,147,147,0
18125,306,306,0
18126,108,105,3
18127,121,121,0
18128,122,119,3
18129,145,145,0
18130,403,402,1
18131,298,298,0
18132,123,122,1
18133,185,185,0
18134,204,204,0
18135,556,556,0
18136,189,189,0
18137,81,81,0
18138,216,216,0
18139,63,63,0
18140,177,177,0
18141,274,273,1
18142,125,125,0
18143,325,325,0
18144,187,187,0
18145,143,143,0
18146,248,247,1
18147,188,188,0
18148,105,105,0
18149,150,149,1
18150,136,135,1
18151,181,181,0
18152,131,131,0
18153,113,112,1
18154,184,184,0
18155,199,199,0
18156,132,132,0
18157,377,374,3
18158,280,280,0
18159,104,104,0
18160,126,126,0
18161,26,26,0
18162,34,33,1
18163,95,95,0
18164,89,89,0
18165,299,298,1
18166,70,70,0
18167,98,97,1
18168,286,285,1
18169,51,51,0
18170,49,49,0
18171,196,194,2
18172,170,170,0
18173,251,250,1
18174,141,141,0
18175,56,56,0
18176,153,152,1
18177,172,172,0
18178,424,423,1
18179,173,172,1
18180,215,215,0
18181,259,258,1
18182,295,292,3
18183,153,153,0
18184,135,135,0
18185,576,574,2
18186,569,567,2
18187,105,105,0
18188,99,97,2
18189,56,56,0
18190,497,494,3
18191,274,273,1
18192,364,364,0
18193,95,95,0
18194,122,122,0
18195,167,167,0
18196,384,384,0
18197,118,117,1
18198,223,223,0
18199,98,91,7
18200,237,235,2
18201,282,270,12
18202,242,241,1
18203,134,133,1
18204,570,567,3
18205,116,115,1
18206,399,396,3
18207,198,197,1
18208,183,183,0
18209,184,184,0
18210,260,258,2
18211,131,130,1
18212,111,111,0
18213,293,291,2
18214,548,548,0
18215,272,266,6
18216,63,63,0
18217,125,124,1
18218,420,419,1
18219,172,172,0
18220,140,140,0
18221,271,270,1
18222,424,424,0
18223,128,127,1
18224,102,99,3
18225,99,99,0
18226,175,175,0
18227,918,917,1
18228,146,146,0
18229,347,346,1
18230,211,210,1
18231,327,326,1
18232,281,280,1
18233,214,213,1
18234,77,77,0
18235,32,32,0
18236,27,27,0
18237,86,86,0
18238,63,63,0
18239,334,331,3
18240,71,70,1
18241,63,62,1
18242,111,111,0
18243,60,60,0
18244,256,256,0
18245,63,63,0
18246,149,146,3
18247,679,672,7
18248,220,219,1
18249,102,102,0
18250,161,161,0
18251,163,163,0
18252,283,283,0
18253,140,140,0
18254,123,123,0
18255,157,156,1
18256,90,89,1
18257,140,139,1
18258,143,142,1
18259,37,36,1
18260,53,50,3
18261,108,108,0
18262,252,247,5
18263,200,198,2
18264,146,145,1
18265,194,194,0
18266,346,346,0
18267,135,135,0
18268,120,120,0
18269,128,128,0
18270,183,183,0
18271,145,145,0
18272,291,291,0
18273,207,207,0
18274,238,235,3
18275,202,202,0
18276,379,378,1
18277,140,139,1
18278,171,170,1
18279,202,201,1
18280,259,258,1
18281,200,200,0
18282,109,108,1
18283,230,229,1
18284,505,504,1
18285,56,56,0
18286,398,395,3
18287,230,230,0
18288,317,317,0
18289,191,191,0
18290,254,254,0
18291,242,241,1
18292,175,175,0
18293,155,155,0
18294,155,155,0
18295,420,420,0
18296,143,142,1
18297,246,239,7
18298,234,233,1
18299,103,103,0
18300,183,183,0
18301,427,424,3
18302,167,167,0
18303,64,64,0
18304,306,304,2
18305,190,190,0
18306,118,118,0
18307,258,255,3
18308,42,42,0
18309,156,156,0
18310,237,236,1
18311,65,62,3
18312,248,247,1
18313,101,101,0
18314,282,280,2
18315,304,302,2
18316,277,277,0
18317,170,170,0
18318,413,411,2
18319,387,385,2
18320,266,265,1
18321,370,367,3
18322,165,165,0
18323,95,94,1
18324,460,459,1
18325,149,148,1
18326,1033,1031,2
18327,465,465,0
18328,177,177,0
18329,127,127,0
18330,180,177,3
18331,165,165,0
18332,563,563,0
18333,161,161,0
18334,393,393,0
18335,364,361,3
18336,127,127,0
18337,191,190,1
18338,469,464,5
18339,122,122,0
18340,150,149,1
18341,294,293,1
18342,103,103,0
18343,153,152,1
18344,149,149,0
18345,68,68,0
18346,160,160,0
18347,356,356,0
18348,141,141,0
18349,125,125,0
18350,149,148,1
18351,169,169,0
18352,53,53,0
18353,207,206,1
18354,520,516,4
18355,188,188,0
18356,277,274,3
18357,277,276,1
18358,382,379,3
18359,143,142,1
18360,128,128,0
18361,235,235,0
18362,235,235,0
18363,299,299,0
18364,197,197,0
18365,177,177,0
18366,138,138,0
18367,170,170,0
18368,69,69,0
18369,221,221,0
18370,280,280,0
18371,191,191,0
18372,75,75,0
18373,187,187,0
18374,211,211,0
18375,203,203,0
18376,212,212,0
18377,153,151,2
18378,239,239,0
18379,237,237,0
18380,75,75,0
18381,200,200,0
18382,162,162,0
18383,170,170,0
18384,172,172,0
18385,150,150,0
18386,155,155,0
18387,131,129,2
18388,198,197,1
18389,113,111,2
18390,197,197,0
18391,175,175,0
18392,267,267,0
18393,468,463,5
18394,216,216,0
18395,144,142,2
18396,203,203,0
18397,695,695,0
18398,107,107,0
18399,118,118,0
18400,183,181,2
18401,772,770,2
18402,151,150,1
18403,225,225,0
18404,127,127,0
18405,328,327,1
18406,124,124,0
18407,114,114,0
18408,129,129,0
18409,128,126,2
18410,179,179,0
18411,161,161,0
18412,201,198,3
18413,900,896,4
18414,115,115,0
18415,100,100,0
18416,105,104,1
18417,382,382,0
18418,349,347,2
18419,148,148,0
18420,152,151,1
18421,244,244,0
18422,138,138,0
18423,316,315,1
18424,820,816,4
18425,428,426,2
18426,188,187,1
18427,126,126,0
18428,227,227,0
18429,570,569,1
18430,372,371,1
18431,194,194,0
18432,757,756,1
18433,223,223,0
18434,209,209,0
18435,224,221,3
18436,464,464,0
18437,1002,1001,1
18438,532,532,0
18439,278,278,0
18440,528,528,0
18441,189,189,0
18442,157,156,1
18443,280,280,0
18444,186,185,1
18445,159,159,0
18446,138,138,0
18447,318,318,0
18448,186,186,0
18449,265,263,2
18450,202,200,2
18451,334,333,1
18452,505,503,2
18453,116,115,1
18454,161,159,2
18455,353,349,4
18456,255,254,1
18457,124,124,0
18458,225,225,0
18459,266,266,0
18460,315,314,1
18461,514,514,0
18462,491,490,1
18463,298,297,1
18464,221,218,3
18465,139,138,1
18466,194,192,2
18467,153,153,0
18468,115,115,0
18469,48,48,0
18470,144,144,0
18471,605,605,0
18472,173,172,1
18473,124,124,0
18474,164,164,0
18475,218,218,0
18476,374,373,1
18477,153,152,1
18478,145,145,0
18479,706,705,1
18480,182,182,0
18481,197,197,0
18482,137,137,0
18483,108,107,1
18484,134,134,0
18485,284,283,1
18486,111,111,0
18487,174,173,1
18488,296,288,8
18489,367,364,3
18490,193,181,12
18491,114,113,1
18492,332,332,0
18493,537,536,1
18494,563,558,5
18495,123,123,0
18496,137,135,2
18497,118,116,2
18498,205,205,0
18499,238,238,0
18500,437,437,0
18501,155,153,2
18502,243,242,1
18503,359,358,1
18504,437,437,0
18505,175,174,1
18506,163,163,0
18507,228,228,0
18508,626,624,2
18509,184,184,0
18510,503,496,7
18511,576,576,0
18512,194,193,1
18513,164,164,0
18514,129,129,0
18515,157,156,1
18516,129,128,1
18517,138,136,2
18518,198,198,0
18519,151,151,0
18520,142,141,1
18521,98,98,0
18522,209,209,0
18523,115,115,0
18524,179,179,0
18525,311,311,0
18526,148,148,0
18527,166,166,0
18528,153,153,0
18529,124,124,0
18530,189,189,0
18531,101,101,0
18532,308,308,0
18533,364,361,3
18534,143,143,0
18535,169,169,0
18536,538,536,2
18537,366,365,1
18538,168,166,2
18539,129,129,0
18540,642,640,2
18541,388,385,3
18542,101,101,0
18543,207,205,2
18544,1020,1020,0
18545,264,263,1
18546,189,189,0
18547,163,163,0
18548,111,111,0
18549,207,207,0
18550,458,458,0
18551,176,174,2
18552,367,367,0
18553,128,127,1
18554,215,212,3
18555,502,499,3
18556,155,155,0
18557,61,60,1
18558,189,187,2
18559,148,148,0
18560,127,127,0
18561,192,189,3
18562,93,93,0
18563,133,133,0
18564,150,150,0
18565,363,363,0
18566,226,224,2
18567,115,115,0
18568,412,409,3
18569,189,187,2
18570,403,401,2
18571,131,131,0
18572,105,105,0
18573,211,210,1
18574,142,142,0
18575,170,170,0
18576,399,398,1
18577,430,428,2
18578,172,171,1
18579,312,312,0
18580,291,289,2
18581,175,172,3
18582,64,63,1
18583,708,706,2
18584,275,258,17
18585,140,140,0
18586,128,128,0
18587,177,175,2
18588,44,44,0
18589,199,199,0
18590,185,181,4
18591,390,387,3
18592,163,162,1
18593,518,516,2
18594,241,239,2
18595,389,384,5
18596,116,116,0
18597,361,361,0
18598,686,686,0
18599,241,241,0
18600,170,170,0
18601,337,336,1
18602,156,154,2
18603,237,234,3
18604,896,879,17
18605,140,139,1
18606,141,141,0
18607,253,250,3
18608,167,165,2
18609,156,155,1
18610,221,221,0
18611,368,368,0
18612,477,475,2
18613,63,59,4
18614,77,77,0
18615,133,133,0
18616,421,418,3
18617,394,389,5
18618,131,130,1
18619,236,235,1
18620,180,180,0
18621,62,62,0
18622,146,146,0
18623,370,369,1
18624,509,505,4
18625,199,198,1
18626,211,211,0
18627,327,324,3
18628,112,112,0
18629,155,154,1
18630,126,126,0
18631,145,143,2
18632,160,160,0
18633,162,162,0
18634,115,114,1
18635,132,131,1
18636,110,109,1
18637,163,161,2
18638,230,230,0
18639,108,107,1
18640,219,218,1
18641,141,141,0
18642,80,80,0
18643,78,78,0
18644,135,133,2
18645,174,174,0
18646,130,128,2
18647,50,50,0
18648,146,146,0
18649,74,74,0
18650,228,228,0
18651,123,123,0
18652,118,118,0
18653,93,93,0
18654,155,154,1
18655,260,260,0
18656,367,365,2
18657,254,253,1
18658,171,171,0
18659,184,183,1
18660,224,224,0
18661,127,126,1
18662,134,134,0
18663,371,370,1
18664,258,258,0
18665,55,55,0
18666,279,277,2
18667,117,117,0
18668,148,148,0
18669,193,193,0
18670,161,157,4
18671,77,76,1
18672,171,170,1
18673,154,153,1
18674,219,218,1
18675,409,407,2
18676,302,301,1
18677,55,55,0
18678,155,155,0
18679,143,141,2
18680,311,296,15
18681,167,166,1
18682,149,149,0
18683,243,243,0
18684,235,235,0
18685,132,132,0
18686,143,143,0
18687,292,292,0
18688,358,358,0
18689,269,269,0
18690,109,109,0
18691,107,106,1
18692,263,262,1
18693,127,127,0
18694,363,362,1
18695,145,145,0
18696,150,148,2
18697,232,231,1
18698,480,480,0
18699,123,122,1
18700,253,253,0
18701,79,79,0
18702,41,41,0
18703,86,85,1
18704,97,97,0
18705,614,608,6
18706,144,144,0
18707,165,165,0
18708,134,134,0
18709,62,62,0
18710,67,66,1
18711,360,359,1
18712,161,161,0
18713,150,149,1
18714,119,119,0
18715,166,165,1
18716,83,83,0
18717,163,163,0
18718,165,164,1
18719,194,193,1
18720,189,189,0
18721,65,65,0
18722,100,100,0
18723,50,48,2
18724,134,133,1
18725,317,317,0
18726,294,294,0
18727,224,224,0
18728,388,386,2
18729,129,129,0
18730,93,93,0
18731,183,183,0
18732,82,82,0
18733,127,126,1
18734,836,835,1
18735,152,152,0
18736,87,87,0
18737,88,88,0
18738,203,203,0
18739,120,120,0
18740,150,150,0
18741,204,204,0
18742,205,205,0
18743,46,46,0
18744,434,432,2
18745,125,124,1
18746,292,292,0
18747,213,211,2
18748,184,184,0
18749,50,50,0
18750,61,61,0
18751,112,112,0
18752,112,112,0
18753,195,194,1
18754,62,61,1
18755,234,234,0
18756,86,86,0
18757,426,425,1
18758,219,219,0
18759,140,139,1
18760,134,134,0
18761,157,157,0
18762,124,124,0
18763,165,165,0
18764,135,129,6
18765,201,201,0
18766,135,135,0
18767,163,163,0
18768,121,119,2
18769,174,174,0
18770,183,183,0
18771,405,405,0
18772,126,126,0
18773,218,218,0
18774,127,127,0
18775,179,179,0
18776,121,121,0
18777,156,156,0
18778,79,79,0
18779,164,163,1
18780,99,98,1
18781,108,104,4
18782,234,233,1
18783,202,202,0
18784,1010,1007,3
18785,133,132,1
18786,106,106,0
18787,282,280,2
18788,168,168,0
18789,162,161,1
18790,70,70,0
18791,157,156,1
18792,172,171,1
18793,401,392,9
18794,186,186,0
18795,138,137,1
18796,415,415,0
18797,59,59,0
18798,73,72,1
18799,59,59,0
18800,694,683,11
18801,89,89,0
18802,350,349,1
18803,144,144,0
18804,52,52,0
18805,97,97,0
18806,364,364,0
18807,181,181,0
18808,154,154,0
18809,83,83,0
18810,270,268,2
18811,146,144,2
18812,401,400,1
18813,214,207,7
18814,762,758,4
18815,283,283,0
18816,196,196,0
18817,271,271,0
18818,491,489,2
18819,463,457,6
18820,307,307,0
18821,459,453,6
18822,98,98,0
18823,119,119,0
18824,43,43,0
18825,595,595,0
18826,197,197,0
18827,207,207,0
18828,187,180,7
18829,241,240,1
18830,107,106,1
18831,168,168,0
18832,191,189,2
18833,270,270,0
18834,452,449,3
18835,115,115,0
18836,206,206,0
18837,531,524,7
18838,110,110,0
18839,183,182,1
18840,121,121,0
18841,209,208,1
18842,282,281,1
18843,438,438,0
18844,662,657,5
18845,298,298,0
18846,164,163,1
18847,314,313,1
18848,282,282,0
18849,894,892,2
18850,123,123,0
18851,136,136,0
18852,95,95,0
18853,488,488,0
18854,118,116,2
18855,182,181,1
18856,287,287,0
18857,72,72,0
18858,557,556,1
18859,56,56,0
18860,155,155,0
18861,180,180,0
18862,232,229,3
18863,172,172,0
18864,471,469,2
18865,489,485,4
18866,347,346,1
18867,235,230,5
18868,427,427,0
18869,127,127,0
18870,379,379,0
18871,149,149,0
18872,162,161,1
18873,105,105,0
18874,248,247,1
18875,215,215,0
18876,159,158,1
18877,324,322,2
18878,322,321,1
18879,155,155,0
18880,126,126,0
18881,50,50,0
18882,281,281,0
18883,125,125,0
18884,471,471,0
18885,122,121,1
18886,183,180,3
18887,405,404,1
18888,139,139,0
18889,439,432,7
18890,385,382,3
18891,202,202,0
18892,117,117,0
18893,51,51,0
18894,141,141,0
18895,202,202,0
18896,231,231,0
18897,110,110,0
18898,251,249,2
18899,295,294,1
18900,89,89,0
18901,346,344,2
18902,238,237,1
18903,460,454,6
18904,38,37,1
18905,108,107,1
18906,312,310,2
18907,101,100,1
18908,122,122,0
18909,235,235,0
18910,499,499,0
18911,397,392,5
18912,214,214,0
18913,128,128,0
18914,108,108,0
18915,191,189,2
18916,316,315,1
18917,156,156,0
18918,162,161,1
18919,634,633,1
18920,436,435,1
18921,1015,1014,1
18922,172,171,1
18923,62,62,0
18924,167,167,0
18925,60,60,0
18926,97,97,0
18927,92,92,0
18928,279,274,5
18929,77,76,1
18930,72,72,0
18931,108,107,1
18932,157,156,1
18933,61,61,0
18934,60,60,0
18935,138,137,1
18936,86,83,3
18937,231,230,1
18938,341,340,1
18939,141,141,0
18940,537,536,1
18941,284,283,1
18942,132,131,1
18943,721,718,3
18944,91,89,2
18945,163,160,3
18946,272,268,4
18947,213,210,3
18948,141,140,1
18949,125,125,0
18950,129,129,0
18951,272,271,1
18952,405,405,0
18953,633,632,1
18954,127,127,0
18955,101,101,0
18956,56,56,0
18957,84,84,0
18958,245,245,0
18959,131,130,1
18960,130,130,0
18961,164,164,0
18962,103,102,1
18963,58,58,0
18964,222,222,0
18965,270,269,1
18966,127,120,7
18967,254,254,0
18968,130,130,0
18969,172,170,2
18970,113,112,1
18971,344,340,4
18972,127,127,0
18973,78,78,0
18974,58,58,0
18975,78,77,1
18976,115,115,0
18977,235,234,1
18978,132,130,2
18979,121,120,1
18980,103,103,0
18981,152,151,1
18982,87,86,1
18983,331,331,0
18984,95,95,0
18985,76,74,2
18986,67,67,0
18987,337,337,0
18988,223,221,2
18989,207,206,1
18990,133,132,1
18991,136,136,0
18992,339,337,2
18993,373,371,2
18994,149,149,0
18995,275,274,1
18996,550,549,1
18997,344,344,0
18998,335,334,1
18999,146,146,0
19000,135,135,0
19001,164,164,0
19002,305,305,0
19003,130,130,0
19004,166,161,5
19005,241,239,2
19006,90,90,0
19007,98,98,0
19008,160,158,2
19009,93,93,0
19010,126,126,0
19011,98,98,0
19012,133,133,0
19013,48,48,0
19014,120,118,2
19015,155,154,1
19016,57,57,0
19017,301,300,1
19018,198,191,7
19019,372,372,0
19020,132,131,1
19021,62,62,0
19022,123,121,2
19023,177,176,1
19024,159,159,0
19025,142,141,1
19026,163,163,0
19027,129,128,1
19028,166,166,0
19029,175,170,5
19030,123,123,0
19031,101,99,2
19032,118,118,0
19033,52,52,0
19034,143,143,0
19035,311,309,2
19036,308,307,1
19037,135,135,0
19038,65,65,0
19039,127,127,0
19040,276,271,5
19041,408,403,5
19042,116,115,1
19043,347,344,3
19044,114,114,0
19045,179,177,2
19046,335,334,1
19047,415,415,0
19048,163,163,0
19049,207,207,0
19050,271,262,9
19051,691,686,5
19052,273,272,1
19053,145,144,1
19054,106,105,1
19055,225,225,0
19056,272,271,1
19057,881,873,8
19058,498,485,13
19059,270,270,0
19060,166,164,2
19061,402,397,5
19062,189,189,0
19063,582,582,0
19064,185,183,2
19065,139,139,0
19066,325,325,0
19067,387,386,1
19068,126,126,0
19069,141,140,1
19070,300,299,1
19071,85,85,0
19072,110,108,2
19073,284,284,0
19074,474,471,3
19075,510,507,3
19076,326,326,0
19077,491,491,0
19078,415,411,4
19079,501,499,2
19080,115,115,0
19081,409,406,3
19082,133,131,2
19083,112,111,1
19084,84,83,1
19085,257,257,0
19086,144,143,1
19087,234,233,1
19088,443,443,0
19089,394,392,2
19090,266,266,0
19091,67,67,0
19092,147,146,1
19093,312,311,1
19094,204,204,0
19095,248,248,0
19096,149,149,0
19097,258,258,0
19098,166,166,0
19099,128,128,0
19100,135,135,0
19101,133,133,0
19102,131,130,1
19103,322,321,1
19104,209,208,1
19105,83,83,0
19106,177,176,1
19107,396,396,0
19108,259,258,1
19109,239,237,2
19110,426,426,0
19111,379,376,3
19112,163,162,1
19113,218,218,0
19114,624,621,3
19115,48,48,0
19116,335,334,1
19117,173,171,2
19118,164,163,1
19119,150,150,0
19120,235,235,0
19121,207,207,0
19122,284,283,1
19123,122,122,0
19124,127,126,1
19125,178,178,0
19126,167,167,0
19127,189,189,0
19128,214,209,5
19129,237,237,0
19130,193,192,1
19131,141,139,2
19132,642,642,0
19133,418,416,2
19134,213,213,0
19135,122,119,3
19136,218,217,1
19137,316,316,0
19138,972,968,4
19139,520,517,3
19140,328,328,0
19141,131,130,1
19142,819,817,2
19143,385,385,0
19144,142,142,0
19145,123,123,0
19146,156,156,0
19147,96,96,0
19148,130,130,0
19149,662,656,6
19150,151,150,1
19151,607,607,0
19152,171,171,0
19153,623,620,3
19154,306,306,0
19155,121,121,0
19156,104,104,0
19157,987,982,5
19158,416,416,0
19159,81,81,0
19160,164,163,1
19161,728,728,0
19162,1002,1000,2
19163,982,977,5
19164,273,273,0
19165,214,213,1
19166,518,518,0
19167,697,695,2
19168,443,438,5
19169,180,179,1
19170,928,925,3
19171,334,334,0
19172,169,169,0
19173,786,786,0
19174,215,215,0
19175,127,127,0
19176,370,366,4
19177,255,254,1
19178,155,155,0
19179,311,310,1
19180,869,869,0
19181,163,163,0
19182,221,221,0
19183,278,278,0
19184,658,656,2
19185,324,318,6
19186,216,216,0
19187,203,200,3
19188,366,366,0
19189,558,555,3
19190,131,131,0
19191,144,144,0
19192,169,169,0
19193,189,189,0
19194,133,133,0
19195,151,151,0
19196,417,417,0
19197,335,335,0
19198,153,152,1
19199,772,768,4
19200,110,110,0
19201,190,190,0
19202,180,180,0
19203,171,171,0
19204,184,184,0
19205,318,318,0
19206,262,262,0
19207,313,312,1
19208,144,144,0
19209,162,162,0
19210,218,218,0
19211,133,133,0
19212,141,140,1
19213,697,696,1
19214,110,109,1
19215,167,166,1
19216,182,179,3
19217,144,144,0
19218,181,181,0
19219,151,151,0
19220,220,218,2
19221,142,141,1
19222,46,46,0
19223,245,245,0
19224,129,126,3
19225,269,268,1
19226,197,192,5
19227,207,207,0
19228,51,51,0
19229,226,224,2
19230,278,277,1
19231,196,196,0
19232,472,471,1
19233,132,131,1
19234,99,98,1
19235,173,172,1
19236,82,81,1
19237,315,313,2
19238,97,95,2
19239,163,163,0
19240,140,140,0
19241,134,133,1
19242,97,90,7
19243,98,96,2
19244,39,39,0
19245,208,208,0
19246,148,148,0
19247,100,100,0
19248,328,325,3
19249,145,145,0
19250,122,122,0
19251,513,509,4
19252,233,233,0
19253,579,573,6
19254,393,391,2
19255,225,217,8
19256,181,181,0
19257,101,100,1
19258,205,204,1
19259,161,160,1
19260,184,184,0
19261,427,425,2
19262,121,121,0
19263,139,138,1
19264,160,160,0
19265,406,405,1
19266,152,151,1
19267,257,253,4
19268,137,137,0
19269,134,134,0
19270,249,249,0
19271,119,119,0
19272,969,963,6
19273,44,44,0
19274,142,142,0
19275,482,480,2
19276,294,293,1
19277,172,168,4
19278,130,130,0
19279,190,186,4
19280,129,129,0
19281,210,209,1
19282,120,117,3
19283,214,213,1
19284,127,127,0
19285,111,111,0
19286,50,49,1
19287,70,70,0
19288,242,241,1
19289,160,160,0
19290,330,330,0
19291,275,273,2
19292,151,151,0
19293,156,156,0
19294,121,121,0
19295,218,218,0
19296,290,289,1
19297,57,57,0
19298,124,123,1
19299,98,98,0
19300,151,151,0
19301,128,127,1
19302,125,124,1
19303,151,149,2
19304,127,124,3
19305,248,248,0
19306,217,215,2
19307,84,84,0
19308,76,76,0
19309,99,99,0
19310,316,311,5
19311,156,155,1
19312,624,620,4
19313,76,76,0
19314,173,173,0
19315,146,144,2
19316,217,214,3
19317,182,182,0
19318,96,93,3
19319,259,259,0
19320,164,164,0
19321,63,62,1
19322,353,348,5
19323,168,168,0
19324,131,131,0
19325,924,924,0
19326,197,196,1
19327,153,152,1
19328,86,86,0
19329,219,215,4
19330,181,178,3
19331,428,422,6
19332,356,354,2
19333,581,580,1
19334,187,186,1
19335,854,852,2
19336,866,864,2
19337,218,218,0
19338,159,158,1
19339,111,111,0
19340,101,101,0
19341,211,210,1
19342,202,201,1
19343,99,99,0
19344,39,39,0
19345,103,100,3
19346,128,123,5
19347,131,128,3
19348,162,158,4
19349,216,215,1
19350,120,120,0
19351,116,116,0
19352,529,524,5
19353,714,710,4
19354,196,194,2
19355,215,215,0
19356,113,113,0
19357,82,82,0
19358,676,675,1
19359,305,300,5
19360,98,98,0
19361,1004,998,6
19362,133,133,0
19363,351,351,0
19364,246,246,0
19365,188,187,1
19366,272,272,0
19367,146,146,0
19368,290,290,0
19369,134,134,0
19370,127,127,0
19371,252,252,0
19372,179,176,3
19373,131,131,0
19374,350,350,0
19375,371,367,4
19376,223,223,0
19377,171,171,0
19378,425,424,1
19379,136,136,0
19380,104,104,0
19381,125,125,0
19382,65,65,0
19383,48,48,0
19384,112,111,1
19385,151,151,0
19386,140,140,0
19387,173,172,1
19388,144,144,0
19389,585,585,0
19390,196,196,0
19391,131,130,1
19392,211,211,0
19393,333,333,0
19394,289,289,0
19395,133,132,1
19396,151,150,1
19397,198,197,1
19398,135,135,0
19399,196,193,3
19400,492,490,2
19401,137,136,1
19402,384,384,0
19403,239,239,0
19404,156,156,0
19405,375,375,0
19406,463,463,0
19407,165,164,1
19408,190,190,0
19409,363,363,0
19410,345,345,0
19411,124,123,1
19412,174,174,0
19413,322,322,0
19414,177,177,0
19415,125,125,0
19416,136,136,0
19417,350,350,0
19418,182,181,1
19419,361,360,1
19420,208,208,0
19421,156,156,0
19422,938,938,0
19423,215,214,1
19424,296,295,1
19425,165,164,1
19426,122,121,1
19427,197,197,0
19428,366,365,1
19429,217,217,0
19430,283,282,1
19431,111,111,0
19432,215,215,0
19433,280,279,1
19434,128,126,2
19435,659,659,0
19436,140,138,2
19437,130,130,0
19438,510,510,0
19439,154,154,0
19440,534,533,1
19441,222,222,0
19442,873,870,3
19443,350,350,0
19444,174,174,0
19445,326,326,0
19446,124,124,0
19447,36,36,0
19448,92,91,1
19449,122,122,0
19450,495,489,6
19451,283,283,0
19452,298,294,4
19453,93,91,2
19454,158,158,0
19455,151,149,2
19456,237,237,0
19457,111,111,0
19458,142,142,0
19459,138,138,0
19460,161,161,0
19461,129,129,0
19462,173,172,1
19463,174,173,1
19464,171,171,0
19465,596,594,2
19466,294,291,3
19467,161,161,0
19468,162,161,1
19469,275,274,1
19470,346,346,0
19471,453,453,0
19472,228,228,0
19473,701,698,3
19474,391,391,0
19475,146,143,3
19476,165,165,0
19477,334,332,2
19478,310,308,2
19479,275,267,8
19480,245,241,4
19481,159,158,1
19482,134,134,0
19483,111,111,0
19484,683,683,0
19485,511,509,2
19486,280,280,0
19487,367,365,2
19488,322,321,1
19489,114,114,0
19490,125,124,1
19491,207,204,3
19492,126,126,0
19493,748,743,5
19494,214,214,0
19495,189,189,0
19496,627,620,7
19497,415,415,0
19498,77,77,0
19499,419,415,4
19500,117,117,0
19501,168,163,5
19502,274,272,2
19503,151,151,0
19504,717,716,1
19505,271,270,1
19506,491,490,1
19507,504,504,0
19508,135,135,0
19509,281,281,0
19510,380,380,0
19511,337,336,1
19512,143,143,0
19513,189,189,0
19514,185,184,1
19515,154,154,0
19516,284,281,3
19517,253,252,1
19518,120,119,1
19519,167,167,0
19520,248,248,0
19521,446,445,1
19522,126,122,4
19523,188,188,0
19524,40,40,0
19525,49,49,0
19526,133,132,1
19527,323,319,4
19528,400,398,2
19529,116,115,1
19530,171,170,1
19531,548,548,0
19532,281,281,0
19533,130,130,0
19534,125,125,0
19535,185,185,0
19536,123,123,0
19537,93,93,0
19538,143,143,0
19539,477,477,0
19540,315,311,4
19541,226,225,1
19542,169,167,2
19543,1029,1025,4
19544,126,126,0
19545,126,126,0
19546,136,136,0
19547,167,165,2
19548,189,188,1
19549,170,169,1
19550,199,199,0
19551,190,190,0
19552,175,173,2
19553,438,437,1
19554,991,990,1
19555,195,195,0
19556,213,209,4
19557,144,144,0
19558,132,132,0
19559,141,140,1
19560,217,216,1
19561,165,160,5
19562,180,178,2
19563,179,177,2
19564,121,121,0
19565,159,158,1
19566,206,205,1
19567,247,246,1
19568,918,917,1
19569,177,175,2
19570,392,388,4
19571,46,46,0
19572,154,154,0
19573,114,113,1
19574,334,332,2
19575,233,233,0
19576,130,130,0
19577,374,371,3
19578,82,81,1
19579,53,53,0
19580,554,551,3
19581,31,30,1
19582,363,358,5
19583,549,548,1
19584,109,109,0
19585,331,329,2
19586,536,534,2
19587,302,301,1
19588,126,126,0
19589,180,180,0
19590,405,404,1
19591,145,145,0
19592,214,214,0
19593,142,142,0
19594,175,175,0
19595,256,256,0
19596,68,68,0
19597,93,92,1
19598,253,253,0
19599,216,215,1
19600,235,234,1
19601,149,149,0
19602,232,231,1
19603,146,146,0
19604,124,123,1
19605,233,230,3
19606,688,680,8
19607,6,6,0
19608,140,140,0
19609,114,114,0
19610,247,247,0
19611,147,147,0
19612,211,211,0
19613,134,133,1
19614,210,208,2
19615,177,177,0
19616,53,53,0
19617,185,185,0
19618,163,161,2
19619,108,108,0
19620,189,189,0
19621,58,57,1
19622,239,238,1
19623,481,480,1
19624,445,442,3
19625,127,127,0
19626,143,143,0
19627,504,504,0
19628,166,164,2
19629,125,125,0
19630,252,251,1
19631,229,229,0
19632,124,124,0
19633,316,314,2
19634,185,185,0
19635,154,152,2
19636,291,287,4
19637,130,130,0
19638,184,184,0
19639,288,284,4
19640,365,362,3
19641,219,219,0
19642,541,538,3
19643,309,309,0
19644,361,360,1
19645,134,133,1
19646,237,236,1
19647,135,134,1
19648,161,161,0
19649,140,138,2
19650,155,155,0
19651,156,156,0
19652,146,146,0
19653,172,170,2
19654,254,254,0
19655,360,358,2
19656,321,317,4
19657,159,159,0
19658,174,173,1
19659,407,406,1
19660,160,158,2
19661,248,247,1
19662,212,212,0
19663,299,297,2
19664,144,141,3
19665,170,170,0
19666,498,497,1
19667,242,239,3
19668,51,51,0
19669,303,296,7
19670,501,501,0
19671,148,148,0
19672,59,59,0
19673,117,115,2
19674,238,237,1
19675,122,122,0
19676,169,169,0
19677,59,59,0
19678,167,165,2
19679,131,131,0
19680,350,347,3
19681,97,97,0
19682,312,310,2
19683,217,214,3
19684,148,148,0
19685,138,138,0
19686,111,111,0
19687,111,111,0
19688,98,98,0
19689,121,121,0
19690,264,262,2
19691,356,356,0
19692,572,572,0
19693,416,416,0
19694,144,143,1
19695,235,235,0
19696,172,172,0
19697,112,112,0
19698,304,304,0
19699,235,234,1
19700,552,552,0
19701,61,61,0
19702,92,91,1
19703,115,115,0
19704,117,116,1
19705,589,586,3
19706,54,54,0
19707,104,104,0
19708,32,32,0
19709,73,73,0
19710,107,107,0
19711,37,37,0
19712,110,109,1
19713,207,206,1
19714,57,57,0
19715,62,62,0
19716,129,128,1
19717,89,88,1
19718,64,64,0
19719,216,216,0
19720,277,276,1
19721,396,395,1
19722,207,204,3
19723,330,329,1
19724,293,291,2
19725,195,195,0
19726,369,369,0
19727,31,31,0
19728,158,158,0
19729,53,53,0
19730,57,57,0
19731,126,124,2
19732,121,119,2
19733,175,175,0
19734,296,295,1
19735,266,265,1
19736,222,222,0
19737,160,159,1
19738,142,142,0
19739,113,113,0
19740,170,169,1
19741,63,62,1
19742,414,412,2
19743,890,886,4
19744,163,163,0
19745,141,141,0
19746,179,179,0
19747,416,414,2
19748,49,48,1
19749,61,60,1
19750,113,113,0
19751,102,102,0
19752,161,161,0
19753,225,224,1
19754,182,181,1
19755,224,224,0
19756,136,135,1
19757,425,422,3
19758,293,293,0
19759,353,350,3
19760,143,143,0
19761,127,127,0
19762,197,194,3
19763,654,650,4
19764,312,311,1
19765,192,192,0
19766,242,240,2
19767,492,479,13
19768,93,91,2
19769,157,157,0
19770,134,133,1
19771,198,198,0
19772,248,248,0
19773,308,306,2
19774,128,128,0
19775,165,165,0
19776,359,355,4
19777,202,200,2
19778,141,141,0
19779,142,141,1
19780,162,161,1
19781,119,118,1
19782,192,191,1
19783,187,187,0
19784,213,213,0
19785,762,758,4
19786,311,311,0
19787,317,316,1
19788,251,250,1
19789,195,195,0
19790,119,119,0
19791,333,332,1
19792,423,423,0
19793,627,626,1
19794,768,766,2
19795,250,250,0
19796,119,119,0
19797,188,187,1
19798,553,553,0
19799,377,374,3
19800,250,249,1
19801,194,193,1
19802,73,73,0
19803,274,274,0
19804,144,144,0
19805,209,209,0
19806,415,413,2
19807,264,264,0
19808,146,146,0
19809,113,113,0
19810,556,554,2
19811,137,137,0
19812,168,167,1
19813,231,231,0
19814,99,99,0
19815,157,157,0
19816,124,124,0
19817,183,183,0
19818,142,140,2
19819,128,128,0
19820,113,113,0
19821,214,214,0
19822,283,282,1
19823,271,271,0
19824,195,195,0
19825,144,144,0
19826,36,36,0
19827,54,54,0
19828,140,140,0
19829,197,196,1
19830,156,154,2
19831,168,168,0
19832,128,128,0
19833,178,177,1
19834,1010,1006,4
19835,387,387,0
19836,677,676,1
19837,443,443,0
19838,289,289,0
19839,300,300,0
19840,165,165,0
19841,49,49,0
19842,277,277,0
19843,150,149,1
19844,503,503,0
19845,131,131,0
19846,150,150,0
19847,433,433,0
19848,151,151,0
19849,159,159,0
19850,232,231,1
19851,867,866,1
19852,164,164,0
19853,106,106,0
19854,91,91,0
19855,163,162,1
19856,333,331,2
19857,128,128,0
19858,688,688,0
19859,314,312,2
19860,309,309,0
19861,256,256,0
19862,936,929,7
19863,78,78,0
19864,54,54,0
19865,124,124,0
19866,603,602,1
19867,95,95,0
19868,41,41,0
19869,269,269,0
19870,162,162,0
19871,240,238,2
19872,51,51,0
19873,116,116,0
19874,108,108,0
19875,53,53,0
19876,103,103,0
19877,363,363,0
19878,198,198,0
19879,394,394,0
19880,158,158,0
19881,137,136,1
19882,193,193,0
19883,198,198,0
19884,367,366,1
19885,259,258,1
19886,271,271,0
19887,95,95,0
19888,424,422,2
19889,428,428,0
19890,598,598,0
19891,273,272,1
19892,140,140,0
19893,382,382,0
19894,207,207,0
19895,225,225,0
19896,124,123,1
19897,226,226,0
19898,179,179,0
19899,51,51,0
19900,163,163,0
19901,191,191,0
19902,140,140,0
19903,638,637,1
19904,603,603,0
19905,190,190,0
19906,130,130,0
19907,187,180,7
19908,125,124,1
19909,132,132,0
19910,148,148,0
19911,303,303,0
19912,122,119,3
19913,159,159,0
19914,152,147,5
19915,116,116,0
19916,253,251,2
19917,190,188,2
19918,128,125,3
19919,299,298,1
19920,145,145,0
19921,162,161,1
19922,162,162,0
19923,182,181,1
19924,119,119,0
19925,71,70,1
19926,126,126,0
19927,220,217,3
19928,99,99,0
19929,237,236,1
19930,358,358,0
19931,159,159,0
19932,173,172,1
19933,32,31,1
19934,109,109,0
19935,179,178,1
19936,124,124,0
19937,119,118,1
19938,35,35,0
19939,225,225,0
19940,152,152,0
19941,131,130,1
19942,197,196,1
19943,60,60,0
19944,145,143,2
19945,532,530,2
19946,118,117,1
19947,190,190,0
19948,51,51,0
19949,208,207,1
19950,447,445,2
19951,109,109,0
19952,261,261,0
19953,249,246,3
19954,220,220,0
19955,189,189,0
19956,113,113,0
19957,208,207,1
19958,118,118,0
19959,117,117,0
19960,102,102,0
19961,334,333,1
19962,205,204,1
19963,259,256,3
19964,293,291,2
19965,180,173,7
19966,119,117,2
19967,373,373,0
19968,216,215,1
19969,352,352,0
19970,451,448,3
19971,583,577,6
19972,142,141,1
19973,98,98,0
19974,251,250,1
19975,192,192,0
19976,130,130,0
19977,436,436,0
19978,130,130,0
19979,185,185,0
19980,218,218,0
19981,216,216,0
19982,128,127,1
19983,100,98,2
19984,544,542,2
19985,179,177,2
19986,326,321,5
19987,224,223,1
19988,180,180,0
19989,199,196,3
19990,79,79,0
19991,132,132,0
19992,100,99,1
19993,130,130,0
19994,128,128,0
19995,122,122,0
19996,240,236,4
19997,108,108,0
19998,120,120,0
19999,797,794,3
20000,187,187,0
20001,131,130,1
20002,193,191,2
20003,441,440,1
20004,118,117,1
20005,210,210,0
20006,332,326,6
20007,185,185,0
20008,479,477,2
20009,159,158,1
20010,134,132,2
20011,104,104,0
20012,81,81,0
20013,142,139,3
20014,83,83,0
20015,176,176,0
20016,263,263,0
20017,165,165,0
20018,168,168,0
20019,123,123,0
20020,129,129,0
20021,401,400,1
20022,169,169,0
20023,646,643,3
20024,935,930,5
20025,106,99,7
20026,768,761,7
20027,165,163,2
20028,146,146,0
20029,161,161,0
20030,101,101,0
20031,130,129,1
20032,52,49,3
20033,202,202,0
20034,63,63,0
20035,276,276,0
20036,378,371,7
20037,379,377,2
20038,73,73,0
20039,157,157,0
20040,117,117,0
20041,216,215,1
20042,135,135,0
20043,40,40,0
20044,284,282,2
20045,259,259,0
20046,513,513,0
20047,268,266,2
20048,187,187,0
20049,915,911,4
20050,221,221,0
20051,64,64,0
20052,898,897,1
20053,159,158,1
20054,156,156,0
20055,308,300,8
20056,196,196,0
20057,249,248,1
20058,598,597,1
20059,143,143,0
20060,671,670,1
20061,157,155,2
20062,38,38,0
20063,185,183,2
20064,234,234,0
20065,441,440,1
20066,197,197,0
20067,82,80,2
20068,174,173,1
20069,118,118,0
20070,343,340,3
20071,183,179,4
20072,83,83,0
20073,467,455,12
20074,242,233,9
20075,311,310,1
20076,156,156,0
20077,500,498,2
20078,251,251,0
20079,153,152,1
20080,128,128,0
20081,233,232,1
20082,197,195,2
20083,216,212,4
20084,189,189,0
20085,482,481,1
20086,193,193,0
20087,95,95,0
20088,259,258,1
20089,186,186,0
20090,359,359,0
20091,186,186,0
20092,197,197,0
20093,270,269,1
20094,218,216,2
20095,147,147,0
20096,605,605,0
20097,140,140,0
20098,325,323,2
20099,286,286,0
20100,367,366,1
20101,118,116,2
20102,331,330,1
20103,298,297,1
20104,348,348,0
20105,233,233,0
20106,167,167,0
20107,153,151,2
20108,241,241,0
20109,287,287,0
20110,191,191,0
20111,169,168,1
20112,182,182,0
20113,590,588,2
20114,138,138,0
20115,140,139,1
20116,545,545,0
20117,131,131,0
20118,203,201,2
20119,104,103,1
20120,109,109,0
20121,310,309,1
20122,217,217,0
20123,251,251,0
20124,149,149,0
20125,161,160,1
20126,106,106,0
20127,336,336,0
20128,127,127,0
20129,179,179,0
20130,145,145,0
20131,133,132,1
20132,507,507,0
20133,105,104,1
20134,190,190,0
20135,369,369,0
20136,307,307,0
20137,324,323,1
20138,558,557,1
20139,591,590,1
20140,100,100,0
20141,140,140,0
20142,158,158,0
20143,296,294,2
20144,336,335,1
20145,369,368,1
20146,154,154,0
20147,235,233,2
20148,148,148,0
20149,353,352,1
20150,159,159,0
20151,214,212,2
20152,116,116,0
20153,131,129,2
20154,440,436,4
20155,149,149,0
20156,213,211,2
20157,423,422,1
20158,164,164,0
20159,303,299,4
20160,824,815,9
20161,308,308,0
20162,114,114,0
20163,123,123,0
20164,139,138,1
20165,114,111,3
20166,286,286,0
20167,157,157,0
20168,120,120,0
20169,536,532,4
20170,244,244,0
20171,120,120,0
20172,209,209,0
20173,231,230,1
20174,120,120,0
20175,417,415,2
20176,415,412,3
20177,121,114,7
20178,560,559,1
20179,145,143,2
20180,262,252,10
20181,190,190,0
20182,297,297,0
20183,193,188,5
20184,690,685,5
20185,190,190,0
20186,228,228,0
20187,200,200,0
20188,324,323,1
20189,360,360,0
20190,545,542,3
20191,652,648,4
20192,307,306,1
20193,76,76,0
20194,43,43,0
20195,174,174,0
20196,368,368,0
20197,145,144,1
20198,51,51,0
20199,498,496,2
20200,199,199,0
20201,117,117,0
20202,313,313,0
20203,137,137,0
20204,141,141,0
20205,291,291,0
20206,142,141,1
20207,100,100,0
20208,146,142,4
20209,90,90,0
20210,445,445,0
20211,563,560,3
20212,280,279,1
20213,262,262,0
20214,124,124,0
20215,138,138,0
20216,302,302,0
20217,164,164,0
20218,435,435,0
20219,238,234,4
20220,190,190,0
20221,285,281,4
20222,138,138,0
20223,94,91,3
20224,423,420,3
20225,106,106,0
20226,105,104,1
20227,538,538,0
20228,395,393,2
20229,173,172,1
20230,153,153,0
20231,66,66,0
20232,109,109,0
20233,340,339,1
20234,110,110,0
20235,178,178,0
20236,114,114,0
20237,46,46,0
20238,145,145,0
20239,157,156,1
20240,214,213,1
20241,459,459,0
20242,1099,1096,3
20243,410,410,0
20244,297,293,4
20245,108,108,0
20246,250,250,0
20247,298,298,0
20248,210,210,0
20249,127,125,2
20250,410,407,3
20251,122,122,0
20252,196,195,1
20253,321,320,1
20254,177,176,1
20255,592,588,4
20256,155,155,0
20257,119,118,1
20258,192,191,1
20259,536,530,6
20260,256,256,0
20261,206,204,2
20262,387,387,0
20263,223,223,0
20264,387,386,1
20265,142,142,0
20266,297,297,0
20267,125,125,0
20268,563,561,2
20269,252,251,1
20270,556,556,0
20271,149,149,0
20272,65,65,0
20273,109,108,1
20274,417,416,1
20275,159,159,0
20276,118,118,0
20277,353,352,1
20278,463,463,0
20279,233,231,2
20280,278,273,5
20281,108,108,0
20282,207,204,3
20283,229,229,0
20284,298,297,1
20285,110,110,0
20286,397,396,1
20287,149,148,1
20288,163,160,3
20289,209,209,0
20290,144,144,0
20291,145,145,0
20292,471,471,0
20293,146,146,0
20294,289,288,1
20295,183,182,1
20296,231,231,0
20297,125,125,0
20298,106,106,0
20299,153,153,0
20300,182,181,1
20301,830,822,8
20302,404,403,1
20303,119,119,0
20304,209,209,0
20305,282,280,2
20306,125,124,1
20307,409,401,8
20308,160,160,0
20309,130,130,0
20310,229,226,3
20311,67,67,0
20312,107,107,0
20313,284,284,0
20314,987,983,4
20315,114,114,0
20316,135,134,1
20317,111,111,0
20318,286,286,0
20319,297,297,0
20320,169,169,0
20321,148,148,0
20322,267,266,1
20323,169,166,3
20324,117,116,1
20325,183,182,1
20326,288,287,1
20327,137,137,0
20328,580,580,0
20329,130,130,0
20330,129,128,1
20331,173,173,0
20332,261,261,0
20333,143,143,0
20334,444,443,1
20335,155,155,0
20336,598,594,4
20337,316,313,3
20338,132,132,0
20339,291,291,0
20340,145,145,0
20341,481,480,1
20342,179,179,0
20343,160,160,0
20344,108,108,0
20345,151,151,0
20346,286,286,0
20347,204,203,1
20348,337,335,2
20349,247,247,0
20350,141,141,0
20351,403,403,0
20352,184,184,0
20353,207,207,0
20354,134,133,1
20355,268,268,0
20356,298,297,1
20357,75,75,0
20358,86,85,1
20359,104,104,0
20360,197,197,0
20361,283,282,1
20362,144,144,0
20363,182,181,1
20364,86,84,2
20365,165,165,0
20366,313,311,2
20367,262,256,6
20368,444,442,2
20369,191,190,1
20370,141,141,0
20371,161,161,0
20372,98,98,0
20373,226,225,1
20374,197,197,0
20375,812,804,8
20376,80,80,0
20377,120,120,0
20378,287,286,1
20379,297,297,0
20380,477,476,1
20381,605,603,2
20382,121,120,1
20383,354,353,1
20384,216,216,0
20385,267,267,0
20386,86,86,0
20387,301,300,1
20388,139,139,0
20389,981,980,1
20390,130,130,0
20391,161,161,0
20392,224,223,1
20393,148,147,1
20394,112,112,0
20395,100,100,0
20396,175,175,0
20397,105,103,2
20398,139,139,0
20399,161,161,0
20400,188,187,1
20401,74,73,1
20402,74,72,2
20403,62,62,0
20404,139,139,0
20405,143,141,2
20406,130,128,2
20407,231,227,4
20408,442,441,1
20409,162,161,1
20410,124,124,0
20411,239,239,0
20412,339,339,0
20413,189,188,1
20414,177,176,1
20415,204,203,1
20416,181,181,0
20417,398,396,2
20418,92,92,0
20419,264,264,0
20420,229,227,2
20421,158,157,1
20422,124,123,1
20423,134,134,0
20424,132,132,0
20425,205,204,1
20426,382,380,2
20427,126,126,0
20428,126,123,3
20429,490,488,2
20430,177,177,0
20431,125,125,0
20432,269,269,0
20433,116,116,0
20434,422,422,0
20435,211,210,1
20436,906,900,6
20437,134,134,0
20438,115,114,1
20439,434,432,2
20440,140,139,1
20441,185,185,0
20442,145,145,0
20443,515,513,2
20444,38,36,2
20445,167,167,0
20446,188,188,0
20447,96,96,0
20448,67,67,0
20449,404,402,2
20450,378,377,1
20451,132,131,1
20452,88,87,1
20453,95,95,0
20454,368,368,0
20455,185,183,2
20456,145,145,0
20457,227,227,0
20458,189,189,0
20459,1011,1005,6
20460,267,266,1
20461,141,141,0
20462,443,443,0
20463,145,145,0
20464,197,197,0
20465,923,923,0
20466,143,143,0
20467,327,327,0
20468,129,129,0
20469,132,132,0
20470,49,48,1
20471,121,121,0
20472,149,147,2
20473,270,270,0
20474,409,408,1
20475,355,347,8
20476,229,229,0
20477,115,115,0
20478,172,171,1
20479,129,129,0
20480,384,382,2
20481,127,127,0
20482,426,424,2
20483,326,326,0
20484,342,332,10
20485,438,436,2
20486,121,121,0
20487,167,167,0
20488,191,190,1
20489,361,361,0
20490,212,211,1
20491,363,360,3
20492,331,330,1
20493,198,198,0
20494,138,138,0
20495,161,161,0
20496,265,264,1
20497,265,262,3
20498,120,120,0
20499,178,177,1
20500,202,201,1
20501,210,210,0
20502,143,141,2
20503,117,117,0
20504,559,558,1
20505,182,182,0
20506,122,121,1
20507,241,241,0
20508,142,141,1
20509,135,135,0
20510,175,175,0
20511,123,121,2
20512,937,935,2
20513,330,327,3
20514,270,268,2
20515,332,332,0
20516,223,221,2
20517,183,180,3
20518,544,544,0
20519,328,328,0
20520,216,216,0
20521,732,727,5
20522,279,274,5
20523,132,132,0
20524,568,568,0
20525,359,358,1
20526,553,550,3
20527,254,252,2
20528,163,163,0
20529,89,89,0
20530,78,78,0
20531,368,368,0
20532,110,110,0
20533,118,118,0
20534,62,62,0
20535,177,177,0
20536,134,134,0
20537,152,151,1
20538,213,213,0
20539,124,124,0
20540,119,119,0
20541,174,174,0
20542,400,400,0
20543,144,144,0
20544,86,86,0
20545,172,171,1
20546,169,169,0
20547,111,111,0
20548,542,539,3
20549,208,206,2
20550,691,691,0
20551,217,217,0
20552,62,61,1
20553,153,153,0
20554,143,143,0
20555,379,378,1
20556,109,109,0
20557,174,174,0
20558,126,126,0
20559,225,225,0
20560,74,74,0
20561,682,676,6
20562,275,275,0
20563,101,100,1
20564,292,291,1
20565,112,112,0
20566,132,132,0
20567,488,487,1
20568,318,314,4
20569,241,240,1
20570,163,162,1
20571,582,580,2
20572,210,210,0
20573,157,157,0
20574,851,851,0
20575,265,265,0
20576,108,104,4
20577,389,389,0
20578,357,356,1
20579,249,248,1
20580,117,117,0
20581,160,160,0
20582,192,191,1
20583,290,287,3
20584,121,119,2
20585,119,119,0
20586,404,403,1
20587,77,77,0
20588,136,136,0
20589,63,63,0
20590,46,46,0
20591,57,56,1
20592,135,135,0
20593,119,118,1
20594,228,227,1
20595,198,198,0
20596,98,98,0
20597,161,157,4
20598,121,120,1
20599,158,158,0
20600,91,91,0
20601,823,822,1
20602,289,289,0
20603,152,152,0
20604,181,181,0
20605,282,282,0
20606,144,144,0
20607,204,203,1
20608,129,127,2
20609,228,223,5
20610,244,244,0
20611,83,82,1
20612,127,126,1
20613,128,128,0
20614,477,477,0
20615,156,156,0
20616,140,138,2
20617,129,129,0
20618,215,214,1
20619,170,170,0
20620,158,158,0
20621,135,135,0
20622,215,215,0
20623,191,191,0
20624,46,46,0
20625,154,153,1
20626,120,119,1
20627,220,209,11
20628,322,320,2
20629,224,223,1
20630,106,106,0
20631,177,177,0
20632,125,125,0
20633,193,192,1
20634,144,143,1
20635,317,317,0
20636,429,425,4
20637,145,144,1
20638,380,379,1
20639,341,340,1
20640,442,442,0
20641,375,374,1
20642,518,515,3
20643,234,234,0
20644,157,157,0
20645,121,119,2
20646,134,134,0
20647,46,46,0
20648,186,186,0
20649,173,172,1
20650,124,124,0
20651,164,164,0
20652,218,218,0
20653,374,373,1
20654,98,98,0
20655,145,145,0
20656,706,705,1
20657,182,182,0
20658,197,197,0
20659,137,137,0
20660,108,107,1
20661,134,134,0
20662,284,283,1
20663,111,111,0
20664,499,499,0
20665,177,176,1
20666,378,376,2
20667,192,192,0
20668,170,170,0
20669,213,213,0
20670,386,384,2
20671,305,294,11
20672,374,363,11
20673,177,176,1
20674,212,211,1
20675,132,131,1
20676,577,571,6
20677,195,194,1
20678,305,304,1
20679,322,318,4
20680,90,90,0
20681,199,199,0
20682,507,507,0
20683,169,169,0
20684,245,243,2
20685,66,64,2
20686,748,745,3
20687,874,868,6
20688,175,175,0
20689,145,145,0
20690,117,116,1
20691,154,154,0
20692,33,33,0
20693,104,104,0
20694,393,392,1
20695,200,197,3
20696,52,52,0
20697,347,343,4
20698,120,119,1
20699,239,237,2
20700,460,458,2
20701,540,537,3
20702,209,208,1
20703,397,397,0
20704,489,489,0
20705,171,169,2
20706,104,102,2
20707,122,122,0
20708,91,91,0
20709,919,919,0
20710,367,367,0
20711,152,152,0
20712,138,137,1
20713,119,119,0
20714,161,161,0
20715,302,302,0
20716,170,170,0
20717,156,155,1
20718,89,89,0
20719,290,289,1
20720,155,155,0
20721,122,122,0
20722,141,140,1
20723,107,107,0
20724,68,67,1
20725,193,193,0
20726,137,136,1
20727,160,159,1
20728,316,314,2
20729,740,736,4
20730,338,337,1
20731,174,174,0
20732,203,202,1
20733,87,86,1
20734,69,69,0
20735,485,484,1
20736,311,310,1
20737,407,405,2
20738,206,206,0
20739,476,475,1
20740,183,183,0
20741,113,113,0
20742,140,139,1
20743,116,116,0
20744,404,403,1
20745,123,122,1
20746,244,244,0
20747,438,434,4
20748,225,225,0
20749,377,377,0
20750,724,723,1
20751,137,137,0
20752,160,160,0
20753,191,191,0
20754,935,935,0
20755,154,154,0
20756,181,181,0
20757,174,174,0
20758,289,289,0
20759,566,566,0
20760,652,648,4
20761,68,68,0
20762,181,181,0
20763,96,96,0
20764,228,228,0
20765,145,145,0
20766,162,162,0
20767,377,375,2
20768,156,155,1
20769,209,209,0
20770,119,118,1
20771,435,430,5
20772,74,72,2
20773,90,89,1
20774,123,122,1
20775,143,142,1
20776,176,176,0
20777,55,55,0
20778,158,157,1
20779,190,190,0
20780,140,140,0
20781,191,184,7
20782,306,304,2
20783,354,351,3
20784,194,194,0
20785,207,207,0
20786,151,145,6
20787,107,107,0
20788,314,314,0
20789,174,174,0
20790,225,225,0
20791,127,126,1
20792,127,127,0
20793,153,153,0
20794,98,98,0
20795,158,158,0
20796,132,132,0
20797,270,269,1
20798,125,125,0
20799,148,148,0
20800,221,221,0
20801,345,344,1
20802,191,190,1
20803,181,181,0
20804,371,371,0
20805,146,144,2
20806,346,344,2
20807,216,216,0
20808,248,245,3
20809,188,188,0
20810,176,176,0
20811,46,46,0
20812,163,163,0
20813,154,154,0
20814,250,250,0
20815,142,141,1
20816,140,139,1
20817,129,129,0
20818,137,137,0
20819,125,125,0
20820,151,150,1
20821,992,988,4
20822,151,151,0
20823,271,271,0
20824,259,258,1
20825,225,225,0
20826,610,610,0
20827,290,290,0
20828,200,200,0
20829,125,124,1
20830,148,148,0
20831,802,801,1
20832,310,307,3
20833,579,577,2
20834,59,59,0
20835,120,120,0
20836,155,155,0
20837,173,171,2
20838,387,386,1
20839,229,229,0
20840,261,261,0
20841,612,612,0
20842,492,490,2
20843,274,273,1
20844,184,184,0
20845,341,339,2
20846,336,335,1
20847,143,143,0
20848,75,75,0
20849,173,172,1
20850,169,163,6
20851,141,141,0
20852,201,200,1
20853,114,114,0
20854,395,393,2
20855,469,469,0
20856,128,128,0
20857,205,204,1
20858,460,457,3
20859,143,142,1
20860,288,288,0
20861,188,184,4
20862,548,547,1
20863,128,126,2
20864,189,189,0
20865,137,137,0
20866,177,176,1
20867,93,93,0
20868,146,141,5
20869,106,103,3
20870,112,112,0
20871,197,197,0
20872,161,161,0
20873,103,103,0
20874,299,299,0
20875,48,48,0
20876,130,128,2
20877,96,96,0
20878,340,336,4
20879,144,144,0
20880,84,84,0
20881,104,104,0
20882,50,50,0
20883,168,165,3
20884,84,84,0
20885,123,123,0
20886,104,103,1
20887,185,183,2
20888,111,111,0
20889,132,132,0
20890,158,158,0
20891,332,331,1
20892,180,180,0
20893,292,292,0
20894,49,47,2
20895,407,406,1
20896,79,79,0
20897,382,382,0
20898,380,379,1
20899,434,430,4
20900,188,186,2
20901,126,126,0
20902,170,170,0
20903,207,207,0
20904,214,212,2
20905,208,206,2
20906,76,76,0
20907,251,251,0
20908,123,123,0
20909,274,274,0
20910,261,261,0
20911,921,920,1
20912,614,611,3
20913,196,194,2
20914,238,238,0
20915,271,271,0
20916,454,452,2
20917,168,166,2
20918,169,168,1
20919,319,318,1
20920,69,68,1
20921,211,210,1
20922,136,136,0
20923,701,698,3
20924,425,425,0
20925,555,554,1
20926,285,283,2
20927,89,89,0
20928,150,150,0
20929,28,28,0
20930,48,48,0
20931,111,111,0
20932,116,116,0
20933,122,122,0
20934,46,45,1
20935,119,119,0
20936,227,227,0
20937,579,573,6
20938,50,50,0
20939,149,149,0
20940,110,109,1
20941,53,53,0
20942,193,192,1
20943,346,346,0
20944,222,222,0
20945,256,256,0
20946,137,137,0
20947,556,554,2
20948,758,758,0
20949,170,167,3
20950,206,206,0
20951,212,212,0
20952,336,336,0
20953,114,114,0
20954,674,670,4
20955,761,756,5
20956,341,341,0
20957,125,125,0
20958,226,226,0
20959,46,46,0
20960,162,160,2
20961,126,124,2
20962,564,560,4
20963,102,102,0
20964,131,129,2
20965,126,125,1
20966,210,209,1
20967,154,154,0
20968,677,675,2
20969,210,210,0
20970,127,126,1
20971,375,374,1
20972,280,279,1
20973,168,165,3
20974,776,775,1
20975,111,111,0
20976,525,524,1
20977,279,279,0
20978,227,227,0
20979,154,154,0
20980,141,141,0
20981,179,179,0
20982,125,124,1
20983,237,236,1
20984,132,131,1
20985,106,105,1
20986,121,121,0
20987,169,169,0
20988,228,228,0
20989,126,126,0
20990,231,231,0
20991,211,211,0
20992,124,122,2
20993,207,207,0
20994,48,48,0
20995,372,371,1
20996,196,196,0
20997,189,189,0
20998,176,175,1
20999,74,73,1
21000,311,311,0
21001,111,110,1
21002,167,167,0
21003,129,129,0
21004,134,134,0
21005,463,462,1
21006,465,465,0
21007,134,134,0
21008,347,347,0
21009,221,221,0
21010,135,135,0
21011,400,397,3
21012,607,605,2
21013,424,424,0
21014,160,160,0
21015,713,712,1
21016,233,233,0
21017,424,423,1
21018,125,125,0
21019,218,217,1
21020,158,158,0
21021,377,377,0
21022,122,122,0
21023,151,151,0
21024,133,133,0
21025,113,112,1
21026,175,175,0
21027,91,91,0
21028,523,522,1
21029,141,141,0
21030,173,171,2
21031,458,456,2
21032,157,157,0
21033,173,171,2
21034,207,207,0
21035,158,158,0
21036,228,228,0
21037,295,293,2
21038,208,208,0
21039,148,148,0
21040,100,100,0
21041,328,325,3
21042,145,145,0
21043,75,74,1
21044,122,122,0
21045,423,421,2
21046,209,209,0
21047,288,288,0
21048,513,509,4
21049,109,108,1
21050,105,104,1
21051,171,171,0
21052,381,380,1
21053,208,207,1
21054,172,172,0
21055,115,115,0
21056,127,126,1
21057,289,289,0
21058,100,100,0
21059,118,117,1
21060,349,348,1
21061,781,781,0
21062,206,206,0
21063,170,170,0
21064,175,175,0
21065,121,121,0
21066,130,130,0
21067,132,132,0
21068,154,152,2
21069,285,283,2
21070,154,154,0
21071,196,196,0
21072,110,110,0
21073,186,185,1
21074,112,112,0
21075,66,66,0
21076,87,84,3
21077,339,336,3
21078,114,114,0
21079,168,168,0
21080,72,72,0
21081,106,106,0
21082,132,132,0
21083,144,144,0
21084,182,182,0
21085,45,45,0
21086,44,44,0
21087,96,93,3
21088,174,173,1
21089,111,111,0
21090,113,113,0
21091,458,458,0
21092,642,640,2
21093,112,112,0
21094,177,176,1
21095,121,121,0
21096,385,385,0
21097,109,108,1
21098,136,133,3
21099,139,138,1
21100,41,40,1
21101,101,101,0
21102,366,366,0
21103,100,100,0
21104,212,212,0
21105,194,189,5
21106,243,242,1
21107,122,122,0
21108,128,126,2
21109,55,55,0
21110,75,75,0
21111,128,127,1
21112,147,145,2
21113,138,137,1
21114,147,143,4
21115,59,59,0
21116,256,254,2
21117,578,574,4
21118,179,179,0
21119,181,181,0
21120,156,155,1
21121,101,101,0
21122,158,158,0
21123,436,433,3
21124,141,139,2
21125,123,123,0
21126,222,219,3
21127,215,214,1
21128,470,468,2
21129,108,107,1
21130,141,140,1
21131,114,114,0
21132,202,202,0
21133,180,179,1
21134,83,83,0
21135,104,103,1
21136,88,87,1
21137,212,212,0
21138,132,132,0
21139,313,313,0
21140,266,266,0
21141,208,208,0
21142,136,134,2
21143,236,236,0
21144,106,106,0
21145,130,129,1
21146,157,156,1
21147,123,123,0
21148,125,125,0
21149,171,171,0
21150,498,495,3
21151,166,165,1
21152,160,159,1
21153,135,134,1
21154,170,168,2
21155,212,212,0
21156,630,628,2
21157,411,407,4
21158,153,153,0
21159,403,402,1
21160,87,87,0
21161,221,221,0
21162,86,86,0
21163,50,45,5
21164,98,98,0
21165,122,122,0
21166,388,386,2
21167,125,125,0
21168,88,88,0
21169,82,81,1
21170,77,77,0
21171,252,252,0
21172,195,194,1
21173,507,507,0
21174,411,408,3
21175,156,156,0
21176,208,208,0
21177,54,54,0
21178,203,200,3
21179,226,226,0
21180,361,358,3
21181,127,127,0
21182,110,110,0
21183,171,171,0
21184,313,313,0
21185,256,256,0
21186,208,206,2
21187,324,323,1
21188,78,77,1
21189,674,671,3
21190,173,173,0
21191,356,355,1
21192,846,841,5
21193,312,311,1
21194,459,453,6
21195,300,298,2
21196,196,196,0
21197,128,128,0
21198,218,218,0
21199,123,123,0
21200,331,331,0
21201,126,125,1
21202,270,269,1
21203,843,842,1
21204,123,123,0
21205,368,366,2
21206,483,483,0
21207,164,163,1
21208,390,385,5
21209,168,168,0
21210,138,138,0
21211,134,134,0
21212,131,131,0
21213,150,150,0
21214,321,321,0
21215,141,140,1
21216,475,474,1
21217,176,176,0
21218,123,123,0
21219,481,481,0
21220,128,128,0
21221,158,157,1
21222,121,121,0
21223,565,565,0
21224,249,249,0
21225,115,114,1
21226,184,182,2
21227,63,63,0
21228,56,55,1
21229,223,223,0
21230,273,271,2
21231,135,135,0
21232,133,131,2
21233,176,173,3
21234,338,333,5
21235,123,123,0
21236,319,316,3
21237,116,114,2
21238,154,150,4
21239,131,131,0
21240,56,55,1
21241,76,74,2
21242,148,148,0
21243,227,227,0
21244,148,148,0
21245,156,156,0
21246,131,131,0
21247,60,60,0
21248,197,197,0
21249,117,117,0
21250,224,221,3
21251,235,234,1
21252,150,146,4
21253,22,22,0
21254,141,141,0
21255,68,68,0
21256,55,55,0
21257,158,158,0
21258,136,135,1
21259,189,189,0
21260,289,288,1
21261,75,75,0
21262,30,30,0
21263,98,98,0
21264,96,96,0
21265,148,148,0
21266,181,180,1
21267,80,80,0
21268,132,132,0
21269,39,39,0
21270,147,147,0
21271,126,126,0
21272,558,558,0
21273,180,180,0
21274,248,248,0
21275,182,179,3
21276,156,156,0
21277,74,74,0
21278,124,123,1
21279,232,230,2
21280,193,193,0
21281,135,135,0
21282,81,81,0
21283,105,105,0
21284,218,209,9
21285,178,178,0
21286,262,261,1
21287,131,131,0
21288,141,140,1
21289,284,283,1
21290,141,141,0
21291,179,174,5
21292,237,236,1
21293,232,226,6
21294,143,143,0
21295,121,121,0
21296,221,220,1
21297,110,110,0
21298,660,658,2
21299,357,354,3
21300,192,192,0
21301,160,159,1
21302,184,175,9
21303,138,137,1
21304,174,173,1
21305,281,280,1
21306,575,573,2
21307,822,819,3
21308,281,281,0
21309,370,369,1
21310,125,123,2
21311,125,123,2
21312,169,168,1
21313,150,150,0
21314,200,200,0
21315,223,223,0
21316,149,147,2
21317,132,128,4
21318,184,184,0
21319,128,127,1
21320,742,741,1
21321,145,145,0
21322,115,113,2
21323,153,152,1
21324,125,125,0
21325,238,238,0
21326,329,328,1
21327,77,77,0
21328,217,214,3
21329,173,173,0
21330,130,129,1
21331,219,219,0
21332,52,52,0
21333,167,167,0
21334,754,752,2
21335,288,288,0
21336,159,159,0
21337,180,180,0
21338,377,372,5
21339,375,375,0
21340,496,494,2
21341,305,305,0
21342,458,458,0
21343,213,213,0
21344,120,120,0
21345,145,145,0
21346,149,149,0
21347,140,139,1
21348,144,144,0
21349,122,122,0
21350,158,157,1
21351,121,121,0
21352,243,243,0
21353,60,60,0
21354,152,151,1
21355,237,237,0
21356,65,65,0
21357,53,53,0
21358,53,52,1
21359,124,124,0
21360,76,76,0
21361,39,38,1
21362,134,132,2
21363,52,52,0
21364,157,157,0
21365,168,166,2
21366,80,77,3
21367,56,56,0
21368,132,131,1
21369,47,47,0
21370,120,120,0
21371,287,287,0
21372,579,577,2
21373,70,70,0
21374,307,300,7
21375,155,155,0
21376,131,130,1
21377,592,590,2
21378,144,144,0
21379,91,89,2
21380,73,73,0
21381,139,139,0
21382,196,194,2
21383,222,222,0
21384,150,150,0
21385,229,229,0
21386,440,436,4
21387,154,153,1
21388,85,85,0
21389,202,202,0
21390,194,194,0
21391,127,127,0
21392,109,109,0
21393,269,269,0
21394,186,186,0
21395,113,113,0
21396,159,159,0
21397,228,228,0
21398,440,437,3
21399,219,219,0
21400,112,111,1
21401,575,570,5
21402,628,626,2
21403,253,253,0
21404,168,168,0
21405,149,149,0
21406,155,154,1
21407,205,205,0
21408,257,257,0
21409,189,188,1
21410,254,251,3
21411,120,120,0
21412,234,234,0
21413,115,115,0
21414,152,151,1
21415,559,553,6
21416,288,284,4
21417,122,122,0
21418,204,204,0
21419,76,74,2
21420,160,160,0
21421,222,222,0
21422,127,127,0
21423,75,74,1
21424,246,242,4
21425,122,121,1
21426,61,61,0
21427,187,186,1
21428,96,96,0
21429,127,126,1
21430,277,275,2
21431,157,157,0
21432,115,115,0
21433,366,366,0
21434,117,117,0
21435,119,119,0
21436,111,111,0
21437,305,304,1
21438,149,149,0
21439,119,118,1
21440,224,224,0
21441,135,135,0
21442,284,283,1
21443,576,575,1
21444,177,177,0
21445,226,226,0
21446,134,134,0
21447,122,122,0
21448,140,140,0
21449,164,164,0
21450,325,325,0
21451,207,206,1
21452,188,188,0
21453,323,320,3
21454,151,151,0
21455,250,250,0
21456,284,281,3
21457,231,231,0
21458,105,105,0
21459,172,172,0
21460,229,229,0
21461,126,125,1
21462,112,111,1
21463,111,111,0
21464,146,146,0
21465,228,228,0
21466,132,132,0
21467,117,115,2
21468,93,92,1
21469,121,121,0
21470,138,135,3
21471,124,123,1
21472,357,357,0
21473,113,111,2
21474,216,215,1
21475,290,290,0
21476,196,196,0
21477,121,119,2
21478,201,201,0
21479,59,59,0
21480,178,178,0
21481,266,265,1
21482,698,695,3
21483,154,153,1
21484,411,411,0
21485,382,377,5
21486,130,130,0
21487,246,246,0
21488,62,62,0
21489,897,896,1
21490,77,75,2
21491,249,249,0
21492,253,251,2
21493,82,81,1
21494,63,63,0
21495,358,358,0
21496,224,224,0
21497,135,135,0
21498,131,130,1
21499,6,6,0
21500,330,327,3
21501,127,127,0
21502,258,257,1
21503,44,44,0
21504,132,132,0
21505,387,387,0
21506,95,94,1
21507,106,105,1
21508,384,381,3
21509,1024,1022,2
21510,117,117,0
21511,62,62,0
21512,119,119,0
21513,473,471,2
21514,131,131,0
21515,130,130,0
21516,159,159,0
21517,222,220,2
21518,142,142,0
21519,387,385,2
21520,49,49,0
21521,129,129,0
21522,113,112,1
21523,129,129,0
21524,244,244,0
21525,157,156,1
21526,164,164,0
21527,914,907,7
21528,198,197,1
21529,189,188,1
21530,625,623,2
21531,185,185,0
21532,295,290,5
21533,289,287,2
21534,130,130,0
21535,281,281,0
21536,113,113,0
21537,134,134,0
21538,88,88,0
21539,252,250,2
21540,116,116,0
21541,174,174,0
21542,422,420,2
21543,124,124,0
21544,58,58,0
21545,214,214,0
21546,65,65,0
21547,139,137,2
21548,164,164,0
21549,225,225,0
21550,597,597,0
21551,184,181,3
21552,138,138,0
21553,115,115,0
21554,165,165,0
21555,290,289,1
21556,150,150,0
21557,164,164,0
21558,161,161,0
21559,120,119,1
21560,269,268,1
21561,104,104,0
21562,233,233,0
21563,461,459,2
21564,424,424,0
21565,328,326,2
21566,288,283,5
21567,161,161,0
21568,181,181,0
21569,223,216,7
21570,104,103,1
21571,117,116,1
21572,536,530,6
21573,218,218,0
21574,225,220,5
21575,188,188,0
21576,96,96,0
21577,54,53,1
21578,418,418,0
21579,297,297,0
21580,290,288,2
21581,359,359,0
21582,221,220,1
21583,419,419,0
21584,586,585,1
21585,340,340,0
21586,434,433,1
21587,195,193,2
21588,102,102,0
21589,57,57,0
21590,359,359,0
21591,243,242,1
21592,144,143,1
21593,436,435,1
21594,286,286,0
21595,261,261,0
21596,130,130,0
21597,129,129,0
21598,818,809,9
21599,150,149,1
21600,154,154,0
21601,202,201,1
21602,266,263,3
21603,444,441,3
21604,141,141,0
21605,112,112,0
21606,126,126,0
21607,42,42,0
21608,168,168,0
21609,310,310,0
21610,282,281,1
21611,193,192,1
21612,116,114,2
21613,191,191,0
21614,127,127,0
21615,143,142,1
21616,290,288,2
21617,153,152,1
21618,119,117,2
21619,201,201,0
21620,75,74,1
21621,156,156,0
21622,772,771,1
21623,210,210,0
21624,210,208,2
21625,172,172,0
21626,318,318,0
21627,459,458,1
21628,389,389,0
21629,256,256,0
21630,126,123,3
21631,267,267,0
21632,419,418,1
21633,287,285,2
21634,693,692,1
21635,328,311,17
21636,377,377,0
21637,995,993,2
21638,374,373,1
21639,545,545,0
21640,174,173,1
21641,188,188,0
21642,57,57,0
21643,135,135,0
21644,155,154,1
21645,140,140,0
21646,601,600,1
21647,157,157,0
21648,120,120,0
21649,331,330,1
21650,80,78,2
21651,160,160,0
21652,85,85,0
21653,234,234,0
21654,139,138,1
21655,122,122,0
21656,202,202,0
21657,136,136,0
21658,176,176,0
21659,173,171,2
21660,145,143,2
21661,309,309,0
21662,552,549,3
21663,418,410,8
21664,157,154,3
21665,292,291,1
21666,327,327,0
21667,83,82,1
21668,55,54,1
21669,176,176,0
21670,88,88,0
21671,128,128,0
21672,129,129,0
21673,277,276,1
21674,40,40,0
21675,133,133,0
21676,135,135,0
21677,405,404,1
21678,476,473,3
21679,52,52,0
21680,143,141,2
21681,106,106,0
21682,249,247,2
21683,79,78,1
21684,103,103,0
21685,161,161,0
21686,410,409,1
21687,131,130,1
21688,259,258,1
21689,167,167,0
21690,149,148,1
21691,374,374,0
21692,161,161,0
21693,71,71,0
21694,457,450,7
21695,132,132,0
21696,99,98,1
21697,96,96,0
21698,126,126,0
21699,162,161,1
21700,128,128,0
21701,294,293,1
21702,191,190,1
21703,119,116,3
21704,422,420,2
21705,9,9,0
21706,82,82,0
21707,411,410,1
21708,199,196,3
21709,134,132,2
21710,34,34,0
21711,662,660,2
21712,180,179,1
21713,101,95,6
21714,127,125,2
21715,197,195,2
21716,76,69,7
21717,228,228,0
21718,499,497,2
21719,174,172,2
21720,465,463,2
21721,98,98,0
21722,210,210,0
21723,254,254,0
21724,328,328,0
21725,127,127,0
21726,160,160,0
21727,119,119,0
21728,147,145,2
21729,327,323,4
21730,124,124,0
21731,904,901,3
21732,143,143,0
21733,98,98,0
21734,204,204,0
21735,342,342,0
21736,1021,1021,0
21737,195,195,0
21738,176,174,2
21739,179,179,0
21740,239,237,2
21741,133,131,2
21742,99,99,0
21743,170,169,1
21744,171,171,0
21745,208,208,0
21746,172,171,1
21747,263,263,0
21748,172,172,0
21749,193,192,1
21750,236,234,2
21751,401,400,1
21752,119,119,0
21753,168,167,1
21754,344,343,1
21755,173,170,3
21756,232,230,2
21757,191,191,0
21758,273,273,0
21759,424,420,4
21760,213,213,0
21761,43,42,1
21762,402,400,2
21763,199,197,2
21764,163,163,0
21765,110,110,0
21766,314,311,3
21767,455,451,4
21768,691,685,6
21769,150,150,0
21770,58,58,0
21771,175,175,0
21772,192,191,1
21773,112,112,0
21774,67,67,0
21775,67,67,0
21776,363,363,0
21777,606,605,1
21778,132,132,0
21779,82,82,0
21780,132,132,0
21781,116,116,0
21782,126,126,0
21783,107,107,0
21784,399,397,2
21785,169,168,1
21786,255,254,1
21787,144,144,0
21788,899,898,1
21789,210,210,0
21790,157,155,2
21791,56,56,0
21792,164,164,0
21793,464,462,2
21794,130,130,0
21795,228,224,4
21796,194,193,1
21797,130,128,2
21798,246,246,0
21799,134,132,2
21800,211,211,0
21801,203,203,0
21802,288,288,0
21803,160,159,1
21804,223,223,0
21805,376,376,0
21806,462,460,2
21807,122,122,0
21808,274,274,0
21809,180,179,1
21810,194,188,6
21811,164,164,0
21812,129,128,1
21813,352,351,1
21814,316,314,2
21815,542,542,0
21816,347,344,3
21817,406,406,0
21818,357,355,2
21819,130,130,0
21820,185,185,0
21821,117,117,0
21822,229,226,3
21823,267,267,0
21824,784,780,4
21825,47,47,0
21826,118,118,0
21827,151,150,1
21828,131,131,0
21829,231,231,0
21830,157,157,0
21831,248,247,1
21832,281,281,0
21833,105,105,0
21834,204,202,2
21835,197,196,1
21836,144,142,2
21837,125,125,0
21838,146,143,3
21839,96,96,0
21840,338,337,1
21841,165,159,6
21842,417,412,5
21843,167,167,0
21844,198,198,0
21845,127,125,2
21846,137,137,0
21847,126,126,0
21848,252,252,0
21849,137,136,1
21850,454,454,0
21851,148,148,0
21852,130,127,3
21853,225,223,2
21854,113,113,0
21855,43,43,0
21856,525,524,1
21857,142,142,0
21858,122,122,0
21859,130,130,0
21860,207,206,1
21861,376,374,2
21862,162,161,1
21863,212,212,0
21864,128,127,1
21865,68,68,0
21866,201,200,1
21867,324,321,3
21868,100,98,2
21869,53,53,0
21870,87,87,0
21871,201,201,0
21872,112,112,0
21873,134,134,0
21874,186,186,0
21875,105,105,0
21876,130,130,0
21877,240,239,1
21878,216,215,1
21879,350,350,0
21880,156,156,0
21881,152,150,2
21882,144,144,0
21883,311,311,0
21884,145,145,0
21885,124,124,0
21886,268,262,6
21887,111,111,0
21888,638,638,0
21889,85,85,0
21890,137,137,0
21891,127,126,1
21892,112,112,0
21893,131,131,0
21894,144,144,0
21895,232,231,1
21896,321,321,0
21897,221,220,1
21898,655,654,1
21899,231,231,0
21900,221,221,0
21901,312,309,3
21902,250,247,3
21903,133,133,0
21904,193,193,0
21905,139,139,0
21906,969,967,2
21907,515,515,0
21908,541,541,0
21909,662,659,3
21910,237,235,2
21911,128,120,8
21912,167,167,0
21913,179,177,2
21914,452,450,2
21915,161,161,0
21916,56,55,1
21917,160,159,1
21918,151,151,0
21919,242,239,3
21920,360,360,0
21921,167,165,2
21922,168,168,0
21923,233,233,0
21924,378,375,3
21925,143,142,1
21926,241,241,0
21927,467,465,2
21928,141,140,1
21929,137,137,0
21930,147,147,0
21931,153,152,1
21932,198,198,0
21933,524,521,3
21934,130,130,0
21935,559,558,1
21936,115,115,0
21937,147,144,3
21938,128,128,0
21939,197,197,0
21940,782,779,3
21941,161,160,1
21942,371,371,0
21943,1033,1031,2
21944,72,72,0
21945,588,587,1
21946,345,345,0
21947,166,166,0
21948,114,114,0
21949,621,620,1
21950,123,123,0
21951,222,222,0
21952,201,201,0
21953,340,337,3
21954,127,126,1
21955,185,185,0
21956,601,596,5
21957,86,85,1
21958,114,113,1
21959,550,548,2
21960,791,788,3
21961,124,124,0
21962,164,163,1
21963,122,122,0
21964,114,113,1
21965,119,119,0
21966,260,259,1
21967,115,114,1
21968,111,111,0
21969,413,413,0
21970,193,193,0
21971,146,146,0
21972,155,155,0
21973,349,349,0
21974,287,287,0
21975,172,171,1
21976,262,261,1
21977,362,359,3
21978,103,103,0
21979,173,172,1
21980,481,481,0
21981,235,235,0
21982,136,136,0
21983,202,200,2
21984,145,145,0
21985,176,176,0
21986,324,324,0
21987,355,355,0
21988,300,300,0
21989,262,259,3
21990,340,335,5
21991,157,157,0
21992,170,170,0
21993,140,139,1
21994,151,150,1
21995,150,148,2
21996,153,153,0
21997,315,315,0
21998,377,374,3
21999,368,367,1
22000,288,287,1
22001,256,256,0
22002,209,209,0
22003,114,114,0
22004,223,222,1
22005,192,191,1
22006,108,108,0
22007,90,89,1
22008,135,134,1
22009,814,807,7
22010,130,130,0
22011,166,166,0
22012,101,100,1
22013,79,79,0
22014,383,381,2
22015,155,151,4
22016,360,359,1
22017,559,557,2
22018,151,150,1
22019,149,149,0
22020,246,246,0
22021,156,153,3
22022,127,127,0
22023,255,255,0
22024,120,120,0
22025,123,123,0
22026,132,132,0
22027,103,103,0
22028,191,189,2
22029,77,77,0
22030,73,73,0
22031,371,370,1
22032,367,367,0
22033,131,128,3
22034,108,105,3
22035,563,561,2
22036,141,140,1
22037,125,125,0
22038,145,143,2
22039,664,662,2
22040,102,102,0
22041,99,96,3
22042,133,133,0
22043,285,285,0
22044,138,136,2
22045,123,120,3
22046,126,126,0
22047,136,136,0
22048,213,212,1
22049,294,294,0
22050,296,296,0
22051,197,194,3
22052,160,159,1
22053,180,180,0
22054,263,260,3
22055,193,189,4
22056,152,147,5
22057,182,181,1
22058,1021,1016,5
22059,125,125,0
22060,328,328,0
22061,323,321,2
22062,189,189,0
22063,208,206,2
22064,190,190,0
22065,67,67,0
22066,1008,1002,6
22067,97,97,0
22068,259,258,1
22069,207,202,5
22070,112,112,0
22071,243,236,7
22072,123,123,0
22073,314,312,2
22074,288,286,2
22075,1021,1013,8
22076,164,164,0
22077,141,140,1
22078,133,133,0
22079,245,245,0
22080,245,241,4
22081,205,205,0
22082,457,453,4
22083,279,279,0
22084,155,155,0
22085,237,237,0
22086,79,79,0
22087,325,324,1
22088,264,264,0
22089,159,157,2
22090,230,230,0
22091,232,232,0
22092,148,148,0
22093,154,154,0
22094,158,157,1
22095,120,120,0
22096,51,51,0
22097,78,78,0
22098,371,369,2
22099,96,94,2
22100,109,109,0
22101,169,163,6
22102,255,255,0
22103,742,742,0
22104,536,528,8
22105,233,232,1
22106,312,309,3
22107,372,371,1
22108,141,141,0
22109,164,164,0
22110,421,420,1
22111,188,184,4
22112,304,301,3
22113,292,292,0
22114,550,548,2
22115,122,122,0
22116,157,157,0
22117,228,227,1
22118,425,425,0
22119,463,463,0
22120,470,470,0
22121,126,126,0
22122,206,205,1
22123,73,73,0
22124,288,288,0
22125,249,249,0
22126,322,322,0
22127,162,161,1
22128,206,204,2
22129,109,109,0
22130,152,152,0
22131,339,339,0
22132,133,133,0
22133,367,365,2
22134,169,166,3
22135,257,256,1
22136,169,167,2
22137,766,763,3
22138,278,273,5
22139,45,45,0
22140,67,67,0
22141,157,157,0
22142,259,259,0
22143,121,121,0
22144,137,137,0
22145,116,114,2
22146,133,132,1
22147,130,129,1
22148,144,143,1
22149,560,559,1
22150,142,142,0
22151,131,131,0
22152,308,307,1
22153,261,258,3
22154,165,165,0
22155,300,299,1
22156,423,421,2
22157,210,208,2
22158,162,162,0
22159,382,382,0
22160,156,155,1
22161,223,223,0
22162,1021,1019,2
22163,414,410,4
22164,602,602,0
22165,141,140,1
22166,148,148,0
22167,104,104,0
22168,103,103,0
22169,185,185,0
22170,149,149,0
22171,140,140,0
22172,471,469,2
22173,135,134,1
22174,85,84,1
22175,266,265,1
22176,223,222,1
22177,91,90,1
22178,183,181,2
22179,85,85,0
22180,105,105,0
22181,115,115,0
22182,115,115,0
22183,194,190,4
22184,109,109,0
22185,79,79,0
22186,136,136,0
22187,144,144,0
22188,199,199,0
22189,193,193,0
22190,134,133,1
22191,175,173,2
22192,184,184,0
22193,298,298,0
22194,447,446,1
22195,385,380,5
22196,362,362,0
22197,141,140,1
22198,174,173,1
22199,116,114,2
22200,124,124,0
22201,173,173,0
22202,206,206,0
22203,117,117,0
22204,665,656,9
22205,267,267,0
22206,140,140,0
22207,269,266,3
22208,128,127,1
22209,401,398,3
22210,327,327,0
22211,202,202,0
22212,140,140,0
22213,376,376,0
22214,153,153,0
22215,155,155,0
22216,82,80,2
22217,43,43,0
22218,267,266,1
22219,129,129,0
22220,609,608,1
22221,156,156,0
22222,220,219,1
22223,236,236,0
22224,179,176,3
22225,137,135,2
22226,447,447,0
22227,170,169,1
22228,206,206,0
22229,413,411,2
22230,178,178,0
22231,215,215,0
22232,149,148,1
22233,145,142,3
22234,240,240,0
22235,214,213,1
22236,551,549,2
22237,151,151,0
22238,716,716,0
22239,125,121,4
22240,132,132,0
22241,834,833,1
22242,543,541,2
22243,224,223,1
22244,56,56,0
22245,222,221,1
22246,172,170,2
22247,128,126,2
22248,161,161,0
22249,627,627,0
22250,400,399,1
22251,664,661,3
22252,650,645,5
22253,133,133,0
22254,136,136,0
22255,61,61,0
22256,135,135,0
22257,109,109,0
22258,268,266,2
22259,242,240,2
22260,287,286,1
22261,83,83,0
22262,489,485,4
22263,209,207,2
22264,236,236,0
22265,166,165,1
22266,108,108,0
22267,217,216,1
22268,104,104,0
22269,58,58,0
22270,191,190,1
22271,673,672,1
22272,182,181,1
22273,245,244,1
22274,96,96,0
22275,240,237,3
22276,156,156,0
22277,151,151,0
22278,126,126,0
22279,489,486,3
22280,205,205,0
22281,98,97,1
22282,128,128,0
22283,124,124,0
22284,488,488,0
22285,53,53,0
22286,50,50,0
22287,60,59,1
22288,107,102,5
22289,100,100,0
22290,367,360,7
22291,275,275,0
22292,346,346,0
22293,129,125,4
22294,192,192,0
22295,194,194,0
22296,278,276,2
22297,207,205,2
22298,225,224,1
22299,212,212,0
22300,75,74,1
22301,159,159,0
22302,206,203,3
22303,776,771,5
22304,157,156,1
22305,112,112,0
22306,119,118,1
22307,139,139,0
22308,150,150,0
22309,54,54,0
22310,138,138,0
22311,65,65,0
22312,136,133,3
22313,154,154,0
22314,432,429,3
22315,462,461,1
22316,617,617,0
22317,217,209,8
22318,380,379,1
22319,348,348,0
22320,195,195,0
22321,148,148,0
22322,68,68,0
22323,294,294,0
22324,163,162,1
22325,315,314,1
22326,126,124,2
22327,292,292,0
22328,321,320,1
22329,134,134,0
22330,376,373,3
22331,387,385,2
22332,193,192,1
22333,222,222,0
22334,161,160,1
22335,276,275,1
22336,233,233,0
22337,261,260,1
22338,134,133,1
22339,142,142,0
22340,223,223,0
22341,213,212,1
22342,51,51,0
22343,89,89,0
22344,205,205,0
22345,241,240,1
22346,400,398,2
22347,120,120,0
22348,156,154,2
22349,131,130,1
22350,109,109,0
22351,223,223,0
22352,441,437,4
22353,133,132,1
22354,160,159,1
22355,619,617,2
22356,124,121,3
22357,289,287,2
22358,410,407,3
22359,445,445,0
22360,152,152,0
22361,40,40,0
22362,205,205,0
22363,31,31,0
22364,72,72,0
22365,114,112,2
22366,62,61,1
22367,188,188,0
22368,68,68,0
22369,186,186,0
22370,671,668,3
22371,352,352,0
22372,113,112,1
22373,456,453,3
22374,249,248,1
22375,152,152,0
22376,92,91,1
22377,226,226,0
22378,898,890,8
22379,357,353,4
22380,715,715,0
22381,280,280,0
22382,138,138,0
22383,168,168,0
22384,130,130,0
22385,114,114,0
22386,178,178,0
22387,156,155,1
22388,273,272,1
22389,212,212,0
22390,110,109,1
22391,241,241,0
22392,146,145,1
22393,215,215,0
22394,168,168,0
22395,128,128,0
22396,177,177,0
22397,95,95,0
22398,180,179,1
22399,128,128,0
22400,242,241,1
22401,139,139,0
22402,227,227,0
22403,46,46,0
22404,120,120,0
22405,957,952,5
22406,241,241,0
22407,452,451,1
22408,195,195,0
22409,259,257,2
22410,403,402,1
22411,427,425,2
22412,260,260,0
22413,274,273,1
22414,321,321,0
22415,1013,1007,6
22416,413,413,0
22417,157,157,0
22418,105,105,0
22419,400,397,3
22420,135,134,1
22421,255,255,0
22422,68,67,1
22423,181,180,1
22424,116,116,0
22425,157,157,0
22426,526,526,0
22427,125,125,0
22428,54,54,0
22429,297,296,1
22430,151,151,0
22431,197,197,0
22432,418,415,3
22433,333,329,4
22434,143,140,3
22435,229,225,4
22436,125,124,1
22437,410,409,1
22438,763,746,17
22439,138,137,1
22440,178,178,0
22441,439,432,7
22442,159,158,1
22443,56,55,1
22444,126,126,0
22445,276,276,0
22446,523,520,3
22447,233,224,9
22448,318,317,1
22449,231,229,2
22450,469,469,0
22451,499,499,0
22452,152,151,1
22453,228,228,0
22454,144,144,0
22455,215,215,0
22456,152,152,0
22457,542,542,0
22458,186,186,0
22459,204,202,2
22460,266,266,0
22461,201,201,0
22462,124,124,0
22463,188,187,1
22464,133,133,0
22465,187,186,1
22466,134,134,0
22467,125,125,0
22468,130,130,0
22469,163,162,1
22470,988,988,0
22471,335,335,0
22472,322,320,2
22473,453,451,2
22474,370,370,0
22475,255,254,1
22476,246,246,0
22477,255,253,2
22478,198,198,0
22479,142,141,1
22480,354,353,1
22481,1012,1012,0
22482,113,112,1
22483,158,157,1
22484,159,156,3
22485,327,327,0
22486,111,110,1
22487,169,168,1
22488,115,115,0
22489,226,225,1
22490,282,282,0
22491,129,129,0
22492,214,213,1
22493,219,216,3
22494,52,52,0
22495,702,702,0
22496,88,87,1
22497,213,212,1
22498,74,73,1
22499,135,134,1
22500,285,284,1
22501,93,93,0
22502,721,716,5
22503,590,590,0
22504,140,140,0
22505,197,197,0
22506,96,96,0
22507,272,272,0
22508,34,34,0
22509,116,114,2
22510,234,234,0
22511,297,295,2
22512,131,131,0
22513,252,252,0
22514,165,165,0
22515,304,302,2
22516,100,99,1
22517,169,169,0
22518,179,178,1
22519,308,307,1
22520,138,137,1
22521,363,361,2
22522,281,279,2
22523,147,146,1
22524,133,133,0
22525,134,134,0
22526,269,269,0
22527,356,354,2
22528,160,158,2
22529,105,103,2
22530,197,197,0
22531,146,146,0
22532,84,84,0
22533,176,175,1
22534,328,328,0
22535,115,115,0
22536,220,219,1
22537,160,160,0
22538,293,292,1
22539,110,110,0
22540,136,135,1
22541,271,270,1
22542,177,174,3
22543,340,339,1
22544,345,345,0
22545,501,501,0
22546,488,488,0
22547,167,167,0
22548,129,129,0
22549,153,151,2
22550,46,46,0
22551,81,80,1
22552,133,130,3
22553,347,347,0
22554,545,545,0
22555,152,150,2
22556,154,154,0
22557,171,171,0
22558,244,243,1
22559,155,147,8
22560,217,217,0
22561,132,132,0
22562,115,114,1
22563,157,157,0
22564,124,121,3
22565,221,221,0
22566,173,173,0
22567,63,63,0
22568,78,78,0
22569,1041,1036,5
22570,144,144,0
22571,167,167,0
22572,199,199,0
22573,238,238,0
22574,281,281,0
22575,316,315,1
22576,191,190,1
22577,144,144,0
22578,366,366,0
22579,211,210,1
22580,169,169,0
22581,158,158,0
22582,121,121,0
22583,202,199,3
22584,147,147,0
22585,157,157,0
22586,298,298,0
22587,131,130,1
22588,480,477,3
22589,179,179,0
22590,252,252,0
22591,132,131,1
22592,46,44,2
22593,33,33,0
22594,149,149,0
22595,116,115,1
22596,181,179,2
22597,79,79,0
22598,438,438,0
22599,85,85,0
22600,111,111,0
22601,168,167,1
22602,94,94,0
22603,158,158,0
22604,197,197,0
22605,250,249,1
22606,175,174,1
22607,161,157,4
22608,211,208,3
22609,225,225,0
22610,312,312,0
22611,280,277,3
22612,398,397,1
22613,75,74,1
22614,257,255,2
22615,108,107,1
22616,224,220,4
22617,171,170,1
22618,212,211,1
22619,262,260,2
22620,134,134,0
22621,565,557,8
22622,193,191,2
22623,758,755,3
22624,113,113,0
22625,86,86,0
22626,131,131,0
22627,277,277,0
22628,161,160,1
22629,443,443,0
22630,161,161,0
22631,125,125,0
22632,80,80,0
22633,118,118,0
22634,113,113,0
22635,135,134,1
22636,189,189,0
22637,358,357,1
22638,113,113,0
22639,156,156,0
22640,275,275,0
22641,215,215,0
22642,209,208,1
22643,229,229,0
22644,166,166,0
22645,194,193,1
22646,129,129,0
22647,247,247,0
22648,559,559,0
22649,414,413,1
22650,396,386,10
22651,61,61,0
22652,340,340,0
22653,126,125,1
22654,185,183,2
22655,198,198,0
22656,135,134,1
22657,113,113,0
22658,137,137,0
22659,181,181,0
22660,181,181,0
22661,136,136,0
22662,129,128,1
22663,147,145,2
22664,129,129,0
22665,35,35,0
22666,116,116,0
22667,175,175,0
22668,120,120,0
22669,175,175,0
22670,217,216,1
22671,145,144,1
22672,143,142,1
22673,162,161,1
22674,233,233,0
22675,240,240,0
22676,147,147,0
22677,387,384,3
22678,202,202,0
22679,302,302,0
22680,65,62,3
22681,65,62,3
22682,123,123,0
22683,123,123,0
22684,159,159,0
22685,300,300,0
22686,103,103,0
22687,380,380,0
22688,111,111,0
22689,243,239,4
22690,277,276,1
22691,152,152,0
22692,209,208,1
22693,178,178,0
22694,983,972,11
22695,360,358,2
22696,241,241,0
22697,53,53,0
22698,423,422,1
22699,240,239,1
22700,240,239,1
22701,250,248,2
22702,159,158,1
22703,140,140,0
22704,539,539,0
22705,137,137,0
22706,252,252,0
22707,143,143,0
22708,150,149,1
22709,416,416,0
22710,607,605,2
22711,146,146,0
22712,191,190,1
22713,548,547,1
22714,155,155,0
22715,725,721,4
22716,215,209,6
22717,161,161,0
22718,359,359,0
22719,119,118,1
22720,183,182,1
22721,146,144,2
22722,216,216,0
22723,292,292,0
22724,267,267,0
22725,430,428,2
22726,138,138,0
22727,171,169,2
22728,116,115,1
22729,205,202,3
22730,451,450,1
22731,788,788,0
22732,261,257,4
22733,171,171,0
22734,542,541,1
22735,411,406,5
22736,322,320,2
22737,77,77,0
22738,268,268,0
22739,159,159,0
22740,420,418,2
22741,117,116,1
22742,396,396,0
22743,335,332,3
22744,681,678,3
22745,202,202,0
22746,144,143,1
22747,203,203,0
22748,65,65,0
22749,219,218,1
22750,108,108,0
22751,208,208,0
22752,343,336,7
22753,555,555,0
22754,123,123,0
22755,145,144,1
22756,198,198,0
22757,153,153,0
22758,160,160,0
22759,50,50,0
22760,163,163,0
22761,207,205,2
22762,262,262,0
22763,715,713,2
22764,165,164,1
22765,47,47,0
22766,122,122,0
22767,85,85,0
22768,93,93,0
22769,89,89,0
22770,183,183,0
22771,142,142,0
22772,626,625,1
22773,203,202,1
22774,119,119,0
22775,819,819,0
22776,148,148,0
22777,209,209,0
22778,139,139,0
22779,70,70,0
22780,132,131,1
22781,87,87,0
22782,146,145,1
22783,164,164,0
22784,157,157,0
22785,318,315,3
22786,149,149,0
22787,56,53,3
22788,123,123,0
22789,153,152,1
22790,36,34,2
22791,186,185,1
22792,151,150,1
22793,168,166,2
22794,174,174,0
22795,113,113,0
22796,116,116,0
22797,151,148,3
22798,132,130,2
22799,987,978,9
22800,313,312,1
22801,136,136,0
22802,283,277,6
22803,97,97,0
22804,120,120,0
22805,119,117,2
22806,539,529,10
22807,75,73,2
22808,104,104,0
22809,46,45,1
22810,40,40,0
22811,322,321,1
22812,215,215,0
22813,184,183,1
22814,73,71,2
22815,248,248,0
22816,401,399,2
22817,209,208,1
22818,116,115,1
22819,136,136,0
22820,295,294,1
22821,129,129,0
22822,253,253,0
22823,263,261,2
22824,104,104,0
22825,188,188,0
22826,388,384,4
22827,93,93,0
22828,45,45,0
22829,238,238,0
22830,240,240,0
22831,253,252,1
22832,211,211,0
22833,114,114,0
22834,1004,993,11
22835,142,142,0
22836,155,155,0
22837,138,136,2
22838,327,327,0
22839,956,953,3
22840,197,197,0
22841,118,118,0
22842,279,279,0
22843,124,124,0
22844,769,767,2
22845,156,155,1
22846,395,394,1
22847,206,206,0
22848,163,163,0
22849,128,128,0
22850,82,82,0
22851,124,124,0
22852,165,164,1
22853,46,46,0
22854,123,123,0
22855,143,142,1
22856,111,111,0
22857,946,938,8
22858,1118,1114,4
22859,114,114,0
22860,177,177,0
22861,53,53,0
22862,134,134,0
22863,240,238,2
22864,119,119,0
22865,185,185,0
22866,585,582,3
22867,562,562,0
22868,220,219,1
22869,75,75,0
22870,59,59,0
22871,48,48,0
22872,71,71,0
22873,507,506,1
22874,144,144,0
22875,177,177,0
22876,180,180,0
22877,34,34,0
22878,88,88,0
22879,55,55,0
22880,132,131,1
22881,73,73,0
22882,113,113,0
22883,412,411,1
22884,213,213,0
22885,178,178,0
22886,117,117,0
22887,72,71,1
22888,50,50,0
22889,332,332,0
22890,227,227,0
22891,122,122,0
22892,239,237,2
22893,334,334,0
22894,233,233,0
22895,116,116,0
22896,134,134,0
22897,132,131,1
22898,304,304,0
22899,148,148,0
22900,150,150,0
22901,142,141,1
22902,218,218,0
22903,149,149,0
22904,230,228,2
22905,125,125,0
22906,206,203,3
22907,300,298,2
22908,254,253,1
22909,393,387,6
22910,285,285,0
22911,137,137,0
22912,142,141,1
22913,137,136,1
22914,132,132,0
22915,201,200,1
22916,796,795,1
22917,536,533,3
22918,322,322,0
22919,192,192,0
22920,460,457,3
22921,103,103,0
22922,228,227,1
22923,290,288,2
22924,185,185,0
22925,338,335,3
22926,241,240,1
22927,300,300,0
22928,681,676,5
22929,166,164,2
22930,139,139,0
22931,550,549,1
22932,175,173,2
22933,191,190,1
22934,352,352,0
22935,110,110,0
22936,198,196,2
22937,346,346,0
22938,91,90,1
22939,152,151,1
22940,142,141,1
22941,564,557,7
22942,146,146,0
22943,83,82,1
22944,332,332,0
22945,148,148,0
22946,155,155,0
22947,366,365,1
22948,126,126,0
22949,177,176,1
22950,480,475,5
22951,235,235,0
22952,473,472,1
22953,157,155,2
22954,233,233,0
22955,965,961,4
22956,200,199,1
22957,59,59,0
22958,150,150,0
22959,89,89,0
22960,611,608,3
22961,299,297,2
22962,424,422,2
22963,178,175,3
22964,845,843,2
22965,79,78,1
22966,395,395,0
22967,228,227,1
22968,181,175,6
22969,323,323,0
22970,125,124,1
22971,107,107,0
22972,335,335,0
22973,102,102,0
22974,359,358,1
22975,201,200,1
22976,124,124,0
22977,137,135,2
22978,277,275,2
22979,147,147,0
22980,35,35,0
22981,160,160,0
22982,194,194,0
22983,89,89,0
22984,59,59,0
22985,135,135,0
22986,131,131,0
22987,65,64,1
22988,137,137,0
22989,315,314,1
22990,145,144,1
22991,173,171,2
22992,206,205,1
22993,292,292,0
22994,273,271,2
22995,141,141,0
22996,61,61,0
22997,161,161,0
22998,39,39,0
22999,339,338,1
23000,354,352,2
23001,168,167,1
23002,397,395,2
23003,108,108,0
23004,217,216,1
23005,699,696,3
23006,391,386,5
23007,292,289,3
23008,172,172,0
23009,142,141,1
23010,70,70,0
23011,257,257,0
23012,226,225,1
23013,127,127,0
23014,177,177,0
23015,755,755,0
23016,390,386,4
23017,155,155,0
23018,314,312,2
23019,86,86,0
23020,153,153,0
23021,248,248,0
23022,287,286,1
23023,844,840,4
23024,157,155,2
23025,401,400,1
23026,866,865,1
23027,376,376,0
23028,666,660,6
23029,93,93,0
23030,171,170,1
23031,374,373,1
23032,144,144,0
23033,255,255,0
23034,168,168,0
23035,373,373,0
23036,125,123,2
23037,308,307,1
23038,211,208,3
23039,362,361,1
23040,137,135,2
23041,155,155,0
23042,277,276,1
23043,81,80,1
23044,161,160,1
23045,145,142,3
23046,238,235,3
23047,170,170,0
23048,482,481,1
23049,343,343,0
23050,101,100,1
23051,139,137,2
23052,279,279,0
23053,118,115,3
23054,197,196,1
23055,283,281,2
23056,210,210,0
23057,437,431,6
23058,126,126,0
23059,78,78,0
23060,59,59,0
23061,295,294,1
23062,125,125,0
23063,100,100,0
23064,159,158,1
23065,162,161,1
23066,130,130,0
23067,171,167,4
23068,65,65,0
23069,305,305,0
23070,418,417,1
23071,122,122,0
23072,224,222,2
23073,255,255,0
23074,288,287,1
23075,195,194,1
23076,111,111,0
23077,156,156,0
23078,221,220,1
23079,221,220,1
23080,156,155,1
23081,112,112,0
23082,112,111,1
23083,601,601,0
23084,141,140,1
23085,409,408,1
23086,147,147,0
23087,134,134,0
23088,140,140,0
23089,125,125,0
23090,632,632,0
23091,116,116,0
23092,507,506,1
23093,239,238,1
23094,231,229,2
23095,199,198,1
23096,281,281,0
23097,331,330,1
23098,273,273,0
23099,82,82,0
23100,659,658,1
23101,260,260,0
23102,90,90,0
23103,125,124,1
23104,277,275,2
23105,229,229,0
23106,206,201,5
23107,194,194,0
23108,319,310,9
23109,126,126,0
23110,127,126,1
23111,41,41,0
23112,142,142,0
23113,268,268,0
23114,250,249,1
23115,549,549,0
23116,114,114,0
23117,424,422,2
23118,154,154,0
23119,206,206,0
23120,212,212,0
23121,174,174,0
23122,187,186,1
23123,293,293,0
23124,143,142,1
23125,166,163,3
23126,698,698,0
23127,282,279,3
23128,235,230,5
23129,242,242,0
23130,152,152,0
23131,766,766,0
23132,426,426,0
23133,748,747,1
23134,143,143,0
23135,513,513,0
23136,284,283,1
23137,616,615,1
23138,115,115,0
23139,236,236,0
23140,267,266,1
23141,285,285,0
23142,90,90,0
23143,81,81,0
23144,238,237,1
23145,280,280,0
23146,130,129,1
23147,578,577,1
23148,117,117,0
23149,123,123,0
23150,117,117,0
23151,315,315,0
23152,33,33,0
23153,349,349,0
23154,191,189,2
23155,50,50,0
23156,110,110,0
23157,65,65,0
23158,90,89,1
23159,139,139,0
23160,843,841,2
23161,157,155,2
23162,158,158,0
23163,169,169,0
23164,141,141,0
23165,211,211,0
23166,553,553,0
23167,598,596,2
23168,157,156,1
23169,134,134,0
23170,275,275,0
23171,210,210,0
23172,301,301,0
23173,326,325,1
23174,101,100,1
23175,176,176,0
23176,217,216,1
23177,375,374,1
23178,198,196,2
23179,535,531,4
23180,291,291,0
23181,180,180,0
23182,247,247,0
23183,77,77,0
23184,619,619,0
23185,401,398,3
23186,721,719,2
23187,212,212,0
23188,306,304,2
23189,163,163,0
23190,212,212,0
23191,311,311,0
23192,168,168,0
23193,140,140,0
23194,332,332,0
23195,137,137,0
23196,171,171,0
23197,108,108,0
23198,292,292,0
23199,107,107,0
23200,444,438,6
23201,184,179,5
23202,228,228,0
23203,64,64,0
23204,136,136,0
23205,247,247,0
23206,259,259,0
23207,158,158,0
23208,129,128,1
23209,419,419,0
23210,169,169,0
23211,131,131,0
23212,204,204,0
23213,175,174,1
23214,306,306,0
23215,134,134,0
23216,376,375,1
23217,330,329,1
23218,215,215,0
23219,309,308,1
23220,237,237,0
23221,196,195,1
23222,417,414,3
23223,193,190,3
23224,382,381,1
23225,245,245,0
23226,34,34,0
23227,185,185,0
23228,68,68,0
23229,596,596,0
23230,240,240,0
23231,188,185,3
23232,983,981,2
23233,234,231,3
23234,136,135,1
23235,123,123,0
23236,280,276,4
23237,147,146,1
23238,118,118,0
23239,63,62,1
23240,188,188,0
23241,107,105,2
23242,224,223,1
23243,204,204,0
23244,194,193,1
23245,645,641,4
23246,178,176,2
23247,141,141,0
23248,164,162,2
23249,449,444,5
23250,177,177,0
23251,242,242,0
23252,100,99,1
23253,227,227,0
23254,215,214,1
23255,130,130,0
23256,198,198,0
23257,395,395,0
23258,190,190,0
23259,288,287,1
23260,124,124,0
23261,534,532,2
23262,124,124,0
23263,155,155,0
23264,56,56,0
23265,68,68,0
23266,104,104,0
23267,244,244,0
23268,346,345,1
23269,143,143,0
23270,263,263,0
23271,185,184,1
23272,248,246,2
23273,125,125,0
23274,128,128,0
23275,102,101,1
23276,214,212,2
23277,100,100,0
23278,746,743,3
23279,130,129,1
23280,330,330,0
23281,239,236,3
23282,435,430,5
23283,154,154,0
23284,268,268,0
23285,438,438,0
23286,192,192,0
23287,114,114,0
23288,64,64,0
23289,191,190,1
23290,176,175,1
23291,299,299,0
23292,233,233,0
23293,304,304,0
23294,401,397,4
23295,156,153,3
23296,117,117,0
23297,168,168,0
23298,136,136,0
23299,167,166,1
23300,175,172,3
23301,145,144,1
23302,594,588,6
23303,561,558,3
23304,284,282,2
23305,255,255,0
23306,148,148,0
23307,479,479,0
23308,130,130,0
23309,148,148,0
23310,197,196,1
23311,150,146,4
23312,161,161,0
23313,318,318,0
23314,329,328,1
23315,165,164,1
23316,165,165,0
23317,219,219,0
23318,150,150,0
23319,211,211,0
23320,82,81,1
23321,184,184,0
23322,643,641,2
23323,246,246,0
23324,413,412,1
23325,106,106,0
23326,182,181,1
23327,187,187,0
23328,132,132,0
23329,130,129,1
23330,128,128,0
23331,118,118,0
23332,222,221,1
23333,126,125,1
23334,206,205,1
23335,160,160,0
23336,305,305,0
23337,156,156,0
23338,201,201,0
23339,152,151,1
23340,294,292,2
23341,238,234,4
23342,171,170,1
23343,131,131,0
23344,86,84,2
23345,132,130,2
23346,360,357,3
23347,294,294,0
23348,196,196,0
23349,458,456,2
23350,179,179,0
23351,187,187,0
23352,191,190,1
23353,431,430,1
23354,476,476,0
23355,51,51,0
23356,108,108,0
23357,142,142,0
23358,144,144,0
23359,164,164,0
23360,212,210,2
23361,231,231,0
23362,135,135,0
23363,237,236,1
23364,303,303,0
23365,191,190,1
23366,839,838,1
23367,545,544,1
23368,454,453,1
23369,191,191,0
23370,643,642,1
23371,270,270,0
23372,510,510,0
23373,392,392,0
23374,735,735,0
23375,150,150,0
23376,220,219,1
23377,358,355,3
23378,360,358,2
23379,333,328,5
23380,133,130,3
23381,220,216,4
23382,137,137,0
23383,139,139,0
23384,294,292,2
23385,230,229,1
23386,587,585,2
23387,255,255,0
23388,374,374,0
23389,200,200,0
23390,74,74,0
23391,121,120,1
23392,189,189,0
23393,92,90,2
23394,234,234,0
23395,263,263,0
23396,256,256,0
23397,182,182,0
23398,244,244,0
23399,115,115,0
23400,144,144,0
23401,118,118,0
23402,124,123,1
23403,119,119,0
23404,416,416,0
23405,151,151,0
23406,166,164,2
23407,172,169,3
23408,242,242,0
23409,279,279,0
23410,177,177,0
23411,793,789,4
23412,150,150,0
23413,153,153,0
23414,466,465,1
23415,130,130,0
23416,527,524,3
23417,248,248,0
23418,112,112,0
23419,350,350,0
23420,374,373,1
23421,193,192,1
23422,149,148,1
23423,237,234,3
23424,61,61,0
23425,136,135,1
23426,67,67,0
23427,89,89,0
23428,112,112,0
23429,175,175,0
23430,188,188,0
23431,432,430,2
23432,264,262,2
23433,184,183,1
23434,174,172,2
23435,45,45,0
23436,196,196,0
23437,157,157,0
23438,147,147,0
23439,547,544,3
23440,225,220,5
23441,101,97,4
23442,49,48,1
23443,203,201,2
23444,977,975,2
23445,324,323,1
23446,58,58,0
23447,641,630,11
23448,178,178,0
23449,393,393,0
23450,204,204,0
23451,165,165,0
23452,484,479,5
23453,140,140,0
23454,82,82,0
23455,220,218,2
23456,210,208,2
23457,152,152,0
23458,173,172,1
23459,241,241,0
23460,140,140,0
23461,327,326,1
23462,99,99,0
23463,174,174,0
23464,298,296,2
23465,116,116,0
23466,171,166,5
23467,8,8,0
23468,121,120,1
23469,169,169,0
23470,128,128,0
23471,88,88,0
23472,139,138,1
23473,158,158,0
23474,340,339,1
23475,159,159,0
23476,197,196,1
23477,389,389,0
23478,174,173,1
23479,151,148,3
23480,88,88,0
23481,131,130,1
23482,514,513,1
23483,247,246,1
23484,140,139,1
23485,219,219,0
23486,306,305,1
23487,181,181,0
23488,330,330,0
23489,120,119,1
23490,54,53,1
23491,95,95,0
23492,141,140,1
23493,267,267,0
23494,785,784,1
23495,225,222,3
23496,377,377,0
23497,83,83,0
23498,386,383,3
23499,295,294,1
23500,147,147,0
23501,153,151,2
23502,154,154,0
23503,153,151,2
23504,208,207,1
23505,198,195,3
23506,114,109,5
23507,173,173,0
23508,148,148,0
23509,846,846,0
23510,164,164,0
23511,138,138,0
23512,233,233,0
23513,254,254,0
23514,595,593,2
23515,147,146,1
23516,232,232,0
23517,276,275,1
23518,118,118,0
23519,110,110,0
23520,109,107,2
23521,148,147,1
23522,285,285,0
23523,143,141,2
23524,207,206,1
23525,194,191,3
23526,180,180,0
23527,255,254,1
23528,208,208,0
23529,167,167,0
23530,122,122,0
23531,910,908,2
23532,268,268,0
23533,339,337,2
23534,81,81,0
23535,71,71,0
23536,239,238,1
23537,248,248,0
23538,257,257,0
23539,631,631,0
23540,152,152,0
23541,134,134,0
23542,119,119,0
23543,600,594,6
23544,302,299,3
23545,34,34,0
23546,78,78,0
23547,230,229,1
23548,120,120,0
23549,171,170,1
23550,179,178,1
23551,467,462,5
23552,330,329,1
23553,326,324,2
23554,22,22,0
23555,123,122,1
23556,188,188,0
23557,139,138,1
23558,130,130,0
23559,131,131,0
23560,294,294,0
23561,264,263,1
23562,328,327,1
23563,162,161,1
23564,161,161,0
23565,203,203,0
23566,145,143,2
23567,475,475,0
23568,511,510,1
23569,153,153,0
23570,201,200,1
23571,130,130,0
23572,142,142,0
23573,150,150,0
23574,168,167,1
23575,122,121,1
23576,112,112,0
23577,141,141,0
23578,393,391,2
23579,198,195,3
23580,59,59,0
23581,427,424,3
23582,100,99,1
23583,146,146,0
23584,61,61,0
23585,377,376,1
23586,87,86,1
23587,208,204,4
23588,81,81,0
23589,217,217,0
23590,251,248,3
23591,413,413,0
23592,173,173,0
23593,707,707,0
23594,362,361,1
23595,137,137,0
23596,536,536,0
23597,124,123,1
23598,278,278,0
23599,86,86,0
23600,115,115,0
23601,140,135,5
23602,102,102,0
23603,71,71,0
23604,116,115,1
23605,280,280,0
23606,245,243,2
23607,111,110,1
23608,150,150,0
23609,604,602,2
23610,578,575,3
23611,332,332,0
23612,132,132,0
23613,138,138,0
23614,138,137,1
23615,85,85,0
23616,404,401,3
23617,310,310,0
23618,273,271,2
23619,305,304,1
23620,155,155,0
23621,157,157,0
23622,512,509,3
23623,228,226,2
23624,337,335,2
23625,118,118,0
23626,208,208,0
23627,267,266,1
23628,128,128,0
23629,118,117,1
23630,251,251,0
23631,134,134,0
23632,247,247,0
23633,119,118,1
23634,312,305,7
23635,39,39,0
23636,190,190,0
23637,133,132,1
23638,397,390,7
23639,227,227,0
23640,792,789,3
23641,200,200,0
23642,266,263,3
23643,172,172,0
23644,186,186,0
23645,268,267,1
23646,96,96,0
23647,119,119,0
23648,254,253,1
23649,251,249,2
23650,307,306,1
23651,292,291,1
23652,804,801,3
23653,114,114,0
23654,134,134,0
23655,143,143,0
23656,251,246,5
23657,1016,1005,11
23658,833,826,7
23659,316,316,0
23660,151,151,0
23661,273,272,1
23662,953,951,2
23663,248,243,5
23664,265,265,0
23665,258,258,0
23666,317,315,2
23667,350,350,0
23668,172,172,0
23669,146,144,2
23670,231,230,1
23671,120,119,1
23672,143,143,0
23673,100,100,0
23674,167,167,0
23675,127,127,0
23676,155,155,0
23677,152,152,0
23678,189,188,1
23679,529,528,1
23680,143,143,0
23681,890,887,3
23682,679,679,0
23683,247,246,1
23684,507,507,0
23685,330,330,0
23686,230,228,2
23687,179,179,0
23688,323,322,1
23689,419,419,0
23690,181,175,6
23691,203,203,0
23692,170,168,2
23693,363,362,1
23694,425,422,3
23695,325,321,4
23696,291,290,1
23697,386,383,3
23698,738,729,9
23699,244,240,4
23700,994,991,3
23701,778,773,5
23702,135,134,1
23703,206,205,1
23704,570,568,2
23705,677,677,0
23706,211,211,0
23707,183,183,0
23708,318,314,4
23709,170,170,0
23710,132,132,0
23711,137,133,4
23712,282,282,0
23713,142,142,0
23714,107,107,0
23715,135,134,1
23716,201,199,2
23717,157,156,1
23718,118,117,1
23719,127,127,0
23720,581,580,1
23721,141,141,0
23722,327,327,0
23723,669,668,1
23724,718,712,6
23725,378,378,0
23726,190,190,0
23727,193,190,3
23728,35,35,0
23729,91,91,0
23730,89,89,0
23731,218,218,0
23732,45,45,0
23733,69,69,0
23734,50,47,3
23735,159,157,2
23736,130,130,0
23737,137,136,1
23738,373,373,0
23739,128,128,0
23740,43,43,0
23741,99,98,1
23742,93,93,0
23743,184,184,0
23744,198,197,1
23745,133,130,3
23746,194,194,0
23747,220,219,1
23748,448,448,0
23749,109,109,0
23750,803,801,2
23751,572,571,1
23752,227,227,0
23753,190,190,0
23754,250,248,2
23755,317,313,4
23756,647,647,0
23757,177,177,0
23758,502,501,1
23759,116,116,0
23760,65,65,0
23761,417,381,36
23762,275,275,0
23763,216,216,0
23764,220,220,0
23765,171,170,1
23766,216,216,0
23767,206,204,2
23768,145,145,0
23769,156,156,0
23770,182,180,2
23771,453,453,0
23772,165,163,2
23773,110,106,4
23774,115,115,0
23775,211,208,3
23776,169,169,0
23777,45,45,0
23778,376,376,0
23779,187,187,0
23780,225,222,3
23781,356,356,0
23782,157,157,0
23783,141,141,0
23784,147,147,0
23785,128,128,0
23786,118,118,0
23787,324,322,2
23788,111,110,1
23789,138,138,0
23790,241,240,1
23791,262,256,6
23792,135,133,2
23793,314,314,0
23794,124,124,0
23795,124,124,0
23796,647,647,0
23797,847,847,0
23798,212,212,0
23799,399,396,3
23800,191,189,2
23801,241,240,1
23802,422,422,0
23803,134,133,1
23804,148,147,1
23805,332,331,1
23806,161,160,1
23807,426,424,2
23808,144,143,1
23809,240,239,1
23810,713,712,1
23811,143,143,0
23812,111,110,1
23813,475,473,2
23814,82,82,0
23815,136,135,1
23816,213,209,4
23817,180,179,1
23818,130,129,1
23819,187,184,3
23820,159,159,0
23821,444,443,1
23822,123,122,1
23823,224,222,2
23824,267,267,0
23825,126,125,1
23826,471,468,3
23827,719,715,4
23828,166,166,0
23829,127,126,1
23830,277,275,2
23831,96,96,0
23832,115,115,0
23833,366,366,0
23834,117,117,0
23835,119,119,0
23836,111,111,0
23837,305,304,1
23838,149,149,0
23839,216,214,2
23840,181,180,1
23841,371,371,0
23842,194,194,0
23843,173,172,1
23844,118,116,2
23845,56,55,1
23846,169,168,1
23847,206,206,0
23848,142,142,0
23849,194,193,1
23850,232,228,4
23851,115,115,0
23852,119,118,1
23853,998,995,3
23854,174,172,2
23855,92,92,0
23856,442,442,0
23857,536,533,3
23858,245,245,0
23859,109,107,2
23860,155,155,0
23861,262,261,1
23862,127,127,0
23863,136,136,0
23864,273,270,3
23865,61,61,0
23866,202,202,0
23867,93,93,0
23868,124,120,4
23869,140,140,0
23870,150,150,0
23871,150,150,0
23872,332,330,2
23873,187,187,0
23874,311,311,0
23875,173,173,0
23876,157,156,1
23877,346,344,2
23878,216,216,0
23879,304,301,3
23880,279,278,1
23881,322,320,2
23882,361,357,4
23883,161,161,0
23884,400,398,2
23885,121,121,0
23886,58,58,0
23887,105,105,0
23888,212,211,1
23889,177,177,0
23890,168,168,0
23891,309,309,0
23892,188,186,2
23893,232,232,0
23894,120,120,0
23895,123,122,1
23896,45,45,0
23897,133,133,0
23898,215,215,0
23899,96,96,0
23900,149,149,0
23901,271,271,0
23902,321,318,3
23903,314,309,5
23904,586,582,4
23905,136,136,0
23906,755,750,5
23907,258,258,0
23908,148,148,0
23909,243,243,0
23910,74,74,0
23911,113,113,0
23912,516,512,4
23913,97,97,0
23914,72,72,0
23915,194,192,2
23916,285,283,2
23917,95,94,1
23918,144,142,2
23919,380,374,6
23920,301,297,4
23921,435,435,0
23922,92,91,1
23923,159,156,3
23924,560,555,5
23925,1000,996,4
23926,539,539,0
23927,245,245,0
23928,166,166,0
23929,158,158,0
23930,272,271,1
23931,430,427,3
23932,107,107,0
23933,139,139,0
23934,119,119,0
23935,139,138,1
23936,164,163,1
23937,411,410,1
23938,125,125,0
23939,193,192,1
23940,162,161,1
23941,147,147,0
23942,155,155,0
23943,194,194,0
23944,373,373,0
23945,668,666,2
23946,371,368,3
23947,316,316,0
23948,827,827,0
23949,223,223,0
23950,194,194,0
23951,184,184,0
23952,94,94,0
23953,77,77,0
23954,159,159,0
23955,61,61,0
23956,125,125,0
23957,332,332,0
23958,172,167,5
23959,281,281,0
23960,386,386,0
23961,134,133,1
23962,542,540,2
23963,134,133,1
23964,115,115,0
23965,30,30,0
23966,298,294,4
23967,163,163,0
23968,189,188,1
23969,129,128,1
23970,271,270,1
23971,327,326,1
23972,211,210,1
23973,141,141,0
23974,147,146,1
23975,75,75,0
23976,159,159,0
23977,191,191,0
23978,330,329,1
23979,249,249,0
23980,98,98,0
23981,313,313,0
23982,1008,1000,8
23983,194,194,0
23984,304,303,1
23985,101,101,0
23986,261,261,0
23987,96,96,0
23988,228,228,0
23989,141,139,2
23990,224,222,2
23991,143,143,0
23992,94,92,2
23993,65,65,0
23994,117,117,0
23995,345,344,1
23996,218,218,0
23997,147,147,0
23998,186,185,1
23999,242,242,0
24000,423,420,3
24001,54,54,0
24002,62,62,0
24003,40,40,0
24004,173,173,0
24005,99,98,1
24006,231,231,0
24007,136,136,0
24008,211,210,1
24009,385,384,1
24010,218,216,2
24011,142,142,0
24012,300,300,0
24013,106,106,0
24014,127,127,0
24015,176,176,0
24016,226,226,0
24017,218,218,0
24018,128,126,2
24019,124,124,0
24020,179,179,0
24021,92,92,0
24022,575,572,3
24023,334,333,1
24024,222,222,0
24025,1017,1015,2
24026,318,316,2
24027,176,176,0
24028,237,237,0
24029,484,478,6
24030,114,112,2
24031,188,187,1
24032,142,142,0
24033,546,544,2
24034,306,306,0
24035,133,133,0
24036,108,107,1
24037,124,124,0
24038,135,135,0
24039,123,123,0
24040,277,276,1
24041,255,254,1
24042,316,314,2
24043,104,104,0
24044,430,429,1
24045,330,328,2
24046,268,267,1
24047,216,215,1
24048,130,130,0
24049,361,360,1
24050,323,323,0
24051,182,180,2
24052,178,177,1
24053,392,392,0
24054,151,151,0
24055,186,186,0
24056,316,314,2
24057,160,160,0
24058,255,254,1
24059,631,625,6
24060,117,117,0
24061,120,119,1
24062,248,248,0
24063,86,85,1
24064,112,112,0
24065,175,174,1
24066,101,101,0
24067,115,115,0
24068,304,304,0
24069,284,284,0
24070,290,290,0
24071,137,137,0
24072,494,491,3
24073,148,146,2
24074,128,126,2
24075,49,49,0
24076,350,349,1
24077,191,189,2
24078,241,240,1
24079,221,221,0
24080,170,170,0
24081,105,105,0
24082,158,158,0
24083,61,61,0
24084,147,147,0
24085,86,86,0
24086,126,126,0
24087,98,98,0
24088,157,156,1
24089,270,268,2
24090,111,110,1
24091,160,160,0
24092,203,203,0
24093,115,115,0
24094,127,126,1
24095,182,179,3
24096,197,195,2
24097,346,344,2
24098,262,259,3
24099,168,168,0
24100,144,144,0
24101,154,152,2
24102,155,155,0
24103,130,130,0
24104,365,365,0
24105,153,153,0
24106,356,356,0
24107,127,127,0
24108,136,134,2
24109,140,140,0
24110,514,513,1
24111,91,89,2
24112,228,227,1
24113,72,72,0
24114,105,105,0
24115,244,244,0
24116,134,133,1
24117,107,107,0
24118,175,175,0
24119,351,349,2
24120,417,416,1
24121,135,135,0
24122,99,99,0
24123,403,403,0
24124,124,124,0
24125,235,234,1
24126,160,160,0
24127,152,152,0
24128,111,111,0
24129,158,157,1
24130,166,166,0
24131,405,404,1
24132,125,123,2
24133,394,393,1
24134,81,78,3
24135,42,42,0
24136,40,40,0
24137,198,196,2
24138,101,101,0
24139,293,290,3
24140,165,165,0
24141,197,195,2
24142,345,345,0
24143,190,190,0
24144,163,162,1
24145,112,112,0
24146,54,54,0
24147,135,133,2
24148,126,123,3
24149,122,121,1
24150,374,366,8
24151,258,258,0
24152,289,289,0
24153,99,99,0
24154,203,203,0
24155,282,281,1
24156,174,171,3
24157,479,479,0
24158,185,185,0
24159,810,804,6
24160,126,126,0
24161,246,246,0
24162,170,170,0
24163,151,151,0
24164,118,118,0
24165,417,414,3
24166,131,131,0
24167,154,154,0
24168,580,577,3
24169,680,674,6
24170,286,286,0
24171,204,201,3
24172,931,928,3
24173,155,154,1
24174,186,186,0
24175,839,839,0
24176,404,402,2
24177,102,102,0
24178,120,117,3
24179,220,216,4
24180,104,102,2
24181,816,779,37
24182,195,195,0
24183,140,138,2
24184,412,408,4
24185,183,183,0
24186,256,254,2
24187,901,899,2
24188,335,335,0
24189,62,62,0
24190,147,147,0
24191,170,170,0
24192,132,132,0
24193,391,386,5
24194,482,480,2
24195,130,127,3
24196,79,78,1
24197,158,153,5
24198,386,381,5
24199,571,568,3
24200,130,130,0
24201,155,155,0
24202,165,162,3
24203,65,64,1
24204,241,240,1
24205,133,133,0
24206,181,180,1
24207,169,168,1
24208,398,396,2
24209,225,225,0
24210,200,200,0
24211,354,353,1
24212,304,303,1
24213,191,189,2
24214,161,161,0
24215,378,376,2
24216,137,137,0
24217,137,135,2
24218,148,148,0
24219,242,242,0
24220,230,229,1
24221,168,168,0
24222,164,161,3
24223,402,402,0
24224,177,175,2
24225,380,380,0
24226,198,198,0
24227,183,181,2
24228,127,125,2
24229,127,127,0
24230,120,120,0
24231,73,73,0
24232,161,160,1
24233,133,133,0
24234,124,122,2
24235,129,129,0
24236,207,207,0
24237,381,380,1
24238,101,101,0
24239,209,207,2
24240,168,168,0
24241,267,265,2
24242,132,131,1
24243,244,244,0
24244,235,235,0
24245,403,402,1
24246,333,332,1
24247,507,506,1
24248,130,130,0
24249,136,136,0
24250,536,536,0
24251,155,155,0
24252,109,108,1
24253,144,144,0
24254,891,882,9
24255,251,251,0
24256,432,432,0
24257,236,235,1
24258,264,264,0
24259,130,130,0
24260,365,363,2
24261,698,696,2
24262,244,241,3
24263,117,117,0
24264,267,264,3
24265,159,158,1
24266,142,142,0
24267,350,345,5
24268,129,128,1
24269,157,156,1
24270,48,48,0
24271,52,52,0
24272,604,604,0
24273,369,368,1
24274,259,256,3
24275,279,277,2
24276,124,124,0
24277,126,124,2
24278,175,174,1
24279,166,164,2
24280,57,57,0
24281,175,175,0
24282,480,475,5
24283,208,207,1
24284,171,170,1
24285,585,584,1
24286,261,261,0
24287,158,155,3
24288,118,118,0
24289,174,174,0
24290,477,475,2
24291,297,294,3
24292,381,379,2
24293,192,192,0
24294,52,52,0
24295,178,178,0
24296,123,122,1
24297,217,217,0
24298,202,200,2
24299,192,192,0
24300,395,395,0
24301,183,183,0
24302,140,137,3
24303,207,204,3
24304,197,195,2
24305,188,183,5
24306,112,112,0
24307,143,143,0
24308,308,307,1
24309,350,348,2
24310,165,165,0
24311,154,153,1
24312,144,143,1
24313,173,172,1
24314,134,134,0
24315,123,123,0
24316,171,171,0
24317,160,160,0
24318,125,125,0
24319,107,106,1
24320,177,177,0
24321,74,72,2
24322,123,123,0
24323,55,55,0
24324,54,54,0
24325,78,78,0
24326,123,123,0
24327,238,237,1
24328,124,124,0
24329,99,98,1
24330,136,136,0
24331,140,136,4
24332,208,207,1
24333,152,150,2
24334,222,219,3
24335,104,104,0
24336,320,319,1
24337,143,139,4
24338,530,525,5
24339,693,693,0
24340,177,175,2
24341,170,170,0
24342,145,145,0
24343,137,136,1
24344,182,182,0
24345,133,133,0
24346,246,246,0
24347,152,151,1
24348,248,248,0
24349,129,129,0
24350,200,200,0
24351,191,190,1
24352,198,198,0
24353,104,104,0
24354,121,121,0
24355,649,647,2
24356,163,163,0
24357,176,175,1
24358,143,143,0
24359,82,82,0
24360,192,192,0
24361,72,71,1
24362,176,175,1
24363,185,185,0
24364,583,582,1
24365,130,129,1
24366,107,107,0
24367,105,105,0
24368,167,167,0
24369,587,585,2
24370,128,128,0
24371,176,176,0
24372,95,95,0
24373,277,276,1
24374,412,412,0
24375,132,132,0
24376,139,139,0
24377,118,117,1
24378,116,115,1
24379,123,122,1
24380,122,122,0
24381,249,248,1
24382,157,157,0
24383,179,179,0
24384,158,156,2
24385,124,124,0
24386,139,139,0
24387,234,234,0
24388,167,167,0
24389,126,125,1
24390,62,62,0
24391,106,106,0
24392,144,144,0
24393,157,157,0
24394,390,388,2
24395,75,75,0
24396,174,174,0
24397,78,78,0
24398,234,234,0
24399,152,151,1
24400,171,170,1
24401,463,458,5
24402,131,129,2
24403,244,242,2
24404,206,194,12
24405,149,149,0
24406,536,533,3
24407,300,300,0
24408,195,195,0
24409,308,308,0
24410,127,126,1
24411,146,146,0
24412,197,196,1
24413,458,457,1
24414,145,145,0
24415,163,163,0
24416,164,164,0
24417,182,181,1
24418,166,166,0
24419,150,150,0
24420,206,206,0
24421,196,196,0
24422,52,52,0
24423,121,121,0
24424,203,202,1
24425,124,124,0
24426,139,139,0
24427,205,204,1
24428,124,124,0
24429,389,384,5
24430,126,126,0
24431,53,53,0
24432,226,225,1
24433,202,202,0
24434,790,783,7
24435,50,48,2
24436,124,124,0
24437,157,155,2
24438,235,234,1
24439,235,235,0
24440,141,140,1
24441,123,123,0
24442,40,40,0
24443,158,158,0
24444,127,127,0
24445,113,112,1
24446,163,163,0
24447,106,105,1
24448,167,167,0
24449,224,224,0
24450,224,224,0
24451,421,418,3
24452,67,67,0
24453,178,177,1
24454,139,139,0
24455,916,913,3
24456,265,265,0
24457,130,130,0
24458,199,199,0
24459,68,68,0
24460,98,98,0
24461,83,82,1
24462,190,189,1
24463,85,85,0
24464,128,128,0
24465,155,155,0
24466,177,177,0
24467,87,86,1
24468,163,163,0
24469,179,177,2
24470,281,280,1
24471,109,108,1
24472,165,165,0
24473,382,379,3
24474,304,304,0
24475,44,44,0
24476,108,108,0
24477,140,139,1
24478,146,145,1
24479,175,175,0
24480,72,72,0
24481,474,471,3
24482,729,729,0
24483,178,178,0
24484,127,127,0
24485,132,132,0
24486,200,200,0
24487,298,297,1
24488,142,140,2
24489,211,211,0
24490,161,161,0
24491,82,82,0
24492,228,228,0
24493,300,299,1
24494,942,938,4
24495,252,252,0
24496,431,428,3
24497,204,204,0
24498,78,78,0
24499,231,229,2
24500,55,55,0
24501,161,161,0
24502,215,214,1
24503,43,43,0
24504,47,47,0
24505,232,232,0
24506,111,103,8
24507,324,324,0
24508,191,191,0
24509,58,58,0
24510,121,120,1
24511,195,194,1
24512,107,105,2
24513,495,492,3
24514,423,420,3
24515,106,106,0
24516,105,104,1
24517,538,538,0
24518,395,393,2
24519,125,124,1
24520,105,101,4
24521,121,121,0
24522,70,70,0
24523,88,88,0
24524,349,347,2
24525,112,108,4
24526,280,278,2
24527,218,214,4
24528,250,249,1
24529,567,566,1
24530,35,35,0
24531,370,369,1
24532,208,208,0
24533,515,514,1
24534,293,292,1
24535,226,225,1
24536,135,135,0
24537,148,147,1
24538,122,122,0
24539,207,206,1
24540,802,796,6
24541,222,221,1
24542,334,334,0
24543,142,141,1
24544,154,153,1
24545,869,869,0
24546,189,188,1
24547,196,196,0
24548,434,433,1
24549,459,459,0
24550,171,171,0
24551,93,87,6
24552,637,637,0
24553,117,117,0
24554,404,401,3
24555,234,233,1
24556,192,192,0
24557,46,46,0
24558,61,61,0
24559,256,255,1
24560,499,499,0
24561,141,141,0
24562,310,310,0
24563,141,141,0
24564,199,198,1
24565,308,308,0
24566,144,144,0
24567,126,126,0
24568,635,633,2
24569,425,424,1
24570,193,193,0
24571,127,127,0
24572,149,148,1
24573,275,272,3
24574,119,119,0
24575,75,75,0
24576,67,67,0
24577,201,200,1
24578,243,241,2
24579,299,298,1
24580,147,147,0
24581,143,143,0
24582,340,339,1
24583,149,149,0
24584,306,306,0
24585,278,275,3
24586,899,892,7
24587,293,292,1
24588,149,149,0
24589,219,219,0
24590,195,194,1
24591,87,86,1
24592,188,185,3
24593,237,236,1
24594,111,110,1
24595,332,332,0
24596,295,295,0
24597,528,525,3
24598,296,296,0
24599,317,317,0
24600,322,321,1
24601,124,124,0
24602,183,183,0
24603,379,378,1
24604,123,122,1
24605,125,125,0
24606,51,51,0
24607,123,123,0
24608,367,364,3
24609,226,226,0
24610,359,351,8
24611,242,242,0
24612,528,526,2
24613,239,238,1
24614,183,182,1
24615,213,213,0
24616,175,175,0
24617,96,93,3
24618,254,254,0
24619,152,151,1
24620,447,447,0
24621,106,106,0
24622,116,116,0
24623,186,183,3
24624,241,241,0
24625,306,306,0
24626,391,389,2
24627,210,210,0
24628,601,598,3
24629,294,294,0
24630,58,57,1
24631,113,113,0
24632,64,62,2
24633,103,102,1
24634,441,439,2
24635,139,139,0
24636,141,139,2
24637,153,153,0
24638,126,126,0
24639,145,145,0
24640,234,234,0
24641,158,157,1
24642,175,175,0
24643,163,163,0
24644,143,140,3
24645,298,295,3
24646,266,264,2
24647,87,87,0
24648,69,69,0
24649,84,83,1
24650,49,49,0
24651,75,75,0
24652,56,56,0
24653,873,872,1
24654,88,88,0
24655,155,155,0
24656,113,112,1
24657,101,99,2
24658,232,232,0
24659,59,59,0
24660,390,390,0
24661,124,123,1
24662,196,196,0
24663,187,187,0
24664,578,576,2
24665,204,203,1
24666,418,412,6
24667,868,863,5
24668,624,621,3
24669,851,846,5
24670,172,171,1
24671,392,390,2
24672,294,294,0
24673,221,221,0
24674,965,960,5
24675,649,643,6
24676,168,165,3
24677,317,317,0
24678,48,48,0
24679,144,144,0
24680,928,927,1
24681,337,337,0
24682,167,167,0
24683,171,170,1
24684,287,287,0
24685,168,168,0
24686,381,376,5
24687,307,287,20
24688,135,133,2
24689,210,209,1
24690,360,359,1
24691,134,133,1
24692,169,168,1
24693,434,431,3
24694,288,288,0
24695,809,805,4
24696,266,265,1
24697,114,114,0
24698,91,91,0
24699,161,161,0
24700,333,332,1
24701,280,278,2
24702,329,326,3
24703,213,213,0
24704,145,145,0
24705,374,374,0
24706,334,334,0
24707,176,176,0
24708,199,198,1
24709,43,43,0
24710,84,84,0
24711,296,295,1
24712,129,129,0
24713,194,194,0
24714,48,48,0
24715,100,100,0
24716,126,126,0
24717,301,300,1
24718,125,124,1
24719,637,636,1
24720,67,67,0
24721,167,167,0
24722,133,133,0
24723,202,198,4
24724,308,307,1
24725,304,303,1
24726,133,133,0
24727,153,153,0
24728,402,400,2
24729,117,117,0
24730,39,39,0
24731,138,137,1
24732,169,168,1
24733,207,203,4
24734,126,126,0
24735,157,157,0
24736,175,175,0
24737,98,98,0
24738,129,128,1
24739,875,874,1
24740,129,129,0
24741,235,235,0
24742,351,351,0
24743,186,186,0
24744,297,296,1
24745,133,132,1
24746,187,186,1
24747,275,274,1
24748,150,149,1
24749,473,471,2
24750,68,68,0
24751,284,284,0
24752,150,149,1
24753,446,446,0
24754,224,224,0
24755,139,139,0
24756,213,213,0
24757,303,299,4
24758,495,495,0
24759,57,57,0
24760,204,204,0
24761,186,186,0
24762,104,104,0
24763,123,123,0
24764,667,665,2
24765,184,182,2
24766,350,350,0
24767,335,320,15
24768,223,220,3
24769,258,258,0
24770,133,132,1
24771,268,264,4
24772,197,197,0
24773,374,374,0
24774,789,785,4
24775,742,735,7
24776,217,217,0
24777,336,334,2
24778,672,670,2
24779,168,166,2
24780,128,128,0
24781,48,48,0
24782,40,40,0
24783,51,51,0
24784,40,40,0
24785,144,143,1
24786,357,357,0
24787,466,465,1
24788,75,75,0
24789,505,503,2
24790,585,582,3
24791,118,118,0
24792,79,79,0
24793,230,230,0
24794,291,291,0
24795,157,156,1
24796,235,234,1
24797,188,188,0
24798,223,223,0
24799,158,158,0
24800,337,335,2
24801,194,194,0
24802,722,720,2
24803,353,353,0
24804,136,135,1
24805,184,182,2
24806,776,770,6
24807,218,218,0
24808,60,60,0
24809,162,162,0
24810,531,530,1
24811,275,274,1
24812,340,340,0
24813,309,309,0
24814,254,254,0
24815,574,574,0
24816,258,258,0
24817,136,134,2
24818,478,478,0
24819,287,285,2
24820,212,211,1
24821,192,192,0
24822,491,483,8
24823,125,125,0
24824,234,234,0
24825,39,38,1
24826,114,114,0
24827,67,67,0
24828,146,146,0
24829,54,54,0
24830,421,421,0
24831,327,326,1
24832,489,483,6
24833,49,49,0
24834,147,146,1
24835,109,108,1
24836,111,110,1
24837,500,491,9
24838,124,124,0
24839,317,316,1
24840,288,288,0
24841,334,334,0
24842,114,114,0
24843,220,217,3
24844,602,602,0
24845,944,942,2
24846,195,194,1
24847,201,200,1
24848,151,151,0
24849,421,421,0
24850,104,104,0
24851,223,220,3
24852,190,189,1
24853,100,98,2
24854,187,187,0
24855,196,194,2
24856,906,902,4
24857,37,37,0
24858,481,478,3
24859,762,762,0
24860,195,192,3
24861,417,415,2
24862,221,221,0
24863,292,291,1
24864,368,368,0
24865,222,222,0
24866,801,796,5
24867,186,184,2
24868,154,153,1
24869,129,129,0
24870,722,718,4
24871,175,175,0
24872,994,989,5
24873,216,212,4
24874,467,465,2
24875,141,141,0
24876,132,132,0
24877,147,147,0
24878,162,162,0
24879,41,41,0
24880,184,183,1
24881,38,38,0
24882,534,530,4
24883,71,71,0
24884,131,131,0
24885,275,274,1
24886,111,110,1
24887,71,71,0
24888,248,248,0
24889,123,123,0
24890,161,161,0
24891,116,115,1
24892,170,170,0
24893,203,203,0
24894,223,222,1
24895,156,155,1
24896,269,269,0
24897,288,287,1
24898,136,136,0
24899,147,147,0
24900,126,125,1
24901,132,132,0
24902,134,134,0
24903,284,283,1
24904,252,251,1
24905,445,442,3
24906,268,268,0
24907,113,113,0
24908,115,110,5
24909,277,277,0
24910,443,441,2
24911,129,129,0
24912,139,139,0
24913,57,57,0
24914,284,283,1
24915,115,115,0
24916,77,77,0
24917,63,62,1
24918,106,106,0
24919,121,121,0
24920,185,185,0
24921,239,237,2
24922,144,144,0
24923,131,131,0
24924,330,329,1
24925,71,70,1
24926,114,114,0
24927,37,35,2
24928,172,172,0
24929,135,134,1
24930,856,851,5
24931,419,419,0
24932,516,511,5
24933,922,922,0
24934,485,484,1
24935,222,222,0
24936,124,124,0
24937,135,132,3
24938,274,273,1
24939,204,203,1
24940,263,263,0
24941,295,294,1
24942,197,195,2
24943,513,513,0
24944,299,299,0
24945,257,257,0
24946,220,220,0
24947,116,114,2
24948,334,334,0
24949,518,516,2
24950,229,229,0
24951,575,573,2
24952,280,280,0
24953,84,84,0
24954,185,184,1
24955,324,324,0
24956,205,205,0
24957,233,233,0
24958,210,209,1
24959,474,466,8
24960,297,297,0
24961,450,450,0
24962,216,214,2
24963,777,772,5
24964,202,202,0
24965,701,699,2
24966,78,78,0
24967,212,212,0
24968,127,125,2
24969,173,173,0
24970,290,290,0
24971,334,334,0
24972,190,188,2
24973,221,217,4
24974,197,196,1
24975,459,457,2
24976,271,271,0
24977,339,339,0
24978,596,593,3
24979,125,125,0
24980,627,626,1
24981,214,213,1
24982,990,988,2
24983,338,337,1
24984,955,951,4
24985,320,320,0
24986,124,123,1
24987,499,495,4
24988,280,280,0
24989,668,665,3
24990,219,217,2
24991,213,213,0
24992,172,171,1
24993,316,316,0
24994,132,132,0
24995,107,107,0
24996,165,165,0
24997,277,275,2
24998,130,129,1
24999,382,382,0
