,num_review_tokens,retrieved_vectors,missed
0,153,151,2
1,352,345,7
2,247,244,3
3,128,127,1
4,205,202,3
5,315,311,4
6,344,333,11
7,143,141,2
8,174,171,3
9,960,936,24
10,256,253,3
11,146,141,5
12,214,214,0
13,165,163,2
14,111,111,0
15,361,357,4
16,207,202,5
17,703,672,31
18,191,187,4
19,131,130,1
20,305,303,2
21,191,190,1
22,204,202,2
23,48,48,0
24,99,98,1
25,140,139,1
26,269,267,2
27,128,128,0
28,162,159,3
29,1005,971,34
30,523,516,7
31,160,155,5
32,981,966,15
33,146,141,5
34,251,244,7
35,763,747,16
36,319,309,10
37,119,117,2
38,742,731,11
39,139,138,1
40,190,187,3
41,304,301,3
42,509,504,5
43,58,57,1
44,216,211,5
45,91,89,2
46,80,78,2
47,462,449,13
48,193,191,2
49,525,518,7
50,487,477,10
51,49,49,0
52,159,157,2
53,119,119,0
54,870,860,10
55,828,813,15
56,123,123,0
57,526,522,4
58,221,220,1
59,134,132,2
60,248,238,10
61,160,157,3
62,253,248,5
63,159,159,0
64,152,146,6
65,108,107,1
66,161,157,4
67,57,54,3
68,47,47,0
69,136,133,3
70,57,57,0
71,69,66,3
72,154,153,1
73,174,169,5
74,162,161,1
75,264,258,6
76,247,244,3
77,560,554,6
78,69,69,0
79,537,524,13
80,255,252,3
81,173,170,3
82,207,204,3
83,152,147,5
84,107,105,2
85,36,35,1
86,137,134,3
87,98,93,5
88,149,147,2
89,201,198,3
90,185,184,1
91,143,139,4
92,196,196,0
93,238,234,4
94,134,134,0
95,209,206,3
96,228,228,0
97,201,200,1
98,430,420,10
99,142,140,2
100,295,290,5
101,144,142,2
102,132,132,0
103,209,203,6
104,617,601,16
105,230,230,0
106,208,208,0
107,463,457,6
108,374,369,5
109,196,196,0
110,127,126,1
111,179,176,3
112,214,213,1
113,556,549,7
114,194,186,8
115,431,408,23
116,213,211,2
117,1028,1014,14
118,940,925,15
119,196,196,0
120,320,317,3
121,591,589,2
122,161,159,2
123,140,136,4
124,220,220,0
125,250,240,10
126,144,139,5
127,176,174,2
128,63,63,0
129,46,45,1
130,51,51,0
131,450,442,8
132,71,71,0
133,139,134,5
134,103,103,0
135,130,129,1
136,92,92,0
137,163,161,2
138,435,434,1
139,34,34,0
140,225,224,1
141,72,72,0
142,91,89,2
143,255,255,0
144,249,235,14
145,305,304,1
146,396,389,7
147,133,133,0
148,245,244,1
149,156,155,1
150,522,517,5
151,124,123,1
152,159,158,1
153,146,143,3
154,546,543,3
155,101,99,2
156,145,139,6
157,375,374,1
158,147,145,2
159,293,292,1
160,179,177,2
161,115,115,0
162,161,160,1
163,75,74,1
164,449,446,3
165,351,348,3
166,577,556,21
167,319,315,4
168,170,170,0
169,133,133,0
170,138,136,2
171,149,149,0
172,155,153,2
173,114,113,1
174,124,124,0
175,249,246,3
176,231,228,3
177,139,134,5
178,747,736,11
179,151,148,3
180,176,175,1
181,300,291,9
182,155,154,1
183,235,233,2
184,183,183,0
185,1009,994,15
186,390,387,3
187,220,216,4
188,170,166,4
189,392,380,12
190,621,619,2
191,518,513,5
192,50,50,0
193,64,64,0
194,45,43,2
195,56,55,1
196,63,62,1
197,103,101,2
198,129,128,1
199,222,218,4
200,214,212,2
201,172,171,1
202,215,213,2
203,259,249,10
204,129,128,1
205,302,298,4
206,108,103,5
207,129,129,0
208,150,150,0
209,119,118,1
210,147,143,4
211,112,107,5
212,157,149,8
213,210,205,5
214,454,443,11
215,219,215,4
216,96,92,4
217,86,83,3
218,151,150,1
219,192,181,11
220,673,656,17
221,146,146,0
222,193,191,2
223,292,287,5
224,107,106,1
225,136,133,3
226,127,126,1
227,594,585,9
228,62,62,0
229,213,210,3
230,234,234,0
231,173,170,3
232,145,145,0
233,593,524,69
234,195,193,2
235,452,443,9
236,530,520,10
237,200,199,1
238,110,108,2
239,190,184,6
240,44,44,0
241,329,322,7
242,125,122,3
243,85,83,2
244,208,205,3
245,250,246,4
246,212,208,4
247,241,237,4
248,100,98,2
249,425,424,1
250,205,204,1
251,206,201,5
252,166,165,1
253,158,158,0
254,194,191,3
255,176,174,2
256,120,120,0
257,182,180,2
258,493,487,6
259,535,532,3
260,392,382,10
261,144,143,1
262,211,210,1
263,106,106,0
264,195,193,2
265,256,251,5
266,196,195,1
267,344,340,4
268,138,138,0
269,281,278,3
270,340,323,17
271,803,774,29
272,293,267,26
273,278,275,3
274,172,172,0
275,170,168,2
276,201,199,2
277,134,129,5
278,125,122,3
279,139,138,1
280,224,222,2
281,407,398,9
282,221,220,1
283,148,146,2
284,116,115,1
285,333,330,3
286,238,237,1
287,152,149,3
288,172,161,11
289,127,126,1
290,51,51,0
291,376,362,14
292,978,956,22
293,351,341,10
294,179,173,6
295,295,280,15
296,602,578,24
297,75,75,0
298,521,513,8
299,112,112,0
300,145,141,4
301,320,320,0
302,282,277,5
303,118,117,1
304,631,609,22
305,103,96,7
306,64,63,1
307,60,60,0
308,60,60,0
309,165,165,0
310,69,67,2
311,130,128,2
312,57,55,2
313,55,53,2
314,61,59,2
315,127,126,1
316,372,361,11
317,116,111,5
318,123,118,5
319,272,255,17
320,232,228,4
321,141,139,2
322,687,662,25
323,707,696,11
324,424,422,2
325,559,548,11
326,42,41,1
327,334,322,12
328,108,107,1
329,206,202,4
330,117,110,7
331,278,267,11
332,124,124,0
333,198,197,1
334,171,161,10
335,208,207,1
336,210,204,6
337,136,134,2
338,61,60,1
339,130,129,1
340,115,113,2
341,453,427,26
342,324,321,3
343,434,422,12
344,109,108,1
345,62,60,2
346,63,62,1
347,52,51,1
348,62,61,1
349,190,187,3
350,164,158,6
351,159,151,8
352,89,85,4
353,126,118,8
354,164,157,7
355,234,231,3
356,425,406,19
357,192,183,9
358,154,147,7
359,114,112,2
360,137,132,5
361,239,238,1
362,119,114,5
363,114,114,0
364,185,184,1
365,172,169,3
366,270,268,2
367,132,130,2
368,262,256,6
369,126,125,1
370,122,122,0
371,334,332,2
372,167,164,3
373,204,201,3
374,296,293,3
375,52,51,1
376,104,104,0
377,124,121,3
378,130,126,4
379,232,229,3
380,69,69,0
381,65,64,1
382,145,142,3
383,165,150,15
384,71,71,0
385,280,277,3
386,115,114,1
387,226,222,4
388,128,126,2
389,125,123,2
390,236,230,6
391,140,137,3
392,111,108,3
393,221,212,9
394,288,275,13
395,309,296,13
396,831,814,17
397,320,306,14
398,114,106,8
399,132,129,3
400,275,270,5
401,103,101,2
402,159,157,2
403,196,195,1
404,178,178,0
405,108,108,0
406,188,187,1
407,311,305,6
408,175,170,5
409,211,203,8
410,130,129,1
411,271,259,12
412,119,116,3
413,360,356,4
414,244,242,2
415,150,149,1
416,220,217,3
417,213,210,3
418,647,639,8
419,115,113,2
420,151,150,1
421,76,76,0
422,136,133,3
423,112,112,0
424,39,39,0
425,75,74,1
426,107,103,4
427,117,114,3
428,86,84,2
429,33,32,1
430,128,124,4
431,702,690,12
432,419,408,11
433,118,118,0
434,500,489,11
435,140,140,0
436,336,332,4
437,236,231,5
438,129,128,1
439,251,249,2
440,476,469,7
441,523,510,13
442,183,179,4
443,127,126,1
444,105,102,3
445,679,662,17
446,231,228,3
447,375,367,8
448,212,207,5
449,128,128,0
450,189,187,2
451,496,482,14
452,257,243,14
453,254,249,5
454,526,509,17
455,168,168,0
456,113,111,2
457,175,172,3
458,164,164,0
459,203,198,5
460,205,202,3
461,146,144,2
462,107,103,4
463,155,150,5
464,72,71,1
465,130,126,4
466,134,134,0
467,193,185,8
468,211,204,7
469,820,790,30
470,258,251,7
471,157,156,1
472,115,114,1
473,152,150,2
474,66,66,0
475,343,337,6
476,83,83,0
477,518,493,25
478,36,34,2
479,71,70,1
480,143,143,0
481,171,170,1
482,298,296,2
483,181,179,2
484,196,193,3
485,150,149,1
486,147,146,1
487,207,202,5
488,113,105,8
489,141,139,2
490,146,145,1
491,109,109,0
492,297,291,6
493,398,396,2
494,135,133,2
495,273,269,4
496,166,166,0
497,382,380,2
498,166,163,3
499,139,134,5
500,571,560,11
501,228,223,5
502,373,369,4
503,599,591,8
504,134,131,3
505,335,332,3
506,184,181,3
507,92,92,0
508,115,112,3
509,62,57,5
510,537,518,19
511,127,125,2
512,305,295,10
513,136,131,5
514,137,136,1
515,124,121,3
516,152,150,2
517,176,175,1
518,184,182,2
519,802,765,37
520,142,136,6
521,232,226,6
522,44,44,0
523,162,157,5
524,423,402,21
525,122,119,3
526,151,150,1
527,227,222,5
528,189,183,6
529,427,423,4
530,117,115,2
531,987,964,23
532,117,114,3
533,174,170,4
534,212,202,10
535,448,426,22
536,160,157,3
537,175,164,11
538,425,410,15
539,244,239,5
540,118,117,1
541,737,727,10
542,367,342,25
543,143,142,1
544,161,160,1
545,182,180,2
546,123,118,5
547,70,69,1
548,111,111,0
549,133,131,2
550,396,381,15
551,84,80,4
552,128,126,2
553,279,269,10
554,15,14,1
555,57,55,2
556,169,160,9
557,66,64,2
558,361,350,11
559,839,818,21
560,180,178,2
561,528,507,21
562,80,77,3
563,142,140,2
564,204,202,2
565,150,148,2
566,79,76,3
567,176,172,4
568,61,61,0
569,53,52,1
570,220,210,10
571,138,134,4
572,175,173,2
573,135,131,4
574,52,52,0
575,55,53,2
576,148,143,5
577,152,149,3
578,133,130,3
579,114,111,3
580,134,132,2
581,122,116,6
582,150,150,0
583,118,113,5
584,104,101,3
585,148,142,6
586,461,457,4
587,137,135,2
588,294,287,7
589,131,128,3
590,135,131,4
591,164,160,4
592,117,113,4
593,202,201,1
594,228,225,3
595,154,151,3
596,155,153,2
597,139,137,2
598,402,394,8
599,155,144,11
600,137,134,3
601,81,76,5
602,99,96,3
603,115,113,2
604,190,189,1
605,123,123,0
606,56,56,0
607,133,131,2
608,176,175,1
609,56,56,0
610,78,77,1
611,131,131,0
612,132,132,0
613,159,157,2
614,332,317,15
615,173,169,4
616,136,135,1
617,174,171,3
618,125,124,1
619,73,73,0
620,247,242,5
621,117,114,3
622,115,115,0
623,94,91,3
624,121,116,5
625,215,214,1
626,419,412,7
627,630,623,7
628,179,172,7
629,125,124,1
630,122,114,8
631,209,209,0
632,326,317,9
633,125,125,0
634,124,120,4
635,147,147,0
636,108,108,0
637,296,293,3
638,335,333,2
639,145,140,5
640,460,447,13
641,121,120,1
642,212,205,7
643,358,351,7
644,295,284,11
645,356,349,7
646,111,110,1
647,162,158,4
648,125,121,4
649,155,149,6
650,284,271,13
651,150,149,1
652,158,153,5
653,63,61,2
654,205,196,9
655,63,60,3
656,68,67,1
657,111,108,3
658,62,60,2
659,114,107,7
660,111,105,6
661,138,135,3
662,161,156,5
663,187,182,5
664,248,244,4
665,250,243,7
666,158,158,0
667,147,146,1
668,187,185,2
669,220,215,5
670,117,113,4
671,173,171,2
672,152,142,10
673,278,274,4
674,145,144,1
675,563,552,11
676,115,114,1
677,169,167,2
678,813,789,24
679,795,781,14
680,702,688,14
681,253,243,10
682,168,168,0
683,111,108,3
684,315,313,2
685,82,78,4
686,74,69,5
687,163,159,4
688,239,231,8
689,170,167,3
690,273,267,6
691,100,98,2
692,128,124,4
693,834,810,24
694,338,325,13
695,334,319,15
696,211,209,2
697,321,313,8
698,472,461,11
699,524,500,24
700,399,393,6
701,198,188,10
702,337,327,10
703,693,679,14
704,238,236,2
705,436,414,22
706,177,168,9
707,144,142,2
708,497,475,22
709,217,215,2
710,168,164,4
711,50,50,0
712,151,149,2
713,56,55,1
714,281,275,6
715,267,263,4
716,149,146,3
717,249,246,3
718,248,247,1
719,67,65,2
720,67,62,5
721,65,64,1
722,151,151,0
723,366,359,7
724,139,136,3
725,126,126,0
726,151,147,4
727,247,247,0
728,177,168,9
729,151,150,1
730,600,589,11
731,118,116,2
732,437,426,11
733,1011,983,28
734,67,64,3
735,122,120,2
736,758,744,14
737,239,235,4
738,176,163,13
739,150,149,1
740,591,588,3
741,138,132,6
742,101,98,3
743,213,202,11
744,236,236,0
745,258,257,1
746,193,189,4
747,73,70,3
748,346,336,10
749,607,589,18
750,149,141,8
751,247,246,1
752,83,82,1
753,140,138,2
754,153,142,11
755,190,190,0
756,189,183,6
757,295,294,1
758,207,201,6
759,47,47,0
760,452,441,11
761,213,211,2
762,187,183,4
763,131,131,0
764,126,123,3
765,536,525,11
766,51,50,1
767,127,119,8
768,97,94,3
769,206,203,3
770,140,138,2
771,122,121,1
772,377,364,13
773,131,126,5
774,220,215,5
775,127,123,4
776,148,144,4
777,284,278,6
778,164,155,9
779,67,65,2
780,132,132,0
781,258,257,1
782,120,118,2
783,377,362,15
784,440,425,15
785,109,108,1
786,984,974,10
787,1014,981,33
788,388,379,9
789,444,425,19
790,167,165,2
791,118,114,4
792,186,185,1
793,213,211,2
794,276,274,2
795,183,181,2
796,550,547,3
797,187,185,2
798,194,193,1
799,275,271,4
800,110,109,1
801,515,511,4
802,261,259,2
803,868,859,9
804,104,103,1
805,74,73,1
806,132,128,4
807,250,249,1
808,158,157,1
809,574,573,1
810,131,127,4
811,270,269,1
812,278,270,8
813,126,124,2
814,485,485,0
815,213,208,5
816,526,524,2
817,472,472,0
818,165,164,1
819,270,266,4
820,171,169,2
821,266,259,7
822,123,121,2
823,97,97,0
824,316,314,2
825,56,56,0
826,263,262,1
827,938,930,8
828,222,221,1
829,74,73,1
830,77,74,3
831,80,80,0
832,139,129,10
833,279,275,4
834,145,142,3
835,395,394,1
836,443,440,3
837,124,122,2
838,743,729,14
839,584,576,8
840,281,271,10
841,128,126,2
842,556,542,14
843,194,194,0
844,495,485,10
845,128,121,7
846,175,171,4
847,222,219,3
848,131,130,1
849,141,140,1
850,163,161,2
851,799,785,14
852,87,86,1
853,360,356,4
854,153,148,5
855,398,397,1
856,149,147,2
857,547,538,9
858,30,30,0
859,52,47,5
860,33,31,2
861,86,84,2
862,132,128,4
863,218,214,4
864,214,208,6
865,271,261,10
866,1019,1012,7
867,88,86,2
868,157,152,5
869,169,168,1
870,126,123,3
871,163,161,2
872,389,380,9
873,531,526,5
874,483,468,15
875,174,172,2
876,362,359,3
877,257,251,6
878,186,186,0
879,650,632,18
880,145,142,3
881,229,222,7
882,156,155,1
883,574,565,9
884,636,626,10
885,190,189,1
886,764,742,22
887,249,238,11
888,261,255,6
889,116,114,2
890,191,179,12
891,175,168,7
892,110,106,4
893,181,167,14
894,284,263,21
895,332,329,3
896,228,215,13
897,405,394,11
898,139,139,0
899,438,427,11
900,373,367,6
901,58,56,2
902,343,329,14
903,53,53,0
904,630,593,37
905,118,108,10
906,150,149,1
907,418,412,6
908,128,128,0
909,268,268,0
910,135,134,1
911,113,112,1
912,119,115,4
913,161,154,7
914,125,124,1
915,254,250,4
916,104,104,0
917,179,178,1
918,134,134,0
919,262,260,2
920,250,243,7
921,217,213,4
922,236,224,12
923,554,531,23
924,142,140,2
925,175,173,2
926,149,147,2
927,127,127,0
928,187,185,2
929,100,98,2
930,507,503,4
931,54,54,0
932,1016,978,38
933,75,75,0
934,57,56,1
935,141,140,1
936,222,219,3
937,113,111,2
938,503,497,6
939,57,56,1
940,113,110,3
941,196,191,5
942,193,188,5
943,253,242,11
944,151,150,1
945,127,124,3
946,127,126,1
947,266,262,4
948,222,219,3
949,397,395,2
950,197,190,7
951,161,147,14
952,305,302,3
953,171,170,1
954,27,24,3
955,169,167,2
956,128,126,2
957,106,105,1
958,328,321,7
959,192,189,3
960,194,192,2
961,114,108,6
962,133,131,2
963,146,141,5
964,167,161,6
965,105,103,2
966,367,351,16
967,391,381,10
968,117,112,5
969,206,196,10
970,161,160,1
971,199,199,0
972,131,129,2
973,56,56,0
974,331,328,3
975,47,47,0
976,146,140,6
977,104,103,1
978,219,214,5
979,116,115,1
980,111,109,2
981,106,106,0
982,167,165,2
983,111,110,1
984,133,133,0
985,530,526,4
986,165,165,0
987,292,273,19
988,213,208,5
989,396,396,0
990,400,398,2
991,158,158,0
992,322,320,2
993,84,84,0
994,267,263,4
995,87,85,2
996,157,145,12
997,309,307,2
998,130,121,9
999,457,455,2
1000,176,175,1
1001,348,335,13
1002,224,224,0
1003,144,140,4
1004,460,452,8
1005,116,115,1
1006,110,109,1
1007,169,168,1
1008,237,234,3
1009,292,285,7
1010,117,111,6
1011,316,312,4
1012,501,488,13
1013,69,69,0
1014,84,82,2
1015,1013,987,26
1016,129,129,0
1017,221,219,2
1018,122,119,3
1019,127,124,3
1020,120,118,2
1021,195,185,10
1022,160,160,0
1023,118,118,0
1024,206,197,9
1025,189,189,0
1026,304,303,1
1027,185,185,0
1028,331,327,4
1029,97,94,3
1030,122,122,0
1031,47,47,0
1032,652,615,37
1033,180,176,4
1034,96,95,1
1035,272,267,5
1036,118,115,3
1037,284,283,1
1038,214,211,3
1039,188,184,4
1040,615,599,16
1041,275,273,2
1042,170,168,2
1043,163,159,4
1044,475,469,6
1045,743,732,11
1046,138,137,1
1047,137,137,0
1048,113,112,1
1049,104,101,3
1050,86,84,2
1051,502,496,6
1052,81,81,0
1053,155,154,1
1054,100,97,3
1055,121,118,3
1056,164,164,0
1057,92,91,1
1058,185,183,2
1059,377,372,5
1060,232,229,3
1061,97,93,4
1062,169,169,0
1063,231,225,6
1064,363,350,13
1065,120,118,2
1066,242,240,2
1067,349,345,4
1068,245,238,7
1069,640,637,3
1070,735,716,19
1071,238,235,3
1072,330,326,4
1073,194,190,4
1074,409,402,7
1075,167,166,1
1076,115,114,1
1077,379,372,7
1078,379,362,17
1079,199,193,6
1080,53,53,0
1081,84,84,0
1082,60,59,1
1083,83,81,2
1084,47,47,0
1085,56,56,0
1086,89,89,0
1087,131,131,0
1088,52,51,1
1089,161,160,1
1090,150,149,1
1091,166,163,3
1092,96,95,1
1093,45,45,0
1094,360,353,7
1095,219,216,3
1096,82,81,1
1097,110,109,1
1098,138,137,1
1099,74,74,0
1100,62,62,0
1101,152,143,9
1102,307,299,8
1103,76,76,0
1104,84,81,3
1105,87,86,1
1106,96,92,4
1107,89,87,2
1108,245,239,6
1109,140,138,2
1110,47,47,0
1111,140,138,2
1112,190,184,6
1113,130,125,5
1114,165,162,3
1115,353,343,10
1116,119,118,1
1117,149,147,2
1118,178,175,3
1119,70,68,2
1120,127,124,3
1121,512,503,9
1122,184,183,1
1123,306,306,0
1124,179,178,1
1125,120,118,2
1126,146,144,2
1127,182,174,8
1128,45,44,1
1129,67,64,3
1130,401,395,6
1131,151,149,2
1132,148,145,3
1133,430,413,17
1134,311,305,6
1135,129,127,2
1136,48,47,1
1137,102,99,3
1138,73,68,5
1139,113,113,0
1140,60,57,3
1141,131,127,4
1142,123,123,0
1143,423,413,10
1144,180,171,9
1145,199,198,1
1146,129,128,1
1147,128,127,1
1148,119,118,1
1149,248,242,6
1150,155,154,1
1151,675,656,19
1152,139,138,1
1153,157,153,4
1154,95,94,1
1155,168,161,7
1156,65,63,2
1157,147,146,1
1158,385,381,4
1159,70,68,2
1160,173,169,4
1161,125,123,2
1162,329,317,12
1163,299,295,4
1164,135,132,3
1165,488,485,3
1166,234,228,6
1167,400,385,15
1168,697,689,8
1169,917,905,12
1170,212,201,11
1171,368,357,11
1172,170,170,0
1173,376,368,8
1174,163,158,5
1175,180,177,3
1176,147,144,3
1177,265,263,2
1178,161,159,2
1179,202,202,0
1180,115,108,7
1181,189,189,0
1182,538,529,9
1183,164,163,1
1184,337,327,10
1185,62,62,0
1186,223,219,4
1187,83,82,1
1188,176,169,7
1189,122,121,1
1190,155,146,9
1191,131,129,2
1192,513,507,6
1193,155,155,0
1194,118,118,0
1195,246,243,3
1196,112,99,13
1197,223,203,20
1198,198,193,5
1199,550,540,10
1200,197,194,3
1201,154,152,2
1202,660,648,12
1203,48,48,0
1204,149,147,2
1205,138,137,1
1206,302,299,3
1207,84,82,2
1208,183,183,0
1209,101,98,3
1210,235,235,0
1211,975,961,14
1212,59,59,0
1213,316,311,5
1214,70,70,0
1215,115,111,4
1216,311,305,6
1217,380,373,7
1218,50,50,0
1219,169,169,0
1220,24,24,0
1221,248,242,6
1222,151,146,5
1223,543,533,10
1224,380,372,8
1225,91,91,0
1226,266,264,2
1227,59,58,1
1228,135,131,4
1229,226,224,2
1230,979,969,10
1231,201,199,2
1232,66,66,0
1233,110,110,0
1234,295,295,0
1235,28,28,0
1236,63,63,0
1237,164,164,0
1238,125,125,0
1239,228,228,0
1240,140,135,5
1241,203,198,5
1242,273,270,3
1243,687,674,13
1244,305,298,7
1245,385,375,10
1246,173,171,2
1247,62,62,0
1248,50,50,0
1249,75,70,5
1250,192,192,0
1251,118,118,0
1252,200,195,5
1253,241,233,8
1254,93,93,0
1255,123,121,2
1256,497,493,4
1257,123,123,0
1258,514,509,5
1259,118,118,0
1260,76,72,4
1261,285,280,5
1262,76,73,3
1263,66,65,1
1264,109,107,2
1265,91,89,2
1266,198,193,5
1267,96,94,2
1268,83,82,1
1269,428,425,3
1270,35,34,1
1271,322,315,7
1272,339,330,9
1273,357,339,18
1274,63,62,1
1275,226,221,5
1276,170,169,1
1277,242,231,11
1278,432,423,9
1279,279,275,4
1280,877,870,7
1281,234,232,2
1282,371,367,4
1283,390,387,3
1284,115,114,1
1285,199,195,4
1286,237,230,7
1287,222,218,4
1288,136,135,1
1289,184,182,2
1290,304,289,15
1291,860,827,33
1292,216,210,6
1293,150,150,0
1294,140,139,1
1295,122,120,2
1296,152,151,1
1297,122,122,0
1298,41,41,0
1299,134,132,2
1300,64,64,0
1301,62,62,0
1302,129,123,6
1303,124,122,2
1304,147,144,3
1305,133,132,1
1306,91,90,1
1307,134,132,2
1308,96,96,0
1309,208,206,2
1310,156,154,2
1311,66,66,0
1312,1048,1041,7
1313,62,61,1
1314,237,229,8
1315,604,600,4
1316,158,154,4
1317,295,289,6
1318,94,93,1
1319,151,148,3
1320,59,56,3
1321,115,114,1
1322,44,42,2
1323,226,221,5
1324,130,129,1
1325,127,121,6
1326,225,220,5
1327,527,502,25
1328,131,126,5
1329,164,163,1
1330,118,115,3
1331,174,173,1
1332,152,146,6
1333,61,59,2
1334,447,431,16
1335,274,269,5
1336,101,98,3
1337,294,280,14
1338,363,356,7
1339,765,741,24
1340,236,236,0
1341,165,164,1
1342,125,124,1
1343,339,318,21
1344,129,128,1
1345,557,554,3
1346,414,397,17
1347,319,313,6
1348,275,264,11
1349,404,385,19
1350,146,141,5
1351,127,120,7
1352,243,239,4
1353,129,125,4
1354,115,114,1
1355,585,571,14
1356,551,543,8
1357,236,235,1
1358,308,299,9
1359,246,244,2
1360,300,300,0
1361,144,132,12
1362,226,225,1
1363,589,583,6
1364,176,174,2
1365,214,211,3
1366,165,160,5
1367,769,755,14
1368,245,242,3
1369,440,429,11
1370,192,190,2
1371,135,134,1
1372,141,139,2
1373,127,125,2
1374,124,123,1
1375,138,138,0
1376,113,111,2
1377,116,109,7
1378,138,136,2
1379,142,142,0
1380,516,508,8
1381,147,145,2
1382,205,205,0
1383,112,112,0
1384,498,494,4
1385,354,349,5
1386,113,112,1
1387,102,101,1
1388,336,333,3
1389,50,49,1
1390,110,110,0
1391,138,138,0
1392,66,64,2
1393,57,57,0
1394,370,366,4
1395,65,64,1
1396,183,180,3
1397,136,127,9
1398,95,93,2
1399,122,121,1
1400,167,165,2
1401,117,116,1
1402,178,176,2
1403,24,23,1
1404,115,114,1
1405,153,152,1
1406,145,145,0
1407,72,70,2
1408,132,131,1
1409,126,123,3
1410,213,205,8
1411,161,158,3
1412,110,109,1
1413,85,84,1
1414,64,63,1
1415,167,164,3
1416,104,103,1
1417,86,84,2
1418,137,137,0
1419,426,419,7
1420,158,156,2
1421,180,178,2
1422,237,231,6
1423,214,213,1
1424,225,224,1
1425,172,168,4
1426,274,270,4
1427,314,311,3
1428,229,229,0
1429,693,674,19
1430,406,400,6
1431,178,171,7
1432,426,415,11
1433,204,200,4
1434,391,387,4
1435,83,83,0
1436,307,301,6
1437,384,370,14
1438,268,262,6
1439,145,144,1
1440,288,283,5
1441,108,102,6
1442,289,284,5
1443,403,401,2
1444,585,569,16
1445,219,216,3
1446,174,172,2
1447,310,310,0
1448,140,137,3
1449,136,135,1
1450,310,308,2
1451,135,130,5
1452,150,150,0
1453,85,85,0
1454,101,100,1
1455,164,164,0
1456,71,71,0
1457,112,107,5
1458,79,76,3
1459,150,150,0
1460,196,196,0
1461,396,391,5
1462,130,129,1
1463,118,117,1
1464,161,161,0
1465,137,137,0
1466,135,131,4
1467,231,231,0
1468,188,187,1
1469,246,242,4
1470,147,146,1
1471,131,129,2
1472,135,132,3
1473,132,129,3
1474,72,68,4
1475,160,159,1
1476,165,165,0
1477,185,181,4
1478,197,197,0
1479,193,189,4
1480,565,550,15
1481,113,108,5
1482,73,72,1
1483,65,65,0
1484,332,327,5
1485,231,230,1
1486,69,68,1
1487,188,185,3
1488,156,156,0
1489,652,644,8
1490,285,276,9
1491,505,498,7
1492,161,160,1
1493,295,292,3
1494,238,236,2
1495,124,122,2
1496,394,383,11
1497,526,522,4
1498,136,131,5
1499,411,404,7
1500,381,372,9
1501,390,386,4
1502,179,176,3
1503,238,238,0
1504,261,258,3
1505,850,832,18
1506,509,504,5
1507,142,140,2
1508,115,112,3
1509,197,190,7
1510,138,136,2
1511,33,33,0
1512,165,164,1
1513,302,297,5
1514,137,135,2
1515,200,199,1
1516,44,44,0
1517,212,211,1
1518,241,239,2
1519,55,54,1
1520,109,108,1
1521,201,199,2
1522,132,131,1
1523,145,142,3
1524,151,150,1
1525,78,78,0
1526,183,182,1
1527,344,336,8
1528,126,124,2
1529,75,74,1
1530,170,163,7
1531,66,65,1
1532,125,124,1
1533,76,72,4
1534,65,65,0
1535,108,104,4
1536,388,384,4
1537,300,295,5
1538,70,70,0
1539,233,228,5
1540,617,613,4
1541,105,103,2
1542,336,324,12
1543,216,213,3
1544,192,190,2
1545,167,165,2
1546,893,876,17
1547,257,245,12
1548,236,234,2
1549,146,143,3
1550,113,113,0
1551,412,404,8
1552,193,188,5
1553,138,137,1
1554,159,155,4
1555,112,106,6
1556,71,69,2
1557,633,622,11
1558,608,594,14
1559,254,252,2
1560,141,141,0
1561,183,179,4
1562,142,141,1
1563,187,183,4
1564,404,396,8
1565,249,245,4
1566,265,260,5
1567,105,102,3
1568,141,141,0
1569,203,199,4
1570,163,160,3
1571,362,358,4
1572,434,433,1
1573,101,100,1
1574,164,160,4
1575,160,157,3
1576,212,207,5
1577,215,215,0
1578,185,182,3
1579,53,53,0
1580,142,139,3
1581,80,78,2
1582,246,242,4
1583,71,70,1
1584,212,207,5
1585,134,131,3
1586,102,101,1
1587,74,74,0
1588,75,75,0
1589,576,564,12
1590,516,507,9
1591,475,466,9
1592,228,223,5
1593,345,341,4
1594,134,133,1
1595,1033,1017,16
1596,208,208,0
1597,135,134,1
1598,245,245,0
1599,288,275,13
1600,114,114,0
1601,138,138,0
1602,203,200,3
1603,273,269,4
1604,174,167,7
1605,149,143,6
1606,293,284,9
1607,179,174,5
1608,488,485,3
1609,521,469,52
1610,248,238,10
1611,146,141,5
1612,191,188,3
1613,178,170,8
1614,173,170,3
1615,469,465,4
1616,230,226,4
1617,106,101,5
1618,167,167,0
1619,155,152,3
1620,267,260,7
1621,88,85,3
1622,305,303,2
1623,239,239,0
1624,122,117,5
1625,186,183,3
1626,165,162,3
1627,171,164,7
1628,171,165,6
1629,121,119,2
1630,147,145,2
1631,235,234,1
1632,57,57,0
1633,134,134,0
1634,562,558,4
1635,249,242,7
1636,132,132,0
1637,178,177,1
1638,400,392,8
1639,100,97,3
1640,191,186,5
1641,206,199,7
1642,138,134,4
1643,115,113,2
1644,160,155,5
1645,187,182,5
1646,213,213,0
1647,103,102,1
1648,191,187,4
1649,68,66,2
1650,79,79,0
1651,126,126,0
1652,100,96,4
1653,41,41,0
1654,141,139,2
1655,168,165,3
1656,190,187,3
1657,52,52,0
1658,157,152,5
1659,620,609,11
1660,709,689,20
1661,194,190,4
1662,281,281,0
1663,123,119,4
1664,1030,999,31
1665,226,218,8
1666,104,103,1
1667,51,46,5
1668,125,123,2
1669,110,108,2
1670,104,103,1
1671,90,88,2
1672,137,132,5
1673,48,47,1
1674,65,63,2
1675,41,41,0
1676,177,170,7
1677,125,112,13
1678,203,196,7
1679,326,325,1
1680,183,183,0
1681,377,372,5
1682,137,137,0
1683,107,107,0
1684,434,423,11
1685,809,793,16
1686,297,289,8
1687,292,281,11
1688,132,131,1
1689,117,116,1
1690,111,106,5
1691,52,51,1
1692,70,68,2
1693,202,196,6
1694,123,122,1
1695,96,93,3
1696,217,216,1
1697,127,125,2
1698,422,419,3
1699,464,441,23
1700,503,501,2
1701,243,236,7
1702,127,126,1
1703,223,222,1
1704,105,97,8
1705,231,230,1
1706,499,494,5
1707,407,406,1
1708,125,124,1
1709,45,45,0
1710,118,116,2
1711,56,55,1
1712,280,278,2
1713,100,100,0
1714,75,75,0
1715,338,336,2
1716,33,32,1
1717,346,340,6
1718,41,40,1
1719,149,149,0
1720,274,269,5
1721,158,154,4
1722,181,177,4
1723,177,167,10
1724,181,181,0
1725,131,129,2
1726,211,208,3
1727,179,175,4
1728,503,491,12
1729,395,393,2
1730,280,278,2
1731,129,129,0
1732,211,208,3
1733,471,439,32
1734,298,295,3
1735,110,109,1
1736,62,60,2
1737,129,126,3
1738,179,176,3
1739,131,131,0
1740,141,140,1
1741,496,474,22
1742,98,95,3
1743,936,895,41
1744,53,53,0
1745,886,866,20
1746,236,225,11
1747,121,118,3
1748,141,138,3
1749,490,478,12
1750,255,250,5
1751,376,373,3
1752,148,138,10
1753,611,599,12
1754,288,284,4
1755,245,244,1
1756,911,902,9
1757,444,426,18
1758,578,549,29
1759,1035,986,49
1760,491,475,16
1761,193,191,2
1762,545,538,7
1763,560,539,21
1764,250,239,11
1765,513,507,6
1766,757,738,19
1767,855,840,15
1768,145,143,2
1769,131,129,2
1770,698,672,26
1771,157,155,2
1772,259,259,0
1773,639,597,42
1774,210,200,10
1775,87,84,3
1776,157,152,5
1777,245,242,3
1778,112,110,2
1779,149,145,4
1780,118,113,5
1781,140,130,10
1782,124,122,2
1783,135,129,6
1784,257,245,12
1785,367,338,29
1786,724,699,25
1787,201,199,2
1788,255,253,2
1789,181,179,2
1790,196,183,13
1791,247,246,1
1792,189,184,5
1793,387,380,7
1794,464,459,5
1795,434,434,0
1796,453,437,16
1797,242,234,8
1798,769,761,8
1799,146,143,3
1800,183,179,4
1801,123,119,4
1802,115,115,0
1803,851,842,9
1804,147,145,2
1805,75,75,0
1806,106,104,2
1807,279,278,1
1808,196,193,3
1809,339,339,0
1810,65,63,2
1811,155,154,1
1812,337,332,5
1813,222,218,4
1814,466,456,10
1815,132,132,0
1816,217,212,5
1817,362,360,2
1818,335,335,0
1819,200,195,5
1820,568,560,8
1821,158,157,1
1822,28,28,0
1823,94,93,1
1824,183,181,2
1825,193,192,1
1826,286,284,2
1827,186,184,2
1828,470,457,13
1829,61,61,0
1830,369,367,2
1831,119,119,0
1832,244,234,10
1833,154,154,0
1834,79,78,1
1835,106,100,6
1836,167,165,2
1837,236,235,1
1838,268,264,4
1839,84,84,0
1840,81,81,0
1841,84,81,3
1842,63,62,1
1843,282,273,9
1844,67,66,1
1845,310,310,0
1846,197,196,1
1847,63,63,0
1848,192,190,2
1849,75,74,1
1850,1021,995,26
1851,368,359,9
1852,99,98,1
1853,80,79,1
1854,198,186,12
1855,292,283,9
1856,62,61,1
1857,112,111,1
1858,139,137,2
1859,178,175,3
1860,103,103,0
1861,103,103,0
1862,99,98,1
1863,435,429,6
1864,133,131,2
1865,172,164,8
1866,109,109,0
1867,378,373,5
1868,264,260,4
1869,571,562,9
1870,178,175,3
1871,134,129,5
1872,199,193,6
1873,405,396,9
1874,117,114,3
1875,169,166,3
1876,260,251,9
1877,130,128,2
1878,943,874,69
1879,589,577,12
1880,152,151,1
1881,284,254,30
1882,196,190,6
1883,138,133,5
1884,117,114,3
1885,56,55,1
1886,309,299,10
1887,147,147,0
1888,174,174,0
1889,182,175,7
1890,46,46,0
1891,55,54,1
1892,305,297,8
1893,198,190,8
1894,206,202,4
1895,246,240,6
1896,376,366,10
1897,316,310,6
1898,203,197,6
1899,62,61,1
1900,118,113,5
1901,145,142,3
1902,332,326,6
1903,167,166,1
1904,740,707,33
1905,70,70,0
1906,274,248,26
1907,295,286,9
1908,137,134,3
1909,180,178,2
1910,334,324,10
1911,47,47,0
1912,208,201,7
1913,514,510,4
1914,62,62,0
1915,206,200,6
1916,132,130,2
1917,451,428,23
1918,559,541,18
1919,494,453,41
1920,248,237,11
1921,51,50,1
1922,252,242,10
1923,235,228,7
1924,150,148,2
1925,195,190,5
1926,143,139,4
1927,127,123,4
1928,143,138,5
1929,114,112,2
1930,200,199,1
1931,155,153,2
1932,91,88,3
1933,797,788,9
1934,348,341,7
1935,199,195,4
1936,185,184,1
1937,300,287,13
1938,213,210,3
1939,125,125,0
1940,123,122,1
1941,501,488,13
1942,604,595,9
1943,342,340,2
1944,130,130,0
1945,390,376,14
1946,200,194,6
1947,178,174,4
1948,144,143,1
1949,92,90,2
1950,110,108,2
1951,346,339,7
1952,52,51,1
1953,184,184,0
1954,211,208,3
1955,49,49,0
1956,61,60,1
1957,64,62,2
1958,63,62,1
1959,175,175,0
1960,25,25,0
1961,76,75,1
1962,75,73,2
1963,75,73,2
1964,202,201,1
1965,147,143,4
1966,168,167,1
1967,133,132,1
1968,68,68,0
1969,142,138,4
1970,105,105,0
1971,191,189,2
1972,162,156,6
1973,201,193,8
1974,43,42,1
1975,164,160,4
1976,184,180,4
1977,210,190,20
1978,220,213,7
1979,115,112,3
1980,136,134,2
1981,219,212,7
1982,144,142,2
1983,140,140,0
1984,133,132,1
1985,128,126,2
1986,61,61,0
1987,84,84,0
1988,127,125,2
1989,124,124,0
1990,51,51,0
1991,101,101,0
1992,225,223,2
1993,430,421,9
1994,62,59,3
1995,159,159,0
1996,242,241,1
1997,157,157,0
1998,69,67,2
1999,42,42,0
2000,152,151,1
2001,350,348,2
2002,120,119,1
2003,99,96,3
2004,45,45,0
2005,290,286,4
2006,84,83,1
2007,77,77,0
2008,86,86,0
2009,294,288,6
2010,143,141,2
2011,399,392,7
2012,139,136,3
2013,123,123,0
2014,134,134,0
2015,202,200,2
2016,178,174,4
2017,201,198,3
2018,36,36,0
2019,447,439,8
2020,173,172,1
2021,146,141,5
2022,152,152,0
2023,760,752,8
2024,162,158,4
2025,80,78,2
2026,575,571,4
2027,597,591,6
2028,211,210,1
2029,198,193,5
2030,169,168,1
2031,305,291,14
2032,202,195,7
2033,273,260,13
2034,844,819,25
2035,115,113,2
2036,152,148,4
2037,200,193,7
2038,212,210,2
2039,100,97,3
2040,99,95,4
2041,150,146,4
2042,313,307,6
2043,185,185,0
2044,140,139,1
2045,137,134,3
2046,156,150,6
2047,153,147,6
2048,133,133,0
2049,195,193,2
2050,117,116,1
2051,211,209,2
2052,163,163,0
2053,132,131,1
2054,313,312,1
2055,122,122,0
2056,220,215,5
2057,445,432,13
2058,194,191,3
2059,480,473,7
2060,512,507,5
2061,605,597,8
2062,246,244,2
2063,126,125,1
2064,155,154,1
2065,135,135,0
2066,72,69,3
2067,230,229,1
2068,145,141,4
2069,66,64,2
2070,225,218,7
2071,173,172,1
2072,190,184,6
2073,129,124,5
2074,270,264,6
2075,127,126,1
2076,113,111,2
2077,275,262,13
2078,119,117,2
2079,195,195,0
2080,154,140,14
2081,281,272,9
2082,810,790,20
2083,115,113,2
2084,109,109,0
2085,169,166,3
2086,157,156,1
2087,51,50,1
2088,92,91,1
2089,76,70,6
2090,259,248,11
2091,77,73,4
2092,143,143,0
2093,226,225,1
2094,454,448,6
2095,159,157,2
2096,456,452,4
2097,79,76,3
2098,126,125,1
2099,177,167,10
2100,128,124,4
2101,146,141,5
2102,125,123,2
2103,97,97,0
2104,116,115,1
2105,217,216,1
2106,147,146,1
2107,112,109,3
2108,126,122,4
2109,496,493,3
2110,168,165,3
2111,228,228,0
2112,133,130,3
2113,164,157,7
2114,127,123,4
2115,106,101,5
2116,135,134,1
2117,155,152,3
2118,133,131,2
2119,161,159,2
2120,98,97,1
2121,270,268,2
2122,122,120,2
2123,468,460,8
2124,137,135,2
2125,200,196,4
2126,154,152,2
2127,115,114,1
2128,122,120,2
2129,106,104,2
2130,44,44,0
2131,108,102,6
2132,242,241,1
2133,38,38,0
2134,72,72,0
2135,91,91,0
2136,86,85,1
2137,85,85,0
2138,337,332,5
2139,187,180,7
2140,122,120,2
2141,255,252,3
2142,230,225,5
2143,294,294,0
2144,127,123,4
2145,111,109,2
2146,161,154,7
2147,52,52,0
2148,340,336,4
2149,259,250,9
2150,187,185,2
2151,164,163,1
2152,138,134,4
2153,454,444,10
2154,547,543,4
2155,191,186,5
2156,184,184,0
2157,242,242,0
2158,196,196,0
2159,147,147,0
2160,213,213,0
2161,165,162,3
2162,148,147,1
2163,154,153,1
2164,149,148,1
2165,207,207,0
2166,216,208,8
2167,135,135,0
2168,135,132,3
2169,112,111,1
2170,101,96,5
2171,47,43,4
2172,105,103,2
2173,63,62,1
2174,155,151,4
2175,180,173,7
2176,134,133,1
2177,500,484,16
2178,241,215,26
2179,187,181,6
2180,112,111,1
2181,293,291,2
2182,123,122,1
2183,421,419,2
2184,237,234,3
2185,218,216,2
2186,66,66,0
2187,189,189,0
2188,161,160,1
2189,397,392,5
2190,137,137,0
2191,368,360,8
2192,434,431,3
2193,763,750,13
2194,238,216,22
2195,158,155,3
2196,389,376,13
2197,387,367,20
2198,189,188,1
2199,172,169,3
2200,158,157,1
2201,190,185,5
2202,450,439,11
2203,194,188,6
2204,192,191,1
2205,107,105,2
2206,190,179,11
2207,194,188,6
2208,67,67,0
2209,133,132,1
2210,472,458,14
2211,90,83,7
2212,166,160,6
2213,266,260,6
2214,142,137,5
2215,171,169,2
2216,466,448,18
2217,52,51,1
2218,83,80,3
2219,162,161,1
2220,242,241,1
2221,500,493,7
2222,587,572,15
2223,271,266,5
2224,176,168,8
2225,62,61,1
2226,187,185,2
2227,139,137,2
2228,105,105,0
2229,118,118,0
2230,90,89,1
2231,139,139,0
2232,169,165,4
2233,89,89,0
2234,172,169,3
2235,194,192,2
2236,219,212,7
2237,107,105,2
2238,248,245,3
2239,419,417,2
2240,180,177,3
2241,312,310,2
2242,117,115,2
2243,120,115,5
2244,81,79,2
2245,64,61,3
2246,128,127,1
2247,139,138,1
2248,284,281,3
2249,129,126,3
2250,230,226,4
2251,173,171,2
2252,229,225,4
2253,133,131,2
2254,91,88,3
2255,401,391,10
2256,275,267,8
2257,456,438,18
2258,503,494,9
2259,91,91,0
2260,166,164,2
2261,53,53,0
2262,374,370,4
2263,750,730,20
2264,167,162,5
2265,112,109,3
2266,153,153,0
2267,128,122,6
2268,223,212,11
2269,89,82,7
2270,140,133,7
2271,45,44,1
2272,135,132,3
2273,163,161,2
2274,164,143,21
2275,135,130,5
2276,383,353,30
2277,478,473,5
2278,118,111,7
2279,154,137,17
2280,194,191,3
2281,224,206,18
2282,51,47,4
2283,212,197,15
2284,165,153,12
2285,193,175,18
2286,145,143,2
2287,147,147,0
2288,309,307,2
2289,319,317,2
2290,132,132,0
2291,144,140,4
2292,154,154,0
2293,196,195,1
2294,122,119,3
2295,217,213,4
2296,208,207,1
2297,263,263,0
2298,169,167,2
2299,235,234,1
2300,132,127,5
2301,184,178,6
2302,127,123,4
2303,283,282,1
2304,140,140,0
2305,139,138,1
2306,188,185,3
2307,134,132,2
2308,70,70,0
2309,125,124,1
2310,183,183,0
2311,130,129,1
2312,157,157,0
2313,169,167,2
2314,48,48,0
2315,303,302,1
2316,162,161,1
2317,502,488,14
2318,131,127,4
2319,184,183,1
2320,188,183,5
2321,68,67,1
2322,152,127,25
2323,278,277,1
2324,131,124,7
2325,187,168,19
2326,106,105,1
2327,91,91,0
2328,150,147,3
2329,593,568,25
2330,104,98,6
2331,211,206,5
2332,238,230,8
2333,211,205,6
2334,108,98,10
2335,153,146,7
2336,135,131,4
2337,217,211,6
2338,560,527,33
2339,140,138,2
2340,143,132,11
2341,239,234,5
2342,232,223,9
2343,230,228,2
2344,214,211,3
2345,125,118,7
2346,240,216,24
2347,1014,964,50
2348,453,445,8
2349,144,144,0
2350,63,61,2
2351,134,128,6
2352,509,489,20
2353,128,126,2
2354,903,892,11
2355,501,490,11
2356,167,165,2
2357,351,349,2
2358,83,83,0
2359,186,182,4
2360,212,208,4
2361,133,131,2
2362,109,107,2
2363,45,44,1
2364,131,130,1
2365,131,129,2
2366,733,716,17
2367,53,53,0
2368,61,61,0
2369,62,61,1
2370,57,57,0
2371,154,153,1
2372,189,185,4
2373,197,195,2
2374,136,130,6
2375,175,171,4
2376,496,492,4
2377,982,951,31
2378,164,164,0
2379,655,631,24
2380,445,437,8
2381,422,412,10
2382,677,649,28
2383,329,325,4
2384,418,392,26
2385,93,91,2
2386,512,501,11
2387,168,161,7
2388,154,148,6
2389,136,131,5
2390,141,141,0
2391,327,317,10
2392,706,692,14
2393,689,679,10
2394,135,132,3
2395,209,206,3
2396,394,390,4
2397,125,122,3
2398,490,486,4
2399,157,149,8
2400,245,241,4
2401,341,341,0
2402,378,371,7
2403,356,354,2
2404,643,629,14
2405,267,260,7
2406,220,213,7
2407,63,61,2
2408,187,185,2
2409,102,100,2
2410,210,205,5
2411,118,116,2
2412,173,169,4
2413,90,88,2
2414,84,83,1
2415,70,69,1
2416,69,67,2
2417,182,178,4
2418,136,133,3
2419,540,535,5
2420,102,102,0
2421,454,443,11
2422,181,165,16
2423,283,268,15
2424,203,200,3
2425,154,153,1
2426,135,134,1
2427,197,191,6
2428,126,123,3
2429,55,55,0
2430,112,112,0
2431,191,184,7
2432,105,105,0
2433,59,59,0
2434,440,422,18
2435,168,159,9
2436,66,66,0
2437,195,189,6
2438,127,123,4
2439,427,421,6
2440,909,880,29
2441,117,116,1
2442,389,385,4
2443,131,128,3
2444,969,962,7
2445,115,115,0
2446,156,152,4
2447,142,140,2
2448,126,124,2
2449,156,154,2
2450,140,136,4
2451,135,132,3
2452,458,452,6
2453,216,212,4
2454,128,127,1
2455,144,142,2
2456,206,201,5
2457,131,130,1
2458,177,175,2
2459,164,163,1
2460,124,124,0
2461,144,143,1
2462,143,143,0
2463,336,335,1
2464,143,143,0
2465,148,148,0
2466,159,154,5
2467,249,247,2
2468,149,148,1
2469,805,795,10
2470,159,159,0
2471,205,204,1
2472,140,140,0
2473,246,243,3
2474,383,380,3
2475,124,118,6
2476,69,66,3
2477,128,124,4
2478,244,240,4
2479,141,139,2
2480,49,48,1
2481,78,73,5
2482,256,250,6
2483,192,189,3
2484,131,131,0
2485,128,127,1
2486,259,219,40
2487,273,267,6
2488,136,132,4
2489,62,61,1
2490,634,624,10
2491,654,625,29
2492,120,116,4
2493,179,178,1
2494,126,126,0
2495,173,157,16
2496,224,221,3
2497,194,190,4
2498,266,263,3
2499,138,138,0
2500,154,154,0
2501,327,317,10
2502,54,54,0
2503,725,713,12
2504,152,148,4
2505,144,143,1
2506,127,125,2
2507,108,106,2
2508,199,196,3
2509,686,673,13
2510,154,153,1
2511,347,342,5
2512,222,209,13
2513,126,124,2
2514,135,135,0
2515,165,164,1
2516,126,126,0
2517,196,196,0
2518,50,49,1
2519,172,170,2
2520,210,206,4
2521,334,330,4
2522,337,335,2
2523,139,138,1
2524,55,54,1
2525,136,132,4
2526,51,51,0
2527,109,109,0
2528,65,63,2
2529,401,388,13
2530,549,522,27
2531,280,277,3
2532,113,112,1
2533,188,188,0
2534,189,186,3
2535,162,160,2
2536,113,111,2
2537,200,199,1
2538,177,176,1
2539,231,230,1
2540,99,98,1
2541,250,243,7
2542,274,269,5
2543,480,467,13
2544,181,177,4
2545,177,167,10
2546,181,181,0
2547,131,129,2
2548,211,208,3
2549,179,175,4
2550,503,491,12
2551,395,393,2
2552,280,278,2
2553,220,217,3
2554,279,278,1
2555,351,349,2
2556,122,120,2
2557,67,67,0
2558,166,163,3
2559,119,119,0
2560,54,54,0
2561,94,94,0
2562,427,423,4
2563,236,235,1
2564,182,181,1
2565,507,500,7
2566,187,185,2
2567,227,223,4
2568,133,133,0
2569,138,137,1
2570,150,150,0
2571,81,79,2
2572,228,228,0
2573,121,119,2
2574,410,397,13
2575,236,231,5
2576,232,227,5
2577,255,254,1
2578,547,541,6
2579,49,49,0
2580,125,125,0
2581,238,237,1
2582,194,189,5
2583,121,121,0
2584,287,281,6
2585,295,292,3
2586,207,199,8
2587,95,85,10
2588,184,183,1
2589,317,313,4
2590,196,192,4
2591,147,142,5
2592,149,141,8
2593,177,175,2
2594,105,104,1
2595,278,275,3
2596,264,260,4
2597,473,466,7
2598,133,130,3
2599,131,130,1
2600,333,326,7
2601,199,194,5
2602,334,327,7
2603,416,410,6
2604,135,135,0
2605,857,834,23
2606,359,331,28
2607,87,86,1
2608,124,123,1
2609,166,161,5
2610,141,137,4
2611,309,307,2
2612,98,95,3
2613,1024,1004,20
2614,396,387,9
2615,157,154,3
2616,202,200,2
2617,149,143,6
2618,227,221,6
2619,488,479,9
2620,270,260,10
2621,312,309,3
2622,225,219,6
2623,138,136,2
2624,361,356,5
2625,131,131,0
2626,255,254,1
2627,379,373,6
2628,316,313,3
2629,474,462,12
2630,238,230,8
2631,52,47,5
2632,232,230,2
2633,136,132,4
2634,352,344,8
2635,638,628,10
2636,114,112,2
2637,261,256,5
2638,274,266,8
2639,139,134,5
2640,227,223,4
2641,349,348,1
2642,323,310,13
2643,202,200,2
2644,334,328,6
2645,62,61,1
2646,163,161,2
2647,169,161,8
2648,111,106,5
2649,37,36,1
2650,225,222,3
2651,159,156,3
2652,174,173,1
2653,253,249,4
2654,163,161,2
2655,388,384,4
2656,244,243,1
2657,670,658,12
2658,296,282,14
2659,250,242,8
2660,244,243,1
2661,503,499,4
2662,184,184,0
2663,116,115,1
2664,74,74,0
2665,206,204,2
2666,50,49,1
2667,62,62,0
2668,47,46,1
2669,68,68,0
2670,114,113,1
2671,64,64,0
2672,159,157,2
2673,129,127,2
2674,134,132,2
2675,179,176,3
2676,71,70,1
2677,39,37,2
2678,80,79,1
2679,165,164,1
2680,401,398,3
2681,243,237,6
2682,140,138,2
2683,146,144,2
2684,137,133,4
2685,386,382,4
2686,214,206,8
2687,121,120,1
2688,57,57,0
2689,769,751,18
2690,503,490,13
2691,151,147,4
2692,118,112,6
2693,286,281,5
2694,119,119,0
2695,183,180,3
2696,132,131,1
2697,192,189,3
2698,162,158,4
2699,90,90,0
2700,109,106,3
2701,110,103,7
2702,428,425,3
2703,228,227,1
2704,943,902,41
2705,130,127,3
2706,203,198,5
2707,216,199,17
2708,129,127,2
2709,60,59,1
2710,54,53,1
2711,194,188,6
2712,122,117,5
2713,40,39,1
2714,107,102,5
2715,166,165,1
2716,142,141,1
2717,106,105,1
2718,150,150,0
2719,127,119,8
2720,189,187,2
2721,42,42,0
2722,309,307,2
2723,73,70,3
2724,371,365,6
2725,213,211,2
2726,213,211,2
2727,50,46,4
2728,147,145,2
2729,444,436,8
2730,615,605,10
2731,91,91,0
2732,42,42,0
2733,53,53,0
2734,113,111,2
2735,110,109,1
2736,120,118,2
2737,366,363,3
2738,159,158,1
2739,102,101,1
2740,137,135,2
2741,393,383,10
2742,360,355,5
2743,111,108,3
2744,303,298,5
2745,365,361,4
2746,95,93,2
2747,381,375,6
2748,263,262,1
2749,252,226,26
2750,152,147,5
2751,595,581,14
2752,184,177,7
2753,408,395,13
2754,382,372,10
2755,179,172,7
2756,106,102,4
2757,781,738,43
2758,135,127,8
2759,261,243,18
2760,873,830,43
2761,184,171,13
2762,452,436,16
2763,80,79,1
2764,267,263,4
2765,148,148,0
2766,330,309,21
2767,153,151,2
2768,455,434,21
2769,355,329,26
2770,205,202,3
2771,154,154,0
2772,103,97,6
2773,120,116,4
2774,220,218,2
2775,161,159,2
2776,137,136,1
2777,472,468,4
2778,121,121,0
2779,161,159,2
2780,205,200,5
2781,130,129,1
2782,419,412,7
2783,260,258,2
2784,386,371,15
2785,205,204,1
2786,104,103,1
2787,129,126,3
2788,409,385,24
2789,58,56,2
2790,601,587,14
2791,232,231,1
2792,77,77,0
2793,119,119,0
2794,139,139,0
2795,176,172,4
2796,142,139,3
2797,160,159,1
2798,112,112,0
2799,372,368,4
2800,109,109,0
2801,137,129,8
2802,136,134,2
2803,314,310,4
2804,91,89,2
2805,70,69,1
2806,132,130,2
2807,760,754,6
2808,403,397,6
2809,300,299,1
2810,138,137,1
2811,398,392,6
2812,308,307,1
2813,387,386,1
2814,730,724,6
2815,498,490,8
2816,109,107,2
2817,269,265,4
2818,124,124,0
2819,161,158,3
2820,182,180,2
2821,149,148,1
2822,291,289,2
2823,146,142,4
2824,178,169,9
2825,201,198,3
2826,63,62,1
2827,108,104,4
2828,276,252,24
2829,185,184,1
2830,150,150,0
2831,450,443,7
2832,159,158,1
2833,227,225,2
2834,143,141,2
2835,338,333,5
2836,106,104,2
2837,619,611,8
2838,400,394,6
2839,237,234,3
2840,160,159,1
2841,126,125,1
2842,292,283,9
2843,187,183,4
2844,118,113,5
2845,251,249,2
2846,100,97,3
2847,153,153,0
2848,191,190,1
2849,349,342,7
2850,127,126,1
2851,167,163,4
2852,223,221,2
2853,441,438,3
2854,488,481,7
2855,135,129,6
2856,94,94,0
2857,335,330,5
2858,142,140,2
2859,138,138,0
2860,196,190,6
2861,178,174,4
2862,151,150,1
2863,152,151,1
2864,247,245,2
2865,471,462,9
2866,91,90,1
2867,116,115,1
2868,177,175,2
2869,166,165,1
2870,136,135,1
2871,148,143,5
2872,122,115,7
2873,157,154,3
2874,139,139,0
2875,428,424,4
2876,544,538,6
2877,316,306,10
2878,216,214,2
2879,184,183,1
2880,170,167,3
2881,209,203,6
2882,131,128,3
2883,147,142,5
2884,126,126,0
2885,171,169,2
2886,142,136,6
2887,158,157,1
2888,946,934,12
2889,231,225,6
2890,65,64,1
2891,267,264,3
2892,278,274,4
2893,132,125,7
2894,171,165,6
2895,135,135,0
2896,178,175,3
2897,124,120,4
2898,115,115,0
2899,447,438,9
2900,120,117,3
2901,138,135,3
2902,671,645,26
2903,137,136,1
2904,243,235,8
2905,71,69,2
2906,48,47,1
2907,95,93,2
2908,240,219,21
2909,414,405,9
2910,208,208,0
2911,139,137,2
2912,204,201,3
2913,249,246,3
2914,145,145,0
2915,242,239,3
2916,138,136,2
2917,742,731,11
2918,123,120,3
2919,681,673,8
2920,187,182,5
2921,210,204,6
2922,315,312,3
2923,220,216,4
2924,394,389,5
2925,235,228,7
2926,588,580,8
2927,316,313,3
2928,136,129,7
2929,164,157,7
2930,969,956,13
2931,33,33,0
2932,137,136,1
2933,359,334,25
2934,422,417,5
2935,173,165,8
2936,163,162,1
2937,137,133,4
2938,85,85,0
2939,136,134,2
2940,244,236,8
2941,321,308,13
2942,115,114,1
2943,117,113,4
2944,153,151,2
2945,416,403,13
2946,353,346,7
2947,256,251,5
2948,127,124,3
2949,56,56,0
2950,327,319,8
2951,153,150,3
2952,331,323,8
2953,173,170,3
2954,85,84,1
2955,420,408,12
2956,279,275,4
2957,125,125,0
2958,145,144,1
2959,20,17,3
2960,114,111,3
2961,450,444,6
2962,122,120,2
2963,165,163,2
2964,161,158,3
2965,341,335,6
2966,300,297,3
2967,141,141,0
2968,327,325,2
2969,107,105,2
2970,107,105,2
2971,107,105,2
2972,192,187,5
2973,102,102,0
2974,155,154,1
2975,80,79,1
2976,135,135,0
2977,324,318,6
2978,456,448,8
2979,226,215,11
2980,962,923,39
2981,108,108,0
2982,520,515,5
2983,146,145,1
2984,430,427,3
2985,596,581,15
2986,71,70,1
2987,218,212,6
2988,664,628,36
2989,113,110,3
2990,108,108,0
2991,134,129,5
2992,563,554,9
2993,149,147,2
2994,686,675,11
2995,423,419,4
2996,189,189,0
2997,182,178,4
2998,118,117,1
2999,131,128,3
3000,739,727,12
3001,348,334,14
3002,223,221,2
3003,113,111,2
3004,421,420,1
3005,127,126,1
3006,395,387,8
3007,478,470,8
3008,291,286,5
3009,57,56,1
3010,446,434,12
3011,434,432,2
3012,143,143,0
3013,180,171,9
3014,159,150,9
3015,159,151,8
3016,215,214,1
3017,313,307,6
3018,149,148,1
3019,214,214,0
3020,125,124,1
3021,346,344,2
3022,261,257,4
3023,120,118,2
3024,102,102,0
3025,181,180,1
3026,731,700,31
3027,319,312,7
3028,90,87,3
3029,238,230,8
3030,157,153,4
3031,63,63,0
3032,200,192,8
3033,382,371,11
3034,136,132,4
3035,223,218,5
3036,194,194,0
3037,271,267,4
3038,833,830,3
3039,142,140,2
3040,135,134,1
3041,189,189,0
3042,196,196,0
3043,219,210,9
3044,157,157,0
3045,197,196,1
3046,139,139,0
3047,155,154,1
3048,328,325,3
3049,357,355,2
3050,101,100,1
3051,384,383,1
3052,978,964,14
3053,226,224,2
3054,472,461,11
3055,216,208,8
3056,205,200,5
3057,814,802,12
3058,124,122,2
3059,354,348,6
3060,374,368,6
3061,253,245,8
3062,394,383,11
3063,244,239,5
3064,145,140,5
3065,415,409,6
3066,762,740,22
3067,656,637,19
3068,527,523,4
3069,219,217,2
3070,194,173,21
3071,607,603,4
3072,523,516,7
3073,177,171,6
3074,89,87,2
3075,74,73,1
3076,135,131,4
3077,219,211,8
3078,273,266,7
3079,490,484,6
3080,75,75,0
3081,57,56,1
3082,238,236,2
3083,63,63,0
3084,242,236,6
3085,86,86,0
3086,69,69,0
3087,113,113,0
3088,153,146,7
3089,75,74,1
3090,125,125,0
3091,162,161,1
3092,147,147,0
3093,132,130,2
3094,68,68,0
3095,148,147,1
3096,108,107,1
3097,128,127,1
3098,129,128,1
3099,457,443,14
3100,277,275,2
3101,194,192,2
3102,228,222,6
3103,206,203,3
3104,106,105,1
3105,41,41,0
3106,150,146,4
3107,209,204,5
3108,178,176,2
3109,169,169,0
3110,147,145,2
3111,448,448,0
3112,155,153,2
3113,164,162,2
3114,147,147,0
3115,155,153,2
3116,349,343,6
3117,237,232,5
3118,136,135,1
3119,239,239,0
3120,157,157,0
3121,820,802,18
3122,134,129,5
3123,265,260,5
3124,131,128,3
3125,123,122,1
3126,115,114,1
3127,159,159,0
3128,177,176,1
3129,733,721,12
3130,297,294,3
3131,211,207,4
3132,270,261,9
3133,157,154,3
3134,113,112,1
3135,196,193,3
3136,275,272,3
3137,305,301,4
3138,468,464,4
3139,448,431,17
3140,459,424,35
3141,216,209,7
3142,411,401,10
3143,191,187,4
3144,220,212,8
3145,253,240,13
3146,92,91,1
3147,129,127,2
3148,256,248,8
3149,259,252,7
3150,192,191,1
3151,497,472,25
3152,970,952,18
3153,106,104,2
3154,191,187,4
3155,85,82,3
3156,74,72,2
3157,36,35,1
3158,138,137,1
3159,262,252,10
3160,281,278,3
3161,195,192,3
3162,201,190,11
3163,312,304,8
3164,403,386,17
3165,201,197,4
3166,269,266,3
3167,119,116,3
3168,141,140,1
3169,258,255,3
3170,439,431,8
3171,290,277,13
3172,318,311,7
3173,92,90,2
3174,662,648,14
3175,951,922,29
3176,201,197,4
3177,276,269,7
3178,332,324,8
3179,268,257,11
3180,267,260,7
3181,675,658,17
3182,540,523,17
3183,125,124,1
3184,217,213,4
3185,291,287,4
3186,183,180,3
3187,117,113,4
3188,345,342,3
3189,230,229,1
3190,156,154,2
3191,209,209,0
3192,324,322,2
3193,432,425,7
3194,296,293,3
3195,185,184,1
3196,144,142,2
3197,179,179,0
3198,494,490,4
3199,120,119,1
3200,314,309,5
3201,172,170,2
3202,166,165,1
3203,526,519,7
3204,526,515,11
3205,642,629,13
3206,152,151,1
3207,258,257,1
3208,105,102,3
3209,112,110,2
3210,63,62,1
3211,298,293,5
3212,103,101,2
3213,785,776,9
3214,140,139,1
3215,120,117,3
3216,194,194,0
3217,440,420,20
3218,566,552,14
3219,277,271,6
3220,117,116,1
3221,163,157,6
3222,128,128,0
3223,400,392,8
3224,66,65,1
3225,48,47,1
3226,72,70,2
3227,150,149,1
3228,149,145,4
3229,247,236,11
3230,197,191,6
3231,258,255,3
3232,333,317,16
3233,327,316,11
3234,316,306,10
3235,119,115,4
3236,292,288,4
3237,432,424,8
3238,136,134,2
3239,185,177,8
3240,102,99,3
3241,431,418,13
3242,637,605,32
3243,235,228,7
3244,185,180,5
3245,302,300,2
3246,538,511,27
3247,179,177,2
3248,159,152,7
3249,718,706,12
3250,251,235,16
3251,162,161,1
3252,158,149,9
3253,120,114,6
3254,137,132,5
3255,883,835,48
3256,126,125,1
3257,177,174,3
3258,248,247,1
3259,260,257,3
3260,115,114,1
3261,218,218,0
3262,115,115,0
3263,182,182,0
3264,142,140,2
3265,452,409,43
3266,41,38,3
3267,99,95,4
3268,227,210,17
3269,112,109,3
3270,78,76,2
3271,614,593,21
3272,215,212,3
3273,172,169,3
3274,244,242,2
3275,233,224,9
3276,130,127,3
3277,209,203,6
3278,124,123,1
3279,250,249,1
3280,283,281,2
3281,304,302,2
3282,146,143,3
3283,327,325,2
3284,382,374,8
3285,454,437,17
3286,476,472,4
3287,566,559,7
3288,752,740,12
3289,638,626,12
3290,733,723,10
3291,598,587,11
3292,183,181,2
3293,158,154,4
3294,234,230,4
3295,207,204,3
3296,214,213,1
3297,339,336,3
3298,342,338,4
3299,187,184,3
3300,177,172,5
3301,156,155,1
3302,155,154,1
3303,141,140,1
3304,137,136,1
3305,512,505,7
3306,161,160,1
3307,204,199,5
3308,177,174,3
3309,424,422,2
3310,89,88,1
3311,368,363,5
3312,144,142,2
3313,142,142,0
3314,492,487,5
3315,317,313,4
3316,167,165,2
3317,143,141,2
3318,939,932,7
3319,293,291,2
3320,177,177,0
3321,210,208,2
3322,438,433,5
3323,129,129,0
3324,132,132,0
3325,93,91,2
3326,140,134,6
3327,492,482,10
3328,244,237,7
3329,359,352,7
3330,279,272,7
3331,547,541,6
3332,382,372,10
3333,397,384,13
3334,171,168,3
3335,313,301,12
3336,174,171,3
3337,320,316,4
3338,132,132,0
3339,102,102,0
3340,199,190,9
3341,416,412,4
3342,437,429,8
3343,123,122,1
3344,247,243,4
3345,192,183,9
3346,86,84,2
3347,133,133,0
3348,170,169,1
3349,226,222,4
3350,120,114,6
3351,174,170,4
3352,420,413,7
3353,55,53,2
3354,139,137,2
3355,103,89,14
3356,171,170,1
3357,212,205,7
3358,290,282,8
3359,155,152,3
3360,388,383,5
3361,267,267,0
3362,319,307,12
3363,74,71,3
3364,569,558,11
3365,730,723,7
3366,581,561,20
3367,194,185,9
3368,311,307,4
3369,327,318,9
3370,507,491,16
3371,474,470,4
3372,312,310,2
3373,158,153,5
3374,731,714,17
3375,191,191,0
3376,64,63,1
3377,56,56,0
3378,476,466,10
3379,607,601,6
3380,325,324,1
3381,189,185,4
3382,638,632,6
3383,531,528,3
3384,212,210,2
3385,115,111,4
3386,84,84,0
3387,97,92,5
3388,10,10,0
3389,274,273,1
3390,137,135,2
3391,63,62,1
3392,70,69,1
3393,73,73,0
3394,78,75,3
3395,126,125,1
3396,132,129,3
3397,73,73,0
3398,64,64,0
3399,101,99,2
3400,96,95,1
3401,46,46,0
3402,63,63,0
3403,57,57,0
3404,77,76,1
3405,54,54,0
3406,100,97,3
3407,152,150,2
3408,103,102,1
3409,127,115,12
3410,291,277,14
3411,96,95,1
3412,74,74,0
3413,197,193,4
3414,35,35,0
3415,328,326,2
3416,320,314,6
3417,55,53,2
3418,95,95,0
3419,106,105,1
3420,45,45,0
3421,125,122,3
3422,82,81,1
3423,57,56,1
3424,125,124,1
3425,46,45,1
3426,135,135,0
3427,215,214,1
3428,46,46,0
3429,387,383,4
3430,74,72,2
3431,118,118,0
3432,206,201,5
3433,219,215,4
3434,132,126,6
3435,146,144,2
3436,188,183,5
3437,50,49,1
3438,306,304,2
3439,256,255,1
3440,184,182,2
3441,125,124,1
3442,123,122,1
3443,221,215,6
3444,149,148,1
3445,90,87,3
3446,109,106,3
3447,751,738,13
3448,151,147,4
3449,179,177,2
3450,443,441,2
3451,198,193,5
3452,127,125,2
3453,356,351,5
3454,204,197,7
3455,143,143,0
3456,524,520,4
3457,173,168,5
3458,347,344,3
3459,424,420,4
3460,271,269,2
3461,197,193,4
3462,191,185,6
3463,173,173,0
3464,126,122,4
3465,245,238,7
3466,181,171,10
3467,146,136,10
3468,247,235,12
3469,439,437,2
3470,151,134,17
3471,180,178,2
3472,115,112,3
3473,167,164,3
3474,123,120,3
3475,282,279,3
3476,265,257,8
3477,543,526,17
3478,312,307,5
3479,154,151,3
3480,237,236,1
3481,189,188,1
3482,220,216,4
3483,104,100,4
3484,197,195,2
3485,152,152,0
3486,117,116,1
3487,184,180,4
3488,221,215,6
3489,197,192,5
3490,129,126,3
3491,232,232,0
3492,135,133,2
3493,133,129,4
3494,108,107,1
3495,148,140,8
3496,78,78,0
3497,126,123,3
3498,140,138,2
3499,129,128,1
3500,243,235,8
3501,41,40,1
3502,118,116,2
3503,146,142,4
3504,148,142,6
3505,109,107,2
3506,146,144,2
3507,74,73,1
3508,411,397,14
3509,183,175,8
3510,129,126,3
3511,70,68,2
3512,955,935,20
3513,139,138,1
3514,340,329,11
3515,161,151,10
3516,96,94,2
3517,559,549,10
3518,110,108,2
3519,96,96,0
3520,130,128,2
3521,971,943,28
3522,100,100,0
3523,478,465,13
3524,424,411,13
3525,178,176,2
3526,708,690,18
3527,388,383,5
3528,557,553,4
3529,289,287,2
3530,336,331,5
3531,962,944,18
3532,214,207,7
3533,144,142,2
3534,134,134,0
3535,273,268,5
3536,148,141,7
3537,163,156,7
3538,360,355,5
3539,319,307,12
3540,154,153,1
3541,313,307,6
3542,417,411,6
3543,409,407,2
3544,120,119,1
3545,120,118,2
3546,142,141,1
3547,110,109,1
3548,302,290,12
3549,231,226,5
3550,134,134,0
3551,482,474,8
3552,165,163,2
3553,186,182,4
3554,939,903,36
3555,771,767,4
3556,180,172,8
3557,275,267,8
3558,269,269,0
3559,164,164,0
3560,236,236,0
3561,114,110,4
3562,141,140,1
3563,302,301,1
3564,160,159,1
3565,399,394,5
3566,194,191,3
3567,423,420,3
3568,302,298,4
3569,175,175,0
3570,120,120,0
3571,360,352,8
3572,109,105,4
3573,77,77,0
3574,214,203,11
3575,114,114,0
3576,576,556,20
3577,81,80,1
3578,193,188,5
3579,118,117,1
3580,231,230,1
3581,268,264,4
3582,198,196,2
3583,98,98,0
3584,67,67,0
3585,83,82,1
3586,37,36,1
3587,248,233,15
3588,71,69,2
3589,53,52,1
3590,94,91,3
3591,218,216,2
3592,367,360,7
3593,82,79,3
3594,542,529,13
3595,639,604,35
3596,493,487,6
3597,638,628,10
3598,330,327,3
3599,591,585,6
3600,299,290,9
3601,692,667,25
3602,218,213,5
3603,376,366,10
3604,367,358,9
3605,114,113,1
3606,144,138,6
3607,182,178,4
3608,76,76,0
3609,81,79,2
3610,109,107,2
3611,143,141,2
3612,178,174,4
3613,376,336,40
3614,93,87,6
3615,140,139,1
3616,204,197,7
3617,148,143,5
3618,145,144,1
3619,411,407,4
3620,92,91,1
3621,159,148,11
3622,540,532,8
3623,104,102,2
3624,220,219,1
3625,135,134,1
3626,138,136,2
3627,196,195,1
3628,171,169,2
3629,80,80,0
3630,81,80,1
3631,81,80,1
3632,158,154,4
3633,150,144,6
3634,96,94,2
3635,132,130,2
3636,131,121,10
3637,162,160,2
3638,68,66,2
3639,231,225,6
3640,127,125,2
3641,169,168,1
3642,353,349,4
3643,909,900,9
3644,207,192,15
3645,180,175,5
3646,242,239,3
3647,89,89,0
3648,127,126,1
3649,406,395,11
3650,239,232,7
3651,772,758,14
3652,128,127,1
3653,185,182,3
3654,206,195,11
3655,405,400,5
3656,39,38,1
3657,347,340,7
3658,153,147,6
3659,229,226,3
3660,170,164,6
3661,65,63,2
3662,106,103,3
3663,209,205,4
3664,62,58,4
3665,41,39,2
3666,85,84,1
3667,307,301,6
3668,299,291,8
3669,134,131,3
3670,54,52,2
3671,229,221,8
3672,531,523,8
3673,277,270,7
3674,144,137,7
3675,226,218,8
3676,103,103,0
3677,233,233,0
3678,330,327,3
3679,150,144,6
3680,231,226,5
3681,250,247,3
3682,141,139,2
3683,217,211,6
3684,151,150,1
3685,473,452,21
3686,112,111,1
3687,205,205,0
3688,141,139,2
3689,126,122,4
3690,55,55,0
3691,223,221,2
3692,395,390,5
3693,313,311,2
3694,334,329,5
3695,98,94,4
3696,157,157,0
3697,43,43,0
3698,322,320,2
3699,111,110,1
3700,158,155,3
3701,128,124,4
3702,277,268,9
3703,308,298,10
3704,196,192,4
3705,284,277,7
3706,165,159,6
3707,189,187,2
3708,167,164,3
3709,247,244,3
3710,189,188,1
3711,144,143,1
3712,336,326,10
3713,166,164,2
3714,668,654,14
3715,300,292,8
3716,188,186,2
3717,399,361,38
3718,63,58,5
3719,320,312,8
3720,182,181,1
3721,613,606,7
3722,197,194,3
3723,151,147,4
3724,131,127,4
3725,251,233,18
3726,97,95,2
3727,124,124,0
3728,135,126,9
3729,269,266,3
3730,199,196,3
3731,261,257,4
3732,123,121,2
3733,291,286,5
3734,280,277,3
3735,141,140,1
3736,157,156,1
3737,131,129,2
3738,244,235,9
3739,154,153,1
3740,218,213,5
3741,142,140,2
3742,127,125,2
3743,136,136,0
3744,296,288,8
3745,113,112,1
3746,230,227,3
3747,117,117,0
3748,167,166,1
3749,167,166,1
3750,120,120,0
3751,137,136,1
3752,163,162,1
3753,167,167,0
3754,231,227,4
3755,334,328,6
3756,324,323,1
3757,129,127,2
3758,139,137,2
3759,128,127,1
3760,136,133,3
3761,684,684,0
3762,466,464,2
3763,71,68,3
3764,457,448,9
3765,131,129,2
3766,176,171,5
3767,143,141,2
3768,603,591,12
3769,109,108,1
3770,907,901,6
3771,187,186,1
3772,256,250,6
3773,1000,972,28
3774,788,779,9
3775,197,192,5
3776,158,158,0
3777,240,233,7
3778,164,164,0
3779,242,242,0
3780,437,424,13
3781,134,134,0
3782,155,153,2
3783,151,149,2
3784,46,46,0
3785,353,351,2
3786,321,315,6
3787,126,125,1
3788,264,258,6
3789,664,649,15
3790,407,401,6
3791,159,159,0
3792,82,81,1
3793,159,157,2
3794,86,85,1
3795,139,137,2
3796,165,160,5
3797,133,128,5
3798,104,101,3
3799,169,168,1
3800,68,67,1
3801,201,196,5
3802,270,262,8
3803,92,88,4
3804,198,196,2
3805,255,244,11
3806,507,495,12
3807,410,406,4
3808,159,158,1
3809,187,186,1
3810,141,136,5
3811,445,442,3
3812,217,204,13
3813,240,236,4
3814,435,423,12
3815,185,182,3
3816,141,141,0
3817,132,130,2
3818,620,608,12
3819,204,203,1
3820,516,514,2
3821,318,309,9
3822,91,90,1
3823,93,93,0
3824,147,146,1
3825,257,255,2
3826,279,277,2
3827,431,421,10
3828,154,154,0
3829,146,144,2
3830,281,275,6
3831,580,567,13
3832,535,529,6
3833,189,186,3
3834,145,142,3
3835,210,208,2
3836,51,51,0
3837,120,120,0
3838,171,167,4
3839,139,137,2
3840,252,250,2
3841,171,163,8
3842,584,580,4
3843,156,153,3
3844,201,195,6
3845,240,233,7
3846,314,303,11
3847,212,207,5
3848,165,164,1
3849,239,228,11
3850,118,116,2
3851,137,135,2
3852,201,195,6
3853,214,213,1
3854,131,129,2
3855,154,151,3
3856,225,220,5
3857,14,14,0
3858,65,63,2
3859,52,52,0
3860,69,69,0
3861,211,209,2
3862,116,116,0
3863,129,127,2
3864,178,177,1
3865,158,155,3
3866,681,657,24
3867,346,342,4
3868,203,198,5
3869,134,133,1
3870,199,197,2
3871,83,82,1
3872,127,127,0
3873,64,63,1
3874,142,142,0
3875,56,53,3
3876,285,284,1
3877,168,165,3
3878,100,98,2
3879,119,111,8
3880,137,134,3
3881,201,199,2
3882,575,557,18
3883,205,202,3
3884,185,182,3
3885,194,189,5
3886,138,138,0
3887,565,560,5
3888,155,153,2
3889,257,253,4
3890,521,509,12
3891,144,140,4
3892,150,143,7
3893,352,338,14
3894,148,147,1
3895,284,277,7
3896,133,133,0
3897,136,134,2
3898,371,367,4
3899,134,133,1
3900,118,118,0
3901,153,150,3
3902,543,531,12
3903,261,259,2
3904,212,207,5
3905,566,551,15
3906,489,485,4
3907,185,183,2
3908,129,125,4
3909,516,498,18
3910,488,484,4
3911,723,704,19
3912,755,737,18
3913,187,181,6
3914,205,202,3
3915,164,161,3
3916,187,185,2
3917,985,960,25
3918,131,131,0
3919,132,127,5
3920,193,192,1
3921,40,38,2
3922,204,195,9
3923,234,229,5
3924,169,166,3
3925,28,28,0
3926,104,103,1
3927,113,112,1
3928,170,170,0
3929,168,164,4
3930,419,415,4
3931,226,223,3
3932,125,124,1
3933,618,611,7
3934,133,133,0
3935,172,170,2
3936,74,72,2
3937,145,144,1
3938,314,305,9
3939,138,137,1
3940,87,85,2
3941,195,194,1
3942,137,137,0
3943,162,161,1
3944,412,407,5
3945,84,81,3
3946,60,59,1
3947,215,207,8
3948,665,639,26
3949,189,188,1
3950,211,195,16
3951,242,242,0
3952,50,50,0
3953,58,57,1
3954,86,85,1
3955,190,183,7
3956,41,41,0
3957,159,156,3
3958,88,87,1
3959,169,168,1
3960,97,94,3
3961,65,65,0
3962,125,124,1
3963,113,111,2
3964,151,148,3
3965,162,162,0
3966,101,98,3
3967,176,174,2
3968,119,119,0
3969,118,116,2
3970,220,216,4
3971,123,119,4
3972,247,242,5
3973,168,167,1
3974,82,82,0
3975,286,282,4
3976,251,241,10
3977,122,117,5
3978,205,198,7
3979,181,178,3
3980,502,501,1
3981,247,244,3
3982,98,98,0
3983,142,138,4
3984,421,419,2
3985,129,129,0
3986,418,413,5
3987,137,134,3
3988,204,200,4
3989,141,139,2
3990,99,97,2
3991,160,159,1
3992,124,124,0
3993,257,257,0
3994,119,119,0
3995,256,250,6
3996,244,235,9
3997,242,239,3
3998,565,560,5
3999,308,304,4
4000,793,780,13
4001,328,321,7
4002,339,339,0
4003,86,84,2
4004,215,214,1
4005,60,59,1
4006,166,162,4
4007,116,112,4
4008,164,162,2
4009,123,123,0
4010,132,131,1
4011,362,359,3
4012,35,32,3
4013,409,392,17
4014,112,109,3
4015,318,311,7
4016,151,151,0
4017,223,221,2
4018,197,189,8
4019,181,175,6
4020,124,116,8
4021,343,335,8
4022,389,380,9
4023,153,150,3
4024,731,706,25
4025,149,146,3
4026,143,135,8
4027,283,277,6
4028,319,303,16
4029,136,132,4
4030,267,254,13
4031,127,127,0
4032,176,174,2
4033,143,141,2
4034,147,147,0
4035,161,160,1
4036,358,349,9
4037,122,122,0
4038,158,156,2
4039,335,330,5
4040,136,135,1
4041,131,131,0
4042,147,145,2
4043,151,145,6
4044,125,123,2
4045,119,118,1
4046,129,123,6
4047,139,132,7
4048,135,135,0
4049,137,135,2
4050,143,138,5
4051,171,170,1
4052,173,170,3
4053,140,137,3
4054,97,95,2
4055,90,80,10
4056,134,133,1
4057,179,179,0
4058,512,507,5
4059,94,90,4
4060,125,124,1
4061,355,339,16
4062,140,139,1
4063,41,40,1
4064,75,75,0
4065,124,124,0
4066,286,280,6
4067,155,150,5
4068,319,314,5
4069,115,113,2
4070,230,222,8
4071,116,112,4
4072,74,72,2
4073,159,151,8
4074,221,214,7
4075,62,60,2
4076,124,123,1
4077,206,203,3
4078,240,239,1
4079,204,202,2
4080,169,168,1
4081,571,567,4
4082,90,88,2
4083,260,260,0
4084,190,190,0
4085,124,123,1
4086,160,152,8
4087,300,297,3
4088,170,166,4
4089,350,339,11
4090,215,212,3
4091,241,230,11
4092,180,178,2
4093,100,95,5
4094,386,365,21
4095,92,90,2
4096,128,113,15
4097,110,109,1
4098,94,94,0
4099,499,490,9
4100,129,128,1
4101,104,104,0
4102,139,138,1
4103,144,141,3
4104,184,182,2
4105,108,104,4
4106,106,106,0
4107,239,238,1
4108,177,171,6
4109,200,198,2
4110,441,435,6
4111,61,61,0
4112,85,81,4
4113,105,102,3
4114,218,214,4
4115,262,258,4
4116,146,146,0
4117,144,140,4
4118,185,184,1
4119,216,212,4
4120,157,154,3
4121,415,412,3
4122,200,194,6
4123,201,195,6
4124,260,258,2
4125,127,125,2
4126,271,267,4
4127,189,178,11
4128,191,184,7
4129,175,172,3
4130,141,138,3
4131,222,219,3
4132,560,545,15
4133,358,351,7
4134,349,345,4
4135,44,43,1
4136,148,148,0
4137,114,114,0
4138,408,403,5
4139,120,119,1
4140,165,162,3
4141,300,294,6
4142,117,115,2
4143,379,373,6
4144,192,192,0
4145,707,704,3
4146,179,176,3
4147,201,200,1
4148,234,232,2
4149,116,116,0
4150,273,273,0
4151,224,224,0
4152,470,464,6
4153,136,125,11
4154,214,210,4
4155,775,770,5
4156,201,201,0
4157,655,651,4
4158,401,396,5
4159,919,891,28
4160,285,273,12
4161,58,58,0
4162,199,192,7
4163,94,93,1
4164,55,55,0
4165,690,671,19
4166,612,600,12
4167,167,164,3
4168,55,54,1
4169,62,61,1
4170,130,129,1
4171,205,203,2
4172,122,118,4
4173,50,50,0
4174,161,151,10
4175,644,628,16
4176,273,270,3
4177,117,113,4
4178,263,261,2
4179,234,228,6
4180,202,199,3
4181,431,424,7
4182,373,352,21
4183,223,222,1
4184,113,112,1
4185,136,132,4
4186,118,117,1
4187,403,401,2
4188,136,135,1
4189,156,155,1
4190,94,92,2
4191,124,117,7
4192,99,94,5
4193,265,260,5
4194,886,841,45
4195,560,544,16
4196,183,180,3
4197,128,127,1
4198,195,192,3
4199,485,477,8
4200,302,296,6
4201,280,270,10
4202,107,106,1
4203,159,154,5
4204,136,134,2
4205,225,222,3
4206,190,184,6
4207,189,185,4
4208,108,104,4
4209,267,257,10
4210,64,63,1
4211,145,143,2
4212,201,201,0
4213,72,71,1
4214,162,160,2
4215,112,112,0
4216,194,188,6
4217,131,125,6
4218,272,270,2
4219,206,205,1
4220,167,161,6
4221,61,60,1
4222,201,201,0
4223,527,511,16
4224,866,850,16
4225,185,185,0
4226,317,307,10
4227,336,329,7
4228,115,112,3
4229,632,610,22
4230,160,151,9
4231,328,324,4
4232,80,79,1
4233,111,110,1
4234,194,190,4
4235,384,382,2
4236,307,304,3
4237,817,802,15
4238,177,177,0
4239,233,231,2
4240,227,224,3
4241,759,745,14
4242,138,137,1
4243,214,206,8
4244,165,161,4
4245,398,385,13
4246,197,192,5
4247,142,142,0
4248,142,141,1
4249,231,229,2
4250,228,221,7
4251,315,313,2
4252,213,208,5
4253,535,532,3
4254,102,102,0
4255,605,590,15
4256,837,827,10
4257,315,311,4
4258,789,773,16
4259,204,200,4
4260,162,158,4
4261,257,252,5
4262,184,181,3
4263,138,137,1
4264,175,171,4
4265,81,79,2
4266,221,216,5
4267,79,78,1
4268,47,47,0
4269,113,110,3
4270,126,125,1
4271,189,189,0
4272,244,241,3
4273,211,211,0
4274,141,138,3
4275,290,281,9
4276,110,109,1
4277,203,203,0
4278,93,93,0
4279,160,155,5
4280,59,57,2
4281,144,139,5
4282,412,403,9
4283,194,193,1
4284,274,271,3
4285,339,322,17
4286,71,68,3
4287,143,137,6
4288,49,49,0
4289,133,128,5
4290,340,328,12
4291,241,237,4
4292,225,216,9
4293,180,171,9
4294,98,86,12
4295,175,171,4
4296,301,284,17
4297,152,149,3
4298,312,300,12
4299,52,51,1
4300,349,326,23
4301,197,189,8
4302,571,539,32
4303,137,137,0
4304,127,127,0
4305,165,164,1
4306,146,146,0
4307,285,281,4
4308,150,148,2
4309,123,118,5
4310,148,147,1
4311,54,53,1
4312,49,49,0
4313,123,122,1
4314,113,111,2
4315,138,134,4
4316,89,87,2
4317,218,215,3
4318,126,126,0
4319,148,142,6
4320,73,70,3
4321,59,59,0
4322,178,174,4
4323,448,441,7
4324,185,183,2
4325,395,391,4
4326,62,62,0
4327,115,113,2
4328,527,522,5
4329,310,306,4
4330,134,133,1
4331,177,175,2
4332,119,117,2
4333,723,721,2
4334,178,177,1
4335,314,313,1
4336,647,639,8
4337,979,974,5
4338,599,593,6
4339,1002,995,7
4340,444,443,1
4341,389,382,7
4342,116,116,0
4343,104,104,0
4344,530,528,2
4345,246,244,2
4346,227,227,0
4347,306,304,2
4348,215,214,1
4349,523,521,2
4350,568,562,6
4351,238,236,2
4352,428,425,3
4353,188,185,3
4354,121,118,3
4355,238,234,4
4356,513,499,14
4357,195,195,0
4358,155,154,1
4359,131,131,0
4360,90,88,2
4361,142,141,1
4362,183,182,1
4363,135,133,2
4364,254,247,7
4365,162,157,5
4366,122,122,0
4367,352,339,13
4368,129,123,6
4369,256,248,8
4370,126,126,0
4371,174,171,3
4372,129,129,0
4373,288,285,3
4374,163,157,6
4375,143,141,2
4376,359,348,11
4377,396,394,2
4378,296,295,1
4379,144,144,0
4380,131,131,0
4381,168,166,2
4382,193,188,5
4383,152,149,3
4384,254,252,2
4385,126,122,4
4386,460,452,8
4387,179,171,8
4388,97,96,1
4389,144,142,2
4390,52,50,2
4391,145,143,2
4392,347,344,3
4393,179,177,2
4394,141,140,1
4395,173,171,2
4396,113,113,0
4397,162,160,2
4398,401,398,3
4399,168,166,2
4400,205,203,2
4401,268,267,1
4402,377,374,3
4403,137,132,5
4404,359,353,6
4405,152,149,3
4406,241,228,13
4407,120,114,6
4408,304,295,9
4409,501,477,24
4410,487,475,12
4411,222,199,23
4412,384,365,19
4413,364,350,14
4414,164,162,2
4415,371,364,7
4416,114,114,0
4417,165,160,5
4418,397,385,12
4419,769,754,15
4420,245,224,21
4421,169,167,2
4422,244,237,7
4423,133,129,4
4424,934,889,45
4425,322,311,11
4426,587,567,20
4427,493,476,17
4428,219,212,7
4429,128,125,3
4430,796,773,23
4431,138,134,4
4432,49,46,3
4433,145,141,4
4434,130,127,3
4435,78,76,2
4436,117,114,3
4437,250,233,17
4438,152,150,2
4439,246,243,3
4440,164,157,7
4441,251,237,14
4442,147,142,5
4443,177,170,7
4444,168,157,11
4445,48,47,1
4446,91,89,2
4447,139,138,1
4448,132,128,4
4449,136,130,6
4450,326,316,10
4451,56,55,1
4452,1079,1072,7
4453,238,227,11
4454,199,196,3
4455,160,160,0
4456,149,147,2
4457,328,325,3
4458,359,352,7
4459,116,110,6
4460,227,222,5
4461,141,140,1
4462,157,156,1
4463,149,149,0
4464,161,160,1
4465,208,205,3
4466,142,141,1
4467,137,136,1
4468,180,177,3
4469,140,140,0
4470,152,152,0
4471,160,160,0
4472,146,143,3
4473,65,65,0
4474,140,140,0
4475,55,55,0
4476,65,64,1
4477,254,249,5
4478,144,142,2
4479,144,142,2
4480,44,41,3
4481,101,99,2
4482,47,45,2
4483,112,109,3
4484,54,53,1
4485,79,79,0
4486,75,74,1
4487,127,126,1
4488,168,165,3
4489,102,102,0
4490,234,231,3
4491,130,128,2
4492,186,185,1
4493,337,311,26
4494,281,270,11
4495,442,434,8
4496,165,160,5
4497,186,186,0
4498,154,153,1
4499,136,135,1
4500,361,354,7
4501,357,354,3
4502,623,610,13
4503,299,282,17
4504,238,236,2
4505,153,152,1
4506,132,128,4
4507,424,420,4
4508,165,165,0
4509,140,140,0
4510,174,169,5
4511,260,254,6
4512,174,166,8
4513,154,150,4
4514,301,299,2
4515,163,158,5
4516,281,271,10
4517,1002,970,32
4518,134,132,2
4519,146,145,1
4520,461,451,10
4521,114,113,1
4522,158,156,2
4523,135,133,2
4524,136,134,2
4525,123,123,0
4526,196,193,3
4527,39,38,1
4528,131,130,1
4529,54,53,1
4530,1045,1019,26
4531,84,83,1
4532,766,751,15
4533,314,308,6
4534,1006,971,35
4535,195,194,1
4536,131,131,0
4537,127,127,0
4538,427,419,8
4539,267,263,4
4540,112,108,4
4541,173,161,12
4542,86,85,1
4543,423,417,6
4544,170,161,9
4545,100,96,4
4546,261,257,4
4547,34,32,2
4548,202,197,5
4549,176,173,3
4550,256,250,6
4551,355,349,6
4552,411,407,4
4553,192,181,11
4554,150,148,2
4555,152,142,10
4556,292,286,6
4557,100,97,3
4558,959,922,37
4559,293,287,6
4560,174,170,4
4561,694,677,17
4562,426,418,8
4563,553,544,9
4564,333,327,6
4565,278,275,3
4566,213,213,0
4567,604,580,24
4568,177,175,2
4569,700,683,17
4570,271,270,1
4571,350,344,6
4572,198,193,5
4573,121,119,2
4574,151,150,1
4575,108,107,1
4576,226,219,7
4577,133,133,0
4578,224,221,3
4579,137,137,0
4580,178,177,1
4581,353,352,1
4582,229,219,10
4583,135,131,4
4584,243,241,2
4585,194,191,3
4586,198,193,5
4587,161,157,4
4588,400,391,9
4589,71,70,1
4590,128,128,0
4591,116,112,4
4592,228,225,3
4593,239,235,4
4594,143,141,2
4595,90,88,2
4596,179,174,5
4597,137,136,1
4598,335,326,9
4599,388,386,2
4600,173,170,3
4601,43,42,1
4602,193,193,0
4603,207,206,1
4604,539,535,4
4605,140,134,6
4606,231,228,3
4607,187,183,4
4608,519,508,11
4609,165,165,0
4610,222,220,2
4611,166,163,3
4612,143,138,5
4613,97,97,0
4614,129,126,3
4615,241,230,11
4616,1006,951,55
4617,265,265,0
4618,413,394,19
4619,125,112,13
4620,115,111,4
4621,287,283,4
4622,530,495,35
4623,113,111,2
4624,537,526,11
4625,335,328,7
4626,97,93,4
4627,628,602,26
4628,316,299,17
4629,308,305,3
4630,378,363,15
4631,102,102,0
4632,386,382,4
4633,44,42,2
4634,298,284,14
4635,266,254,12
4636,887,865,22
4637,558,528,30
4638,761,740,21
4639,149,142,7
4640,137,130,7
4641,136,130,6
4642,119,116,3
4643,260,259,1
4644,1006,975,31
4645,177,171,6
4646,126,124,2
4647,126,122,4
4648,139,136,3
4649,328,317,11
4650,136,132,4
4651,290,285,5
4652,803,785,18
4653,598,587,11
4654,117,114,3
4655,151,150,1
4656,179,178,1
4657,121,117,4
4658,289,286,3
4659,132,131,1
4660,189,188,1
4661,328,324,4
4662,191,191,0
4663,142,142,0
4664,130,130,0
4665,230,230,0
4666,289,287,2
4667,215,215,0
4668,105,105,0
4669,357,353,4
4670,123,123,0
4671,106,104,2
4672,834,820,14
4673,1010,963,47
4674,167,165,2
4675,275,268,7
4676,325,319,6
4677,76,74,2
4678,157,155,2
4679,137,136,1
4680,326,325,1
4681,256,250,6
4682,139,137,2
4683,78,78,0
4684,52,52,0
4685,137,136,1
4686,326,325,1
4687,131,129,2
4688,37,37,0
4689,125,123,2
4690,48,48,0
4691,130,130,0
4692,123,122,1
4693,125,123,2
4694,126,126,0
4695,340,339,1
4696,1029,1021,8
4697,115,113,2
4698,138,137,1
4699,154,154,0
4700,120,117,3
4701,364,361,3
4702,233,229,4
4703,616,610,6
4704,120,118,2
4705,108,108,0
4706,195,193,2
4707,134,132,2
4708,312,309,3
4709,122,120,2
4710,119,118,1
4711,170,169,1
4712,279,275,4
4713,163,159,4
4714,462,457,5
4715,141,139,2
4716,183,183,0
4717,142,140,2
4718,193,189,4
4719,226,222,4
4720,516,516,0
4721,76,76,0
4722,311,307,4
4723,264,262,2
4724,164,161,3
4725,242,237,5
4726,46,46,0
4727,174,174,0
4728,118,118,0
4729,131,130,1
4730,152,152,0
4731,301,297,4
4732,156,155,1
4733,215,214,1
4734,148,146,2
4735,109,108,1
4736,274,269,5
4737,409,405,4
4738,121,117,4
4739,174,170,4
4740,205,204,1
4741,194,190,4
4742,153,149,4
4743,722,695,27
4744,317,315,2
4745,191,186,5
4746,179,170,9
4747,199,197,2
4748,356,346,10
4749,127,127,0
4750,493,488,5
4751,576,572,4
4752,170,167,3
4753,277,273,4
4754,375,368,7
4755,616,614,2
4756,354,350,4
4757,503,499,4
4758,140,138,2
4759,198,195,3
4760,750,720,30
4761,161,157,4
4762,143,141,2
4763,140,140,0
4764,128,128,0
4765,143,137,6
4766,137,136,1
4767,112,110,2
4768,89,87,2
4769,142,134,8
4770,589,566,23
4771,195,191,4
4772,191,183,8
4773,168,159,9
4774,164,163,1
4775,103,99,4
4776,128,123,5
4777,750,746,4
4778,176,172,4
4779,130,127,3
4780,267,256,11
4781,122,121,1
4782,313,307,6
4783,352,349,3
4784,292,288,4
4785,143,137,6
4786,235,232,3
4787,40,40,0
4788,969,963,6
4789,99,98,1
4790,75,74,1
4791,77,77,0
4792,47,47,0
4793,64,63,1
4794,124,123,1
4795,86,86,0
4796,202,195,7
4797,55,55,0
4798,102,100,2
4799,788,783,5
4800,158,150,8
4801,233,228,5
4802,61,60,1
4803,257,249,8
4804,102,101,1
4805,135,135,0
4806,71,68,3
4807,110,109,1
4808,142,141,1
4809,136,136,0
4810,990,987,3
4811,236,236,0
4812,167,163,4
4813,451,443,8
4814,166,166,0
4815,107,106,1
4816,251,249,2
4817,74,74,0
4818,890,860,30
4819,189,187,2
4820,647,628,19
4821,355,352,3
4822,508,499,9
4823,607,599,8
4824,426,419,7
4825,986,966,20
4826,176,174,2
4827,198,196,2
4828,322,315,7
4829,323,308,15
4830,315,300,15
4831,189,189,0
4832,501,493,8
4833,202,195,7
4834,263,258,5
4835,497,487,10
4836,137,135,2
4837,355,351,4
4838,124,124,0
4839,1003,971,32
4840,253,252,1
4841,321,312,9
4842,144,142,2
4843,338,335,3
4844,238,235,3
4845,108,107,1
4846,123,123,0
4847,167,164,3
4848,286,277,9
4849,196,192,4
4850,122,120,2
4851,53,51,2
4852,398,391,7
4853,170,169,1
4854,161,160,1
4855,130,128,2
4856,208,204,4
4857,230,228,2
4858,523,509,14
4859,743,738,5
4860,380,374,6
4861,459,455,4
4862,480,473,7
4863,116,115,1
4864,561,553,8
4865,133,132,1
4866,333,329,4
4867,160,157,3
4868,191,190,1
4869,225,219,6
4870,254,249,5
4871,95,93,2
4872,217,212,5
4873,598,583,15
4874,187,181,6
4875,113,112,1
4876,373,368,5
4877,841,822,19
4878,567,555,12
4879,353,349,4
4880,704,694,10
4881,331,320,11
4882,206,205,1
4883,91,88,3
4884,106,104,2
4885,127,126,1
4886,152,151,1
4887,112,110,2
4888,250,246,4
4889,168,168,0
4890,131,129,2
4891,170,169,1
4892,174,174,0
4893,179,178,1
4894,134,131,3
4895,280,280,0
4896,205,205,0
4897,160,159,1
4898,234,234,0
4899,570,566,4
4900,296,294,2
4901,297,296,1
4902,297,296,1
4903,296,294,2
4904,214,214,0
4905,184,179,5
4906,184,182,2
4907,170,170,0
4908,144,143,1
4909,659,657,2
4910,294,289,5
4911,188,185,3
4912,207,203,4
4913,35,35,0
4914,158,154,4
4915,197,196,1
4916,172,170,2
4917,117,117,0
4918,191,186,5
4919,117,116,1
4920,125,125,0
4921,426,423,3
4922,131,127,4
4923,137,135,2
4924,131,130,1
4925,184,180,4
4926,124,121,3
4927,135,130,5
4928,59,59,0
4929,133,133,0
4930,63,62,1
4931,168,161,7
4932,540,536,4
4933,119,119,0
4934,140,140,0
4935,250,247,3
4936,194,193,1
4937,201,197,4
4938,287,286,1
4939,348,346,2
4940,122,120,2
4941,105,104,1
4942,134,132,2
4943,381,377,4
4944,446,439,7
4945,135,135,0
4946,182,181,1
4947,108,107,1
4948,119,119,0
4949,203,202,1
4950,164,164,0
4951,121,118,3
4952,212,207,5
4953,177,171,6
4954,154,150,4
4955,205,201,4
4956,132,130,2
4957,168,168,0
4958,165,165,0
4959,172,171,1
4960,137,136,1
4961,126,124,2
4962,203,201,2
4963,230,228,2
4964,136,135,1
4965,153,152,1
4966,72,69,3
4967,155,154,1
4968,123,120,3
4969,201,199,2
4970,165,163,2
4971,224,224,0
4972,166,163,3
4973,177,171,6
4974,233,224,9
4975,182,178,4
4976,329,315,14
4977,576,570,6
4978,125,119,6
4979,41,40,1
4980,77,76,1
4981,175,174,1
4982,161,160,1
4983,554,532,22
4984,126,126,0
4985,172,171,1
4986,221,218,3
4987,220,210,10
4988,648,616,32
4989,633,615,18
4990,367,356,11
4991,151,146,5
4992,98,92,6
4993,52,50,2
4994,183,181,2
4995,71,70,1
4996,326,322,4
4997,65,62,3
4998,64,63,1
4999,171,158,13
5000,110,110,0
5001,126,126,0
5002,194,192,2
5003,287,285,2
5004,123,119,4
5005,188,188,0
5006,171,169,2
5007,266,251,15
5008,146,137,9
5009,132,131,1
5010,134,131,3
5011,625,616,9
5012,160,156,4
5013,234,228,6
5014,122,122,0
5015,144,143,1
5016,444,439,5
5017,75,75,0
5018,103,102,1
5019,347,339,8
5020,261,255,6
5021,144,138,6
5022,693,672,21
5023,250,246,4
5024,190,188,2
5025,607,595,12
5026,50,50,0
5027,135,134,1
5028,203,201,2
5029,103,100,3
5030,203,201,2
5031,108,108,0
5032,39,38,1
5033,352,350,2
5034,329,321,8
5035,114,110,4
5036,138,136,2
5037,151,151,0
5038,126,124,2
5039,314,306,8
5040,48,48,0
5041,280,256,24
5042,151,145,6
5043,66,63,3
5044,292,281,11
5045,130,125,5
5046,140,140,0
5047,240,234,6
5048,249,245,4
5049,119,118,1
5050,108,107,1
5051,161,161,0
5052,200,200,0
5053,124,122,2
5054,188,183,5
5055,448,430,18
5056,164,145,19
5057,217,214,3
5058,51,48,3
5059,141,141,0
5060,61,56,5
5061,85,84,1
5062,175,171,4
5063,111,109,2
5064,202,195,7
5065,138,135,3
5066,114,108,6
5067,300,296,4
5068,273,264,9
5069,146,143,3
5070,335,323,12
5071,145,145,0
5072,310,305,5
5073,327,326,1
5074,562,554,8
5075,319,314,5
5076,319,312,7
5077,165,160,5
5078,604,599,5
5079,106,102,4
5080,484,471,13
5081,199,195,4
5082,157,154,3
5083,45,43,2
5084,105,105,0
5085,108,107,1
5086,41,41,0
5087,146,145,1
5088,125,119,6
5089,169,165,4
5090,110,110,0
5091,315,308,7
5092,295,288,7
5093,133,130,3
5094,135,131,4
5095,109,108,1
5096,142,137,5
5097,281,270,11
5098,402,394,8
5099,189,180,9
5100,197,193,4
5101,127,124,3
5102,45,43,2
5103,142,138,4
5104,903,892,11
5105,30,30,0
5106,195,189,6
5107,545,534,11
5108,407,394,13
5109,57,56,1
5110,139,134,5
5111,123,119,4
5112,216,215,1
5113,276,272,4
5114,152,151,1
5115,691,685,6
5116,285,271,14
5117,571,557,14
5118,130,128,2
5119,176,174,2
5120,280,273,7
5121,162,159,3
5122,65,65,0
5123,47,47,0
5124,123,122,1
5125,171,164,7
5126,958,934,24
5127,188,183,5
5128,202,197,5
5129,227,226,1
5130,364,361,3
5131,321,318,3
5132,119,116,3
5133,710,705,5
5134,468,462,6
5135,250,248,2
5136,666,664,2
5137,376,373,3
5138,424,419,5
5139,62,61,1
5140,323,319,4
5141,149,146,3
5142,126,123,3
5143,574,535,39
5144,291,280,11
5145,127,125,2
5146,126,126,0
5147,200,197,3
5148,426,420,6
5149,68,68,0
5150,69,69,0
5151,191,179,12
5152,133,132,1
5153,242,235,7
5154,306,290,16
5155,592,571,21
5156,50,50,0
5157,196,195,1
5158,130,130,0
5159,136,136,0
5160,103,101,2
5161,212,210,2
5162,158,155,3
5163,992,967,25
5164,124,124,0
5165,147,146,1
5166,197,191,6
5167,119,119,0
5168,194,194,0
5169,132,132,0
5170,187,183,4
5171,148,144,4
5172,197,197,0
5173,133,127,6
5174,100,96,4
5175,107,101,6
5176,404,397,7
5177,276,266,10
5178,167,167,0
5179,306,302,4
5180,128,127,1
5181,535,532,3
5182,136,129,7
5183,124,122,2
5184,241,238,3
5185,94,85,9
5186,162,159,3
5187,140,140,0
5188,570,551,19
5189,115,113,2
5190,244,231,13
5191,139,139,0
5192,222,216,6
5193,169,165,4
5194,309,302,7
5195,151,151,0
5196,198,197,1
5197,125,125,0
5198,64,64,0
5199,191,187,4
5200,183,176,7
5201,258,257,1
5202,58,58,0
5203,179,177,2
5204,184,174,10
5205,203,200,3
5206,114,114,0
5207,260,257,3
5208,498,483,15
5209,171,167,4
5210,550,538,12
5211,303,296,7
5212,266,255,11
5213,489,473,16
5214,105,104,1
5215,197,195,2
5216,177,170,7
5217,44,44,0
5218,297,294,3
5219,61,61,0
5220,121,121,0
5221,138,135,3
5222,115,113,2
5223,49,49,0
5224,322,316,6
5225,300,292,8
5226,116,110,6
5227,182,179,3
5228,170,170,0
5229,137,135,2
5230,123,123,0
5231,147,146,1
5232,410,396,14
5233,120,116,4
5234,133,133,0
5235,400,395,5
5236,508,501,7
5237,182,180,2
5238,170,170,0
5239,503,493,10
5240,159,159,0
5241,189,187,2
5242,112,109,3
5243,152,148,4
5244,147,143,4
5245,180,177,3
5246,180,179,1
5247,198,195,3
5248,101,100,1
5249,519,509,10
5250,211,206,5
5251,220,208,12
5252,314,310,4
5253,144,141,3
5254,377,369,8
5255,307,303,4
5256,209,205,4
5257,140,138,2
5258,280,274,6
5259,335,332,3
5260,168,165,3
5261,332,328,4
5262,98,95,3
5263,457,451,6
5264,368,355,13
5265,316,306,10
5266,81,80,1
5267,144,141,3
5268,201,198,3
5269,190,189,1
5270,151,151,0
5271,105,103,2
5272,204,202,2
5273,25,23,2
5274,126,126,0
5275,108,108,0
5276,150,148,2
5277,210,204,6
5278,218,209,9
5279,125,124,1
5280,258,254,4
5281,141,140,1
5282,80,76,4
5283,73,71,2
5284,63,63,0
5285,74,73,1
5286,131,131,0
5287,138,136,2
5288,103,100,3
5289,142,142,0
5290,163,163,0
5291,362,358,4
5292,225,223,2
5293,161,159,2
5294,270,267,3
5295,131,128,3
5296,178,172,6
5297,114,114,0
5298,177,174,3
5299,84,82,2
5300,239,234,5
5301,130,125,5
5302,139,133,6
5303,312,304,8
5304,258,254,4
5305,235,225,10
5306,406,398,8
5307,77,77,0
5308,198,197,1
5309,219,214,5
5310,99,98,1
5311,541,522,19
5312,380,370,10
5313,418,406,12
5314,119,117,2
5315,240,233,7
5316,179,174,5
5317,65,65,0
5318,90,90,0
5319,224,224,0
5320,142,142,0
5321,115,114,1
5322,225,222,3
5323,39,39,0
5324,154,153,1
5325,141,141,0
5326,206,195,11
5327,173,173,0
5328,167,164,3
5329,130,130,0
5330,271,261,10
5331,208,196,12
5332,632,628,4
5333,607,587,20
5334,224,223,1
5335,178,177,1
5336,540,526,14
5337,189,182,7
5338,199,193,6
5339,778,743,35
5340,128,128,0
5341,879,843,36
5342,125,123,2
5343,522,511,11
5344,253,245,8
5345,445,420,25
5346,1005,945,60
5347,245,214,31
5348,474,462,12
5349,65,64,1
5350,203,202,1
5351,362,358,4
5352,465,456,9
5353,204,198,6
5354,434,420,14
5355,194,190,4
5356,287,285,2
5357,110,110,0
5358,197,196,1
5359,386,373,13
5360,79,77,2
5361,56,56,0
5362,702,683,19
5363,78,75,3
5364,136,135,1
5365,175,173,2
5366,93,93,0
5367,46,45,1
5368,129,129,0
5369,117,114,3
5370,56,56,0
5371,132,130,2
5372,126,124,2
5373,200,199,1
5374,141,140,1
5375,118,118,0
5376,633,626,7
5377,201,200,1
5378,84,81,3
5379,138,136,2
5380,150,150,0
5381,147,145,2
5382,185,185,0
5383,127,127,0
5384,44,44,0
5385,71,69,2
5386,105,105,0
5387,443,436,7
5388,202,196,6
5389,69,69,0
5390,151,149,2
5391,94,93,1
5392,285,280,5
5393,160,153,7
5394,98,97,1
5395,46,45,1
5396,105,104,1
5397,194,192,2
5398,317,315,2
5399,76,74,2
5400,37,37,0
5401,130,126,4
5402,311,305,6
5403,186,182,4
5404,66,66,0
5405,136,135,1
5406,429,421,8
5407,466,452,14
5408,138,134,4
5409,438,434,4
5410,66,62,4
5411,209,185,24
5412,117,110,7
5413,426,414,12
5414,96,95,1
5415,301,292,9
5416,223,204,19
5417,148,145,3
5418,482,474,8
5419,57,57,0
5420,151,150,1
5421,67,64,3
5422,182,178,4
5423,244,238,6
5424,170,164,6
5425,161,157,4
5426,187,182,5
5427,261,245,16
5428,60,57,3
5429,45,43,2
5430,128,127,1
5431,118,117,1
5432,110,105,5
5433,203,198,5
5434,97,97,0
5435,281,278,3
5436,122,120,2
5437,124,118,6
5438,128,122,6
5439,35,35,0
5440,124,118,6
5441,168,163,5
5442,134,130,4
5443,106,105,1
5444,292,277,15
5445,146,144,2
5446,137,133,4
5447,133,131,2
5448,135,134,1
5449,196,195,1
5450,104,101,3
5451,208,197,11
5452,264,257,7
5453,813,803,10
5454,43,43,0
5455,179,179,0
5456,171,170,1
5457,209,205,4
5458,131,130,1
5459,128,128,0
5460,452,437,15
5461,163,162,1
5462,215,207,8
5463,71,69,2
5464,66,66,0
5465,108,108,0
5466,203,200,3
5467,237,232,5
5468,182,178,4
5469,175,172,3
5470,69,69,0
5471,108,106,2
5472,136,136,0
5473,136,134,2
5474,165,165,0
5475,160,158,2
5476,173,173,0
5477,147,145,2
5478,305,303,2
5479,168,167,1
5480,194,191,3
5481,55,54,1
5482,184,182,2
5483,130,126,4
5484,273,267,6
5485,165,163,2
5486,442,436,6
5487,75,75,0
5488,172,168,4
5489,148,144,4
5490,76,75,1
5491,186,180,6
5492,145,144,1
5493,171,170,1
5494,150,147,3
5495,118,117,1
5496,264,262,2
5497,67,67,0
5498,413,411,2
5499,303,287,16
5500,101,101,0
5501,82,82,0
5502,121,121,0
5503,190,189,1
5504,127,124,3
5505,241,234,7
5506,277,276,1
5507,167,165,2
5508,134,132,2
5509,244,244,0
5510,221,220,1
5511,115,115,0
5512,287,276,11
5513,141,137,4
5514,160,158,2
5515,157,154,3
5516,160,157,3
5517,265,260,5
5518,130,130,0
5519,344,342,2
5520,46,46,0
5521,324,322,2
5522,305,301,4
5523,135,134,1
5524,190,190,0
5525,223,216,7
5526,31,31,0
5527,380,367,13
5528,298,297,1
5529,62,62,0
5530,469,462,7
5531,137,136,1
5532,385,384,1
5533,118,117,1
5534,127,127,0
5535,154,152,2
5536,143,139,4
5537,240,238,2
5538,376,373,3
5539,196,195,1
5540,104,104,0
5541,194,189,5
5542,168,167,1
5543,594,584,10
5544,645,639,6
5545,143,142,1
5546,253,253,0
5547,783,778,5
5548,236,231,5
5549,377,372,5
5550,746,738,8
5551,120,120,0
5552,157,156,1
5553,194,190,4
5554,211,206,5
5555,130,127,3
5556,148,145,3
5557,82,81,1
5558,187,185,2
5559,175,174,1
5560,348,346,2
5561,143,142,1
5562,168,168,0
5563,99,92,7
5564,138,137,1
5565,939,923,16
5566,223,216,7
5567,128,126,2
5568,125,122,3
5569,225,221,4
5570,512,505,7
5571,180,179,1
5572,134,131,3
5573,160,157,3
5574,114,112,2
5575,277,259,18
5576,279,276,3
5577,122,121,1
5578,70,67,3
5579,156,155,1
5580,120,118,2
5581,136,134,2
5582,175,166,9
5583,136,133,3
5584,132,128,4
5585,165,164,1
5586,258,250,8
5587,566,561,5
5588,165,162,3
5589,99,97,2
5590,387,378,9
5591,167,166,1
5592,272,266,6
5593,564,560,4
5594,165,163,2
5595,188,186,2
5596,201,199,2
5597,195,194,1
5598,534,532,2
5599,251,248,3
5600,193,192,1
5601,332,326,6
5602,94,91,3
5603,325,318,7
5604,612,603,9
5605,128,127,1
5606,214,213,1
5607,230,225,5
5608,145,144,1
5609,659,651,8
5610,172,170,2
5611,49,49,0
5612,2151,2088,63
5613,598,593,5
5614,149,149,0
5615,118,115,3
5616,396,382,14
5617,175,170,5
5618,81,81,0
5619,226,222,4
5620,53,53,0
5621,900,880,20
5622,57,56,1
5623,229,224,5
5624,253,250,3
5625,115,112,3
5626,71,70,1
5627,65,64,1
5628,678,675,3
5629,244,240,4
5630,96,96,0
5631,158,158,0
5632,996,981,15
5633,144,142,2
5634,232,230,2
5635,138,136,2
5636,746,742,4
5637,144,142,2
5638,196,194,2
5639,237,234,3
5640,379,366,13
5641,130,125,5
5642,346,337,9
5643,733,722,11
5644,525,511,14
5645,186,181,5
5646,265,256,9
5647,257,248,9
5648,130,128,2
5649,605,590,15
5650,133,127,6
5651,68,68,0
5652,63,63,0
5653,166,164,2
5654,947,937,10
5655,140,139,1
5656,120,120,0
5657,337,324,13
5658,504,492,12
5659,248,241,7
5660,196,195,1
5661,307,306,1
5662,215,203,12
5663,212,210,2
5664,379,367,12
5665,193,192,1
5666,252,249,3
5667,106,100,6
5668,323,317,6
5669,216,214,2
5670,110,103,7
5671,141,136,5
5672,272,264,8
5673,155,153,2
5674,186,181,5
5675,197,193,4
5676,341,336,5
5677,553,542,11
5678,139,134,5
5679,193,184,9
5680,369,363,6
5681,172,167,5
5682,150,147,3
5683,315,306,9
5684,471,465,6
5685,155,154,1
5686,294,290,4
5687,341,339,2
5688,403,401,2
5689,130,128,2
5690,210,208,2
5691,118,118,0
5692,203,194,9
5693,170,167,3
5694,145,142,3
5695,382,372,10
5696,287,282,5
5697,190,185,5
5698,223,221,2
5699,140,139,1
5700,102,100,2
5701,289,279,10
5702,462,453,9
5703,129,127,2
5704,628,610,18
5705,360,351,9
5706,202,194,8
5707,270,266,4
5708,561,538,23
5709,725,723,2
5710,141,139,2
5711,105,104,1
5712,47,46,1
5713,102,99,3
5714,50,50,0
5715,110,108,2
5716,132,130,2
5717,114,111,3
5718,133,131,2
5719,76,75,1
5720,783,760,23
5721,129,120,9
5722,50,50,0
5723,145,142,3
5724,135,128,7
5725,177,173,4
5726,221,219,2
5727,158,155,3
5728,206,204,2
5729,244,242,2
5730,127,127,0
5731,187,187,0
5732,69,64,5
5733,154,154,0
5734,197,196,1
5735,245,241,4
5736,249,244,5
5737,133,132,1
5738,302,298,4
5739,233,227,6
5740,133,130,3
5741,140,140,0
5742,192,191,1
5743,116,113,3
5744,381,376,5
5745,387,379,8
5746,193,190,3
5747,397,396,1
5748,291,289,2
5749,439,433,6
5750,117,114,3
5751,316,309,7
5752,473,470,3
5753,471,463,8
5754,139,139,0
5755,190,190,0
5756,956,933,23
5757,239,232,7
5758,160,158,2
5759,309,301,8
5760,223,215,8
5761,283,276,7
5762,121,120,1
5763,188,186,2
5764,322,319,3
5765,184,184,0
5766,220,219,1
5767,142,140,2
5768,371,370,1
5769,188,186,2
5770,731,717,14
5771,531,528,3
5772,279,275,4
5773,95,88,7
5774,427,422,5
5775,186,175,11
5776,616,610,6
5777,254,248,6
5778,141,141,0
5779,110,106,4
5780,179,178,1
5781,105,105,0
5782,145,143,2
5783,232,230,2
5784,171,169,2
5785,1400,1380,20
5786,103,97,6
5787,189,187,2
5788,141,141,0
5789,123,122,1
5790,189,188,1
5791,238,234,4
5792,143,143,0
5793,206,204,2
5794,167,165,2
5795,514,509,5
5796,161,160,1
5797,130,129,1
5798,146,144,2
5799,331,327,4
5800,633,617,16
5801,129,128,1
5802,263,261,2
5803,360,360,0
5804,117,117,0
5805,239,237,2
5806,155,155,0
5807,113,111,2
5808,280,278,2
5809,695,681,14
5810,141,140,1
5811,151,149,2
5812,30,30,0
5813,52,50,2
5814,24,24,0
5815,44,43,1
5816,170,169,1
5817,156,154,2
5818,130,130,0
5819,123,119,4
5820,686,668,18
5821,158,157,1
5822,266,265,1
5823,111,109,2
5824,827,812,15
5825,238,235,3
5826,828,812,16
5827,99,95,4
5828,176,173,3
5829,131,129,2
5830,88,86,2
5831,293,292,1
5832,287,282,5
5833,267,262,5
5834,563,544,19
5835,414,410,4
5836,438,427,11
5837,158,157,1
5838,525,523,2
5839,165,164,1
5840,300,296,4
5841,384,379,5
5842,152,148,4
5843,129,129,0
5844,85,83,2
5845,448,440,8
5846,140,140,0
5847,162,158,4
5848,123,122,1
5849,725,720,5
5850,174,171,3
5851,335,330,5
5852,210,209,1
5853,67,65,2
5854,502,494,8
5855,114,109,5
5856,245,234,11
5857,168,163,5
5858,424,414,10
5859,268,266,2
5860,192,186,6
5861,120,112,8
5862,178,178,0
5863,152,146,6
5864,142,141,1
5865,129,128,1
5866,226,222,4
5867,72,71,1
5868,327,320,7
5869,537,535,2
5870,239,238,1
5871,76,76,0
5872,218,213,5
5873,175,174,1
5874,132,127,5
5875,199,197,2
5876,139,135,4
5877,295,284,11
5878,239,238,1
5879,173,168,5
5880,317,315,2
5881,185,185,0
5882,171,169,2
5883,234,234,0
5884,31,31,0
5885,161,159,2
5886,110,107,3
5887,122,121,1
5888,129,126,3
5889,173,172,1
5890,2147,2109,38
5891,53,53,0
5892,313,309,4
5893,149,148,1
5894,56,55,1
5895,108,106,2
5896,222,219,3
5897,446,440,6
5898,152,149,3
5899,414,409,5
5900,98,97,1
5901,327,324,3
5902,228,228,0
5903,303,299,4
5904,384,384,0
5905,168,163,5
5906,599,586,13
5907,62,62,0
5908,213,209,4
5909,298,293,5
5910,251,248,3
5911,76,76,0
5912,1039,1032,7
5913,120,119,1
5914,67,66,1
5915,111,111,0
5916,115,114,1
5917,51,50,1
5918,121,119,2
5919,464,455,9
5920,186,182,4
5921,266,258,8
5922,245,242,3
5923,465,457,8
5924,158,151,7
5925,191,190,1
5926,122,122,0
5927,96,96,0
5928,176,171,5
5929,133,127,6
5930,130,127,3
5931,148,145,3
5932,201,196,5
5933,191,191,0
5934,169,167,2
5935,186,182,4
5936,284,281,3
5937,958,950,8
5938,220,220,0
5939,108,108,0
5940,115,113,2
5941,132,127,5
5942,130,127,3
5943,158,155,3
5944,107,103,4
5945,372,365,7
5946,107,104,3
5947,59,59,0
5948,128,127,1
5949,65,65,0
5950,112,109,3
5951,225,225,0
5952,72,72,0
5953,228,225,3
5954,71,70,1
5955,145,141,4
5956,320,308,12
5957,187,186,1
5958,312,307,5
5959,399,396,3
5960,153,152,1
5961,135,134,1
5962,169,157,12
5963,136,135,1
5964,270,264,6
5965,293,291,2
5966,54,53,1
5967,120,118,2
5968,252,248,4
5969,90,89,1
5970,393,392,1
5971,466,462,4
5972,106,105,1
5973,522,516,6
5974,137,136,1
5975,172,170,2
5976,121,120,1
5977,85,83,2
5978,160,159,1
5979,52,51,1
5980,112,111,1
5981,286,285,1
5982,170,170,0
5983,167,166,1
5984,501,494,7
5985,29,29,0
5986,112,109,3
5987,138,135,3
5988,298,273,25
5989,184,181,3
5990,385,384,1
5991,713,703,10
5992,296,293,3
5993,230,229,1
5994,148,141,7
5995,169,167,2
5996,137,135,2
5997,269,265,4
5998,160,160,0
5999,147,142,5
6000,443,439,4
6001,140,137,3
6002,356,350,6
6003,180,177,3
6004,766,760,6
6005,285,280,5
6006,209,205,4
6007,625,609,16
6008,196,191,5
6009,610,591,19
6010,49,49,0
6011,218,210,8
6012,664,648,16
6013,636,626,10
6014,200,197,3
6015,305,296,9
6016,87,86,1
6017,206,204,2
6018,158,154,4
6019,192,189,3
6020,228,221,7
6021,129,126,3
6022,192,191,1
6023,68,67,1
6024,180,180,0
6025,412,404,8
6026,258,256,2
6027,671,659,12
6028,91,91,0
6029,577,563,14
6030,225,225,0
6031,213,210,3
6032,88,88,0
6033,236,233,3
6034,130,130,0
6035,149,146,3
6036,90,90,0
6037,345,341,4
6038,507,505,2
6039,243,239,4
6040,242,240,2
6041,113,112,1
6042,70,69,1
6043,67,67,0
6044,287,284,3
6045,586,575,11
6046,645,633,12
6047,471,466,5
6048,493,490,3
6049,454,451,3
6050,834,825,9
6051,176,174,2
6052,1019,997,22
6053,329,311,18
6054,196,194,2
6055,138,135,3
6056,173,173,0
6057,287,285,2
6058,188,187,1
6059,249,241,8
6060,304,299,5
6061,218,214,4
6062,120,119,1
6063,742,712,30
6064,533,519,14
6065,200,194,6
6066,49,49,0
6067,170,166,4
6068,197,194,3
6069,741,724,17
6070,162,161,1
6071,147,146,1
6072,155,152,3
6073,128,122,6
6074,44,43,1
6075,211,207,4
6076,91,89,2
6077,54,51,3
6078,55,55,0
6079,68,67,1
6080,46,46,0
6081,107,107,0
6082,49,49,0
6083,180,175,5
6084,44,42,2
6085,70,68,2
6086,136,133,3
6087,73,73,0
6088,120,119,1
6089,47,47,0
6090,205,200,5
6091,138,129,9
6092,84,80,4
6093,233,227,6
6094,114,111,3
6095,288,276,12
6096,374,349,25
6097,151,145,6
6098,59,54,5
6099,116,115,1
6100,144,139,5
6101,148,143,5
6102,311,297,14
6103,658,632,26
6104,780,755,25
6105,81,80,1
6106,165,157,8
6107,50,50,0
6108,156,154,2
6109,302,298,4
6110,126,124,2
6111,967,950,17
6112,170,168,2
6113,708,687,21
6114,680,669,11
6115,111,111,0
6116,124,122,2
6117,227,225,2
6118,101,101,0
6119,117,115,2
6120,137,136,1
6121,87,87,0
6122,117,116,1
6123,221,218,3
6124,167,159,8
6125,143,142,1
6126,305,301,4
6127,115,115,0
6128,128,128,0
6129,204,204,0
6130,111,106,5
6131,659,653,6
6132,57,56,1
6133,126,125,1
6134,127,125,2
6135,139,139,0
6136,131,131,0
6137,240,240,0
6138,156,156,0
6139,131,131,0
6140,122,121,1
6141,128,126,2
6142,159,153,6
6143,122,121,1
6144,115,113,2
6145,368,365,3
6146,176,170,6
6147,421,415,6
6148,161,158,3
6149,424,412,12
6150,461,458,3
6151,261,259,2
6152,213,211,2
6153,204,204,0
6154,232,228,4
6155,454,452,2
6156,481,468,13
6157,247,244,3
6158,146,140,6
6159,487,480,7
6160,157,155,2
6161,198,198,0
6162,132,131,1
6163,218,216,2
6164,571,557,14
6165,112,110,2
6166,134,131,3
6167,121,115,6
6168,136,135,1
6169,271,268,3
6170,130,125,5
6171,119,115,4
6172,126,126,0
6173,116,115,1
6174,96,92,4
6175,241,239,2
6176,120,119,1
6177,142,140,2
6178,260,254,6
6179,68,67,1
6180,117,114,3
6181,179,174,5
6182,182,181,1
6183,130,125,5
6184,93,92,1
6185,204,202,2
6186,180,177,3
6187,298,296,2
6188,124,124,0
6189,273,273,0
6190,171,171,0
6191,199,195,4
6192,388,386,2
6193,185,181,4
6194,164,158,6
6195,126,123,3
6196,135,132,3
6197,205,201,4
6198,246,240,6
6199,173,170,3
6200,239,232,7
6201,212,206,6
6202,143,142,1
6203,189,185,4
6204,143,139,4
6205,85,82,3
6206,243,235,8
6207,340,333,7
6208,146,144,2
6209,660,625,35
6210,330,313,17
6211,130,128,2
6212,322,315,7
6213,180,171,9
6214,293,289,4
6215,144,142,2
6216,267,262,5
6217,282,276,6
6218,493,491,2
6219,128,127,1
6220,418,406,12
6221,108,105,3
6222,452,435,17
6223,239,238,1
6224,123,120,3
6225,140,139,1
6226,232,226,6
6227,161,159,2
6228,131,129,2
6229,150,147,3
6230,117,115,2
6231,987,973,14
6232,132,129,3
6233,174,169,5
6234,248,245,3
6235,70,68,2
6236,344,337,7
6237,161,158,3
6238,533,529,4
6239,334,327,7
6240,58,55,3
6241,298,284,14
6242,692,679,13
6243,130,128,2
6244,200,192,8
6245,464,451,13
6246,170,169,1
6247,235,233,2
6248,195,194,1
6249,177,176,1
6250,132,131,1
6251,404,400,4
6252,420,415,5
6253,76,72,4
6254,926,885,41
6255,283,278,5
6256,84,81,3
6257,88,87,1
6258,62,59,3
6259,250,242,8
6260,63,60,3
6261,156,154,2
6262,40,38,2
6263,51,50,1
6264,106,104,2
6265,67,66,1
6266,111,108,3
6267,245,243,2
6268,123,123,0
6269,168,165,3
6270,125,124,1
6271,55,55,0
6272,142,139,3
6273,173,167,6
6274,198,198,0
6275,167,164,3
6276,53,50,3
6277,287,276,11
6278,242,235,7
6279,908,902,6
6280,188,185,3
6281,188,185,3
6282,223,222,1
6283,79,78,1
6284,244,237,7
6285,119,118,1
6286,150,149,1
6287,236,233,3
6288,274,263,11
6289,149,145,4
6290,365,361,4
6291,618,611,7
6292,336,331,5
6293,242,231,11
6294,424,415,9
6295,884,859,25
6296,154,150,4
6297,154,150,4
6298,154,150,4
6299,77,73,4
6300,154,150,4
6301,175,171,4
6302,154,150,4
6303,130,123,7
6304,176,176,0
6305,153,152,1
6306,211,211,0
6307,371,366,5
6308,45,43,2
6309,175,175,0
6310,171,155,16
6311,173,173,0
6312,216,214,2
6313,126,125,1
6314,531,527,4
6315,574,569,5
6316,225,225,0
6317,332,331,1
6318,290,287,3
6319,768,753,15
6320,228,227,1
6321,179,177,2
6322,239,237,2
6323,748,730,18
6324,454,441,13
6325,508,487,21
6326,276,266,10
6327,170,166,4
6328,308,289,19
6329,147,145,2
6330,179,170,9
6331,284,279,5
6332,64,61,3
6333,102,96,6
6334,65,65,0
6335,169,162,7
6336,409,391,18
6337,357,349,8
6338,346,337,9
6339,274,265,9
6340,337,330,7
6341,142,140,2
6342,413,406,7
6343,114,114,0
6344,650,630,20
6345,104,99,5
6346,325,302,23
6347,100,99,1
6348,301,297,4
6349,268,248,20
6350,362,353,9
6351,205,196,9
6352,252,250,2
6353,261,258,3
6354,88,88,0
6355,101,100,1
6356,16,15,1
6357,93,93,0
6358,96,96,0
6359,129,128,1
6360,162,158,4
6361,80,80,0
6362,105,105,0
6363,195,193,2
6364,134,132,2
6365,100,97,3
6366,385,381,4
6367,110,108,2
6368,199,192,7
6369,47,47,0
6370,128,127,1
6371,140,137,3
6372,139,138,1
6373,144,144,0
6374,173,172,1
6375,275,273,2
6376,194,188,6
6377,258,258,0
6378,150,148,2
6379,142,140,2
6380,273,272,1
6381,149,148,1
6382,158,156,2
6383,224,218,6
6384,219,218,1
6385,195,195,0
6386,847,827,20
6387,178,175,3
6388,107,103,4
6389,89,86,3
6390,141,139,2
6391,165,165,0
6392,113,111,2
6393,830,804,26
6394,418,411,7
6395,873,858,15
6396,1031,991,40
6397,327,326,1
6398,200,199,1
6399,664,649,15
6400,404,381,23
6401,174,171,3
6402,413,410,3
6403,140,139,1
6404,132,129,3
6405,181,180,1
6406,240,240,0
6407,556,552,4
6408,138,138,0
6409,170,169,1
6410,154,148,6
6411,152,152,0
6412,192,188,4
6413,179,179,0
6414,224,223,1
6415,128,127,1
6416,113,109,4
6417,833,809,24
6418,130,129,1
6419,296,288,8
6420,206,204,2
6421,400,388,12
6422,118,115,3
6423,458,451,7
6424,289,288,1
6425,224,221,3
6426,191,188,3
6427,127,125,2
6428,74,74,0
6429,125,125,0
6430,99,98,1
6431,65,65,0
6432,193,183,10
6433,20,20,0
6434,31,31,0
6435,40,40,0
6436,112,110,2
6437,88,86,2
6438,142,141,1
6439,56,56,0
6440,199,194,5
6441,63,63,0
6442,93,93,0
6443,106,105,1
6444,586,572,14
6445,198,197,1
6446,404,383,21
6447,52,52,0
6448,47,47,0
6449,332,323,9
6450,123,120,3
6451,141,139,2
6452,114,113,1
6453,243,239,4
6454,156,149,7
6455,269,257,12
6456,83,82,1
6457,128,126,2
6458,600,594,6
6459,148,145,3
6460,727,714,13
6461,126,125,1
6462,122,122,0
6463,104,104,0
6464,58,57,1
6465,280,271,9
6466,139,135,4
6467,111,110,1
6468,135,135,0
6469,164,161,3
6470,159,156,3
6471,139,136,3
6472,193,191,2
6473,129,127,2
6474,210,208,2
6475,142,141,1
6476,468,450,18
6477,256,251,5
6478,106,103,3
6479,263,260,3
6480,382,378,4
6481,273,267,6
6482,274,267,7
6483,500,494,6
6484,606,593,13
6485,486,475,11
6486,254,250,4
6487,331,323,8
6488,158,155,3
6489,167,165,2
6490,438,428,10
6491,239,232,7
6492,546,536,10
6493,155,154,1
6494,274,267,7
6495,249,245,4
6496,200,196,4
6497,248,246,2
6498,385,374,11
6499,94,94,0
6500,500,493,7
6501,335,332,3
6502,229,225,4
6503,154,150,4
6504,271,264,7
6505,261,257,4
6506,354,353,1
6507,585,565,20
6508,1034,1010,24
6509,121,118,3
6510,308,302,6
6511,188,183,5
6512,167,163,4
6513,121,119,2
6514,118,117,1
6515,125,122,3
6516,170,168,2
6517,433,413,20
6518,250,249,1
6519,376,370,6
6520,73,73,0
6521,188,185,3
6522,207,206,1
6523,339,337,2
6524,488,486,2
6525,155,153,2
6526,305,300,5
6527,195,192,3
6528,145,142,3
6529,279,278,1
6530,121,120,1
6531,298,297,1
6532,136,132,4
6533,308,308,0
6534,168,168,0
6535,431,428,3
6536,182,178,4
6537,128,128,0
6538,53,53,0
6539,42,41,1
6540,97,96,1
6541,55,54,1
6542,173,172,1
6543,119,119,0
6544,62,57,5
6545,97,97,0
6546,79,78,1
6547,215,214,1
6548,525,513,12
6549,43,43,0
6550,111,110,1
6551,44,44,0
6552,267,257,10
6553,136,135,1
6554,113,111,2
6555,182,178,4
6556,182,178,4
6557,182,178,4
6558,188,186,2
6559,208,204,4
6560,203,201,2
6561,291,286,5
6562,273,265,8
6563,233,228,5
6564,274,266,8
6565,148,143,5
6566,87,86,1
6567,498,491,7
6568,273,272,1
6569,675,663,12
6570,97,94,3
6571,331,302,29
6572,498,481,17
6573,121,120,1
6574,230,226,4
6575,165,164,1
6576,149,149,0
6577,70,65,5
6578,54,54,0
6579,221,220,1
6580,97,97,0
6581,238,232,6
6582,82,81,1
6583,136,134,2
6584,59,58,1
6585,288,282,6
6586,485,481,4
6587,410,408,2
6588,98,95,3
6589,161,154,7
6590,699,686,13
6591,216,206,10
6592,296,287,9
6593,299,298,1
6594,966,944,22
6595,174,171,3
6596,125,124,1
6597,159,157,2
6598,102,97,5
6599,136,135,1
6600,293,282,11
6601,112,109,3
6602,104,101,3
6603,128,127,1
6604,237,233,4
6605,616,608,8
6606,539,516,23
6607,445,438,7
6608,293,282,11
6609,218,218,0
6610,178,174,4
6611,815,804,11
6612,44,43,1
6613,76,74,2
6614,83,83,0
6615,177,176,1
6616,149,147,2
6617,340,335,5
6618,207,205,2
6619,239,237,2
6620,116,116,0
6621,133,129,4
6622,117,113,4
6623,258,253,5
6624,135,135,0
6625,143,143,0
6626,95,95,0
6627,229,229,0
6628,157,157,0
6629,116,114,2
6630,241,240,1
6631,364,360,4
6632,139,137,2
6633,117,116,1
6634,179,178,1
6635,77,76,1
6636,439,439,0
6637,67,67,0
6638,222,222,0
6639,227,226,1
6640,109,105,4
6641,51,51,0
6642,117,114,3
6643,381,370,11
6644,114,114,0
6645,430,428,2
6646,282,278,4
6647,33,33,0
6648,645,641,4
6649,119,119,0
6650,302,298,4
6651,107,107,0
6652,65,62,3
6653,179,179,0
6654,636,627,9
6655,330,330,0
6656,600,597,3
6657,675,668,7
6658,101,101,0
6659,320,308,12
6660,83,83,0
6661,136,132,4
6662,100,97,3
6663,156,153,3
6664,114,112,2
6665,363,352,11
6666,123,117,6
6667,168,163,5
6668,200,191,9
6669,496,482,14
6670,155,155,0
6671,341,332,9
6672,255,240,15
6673,150,146,4
6674,251,249,2
6675,150,149,1
6676,196,193,3
6677,104,99,5
6678,598,581,17
6679,574,561,13
6680,687,672,15
6681,349,339,10
6682,201,194,7
6683,243,237,6
6684,297,286,11
6685,55,54,1
6686,108,106,2
6687,611,605,6
6688,107,104,3
6689,172,171,1
6690,261,259,2
6691,234,230,4
6692,230,227,3
6693,337,332,5
6694,150,150,0
6695,169,169,0
6696,193,189,4
6697,66,65,1
6698,137,137,0
6699,103,102,1
6700,81,81,0
6701,209,205,4
6702,159,156,3
6703,505,494,11
6704,110,110,0
6705,142,138,4
6706,124,119,5
6707,84,82,2
6708,201,200,1
6709,187,182,5
6710,259,246,13
6711,232,219,13
6712,295,281,14
6713,915,877,38
6714,380,367,13
6715,212,206,6
6716,448,439,9
6717,180,175,5
6718,208,200,8
6719,306,286,20
6720,308,301,7
6721,177,176,1
6722,226,213,13
6723,298,289,9
6724,155,153,2
6725,249,247,2
6726,134,132,2
6727,153,149,4
6728,119,117,2
6729,188,188,0
6730,402,398,4
6731,72,71,1
6732,149,149,0
6733,186,185,1
6734,155,152,3
6735,210,208,2
6736,56,56,0
6737,246,245,1
6738,749,720,29
6739,168,168,0
6740,142,142,0
6741,76,76,0
6742,313,306,7
6743,96,93,3
6744,92,91,1
6745,187,180,7
6746,130,129,1
6747,157,154,3
6748,299,291,8
6749,211,206,5
6750,178,175,3
6751,226,221,5
6752,241,241,0
6753,264,260,4
6754,869,825,44
6755,308,300,8
6756,141,137,4
6757,525,518,7
6758,476,474,2
6759,45,42,3
6760,127,125,2
6761,174,172,2
6762,271,271,0
6763,72,71,1
6764,141,138,3
6765,69,69,0
6766,61,59,2
6767,218,216,2
6768,144,142,2
6769,51,50,1
6770,71,70,1
6771,1029,1008,21
6772,190,188,2
6773,61,61,0
6774,135,134,1
6775,145,136,9
6776,328,317,11
6777,48,47,1
6778,242,239,3
6779,246,242,4
6780,156,152,4
6781,486,479,7
6782,256,250,6
6783,202,201,1
6784,249,246,3
6785,347,344,3
6786,348,345,3
6787,119,118,1
6788,296,291,5
6789,618,602,16
6790,202,200,2
6791,243,242,1
6792,163,161,2
6793,144,139,5
6794,268,266,2
6795,114,114,0
6796,265,261,4
6797,468,456,12
6798,145,145,0
6799,148,146,2
6800,136,135,1
6801,114,113,1
6802,272,269,3
6803,189,185,4
6804,558,549,9
6805,307,305,2
6806,405,402,3
6807,327,322,5
6808,169,165,4
6809,226,225,1
6810,161,158,3
6811,126,123,3
6812,120,117,3
6813,128,127,1
6814,154,151,3
6815,147,144,3
6816,386,374,12
6817,137,132,5
6818,119,116,3
6819,97,97,0
6820,206,195,11
6821,264,262,2
6822,518,502,16
6823,329,322,7
6824,186,179,7
6825,466,444,22
6826,934,930,4
6827,559,543,16
6828,498,479,19
6829,160,157,3
6830,293,288,5
6831,44,44,0
6832,217,215,2
6833,188,181,7
6834,50,49,1
6835,432,427,5
6836,245,242,3
6837,212,208,4
6838,563,552,11
6839,55,55,0
6840,297,297,0
6841,197,192,5
6842,122,120,2
6843,554,547,7
6844,156,151,5
6845,261,259,2
6846,200,198,2
6847,236,230,6
6848,85,78,7
6849,126,121,5
6850,141,137,4
6851,102,100,2
6852,241,230,11
6853,161,159,2
6854,74,73,1
6855,119,117,2
6856,80,78,2
6857,24,24,0
6858,184,183,1
6859,194,189,5
6860,86,84,2
6861,239,226,13
6862,421,395,26
6863,256,242,14
6864,221,215,6
6865,62,62,0
6866,107,105,2
6867,823,800,23
6868,118,115,3
6869,168,165,3
6870,115,113,2
6871,49,46,3
6872,137,133,4
6873,228,220,8
6874,133,133,0
6875,489,453,36
6876,234,231,3
6877,153,153,0
6878,170,169,1
6879,267,263,4
6880,171,166,5
6881,316,308,8
6882,112,111,1
6883,369,359,10
6884,92,87,5
6885,127,127,0
6886,184,179,5
6887,56,56,0
6888,187,187,0
6889,747,730,17
6890,122,119,3
6891,213,211,2
6892,122,121,1
6893,58,58,0
6894,130,127,3
6895,153,150,3
6896,251,246,5
6897,459,451,8
6898,66,66,0
6899,337,333,4
6900,73,73,0
6901,204,202,2
6902,297,290,7
6903,117,113,4
6904,78,74,4
6905,276,267,9
6906,260,251,9
6907,202,195,7
6908,154,152,2
6909,36,34,2
6910,266,263,3
6911,146,146,0
6912,57,54,3
6913,180,173,7
6914,321,318,3
6915,117,116,1
6916,315,306,9
6917,188,184,4
6918,295,289,6
6919,481,468,13
6920,95,91,4
6921,94,88,6
6922,633,623,10
6923,112,110,2
6924,120,120,0
6925,286,280,6
6926,276,273,3
6927,247,245,2
6928,458,449,9
6929,172,169,3
6930,107,106,1
6931,67,66,1
6932,722,699,23
6933,154,154,0
6934,152,146,6
6935,207,204,3
6936,167,166,1
6937,491,479,12
6938,178,176,2
6939,310,307,3
6940,134,133,1
6941,110,106,4
6942,142,140,2
6943,153,146,7
6944,99,98,1
6945,473,455,18
6946,66,66,0
6947,136,133,3
6948,485,472,13
6949,147,145,2
6950,161,152,9
6951,422,398,24
6952,133,128,5
6953,149,147,2
6954,119,115,4
6955,168,165,3
6956,150,148,2
6957,104,98,6
6958,410,399,11
6959,278,273,5
6960,43,43,0
6961,111,109,2
6962,320,311,9
6963,137,136,1
6964,196,195,1
6965,139,138,1
6966,200,197,3
6967,92,92,0
6968,200,200,0
6969,162,159,3
6970,63,60,3
6971,164,160,4
6972,57,57,0
6973,81,80,1
6974,33,33,0
6975,65,64,1
6976,107,102,5
6977,67,67,0
6978,195,194,1
6979,131,130,1
6980,166,162,4
6981,129,128,1
6982,192,188,4
6983,224,220,4
6984,97,95,2
6985,119,117,2
6986,97,97,0
6987,143,143,0
6988,80,78,2
6989,139,137,2
6990,193,188,5
6991,782,760,22
6992,411,388,23
6993,123,116,7
6994,131,125,6
6995,104,102,2
6996,125,123,2
6997,184,182,2
6998,186,185,1
6999,56,55,1
7000,185,181,4
7001,371,350,21
7002,90,89,1
7003,346,327,19
7004,261,253,8
7005,87,82,5
7006,138,137,1
7007,214,214,0
7008,589,579,10
7009,294,293,1
7010,130,127,3
7011,401,395,6
7012,190,186,4
7013,534,526,8
7014,409,391,18
7015,196,196,0
7016,412,399,13
7017,180,178,2
7018,143,143,0
7019,159,156,3
7020,523,518,5
7021,73,70,3
7022,635,628,7
7023,249,243,6
7024,421,421,0
7025,366,355,11
7026,786,767,19
7027,269,261,8
7028,493,484,9
7029,355,343,12
7030,833,814,19
7031,240,237,3
7032,376,366,10
7033,305,296,9
7034,116,114,2
7035,183,180,3
7036,251,251,0
7037,326,323,3
7038,301,298,3
7039,137,134,3
7040,522,518,4
7041,380,369,11
7042,133,125,8
7043,312,305,7
7044,240,238,2
7045,108,107,1
7046,207,205,2
7047,143,141,2
7048,25,24,1
7049,160,159,1
7050,247,245,2
7051,156,154,2
7052,244,243,1
7053,386,383,3
7054,209,206,3
7055,120,119,1
7056,183,181,2
7057,148,146,2
7058,231,227,4
7059,69,69,0
7060,144,138,6
7061,363,345,18
7062,297,296,1
7063,289,285,4
7064,759,738,21
7065,126,124,2
7066,62,62,0
7067,19,19,0
7068,78,76,2
7069,128,125,3
7070,45,44,1
7071,126,125,1
7072,153,153,0
7073,225,224,1
7074,53,53,0
7075,132,129,3
7076,130,126,4
7077,642,632,10
7078,136,136,0
7079,134,133,1
7080,210,201,9
7081,112,105,7
7082,139,138,1
7083,131,130,1
7084,146,143,3
7085,171,169,2
7086,139,137,2
7087,130,128,2
7088,123,121,2
7089,126,124,2
7090,132,128,4
7091,174,172,2
7092,172,172,0
7093,195,193,2
7094,283,277,6
7095,140,138,2
7096,241,229,12
7097,262,261,1
7098,182,179,3
7099,75,75,0
7100,125,124,1
7101,126,125,1
7102,286,281,5
7103,154,146,8
7104,127,125,2
7105,213,211,2
7106,169,166,3
7107,210,206,4
7108,322,314,8
7109,192,190,2
7110,122,122,0
7111,183,179,4
7112,882,859,23
7113,186,183,3
7114,314,309,5
7115,238,232,6
7116,188,182,6
7117,187,185,2
7118,225,224,1
7119,552,538,14
7120,129,129,0
7121,446,439,7
7122,639,624,15
7123,271,268,3
7124,512,505,7
7125,200,200,0
7126,736,732,4
7127,175,175,0
7128,171,171,0
7129,152,151,1
7130,401,390,11
7131,156,155,1
7132,165,165,0
7133,162,161,1
7134,128,125,3
7135,154,151,3
7136,166,166,0
7137,56,56,0
7138,45,45,0
7139,287,282,5
7140,187,185,2
7141,121,118,3
7142,228,226,2
7143,398,369,29
7144,421,421,0
7145,130,130,0
7146,119,118,1
7147,463,452,11
7148,153,151,2
7149,139,136,3
7150,320,306,14
7151,98,98,0
7152,42,42,0
7153,55,55,0
7154,170,168,2
7155,103,101,2
7156,168,165,3
7157,136,134,2
7158,515,511,4
7159,368,365,3
7160,241,241,0
7161,486,484,2
7162,37,36,1
7163,167,163,4
7164,122,119,3
7165,175,167,8
7166,120,117,3
7167,125,122,3
7168,213,213,0
7169,121,120,1
7170,118,116,2
7171,652,650,2
7172,135,134,1
7173,115,115,0
7174,494,489,5
7175,211,210,1
7176,154,149,5
7177,633,621,12
7178,626,616,10
7179,367,364,3
7180,261,260,1
7181,121,119,2
7182,210,204,6
7183,62,62,0
7184,132,130,2
7185,134,132,2
7186,682,671,11
7187,67,67,0
7188,725,708,17
7189,110,109,1
7190,279,276,3
7191,117,115,2
7192,454,450,4
7193,204,204,0
7194,256,253,3
7195,105,104,1
7196,220,218,2
7197,57,56,1
7198,160,159,1
7199,107,106,1
7200,146,145,1
7201,360,358,2
7202,535,533,2
7203,131,131,0
7204,516,503,13
7205,738,729,9
7206,265,254,11
7207,327,326,1
7208,331,325,6
7209,141,139,2
7210,474,465,9
7211,608,606,2
7212,305,300,5
7213,238,237,1
7214,452,447,5
7215,497,489,8
7216,119,118,1
7217,188,184,4
7218,449,444,5
7219,216,209,7
7220,565,549,16
7221,124,124,0
7222,46,46,0
7223,207,204,3
7224,124,119,5
7225,147,147,0
7226,122,116,6
7227,180,178,2
7228,223,223,0
7229,497,483,14
7230,203,200,3
7231,524,517,7
7232,151,148,3
7233,155,153,2
7234,174,170,4
7235,187,186,1
7236,168,162,6
7237,85,85,0
7238,134,133,1
7239,110,106,4
7240,166,163,3
7241,218,215,3
7242,771,753,18
7243,305,300,5
7244,168,167,1
7245,96,91,5
7246,350,335,15
7247,56,56,0
7248,223,218,5
7249,47,46,1
7250,129,128,1
7251,172,168,4
7252,208,205,3
7253,373,365,8
7254,53,53,0
7255,354,345,9
7256,329,318,11
7257,441,420,21
7258,204,199,5
7259,691,649,42
7260,584,563,21
7261,124,121,3
7262,813,792,21
7263,618,582,36
7264,233,227,6
7265,161,159,2
7266,506,496,10
7267,302,280,22
7268,218,214,4
7269,106,102,4
7270,119,115,4
7271,1027,966,61
7272,719,683,36
7273,168,163,5
7274,443,440,3
7275,267,260,7
7276,63,62,1
7277,160,158,2
7278,897,820,77
7279,219,215,4
7280,163,162,1
7281,361,351,10
7282,632,609,23
7283,231,229,2
7284,370,355,15
7285,126,125,1
7286,242,242,0
7287,215,212,3
7288,132,130,2
7289,793,782,11
7290,174,174,0
7291,547,537,10
7292,204,200,4
7293,184,181,3
7294,133,133,0
7295,156,156,0
7296,164,164,0
7297,230,230,0
7298,175,174,1
7299,70,70,0
7300,789,776,13
7301,995,984,11
7302,354,350,4
7303,288,288,0
7304,79,77,2
7305,303,300,3
7306,144,142,2
7307,159,158,1
7308,419,414,5
7309,309,304,5
7310,142,139,3
7311,221,221,0
7312,538,532,6
7313,241,236,5
7314,136,130,6
7315,203,197,6
7316,236,230,6
7317,623,592,31
7318,155,154,1
7319,142,140,2
7320,341,338,3
7321,355,354,1
7322,145,140,5
7323,243,236,7
7324,283,280,3
7325,434,424,10
7326,183,170,13
7327,198,197,1
7328,135,132,3
7329,116,106,10
7330,135,129,6
7331,127,123,4
7332,131,125,6
7333,381,364,17
7334,207,202,5
7335,298,288,10
7336,783,746,37
7337,990,979,11
7338,456,451,5
7339,458,452,6
7340,245,227,18
7341,952,932,20
7342,126,124,2
7343,33,33,0
7344,218,213,5
7345,373,366,7
7346,436,423,13
7347,191,181,10
7348,137,135,2
7349,135,132,3
7350,97,96,1
7351,177,172,5
7352,238,221,17
7353,240,240,0
7354,152,152,0
7355,212,209,3
7356,118,113,5
7357,366,354,12
7358,227,220,7
7359,73,72,1
7360,288,280,8
7361,657,647,10
7362,298,292,6
7363,210,206,4
7364,420,406,14
7365,134,133,1
7366,439,434,5
7367,113,112,1
7368,111,105,6
7369,536,527,9
7370,109,106,3
7371,131,126,5
7372,534,511,23
7373,153,150,3
7374,369,355,14
7375,131,124,7
7376,121,120,1
7377,141,141,0
7378,341,332,9
7379,97,95,2
7380,96,95,1
7381,115,115,0
7382,129,128,1
7383,124,123,1
7384,161,160,1
7385,273,268,5
7386,152,150,2
7387,71,71,0
7388,639,625,14
7389,100,99,1
7390,300,299,1
7391,132,131,1
7392,178,177,1
7393,219,218,1
7394,291,287,4
7395,282,279,3
7396,985,972,13
7397,736,730,6
7398,115,115,0
7399,155,150,5
7400,252,251,1
7401,218,216,2
7402,142,142,0
7403,195,195,0
7404,301,298,3
7405,143,142,1
7406,260,259,1
7407,77,74,3
7408,138,133,5
7409,182,178,4
7410,256,253,3
7411,88,87,1
7412,198,195,3
7413,83,79,4
7414,169,163,6
7415,185,179,6
7416,245,230,15
7417,149,147,2
7418,222,218,4
7419,112,108,4
7420,140,137,3
7421,264,263,1
7422,211,202,9
7423,317,314,3
7424,252,248,4
7425,145,145,0
7426,145,144,1
7427,212,212,0
7428,149,149,0
7429,170,167,3
7430,103,101,2
7431,158,152,6
7432,89,89,0
7433,136,135,1
7434,145,145,0
7435,143,140,3
7436,122,121,1
7437,139,139,0
7438,158,156,2
7439,998,993,5
7440,274,267,7
7441,332,328,4
7442,329,323,6
7443,148,148,0
7444,212,210,2
7445,196,191,5
7446,421,412,9
7447,54,53,1
7448,285,284,1
7449,216,207,9
7450,216,210,6
7451,52,50,2
7452,388,383,5
7453,194,188,6
7454,135,133,2
7455,158,157,1
7456,346,338,8
7457,81,76,5
7458,127,125,2
7459,142,138,4
7460,121,117,4
7461,81,77,4
7462,121,120,1
7463,158,158,0
7464,143,143,0
7465,142,139,3
7466,185,181,4
7467,127,126,1
7468,234,233,1
7469,99,98,1
7470,105,105,0
7471,131,126,5
7472,208,208,0
7473,115,113,2
7474,336,324,12
7475,306,301,5
7476,134,131,3
7477,157,154,3
7478,217,216,1
7479,274,268,6
7480,75,73,2
7481,102,102,0
7482,320,319,1
7483,239,238,1
7484,421,420,1
7485,199,199,0
7486,650,641,9
7487,110,109,1
7488,113,113,0
7489,153,151,2
7490,191,187,4
7491,151,147,4
7492,660,648,12
7493,249,240,9
7494,127,124,3
7495,111,111,0
7496,115,108,7
7497,132,128,4
7498,155,155,0
7499,141,140,1
7500,234,231,3
7501,135,132,3
7502,276,273,3
7503,119,119,0
7504,99,97,2
7505,252,247,5
7506,173,173,0
7507,156,152,4
7508,99,99,0
7509,89,89,0
7510,250,246,4
7511,103,103,0
7512,149,144,5
7513,136,133,3
7514,330,325,5
7515,234,233,1
7516,171,170,1
7517,45,45,0
7518,172,170,2
7519,111,110,1
7520,260,255,5
7521,186,182,4
7522,164,161,3
7523,129,126,3
7524,299,294,5
7525,1013,989,24
7526,155,152,3
7527,240,234,6
7528,519,504,15
7529,76,76,0
7530,216,210,6
7531,304,294,10
7532,221,214,7
7533,201,195,6
7534,625,614,11
7535,51,51,0
7536,42,41,1
7537,79,76,3
7538,139,134,5
7539,250,247,3
7540,593,575,18
7541,290,284,6
7542,90,88,2
7543,96,94,2
7544,72,69,3
7545,145,138,7
7546,265,257,8
7547,346,337,9
7548,143,137,6
7549,417,411,6
7550,161,158,3
7551,162,158,4
7552,72,72,0
7553,131,131,0
7554,35,35,0
7555,126,124,2
7556,57,57,0
7557,132,130,2
7558,109,106,3
7559,51,50,1
7560,56,56,0
7561,46,46,0
7562,152,148,4
7563,104,102,2
7564,310,307,3
7565,258,257,1
7566,315,309,6
7567,180,178,2
7568,360,355,5
7569,166,164,2
7570,552,536,16
7571,253,252,1
7572,161,158,3
7573,131,130,1
7574,787,760,27
7575,331,314,17
7576,107,107,0
7577,217,210,7
7578,73,73,0
7579,195,195,0
7580,94,91,3
7581,113,113,0
7582,188,186,2
7583,139,137,2
7584,92,91,1
7585,321,319,2
7586,229,224,5
7587,174,168,6
7588,95,94,1
7589,156,149,7
7590,354,348,6
7591,128,125,3
7592,157,156,1
7593,106,106,0
7594,102,102,0
7595,162,162,0
7596,194,193,1
7597,149,147,2
7598,355,347,8
7599,298,287,11
7600,262,257,5
7601,176,175,1
7602,346,341,5
7603,613,589,24
7604,681,654,27
7605,199,192,7
7606,94,92,2
7607,121,120,1
7608,463,456,7
7609,86,86,0
7610,142,141,1
7611,450,443,7
7612,68,67,1
7613,112,112,0
7614,122,118,4
7615,54,53,1
7616,43,42,1
7617,211,208,3
7618,158,153,5
7619,243,240,3
7620,91,91,0
7621,120,119,1
7622,34,30,4
7623,715,702,13
7624,167,164,3
7625,205,202,3
7626,458,448,10
7627,209,209,0
7628,377,368,9
7629,121,120,1
7630,330,316,14
7631,748,706,42
7632,114,113,1
7633,331,322,9
7634,471,467,4
7635,239,235,4
7636,409,407,2
7637,247,246,1
7638,64,64,0
7639,63,63,0
7640,118,118,0
7641,107,106,1
7642,60,60,0
7643,184,184,0
7644,158,157,1
7645,138,136,2
7646,242,238,4
7647,443,441,2
7648,91,91,0
7649,529,523,6
7650,233,224,9
7651,61,60,1
7652,74,72,2
7653,172,171,1
7654,257,243,14
7655,114,111,3
7656,61,61,0
7657,598,579,19
7658,517,509,8
7659,391,390,1
7660,122,120,2
7661,444,433,11
7662,943,925,18
7663,141,139,2
7664,159,157,2
7665,238,236,2
7666,703,695,8
7667,224,220,4
7668,993,962,31
7669,923,905,18
7670,620,606,14
7671,159,155,4
7672,588,576,12
7673,285,282,3
7674,104,102,2
7675,123,122,1
7676,119,119,0
7677,159,158,1
7678,56,55,1
7679,36,31,5
7680,474,462,12
7681,78,78,0
7682,147,144,3
7683,86,84,2
7684,38,38,0
7685,49,48,1
7686,40,38,2
7687,209,209,0
7688,227,224,3
7689,161,153,8
7690,467,458,9
7691,201,200,1
7692,413,408,5
7693,232,225,7
7694,131,129,2
7695,176,171,5
7696,125,125,0
7697,120,119,1
7698,328,326,2
7699,401,393,8
7700,116,115,1
7701,266,258,8
7702,260,260,0
7703,89,85,4
7704,144,138,6
7705,232,229,3
7706,219,218,1
7707,584,576,8
7708,259,255,4
7709,203,199,4
7710,564,548,16
7711,113,112,1
7712,176,175,1
7713,192,182,10
7714,305,300,5
7715,147,144,3
7716,242,239,3
7717,433,430,3
7718,556,543,13
7719,402,387,15
7720,119,117,2
7721,155,153,2
7722,135,132,3
7723,212,212,0
7724,423,417,6
7725,213,212,1
7726,287,284,3
7727,487,481,6
7728,124,122,2
7729,89,86,3
7730,270,259,11
7731,254,240,14
7732,56,55,1
7733,146,145,1
7734,42,42,0
7735,29,29,0
7736,54,53,1
7737,63,63,0
7738,85,83,2
7739,67,66,1
7740,52,50,2
7741,127,126,1
7742,189,187,2
7743,164,163,1
7744,145,144,1
7745,531,527,4
7746,279,277,2
7747,390,384,6
7748,499,495,4
7749,139,138,1
7750,618,614,4
7751,343,336,7
7752,302,301,1
7753,112,112,0
7754,219,217,2
7755,522,521,1
7756,62,61,1
7757,135,134,1
7758,133,132,1
7759,121,120,1
7760,121,119,2
7761,199,190,9
7762,408,402,6
7763,594,588,6
7764,202,198,4
7765,147,143,4
7766,54,54,0
7767,186,180,6
7768,157,155,2
7769,109,107,2
7770,137,137,0
7771,165,162,3
7772,100,99,1
7773,131,130,1
7774,182,181,1
7775,110,107,3
7776,169,167,2
7777,122,121,1
7778,81,79,2
7779,63,61,2
7780,145,141,4
7781,118,118,0
7782,99,95,4
7783,152,149,3
7784,141,139,2
7785,181,181,0
7786,131,128,3
7787,177,176,1
7788,96,95,1
7789,117,111,6
7790,56,55,1
7791,202,193,9
7792,160,158,2
7793,162,162,0
7794,57,56,1
7795,150,147,3
7796,114,113,1
7797,163,162,1
7798,149,145,4
7799,87,80,7
7800,129,121,8
7801,169,160,9
7802,61,61,0
7803,168,163,5
7804,282,280,2
7805,194,194,0
7806,521,513,8
7807,361,358,3
7808,87,87,0
7809,50,49,1
7810,152,150,2
7811,616,612,4
7812,223,217,6
7813,304,297,7
7814,160,156,4
7815,200,194,6
7816,218,217,1
7817,203,199,4
7818,202,200,2
7819,371,369,2
7820,411,408,3
7821,202,202,0
7822,158,156,2
7823,61,61,0
7824,283,283,0
7825,206,205,1
7826,461,453,8
7827,166,166,0
7828,300,287,13
7829,152,149,3
7830,560,556,4
7831,328,325,3
7832,158,156,2
7833,215,214,1
7834,197,195,2
7835,140,139,1
7836,300,298,2
7837,251,250,1
7838,138,138,0
7839,180,180,0
7840,144,144,0
7841,137,136,1
7842,115,114,1
7843,340,334,6
7844,475,467,8
7845,271,264,7
7846,261,255,6
7847,41,38,3
7848,109,108,1
7849,586,577,9
7850,137,136,1
7851,394,380,14
7852,256,251,5
7853,75,75,0
7854,105,104,1
7855,129,121,8
7856,139,138,1
7857,156,156,0
7858,313,308,5
7859,858,840,18
7860,576,571,5
7861,156,155,1
7862,183,183,0
7863,650,634,16
7864,175,175,0
7865,1003,996,7
7866,289,289,0
7867,171,170,1
7868,160,156,4
7869,305,299,6
7870,340,331,9
7871,220,217,3
7872,266,255,11
7873,187,187,0
7874,153,153,0
7875,128,125,3
7876,125,125,0
7877,203,203,0
7878,180,174,6
7879,215,215,0
7880,169,168,1
7881,134,131,3
7882,197,196,1
7883,1001,996,5
7884,198,197,1
7885,105,103,2
7886,63,63,0
7887,131,130,1
7888,90,89,1
7889,239,236,3
7890,337,334,3
7891,234,232,2
7892,140,140,0
7893,333,328,5
7894,334,332,2
7895,235,233,2
7896,203,202,1
7897,728,719,9
7898,229,227,2
7899,137,136,1
7900,579,572,7
7901,347,338,9
7902,81,79,2
7903,226,223,3
7904,180,177,3
7905,211,210,1
7906,165,163,2
7907,506,486,20
7908,1013,999,14
7909,145,143,2
7910,142,140,2
7911,53,51,2
7912,104,103,1
7913,68,65,3
7914,171,171,0
7915,597,588,9
7916,279,276,3
7917,187,175,12
7918,364,359,5
7919,303,298,5
7920,204,202,2
7921,300,298,2
7922,41,40,1
7923,112,102,10
7924,219,219,0
7925,480,472,8
7926,406,401,5
7927,155,154,1
7928,172,170,2
7929,123,120,3
7930,677,672,5
7931,226,213,13
7932,115,112,3
7933,139,139,0
7934,708,698,10
7935,130,129,1
7936,641,634,7
7937,449,444,5
7938,791,783,8
7939,83,82,1
7940,445,432,13
7941,221,220,1
7942,134,133,1
7943,104,102,2
7944,262,262,0
7945,127,123,4
7946,267,262,5
7947,159,157,2
7948,141,136,5
7949,137,134,3
7950,357,347,10
7951,288,285,3
7952,114,110,4
7953,239,237,2
7954,374,371,3
7955,123,122,1
7956,112,111,1
7957,238,233,5
7958,48,48,0
7959,60,60,0
7960,235,233,2
7961,281,273,8
7962,734,724,10
7963,231,230,1
7964,117,115,2
7965,91,90,1
7966,315,310,5
7967,318,315,3
7968,143,143,0
7969,76,76,0
7970,210,209,1
7971,384,378,6
7972,231,231,0
7973,132,132,0
7974,492,485,7
7975,56,53,3
7976,190,185,5
7977,362,352,10
7978,175,168,7
7979,312,302,10
7980,383,378,5
7981,269,265,4
7982,229,223,6
7983,604,594,10
7984,140,140,0
7985,123,122,1
7986,130,127,3
7987,108,107,1
7988,42,38,4
7989,253,248,5
7990,133,131,2
7991,176,174,2
7992,133,120,13
7993,138,137,1
7994,230,224,6
7995,127,122,5
7996,106,101,5
7997,151,148,3
7998,684,677,7
7999,169,164,5
8000,126,118,8
8001,251,243,8
8002,312,299,13
8003,146,142,4
8004,187,187,0
8005,225,215,10
8006,173,170,3
8007,447,435,12
8008,122,120,2
8009,214,210,4
8010,168,167,1
8011,96,92,4
8012,217,209,8
8013,176,174,2
8014,141,138,3
8015,606,591,15
8016,152,148,4
8017,150,149,1
8018,167,150,17
8019,141,140,1
8020,120,117,3
8021,404,379,25
8022,108,104,4
8023,258,249,9
8024,349,343,6
8025,557,544,13
8026,42,42,0
8027,176,173,3
8028,1004,960,44
8029,59,55,4
8030,974,941,33
8031,113,106,7
8032,124,120,4
8033,207,204,3
8034,120,118,2
8035,273,267,6
8036,124,120,4
8037,161,160,1
8038,108,106,2
8039,131,130,1
8040,119,118,1
8041,159,157,2
8042,143,140,3
8043,127,124,3
8044,231,230,1
8045,133,128,5
8046,138,135,3
8047,154,151,3
8048,169,166,3
8049,61,61,0
8050,193,187,6
8051,143,141,2
8052,110,108,2
8053,471,464,7
8054,204,199,5
8055,151,151,0
8056,123,120,3
8057,610,592,18
8058,124,120,4
8059,470,459,11
8060,545,529,16
8061,519,510,9
8062,215,213,2
8063,131,129,2
8064,393,385,8
8065,301,296,5
8066,260,252,8
8067,132,130,2
8068,308,302,6
8069,275,268,7
8070,217,206,11
8071,160,160,0
8072,188,185,3
8073,111,111,0
8074,158,158,0
8075,142,140,2
8076,119,117,2
8077,150,148,2
8078,142,141,1
8079,65,64,1
8080,118,117,1
8081,160,156,4
8082,97,96,1
8083,57,57,0
8084,126,125,1
8085,277,276,1
8086,119,119,0
8087,80,80,0
8088,173,166,7
8089,157,155,2
8090,155,154,1
8091,818,796,22
8092,437,435,2
8093,726,718,8
8094,138,138,0
8095,245,241,4
8096,606,594,12
8097,209,203,6
8098,40,39,1
8099,243,240,3
8100,128,127,1
8101,48,45,3
8102,227,219,8
8103,75,73,2
8104,74,72,2
8105,231,229,2
8106,358,353,5
8107,88,88,0
8108,146,141,5
8109,242,238,4
8110,166,161,5
8111,231,226,5
8112,83,83,0
8113,170,167,3
8114,146,145,1
8115,130,129,1
8116,131,128,3
8117,779,773,6
8118,360,356,4
8119,238,230,8
8120,116,113,3
8121,293,285,8
8122,70,70,0
8123,266,260,6
8124,103,100,3
8125,123,123,0
8126,111,111,0
8127,420,406,14
8128,142,141,1
8129,123,123,0
8130,70,67,3
8131,119,119,0
8132,348,340,8
8133,66,66,0
8134,485,477,8
8135,391,385,6
8136,132,128,4
8137,298,296,2
8138,145,144,1
8139,139,139,0
8140,184,179,5
8141,860,835,25
8142,570,563,7
8143,225,207,18
8144,133,122,11
8145,130,127,3
8146,726,712,14
8147,294,290,4
8148,311,305,6
8149,762,752,10
8150,216,205,11
8151,238,234,4
8152,289,284,5
8153,146,142,4
8154,134,127,7
8155,144,139,5
8156,210,207,3
8157,142,140,2
8158,739,726,13
8159,1011,985,26
8160,35,35,0
8161,77,75,2
8162,189,187,2
8163,45,45,0
8164,171,171,0
8165,291,278,13
8166,370,357,13
8167,237,236,1
8168,326,324,2
8169,114,114,0
8170,631,622,9
8171,166,166,0
8172,51,51,0
8173,249,243,6
8174,118,116,2
8175,485,479,6
8176,67,66,1
8177,387,371,16
8178,106,102,4
8179,203,197,6
8180,142,141,1
8181,72,72,0
8182,104,102,2
8183,39,39,0
8184,119,119,0
8185,25,25,0
8186,118,118,0
8187,135,134,1
8188,503,495,8
8189,142,137,5
8190,422,412,10
8191,165,161,4
8192,167,165,2
8193,317,310,7
8194,254,249,5
8195,804,784,20
8196,94,94,0
8197,112,111,1
8198,405,389,16
8199,369,336,33
8200,134,132,2
8201,76,74,2
8202,130,130,0
8203,147,147,0
8204,126,125,1
8205,136,135,1
8206,142,141,1
8207,150,149,1
8208,69,69,0
8209,340,336,4
8210,151,147,4
8211,130,129,1
8212,94,89,5
8213,174,170,4
8214,70,70,0
8215,135,134,1
8216,283,278,5
8217,58,56,2
8218,70,64,6
8219,166,161,5
8220,117,115,2
8221,65,62,3
8222,244,243,1
8223,46,46,0
8224,135,135,0
8225,198,192,6
8226,173,166,7
8227,180,177,3
8228,52,52,0
8229,38,36,2
8230,293,292,1
8231,123,123,0
8232,173,170,3
8233,61,61,0
8234,109,108,1
8235,63,63,0
8236,122,121,1
8237,223,217,6
8238,134,133,1
8239,362,362,0
8240,272,267,5
8241,528,509,19
8242,230,229,1
8243,140,138,2
8244,245,238,7
8245,250,247,3
8246,346,341,5
8247,110,110,0
8248,75,75,0
8249,319,315,4
8250,430,414,16
8251,281,272,9
8252,269,260,9
8253,142,139,3
8254,217,216,1
8255,86,85,1
8256,280,271,9
8257,179,176,3
8258,124,123,1
8259,654,637,17
8260,399,393,6
8261,285,280,5
8262,338,332,6
8263,582,574,8
8264,327,324,3
8265,74,73,1
8266,123,123,0
8267,109,109,0
8268,123,121,2
8269,214,212,2
8270,207,207,0
8271,236,233,3
8272,127,126,1
8273,112,112,0
8274,158,154,4
8275,360,347,13
8276,57,54,3
8277,213,203,10
8278,123,123,0
8279,113,109,4
8280,131,131,0
8281,130,128,2
8282,209,198,11
8283,303,295,8
8284,137,135,2
8285,177,168,9
8286,70,69,1
8287,706,700,6
8288,103,103,0
8289,276,270,6
8290,265,263,2
8291,179,177,2
8292,564,556,8
8293,119,118,1
8294,180,180,0
8295,94,92,2
8296,147,139,8
8297,173,173,0
8298,181,174,7
8299,285,280,5
8300,205,190,15
8301,171,153,18
8302,82,81,1
8303,42,41,1
8304,657,656,1
8305,158,157,1
8306,156,153,3
8307,104,99,5
8308,336,327,9
8309,413,397,16
8310,106,105,1
8311,325,316,9
8312,180,176,4
8313,484,469,15
8314,240,231,9
8315,185,181,4
8316,800,788,12
8317,92,90,2
8318,150,146,4
8319,842,823,19
8320,75,74,1
8321,85,83,2
8322,161,157,4
8323,240,237,3
8324,201,192,9
8325,640,624,16
8326,193,189,4
8327,287,274,13
8328,140,134,6
8329,228,227,1
8330,562,543,19
8331,428,394,34
8332,71,70,1
8333,117,114,3
8334,151,146,5
8335,229,222,7
8336,134,128,6
8337,398,396,2
8338,136,134,2
8339,151,146,5
8340,92,92,0
8341,88,88,0
8342,141,138,3
8343,75,73,2
8344,75,74,1
8345,57,56,1
8346,89,88,1
8347,116,114,2
8348,104,102,2
8349,123,123,0
8350,153,145,8
8351,161,159,2
8352,158,154,4
8353,163,157,6
8354,58,58,0
8355,137,134,3
8356,388,382,6
8357,165,161,4
8358,156,149,7
8359,38,38,0
8360,193,191,2
8361,392,382,10
8362,91,91,0
8363,207,205,2
8364,164,160,4
8365,100,100,0
8366,47,45,2
8367,46,43,3
8368,75,71,4
8369,80,80,0
8370,58,56,2
8371,218,211,7
8372,544,539,5
8373,73,72,1
8374,21,21,0
8375,79,77,2
8376,91,89,2
8377,222,216,6
8378,101,100,1
8379,161,159,2
8380,122,119,3
8381,123,119,4
8382,57,57,0
8383,107,106,1
8384,111,109,2
8385,228,223,5
8386,465,451,14
8387,177,175,2
8388,154,154,0
8389,271,270,1
8390,451,442,9
8391,469,453,16
8392,202,197,5
8393,107,103,4
8394,103,99,4
8395,198,192,6
8396,249,237,12
8397,203,199,4
8398,115,111,4
8399,314,309,5
8400,150,149,1
8401,176,173,3
8402,611,593,18
8403,151,146,5
8404,134,130,4
8405,179,175,4
8406,223,222,1
8407,268,260,8
8408,668,645,23
8409,158,156,2
8410,134,134,0
8411,129,127,2
8412,141,139,2
8413,101,100,1
8414,449,444,5
8415,142,140,2
8416,177,173,4
8417,417,410,7
8418,590,571,19
8419,76,75,1
8420,125,121,4
8421,210,209,1
8422,122,113,9
8423,219,217,2
8424,122,121,1
8425,278,276,2
8426,728,711,17
8427,124,120,4
8428,146,142,4
8429,197,194,3
8430,447,444,3
8431,160,155,5
8432,216,214,2
8433,167,166,1
8434,144,143,1
8435,208,204,4
8436,152,147,5
8437,109,108,1
8438,268,263,5
8439,207,200,7
8440,115,112,3
8441,320,318,2
8442,289,286,3
8443,162,159,3
8444,219,215,4
8445,92,91,1
8446,90,89,1
8447,165,164,1
8448,49,49,0
8449,64,64,0
8450,158,153,5
8451,86,86,0
8452,96,93,3
8453,50,47,3
8454,282,279,3
8455,123,119,4
8456,119,112,7
8457,600,592,8
8458,38,38,0
8459,174,174,0
8460,109,108,1
8461,109,106,3
8462,187,179,8
8463,119,114,5
8464,156,156,0
8465,50,49,1
8466,379,365,14
8467,267,267,0
8468,156,152,4
8469,125,125,0
8470,192,189,3
8471,175,173,2
8472,151,139,12
8473,152,150,2
8474,229,213,16
8475,298,294,4
8476,915,897,18
8477,199,191,8
8478,191,185,6
8479,156,154,2
8480,182,172,10
8481,137,133,4
8482,194,191,3
8483,129,125,4
8484,150,150,0
8485,145,143,2
8486,192,180,12
8487,136,133,3
8488,154,151,3
8489,190,186,4
8490,146,144,2
8491,150,145,5
8492,131,129,2
8493,156,149,7
8494,296,293,3
8495,400,388,12
8496,121,121,0
8497,126,124,2
8498,393,390,3
8499,122,121,1
8500,136,133,3
8501,120,118,2
8502,146,143,3
8503,132,129,3
8504,141,140,1
8505,140,138,2
8506,137,136,1
8507,196,190,6
8508,246,239,7
8509,151,148,3
8510,509,494,15
8511,81,81,0
8512,269,262,7
8513,201,197,4
8514,149,149,0
8515,393,393,0
8516,352,337,15
8517,370,365,5
8518,415,401,14
8519,178,172,6
8520,202,198,4
8521,353,352,1
8522,341,315,26
8523,851,819,32
8524,152,150,2
8525,180,177,3
8526,569,550,19
8527,234,223,11
8528,172,163,9
8529,202,198,4
8530,133,127,6
8531,238,235,3
8532,83,82,1
8533,212,208,4
8534,116,115,1
8535,345,343,2
8536,249,244,5
8537,161,156,5
8538,160,158,2
8539,126,123,3
8540,137,134,3
8541,519,509,10
8542,388,380,8
8543,257,253,4
8544,242,229,13
8545,251,249,2
8546,196,193,3
8547,340,332,8
8548,178,178,0
8549,150,149,1
8550,34,33,1
8551,359,354,5
8552,122,120,2
8553,132,126,6
8554,67,62,5
8555,130,127,3
8556,177,173,4
8557,117,116,1
8558,145,139,6
8559,263,254,9
8560,163,159,4
8561,40,39,1
8562,175,174,1
8563,404,394,10
8564,206,197,9
8565,66,64,2
8566,513,508,5
8567,271,268,3
8568,356,346,10
8569,158,154,4
8570,158,153,5
8571,329,320,9
8572,58,53,5
8573,338,331,7
8574,175,167,8
8575,144,139,5
8576,138,134,4
8577,256,250,6
8578,175,172,3
8579,531,524,7
8580,707,690,17
8581,168,166,2
8582,169,168,1
8583,249,246,3
8584,559,553,6
8585,246,242,4
8586,288,283,5
8587,148,146,2
8588,46,45,1
8589,175,172,3
8590,426,423,3
8591,322,319,3
8592,280,275,5
8593,669,645,24
8594,228,217,11
8595,534,525,9
8596,404,388,16
8597,302,298,4
8598,293,289,4
8599,147,145,2
8600,161,161,0
8601,316,309,7
8602,203,196,7
8603,120,120,0
8604,333,331,2
8605,140,140,0
8606,104,98,6
8607,104,98,6
8608,35,33,2
8609,953,940,13
8610,144,144,0
8611,119,115,4
8612,92,88,4
8613,184,182,2
8614,121,120,1
8615,60,58,2
8616,361,355,6
8617,364,352,12
8618,171,167,4
8619,50,50,0
8620,253,251,2
8621,150,149,1
8622,103,103,0
8623,136,130,6
8624,113,112,1
8625,206,204,2
8626,104,103,1
8627,155,155,0
8628,288,281,7
8629,168,166,2
8630,253,250,3
8631,52,48,4
8632,133,133,0
8633,197,191,6
8634,551,541,10
8635,148,144,4
8636,139,136,3
8637,180,178,2
8638,56,55,1
8639,104,103,1
8640,179,179,0
8641,116,115,1
8642,161,158,3
8643,115,114,1
8644,147,144,3
8645,300,295,5
8646,208,206,2
8647,191,189,2
8648,130,130,0
8649,162,162,0
8650,176,175,1
8651,121,121,0
8652,399,390,9
8653,353,331,22
8654,75,75,0
8655,519,507,12
8656,847,825,22
8657,103,100,3
8658,208,203,5
8659,493,483,10
8660,316,315,1
8661,144,137,7
8662,117,114,3
8663,184,180,4
8664,154,150,4
8665,230,229,1
8666,114,110,4
8667,402,396,6
8668,180,172,8
8669,104,100,4
8670,186,184,2
8671,148,146,2
8672,122,120,2
8673,60,60,0
8674,99,97,2
8675,358,345,13
8676,73,72,1
8677,132,130,2
8678,67,65,2
8679,140,139,1
8680,253,246,7
8681,97,97,0
8682,233,231,2
8683,334,328,6
8684,151,144,7
8685,88,86,2
8686,140,134,6
8687,436,424,12
8688,294,291,3
8689,140,137,3
8690,186,182,4
8691,329,320,9
8692,233,222,11
8693,138,138,0
8694,120,120,0
8695,130,129,1
8696,120,110,10
8697,187,183,4
8698,102,101,1
8699,139,137,2
8700,163,163,0
8701,127,125,2
8702,558,555,3
8703,182,178,4
8704,137,137,0
8705,171,166,5
8706,255,247,8
8707,167,164,3
8708,147,145,2
8709,837,822,15
8710,187,178,9
8711,240,234,6
8712,214,205,9
8713,149,148,1
8714,195,193,2
8715,142,138,4
8716,230,223,7
8717,164,159,5
8718,166,165,1
8719,109,107,2
8720,153,151,2
8721,134,134,0
8722,133,132,1
8723,235,221,14
8724,876,870,6
8725,180,175,5
8726,451,444,7
8727,844,803,41
8728,156,145,11
8729,200,198,2
8730,61,60,1
8731,107,105,2
8732,173,173,0
8733,323,304,19
8734,209,209,0
8735,311,308,3
8736,338,332,6
8737,581,575,6
8738,104,104,0
8739,224,220,4
8740,233,230,3
8741,357,351,6
8742,244,241,3
8743,140,135,5
8744,172,172,0
8745,157,154,3
8746,446,438,8
8747,433,415,18
8748,137,136,1
8749,174,171,3
8750,226,223,3
8751,323,318,5
8752,58,57,1
8753,117,116,1
8754,623,611,12
8755,104,103,1
8756,848,832,16
8757,172,172,0
8758,227,226,1
8759,125,121,4
8760,526,517,9
8761,294,294,0
8762,183,182,1
8763,215,214,1
8764,425,415,10
8765,153,151,2
8766,131,129,2
8767,257,251,6
8768,180,180,0
8769,532,525,7
8770,161,159,2
8771,620,603,17
8772,261,255,6
8773,226,222,4
8774,137,137,0
8775,118,115,3
8776,135,128,7
8777,249,244,5
8778,190,188,2
8779,154,153,1
8780,626,615,11
8781,138,135,3
8782,288,283,5
8783,331,322,9
8784,145,145,0
8785,181,176,5
8786,482,477,5
8787,316,312,4
8788,306,306,0
8789,209,204,5
8790,663,656,7
8791,170,168,2
8792,629,615,14
8793,169,168,1
8794,191,187,4
8795,77,74,3
8796,44,44,0
8797,205,200,5
8798,419,404,15
8799,98,98,0
8800,134,132,2
8801,85,85,0
8802,128,127,1
8803,144,143,1
8804,542,541,1
8805,62,62,0
8806,69,66,3
8807,176,175,1
8808,875,869,6
8809,142,142,0
8810,124,124,0
8811,123,123,0
8812,156,154,2
8813,174,169,5
8814,357,352,5
8815,538,529,9
8816,101,100,1
8817,129,129,0
8818,130,129,1
8819,156,156,0
8820,323,316,7
8821,185,182,3
8822,227,227,0
8823,189,184,5
8824,955,941,14
8825,401,398,3
8826,227,224,3
8827,194,193,1
8828,122,119,3
8829,20,16,4
8830,42,41,1
8831,183,178,5
8832,120,120,0
8833,65,63,2
8834,179,174,5
8835,542,526,16
8836,41,41,0
8837,175,168,7
8838,184,183,1
8839,134,133,1
8840,63,63,0
8841,154,152,2
8842,538,533,5
8843,301,294,7
8844,192,188,4
8845,329,323,6
8846,581,563,18
8847,861,845,16
8848,205,200,5
8849,967,938,29
8850,303,288,15
8851,256,251,5
8852,1019,992,27
8853,478,463,15
8854,227,222,5
8855,424,417,7
8856,521,505,16
8857,862,830,32
8858,305,303,2
8859,470,469,1
8860,669,647,22
8861,134,134,0
8862,135,134,1
8863,143,142,1
8864,124,120,4
8865,121,117,4
8866,248,246,2
8867,164,160,4
8868,199,196,3
8869,61,61,0
8870,56,55,1
8871,45,45,0
8872,184,181,3
8873,105,99,6
8874,100,98,2
8875,163,160,3
8876,470,460,10
8877,171,171,0
8878,139,138,1
8879,105,104,1
8880,521,510,11
8881,248,240,8
8882,570,554,16
8883,139,139,0
8884,117,114,3
8885,365,352,13
8886,156,155,1
8887,146,142,4
8888,121,121,0
8889,226,223,3
8890,183,179,4
8891,336,325,11
8892,88,85,3
8893,304,294,10
8894,193,187,6
8895,115,113,2
8896,366,358,8
8897,143,140,3
8898,298,288,10
8899,84,84,0
8900,74,68,6
8901,76,70,6
8902,100,100,0
8903,95,95,0
8904,137,132,5
8905,305,301,4
8906,138,136,2
8907,111,109,2
8908,65,65,0
8909,332,322,10
8910,384,374,10
8911,172,168,4
8912,133,132,1
8913,231,229,2
8914,364,349,15
8915,152,152,0
8916,99,99,0
8917,218,215,3
8918,366,364,2
8919,88,87,1
8920,118,117,1
8921,112,112,0
8922,228,225,3
8923,245,241,4
8924,146,145,1
8925,560,549,11
8926,109,107,2
8927,142,142,0
8928,366,364,2
8929,140,139,1
8930,272,270,2
8931,402,391,11
8932,306,299,7
8933,87,85,2
8934,63,63,0
8935,116,115,1
8936,72,72,0
8937,61,61,0
8938,226,221,5
8939,186,184,2
8940,205,204,1
8941,163,162,1
8942,149,146,3
8943,120,120,0
8944,185,184,1
8945,286,282,4
8946,125,125,0
8947,456,452,4
8948,208,208,0
8949,124,124,0
8950,561,553,8
8951,207,206,1
8952,202,194,8
8953,369,364,5
8954,165,164,1
8955,179,178,1
8956,168,165,3
8957,111,105,6
8958,56,56,0
8959,92,92,0
8960,189,189,0
8961,183,183,0
8962,122,119,3
8963,194,193,1
8964,165,165,0
8965,80,76,4
8966,117,115,2
8967,185,185,0
8968,554,552,2
8969,132,129,3
8970,143,137,6
8971,54,54,0
8972,104,103,1
8973,169,166,3
8974,120,120,0
8975,215,213,2
8976,377,364,13
8977,145,145,0
8978,211,204,7
8979,83,80,3
8980,73,71,2
8981,59,59,0
8982,90,83,7
8983,61,61,0
8984,172,171,1
8985,44,43,1
8986,404,396,8
8987,195,191,4
8988,128,124,4
8989,61,60,1
8990,132,130,2
8991,114,113,1
8992,107,105,2
8993,137,135,2
8994,60,59,1
8995,111,106,5
8996,170,165,5
8997,153,151,2
8998,167,166,1
8999,201,194,7
9000,267,254,13
9001,129,125,4
9002,100,98,2
9003,133,130,3
9004,133,131,2
9005,91,89,2
9006,72,70,2
9007,526,501,25
9008,331,325,6
9009,123,119,4
9010,208,207,1
9011,92,87,5
9012,172,171,1
9013,118,117,1
9014,218,213,5
9015,193,188,5
9016,135,133,2
9017,719,711,8
9018,60,60,0
9019,400,395,5
9020,103,97,6
9021,217,212,5
9022,243,242,1
9023,196,194,2
9024,505,498,7
9025,151,145,6
9026,245,240,5
9027,197,194,3
9028,373,357,16
9029,143,142,1
9030,313,300,13
9031,54,54,0
9032,139,134,5
9033,112,111,1
9034,140,138,2
9035,97,97,0
9036,165,162,3
9037,582,576,6
9038,149,147,2
9039,135,134,1
9040,257,255,2
9041,127,125,2
9042,139,139,0
9043,149,149,0
9044,172,170,2
9045,289,286,3
9046,866,839,27
9047,298,295,3
9048,728,721,7
9049,202,200,2
9050,115,105,10
9051,120,118,2
9052,165,163,2
9053,159,158,1
9054,66,66,0
9055,204,202,2
9056,357,345,12
9057,132,131,1
9058,692,678,14
9059,319,316,3
9060,193,192,1
9061,215,208,7
9062,308,308,0
9063,265,264,1
9064,242,235,7
9065,131,127,4
9066,422,418,4
9067,66,65,1
9068,749,740,9
9069,484,478,6
9070,119,119,0
9071,169,163,6
9072,78,78,0
9073,72,71,1
9074,213,207,6
9075,147,139,8
9076,851,847,4
9077,182,182,0
9078,158,158,0
9079,196,192,4
9080,127,124,3
9081,119,117,2
9082,60,59,1
9083,125,123,2
9084,119,116,3
9085,172,169,3
9086,288,283,5
9087,419,414,5
9088,127,124,3
9089,124,124,0
9090,135,132,3
9091,236,230,6
9092,310,308,2
9093,675,672,3
9094,304,300,4
9095,624,617,7
9096,326,301,25
9097,111,109,2
9098,238,237,1
9099,238,230,8
9100,305,303,2
9101,203,201,2
9102,194,191,3
9103,949,946,3
9104,466,445,21
9105,837,818,19
9106,318,310,8
9107,252,248,4
9108,139,136,3
9109,132,131,1
9110,81,80,1
9111,124,123,1
9112,245,239,6
9113,138,137,1
9114,134,132,2
9115,162,158,4
9116,376,369,7
9117,101,97,4
9118,41,39,2
9119,113,112,1
9120,126,126,0
9121,77,75,2
9122,171,170,1
9123,44,43,1
9124,216,183,33
9125,153,148,5
9126,252,239,13
9127,94,90,4
9128,193,179,14
9129,136,128,8
9130,248,235,13
9131,149,149,0
9132,47,47,0
9133,285,283,2
9134,429,427,2
9135,573,562,11
9136,312,304,8
9137,123,123,0
9138,657,653,4
9139,81,81,0
9140,136,136,0
9141,97,96,1
9142,44,44,0
9143,130,130,0
9144,63,62,1
9145,561,557,4
9146,198,195,3
9147,432,429,3
9148,112,111,1
9149,165,164,1
9150,145,143,2
9151,494,491,3
9152,96,96,0
9153,72,70,2
9154,138,137,1
9155,289,286,3
9156,677,661,16
9157,77,73,4
9158,131,131,0
9159,147,143,4
9160,149,148,1
9161,124,122,2
9162,308,304,4
9163,580,575,5
9164,175,169,6
9165,81,79,2
9166,133,132,1
9167,477,473,4
9168,212,210,2
9169,460,457,3
9170,117,117,0
9171,577,568,9
9172,112,112,0
9173,290,289,1
9174,164,161,3
9175,234,232,2
9176,186,183,3
9177,360,350,10
9178,430,423,7
9179,138,138,0
9180,215,213,2
9181,206,203,3
9182,213,209,4
9183,148,145,3
9184,201,201,0
9185,129,129,0
9186,210,210,0
9187,143,143,0
9188,133,130,3
9189,169,168,1
9190,234,234,0
9191,114,113,1
9192,124,117,7
9193,297,294,3
9194,162,162,0
9195,111,109,2
9196,141,140,1
9197,148,146,2
9198,287,285,2
9199,287,284,3
9200,152,152,0
9201,136,134,2
9202,410,405,5
9203,464,454,10
9204,193,193,0
9205,225,220,5
9206,201,196,5
9207,258,250,8
9208,141,137,4
9209,121,120,1
9210,194,193,1
9211,123,116,7
9212,156,150,6
9213,138,135,3
9214,164,157,7
9215,128,124,4
9216,106,105,1
9217,148,146,2
9218,130,130,0
9219,140,137,3
9220,168,168,0
9221,609,595,14
9222,440,431,9
9223,278,272,6
9224,140,136,4
9225,209,201,8
9226,199,198,1
9227,295,264,31
9228,205,201,4
9229,465,454,11
9230,239,227,12
9231,545,524,21
9232,32,30,2
9233,340,320,20
9234,67,66,1
9235,129,123,6
9236,187,177,10
9237,172,168,4
9238,442,438,4
9239,335,325,10
9240,109,106,3
9241,101,101,0
9242,378,373,5
9243,41,41,0
9244,130,125,5
9245,297,276,21
9246,90,89,1
9247,63,63,0
9248,52,50,2
9249,58,58,0
9250,78,77,1
9251,76,75,1
9252,197,191,6
9253,135,134,1
9254,241,240,1
9255,412,404,8
9256,83,83,0
9257,101,97,4
9258,146,146,0
9259,110,110,0
9260,95,93,2
9261,79,79,0
9262,146,145,1
9263,347,344,3
9264,346,342,4
9265,201,201,0
9266,120,120,0
9267,506,496,10
9268,469,465,4
9269,98,96,2
9270,172,165,7
9271,154,150,4
9272,194,192,2
9273,365,360,5
9274,169,166,3
9275,183,182,1
9276,199,194,5
9277,295,291,4
9278,292,286,6
9279,292,286,6
9280,126,122,4
9281,183,180,3
9282,307,302,5
9283,193,185,8
9284,243,237,6
9285,575,567,8
9286,194,190,4
9287,95,95,0
9288,142,141,1
9289,227,221,6
9290,734,724,10
9291,196,191,5
9292,265,263,2
9293,328,322,6
9294,258,251,7
9295,422,418,4
9296,126,125,1
9297,120,120,0
9298,291,290,1
9299,169,168,1
9300,285,279,6
9301,240,237,3
9302,137,136,1
9303,162,159,3
9304,151,151,0
9305,238,238,0
9306,188,187,1
9307,299,299,0
9308,534,528,6
9309,141,139,2
9310,119,119,0
9311,304,302,2
9312,453,449,4
9313,370,367,3
9314,141,141,0
9315,121,119,2
9316,126,123,3
9317,159,159,0
9318,374,371,3
9319,136,135,1
9320,36,36,0
9321,66,65,1
9322,130,128,2
9323,117,116,1
9324,139,136,3
9325,121,118,3
9326,130,126,4
9327,124,121,3
9328,122,121,1
9329,65,62,3
9330,585,571,14
9331,295,294,1
9332,174,172,2
9333,118,116,2
9334,141,141,0
9335,124,124,0
9336,185,184,1
9337,108,108,0
9338,283,280,3
9339,165,161,4
9340,177,176,1
9341,145,141,4
9342,160,158,2
9343,272,271,1
9344,144,143,1
9345,168,166,2
9346,293,285,8
9347,47,46,1
9348,274,270,4
9349,113,111,2
9350,374,372,2
9351,150,143,7
9352,316,306,10
9353,117,112,5
9354,167,167,0
9355,176,176,0
9356,127,123,4
9357,46,45,1
9358,111,106,5
9359,162,155,7
9360,324,320,4
9361,203,202,1
9362,287,283,4
9363,253,251,2
9364,76,75,1
9365,257,257,0
9366,90,88,2
9367,266,263,3
9368,180,171,9
9369,138,135,3
9370,105,104,1
9371,107,107,0
9372,172,166,6
9373,190,184,6
9374,322,314,8
9375,30,30,0
9376,130,128,2
9377,145,142,3
9378,119,113,6
9379,153,149,4
9380,159,148,11
9381,301,298,3
9382,215,205,10
9383,170,170,0
9384,259,250,9
9385,67,67,0
9386,216,215,1
9387,82,80,2
9388,125,124,1
9389,193,187,6
9390,197,186,11
9391,81,80,1
9392,92,92,0
9393,188,188,0
9394,89,89,0
9395,222,216,6
9396,568,555,13
9397,45,44,1
9398,92,90,2
9399,188,187,1
9400,128,122,6
9401,150,148,2
9402,67,65,2
9403,52,50,2
9404,77,74,3
9405,70,68,2
9406,79,79,0
9407,89,89,0
9408,174,169,5
9409,102,99,3
9410,119,119,0
9411,66,64,2
9412,144,132,12
9413,70,63,7
9414,273,260,13
9415,143,139,4
9416,126,121,5
9417,129,125,4
9418,51,50,1
9419,146,141,5
9420,355,343,12
9421,165,161,4
9422,663,652,11
9423,119,114,5
9424,221,214,7
9425,223,216,7
9426,207,206,1
9427,120,117,3
9428,214,208,6
9429,647,620,27
9430,195,192,3
9431,178,173,5
9432,122,121,1
9433,118,117,1
9434,277,267,10
9435,217,214,3
9436,118,115,3
9437,250,249,1
9438,168,165,3
9439,171,168,3
9440,209,196,13
9441,215,213,2
9442,354,346,8
9443,119,118,1
9444,181,177,4
9445,36,36,0
9446,98,94,4
9447,183,179,4
9448,121,118,3
9449,153,152,1
9450,118,115,3
9451,133,131,2
9452,157,153,4
9453,160,158,2
9454,147,145,2
9455,326,319,7
9456,77,76,1
9457,125,121,4
9458,213,209,4
9459,121,119,2
9460,154,150,4
9461,164,161,3
9462,190,186,4
9463,166,162,4
9464,133,131,2
9465,349,343,6
9466,258,254,4
9467,47,47,0
9468,77,77,0
9469,244,239,5
9470,215,204,11
9471,43,43,0
9472,126,125,1
9473,115,114,1
9474,291,285,6
9475,110,110,0
9476,169,167,2
9477,97,97,0
9478,126,125,1
9479,164,162,2
9480,118,116,2
9481,94,94,0
9482,113,112,1
9483,134,132,2
9484,178,177,1
9485,168,167,1
9486,45,41,4
9487,220,219,1
9488,118,117,1
9489,156,156,0
9490,156,150,6
9491,125,125,0
9492,228,227,1
9493,916,902,14
9494,314,312,2
9495,235,232,3
9496,373,371,2
9497,20,20,0
9498,137,135,2
9499,361,355,6
9500,182,182,0
9501,53,52,1
9502,117,114,3
9503,214,210,4
9504,205,204,1
9505,99,99,0
9506,248,246,2
9507,54,53,1
9508,369,348,21
9509,323,314,9
9510,186,186,0
9511,366,343,23
9512,40,38,2
9513,295,282,13
9514,131,125,6
9515,167,164,3
9516,121,121,0
9517,232,217,15
9518,90,90,0
9519,71,71,0
9520,167,164,3
9521,220,217,3
9522,166,166,0
9523,125,124,1
9524,279,274,5
9525,518,508,10
9526,143,142,1
9527,51,51,0
9528,654,646,8
9529,65,63,2
9530,155,154,1
9531,201,198,3
9532,219,192,27
9533,135,134,1
9534,197,195,2
9535,169,167,2
9536,142,142,0
9537,116,112,4
9538,147,146,1
9539,200,194,6
9540,384,380,4
9541,213,209,4
9542,250,248,2
9543,195,194,1
9544,310,304,6
9545,129,127,2
9546,140,135,5
9547,131,129,2
9548,214,208,6
9549,150,149,1
9550,125,124,1
9551,126,125,1
9552,195,186,9
9553,172,170,2
9554,151,151,0
9555,132,130,2
9556,352,347,5
9557,203,199,4
9558,39,36,3
9559,160,157,3
9560,57,57,0
9561,232,229,3
9562,57,57,0
9563,395,386,9
9564,46,46,0
9565,151,148,3
9566,67,67,0
9567,80,76,4
9568,307,303,4
9569,41,41,0
9570,66,65,1
9571,159,154,5
9572,142,140,2
9573,407,404,3
9574,562,548,14
9575,116,115,1
9576,141,139,2
9577,302,296,6
9578,616,608,8
9579,336,330,6
9580,323,315,8
9581,187,184,3
9582,335,321,14
9583,411,394,17
9584,183,180,3
9585,259,249,10
9586,197,193,4
9587,190,188,2
9588,129,122,7
9589,106,97,9
9590,92,91,1
9591,65,64,1
9592,152,151,1
9593,162,161,1
9594,224,224,0
9595,186,184,2
9596,60,59,1
9597,110,107,3
9598,476,465,11
9599,110,106,4
9600,393,392,1
9601,127,126,1
9602,139,134,5
9603,227,223,4
9604,349,348,1
9605,323,310,13
9606,334,328,6
9607,62,61,1
9608,163,161,2
9609,196,194,2
9610,101,98,3
9611,169,161,8
9612,111,106,5
9613,37,36,1
9614,225,222,3
9615,485,473,12
9616,136,135,1
9617,155,154,1
9618,186,186,0
9619,137,137,0
9620,90,89,1
9621,143,138,5
9622,148,146,2
9623,510,507,3
9624,314,307,7
9625,111,109,2
9626,192,189,3
9627,129,127,2
9628,48,47,1
9629,45,44,1
9630,34,31,3
9631,148,146,2
9632,398,375,23
9633,143,142,1
9634,312,311,1
9635,137,133,4
9636,301,296,5
9637,197,195,2
9638,126,123,3
9639,174,170,4
9640,139,138,1
9641,470,462,8
9642,173,170,3
9643,111,106,5
9644,143,141,2
9645,219,219,0
9646,120,117,3
9647,192,189,3
9648,188,186,2
9649,128,127,1
9650,119,119,0
9651,136,135,1
9652,113,112,1
9653,131,130,1
9654,113,108,5
9655,140,139,1
9656,180,178,2
9657,285,278,7
9658,174,174,0
9659,214,209,5
9660,438,433,5
9661,153,150,3
9662,322,319,3
9663,402,398,4
9664,180,179,1
9665,185,172,13
9666,819,815,4
9667,399,391,8
9668,264,259,5
9669,449,442,7
9670,129,125,4
9671,116,114,2
9672,268,266,2
9673,538,530,8
9674,352,337,15
9675,768,765,3
9676,366,360,6
9677,157,152,5
9678,171,166,5
9679,177,174,3
9680,219,216,3
9681,160,158,2
9682,152,150,2
9683,782,769,13
9684,130,128,2
9685,326,318,8
9686,56,56,0
9687,234,228,6
9688,55,54,1
9689,95,93,2
9690,57,57,0
9691,84,80,4
9692,126,125,1
9693,96,96,0
9694,91,91,0
9695,110,108,2
9696,245,242,3
9697,122,119,3
9698,223,219,4
9699,68,67,1
9700,188,186,2
9701,175,173,2
9702,413,407,6
9703,122,122,0
9704,695,689,6
9705,210,209,1
9706,100,96,4
9707,529,515,14
9708,216,212,4
9709,201,188,13
9710,131,130,1
9711,48,46,2
9712,169,168,1
9713,111,110,1
9714,303,298,5
9715,302,299,3
9716,315,310,5
9717,346,344,2
9718,124,124,0
9719,125,124,1
9720,189,182,7
9721,274,264,10
9722,290,287,3
9723,86,86,0
9724,44,44,0
9725,131,130,1
9726,113,111,2
9727,124,119,5
9728,283,279,4
9729,135,135,0
9730,108,107,1
9731,129,126,3
9732,309,306,3
9733,626,625,1
9734,130,129,1
9735,157,157,0
9736,770,758,12
9737,123,121,2
9738,288,284,4
9739,221,217,4
9740,199,193,6
9741,330,329,1
9742,511,498,13
9743,440,430,10
9744,134,132,2
9745,213,210,3
9746,129,129,0
9747,387,375,12
9748,142,140,2
9749,142,140,2
9750,139,139,0
9751,152,148,4
9752,248,244,4
9753,207,199,8
9754,313,308,5
9755,137,137,0
9756,154,154,0
9757,387,381,6
9758,233,227,6
9759,162,160,2
9760,117,113,4
9761,56,54,2
9762,211,203,8
9763,203,199,4
9764,112,109,3
9765,422,408,14
9766,188,181,7
9767,581,557,24
9768,122,119,3
9769,128,127,1
9770,93,92,1
9771,71,71,0
9772,86,86,0
9773,143,138,5
9774,586,566,20
9775,160,157,3
9776,1733,1665,68
9777,180,179,1
9778,509,493,16
9779,306,303,3
9780,397,383,14
9781,60,59,1
9782,109,108,1
9783,390,374,16
9784,142,141,1
9785,110,108,2
9786,81,78,3
9787,224,220,4
9788,133,130,3
9789,143,143,0
9790,204,203,1
9791,73,72,1
9792,81,78,3
9793,581,571,10
9794,513,508,5
9795,832,826,6
9796,70,69,1
9797,48,48,0
9798,131,128,3
9799,132,132,0
9800,137,137,0
9801,150,144,6
9802,179,177,2
9803,43,43,0
9804,216,213,3
9805,100,95,5
9806,148,147,1
9807,119,117,2
9808,128,128,0
9809,206,201,5
9810,95,94,1
9811,88,88,0
9812,96,96,0
9813,150,150,0
9814,99,99,0
9815,91,89,2
9816,152,151,1
9817,278,274,4
9818,178,176,2
9819,176,175,1
9820,145,139,6
9821,285,284,1
9822,122,117,5
9823,914,898,16
9824,225,220,5
9825,165,161,4
9826,72,72,0
9827,86,84,2
9828,55,55,0
9829,149,145,4
9830,291,285,6
9831,195,191,4
9832,193,190,3
9833,254,248,6
9834,72,71,1
9835,130,125,5
9836,87,83,4
9837,238,237,1
9838,109,109,0
9839,62,62,0
9840,158,156,2
9841,118,116,2
9842,138,138,0
9843,367,363,4
9844,129,129,0
9845,221,218,3
9846,162,162,0
9847,629,608,21
9848,373,368,5
9849,129,126,3
9850,136,134,2
9851,113,113,0
9852,126,124,2
9853,56,56,0
9854,125,122,3
9855,119,118,1
9856,186,184,2
9857,164,164,0
9858,52,51,1
9859,68,68,0
9860,125,123,2
9861,146,146,0
9862,490,482,8
9863,272,266,6
9864,368,367,1
9865,168,165,3
9866,716,685,31
9867,91,90,1
9868,163,162,1
9869,650,620,30
9870,141,138,3
9871,290,281,9
9872,85,84,1
9873,66,66,0
9874,163,160,3
9875,165,163,2
9876,144,141,3
9877,161,161,0
9878,277,275,2
9879,109,102,7
9880,602,591,11
9881,129,124,5
9882,230,217,13
9883,199,192,7
9884,106,105,1
9885,122,118,4
9886,243,236,7
9887,197,189,8
9888,219,213,6
9889,201,198,3
9890,131,131,0
9891,118,118,0
9892,185,185,0
9893,266,260,6
9894,126,123,3
9895,159,156,3
9896,63,57,6
9897,68,67,1
9898,280,277,3
9899,275,258,17
9900,299,292,7
9901,182,177,5
9902,186,184,2
9903,310,287,23
9904,266,260,6
9905,260,249,11
9906,266,262,4
9907,38,38,0
9908,151,145,6
9909,130,128,2
9910,26,26,0
9911,150,149,1
9912,150,149,1
9913,133,133,0
9914,213,212,1
9915,180,178,2
9916,127,125,2
9917,145,144,1
9918,166,162,4
9919,434,433,1
9920,502,489,13
9921,136,134,2
9922,130,130,0
9923,123,122,1
9924,737,722,15
9925,139,136,3
9926,231,228,3
9927,164,164,0
9928,138,138,0
9929,179,179,0
9930,316,310,6
9931,130,129,1
9932,121,120,1
9933,535,525,10
9934,153,153,0
9935,143,139,4
9936,602,593,9
9937,90,85,5
9938,140,137,3
9939,72,72,0
9940,292,288,4
9941,379,368,11
9942,415,404,11
9943,608,591,17
9944,79,77,2
9945,59,58,1
9946,113,111,2
9947,231,229,2
9948,140,140,0
9949,264,261,3
9950,225,220,5
9951,38,37,1
9952,62,60,2
9953,138,137,1
9954,392,383,9
9955,125,121,4
9956,66,64,2
9957,348,342,6
9958,227,225,2
9959,121,116,5
9960,64,63,1
9961,131,131,0
9962,256,255,1
9963,131,130,1
9964,147,147,0
9965,370,363,7
9966,219,217,2
9967,131,131,0
9968,284,278,6
9969,227,219,8
9970,203,195,8
9971,134,128,6
9972,434,421,13
9973,198,190,8
9974,506,500,6
9975,131,127,4
9976,120,120,0
9977,59,58,1
9978,167,159,8
9979,233,228,5
9980,421,412,9
9981,191,189,2
9982,115,110,5
9983,705,677,28
9984,198,194,4
9985,147,135,12
9986,130,124,6
9987,111,109,2
9988,202,195,7
9989,96,95,1
9990,122,117,5
9991,318,302,16
9992,360,351,9
9993,167,156,11
9994,244,240,4
9995,154,154,0
9996,139,137,2
9997,120,118,2
9998,147,145,2
9999,352,340,12
10000,185,182,3
10001,146,143,3
10002,437,423,14
10003,692,670,22
10004,499,470,29
10005,468,445,23
10006,123,120,3
10007,110,108,2
10008,178,171,7
10009,168,162,6
10010,445,415,30
10011,194,189,5
10012,583,577,6
10013,143,137,6
10014,51,50,1
10015,173,169,4
10016,187,186,1
10017,133,128,5
10018,310,302,8
10019,213,211,2
10020,303,289,14
10021,136,132,4
10022,120,117,3
10023,156,153,3
10024,71,71,0
10025,55,55,0
10026,70,70,0
10027,64,64,0
10028,141,138,3
10029,65,65,0
10030,44,43,1
10031,154,150,4
10032,120,119,1
10033,136,134,2
10034,239,229,10
10035,171,169,2
10036,124,119,5
10037,116,115,1
10038,205,185,20
10039,179,165,14
10040,184,176,8
10041,126,110,16
10042,125,120,5
10043,162,155,7
10044,147,139,8
10045,120,120,0
10046,119,118,1
10047,115,112,3
10048,91,77,14
10049,40,39,1
10050,62,62,0
10051,88,88,0
10052,490,464,26
10053,427,409,18
10054,134,134,0
10055,196,190,6
10056,769,725,44
10057,87,85,2
10058,50,50,0
10059,284,249,35
10060,210,196,14
10061,169,155,14
10062,148,139,9
10063,346,325,21
10064,64,64,0
10065,402,389,13
10066,267,241,26
10067,381,335,46
10068,255,250,5
10069,275,273,2
10070,156,156,0
10071,287,286,1
10072,346,341,5
10073,203,197,6
10074,128,127,1
10075,125,123,2
10076,126,124,2
10077,314,302,12
10078,119,116,3
10079,175,170,5
10080,177,168,9
10081,334,320,14
10082,185,183,2
10083,305,297,8
10084,232,231,1
10085,163,162,1
10086,294,293,1
10087,155,153,2
10088,131,128,3
10089,281,259,22
10090,138,134,4
10091,137,134,3
10092,706,696,10
10093,229,228,1
10094,149,147,2
10095,154,153,1
10096,210,207,3
10097,282,280,2
10098,123,114,9
10099,132,120,12
10100,904,884,20
10101,242,239,3
10102,355,351,4
10103,256,255,1
10104,631,622,9
10105,315,308,7
10106,453,438,15
10107,708,685,23
10108,289,287,2
10109,131,130,1
10110,183,179,4
10111,83,83,0
10112,111,108,3
10113,85,84,1
10114,128,128,0
10115,45,45,0
10116,224,223,1
10117,178,172,6
10118,177,173,4
10119,330,326,4
10120,219,212,7
10121,344,333,11
10122,347,339,8
10123,232,231,1
10124,572,559,13
10125,369,361,8
10126,106,104,2
10127,355,351,4
10128,114,110,4
10129,67,67,0
10130,620,607,13
10131,287,284,3
10132,82,82,0
10133,144,143,1
10134,138,138,0
10135,44,44,0
10136,66,61,5
10137,115,109,6
10138,174,172,2
10139,245,243,2
10140,185,178,7
10141,171,166,5
10142,151,149,2
10143,98,96,2
10144,187,183,4
10145,146,143,3
10146,204,201,3
10147,266,261,5
10148,133,130,3
10149,522,512,10
10150,338,332,6
10151,177,173,4
10152,288,280,8
10153,210,207,3
10154,267,264,3
10155,456,453,3
10156,261,255,6
10157,364,360,4
10158,122,121,1
10159,172,171,1
10160,293,287,6
10161,581,574,7
10162,38,38,0
10163,138,135,3
10164,141,139,2
10165,213,201,12
10166,115,112,3
10167,244,239,5
10168,175,175,0
10169,278,263,15
10170,122,121,1
10171,142,139,3
10172,100,98,2
10173,110,109,1
10174,164,160,4
10175,179,177,2
10176,730,721,9
10177,140,140,0
10178,168,163,5
10179,181,175,6
10180,396,391,5
10181,108,104,4
10182,252,251,1
10183,133,132,1
10184,228,227,1
10185,322,319,3
10186,187,184,3
10187,73,73,0
10188,687,682,5
10189,303,298,5
10190,354,351,3
10191,117,115,2
10192,199,198,1
10193,84,84,0
10194,128,127,1
10195,62,59,3
10196,553,535,18
10197,184,180,4
10198,263,263,0
10199,128,128,0
10200,1017,1010,7
10201,435,426,9
10202,99,93,6
10203,167,167,0
10204,749,735,14
10205,171,170,1
10206,127,126,1
10207,119,114,5
10208,122,122,0
10209,180,180,0
10210,195,194,1
10211,146,146,0
10212,204,201,3
10213,217,214,3
10214,192,192,0
10215,130,125,5
10216,211,206,5
10217,270,266,4
10218,369,366,3
10219,138,136,2
10220,172,170,2
10221,140,140,0
10222,159,156,3
10223,217,216,1
10224,171,171,0
10225,57,57,0
10226,249,247,2
10227,62,62,0
10228,140,138,2
10229,91,85,6
10230,122,121,1
10231,73,72,1
10232,544,536,8
10233,198,196,2
10234,113,112,1
10235,476,471,5
10236,170,165,5
10237,581,572,9
10238,488,469,19
10239,368,355,13
10240,289,286,3
10241,318,317,1
10242,613,607,6
10243,271,269,2
10244,128,128,0
10245,304,299,5
10246,290,290,0
10247,192,191,1
10248,136,136,0
10249,124,124,0
10250,140,139,1
10251,317,314,3
10252,389,385,4
10253,83,81,2
10254,426,425,1
10255,366,360,6
10256,385,383,2
10257,217,214,3
10258,700,689,11
10259,473,468,5
10260,119,119,0
10261,190,188,2
10262,311,307,4
10263,550,546,4
10264,78,73,5
10265,482,472,10
10266,727,718,9
10267,314,311,3
10268,380,376,4
10269,323,319,4
10270,231,224,7
10271,541,532,9
10272,603,590,13
10273,199,195,4
10274,114,114,0
10275,45,43,2
10276,123,123,0
10277,179,177,2
10278,367,363,4
10279,159,158,1
10280,1008,997,11
10281,168,164,4
10282,176,172,4
10283,548,543,5
10284,334,331,3
10285,412,403,9
10286,204,203,1
10287,135,133,2
10288,154,151,3
10289,126,124,2
10290,197,195,2
10291,175,163,12
10292,261,252,9
10293,802,797,5
10294,184,178,6
10295,38,38,0
10296,328,323,5
10297,93,90,3
10298,163,161,2
10299,146,143,3
10300,49,49,0
10301,38,38,0
10302,206,203,3
10303,184,181,3
10304,107,107,0
10305,104,104,0
10306,341,334,7
10307,227,222,5
10308,402,389,13
10309,169,169,0
10310,131,129,2
10311,264,263,1
10312,202,196,6
10313,135,133,2
10314,130,125,5
10315,47,47,0
10316,167,167,0
10317,132,132,0
10318,56,56,0
10319,56,56,0
10320,232,228,4
10321,131,129,2
10322,118,117,1
10323,70,69,1
10324,73,71,2
10325,140,137,3
10326,266,264,2
10327,298,295,3
10328,527,514,13
10329,112,110,2
10330,183,174,9
10331,308,303,5
10332,198,195,3
10333,193,190,3
10334,145,139,6
10335,501,497,4
10336,306,306,0
10337,589,571,18
10338,317,307,10
10339,388,382,6
10340,822,799,23
10341,103,102,1
10342,115,108,7
10343,237,232,5
10344,163,161,2
10345,546,538,8
10346,90,90,0
10347,322,317,5
10348,312,312,0
10349,278,273,5
10350,193,191,2
10351,243,243,0
10352,123,122,1
10353,472,459,13
10354,135,135,0
10355,157,156,1
10356,698,672,26
10357,111,111,0
10358,158,158,0
10359,306,296,10
10360,399,387,12
10361,73,71,2
10362,433,431,2
10363,79,77,2
10364,189,185,4
10365,115,115,0
10366,55,55,0
10367,359,350,9
10368,123,120,3
10369,104,104,0
10370,114,112,2
10371,90,87,3
10372,45,42,3
10373,378,365,13
10374,267,260,7
10375,190,189,1
10376,117,115,2
10377,224,220,4
10378,118,117,1
10379,167,166,1
10380,112,110,2
10381,237,224,13
10382,135,134,1
10383,153,151,2
10384,129,126,3
10385,676,662,14
10386,122,117,5
10387,219,216,3
10388,212,210,2
10389,56,56,0
10390,418,414,4
10391,527,510,17
10392,263,257,6
10393,280,266,14
10394,329,325,4
10395,261,252,9
10396,456,435,21
10397,189,186,3
10398,134,132,2
10399,227,227,0
10400,353,343,10
10401,70,69,1
10402,126,124,2
10403,19,19,0
10404,118,118,0
10405,217,211,6
10406,141,140,1
10407,128,125,3
10408,42,41,1
10409,113,111,2
10410,192,190,2
10411,72,72,0
10412,71,69,2
10413,146,144,2
10414,75,75,0
10415,69,68,1
10416,69,68,1
10417,178,173,5
10418,605,596,9
10419,134,129,5
10420,75,72,3
10421,102,100,2
10422,68,67,1
10423,107,107,0
10424,131,131,0
10425,115,113,2
10426,219,217,2
10427,468,462,6
10428,184,184,0
10429,131,127,4
10430,114,114,0
10431,44,42,2
10432,83,81,2
10433,207,206,1
10434,102,102,0
10435,107,100,7
10436,267,263,4
10437,130,130,0
10438,127,126,1
10439,107,107,0
10440,152,149,3
10441,170,168,2
10442,165,165,0
10443,291,285,6
10444,128,128,0
10445,126,122,4
10446,118,116,2
10447,174,172,2
10448,232,232,0
10449,121,120,1
10450,223,222,1
10451,103,101,2
10452,205,203,2
10453,169,163,6
10454,336,328,8
10455,189,187,2
10456,160,159,1
10457,205,203,2
10458,479,466,13
10459,177,175,2
10460,309,308,1
10461,194,194,0
10462,161,160,1
10463,130,129,1
10464,141,138,3
10465,277,269,8
10466,128,125,3
10467,214,214,0
10468,153,150,3
10469,168,167,1
10470,168,165,3
10471,238,237,1
10472,117,116,1
10473,236,229,7
10474,229,224,5
10475,146,142,4
10476,154,152,2
10477,74,73,1
10478,67,67,0
10479,61,61,0
10480,116,116,0
10481,42,40,2
10482,111,108,3
10483,217,216,1
10484,166,162,4
10485,240,233,7
10486,71,70,1
10487,321,318,3
10488,274,272,2
10489,216,215,1
10490,144,142,2
10491,187,186,1
10492,563,552,11
10493,341,339,2
10494,133,133,0
10495,166,164,2
10496,325,323,2
10497,185,181,4
10498,213,208,5
10499,366,358,8
10500,266,262,4
10501,296,289,7
10502,80,76,4
10503,111,111,0
10504,112,111,1
10505,196,193,3
10506,133,131,2
10507,355,349,6
10508,152,150,2
10509,191,190,1
10510,302,291,11
10511,209,207,2
10512,75,75,0
10513,59,57,2
10514,118,117,1
10515,293,286,7
10516,48,48,0
10517,178,177,1
10518,226,224,2
10519,195,193,2
10520,139,137,2
10521,143,143,0
10522,471,467,4
10523,135,135,0
10524,103,101,2
10525,213,211,2
10526,89,87,2
10527,446,439,7
10528,282,268,14
10529,247,243,4
10530,281,278,3
10531,140,136,4
10532,170,168,2
10533,237,232,5
10534,227,220,7
10535,249,243,6
10536,110,110,0
10537,159,155,4
10538,387,383,4
10539,390,386,4
10540,195,194,1
10541,164,163,1
10542,571,564,7
10543,164,161,3
10544,138,136,2
10545,76,76,0
10546,68,65,3
10547,155,153,2
10548,160,157,3
10549,507,501,6
10550,122,120,2
10551,126,126,0
10552,105,101,4
10553,321,313,8
10554,133,131,2
10555,140,136,4
10556,144,141,3
10557,128,126,2
10558,500,487,13
10559,328,316,12
10560,259,256,3
10561,915,898,17
10562,107,107,0
10563,141,140,1
10564,153,151,2
10565,134,133,1
10566,127,126,1
10567,155,155,0
10568,138,133,5
10569,274,267,7
10570,146,143,3
10571,121,119,2
10572,159,155,4
10573,139,138,1
10574,144,138,6
10575,141,138,3
10576,224,223,1
10577,143,143,0
10578,56,54,2
10579,175,168,7
10580,112,108,4
10581,45,45,0
10582,340,336,4
10583,988,968,20
10584,320,316,4
10585,81,80,1
10586,68,68,0
10587,354,346,8
10588,62,62,0
10589,147,147,0
10590,178,174,4
10591,203,201,2
10592,263,259,4
10593,144,141,3
10594,431,423,8
10595,59,58,1
10596,148,146,2
10597,203,196,7
10598,270,269,1
10599,481,474,7
10600,114,113,1
10601,159,158,1
10602,213,204,9
10603,120,116,4
10604,167,166,1
10605,264,259,5
10606,325,320,5
10607,236,228,8
10608,300,271,29
10609,230,225,5
10610,154,152,2
10611,29,28,1
10612,40,40,0
10613,52,49,3
10614,74,70,4
10615,64,62,2
10616,147,144,3
10617,192,188,4
10618,124,122,2
10619,126,123,3
10620,124,124,0
10621,131,131,0
10622,288,283,5
10623,239,233,6
10624,124,120,4
10625,233,227,6
10626,123,123,0
10627,53,53,0
10628,181,174,7
10629,153,152,1
10630,128,126,2
10631,94,92,2
10632,273,269,4
10633,154,154,0
10634,109,106,3
10635,235,232,3
10636,221,221,0
10637,42,42,0
10638,73,72,1
10639,496,484,12
10640,228,226,2
10641,190,190,0
10642,100,97,3
10643,230,226,4
10644,239,232,7
10645,60,59,1
10646,52,52,0
10647,116,114,2
10648,102,99,3
10649,329,318,11
10650,253,248,5
10651,149,149,0
10652,178,176,2
10653,93,89,4
10654,385,381,4
10655,363,360,3
10656,138,137,1
10657,123,123,0
10658,97,97,0
10659,302,299,3
10660,131,130,1
10661,79,76,3
10662,160,157,3
10663,116,112,4
10664,192,187,5
10665,133,133,0
10666,179,169,10
10667,370,355,15
10668,111,101,10
10669,159,156,3
10670,92,88,4
10671,135,130,5
10672,237,234,3
10673,78,72,6
10674,937,909,28
10675,149,148,1
10676,435,428,7
10677,148,148,0
10678,460,459,1
10679,149,149,0
10680,343,322,21
10681,175,167,8
10682,224,218,6
10683,470,456,14
10684,162,158,4
10685,258,249,9
10686,99,95,4
10687,574,554,20
10688,33,32,1
10689,50,46,4
10690,147,141,6
10691,379,375,4
10692,123,122,1
10693,234,224,10
10694,379,374,5
10695,367,352,15
10696,296,284,12
10697,182,180,2
10698,297,286,11
10699,611,604,7
10700,433,425,8
10701,121,118,3
10702,400,391,9
10703,146,143,3
10704,480,470,10
10705,143,140,3
10706,464,453,11
10707,575,550,25
10708,179,176,3
10709,872,843,29
10710,805,788,17
10711,128,122,6
10712,132,130,2
10713,138,137,1
10714,193,191,2
10715,312,312,0
10716,1002,988,14
10717,631,625,6
10718,91,90,1
10719,133,133,0
10720,242,230,12
10721,84,82,2
10722,163,162,1
10723,69,68,1
10724,181,180,1
10725,69,69,0
10726,150,146,4
10727,304,303,1
10728,104,102,2
10729,213,211,2
10730,97,94,3
10731,181,179,2
10732,258,255,3
10733,442,432,10
10734,378,370,8
10735,358,352,6
10736,104,104,0
10737,178,177,1
10738,167,166,1
10739,253,242,11
10740,142,142,0
10741,186,178,8
10742,112,110,2
10743,191,184,7
10744,145,138,7
10745,367,354,13
10746,144,137,7
10747,41,41,0
10748,431,429,2
10749,222,216,6
10750,153,151,2
10751,186,185,1
10752,633,628,5
10753,636,623,13
10754,424,391,33
10755,148,148,0
10756,485,475,10
10757,530,527,3
10758,47,47,0
10759,110,109,1
10760,103,103,0
10761,91,90,1
10762,381,377,4
10763,346,344,2
10764,133,133,0
10765,539,530,9
10766,172,170,2
10767,373,369,4
10768,270,265,5
10769,413,408,5
10770,314,313,1
10771,129,129,0
10772,184,183,1
10773,104,104,0
10774,391,382,9
10775,118,117,1
10776,142,141,1
10777,154,152,2
10778,153,152,1
10779,231,231,0
10780,263,260,3
10781,117,116,1
10782,162,158,4
10783,284,282,2
10784,482,479,3
10785,172,169,3
10786,285,283,2
10787,276,274,2
10788,108,107,1
10789,182,176,6
10790,184,180,4
10791,149,146,3
10792,362,353,9
10793,138,138,0
10794,124,123,1
10795,135,131,4
10796,374,367,7
10797,453,447,6
10798,151,144,7
10799,515,507,8
10800,189,189,0
10801,159,158,1
10802,641,636,5
10803,155,148,7
10804,796,792,4
10805,271,262,9
10806,254,252,2
10807,482,474,8
10808,122,121,1
10809,210,205,5
10810,296,292,4
10811,158,157,1
10812,248,248,0
10813,137,137,0
10814,355,352,3
10815,255,245,10
10816,484,480,4
10817,198,197,1
10818,194,194,0
10819,592,586,6
10820,261,254,7
10821,386,383,3
10822,346,344,2
10823,504,501,3
10824,486,484,2
10825,152,150,2
10826,166,165,1
10827,123,123,0
10828,183,181,2
10829,347,341,6
10830,247,246,1
10831,502,494,8
10832,126,125,1
10833,113,110,3
10834,221,219,2
10835,583,577,6
10836,369,354,15
10837,251,248,3
10838,238,233,5
10839,131,128,3
10840,98,97,1
10841,511,507,4
10842,323,320,3
10843,134,133,1
10844,878,870,8
10845,115,110,5
10846,179,174,5
10847,498,485,13
10848,378,368,10
10849,300,297,3
10850,118,116,2
10851,149,148,1
10852,1006,989,17
10853,1001,985,16
10854,76,75,1
10855,641,628,13
10856,710,703,7
10857,995,981,14
10858,225,225,0
10859,270,268,2
10860,295,293,2
10861,250,248,2
10862,477,461,16
10863,342,333,9
10864,716,708,8
10865,144,144,0
10866,199,194,5
10867,60,57,3
10868,79,78,1
10869,337,335,2
10870,283,279,4
10871,84,81,3
10872,158,156,2
10873,275,270,5
10874,147,147,0
10875,315,313,2
10876,172,172,0
10877,276,268,8
10878,134,134,0
10879,133,132,1
10880,87,86,1
10881,56,56,0
10882,123,120,3
10883,139,138,1
10884,151,150,1
10885,210,207,3
10886,184,178,6
10887,122,122,0
10888,212,208,4
10889,146,146,0
10890,147,147,0
10891,156,156,0
10892,374,370,4
10893,559,543,16
10894,141,140,1
10895,251,249,2
10896,147,140,7
10897,239,232,7
10898,188,188,0
10899,209,209,0
10900,141,136,5
10901,126,125,1
10902,202,197,5
10903,214,211,3
10904,30,30,0
10905,77,77,0
10906,307,305,2
10907,146,146,0
10908,164,159,5
10909,157,153,4
10910,77,77,0
10911,88,82,6
10912,177,177,0
10913,145,145,0
10914,134,129,5
10915,572,551,21
10916,139,136,3
10917,230,226,4
10918,159,157,2
10919,159,158,1
10920,165,164,1
10921,385,370,15
10922,139,136,3
10923,700,680,20
10924,122,110,12
10925,104,104,0
10926,609,608,1
10927,119,118,1
10928,177,176,1
10929,334,332,2
10930,308,304,4
10931,155,149,6
10932,73,73,0
10933,208,205,3
10934,375,371,4
10935,248,242,6
10936,99,98,1
10937,224,218,6
10938,449,441,8
10939,216,213,3
10940,281,274,7
10941,137,136,1
10942,181,177,4
10943,161,160,1
10944,880,852,28
10945,298,292,6
10946,91,88,3
10947,116,114,2
10948,72,70,2
10949,147,146,1
10950,590,559,31
10951,193,185,8
10952,454,434,20
10953,237,230,7
10954,131,130,1
10955,205,203,2
10956,95,91,4
10957,174,168,6
10958,302,301,1
10959,423,401,22
10960,184,182,2
10961,119,115,4
10962,130,127,3
10963,378,368,10
10964,215,206,9
10965,165,163,2
10966,94,94,0
10967,109,108,1
10968,135,129,6
10969,58,58,0
10970,66,63,3
10971,137,136,1
10972,371,355,16
10973,211,210,1
10974,170,169,1
10975,137,136,1
10976,133,132,1
10977,139,138,1
10978,110,107,3
10979,208,206,2
10980,199,199,0
10981,381,372,9
10982,321,319,2
10983,123,122,1
10984,138,134,4
10985,504,492,12
10986,350,348,2
10987,273,270,3
10988,561,555,6
10989,984,958,26
10990,543,540,3
10991,346,345,1
10992,258,255,3
10993,337,333,4
10994,1015,1002,13
10995,2297,2271,26
10996,939,927,12
10997,160,157,3
10998,119,116,3
10999,145,145,0
11000,139,134,5
11001,155,154,1
11002,148,148,0
11003,220,216,4
11004,351,340,11
11005,95,91,4
11006,1002,991,11
11007,708,698,10
11008,211,209,2
11009,240,235,5
11010,124,123,1
11011,224,221,3
11012,251,249,2
11013,229,223,6
11014,132,125,7
11015,922,911,11
11016,946,902,44
11017,190,185,5
11018,327,323,4
11019,411,407,4
11020,299,292,7
11021,140,134,6
11022,175,172,3
11023,136,134,2
11024,148,147,1
11025,333,326,7
11026,189,183,6
11027,185,185,0
11028,241,233,8
11029,259,253,6
11030,186,186,0
11031,45,45,0
11032,136,135,1
11033,116,106,10
11034,55,54,1
11035,130,130,0
11036,196,185,11
11037,155,149,6
11038,173,171,2
11039,303,296,7
11040,202,197,5
11041,268,253,15
11042,281,280,1
11043,110,106,4
11044,192,187,5
11045,115,114,1
11046,147,147,0
11047,128,127,1
11048,126,126,0
11049,171,171,0
11050,196,194,2
11051,337,335,2
11052,185,184,1
11053,163,162,1
11054,143,141,2
11055,21,21,0
11056,353,346,7
11057,355,346,9
11058,147,145,2
11059,213,212,1
11060,57,56,1
11061,229,222,7
11062,342,335,7
11063,120,120,0
11064,286,274,12
11065,293,283,10
11066,112,111,1
11067,264,260,4
11068,125,120,5
11069,162,158,4
11070,161,156,5
11071,386,376,10
11072,348,343,5
11073,124,117,7
11074,157,154,3
11075,125,119,6
11076,184,177,7
11077,156,150,6
11078,332,316,16
11079,258,255,3
11080,170,169,1
11081,56,55,1
11082,172,169,3
11083,955,935,20
11084,136,133,3
11085,255,243,12
11086,178,175,3
11087,457,447,10
11088,212,202,10
11089,119,115,4
11090,215,210,5
11091,242,239,3
11092,328,322,6
11093,122,119,3
11094,182,178,4
11095,101,99,2
11096,419,406,13
11097,172,164,8
11098,358,349,9
11099,356,347,9
11100,612,605,7
11101,167,162,5
11102,94,89,5
11103,131,130,1
11104,452,444,8
11105,228,223,5
11106,113,108,5
11107,70,70,0
11108,115,115,0
11109,280,272,8
11110,284,278,6
11111,380,369,11
11112,54,52,2
11113,22,21,1
11114,398,392,6
11115,135,134,1
11116,232,229,3
11117,111,111,0
11118,123,122,1
11119,111,106,5
11120,101,98,3
11121,312,310,2
11122,117,111,6
11123,94,91,3
11124,220,214,6
11125,757,735,22
11126,371,365,6
11127,248,248,0
11128,395,391,4
11129,144,143,1
11130,214,210,4
11131,158,158,0
11132,240,238,2
11133,333,333,0
11134,208,206,2
11135,218,217,1
11136,258,256,2
11137,115,115,0
11138,296,296,0
11139,377,369,8
11140,521,518,3
11141,222,220,2
11142,150,146,4
11143,94,94,0
11144,122,121,1
11145,558,546,12
11146,108,106,2
11147,110,108,2
11148,168,163,5
11149,219,215,4
11150,143,143,0
11151,533,523,10
11152,498,489,9
11153,242,218,24
11154,451,450,1
11155,77,76,1
11156,89,83,6
11157,253,243,10
11158,189,187,2
11159,156,156,0
11160,228,222,6
11161,135,128,7
11162,120,117,3
11163,109,107,2
11164,121,103,18
11165,179,179,0
11166,26,26,0
11167,50,49,1
11168,46,45,1
11169,63,62,1
11170,47,47,0
11171,45,45,0
11172,227,227,0
11173,92,92,0
11174,452,447,5
11175,134,133,1
11176,623,586,37
11177,188,186,2
11178,592,575,17
11179,65,65,0
11180,138,136,2
11181,275,269,6
11182,202,199,3
11183,198,175,23
11184,111,111,0
11185,134,134,0
11186,160,156,4
11187,219,212,7
11188,203,202,1
11189,142,139,3
11190,137,134,3
11191,165,165,0
11192,124,124,0
11193,559,529,30
11194,312,307,5
11195,331,328,3
11196,116,115,1
11197,214,210,4
11198,561,520,41
11199,449,439,10
11200,203,203,0
11201,315,310,5
11202,192,189,3
11203,227,221,6
11204,385,374,11
11205,76,74,2
11206,42,42,0
11207,310,307,3
11208,154,150,4
11209,76,75,1
11210,220,218,2
11211,174,171,3
11212,151,148,3
11213,162,161,1
11214,607,601,6
11215,88,88,0
11216,217,213,4
11217,442,441,1
11218,707,697,10
11219,319,311,8
11220,107,106,1
11221,586,579,7
11222,107,106,1
11223,164,164,0
11224,733,727,6
11225,427,419,8
11226,936,919,17
11227,456,449,7
11228,303,291,12
11229,313,310,3
11230,232,228,4
11231,155,155,0
11232,400,396,4
11233,190,185,5
11234,353,350,3
11235,129,128,1
11236,403,397,6
11237,161,160,1
11238,842,832,10
11239,80,79,1
11240,151,150,1
11241,376,368,8
11242,214,214,0
11243,263,256,7
11244,306,300,6
11245,140,137,3
11246,147,144,3
11247,221,216,5
11248,96,94,2
11249,83,82,1
11250,58,58,0
11251,158,155,3
11252,131,130,1
11253,206,206,0
11254,145,143,2
11255,150,145,5
11256,78,78,0
11257,195,188,7
11258,253,244,9
11259,509,500,9
11260,209,206,3
11261,225,222,3
11262,495,490,5
11263,354,346,8
11264,491,484,7
11265,125,120,5
11266,204,201,3
11267,348,332,16
11268,347,340,7
11269,756,743,13
11270,107,106,1
11271,279,279,0
11272,112,111,1
11273,322,312,10
11274,493,488,5
11275,153,149,4
11276,50,49,1
11277,155,154,1
11278,234,221,13
11279,286,284,2
11280,132,132,0
11281,157,153,4
11282,114,112,2
11283,212,207,5
11284,203,200,3
11285,92,92,0
11286,164,158,6
11287,245,232,13
11288,159,153,6
11289,187,183,4
11290,156,153,3
11291,106,104,2
11292,158,158,0
11293,178,176,2
11294,342,338,4
11295,103,100,3
11296,92,90,2
11297,159,158,1
11298,288,279,9
11299,71,71,0
11300,121,118,3
11301,53,53,0
11302,81,80,1
11303,128,128,0
11304,542,531,11
11305,141,138,3
11306,405,398,7
11307,120,118,2
11308,309,307,2
11309,323,320,3
11310,651,634,17
11311,151,149,2
11312,191,190,1
11313,128,127,1
11314,119,114,5
11315,130,127,3
11316,138,135,3
11317,338,329,9
11318,126,121,5
11319,105,102,3
11320,278,272,6
11321,185,181,4
11322,112,112,0
11323,150,146,4
11324,159,158,1
11325,137,136,1
11326,146,141,5
11327,134,131,3
11328,139,138,1
11329,105,105,0
11330,99,98,1
11331,192,184,8
11332,114,113,1
11333,57,55,2
11334,44,43,1
11335,175,155,20
11336,112,110,2
11337,198,193,5
11338,84,84,0
11339,192,189,3
11340,107,106,1
11341,202,201,1
11342,133,126,7
11343,361,354,7
11344,156,156,0
11345,843,831,12
11346,150,149,1
11347,195,194,1
11348,121,118,3
11349,296,290,6
11350,287,277,10
11351,457,455,2
11352,398,388,10
11353,673,628,45
11354,129,128,1
11355,108,108,0
11356,155,149,6
11357,476,473,3
11358,241,237,4
11359,188,183,5
11360,439,432,7
11361,223,221,2
11362,761,748,13
11363,288,277,11
11364,138,134,4
11365,255,252,3
11366,770,749,21
11367,255,249,6
11368,224,220,4
11369,174,172,2
11370,236,233,3
11371,193,190,3
11372,117,117,0
11373,323,318,5
11374,718,708,10
11375,120,118,2
11376,212,210,2
11377,128,128,0
11378,163,162,1
11379,162,160,2
11380,144,143,1
11381,218,216,2
11382,124,123,1
11383,107,106,1
11384,619,613,6
11385,182,181,1
11386,254,253,1
11387,213,207,6
11388,210,206,4
11389,385,374,11
11390,694,684,10
11391,175,174,1
11392,338,337,1
11393,198,195,3
11394,978,975,3
11395,127,126,1
11396,125,115,10
11397,146,145,1
11398,220,213,7
11399,223,218,5
11400,134,131,3
11401,184,183,1
11402,197,192,5
11403,130,121,9
11404,151,147,4
11405,94,94,0
11406,139,136,3
11407,164,163,1
11408,75,75,0
11409,69,68,1
11410,56,55,1
11411,151,149,2
11412,102,99,3
11413,210,210,0
11414,50,48,2
11415,76,76,0
11416,230,228,2
11417,121,117,4
11418,173,173,0
11419,117,115,2
11420,168,164,4
11421,121,116,5
11422,363,358,5
11423,663,649,14
11424,92,90,2
11425,167,167,0
11426,178,175,3
11427,428,417,11
11428,99,98,1
11429,475,468,7
11430,117,116,1
11431,278,275,3
11432,176,176,0
11433,390,386,4
11434,177,176,1
11435,772,762,10
11436,144,142,2
11437,128,128,0
11438,135,135,0
11439,186,185,1
11440,273,268,5
11441,217,209,8
11442,104,99,5
11443,165,164,1
11444,259,251,8
11445,109,107,2
11446,60,57,3
11447,66,64,2
11448,123,119,4
11449,134,132,2
11450,178,173,5
11451,168,164,4
11452,165,164,1
11453,169,169,0
11454,56,56,0
11455,108,107,1
11456,261,256,5
11457,249,243,6
11458,521,499,22
11459,129,128,1
11460,248,244,4
11461,155,148,7
11462,163,160,3
11463,221,214,7
11464,218,216,2
11465,174,173,1
11466,235,234,1
11467,301,293,8
11468,273,266,7
11469,556,549,7
11470,220,214,6
11471,134,131,3
11472,151,150,1
11473,250,242,8
11474,134,133,1
11475,153,148,5
11476,303,299,4
11477,436,414,22
11478,203,198,5
11479,187,184,3
11480,121,120,1
11481,416,409,7
11482,137,137,0
11483,128,125,3
11484,97,97,0
11485,624,611,13
11486,213,211,2
11487,315,310,5
11488,182,178,4
11489,165,162,3
11490,844,834,10
11491,556,542,14
11492,149,148,1
11493,239,231,8
11494,122,120,2
11495,142,138,4
11496,239,236,3
11497,208,204,4
11498,59,57,2
11499,173,172,1
11500,184,183,1
11501,151,148,3
11502,177,173,4
11503,121,119,2
11504,389,385,4
11505,207,204,3
11506,174,173,1
11507,136,135,1
11508,147,147,0
11509,224,218,6
11510,117,116,1
11511,134,133,1
11512,146,144,2
11513,117,117,0
11514,265,260,5
11515,92,91,1
11516,154,153,1
11517,147,146,1
11518,230,229,1
11519,384,378,6
11520,157,157,0
11521,39,39,0
11522,129,128,1
11523,136,134,2
11524,444,434,10
11525,39,39,0
11526,215,208,7
11527,693,679,14
11528,444,428,16
11529,220,219,1
11530,161,156,5
11531,465,461,4
11532,97,94,3
11533,897,859,38
11534,105,104,1
11535,327,309,18
11536,303,297,6
11537,350,341,9
11538,420,410,10
11539,223,219,4
11540,171,164,7
11541,476,464,12
11542,532,518,14
11543,224,221,3
11544,151,144,7
11545,131,126,5
11546,205,203,2
11547,296,294,2
11548,203,201,2
11549,134,127,7
11550,149,148,1
11551,120,111,9
11552,13,12,1
11553,377,367,10
11554,96,93,3
11555,478,462,16
11556,401,392,9
11557,104,100,4
11558,138,130,8
11559,287,274,13
11560,145,144,1
11561,400,398,2
11562,142,141,1
11563,122,120,2
11564,186,184,2
11565,169,166,3
11566,282,274,8
11567,253,246,7
11568,281,279,2
11569,268,256,12
11570,182,180,2
11571,197,190,7
11572,237,231,6
11573,238,237,1
11574,179,177,2
11575,269,264,5
11576,176,174,2
11577,182,181,1
11578,391,387,4
11579,408,399,9
11580,458,455,3
11581,179,178,1
11582,194,192,2
11583,275,269,6
11584,575,569,6
11585,153,152,1
11586,198,196,2
11587,117,112,5
11588,375,374,1
11589,272,267,5
11590,84,82,2
11591,107,107,0
11592,331,325,6
11593,199,198,1
11594,149,149,0
11595,188,186,2
11596,199,197,2
11597,185,178,7
11598,69,63,6
11599,158,158,0
11600,124,122,2
11601,577,575,2
11602,170,168,2
11603,111,108,3
11604,160,158,2
11605,330,329,1
11606,117,116,1
11607,410,402,8
11608,135,133,2
11609,156,152,4
11610,130,127,3
11611,315,304,11
11612,137,133,4
11613,185,185,0
11614,132,130,2
11615,111,109,2
11616,222,218,4
11617,414,398,16
11618,131,125,6
11619,159,158,1
11620,133,127,6
11621,506,496,10
11622,160,158,2
11623,155,154,1
11624,77,77,0
11625,66,66,0
11626,96,91,5
11627,113,112,1
11628,105,105,0
11629,42,42,0
11630,213,207,6
11631,90,90,0
11632,293,290,3
11633,178,169,9
11634,127,125,2
11635,87,87,0
11636,256,255,1
11637,191,189,2
11638,155,144,11
11639,133,133,0
11640,84,82,2
11641,222,221,1
11642,312,300,12
11643,173,169,4
11644,713,695,18
11645,360,354,6
11646,852,834,18
11647,509,495,14
11648,195,193,2
11649,148,147,1
11650,323,319,4
11651,115,114,1
11652,164,164,0
11653,143,138,5
11654,142,138,4
11655,278,276,2
11656,153,153,0
11657,144,141,3
11658,215,213,2
11659,165,165,0
11660,98,95,3
11661,148,148,0
11662,120,118,2
11663,74,71,3
11664,114,113,1
11665,506,499,7
11666,109,109,0
11667,202,195,7
11668,93,93,0
11669,59,59,0
11670,105,101,4
11671,108,107,1
11672,211,211,0
11673,85,84,1
11674,131,127,4
11675,97,95,2
11676,463,447,16
11677,462,457,5
11678,132,132,0
11679,50,50,0
11680,281,279,2
11681,90,88,2
11682,181,177,4
11683,114,113,1
11684,145,145,0
11685,174,173,1
11686,149,147,2
11687,231,226,5
11688,169,162,7
11689,120,113,7
11690,221,219,2
11691,148,142,6
11692,207,199,8
11693,213,205,8
11694,159,153,6
11695,223,220,3
11696,227,225,2
11697,138,137,1
11698,906,897,9
11699,180,179,1
11700,203,200,3
11701,163,163,0
11702,225,219,6
11703,159,156,3
11704,149,149,0
11705,175,173,2
11706,148,148,0
11707,138,138,0
11708,153,150,3
11709,145,144,1
11710,132,129,3
11711,225,220,5
11712,128,123,5
11713,158,157,1
11714,247,241,6
11715,129,128,1
11716,143,142,1
11717,130,129,1
11718,119,114,5
11719,149,145,4
11720,108,104,4
11721,249,249,0
11722,41,41,0
11723,77,77,0
11724,267,265,2
11725,571,549,22
11726,969,948,21
11727,225,222,3
11728,491,485,6
11729,82,82,0
11730,306,303,3
11731,291,287,4
11732,487,485,2
11733,325,323,2
11734,142,139,3
11735,109,108,1
11736,123,123,0
11737,135,131,4
11738,278,272,6
11739,236,232,4
11740,178,176,2
11741,138,137,1
11742,221,215,6
11743,202,197,5
11744,65,64,1
11745,66,66,0
11746,124,124,0
11747,311,305,6
11748,220,220,0
11749,331,331,0
11750,118,117,1
11751,111,111,0
11752,52,52,0
11753,43,43,0
11754,310,307,3
11755,83,83,0
11756,522,516,6
11757,179,174,5
11758,189,186,3
11759,231,229,2
11760,308,305,3
11761,292,290,2
11762,279,277,2
11763,112,110,2
11764,213,213,0
11765,183,177,6
11766,150,148,2
11767,266,265,1
11768,135,135,0
11769,174,172,2
11770,117,117,0
11771,122,119,3
11772,141,137,4
11773,482,479,3
11774,447,430,17
11775,101,100,1
11776,268,265,3
11777,260,253,7
11778,872,841,31
11779,204,204,0
11780,246,238,8
11781,292,290,2
11782,501,496,5
11783,469,457,12
11784,116,115,1
11785,261,255,6
11786,206,205,1
11787,234,232,2
11788,553,542,11
11789,891,879,12
11790,118,114,4
11791,274,272,2
11792,588,581,7
11793,102,100,2
11794,392,385,7
11795,418,410,8
11796,893,880,13
11797,438,430,8
11798,296,293,3
11799,484,474,10
11800,799,792,7
11801,537,523,14
11802,427,420,7
11803,539,527,12
11804,118,116,2
11805,157,154,3
11806,913,880,33
11807,133,130,3
11808,412,397,15
11809,163,161,2
11810,356,353,3
11811,190,186,4
11812,326,309,17
11813,221,217,4
11814,283,279,4
11815,156,155,1
11816,342,337,5
11817,241,239,2
11818,290,286,4
11819,257,255,2
11820,975,958,17
11821,130,124,6
11822,138,137,1
11823,145,141,4
11824,545,542,3
11825,315,307,8
11826,239,235,4
11827,547,536,11
11828,239,239,0
11829,44,43,1
11830,46,44,2
11831,135,133,2
11832,57,56,1
11833,297,296,1
11834,462,447,15
11835,378,372,6
11836,60,58,2
11837,134,132,2
11838,203,197,6
11839,87,82,5
11840,129,123,6
11841,238,233,5
11842,104,98,6
11843,234,232,2
11844,110,108,2
11845,179,179,0
11846,263,261,2
11847,219,218,1
11848,376,355,21
11849,180,177,3
11850,64,63,1
11851,453,447,6
11852,135,135,0
11853,764,743,21
11854,78,76,2
11855,189,183,6
11856,199,194,5
11857,716,707,9
11858,250,246,4
11859,138,129,9
11860,217,214,3
11861,182,179,3
11862,204,197,7
11863,277,270,7
11864,885,865,20
11865,155,155,0
11866,250,238,12
11867,224,217,7
11868,391,376,15
11869,276,264,12
11870,302,295,7
11871,257,250,7
11872,303,297,6
11873,85,84,1
11874,590,568,22
11875,430,418,12
11876,225,218,7
11877,125,122,3
11878,110,109,1
11879,282,274,8
11880,450,444,6
11881,123,121,2
11882,177,176,1
11883,199,197,2
11884,125,123,2
11885,143,137,6
11886,130,128,2
11887,200,190,10
11888,145,144,1
11889,110,108,2
11890,125,125,0
11891,244,243,1
11892,142,142,0
11893,165,165,0
11894,328,320,8
11895,126,123,3
11896,162,159,3
11897,179,177,2
11898,209,208,1
11899,229,223,6
11900,288,279,9
11901,262,258,4
11902,145,142,3
11903,125,121,4
11904,177,175,2
11905,146,146,0
11906,124,123,1
11907,132,129,3
11908,138,135,3
11909,330,322,8
11910,722,703,19
11911,148,146,2
11912,330,325,5
11913,121,120,1
11914,412,408,4
11915,85,85,0
11916,193,190,3
11917,103,101,2
11918,362,355,7
11919,172,171,1
11920,435,431,4
11921,130,129,1
11922,85,84,1
11923,537,536,1
11924,47,46,1
11925,142,138,4
11926,353,348,5
11927,125,122,3
11928,219,215,4
11929,332,322,10
11930,134,131,3
11931,167,161,6
11932,128,124,4
11933,148,145,3
11934,240,238,2
11935,221,210,11
11936,440,430,10
11937,295,290,5
11938,186,180,6
11939,176,175,1
11940,208,202,6
11941,153,145,8
11942,162,151,11
11943,151,147,4
11944,604,598,6
11945,256,250,6
11946,410,393,17
11947,170,166,4
11948,131,127,4
11949,207,202,5
11950,124,123,1
11951,113,111,2
11952,861,832,29
11953,228,225,3
11954,174,168,6
11955,152,151,1
11956,187,182,5
11957,528,525,3
11958,150,147,3
11959,309,304,5
11960,298,297,1
11961,154,152,2
11962,122,122,0
11963,254,244,10
11964,221,221,0
11965,130,121,9
11966,188,184,4
11967,99,97,2
11968,149,146,3
11969,299,292,7
11970,213,204,9
11971,807,786,21
11972,143,142,1
11973,242,235,7
11974,81,81,0
11975,73,71,2
11976,262,251,11
11977,40,40,0
11978,214,209,5
11979,370,361,9
11980,211,206,5
11981,872,865,7
11982,79,78,1
11983,675,671,4
11984,167,163,4
11985,43,39,4
11986,324,319,5
11987,90,87,3
11988,225,222,3
11989,248,239,9
11990,250,247,3
11991,184,178,6
11992,311,309,2
11993,235,234,1
11994,223,219,4
11995,185,184,1
11996,149,146,3
11997,178,173,5
11998,360,350,10
11999,141,130,11
12000,128,128,0
12001,104,103,1
12002,81,80,1
12003,43,43,0
12004,94,93,1
12005,146,146,0
12006,70,68,2
12007,69,69,0
12008,111,110,1
12009,165,164,1
12010,97,96,1
12011,145,141,4
12012,65,63,2
12013,64,63,1
12014,249,241,8
12015,92,90,2
12016,157,155,2
12017,57,55,2
12018,164,160,4
12019,199,195,4
12020,116,110,6
12021,386,381,5
12022,401,392,9
12023,139,138,1
12024,117,115,2
12025,155,155,0
12026,261,258,3
12027,333,323,10
12028,155,150,5
12029,614,596,18
12030,308,293,15
12031,290,281,9
12032,207,205,2
12033,248,241,7
12034,123,120,3
12035,349,347,2
12036,190,185,5
12037,183,172,11
12038,195,191,4
12039,218,214,4
12040,167,158,9
12041,114,111,3
12042,74,70,4
12043,163,162,1
12044,49,39,10
12045,121,121,0
12046,118,115,3
12047,131,128,3
12048,83,82,1
12049,243,231,12
12050,77,77,0
12051,50,48,2
12052,111,108,3
12053,98,94,4
12054,96,96,0
12055,121,119,2
12056,144,143,1
12057,172,171,1
12058,183,182,1
12059,93,93,0
12060,116,112,4
12061,213,211,2
12062,146,145,1
12063,99,98,1
12064,155,154,1
12065,374,357,17
12066,105,105,0
12067,274,270,4
12068,182,181,1
12069,66,66,0
12070,343,333,10
12071,152,151,1
12072,168,168,0
12073,244,242,2
12074,481,478,3
12075,143,141,2
12076,113,111,2
12077,594,588,6
12078,650,644,6
12079,148,144,4
12080,175,173,2
12081,75,73,2
12082,143,143,0
12083,154,154,0
12084,293,292,1
12085,338,332,6
12086,186,183,3
12087,40,40,0
12088,63,63,0
12089,162,161,1
12090,158,157,1
12091,178,178,0
12092,144,142,2
12093,118,116,2
12094,147,147,0
12095,56,56,0
12096,323,318,5
12097,140,140,0
12098,53,53,0
12099,272,268,4
12100,147,145,2
12101,286,285,1
12102,175,173,2
12103,294,288,6
12104,136,131,5
12105,106,106,0
12106,196,196,0
12107,199,199,0
12108,117,115,2
12109,93,89,4
12110,365,360,5
12111,137,135,2
12112,221,215,6
12113,382,372,10
12114,454,443,11
12115,147,147,0
12116,171,170,1
12117,98,98,0
12118,62,62,0
12119,283,271,12
12120,158,152,6
12121,141,139,2
12122,135,135,0
12123,117,117,0
12124,50,50,0
12125,141,140,1
12126,97,94,3
12127,163,150,13
12128,308,300,8
12129,112,109,3
12130,241,238,3
12131,164,161,3
12132,131,131,0
12133,102,102,0
12134,171,170,1
12135,188,181,7
12136,81,81,0
12137,142,142,0
12138,526,521,5
12139,151,149,2
12140,181,176,5
12141,127,127,0
12142,238,235,3
12143,116,116,0
12144,141,141,0
12145,845,836,9
12146,250,242,8
12147,234,233,1
12148,130,129,1
12149,159,158,1
12150,153,150,3
12151,134,131,3
12152,134,132,2
12153,67,66,1
12154,555,541,14
12155,162,158,4
12156,215,213,2
12157,518,511,7
12158,269,263,6
12159,199,195,4
12160,273,272,1
12161,152,149,3
12162,126,125,1
12163,98,97,1
12164,163,156,7
12165,191,188,3
12166,113,110,3
12167,301,296,5
12168,213,210,3
12169,145,145,0
12170,112,111,1
12171,177,174,3
12172,146,143,3
12173,582,572,10
12174,105,103,2
12175,131,131,0
12176,236,230,6
12177,235,231,4
12178,141,139,2
12179,142,139,3
12180,363,360,3
12181,443,424,19
12182,368,365,3
12183,218,217,1
12184,130,127,3
12185,196,194,2
12186,132,132,0
12187,141,141,0
12188,344,340,4
12189,128,128,0
12190,264,254,10
12191,47,46,1
12192,297,283,14
12193,99,98,1
12194,163,157,6
12195,421,416,5
12196,409,402,7
12197,129,121,8
12198,144,144,0
12199,202,195,7
12200,92,92,0
12201,131,130,1
12202,158,157,1
12203,282,277,5
12204,163,162,1
12205,166,165,1
12206,223,219,4
12207,255,252,3
12208,522,504,18
12209,806,788,18
12210,176,171,5
12211,49,48,1
12212,92,91,1
12213,589,573,16
12214,541,516,25
12215,102,101,1
12216,119,117,2
12217,121,118,3
12218,112,110,2
12219,623,605,18
12220,171,169,2
12221,300,296,4
12222,129,126,3
12223,105,102,3
12224,108,105,3
12225,417,403,14
12226,377,362,15
12227,111,102,9
12228,180,180,0
12229,420,415,5
12230,161,159,2
12231,146,140,6
12232,128,128,0
12233,300,293,7
12234,118,116,2
12235,165,164,1
12236,157,156,1
12237,45,45,0
12238,168,164,4
12239,137,137,0
12240,45,45,0
12241,367,355,12
12242,239,236,3
12243,131,130,1
12244,247,247,0
12245,206,200,6
12246,158,154,4
12247,74,74,0
12248,166,158,8
12249,177,174,3
12250,458,448,10
12251,387,379,8
12252,81,78,3
12253,135,133,2
12254,153,148,5
12255,119,118,1
12256,365,355,10
12257,108,108,0
12258,159,157,2
12259,86,86,0
12260,244,240,4
12261,32,32,0
12262,69,68,1
12263,132,131,1
12264,69,67,2
12265,147,146,1
12266,83,82,1
12267,190,180,10
12268,120,118,2
12269,45,45,0
12270,103,100,3
12271,466,462,4
12272,76,73,3
12273,92,91,1
12274,88,87,1
12275,68,66,2
12276,328,328,0
12277,284,278,6
12278,232,229,3
12279,159,159,0
12280,167,167,0
12281,387,386,1
12282,144,141,3
12283,107,102,5
12284,155,154,1
12285,266,265,1
12286,213,211,2
12287,176,175,1
12288,151,150,1
12289,282,280,2
12290,137,137,0
12291,49,49,0
12292,189,187,2
12293,198,185,13
12294,167,159,8
12295,47,47,0
12296,189,173,16
12297,201,196,5
12298,420,401,19
12299,152,147,5
12300,541,535,6
12301,102,99,3
12302,400,397,3
12303,879,875,4
12304,189,189,0
12305,135,135,0
12306,100,99,1
12307,257,256,1
12308,155,153,2
12309,74,71,3
12310,137,137,0
12311,125,125,0
12312,313,310,3
12313,194,192,2
12314,287,281,6
12315,348,346,2
12316,152,152,0
12317,352,345,7
12318,127,123,4
12319,562,549,13
12320,156,152,4
12321,473,461,12
12322,972,946,26
12323,143,141,2
12324,124,121,3
12325,359,352,7
12326,667,655,12
12327,207,199,8
12328,140,140,0
12329,474,469,5
12330,222,215,7
12331,41,41,0
12332,180,179,1
12333,281,279,2
12334,201,197,4
12335,796,784,12
12336,220,214,6
12337,64,63,1
12338,99,99,0
12339,985,970,15
12340,54,54,0
12341,144,144,0
12342,146,145,1
12343,426,418,8
12344,171,168,3
12345,405,401,4
12346,456,451,5
12347,107,106,1
12348,359,353,6
12349,493,490,3
12350,127,127,0
12351,152,150,2
12352,88,88,0
12353,99,99,0
12354,117,117,0
12355,102,100,2
12356,58,57,1
12357,85,85,0
12358,528,523,5
12359,159,158,1
12360,133,128,5
12361,228,226,2
12362,47,47,0
12363,124,123,1
12364,57,55,2
12365,122,118,4
12366,125,120,5
12367,126,125,1
12368,136,133,3
12369,111,109,2
12370,131,127,4
12371,232,232,0
12372,239,237,2
12373,134,132,2
12374,190,190,0
12375,212,207,5
12376,117,114,3
12377,417,413,4
12378,117,117,0
12379,172,172,0
12380,162,160,2
12381,150,150,0
12382,240,238,2
12383,175,174,1
12384,123,122,1
12385,128,126,2
12386,234,233,1
12387,43,42,1
12388,123,121,2
12389,143,141,2
12390,137,135,2
12391,299,297,2
12392,130,129,1
12393,148,148,0
12394,327,320,7
12395,259,257,2
12396,398,398,0
12397,300,298,2
12398,383,377,6
12399,194,188,6
12400,386,382,4
12401,131,129,2
12402,202,201,1
12403,499,493,6
12404,174,172,2
12405,134,133,1
12406,683,664,19
12407,388,381,7
12408,813,798,15
12409,226,220,6
12410,458,451,7
12411,129,127,2
12412,115,113,2
12413,532,516,16
12414,575,565,10
12415,285,281,4
12416,109,108,1
12417,230,226,4
12418,368,357,11
12419,236,232,4
12420,241,236,5
12421,436,421,15
12422,371,350,21
12423,273,270,3
12424,271,265,6
12425,488,482,6
12426,569,559,10
12427,203,197,6
12428,218,213,5
12429,782,764,18
12430,413,408,5
12431,226,218,8
12432,388,377,11
12433,66,65,1
12434,764,755,9
12435,220,210,10
12436,721,715,6
12437,243,239,4
12438,123,122,1
12439,117,114,3
12440,355,350,5
12441,282,275,7
12442,360,342,18
12443,121,121,0
12444,94,92,2
12445,467,461,6
12446,222,215,7
12447,135,129,6
12448,320,309,11
12449,352,328,24
12450,275,265,10
12451,343,325,18
12452,997,973,24
12453,253,249,4
12454,321,317,4
12455,130,129,1
12456,169,167,2
12457,348,329,19
12458,1163,1138,25
12459,473,462,11
12460,161,159,2
12461,810,774,36
12462,131,130,1
12463,215,207,8
12464,167,162,5
12465,308,303,5
12466,112,111,1
12467,547,538,9
12468,372,364,8
12469,1188,1159,29
12470,142,140,2
12471,140,138,2
12472,148,148,0
12473,208,202,6
12474,182,180,2
12475,820,786,34
12476,238,232,6
12477,173,168,5
12478,182,181,1
12479,123,114,9
12480,231,229,2
12481,350,340,10
12482,187,185,2
12483,495,468,27
12484,164,162,2
12485,132,130,2
12486,125,124,1
12487,136,132,4
12488,481,469,12
12489,183,182,1
12490,129,127,2
12491,151,143,8
12492,387,377,10
12493,163,163,0
12494,480,467,13
12495,121,116,5
12496,115,113,2
12497,699,677,22
12498,162,162,0
12499,218,215,3
12500,171,166,5
12501,241,239,2
12502,224,220,4
12503,319,316,3
12504,237,230,7
12505,118,114,4
12506,163,160,3
12507,144,142,2
12508,129,128,1
12509,167,159,8
12510,112,109,3
12511,339,338,1
12512,254,238,16
12513,112,112,0
12514,192,190,2
12515,210,208,2
12516,151,146,5
12517,199,194,5
12518,354,335,19
12519,83,82,1
12520,69,68,1
12521,184,184,0
12522,566,554,12
12523,345,313,32
12524,266,262,4
12525,237,231,6
12526,193,188,5
12527,707,682,25
12528,468,456,12
12529,270,262,8
12530,140,134,6
12531,157,156,1
12532,366,365,1
12533,230,227,3
12534,338,336,2
12535,257,256,1
12536,304,303,1
12537,128,126,2
12538,355,352,3
12539,215,213,2
12540,128,127,1
12541,116,115,1
12542,194,191,3
12543,472,469,3
12544,235,227,8
12545,122,122,0
12546,872,869,3
12547,116,116,0
12548,248,246,2
12549,136,136,0
12550,134,132,2
12551,271,268,3
12552,263,261,2
12553,55,54,1
12554,125,122,3
12555,123,118,5
12556,618,610,8
12557,32,32,0
12558,295,294,1
12559,205,202,3
12560,121,118,3
12561,106,98,8
12562,154,149,5
12563,144,135,9
12564,387,379,8
12565,218,216,2
12566,99,98,1
12567,146,144,2
12568,99,99,0
12569,153,150,3
12570,73,70,3
12571,51,50,1
12572,296,289,7
12573,32,32,0
12574,790,759,31
12575,182,171,11
12576,197,195,2
12577,165,164,1
12578,159,157,2
12579,164,161,3
12580,82,81,1
12581,111,108,3
12582,83,80,3
12583,240,233,7
12584,207,199,8
12585,260,257,3
12586,98,96,2
12587,82,78,4
12588,196,194,2
12589,117,116,1
12590,104,104,0
12591,431,417,14
12592,131,128,3
12593,154,152,2
12594,440,432,8
12595,189,183,6
12596,160,156,4
12597,81,79,2
12598,42,42,0
12599,105,102,3
12600,114,111,3
12601,104,103,1
12602,263,259,4
12603,43,42,1
12604,137,133,4
12605,226,211,15
12606,117,116,1
12607,182,174,8
12608,124,122,2
12609,293,282,11
12610,317,316,1
12611,216,215,1
12612,160,158,2
12613,59,58,1
12614,344,343,1
12615,126,124,2
12616,152,146,6
12617,360,357,3
12618,162,159,3
12619,119,114,5
12620,212,210,2
12621,211,208,3
12622,411,391,20
12623,219,211,8
12624,416,403,13
12625,206,205,1
12626,178,177,1
12627,119,118,1
12628,258,249,9
12629,178,173,5
12630,162,159,3
12631,321,319,2
12632,107,107,0
12633,90,88,2
12634,308,293,15
12635,111,110,1
12636,166,162,4
12637,523,519,4
12638,492,479,13
12639,142,139,3
12640,154,152,2
12641,119,117,2
12642,190,179,11
12643,127,127,0
12644,171,170,1
12645,252,246,6
12646,184,182,2
12647,239,232,7
12648,870,848,22
12649,311,304,7
12650,251,244,7
12651,239,233,6
12652,307,290,17
12653,131,125,6
12654,119,112,7
12655,157,156,1
12656,157,152,5
12657,147,142,5
12658,161,149,12
12659,395,377,18
12660,138,136,2
12661,227,219,8
12662,128,127,1
12663,472,463,9
12664,61,61,0
12665,195,192,3
12666,252,250,2
12667,104,104,0
12668,128,126,2
12669,189,188,1
12670,241,239,2
12671,192,187,5
12672,462,455,7
12673,132,130,2
12674,559,555,4
12675,319,307,12
12676,444,432,12
12677,426,414,12
12678,92,91,1
12679,62,61,1
12680,326,324,2
12681,584,582,2
12682,358,353,5
12683,224,221,3
12684,380,376,4
12685,99,98,1
12686,138,135,3
12687,116,107,9
12688,38,37,1
12689,150,147,3
12690,316,314,2
12691,161,158,3
12692,107,106,1
12693,166,163,3
12694,149,147,2
12695,96,96,0
12696,459,454,5
12697,191,191,0
12698,784,780,4
12699,82,74,8
12700,157,153,4
12701,152,152,0
12702,366,363,3
12703,642,636,6
12704,407,403,4
12705,196,195,1
12706,106,106,0
12707,159,154,5
12708,200,199,1
12709,152,149,3
12710,679,668,11
12711,163,163,0
12712,242,240,2
12713,158,156,2
12714,172,171,1
12715,134,133,1
12716,267,265,2
12717,106,105,1
12718,237,235,2
12719,141,140,1
12720,153,150,3
12721,68,68,0
12722,230,225,5
12723,172,165,7
12724,111,108,3
12725,145,135,10
12726,60,60,0
12727,65,63,2
12728,166,162,4
12729,83,82,1
12730,322,311,11
12731,110,110,0
12732,169,166,3
12733,89,86,3
12734,58,57,1
12735,143,139,4
12736,153,151,2
12737,278,275,3
12738,154,151,3
12739,441,430,11
12740,167,165,2
12741,783,769,14
12742,135,134,1
12743,61,60,1
12744,185,182,3
12745,844,821,23
12746,165,162,3
12747,136,131,5
12748,210,206,4
12749,354,346,8
12750,117,112,5
12751,94,93,1
12752,201,192,9
12753,126,124,2
12754,105,101,4
12755,119,116,3
12756,127,126,1
12757,254,249,5
12758,239,236,3
12759,194,192,2
12760,350,342,8
12761,138,137,1
12762,182,181,1
12763,278,267,11
12764,390,379,11
12765,135,134,1
12766,124,119,5
12767,141,133,8
12768,413,402,11
12769,221,216,5
12770,500,487,13
12771,238,230,8
12772,104,100,4
12773,478,466,12
12774,293,289,4
12775,106,104,2
12776,213,212,1
12777,368,358,10
12778,49,45,4
12779,208,204,4
12780,98,96,2
12781,248,244,4
12782,401,385,16
12783,109,109,0
12784,48,48,0
12785,152,144,8
12786,60,59,1
12787,154,154,0
12788,471,465,6
12789,100,98,2
12790,151,151,0
12791,541,532,9
12792,129,128,1
12793,117,116,1
12794,268,264,4
12795,220,217,3
12796,426,421,5
12797,193,192,1
12798,96,91,5
12799,136,134,2
12800,108,104,4
12801,144,142,2
12802,294,291,3
12803,114,112,2
12804,159,155,4
12805,138,136,2
12806,124,119,5
12807,203,202,1
12808,452,447,5
12809,65,63,2
12810,74,70,4
12811,604,598,6
12812,141,139,2
12813,123,123,0
12814,177,175,2
12815,413,408,5
12816,254,251,3
12817,130,130,0
12818,143,138,5
12819,101,98,3
12820,212,208,4
12821,406,394,12
12822,575,564,11
12823,309,307,2
12824,999,995,4
12825,162,161,1
12826,359,354,5
12827,390,377,13
12828,131,129,2
12829,364,363,1
12830,247,246,1
12831,138,135,3
12832,135,129,6
12833,208,208,0
12834,126,126,0
12835,303,297,6
12836,459,455,4
12837,272,265,7
12838,162,161,1
12839,141,140,1
12840,336,334,2
12841,308,306,2
12842,141,140,1
12843,144,138,6
12844,146,145,1
12845,206,202,4
12846,122,120,2
12847,81,80,1
12848,52,52,0
12849,254,254,0
12850,98,97,1
12851,123,120,3
12852,109,108,1
12853,213,212,1
12854,646,639,7
12855,411,399,12
12856,179,177,2
12857,214,210,4
12858,379,377,2
12859,152,150,2
12860,835,816,19
12861,113,112,1
12862,135,131,4
12863,164,164,0
12864,69,69,0
12865,120,119,1
12866,339,333,6
12867,162,160,2
12868,368,363,5
12869,185,183,2
12870,86,85,1
12871,159,156,3
12872,174,172,2
12873,172,172,0
12874,192,186,6
12875,219,210,9
12876,126,121,5
12877,179,177,2
12878,152,151,1
12879,136,134,2
12880,178,171,7
12881,683,672,11
12882,114,110,4
12883,111,109,2
12884,262,260,2
12885,239,232,7
12886,176,171,5
12887,134,134,0
12888,98,97,1
12889,123,123,0
12890,235,233,2
12891,146,145,1
12892,327,319,8
12893,249,246,3
12894,141,138,3
12895,334,323,11
12896,377,374,3
12897,144,139,5
12898,145,145,0
12899,742,732,10
12900,121,120,1
12901,150,149,1
12902,113,113,0
12903,147,145,2
12904,135,135,0
12905,148,148,0
12906,162,161,1
12907,211,211,0
12908,424,419,5
12909,229,219,10
12910,355,353,2
12911,124,120,4
12912,468,451,17
12913,195,194,1
12914,257,256,1
12915,136,133,3
12916,121,119,2
12917,298,293,5
12918,44,44,0
12919,656,634,22
12920,117,113,4
12921,170,164,6
12922,483,477,6
12923,309,303,6
12924,131,131,0
12925,203,202,1
12926,197,196,1
12927,110,108,2
12928,763,752,11
12929,123,123,0
12930,181,181,0
12931,188,186,2
12932,50,49,1
12933,182,178,4
12934,517,508,9
12935,378,371,7
12936,172,167,5
12937,148,147,1
12938,267,264,3
12939,247,240,7
12940,131,130,1
12941,164,152,12
12942,162,161,1
12943,46,46,0
12944,256,252,4
12945,182,179,3
12946,186,183,3
12947,118,116,2
12948,485,480,5
12949,64,62,2
12950,173,172,1
12951,169,166,3
12952,250,239,11
12953,226,218,8
12954,126,126,0
12955,668,650,18
12956,126,125,1
12957,415,402,13
12958,54,54,0
12959,158,158,0
12960,116,115,1
12961,155,148,7
12962,401,399,2
12963,632,614,18
12964,209,207,2
12965,316,316,0
12966,336,332,4
12967,63,62,1
12968,260,256,4
12969,766,748,18
12970,378,373,5
12971,73,73,0
12972,71,70,1
12973,137,132,5
12974,163,162,1
12975,154,148,6
12976,130,129,1
12977,114,113,1
12978,568,562,6
12979,106,104,2
12980,123,121,2
12981,141,140,1
12982,198,196,2
12983,160,159,1
12984,122,120,2
12985,88,86,2
12986,61,61,0
12987,139,133,6
12988,120,118,2
12989,114,114,0
12990,115,114,1
12991,178,173,5
12992,46,43,3
12993,117,114,3
12994,150,145,5
12995,349,348,1
12996,374,369,5
12997,328,316,12
12998,317,311,6
12999,257,256,1
13000,157,150,7
13001,151,151,0
13002,265,263,2
13003,104,103,1
13004,127,122,5
13005,158,153,5
13006,128,126,2
13007,132,128,4
13008,187,186,1
13009,150,148,2
13010,267,263,4
13011,141,140,1
13012,146,146,0
13013,500,479,21
13014,110,110,0
13015,201,200,1
13016,168,165,3
13017,269,267,2
13018,322,320,2
13019,176,172,4
13020,140,138,2
13021,158,156,2
13022,911,898,13
13023,304,302,2
13024,251,245,6
13025,161,159,2
13026,349,344,5
13027,139,137,2
13028,318,312,6
13029,163,161,2
13030,430,427,3
13031,336,319,17
13032,121,120,1
13033,437,426,11
13034,175,175,0
13035,200,198,2
13036,181,177,4
13037,278,276,2
13038,183,181,2
13039,148,148,0
13040,208,207,1
13041,214,207,7
13042,310,304,6
13043,169,166,3
13044,91,91,0
13045,117,114,3
13046,137,137,0
13047,143,142,1
13048,193,189,4
13049,247,245,2
13050,163,157,6
13051,315,310,5
13052,131,131,0
13053,123,121,2
13054,596,586,10
13055,358,354,4
13056,323,320,3
13057,294,291,3
13058,197,196,1
13059,238,236,2
13060,118,116,2
13061,154,153,1
13062,162,159,3
13063,158,156,2
13064,200,198,2
13065,164,164,0
13066,358,355,3
13067,471,467,4
13068,161,161,0
13069,168,167,1
13070,205,202,3
13071,315,309,6
13072,131,130,1
13073,215,215,0
13074,236,233,3
13075,502,487,15
13076,202,200,2
13077,73,72,1
13078,111,111,0
13079,148,145,3
13080,91,90,1
13081,172,171,1
13082,89,88,1
13083,163,160,3
13084,109,109,0
13085,197,197,0
13086,222,220,2
13087,181,179,2
13088,450,437,13
13089,148,147,1
13090,288,285,3
13091,77,77,0
13092,92,91,1
13093,165,164,1
13094,197,183,14
13095,44,44,0
13096,234,231,3
13097,465,458,7
13098,170,169,1
13099,418,409,9
13100,307,298,9
13101,906,892,14
13102,486,476,10
13103,225,220,5
13104,304,282,22
13105,106,100,6
13106,57,52,5
13107,134,128,6
13108,273,272,1
13109,746,708,38
13110,130,127,3
13111,63,63,0
13112,122,118,4
13113,158,156,2
13114,201,201,0
13115,169,167,2
13116,324,314,10
13117,207,206,1
13118,176,174,2
13119,457,451,6
13120,621,608,13
13121,191,180,11
13122,174,171,3
13123,341,337,4
13124,181,179,2
13125,165,156,9
13126,203,203,0
13127,663,634,29
13128,235,231,4
13129,108,102,6
13130,71,70,1
13131,182,181,1
13132,137,135,2
13133,172,172,0
13134,286,277,9
13135,136,135,1
13136,218,218,0
13137,266,261,5
13138,172,170,2
13139,127,127,0
13140,138,137,1
13141,423,420,3
13142,533,526,7
13143,153,151,2
13144,141,140,1
13145,139,135,4
13146,222,217,5
13147,615,593,22
13148,173,171,2
13149,310,307,3
13150,233,228,5
13151,84,81,3
13152,100,98,2
13153,142,140,2
13154,160,158,2
13155,59,58,1
13156,239,237,2
13157,243,238,5
13158,392,388,4
13159,172,166,6
13160,160,159,1
13161,217,205,12
13162,48,48,0
13163,78,74,4
13164,145,145,0
13165,141,138,3
13166,126,125,1
13167,133,133,0
13168,633,617,16
13169,35,35,0
13170,146,145,1
13171,141,134,7
13172,139,136,3
13173,159,157,2
13174,80,80,0
13175,66,66,0
13176,166,164,2
13177,172,166,6
13178,66,64,2
13179,169,166,3
13180,293,285,8
13181,270,264,6
13182,159,157,2
13183,224,214,10
13184,61,61,0
13185,122,120,2
13186,538,527,11
13187,541,528,13
13188,182,179,3
13189,135,133,2
13190,177,172,5
13191,132,131,1
13192,232,230,2
13193,190,189,1
13194,325,325,0
13195,369,360,9
13196,151,148,3
13197,168,168,0
13198,175,172,3
13199,130,129,1
13200,168,168,0
13201,111,111,0
13202,135,134,1
13203,134,133,1
13204,277,270,7
13205,117,114,3
13206,143,142,1
13207,251,245,6
13208,194,193,1
13209,126,124,2
13210,323,319,4
13211,558,537,21
13212,107,104,3
13213,209,204,5
13214,92,90,2
13215,576,564,12
13216,119,113,6
13217,325,319,6
13218,180,178,2
13219,315,307,8
13220,547,528,19
13221,306,300,6
13222,311,307,4
13223,392,379,13
13224,266,264,2
13225,255,249,6
13226,132,132,0
13227,149,146,3
13228,232,227,5
13229,211,210,1
13230,119,118,1
13231,447,444,3
13232,298,291,7
13233,454,419,35
13234,286,280,6
13235,214,211,3
13236,110,110,0
13237,166,150,16
13238,145,145,0
13239,157,152,5
13240,605,574,31
13241,188,177,11
13242,128,121,7
13243,201,200,1
13244,258,250,8
13245,173,168,5
13246,304,285,19
13247,249,243,6
13248,186,184,2
13249,63,62,1
13250,56,56,0
13251,59,59,0
13252,54,53,1
13253,524,514,10
13254,123,123,0
13255,647,621,26
13256,44,44,0
13257,131,130,1
13258,184,182,2
13259,102,99,3
13260,407,402,5
13261,127,126,1
13262,331,313,18
13263,51,50,1
13264,347,345,2
13265,717,707,10
13266,307,304,3
13267,213,208,5
13268,153,147,6
13269,790,708,82
13270,110,107,3
13271,139,136,3
13272,131,131,0
13273,140,137,3
13274,156,153,3
13275,110,109,1
13276,246,246,0
13277,446,433,13
13278,357,350,7
13279,71,70,1
13280,200,198,2
13281,106,104,2
13282,79,77,2
13283,162,161,1
13284,375,373,2
13285,354,348,6
13286,202,198,4
13287,275,275,0
13288,476,468,8
13289,103,102,1
13290,110,110,0
13291,248,247,1
13292,399,394,5
13293,131,128,3
13294,113,110,3
13295,207,201,6
13296,153,151,2
13297,153,153,0
13298,389,384,5
13299,222,221,1
13300,165,161,4
13301,328,328,0
13302,344,340,4
13303,174,171,3
13304,145,143,2
13305,136,133,3
13306,172,168,4
13307,295,292,3
13308,274,272,2
13309,359,359,0
13310,716,705,11
13311,165,156,9
13312,103,100,3
13313,189,182,7
13314,253,247,6
13315,190,187,3
13316,94,92,2
13317,344,339,5
13318,190,190,0
13319,111,107,4
13320,141,141,0
13321,357,352,5
13322,112,112,0
13323,362,352,10
13324,555,545,10
13325,190,183,7
13326,147,142,5
13327,217,212,5
13328,152,151,1
13329,126,126,0
13330,140,138,2
13331,272,265,7
13332,526,519,7
13333,130,129,1
13334,171,167,4
13335,158,157,1
13336,124,121,3
13337,116,115,1
13338,295,284,11
13339,314,312,2
13340,104,104,0
13341,283,279,4
13342,121,119,2
13343,130,126,4
13344,112,107,5
13345,152,149,3
13346,96,96,0
13347,167,165,2
13348,435,427,8
13349,309,299,10
13350,99,98,1
13351,109,107,2
13352,74,74,0
13353,448,442,6
13354,185,176,9
13355,139,138,1
13356,142,141,1
13357,149,138,11
13358,201,197,4
13359,262,261,1
13360,178,177,1
13361,235,224,11
13362,219,216,3
13363,423,420,3
13364,43,43,0
13365,445,436,9
13366,125,123,2
13367,184,183,1
13368,146,138,8
13369,43,43,0
13370,1017,976,41
13371,126,121,5
13372,298,294,4
13373,141,133,8
13374,193,189,4
13375,292,286,6
13376,150,149,1
13377,144,144,0
13378,274,263,11
13379,147,146,1
13380,173,165,8
13381,116,114,2
13382,192,186,6
13383,227,222,5
13384,196,186,10
13385,132,129,3
13386,379,371,8
13387,740,727,13
13388,176,176,0
13389,99,94,5
13390,100,94,6
13391,131,130,1
13392,124,121,3
13393,459,444,15
13394,110,108,2
13395,197,193,4
13396,151,149,2
13397,48,48,0
13398,545,533,12
13399,324,313,11
13400,352,343,9
13401,135,133,2
13402,154,154,0
13403,111,108,3
13404,147,146,1
13405,749,738,11
13406,250,245,5
13407,127,126,1
13408,141,140,1
13409,150,149,1
13410,41,40,1
13411,353,350,3
13412,735,728,7
13413,692,672,20
13414,124,122,2
13415,472,460,12
13416,133,132,1
13417,683,675,8
13418,186,186,0
13419,105,103,2
13420,121,119,2
13421,221,220,1
13422,133,131,2
13423,165,164,1
13424,153,153,0
13425,118,115,3
13426,52,51,1
13427,162,156,6
13428,336,331,5
13429,86,86,0
13430,226,225,1
13431,116,116,0
13432,125,122,3
13433,171,170,1
13434,49,47,2
13435,215,212,3
13436,231,228,3
13437,142,140,2
13438,143,143,0
13439,104,102,2
13440,433,429,4
13441,102,99,3
13442,453,443,10
13443,84,83,1
13444,110,103,7
13445,470,453,17
13446,191,184,7
13447,159,157,2
13448,139,138,1
13449,208,208,0
13450,134,132,2
13451,143,141,2
13452,352,348,4
13453,137,133,4
13454,195,190,5
13455,139,134,5
13456,247,242,5
13457,126,125,1
13458,124,121,3
13459,148,146,2
13460,450,441,9
13461,240,238,2
13462,198,189,9
13463,178,175,3
13464,218,214,4
13465,115,115,0
13466,309,302,7
13467,389,388,1
13468,178,178,0
13469,157,155,2
13470,382,368,14
13471,177,171,6
13472,201,196,5
13473,569,556,13
13474,110,110,0
13475,307,303,4
13476,51,48,3
13477,105,101,4
13478,264,261,3
13479,174,173,1
13480,821,816,5
13481,189,186,3
13482,174,171,3
13483,245,240,5
13484,131,128,3
13485,268,256,12
13486,187,187,0
13487,333,327,6
13488,210,207,3
13489,122,121,1
13490,202,199,3
13491,441,433,8
13492,1018,1009,9
13493,146,146,0
13494,714,701,13
13495,229,223,6
13496,163,161,2
13497,360,353,7
13498,147,147,0
13499,219,211,8
13500,160,160,0
13501,482,468,14
13502,173,167,6
13503,166,166,0
13504,262,259,3
13505,151,150,1
13506,84,82,2
13507,132,132,0
13508,142,139,3
13509,174,171,3
13510,195,190,5
13511,147,145,2
13512,154,154,0
13513,531,508,23
13514,133,132,1
13515,187,179,8
13516,296,295,1
13517,480,465,15
13518,270,263,7
13519,689,684,5
13520,346,338,8
13521,191,184,7
13522,286,283,3
13523,112,108,4
13524,152,150,2
13525,289,287,2
13526,201,200,1
13527,138,137,1
13528,288,282,6
13529,155,151,4
13530,338,336,2
13531,175,175,0
13532,108,106,2
13533,190,190,0
13534,32,31,1
13535,117,113,4
13536,236,232,4
13537,68,65,3
13538,463,459,4
13539,150,149,1
13540,105,98,7
13541,268,260,8
13542,193,190,3
13543,66,64,2
13544,81,79,2
13545,653,634,19
13546,283,278,5
13547,102,97,5
13548,305,288,17
13549,284,273,11
13550,165,157,8
13551,91,90,1
13552,45,42,3
13553,174,170,4
13554,140,139,1
13555,441,430,11
13556,164,162,2
13557,214,213,1
13558,170,170,0
13559,300,296,4
13560,247,245,2
13561,143,139,4
13562,441,433,8
13563,217,213,4
13564,416,409,7
13565,89,88,1
13566,157,156,1
13567,341,339,2
13568,510,495,15
13569,188,184,4
13570,179,178,1
13571,127,122,5
13572,395,390,5
13573,241,235,6
13574,218,215,3
13575,294,291,3
13576,205,201,4
13577,292,287,5
13578,137,134,3
13579,99,98,1
13580,72,69,3
13581,177,172,5
13582,198,194,4
13583,48,40,8
13584,126,124,2
13585,165,159,6
13586,245,240,5
13587,135,131,4
13588,143,142,1
13589,35,30,5
13590,276,269,7
13591,109,108,1
13592,83,83,0
13593,153,152,1
13594,82,78,4
13595,73,63,10
13596,362,342,20
13597,155,155,0
13598,436,435,1
13599,136,134,2
13600,135,135,0
13601,208,204,4
13602,133,130,3
13603,119,115,4
13604,50,49,1
13605,60,60,0
13606,157,151,6
13607,71,71,0
13608,166,164,2
13609,228,225,3
13610,266,257,9
13611,1017,1004,13
13612,145,145,0
13613,137,136,1
13614,624,612,12
13615,190,187,3
13616,143,138,5
13617,126,126,0
13618,151,144,7
13619,245,235,10
13620,188,183,5
13621,114,110,4
13622,427,423,4
13623,103,97,6
13624,58,58,0
13625,245,241,4
13626,277,274,3
13627,432,421,11
13628,91,89,2
13629,56,55,1
13630,90,87,3
13631,112,109,3
13632,48,48,0
13633,352,339,13
13634,138,133,5
13635,412,404,8
13636,422,410,12
13637,255,253,2
13638,128,120,8
13639,446,444,2
13640,194,193,1
13641,129,126,3
13642,126,126,0
13643,119,119,0
13644,172,172,0
13645,120,119,1
13646,160,156,4
13647,145,129,16
13648,122,117,5
13649,158,147,11
13650,129,126,3
13651,702,678,24
13652,189,187,2
13653,752,732,20
13654,346,345,1
13655,345,338,7
13656,366,361,5
13657,160,152,8
13658,127,126,1
13659,656,639,17
13660,164,161,3
13661,152,148,4
13662,195,189,6
13663,193,188,5
13664,466,458,8
13665,463,455,8
13666,378,372,6
13667,495,489,6
13668,255,251,4
13669,251,248,3
13670,52,52,0
13671,182,180,2
13672,125,123,2
13673,429,422,7
13674,131,130,1
13675,186,182,4
13676,553,552,1
13677,155,154,1
13678,156,154,2
13679,135,133,2
13680,109,105,4
13681,167,166,1
13682,133,133,0
13683,292,287,5
13684,357,355,2
13685,363,359,4
13686,123,122,1
13687,300,296,4
13688,183,183,0
13689,599,593,6
13690,118,114,4
13691,156,154,2
13692,168,168,0
13693,256,253,3
13694,134,134,0
13695,295,291,4
13696,272,268,4
13697,959,953,6
13698,330,328,2
13699,201,199,2
13700,223,217,6
13701,291,290,1
13702,272,266,6
13703,195,193,2
13704,263,259,4
13705,119,118,1
13706,464,460,4
13707,131,129,2
13708,146,145,1
13709,441,435,6
13710,410,403,7
13711,733,723,10
13712,31,31,0
13713,143,141,2
13714,62,60,2
13715,54,54,0
13716,147,146,1
13717,139,136,3
13718,48,46,2
13719,128,127,1
13720,502,495,7
13721,970,957,13
13722,168,168,0
13723,207,204,3
13724,162,158,4
13725,129,125,4
13726,65,65,0
13727,226,221,5
13728,152,151,1
13729,131,131,0
13730,238,234,4
13731,203,195,8
13732,118,116,2
13733,161,159,2
13734,381,372,9
13735,393,389,4
13736,323,314,9
13737,133,128,5
13738,199,193,6
13739,118,114,4
13740,146,146,0
13741,99,96,3
13742,164,162,2
13743,313,312,1
13744,200,197,3
13745,225,218,7
13746,208,207,1
13747,135,133,2
13748,308,298,10
13749,257,248,9
13750,421,417,4
13751,268,263,5
13752,312,298,14
13753,140,138,2
13754,82,81,1
13755,263,259,4
13756,40,37,3
13757,59,59,0
13758,112,110,2
13759,144,141,3
13760,666,656,10
13761,54,54,0
13762,304,297,7
13763,89,88,1
13764,89,87,2
13765,138,135,3
13766,194,194,0
13767,74,73,1
13768,123,117,6
13769,156,154,2
13770,234,232,2
13771,105,103,2
13772,148,145,3
13773,159,155,4
13774,135,133,2
13775,78,76,2
13776,53,52,1
13777,327,323,4
13778,214,212,2
13779,110,110,0
13780,123,122,1
13781,39,35,4
13782,56,55,1
13783,287,285,2
13784,151,151,0
13785,395,388,7
13786,745,732,13
13787,102,99,3
13788,315,309,6
13789,943,914,29
13790,126,123,3
13791,140,137,3
13792,281,277,4
13793,154,149,5
13794,302,299,3
13795,242,238,4
13796,96,94,2
13797,174,167,7
13798,179,173,6
13799,451,445,6
13800,209,198,11
13801,203,196,7
13802,116,116,0
13803,389,381,8
13804,217,211,6
13805,672,662,10
13806,138,136,2
13807,155,148,7
13808,179,175,4
13809,203,197,6
13810,139,136,3
13811,563,548,15
13812,488,479,9
13813,123,120,3
13814,166,157,9
13815,88,88,0
13816,292,282,10
13817,174,170,4
13818,371,364,7
13819,164,163,1
13820,293,280,13
13821,321,312,9
13822,284,279,5
13823,540,531,9
13824,278,274,4
13825,355,352,3
13826,429,425,4
13827,121,120,1
13828,115,115,0
13829,298,292,6
13830,369,358,11
13831,351,348,3
13832,141,137,4
13833,256,255,1
13834,180,180,0
13835,639,623,16
13836,122,120,2
13837,419,409,10
13838,170,162,8
13839,133,131,2
13840,166,166,0
13841,110,108,2
13842,97,95,2
13843,640,633,7
13844,154,153,1
13845,215,207,8
13846,79,79,0
13847,54,50,4
13848,32,31,1
13849,193,186,7
13850,301,299,2
13851,314,305,9
13852,190,187,3
13853,262,259,3
13854,61,57,4
13855,217,214,3
13856,204,197,7
13857,93,92,1
13858,192,191,1
13859,52,50,2
13860,126,126,0
13861,96,93,3
13862,84,82,2
13863,342,334,8
13864,159,155,4
13865,190,189,1
13866,144,141,3
13867,255,252,3
13868,181,175,6
13869,81,77,4
13870,183,175,8
13871,744,725,19
13872,206,205,1
13873,134,132,2
13874,145,143,2
13875,201,186,15
13876,130,130,0
13877,114,110,4
13878,571,562,9
13879,652,637,15
13880,152,152,0
13881,160,156,4
13882,410,409,1
13883,118,118,0
13884,189,187,2
13885,172,160,12
13886,146,140,6
13887,99,99,0
13888,218,216,2
13889,56,56,0
13890,157,157,0
13891,134,132,2
13892,186,183,3
13893,151,148,3
13894,158,154,4
13895,132,125,7
13896,268,267,1
13897,214,210,4
13898,192,185,7
13899,73,73,0
13900,211,204,7
13901,369,355,14
13902,367,355,12
13903,298,295,3
13904,342,337,5
13905,197,196,1
13906,197,196,1
13907,197,196,1
13908,81,77,4
13909,144,136,8
13910,214,211,3
13911,144,143,1
13912,319,312,7
13913,143,141,2
13914,139,136,3
13915,222,213,9
13916,357,344,13
13917,458,448,10
13918,514,499,15
13919,113,110,3
13920,112,108,4
13921,153,153,0
13922,302,289,13
13923,116,108,8
13924,443,440,3
13925,749,736,13
13926,323,317,6
13927,238,237,1
13928,354,351,3
13929,159,155,4
13930,51,51,0
13931,471,462,9
13932,152,149,3
13933,67,67,0
13934,48,48,0
13935,123,122,1
13936,360,358,2
13937,311,308,3
13938,360,359,1
13939,179,175,4
13940,169,162,7
13941,278,277,1
13942,915,892,23
13943,155,153,2
13944,189,186,3
13945,305,303,2
13946,373,356,17
13947,546,543,3
13948,33,32,1
13949,89,86,3
13950,129,129,0
13951,123,119,4
13952,72,71,1
13953,186,183,3
13954,99,99,0
13955,133,130,3
13956,197,185,12
13957,157,154,3
13958,42,42,0
13959,230,224,6
13960,103,103,0
13961,171,165,6
13962,168,164,4
13963,189,179,10
13964,35,35,0
13965,130,129,1
13966,127,127,0
13967,154,149,5
13968,145,142,3
13969,164,161,3
13970,119,118,1
13971,362,357,5
13972,304,287,17
13973,93,92,1
13974,143,143,0
13975,172,171,1
13976,149,149,0
13977,224,218,6
13978,198,191,7
13979,85,83,2
13980,40,38,2
13981,147,144,3
13982,174,167,7
13983,137,135,2
13984,353,345,8
13985,115,114,1
13986,108,104,4
13987,172,170,2
13988,372,367,5
13989,237,231,6
13990,105,98,7
13991,179,177,2
13992,401,389,12
13993,266,263,3
13994,117,113,4
13995,419,408,11
13996,119,119,0
13997,163,160,3
13998,121,117,4
13999,254,253,1
14000,308,308,0
14001,243,233,10
14002,434,428,6
14003,164,158,6
14004,287,283,4
14005,778,766,12
14006,399,395,4
14007,132,129,3
14008,405,399,6
14009,218,216,2
14010,87,86,1
14011,222,217,5
14012,122,118,4
14013,192,186,6
14014,152,152,0
14015,151,151,0
14016,50,50,0
14017,193,189,4
14018,178,178,0
14019,137,135,2
14020,360,351,9
14021,105,102,3
14022,699,679,20
14023,626,622,4
14024,137,137,0
14025,287,283,4
14026,139,135,4
14027,47,43,4
14028,122,118,4
14029,198,196,2
14030,190,185,5
14031,165,165,0
14032,52,52,0
14033,135,133,2
14034,515,501,14
14035,181,174,7
14036,230,225,5
14037,162,160,2
14038,161,151,10
14039,69,69,0
14040,87,86,1
14041,47,46,1
14042,324,321,3
14043,174,172,2
14044,265,255,10
14045,195,191,4
14046,527,517,10
14047,154,152,2
14048,318,312,6
14049,350,345,5
14050,209,203,6
14051,87,81,6
14052,105,101,4
14053,54,54,0
14054,134,134,0
14055,137,136,1
14056,146,136,10
14057,304,292,12
14058,92,91,1
14059,288,285,3
14060,439,426,13
14061,246,241,5
14062,267,265,2
14063,84,81,3
14064,78,78,0
14065,247,243,4
14066,94,94,0
14067,180,175,5
14068,202,198,4
14069,165,165,0
14070,223,216,7
14071,657,654,3
14072,454,444,10
14073,374,369,5
14074,242,233,9
14075,168,164,4
14076,120,118,2
14077,175,169,6
14078,158,156,2
14079,210,205,5
14080,378,372,6
14081,246,240,6
14082,278,270,8
14083,134,128,6
14084,91,91,0
14085,274,273,1
14086,51,51,0
14087,132,130,2
14088,49,48,1
14089,89,88,1
14090,144,141,3
14091,354,352,2
14092,292,290,2
14093,29,29,0
14094,149,148,1
14095,238,231,7
14096,112,110,2
14097,176,173,3
14098,133,132,1
14099,153,152,1
14100,347,340,7
14101,70,69,1
14102,133,130,3
14103,179,178,1
14104,137,133,4
14105,241,239,2
14106,267,265,2
14107,203,199,4
14108,124,123,1
14109,180,176,4
14110,100,97,3
14111,274,267,7
14112,590,574,16
14113,106,104,2
14114,228,221,7
14115,168,165,3
14116,80,79,1
14117,408,405,3
14118,113,111,2
14119,304,301,3
14120,198,192,6
14121,183,183,0
14122,71,71,0
14123,179,173,6
14124,286,284,2
14125,292,290,2
14126,239,236,3
14127,180,177,3
14128,670,664,6
14129,159,158,1
14130,213,212,1
14131,138,138,0
14132,170,169,1
14133,388,383,5
14134,93,89,4
14135,158,158,0
14136,233,231,2
14137,64,63,1
14138,160,159,1
14139,144,139,5
14140,304,304,0
14141,294,283,11
14142,79,78,1
14143,98,97,1
14144,293,290,3
14145,546,537,9
14146,285,283,2
14147,160,159,1
14148,147,147,0
14149,301,287,14
14150,167,163,4
14151,234,231,3
14152,131,131,0
14153,169,168,1
14154,136,135,1
14155,92,91,1
14156,214,202,12
14157,208,205,3
14158,114,112,2
14159,228,228,0
14160,119,118,1
14161,115,114,1
14162,178,178,0
14163,193,192,1
14164,228,224,4
14165,62,62,0
14166,418,416,2
14167,194,192,2
14168,155,154,1
14169,115,114,1
14170,147,146,1
14171,128,124,4
14172,146,143,3
14173,118,116,2
14174,139,137,2
14175,159,158,1
14176,146,145,1
14177,112,110,2
14178,392,384,8
14179,235,228,7
14180,194,192,2
14181,121,121,0
14182,108,106,2
14183,93,91,2
14184,530,515,15
14185,409,392,17
14186,277,275,2
14187,313,302,11
14188,136,135,1
14189,161,155,6
14190,77,76,1
14191,171,167,4
14192,154,153,1
14193,219,217,2
14194,409,391,18
14195,302,293,9
14196,155,153,2
14197,143,138,5
14198,143,143,0
14199,133,132,1
14200,385,376,9
14201,177,177,0
14202,460,450,10
14203,441,436,5
14204,116,113,3
14205,105,104,1
14206,208,206,2
14207,612,600,12
14208,214,205,9
14209,162,159,3
14210,311,307,4
14211,59,57,2
14212,197,193,4
14213,371,347,24
14214,184,179,5
14215,219,213,6
14216,371,361,10
14217,113,111,2
14218,596,593,3
14219,329,318,11
14220,370,364,6
14221,543,531,12
14222,313,300,13
14223,54,53,1
14224,51,50,1
14225,90,89,1
14226,96,94,2
14227,51,50,1
14228,32,32,0
14229,118,118,0
14230,151,143,8
14231,84,82,2
14232,241,236,5
14233,179,177,2
14234,218,214,4
14235,126,126,0
14236,75,73,2
14237,102,101,1
14238,194,189,5
14239,224,222,2
14240,116,108,8
14241,574,565,9
14242,243,235,8
14243,125,125,0
14244,113,111,2
14245,281,281,0
14246,148,141,7
14247,171,168,3
14248,343,332,11
14249,159,159,0
14250,146,139,7
14251,195,183,12
14252,203,198,5
14253,124,121,3
14254,337,337,0
14255,377,372,5
14256,326,323,3
14257,121,120,1
14258,184,177,7
14259,428,420,8
14260,321,304,17
14261,233,229,4
14262,278,272,6
14263,503,494,9
14264,500,479,21
14265,185,182,3
14266,130,130,0
14267,532,521,11
14268,127,126,1
14269,193,193,0
14270,584,582,2
14271,116,115,1
14272,312,303,9
14273,128,127,1
14274,232,228,4
14275,148,145,3
14276,299,297,2
14277,115,110,5
14278,588,577,11
14279,168,163,5
14280,602,600,2
14281,562,546,16
14282,153,151,2
14283,177,175,2
14284,279,277,2
14285,503,500,3
14286,108,102,6
14287,241,234,7
14288,213,211,2
14289,106,106,0
14290,109,108,1
14291,81,74,7
14292,188,187,1
14293,418,408,10
14294,52,46,6
14295,44,44,0
14296,258,256,2
14297,288,282,6
14298,210,203,7
14299,701,687,14
14300,170,162,8
14301,322,313,9
14302,72,68,4
14303,196,195,1
14304,165,164,1
14305,359,349,10
14306,452,444,8
14307,810,798,12
14308,153,150,3
14309,566,563,3
14310,167,166,1
14311,810,798,12
14312,94,88,6
14313,73,72,1
14314,166,158,8
14315,161,156,5
14316,107,104,3
14317,131,129,2
14318,354,348,6
14319,208,205,3
14320,109,108,1
14321,185,182,3
14322,72,71,1
14323,148,146,2
14324,235,234,1
14325,430,424,6
14326,218,218,0
14327,143,141,2
14328,78,77,1
14329,262,262,0
14330,96,95,1
14331,296,293,3
14332,134,131,3
14333,169,168,1
14334,139,138,1
14335,152,145,7
14336,440,432,8
14337,131,128,3
14338,127,127,0
14339,285,282,3
14340,128,128,0
14341,128,128,0
14342,214,203,11
14343,102,99,3
14344,207,205,2
14345,191,169,22
14346,215,213,2
14347,95,93,2
14348,110,102,8
14349,108,107,1
14350,197,195,2
14351,123,123,0
14352,227,225,2
14353,318,311,7
14354,401,392,9
14355,145,140,5
14356,117,116,1
14357,170,169,1
14358,178,174,4
14359,125,124,1
14360,346,341,5
14361,147,147,0
14362,230,226,4
14363,372,363,9
14364,174,169,5
14365,217,212,5
14366,111,110,1
14367,375,369,6
14368,135,133,2
14369,133,133,0
14370,137,135,2
14371,207,206,1
14372,124,124,0
14373,112,110,2
14374,130,129,1
14375,268,263,5
14376,338,334,4
14377,114,114,0
14378,114,111,3
14379,119,118,1
14380,277,273,4
14381,153,152,1
14382,192,191,1
14383,412,406,6
14384,298,296,2
14385,121,117,4
14386,121,119,2
14387,208,206,2
14388,194,191,3
14389,192,191,1
14390,402,394,8
14391,274,266,8
14392,222,217,5
14393,45,44,1
14394,167,162,5
14395,175,174,1
14396,629,621,8
14397,204,204,0
14398,302,299,3
14399,555,547,8
14400,327,325,2
14401,262,257,5
14402,269,264,5
14403,284,282,2
14404,57,57,0
14405,197,193,4
14406,335,327,8
14407,143,140,3
14408,175,174,1
14409,69,67,2
14410,126,123,3
14411,134,134,0
14412,215,196,19
14413,126,123,3
14414,56,56,0
14415,152,146,6
14416,153,151,2
14417,191,190,1
14418,65,65,0
14419,121,118,3
14420,93,92,1
14421,150,146,4
14422,52,50,2
14423,329,325,4
14424,109,107,2
14425,94,91,3
14426,272,266,6
14427,804,797,7
14428,111,110,1
14429,121,117,4
14430,88,87,1
14431,787,767,20
14432,170,168,2
14433,502,498,4
14434,65,60,5
14435,92,89,3
14436,189,188,1
14437,58,54,4
14438,205,204,1
14439,469,464,5
14440,151,151,0
14441,144,143,1
14442,745,736,9
14443,117,117,0
14444,119,116,3
14445,226,221,5
14446,655,646,9
14447,344,339,5
14448,826,816,10
14449,345,339,6
14450,1011,982,29
14451,213,206,7
14452,29,28,1
14453,189,185,4
14454,586,578,8
14455,338,337,1
14456,354,348,6
14457,139,130,9
14458,142,139,3
14459,148,144,4
14460,231,230,1
14461,83,83,0
14462,114,112,2
14463,61,59,2
14464,40,38,2
14465,90,90,0
14466,502,493,9
14467,119,114,5
14468,231,227,4
14469,190,188,2
14470,228,224,4
14471,160,159,1
14472,268,265,3
14473,146,138,8
14474,113,111,2
14475,180,176,4
14476,131,125,6
14477,123,122,1
14478,203,199,4
14479,146,140,6
14480,60,58,2
14481,106,105,1
14482,171,165,6
14483,222,219,3
14484,480,469,11
14485,276,270,6
14486,731,720,11
14487,381,372,9
14488,287,274,13
14489,160,157,3
14490,141,138,3
14491,172,168,4
14492,240,238,2
14493,247,241,6
14494,388,382,6
14495,241,237,4
14496,124,121,3
14497,117,114,3
14498,130,130,0
14499,130,130,0
14500,130,128,2
14501,428,409,19
14502,944,933,11
14503,258,256,2
14504,138,135,3
14505,198,193,5
14506,143,141,2
14507,147,145,2
14508,263,258,5
14509,317,310,7
14510,119,117,2
14511,353,340,13
14512,291,286,5
14513,160,156,4
14514,661,648,13
14515,66,63,3
14516,345,339,6
14517,407,400,7
14518,222,218,4
14519,407,401,6
14520,753,747,6
14521,147,146,1
14522,720,708,12
14523,348,338,10
14524,65,64,1
14525,81,81,0
14526,56,54,2
14527,40,40,0
14528,382,376,6
14529,307,303,4
14530,358,346,12
14531,253,246,7
14532,180,176,4
14533,225,209,16
14534,105,104,1
14535,192,187,5
14536,314,312,2
14537,116,112,4
14538,285,278,7
14539,206,197,9
14540,118,112,6
14541,105,102,3
14542,184,178,6
14543,368,361,7
14544,133,130,3
14545,305,292,13
14546,335,328,7
14547,120,119,1
14548,241,237,4
14549,135,130,5
14550,734,721,13
14551,207,201,6
14552,234,229,5
14553,219,210,9
14554,197,197,0
14555,63,60,3
14556,75,75,0
14557,226,224,2
14558,178,174,4
14559,328,315,13
14560,439,427,12
14561,164,162,2
14562,469,460,9
14563,123,123,0
14564,122,120,2
14565,119,113,6
14566,936,922,14
14567,198,195,3
14568,113,113,0
14569,147,147,0
14570,84,84,0
14571,159,156,3
14572,112,111,1
14573,300,298,2
14574,135,135,0
14575,131,130,1
14576,147,145,2
14577,278,265,13
14578,330,325,5
14579,661,642,19
14580,147,145,2
14581,390,378,12
14582,226,226,0
14583,228,221,7
14584,185,184,1
14585,742,726,16
14586,186,183,3
14587,169,167,2
14588,48,48,0
14589,211,211,0
14590,442,439,3
14591,520,509,11
14592,270,264,6
14593,225,221,4
14594,332,327,5
14595,118,116,2
14596,133,128,5
14597,362,356,6
14598,275,273,2
14599,150,148,2
14600,354,346,8
14601,176,172,4
14602,166,162,4
14603,152,151,1
14604,197,194,3
14605,222,221,1
14606,524,514,10
14607,127,125,2
14608,203,200,3
14609,135,135,0
14610,171,169,2
14611,279,273,6
14612,351,340,11
14613,697,692,5
14614,59,58,1
14615,137,131,6
14616,39,38,1
14617,148,147,1
14618,67,65,2
14619,114,110,4
14620,77,76,1
14621,302,296,6
14622,148,142,6
14623,123,123,0
14624,86,80,6
14625,62,61,1
14626,287,285,2
14627,409,400,9
14628,293,284,9
14629,164,161,3
14630,61,61,0
14631,136,136,0
14632,196,193,3
14633,272,264,8
14634,262,257,5
14635,343,335,8
14636,254,247,7
14637,195,195,0
14638,515,500,15
14639,123,122,1
14640,416,408,8
14641,449,435,14
14642,534,520,14
14643,241,233,8
14644,271,267,4
14645,134,129,5
14646,125,122,3
14647,120,117,3
14648,423,408,15
14649,254,237,17
14650,290,285,5
14651,149,148,1
14652,181,179,2
14653,126,125,1
14654,143,138,5
14655,142,140,2
14656,134,129,5
14657,210,206,4
14658,138,135,3
14659,133,133,0
14660,127,127,0
14661,468,454,14
14662,125,121,4
14663,172,170,2
14664,156,151,5
14665,383,378,5
14666,404,402,2
14667,161,159,2
14668,247,244,3
14669,437,431,6
14670,261,251,10
14671,234,231,3
14672,908,887,21
14673,133,131,2
14674,141,141,0
14675,654,639,15
14676,194,191,3
14677,151,150,1
14678,150,148,2
14679,163,159,4
14680,437,431,6
14681,224,219,5
14682,980,972,8
14683,186,180,6
14684,138,133,5
14685,139,135,4
14686,175,174,1
14687,380,374,6
14688,502,488,14
14689,262,260,2
14690,137,136,1
14691,271,267,4
14692,104,103,1
14693,140,140,0
14694,217,214,3
14695,149,145,4
14696,404,383,21
14697,173,169,4
14698,210,207,3
14699,347,339,8
14700,148,147,1
14701,129,128,1
14702,96,95,1
14703,226,222,4
14704,335,332,3
14705,356,354,2
14706,271,269,2
14707,131,129,2
14708,386,380,6
14709,54,52,2
14710,148,145,3
14711,290,282,8
14712,123,123,0
14713,207,203,4
14714,288,282,6
14715,131,130,1
14716,251,250,1
14717,205,201,4
14718,447,442,5
14719,457,443,14
14720,123,117,6
14721,128,128,0
14722,188,183,5
14723,193,189,4
14724,93,93,0
14725,127,126,1
14726,53,53,0
14727,90,87,3
14728,58,58,0
14729,130,127,3
14730,125,118,7
14731,99,98,1
14732,122,119,3
14733,67,65,2
14734,64,61,3
14735,426,418,8
14736,147,146,1
14737,21,21,0
14738,276,264,12
14739,90,89,1
14740,349,340,9
14741,129,128,1
14742,132,129,3
14743,36,36,0
14744,194,192,2
14745,154,150,4
14746,379,370,9
14747,454,447,7
14748,122,116,6
14749,119,119,0
14750,250,248,2
14751,239,232,7
14752,147,145,2
14753,136,135,1
14754,143,139,4
14755,175,173,2
14756,181,175,6
14757,119,113,6
14758,185,184,1
14759,319,313,6
14760,175,174,1
14761,130,129,1
14762,130,127,3
14763,259,254,5
14764,796,786,10
14765,182,180,2
14766,198,193,5
14767,119,118,1
14768,157,154,3
14769,224,223,1
14770,301,298,3
14771,402,395,7
14772,311,307,4
14773,254,252,2
14774,184,181,3
14775,191,190,1
14776,253,249,4
14777,106,103,3
14778,392,383,9
14779,68,68,0
14780,56,55,1
14781,199,196,3
14782,187,186,1
14783,212,212,0
14784,141,138,3
14785,211,206,5
14786,117,114,3
14787,121,120,1
14788,165,163,2
14789,94,94,0
14790,113,111,2
14791,136,133,3
14792,58,57,1
14793,76,76,0
14794,157,152,5
14795,330,327,3
14796,89,88,1
14797,155,154,1
14798,192,189,3
14799,142,140,2
14800,209,204,5
14801,202,202,0
14802,137,137,0
14803,46,45,1
14804,131,127,4
14805,195,191,4
14806,51,51,0
14807,35,34,1
14808,161,151,10
14809,138,136,2
14810,265,258,7
14811,384,373,11
14812,188,178,10
14813,129,129,0
14814,158,158,0
14815,178,176,2
14816,71,70,1
14817,245,242,3
14818,395,388,7
14819,902,893,9
14820,105,104,1
14821,165,165,0
14822,122,121,1
14823,203,199,4
14824,186,184,2
14825,140,138,2
14826,205,200,5
14827,86,86,0
14828,119,117,2
14829,165,159,6
14830,206,203,3
14831,60,56,4
14832,365,365,0
14833,170,168,2
14834,19,19,0
14835,170,166,4
14836,52,48,4
14837,58,58,0
14838,201,199,2
14839,167,161,6
14840,324,321,3
14841,163,159,4
14842,99,97,2
14843,130,130,0
14844,150,149,1
14845,217,212,5
14846,110,108,2
14847,138,131,7
14848,578,562,16
14849,108,106,2
14850,159,152,7
14851,584,572,12
14852,1002,970,32
14853,331,325,6
14854,147,138,9
14855,144,142,2
14856,161,156,5
14857,145,143,2
14858,118,114,4
14859,122,117,5
14860,132,131,1
14861,222,215,7
14862,137,131,6
14863,64,62,2
14864,79,79,0
14865,118,115,3
14866,73,73,0
14867,78,77,1
14868,228,222,6
14869,297,292,5
14870,236,231,5
14871,91,91,0
14872,94,93,1
14873,155,155,0
14874,98,97,1
14875,555,548,7
14876,258,253,5
14877,63,61,2
14878,119,117,2
14879,344,335,9
14880,201,198,3
14881,239,236,3
14882,96,94,2
14883,98,95,3
14884,276,264,12
14885,116,116,0
14886,245,238,7
14887,289,277,12
14888,90,85,5
14889,47,46,1
14890,234,226,8
14891,118,116,2
14892,147,146,1
14893,447,441,6
14894,127,125,2
14895,125,123,2
14896,296,290,6
14897,171,165,6
14898,124,123,1
14899,69,69,0
14900,238,235,3
14901,564,550,14
14902,503,488,15
14903,556,548,8
14904,50,48,2
14905,67,67,0
14906,70,70,0
14907,136,135,1
14908,115,114,1
14909,148,147,1
14910,267,264,3
14911,291,289,2
14912,300,296,4
14913,214,207,7
14914,201,188,13
14915,358,353,5
14916,183,180,3
14917,42,42,0
14918,320,314,6
14919,229,216,13
14920,153,150,3
14921,435,426,9
14922,133,132,1
14923,369,368,1
14924,93,90,3
14925,46,45,1
14926,283,276,7
14927,673,664,9
14928,148,147,1
14929,195,194,1
14930,137,136,1
14931,173,170,3
14932,70,67,3
14933,136,131,5
14934,330,324,6
14935,242,237,5
14936,160,156,4
14937,263,259,4
14938,187,186,1
14939,120,120,0
14940,50,50,0
14941,80,79,1
14942,262,255,7
14943,339,336,3
14944,294,289,5
14945,178,173,5
14946,44,40,4
14947,89,88,1
14948,50,49,1
14949,70,70,0
14950,226,222,4
14951,437,423,14
14952,132,131,1
14953,85,84,1
14954,178,177,1
14955,240,237,3
14956,333,328,5
14957,126,123,3
14958,308,298,10
14959,184,182,2
14960,79,78,1
14961,140,137,3
14962,234,231,3
14963,210,207,3
14964,216,212,4
14965,186,184,2
14966,140,138,2
14967,198,193,5
14968,120,118,2
14969,161,155,6
14970,166,164,2
14971,247,244,3
14972,139,139,0
14973,266,256,10
14974,196,193,3
14975,229,228,1
14976,324,321,3
14977,127,126,1
14978,356,352,4
14979,204,200,4
14980,339,337,2
14981,167,164,3
14982,237,236,1
14983,152,150,2
14984,133,133,0
14985,119,117,2
14986,136,135,1
14987,163,162,1
14988,134,132,2
14989,124,121,3
14990,152,151,1
14991,240,228,12
14992,173,172,1
14993,380,370,10
14994,600,589,11
14995,934,924,10
14996,146,143,3
14997,52,52,0
14998,376,372,4
14999,515,511,4
15000,52,52,0
15001,224,221,3
15002,188,186,2
15003,50,50,0
15004,187,185,2
15005,44,44,0
15006,369,361,8
15007,141,130,11
15008,215,213,2
15009,372,362,10
15010,166,159,7
15011,221,219,2
15012,149,148,1
15013,157,152,5
15014,228,227,1
15015,180,180,0
15016,281,280,1
15017,342,341,1
15018,474,463,11
15019,150,149,1
15020,175,175,0
15021,332,330,2
15022,185,183,2
15023,432,418,14
15024,296,293,3
15025,144,143,1
15026,156,153,3
15027,42,42,0
15028,216,210,6
15029,223,212,11
15030,135,131,4
15031,127,126,1
15032,321,313,8
15033,115,110,5
15034,144,143,1
15035,36,36,0
15036,74,74,0
15037,51,50,1
15038,115,112,3
15039,60,59,1
15040,93,92,1
15041,141,140,1
15042,167,163,4
15043,264,249,15
15044,186,185,1
15045,114,112,2
15046,228,227,1
15047,328,321,7
15048,143,141,2
15049,121,118,3
15050,284,277,7
15051,55,54,1
15052,45,42,3
15053,182,180,2
15054,258,250,8
15055,190,188,2
15056,229,228,1
15057,157,156,1
15058,129,127,2
15059,155,153,2
15060,75,74,1
15061,234,233,1
15062,110,108,2
15063,313,308,5
15064,139,136,3
15065,122,118,4
15066,117,114,3
15067,132,131,1
15068,153,147,6
15069,142,140,2
15070,219,215,4
15071,526,514,12
15072,204,195,9
15073,253,249,4
15074,129,125,4
15075,163,157,6
15076,131,130,1
15077,251,244,7
15078,278,275,3
15079,125,125,0
15080,167,167,0
15081,177,173,4
15082,134,131,3
15083,102,100,2
15084,144,141,3
15085,125,123,2
15086,405,397,8
15087,250,246,4
15088,143,141,2
15089,342,337,5
15090,148,148,0
15091,190,187,3
15092,136,135,1
15093,184,180,4
15094,71,71,0
15095,167,165,2
15096,124,117,7
15097,79,79,0
15098,99,99,0
15099,129,125,4
15100,321,314,7
15101,165,162,3
15102,78,76,2
15103,302,295,7
15104,124,122,2
15105,244,240,4
15106,277,271,6
15107,277,271,6
15108,518,507,11
15109,159,159,0
15110,129,128,1
15111,511,505,6
15112,180,178,2
15113,334,330,4
15114,504,492,12
15115,128,123,5
15116,540,531,9
15117,363,352,11
15118,142,140,2
15119,126,123,3
15120,314,313,1
15121,137,135,2
15122,122,121,1
15123,129,128,1
15124,222,219,3
15125,152,151,1
15126,166,165,1
15127,98,93,5
15128,218,206,12
15129,174,172,2
15130,675,658,17
15131,317,304,13
15132,145,143,2
15133,128,126,2
15134,139,133,6
15135,126,121,5
15136,480,475,5
15137,167,167,0
15138,308,303,5
15139,178,176,2
15140,110,109,1
15141,150,148,2
15142,124,122,2
15143,181,180,1
15144,107,105,2
15145,460,450,10
15146,368,358,10
15147,354,345,9
15148,304,293,11
15149,204,198,6
15150,133,126,7
15151,164,162,2
15152,239,235,4
15153,220,217,3
15154,608,590,18
15155,484,477,7
15156,264,257,7
15157,376,372,4
15158,312,308,4
15159,42,42,0
15160,403,395,8
15161,145,143,2
15162,398,396,2
15163,89,89,0
15164,676,671,5
15165,220,220,0
15166,136,134,2
15167,73,71,2
15168,224,219,5
15169,241,235,6
15170,207,207,0
15171,93,90,3
15172,196,193,3
15173,133,132,1
15174,393,387,6
15175,834,825,9
15176,273,270,3
15177,139,138,1
15178,418,416,2
15179,74,72,2
15180,126,121,5
15181,221,221,0
15182,182,182,0
15183,138,136,2
15184,156,155,1
15185,434,427,7
15186,371,365,6
15187,273,263,10
15188,150,148,2
15189,75,71,4
15190,289,283,6
15191,213,204,9
15192,266,261,5
15193,350,340,10
15194,396,392,4
15195,162,160,2
15196,498,494,4
15197,119,119,0
15198,121,120,1
15199,168,168,0
15200,263,254,9
15201,243,235,8
15202,206,200,6
15203,149,148,1
15204,500,485,15
15205,227,224,3
15206,172,169,3
15207,231,227,4
15208,44,44,0
15209,212,208,4
15210,152,145,7
15211,110,104,6
15212,150,149,1
15213,85,85,0
15214,157,156,1
15215,337,332,5
15216,128,126,2
15217,128,126,2
15218,145,142,3
15219,139,134,5
15220,276,275,1
15221,119,117,2
15222,122,120,2
15223,124,122,2
15224,56,55,1
15225,134,127,7
15226,136,131,5
15227,60,60,0
15228,79,79,0
15229,80,77,3
15230,94,94,0
15231,116,116,0
15232,210,203,7
15233,319,307,12
15234,947,940,7
15235,232,228,4
15236,151,149,2
15237,46,45,1
15238,555,532,23
15239,882,855,27
15240,663,652,11
15241,248,237,11
15242,317,308,9
15243,178,177,1
15244,290,288,2
15245,420,411,9
15246,200,196,4
15247,175,172,3
15248,511,507,4
15249,265,248,17
15250,300,294,6
15251,237,230,7
15252,262,257,5
15253,490,482,8
15254,241,237,4
15255,151,145,6
15256,182,176,6
15257,386,382,4
15258,581,562,19
15259,1124,1115,9
15260,168,164,4
15261,99,96,3
15262,262,254,8
15263,156,146,10
15264,324,311,13
15265,156,153,3
15266,979,932,47
15267,394,387,7
15268,129,123,6
15269,564,532,32
15270,201,199,2
15271,469,452,17
15272,126,125,1
15273,271,259,12
15274,170,167,3
15275,145,141,4
15276,140,138,2
15277,360,355,5
15278,386,374,12
15279,153,151,2
15280,162,156,6
15281,127,123,4
15282,274,270,4
15283,121,116,5
15284,145,144,1
15285,176,173,3
15286,120,113,7
15287,139,135,4
15288,138,138,0
15289,211,208,3
15290,46,46,0
15291,95,93,2
15292,196,193,3
15293,181,177,4
15294,177,173,4
15295,991,973,18
15296,441,434,7
15297,550,538,12
15298,178,176,2
15299,214,208,6
15300,171,164,7
15301,96,90,6
15302,123,121,2
15303,234,232,2
15304,153,148,5
15305,164,162,2
15306,131,130,1
15307,202,199,3
15308,167,166,1
15309,309,308,1
15310,246,240,6
15311,243,235,8
15312,194,194,0
15313,168,162,6
15314,126,126,0
15315,165,163,2
15316,126,124,2
15317,177,168,9
15318,141,140,1
15319,124,124,0
15320,144,144,0
15321,562,554,8
15322,123,119,4
15323,126,124,2
15324,286,280,6
15325,173,172,1
15326,183,178,5
15327,211,208,3
15328,148,146,2
15329,219,218,1
15330,154,150,4
15331,142,140,2
15332,118,116,2
15333,290,290,0
15334,142,140,2
15335,195,194,1
15336,194,192,2
15337,219,217,2
15338,134,132,2
15339,104,102,2
15340,180,179,1
15341,154,153,1
15342,163,161,2
15343,217,206,11
15344,167,166,1
15345,137,134,3
15346,244,241,3
15347,139,135,4
15348,291,284,7
15349,214,211,3
15350,245,238,7
15351,147,146,1
15352,361,355,6
15353,496,491,5
15354,485,483,2
15355,749,734,15
15356,102,102,0
15357,50,49,1
15358,174,170,4
15359,110,108,2
15360,99,98,1
15361,129,125,4
15362,189,187,2
15363,77,75,2
15364,165,164,1
15365,772,758,14
15366,256,254,2
15367,84,83,1
15368,44,44,0
15369,117,113,4
15370,90,90,0
15371,60,60,0
15372,738,725,13
15373,57,56,1
15374,132,132,0
15375,120,118,2
15376,155,152,3
15377,228,228,0
15378,270,263,7
15379,625,603,22
15380,437,426,11
15381,383,377,6
15382,265,255,10
15383,302,299,3
15384,137,137,0
15385,424,419,5
15386,251,249,2
15387,162,159,3
15388,120,116,4
15389,145,144,1
15390,136,135,1
15391,148,145,3
15392,342,338,4
15393,798,788,10
15394,231,226,5
15395,167,163,4
15396,211,208,3
15397,384,376,8
15398,854,847,7
15399,275,272,3
15400,388,388,0
15401,174,170,4
15402,114,110,4
15403,821,800,21
15404,139,138,1
15405,249,244,5
15406,390,383,7
15407,175,163,12
15408,297,295,2
15409,217,216,1
15410,144,141,3
15411,62,61,1
15412,364,350,14
15413,259,252,7
15414,166,160,6
15415,155,151,4
15416,282,276,6
15417,146,141,5
15418,138,135,3
15419,650,637,13
15420,153,148,5
15421,138,136,2
15422,138,136,2
15423,132,131,1
15424,170,164,6
15425,449,442,7
15426,227,220,7
15427,221,217,4
15428,350,346,4
15429,442,435,7
15430,263,255,8
15431,165,161,4
15432,149,149,0
15433,204,196,8
15434,186,181,5
15435,272,258,14
15436,605,594,11
15437,92,90,2
15438,188,179,9
15439,477,465,12
15440,306,297,9
15441,390,377,13
15442,363,347,16
15443,435,429,6
15444,136,133,3
15445,412,392,20
15446,262,257,5
15447,601,592,9
15448,478,461,17
15449,315,313,2
15450,231,229,2
15451,486,484,2
15452,151,148,3
15453,399,392,7
15454,406,400,6
15455,270,262,8
15456,329,327,2
15457,161,160,1
15458,202,201,1
15459,141,139,2
15460,170,165,5
15461,168,163,5
15462,660,651,9
15463,261,259,2
15464,192,192,0
15465,207,205,2
15466,295,277,18
15467,100,97,3
15468,164,162,2
15469,78,78,0
15470,330,323,7
15471,536,530,6
15472,490,447,43
15473,112,111,1
15474,156,154,2
15475,257,254,3
15476,144,134,10
15477,118,118,0
15478,116,114,2
15479,160,158,2
15480,366,356,10
15481,95,94,1
15482,142,141,1
15483,49,46,3
15484,134,133,1
15485,103,103,0
15486,264,259,5
15487,823,803,20
15488,130,130,0
15489,149,149,0
15490,148,148,0
15491,253,249,4
15492,123,119,4
15493,102,102,0
15494,385,376,9
15495,421,408,13
15496,58,58,0
15497,126,126,0
15498,345,343,2
15499,122,118,4
15500,237,227,10
15501,139,136,3
15502,145,138,7
15503,136,134,2
15504,185,179,6
15505,150,146,4
15506,138,136,2
15507,133,129,4
15508,93,92,1
15509,118,113,5
15510,95,94,1
15511,52,52,0
15512,175,170,5
15513,69,67,2
15514,240,237,3
15515,152,151,1
15516,88,86,2
15517,150,148,2
15518,82,79,3
15519,47,47,0
15520,155,153,2
15521,105,99,6
15522,155,153,2
15523,114,114,0
15524,87,85,2
15525,219,216,3
15526,173,173,0
15527,61,61,0
15528,180,178,2
15529,278,278,0
15530,816,790,26
15531,108,105,3
15532,144,144,0
15533,173,165,8
15534,233,225,8
15535,131,131,0
15536,148,143,5
15537,377,368,9
15538,148,141,7
15539,206,201,5
15540,126,120,6
15541,278,276,2
15542,52,52,0
15543,126,123,3
15544,151,151,0
15545,66,64,2
15546,120,120,0
15547,321,316,5
15548,146,142,4
15549,86,84,2
15550,50,49,1
15551,55,55,0
15552,182,176,6
15553,80,79,1
15554,302,296,6
15555,138,127,11
15556,110,104,6
15557,119,118,1
15558,174,172,2
15559,174,173,1
15560,207,204,3
15561,290,287,3
15562,240,239,1
15563,120,119,1
15564,239,230,9
15565,168,166,2
15566,186,178,8
15567,212,202,10
15568,441,437,4
15569,204,202,2
15570,104,104,0
15571,58,58,0
15572,191,188,3
15573,673,659,14
15574,182,180,2
15575,245,243,2
15576,96,94,2
15577,216,208,8
15578,240,235,5
15579,151,148,3
15580,126,126,0
15581,489,476,13
15582,133,126,7
15583,217,210,7
15584,147,145,2
15585,222,221,1
15586,710,700,10
15587,1007,990,17
15588,311,308,3
15589,428,413,15
15590,159,157,2
15591,48,47,1
15592,50,49,1
15593,54,54,0
15594,101,101,0
15595,346,341,5
15596,274,270,4
15597,157,157,0
15598,195,190,5
15599,398,386,12
15600,221,217,4
15601,184,181,3
15602,254,251,3
15603,300,296,4
15604,177,172,5
15605,62,60,2
15606,222,218,4
15607,163,162,1
15608,277,276,1
15609,113,105,8
15610,47,47,0
15611,160,157,3
15612,107,106,1
15613,258,255,3
15614,136,136,0
15615,188,187,1
15616,209,207,2
15617,83,82,1
15618,356,346,10
15619,179,177,2
15620,196,190,6
15621,238,230,8
15622,57,55,2
15623,110,108,2
15624,228,228,0
15625,132,131,1
15626,730,716,14
15627,394,391,3
15628,245,240,5
15629,77,71,6
15630,104,103,1
15631,223,218,5
15632,395,392,3
15633,520,512,8
15634,134,128,6
15635,239,233,6
15636,251,251,0
15637,113,106,7
15638,97,90,7
15639,109,108,1
15640,148,145,3
15641,213,211,2
15642,296,294,2
15643,219,219,0
15644,144,143,1
15645,135,133,2
15646,108,105,3
15647,597,591,6
15648,821,791,30
15649,974,951,23
15650,64,64,0
15651,78,78,0
15652,157,155,2
15653,114,109,5
15654,135,134,1
15655,349,348,1
15656,73,70,3
15657,135,131,4
15658,191,190,1
15659,217,215,2
15660,265,259,6
15661,135,134,1
15662,173,173,0
15663,164,162,2
15664,111,108,3
15665,153,152,1
15666,358,353,5
15667,55,53,2
15668,135,127,8
15669,170,169,1
15670,113,108,5
15671,154,153,1
15672,140,137,3
15673,108,105,3
15674,216,215,1
15675,168,165,3
15676,145,142,3
15677,121,115,6
15678,246,242,4
15679,392,385,7
15680,426,425,1
15681,432,427,5
15682,195,192,3
15683,151,151,0
15684,160,159,1
15685,159,158,1
15686,392,379,13
15687,125,124,1
15688,211,205,6
15689,51,51,0
15690,135,134,1
15691,100,100,0
15692,116,109,7
15693,123,123,0
15694,64,62,2
15695,174,167,7
15696,121,121,0
15697,108,104,4
15698,177,173,4
15699,144,137,7
15700,142,141,1
15701,210,208,2
15702,137,135,2
15703,248,241,7
15704,265,262,3
15705,196,192,4
15706,270,264,6
15707,655,642,13
15708,132,126,6
15709,129,124,5
15710,286,278,8
15711,143,139,4
15712,367,354,13
15713,378,367,11
15714,201,196,5
15715,84,81,3
15716,65,62,3
15717,233,232,1
15718,181,168,13
15719,168,165,3
15720,212,207,5
15721,625,606,19
15722,116,113,3
15723,233,223,10
15724,116,115,1
15725,184,175,9
15726,133,130,3
15727,284,280,4
15728,137,133,4
15729,197,191,6
15730,189,189,0
15731,247,246,1
15732,323,320,3
15733,338,329,9
15734,162,158,4
15735,136,134,2
15736,123,118,5
15737,150,130,20
15738,157,147,10
15739,143,142,1
15740,171,168,3
15741,87,84,3
15742,124,121,3
15743,193,181,12
15744,160,155,5
15745,304,301,3
15746,137,134,3
15747,134,134,0
15748,271,267,4
15749,190,186,4
15750,392,381,11
15751,150,150,0
15752,168,167,1
15753,210,207,3
15754,130,128,2
15755,308,302,6
15756,158,155,3
15757,397,389,8
15758,110,106,4
15759,210,205,5
15760,138,136,2
15761,257,250,7
15762,138,133,5
15763,127,126,1
15764,171,159,12
15765,405,403,2
15766,87,83,4
15767,167,162,5
15768,197,196,1
15769,198,187,11
15770,30,28,2
15771,146,141,5
15772,120,120,0
15773,173,166,7
15774,244,237,7
15775,423,411,12
15776,188,183,5
15777,125,124,1
15778,63,63,0
15779,81,79,2
15780,143,141,2
15781,704,680,24
15782,129,128,1
15783,99,96,3
15784,237,234,3
15785,327,324,3
15786,234,232,2
15787,152,148,4
15788,190,187,3
15789,131,130,1
15790,165,162,3
15791,122,122,0
15792,291,284,7
15793,308,299,9
15794,81,80,1
15795,116,116,0
15796,200,199,1
15797,68,65,3
15798,81,79,2
15799,124,122,2
15800,180,179,1
15801,95,93,2
15802,217,216,1
15803,142,138,4
15804,373,370,3
15805,120,120,0
15806,335,331,4
15807,64,64,0
15808,171,168,3
15809,56,55,1
15810,250,244,6
15811,197,191,6
15812,905,895,10
15813,123,123,0
15814,198,194,4
15815,140,138,2
15816,149,145,4
15817,193,191,2
15818,87,84,3
15819,188,187,1
15820,268,264,4
15821,148,145,3
15822,244,234,10
15823,454,425,29
15824,129,126,3
15825,167,162,5
15826,149,147,2
15827,382,377,5
15828,213,210,3
15829,169,169,0
15830,405,390,15
15831,158,158,0
15832,156,152,4
15833,151,150,1
15834,129,129,0
15835,233,230,3
15836,466,448,18
15837,195,184,11
15838,378,373,5
15839,183,180,3
15840,151,145,6
15841,215,212,3
15842,228,227,1
15843,147,143,4
15844,408,403,5
15845,69,68,1
15846,55,55,0
15847,261,248,13
15848,148,144,4
15849,266,263,3
15850,486,476,10
15851,141,139,2
15852,52,50,2
15853,89,86,3
15854,175,169,6
15855,52,51,1
15856,116,113,3
15857,60,58,2
15858,88,88,0
15859,463,458,5
15860,157,153,4
15861,113,112,1
15862,637,622,15
15863,120,119,1
15864,199,192,7
15865,260,256,4
15866,313,311,2
15867,127,126,1
15868,143,142,1
15869,130,128,2
15870,190,190,0
15871,772,761,11
15872,397,389,8
15873,177,172,5
15874,139,133,6
15875,111,108,3
15876,155,154,1
15877,133,133,0
15878,178,177,1
15879,50,49,1
15880,84,82,2
15881,136,133,3
15882,282,279,3
15883,133,133,0
15884,256,255,1
15885,116,116,0
15886,221,221,0
15887,160,154,6
15888,150,148,2
15889,262,261,1
15890,247,247,0
15891,137,137,0
15892,341,339,2
15893,209,209,0
15894,195,195,0
15895,141,141,0
15896,421,420,1
15897,362,358,4
15898,551,547,4
15899,312,306,6
15900,562,553,9
15901,341,339,2
15902,244,242,2
15903,213,210,3
15904,510,506,4
15905,251,247,4
15906,690,678,12
15907,206,203,3
15908,131,128,3
15909,229,223,6
15910,52,51,1
15911,243,240,3
15912,109,107,2
15913,126,122,4
15914,139,133,6
15915,183,170,13
15916,310,305,5
15917,121,120,1
15918,234,231,3
15919,81,80,1
15920,38,37,1
15921,143,138,5
15922,59,59,0
15923,130,127,3
15924,268,266,2
15925,327,321,6
15926,120,117,3
15927,381,375,6
15928,129,128,1
15929,297,285,12
15930,141,141,0
15931,180,172,8
15932,334,318,16
15933,128,122,6
15934,141,133,8
15935,163,161,2
15936,307,306,1
15937,162,161,1
15938,304,302,2
15939,115,113,2
15940,102,102,0
15941,37,36,1
15942,333,320,13
15943,167,167,0
15944,421,403,18
15945,214,209,5
15946,336,325,11
15947,218,213,5
15948,169,164,5
15949,274,268,6
15950,361,353,8
15951,180,176,4
15952,256,247,9
15953,131,129,2
15954,163,162,1
15955,233,225,8
15956,55,53,2
15957,125,115,10
15958,633,608,25
15959,139,135,4
15960,396,377,19
15961,61,59,2
15962,144,139,5
15963,344,335,9
15964,344,330,14
15965,34,33,1
15966,461,443,18
15967,53,51,2
15968,338,338,0
15969,286,283,3
15970,361,359,2
15971,186,170,16
15972,170,170,0
15973,143,142,1
15974,216,215,1
15975,211,199,12
15976,177,177,0
15977,194,188,6
15978,157,157,0
15979,80,79,1
15980,79,77,2
15981,53,51,2
15982,349,339,10
15983,488,481,7
15984,136,131,5
15985,387,379,8
15986,240,233,7
15987,536,526,10
15988,162,158,4
15989,335,329,6
15990,172,167,5
15991,54,54,0
15992,146,139,7
15993,75,73,2
15994,123,122,1
15995,80,79,1
15996,39,38,1
15997,147,139,8
15998,180,173,7
15999,694,679,15
16000,331,327,4
16001,123,120,3
16002,41,39,2
16003,401,384,17
16004,108,106,2
16005,167,164,3
16006,180,179,1
16007,968,946,22
16008,67,66,1
16009,181,178,3
16010,121,118,3
16011,198,198,0
16012,209,205,4
16013,251,239,12
16014,114,114,0
16015,195,190,5
16016,114,111,3
16017,101,99,2
16018,393,389,4
16019,59,58,1
16020,85,81,4
16021,317,306,11
16022,75,75,0
16023,57,56,1
16024,966,949,17
16025,195,187,8
16026,765,761,4
16027,113,109,4
16028,370,357,13
16029,134,129,5
16030,421,411,10
16031,473,464,9
16032,235,225,10
16033,182,179,3
16034,438,429,9
16035,76,73,3
16036,70,69,1
16037,307,299,8
16038,265,261,4
16039,354,353,1
16040,216,214,2
16041,320,315,5
16042,261,254,7
16043,64,62,2
16044,253,245,8
16045,141,133,8
16046,221,217,4
16047,58,58,0
16048,38,38,0
16049,83,83,0
16050,121,117,4
16051,133,132,1
16052,220,219,1
16053,101,100,1
16054,174,173,1
16055,142,138,4
16056,295,293,2
16057,134,129,5
16058,423,413,10
16059,471,465,6
16060,115,112,3
16061,109,106,3
16062,118,115,3
16063,801,782,19
16064,106,104,2
16065,243,241,2
16066,211,208,3
16067,48,48,0
16068,142,141,1
16069,280,266,14
16070,140,138,2
16071,155,151,4
16072,44,44,0
16073,245,243,2
16074,639,619,20
16075,213,211,2
16076,168,168,0
16077,552,529,23
16078,136,130,6
16079,46,46,0
16080,115,110,5
16081,172,170,2
16082,121,119,2
16083,239,239,0
16084,230,226,4
16085,666,651,15
16086,315,304,11
16087,497,492,5
16088,667,660,7
16089,771,758,13
16090,289,287,2
16091,144,140,4
16092,196,191,5
16093,137,134,3
16094,117,115,2
16095,131,126,5
16096,216,213,3
16097,227,224,3
16098,133,133,0
16099,81,79,2
16100,231,227,4
16101,332,327,5
16102,207,199,8
16103,579,544,35
16104,168,165,3
16105,286,283,3
16106,253,247,6
16107,149,144,5
16108,298,292,6
16109,173,172,1
16110,183,182,1
16111,133,129,4
16112,153,149,4
16113,92,83,9
16114,175,174,1
16115,185,185,0
16116,135,133,2
16117,148,148,0
16118,157,156,1
16119,260,258,2
16120,150,148,2
16121,154,150,4
16122,145,145,0
16123,256,252,4
16124,654,637,17
16125,172,169,3
16126,743,718,25
16127,1006,982,24
16128,175,174,1
16129,994,974,20
16130,155,155,0
16131,198,195,3
16132,235,233,2
16133,155,152,3
16134,265,257,8
16135,152,151,1
16136,241,236,5
16137,286,284,2
16138,501,496,5
16139,181,173,8
16140,138,137,1
16141,144,144,0
16142,329,326,3
16143,135,135,0
16144,93,91,2
16145,159,158,1
16146,205,203,2
16147,146,140,6
16148,43,43,0
16149,1009,970,39
16150,25,24,1
16151,142,140,2
16152,390,381,9
16153,223,217,6
16154,65,61,4
16155,155,152,3
16156,200,198,2
16157,171,170,1
16158,189,186,3
16159,298,285,13
16160,50,48,2
16161,160,160,0
16162,257,246,11
16163,144,142,2
16164,348,346,2
16165,163,158,5
16166,137,136,1
16167,137,135,2
16168,623,605,18
16169,113,112,1
16170,156,154,2
16171,154,154,0
16172,138,137,1
16173,466,452,14
16174,114,113,1
16175,192,192,0
16176,156,153,3
16177,265,256,9
16178,113,112,1
16179,66,66,0
16180,132,128,4
16181,364,356,8
16182,172,171,1
16183,172,172,0
16184,182,180,2
16185,147,145,2
16186,360,352,8
16187,470,448,22
16188,126,126,0
16189,162,159,3
16190,40,38,2
16191,122,115,7
16192,97,92,5
16193,139,134,5
16194,121,120,1
16195,158,150,8
16196,158,157,1
16197,955,935,20
16198,188,187,1
16199,123,122,1
16200,310,305,5
16201,161,155,6
16202,151,143,8
16203,150,145,5
16204,215,211,4
16205,59,59,0
16206,179,177,2
16207,179,172,7
16208,170,168,2
16209,305,301,4
16210,128,127,1
16211,156,153,3
16212,553,541,12
16213,504,498,6
16214,214,210,4
16215,164,160,4
16216,222,219,3
16217,135,134,1
16218,158,156,2
16219,130,130,0
16220,255,251,4
16221,135,133,2
16222,49,49,0
16223,250,246,4
16224,247,243,4
16225,630,620,10
16226,403,396,7
16227,232,223,9
16228,416,413,3
16229,137,136,1
16230,524,517,7
16231,133,129,4
16232,158,155,3
16233,115,113,2
16234,145,143,2
16235,265,263,2
16236,142,140,2
16237,162,157,5
16238,391,381,10
16239,236,225,11
16240,135,133,2
16241,459,438,21
16242,98,98,0
16243,192,192,0
16244,162,161,1
16245,48,48,0
16246,48,47,1
16247,47,47,0
16248,223,215,8
16249,81,80,1
16250,237,227,10
16251,84,77,7
16252,161,158,3
16253,414,395,19
16254,434,430,4
16255,164,164,0
16256,263,258,5
16257,379,377,2
16258,122,120,2
16259,254,245,9
16260,192,182,10
16261,259,251,8
16262,515,507,8
16263,522,505,17
16264,379,373,6
16265,129,129,0
16266,211,211,0
16267,468,452,16
16268,213,212,1
16269,153,148,5
16270,303,297,6
16271,173,169,4
16272,78,77,1
16273,240,233,7
16274,128,118,10
16275,507,496,11
16276,119,115,4
16277,170,168,2
16278,120,118,2
16279,150,149,1
16280,134,129,5
16281,138,136,2
16282,125,125,0
16283,154,151,3
16284,156,156,0
16285,150,149,1
16286,134,130,4
16287,266,262,4
16288,547,542,5
16289,274,267,7
16290,171,167,4
16291,128,126,2
16292,221,218,3
16293,31,30,1
16294,338,335,3
16295,123,120,3
16296,197,190,7
16297,143,139,4
16298,125,122,3
16299,258,255,3
16300,157,157,0
16301,213,203,10
16302,156,154,2
16303,249,249,0
16304,49,49,0
16305,107,104,3
16306,752,718,34
16307,434,431,3
16308,245,233,12
16309,256,252,4
16310,149,149,0
16311,229,225,4
16312,198,194,4
16313,48,40,8
16314,126,124,2
16315,165,159,6
16316,245,240,5
16317,143,142,1
16318,179,173,6
16319,127,126,1
16320,127,127,0
16321,177,170,7
16322,559,549,10
16323,134,134,0
16324,68,66,2
16325,161,156,5
16326,644,636,8
16327,231,225,6
16328,251,249,2
16329,117,117,0
16330,229,227,2
16331,345,342,3
16332,214,213,1
16333,225,224,1
16334,168,166,2
16335,166,162,4
16336,134,133,1
16337,88,87,1
16338,653,647,6
16339,375,371,4
16340,118,118,0
16341,122,121,1
16342,160,156,4
16343,108,105,3
16344,144,144,0
16345,360,348,12
16346,1001,991,10
16347,87,87,0
16348,148,143,5
16349,309,300,9
16350,242,232,10
16351,365,357,8
16352,154,152,2
16353,229,226,3
16354,332,330,2
16355,144,142,2
16356,109,106,3
16357,85,83,2
16358,60,60,0
16359,245,245,0
16360,143,141,2
16361,246,244,2
16362,190,177,13
16363,210,206,4
16364,257,242,15
16365,208,204,4
16366,166,165,1
16367,332,323,9
16368,166,166,0
16369,371,360,11
16370,122,120,2
16371,184,183,1
16372,145,144,1
16373,362,354,8
16374,754,743,11
16375,126,120,6
16376,112,110,2
16377,606,600,6
16378,152,150,2
16379,120,118,2
16380,116,113,3
16381,134,132,2
16382,337,328,9
16383,243,239,4
16384,452,444,8
16385,115,111,4
16386,261,256,5
16387,418,406,12
16388,180,176,4
16389,205,204,1
16390,447,437,10
16391,190,185,5
16392,301,291,10
16393,186,183,3
16394,771,754,17
16395,325,322,3
16396,118,116,2
16397,403,398,5
16398,131,131,0
16399,118,118,0
16400,105,100,5
16401,211,208,3
16402,142,142,0
16403,170,167,3
16404,399,395,4
16405,172,171,1
16406,312,310,2
16407,291,284,7
16408,203,195,8
16409,754,727,27
16410,299,296,3
16411,554,545,9
16412,174,173,1
16413,130,129,1
16414,480,472,8
16415,171,169,2
16416,375,368,7
16417,536,524,12
16418,175,174,1
16419,219,217,2
16420,232,225,7
16421,136,132,4
16422,161,160,1
16423,674,659,15
16424,136,132,4
16425,323,320,3
16426,157,155,2
16427,168,166,2
16428,125,121,4
16429,64,62,2
16430,325,314,11
16431,139,138,1
16432,74,70,4
16433,190,190,0
16434,658,651,7
16435,126,125,1
16436,193,188,5
16437,96,91,5
16438,227,221,6
16439,414,410,4
16440,457,450,7
16441,716,707,9
16442,203,200,3
16443,44,44,0
16444,153,151,2
16445,194,188,6
16446,132,131,1
16447,576,568,8
16448,78,77,1
16449,171,163,8
16450,481,476,5
16451,83,81,2
16452,334,326,8
16453,514,497,17
16454,218,217,1
16455,231,227,4
16456,154,148,6
16457,163,158,5
16458,161,152,9
16459,157,154,3
16460,122,119,3
16461,40,39,1
16462,149,148,1
16463,96,94,2
16464,149,144,5
16465,372,363,9
16466,49,49,0
16467,160,158,2
16468,97,93,4
16469,291,288,3
16470,219,211,8
16471,155,146,9
16472,150,149,1
16473,415,406,9
16474,524,518,6
16475,97,97,0
16476,140,139,1
16477,255,247,8
16478,53,53,0
16479,81,80,1
16480,225,222,3
16481,80,75,5
16482,329,314,15
16483,96,95,1
16484,123,120,3
16485,138,136,2
16486,295,284,11
16487,204,200,4
16488,65,63,2
16489,117,113,4
16490,221,220,1
16491,103,101,2
16492,83,81,2
16493,290,284,6
16494,47,47,0
16495,233,233,0
16496,326,314,12
16497,81,81,0
16498,208,208,0
16499,78,78,0
16500,160,158,2
16501,603,592,11
16502,199,194,5
16503,440,428,12
16504,322,321,1
16505,468,465,3
16506,359,350,9
16507,266,264,2
16508,137,136,1
16509,490,482,8
16510,121,121,0
16511,112,109,3
16512,148,140,8
16513,414,405,9
16514,126,123,3
16515,288,285,3
16516,421,418,3
16517,173,170,3
16518,173,166,7
16519,217,211,6
16520,294,285,9
16521,147,143,4
16522,210,203,7
16523,237,231,6
16524,164,162,2
16525,130,126,4
16526,170,168,2
16527,290,284,6
16528,198,192,6
16529,218,214,4
16530,714,703,11
16531,52,51,1
16532,119,117,2
16533,464,454,10
16534,109,106,3
16535,140,136,4
16536,174,167,7
16537,322,320,2
16538,234,232,2
16539,496,487,9
16540,122,122,0
16541,102,102,0
16542,267,265,2
16543,309,298,11
16544,314,311,3
16545,129,127,2
16546,156,156,0
16547,241,234,7
16548,125,125,0
16549,180,174,6
16550,76,73,3
16551,184,184,0
16552,151,145,6
16553,204,202,2
16554,123,123,0
16555,158,151,7
16556,159,156,3
16557,259,255,4
16558,175,172,3
16559,111,111,0
16560,119,118,1
16561,159,154,5
16562,96,91,5
16563,235,229,6
16564,399,376,23
16565,71,69,2
16566,44,44,0
16567,299,292,7
16568,410,400,10
16569,91,89,2
16570,389,378,11
16571,167,163,4
16572,108,103,5
16573,369,356,13
16574,329,320,9
16575,177,174,3
16576,304,301,3
16577,151,147,4
16578,148,147,1
16579,192,190,2
16580,171,167,4
16581,186,181,5
16582,115,115,0
16583,528,524,4
16584,144,142,2
16585,193,192,1
16586,116,110,6
16587,224,207,17
16588,250,249,1
16589,799,755,44
16590,153,152,1
16591,89,84,5
16592,142,135,7
16593,139,132,7
16594,362,358,4
16595,83,80,3
16596,570,555,15
16597,101,100,1
16598,141,134,7
16599,499,494,5
16600,116,116,0
16601,114,112,2
16602,58,57,1
16603,146,144,2
16604,69,68,1
16605,204,193,11
16606,231,230,1
16607,166,164,2
16608,98,98,0
16609,176,167,9
16610,209,192,17
16611,459,449,10
16612,126,125,1
16613,220,219,1
16614,138,135,3
16615,390,381,9
16616,463,456,7
16617,278,270,8
16618,229,221,8
16619,180,180,0
16620,309,302,7
16621,333,324,9
16622,210,208,2
16623,160,157,3
16624,706,701,5
16625,148,148,0
16626,204,197,7
16627,310,303,7
16628,108,108,0
16629,233,228,5
16630,131,131,0
16631,113,100,13
16632,453,451,2
16633,117,116,1
16634,289,285,4
16635,124,121,3
16636,264,261,3
16637,465,445,20
16638,296,288,8
16639,161,160,1
16640,389,381,8
16641,167,167,0
16642,155,155,0
16643,154,151,3
16644,349,340,9
16645,113,111,2
16646,119,119,0
16647,114,109,5
16648,190,190,0
16649,347,338,9
16650,974,937,37
16651,171,170,1
16652,140,140,0
16653,177,173,4
16654,148,148,0
16655,177,175,2
16656,333,328,5
16657,212,211,1
16658,182,180,2
16659,177,174,3
16660,482,478,4
16661,664,657,7
16662,205,201,4
16663,416,408,8
16664,370,357,13
16665,309,300,9
16666,274,268,6
16667,185,183,2
16668,810,788,22
16669,553,540,13
16670,226,222,4
16671,146,145,1
16672,231,230,1
16673,36,36,0
16674,118,115,3
16675,125,122,3
16676,213,211,2
16677,203,198,5
16678,62,62,0
16679,120,118,2
16680,468,454,14
16681,122,119,3
16682,602,583,19
16683,138,136,2
16684,94,92,2
16685,129,122,7
16686,163,160,3
16687,117,116,1
16688,189,185,4
16689,280,274,6
16690,315,305,10
16691,152,151,1
16692,282,279,3
16693,268,265,3
16694,251,242,9
16695,174,173,1
16696,126,126,0
16697,238,233,5
16698,110,110,0
16699,591,578,13
16700,208,207,1
16701,170,163,7
16702,584,571,13
16703,221,218,3
16704,423,416,7
16705,364,362,2
16706,472,460,12
16707,200,192,8
16708,326,323,3
16709,146,145,1
16710,445,432,13
16711,196,193,3
16712,133,131,2
16713,203,202,1
16714,332,327,5
16715,547,543,4
16716,281,275,6
16717,274,262,12
16718,174,167,7
16719,170,170,0
16720,632,622,10
16721,286,281,5
16722,274,270,4
16723,267,257,10
16724,405,397,8
16725,126,123,3
16726,60,59,1
16727,231,229,2
16728,333,328,5
16729,135,129,6
16730,360,353,7
16731,424,419,5
16732,154,154,0
16733,126,125,1
16734,125,124,1
16735,82,80,2
16736,122,121,1
16737,177,174,3
16738,203,202,1
16739,110,110,0
16740,171,168,3
16741,52,51,1
16742,69,68,1
16743,213,208,5
16744,50,50,0
16745,122,120,2
16746,91,91,0
16747,164,162,2
16748,67,67,0
16749,66,66,0
16750,114,112,2
16751,141,139,2
16752,279,275,4
16753,236,235,1
16754,482,471,11
16755,146,144,2
16756,150,148,2
16757,25,25,0
16758,311,307,4
16759,127,125,2
16760,132,132,0
16761,371,367,4
16762,65,65,0
16763,179,173,6
16764,56,54,2
16765,45,44,1
16766,120,116,4
16767,96,92,4
16768,287,281,6
16769,36,36,0
16770,163,159,4
16771,314,309,5
16772,832,822,10
16773,105,104,1
16774,197,197,0
16775,161,158,3
16776,366,341,25
16777,252,249,3
16778,150,145,5
16779,131,128,3
16780,122,120,2
16781,253,251,2
16782,152,151,1
16783,317,315,2
16784,551,540,11
16785,133,129,4
16786,224,222,2
16787,200,197,3
16788,195,173,22
16789,128,126,2
16790,136,135,1
16791,140,140,0
16792,202,200,2
16793,56,56,0
16794,169,160,9
16795,133,130,3
16796,133,126,7
16797,53,52,1
16798,116,112,4
16799,248,238,10
16800,121,120,1
16801,844,828,16
16802,164,164,0
16803,131,129,2
16804,138,136,2
16805,119,117,2
16806,419,404,15
16807,248,243,5
16808,167,163,4
16809,435,432,3
16810,117,116,1
16811,149,149,0
16812,139,133,6
16813,100,98,2
16814,65,65,0
16815,76,76,0
16816,60,59,1
16817,314,310,4
16818,101,100,1
16819,76,76,0
16820,115,110,5
16821,148,144,4
16822,809,800,9
16823,241,233,8
16824,211,208,3
16825,271,266,5
16826,167,165,2
16827,94,93,1
16828,198,194,4
16829,515,500,15
16830,313,311,2
16831,41,40,1
16832,215,208,7
16833,95,94,1
16834,241,240,1
16835,65,64,1
16836,136,136,0
16837,139,138,1
16838,57,55,2
16839,56,56,0
16840,131,123,8
16841,199,197,2
16842,119,117,2
16843,139,136,3
16844,403,398,5
16845,86,83,3
16846,163,158,5
16847,132,131,1
16848,131,129,2
16849,195,190,5
16850,145,141,4
16851,358,356,2
16852,72,70,2
16853,148,145,3
16854,186,185,1
16855,97,95,2
16856,227,224,3
16857,236,234,2
16858,82,81,1
16859,399,396,3
16860,350,343,7
16861,196,192,4
16862,664,659,5
16863,319,311,8
16864,312,310,2
16865,121,120,1
16866,159,157,2
16867,269,267,2
16868,814,805,9
16869,180,175,5
16870,107,104,3
16871,100,94,6
16872,278,274,4
16873,343,335,8
16874,75,74,1
16875,572,565,7
16876,116,113,3
16877,277,271,6
16878,369,364,5
16879,132,127,5
16880,424,415,9
16881,499,480,19
16882,437,428,9
16883,586,572,14
16884,82,81,1
16885,169,165,4
16886,175,173,2
16887,116,116,0
16888,46,46,0
16889,85,84,1
16890,481,472,9
16891,118,115,3
16892,457,448,9
16893,200,199,1
16894,215,215,0
16895,135,134,1
16896,80,78,2
16897,172,167,5
16898,91,91,0
16899,120,120,0
16900,257,256,1
16901,356,354,2
16902,159,158,1
16903,213,213,0
16904,138,131,7
16905,137,137,0
16906,845,834,11
16907,140,140,0
16908,86,83,3
16909,223,220,3
16910,135,134,1
16911,121,119,2
16912,45,44,1
16913,300,296,4
16914,113,113,0
16915,125,125,0
16916,987,960,27
16917,535,517,18
16918,492,484,8
16919,393,392,1
16920,122,119,3
16921,196,194,2
16922,217,215,2
16923,132,130,2
16924,200,199,1
16925,119,118,1
16926,432,423,9
16927,129,129,0
16928,230,226,4
16929,165,163,2
16930,107,105,2
16931,151,149,2
16932,209,206,3
16933,147,145,2
16934,372,365,7
16935,217,217,0
16936,636,621,15
16937,190,184,6
16938,455,449,6
16939,190,189,1
16940,712,702,10
16941,257,255,2
16942,100,99,1
16943,151,150,1
16944,118,112,6
16945,461,453,8
16946,272,266,6
16947,176,175,1
16948,155,152,3
16949,97,95,2
16950,180,177,3
16951,235,229,6
16952,312,310,2
16953,120,115,5
16954,138,138,0
16955,168,164,4
16956,650,634,16
16957,134,134,0
16958,77,75,2
16959,89,88,1
16960,177,174,3
16961,667,661,6
16962,114,107,7
16963,125,121,4
16964,231,229,2
16965,305,300,5
16966,89,86,3
16967,121,118,3
16968,250,249,1
16969,255,247,8
16970,68,68,0
16971,285,277,8
16972,229,228,1
16973,130,129,1
16974,489,483,6
16975,166,160,6
16976,525,518,7
16977,278,274,4
16978,116,114,2
16979,191,190,1
16980,472,472,0
16981,140,132,8
16982,318,307,11
16983,261,252,9
16984,329,325,4
16985,337,332,5
16986,210,207,3
16987,216,214,2
16988,211,206,5
16989,286,281,5
16990,204,204,0
16991,263,259,4
16992,135,134,1
16993,149,147,2
16994,211,205,6
16995,166,163,3
16996,167,165,2
16997,108,108,0
16998,352,349,3
16999,131,128,3
17000,123,118,5
17001,152,152,0
17002,303,301,2
17003,159,154,5
17004,212,206,6
17005,222,218,4
17006,191,190,1
17007,146,143,3
17008,135,135,0
17009,250,250,0
17010,136,133,3
17011,192,190,2
17012,247,243,4
17013,375,363,12
17014,107,106,1
17015,198,190,8
17016,45,44,1
17017,193,190,3
17018,107,106,1
17019,119,116,3
17020,115,111,4
17021,222,221,1
17022,245,234,11
17023,59,57,2
17024,97,96,1
17025,46,45,1
17026,76,74,2
17027,130,129,1
17028,230,229,1
17029,204,204,0
17030,469,462,7
17031,196,192,4
17032,397,395,2
17033,137,136,1
17034,183,181,2
17035,533,515,18
17036,164,162,2
17037,158,145,13
17038,65,56,9
17039,45,45,0
17040,128,124,4
17041,202,200,2
17042,49,49,0
17043,307,299,8
17044,164,162,2
17045,594,576,18
17046,141,131,10
17047,152,148,4
17048,198,198,0
17049,63,62,1
17050,579,564,15
17051,165,163,2
17052,26,26,0
17053,119,117,2
17054,467,444,23
17055,119,119,0
17056,131,129,2
17057,266,261,5
17058,187,187,0
17059,113,111,2
17060,163,159,4
17061,252,245,7
17062,136,136,0
17063,156,155,1
17064,159,158,1
17065,391,385,6
17066,86,83,3
17067,117,116,1
17068,109,106,3
17069,149,148,1
17070,271,259,12
17071,167,162,5
17072,128,127,1
17073,149,146,3
17074,150,145,5
17075,476,445,31
17076,708,704,4
17077,110,106,4
17078,136,132,4
17079,273,262,11
17080,153,147,6
17081,197,195,2
17082,144,143,1
17083,193,193,0
17084,173,167,6
17085,134,131,3
17086,384,381,3
17087,164,161,3
17088,238,238,0
17089,169,167,2
17090,237,229,8
17091,157,150,7
17092,78,75,3
17093,939,898,41
17094,106,103,3
17095,77,76,1
17096,146,140,6
17097,453,429,24
17098,217,211,6
17099,179,176,3
17100,387,373,14
17101,287,283,4
17102,146,143,3
17103,77,76,1
17104,331,330,1
17105,240,238,2
17106,149,149,0
17107,139,137,2
17108,94,92,2
17109,286,284,2
17110,125,119,6
17111,144,137,7
17112,810,791,19
17113,114,110,4
17114,129,128,1
17115,170,170,0
17116,678,658,20
17117,240,236,4
17118,275,270,5
17119,304,293,11
17120,216,211,5
17121,105,102,3
17122,201,189,12
17123,121,119,2
17124,192,189,3
17125,145,141,4
17126,928,893,35
17127,247,243,4
17128,463,457,6
17129,229,227,2
17130,660,648,12
17131,293,293,0
17132,216,213,3
17133,173,170,3
17134,136,133,3
17135,358,355,3
17136,138,137,1
17137,115,109,6
17138,198,190,8
17139,331,303,28
17140,117,116,1
17141,126,125,1
17142,416,405,11
17143,285,282,3
17144,119,117,2
17145,125,124,1
17146,399,394,5
17147,98,97,1
17148,962,950,12
17149,318,309,9
17150,83,81,2
17151,71,71,0
17152,673,649,24
17153,258,256,2
17154,450,443,7
17155,308,301,7
17156,204,200,4
17157,666,648,18
17158,226,223,3
17159,160,160,0
17160,186,184,2
17161,174,174,0
17162,92,91,1
17163,157,150,7
17164,41,40,1
17165,213,205,8
17166,389,387,2
17167,370,364,6
17168,119,119,0
17169,61,61,0
17170,213,207,6
17171,212,203,9
17172,167,164,3
17173,123,121,2
17174,442,429,13
17175,646,629,17
17176,157,155,2
17177,345,334,11
17178,372,371,1
17179,160,159,1
17180,173,171,2
17181,91,91,0
17182,439,435,4
17183,240,237,3
17184,125,124,1
17185,137,136,1
17186,152,151,1
17187,279,273,6
17188,127,123,4
17189,102,96,6
17190,283,280,3
17191,413,397,16
17192,73,71,2
17193,134,132,2
17194,46,44,2
17195,184,181,3
17196,193,190,3
17197,107,104,3
17198,79,77,2
17199,204,195,9
17200,182,182,0
17201,152,146,6
17202,245,242,3
17203,130,130,0
17204,182,179,3
17205,167,165,2
17206,133,132,1
17207,76,75,1
17208,178,177,1
17209,88,88,0
17210,142,140,2
17211,199,198,1
17212,132,130,2
17213,129,128,1
17214,242,242,0
17215,274,271,3
17216,508,501,7
17217,132,131,1
17218,152,147,5
17219,217,214,3
17220,802,781,21
17221,453,437,16
17222,261,251,10
17223,144,141,3
17224,342,335,7
17225,179,174,5
17226,310,302,8
17227,148,147,1
17228,53,53,0
17229,367,364,3
17230,205,199,6
17231,251,250,1
17232,96,94,2
17233,168,165,3
17234,55,53,2
17235,252,252,0
17236,149,146,3
17237,177,175,2
17238,125,123,2
17239,240,230,10
17240,119,117,2
17241,193,192,1
17242,149,148,1
17243,151,148,3
17244,319,315,4
17245,242,236,6
17246,181,172,9
17247,403,391,12
17248,303,296,7
17249,121,119,2
17250,303,296,7
17251,405,400,5
17252,410,407,3
17253,171,170,1
17254,462,449,13
17255,187,186,1
17256,104,102,2
17257,196,193,3
17258,112,109,3
17259,187,185,2
17260,110,109,1
17261,112,108,4
17262,187,187,0
17263,343,336,7
17264,467,460,7
17265,469,456,13
17266,137,135,2
17267,137,133,4
17268,347,334,13
17269,203,201,2
17270,120,118,2
17271,290,281,9
17272,480,476,4
17273,180,180,0
17274,454,446,8
17275,166,164,2
17276,251,245,6
17277,122,120,2
17278,746,710,36
17279,144,142,2
17280,299,295,4
17281,162,160,2
17282,142,140,2
17283,126,121,5
17284,462,446,16
17285,200,199,1
17286,36,36,0
17287,248,246,2
17288,134,133,1
17289,247,246,1
17290,306,299,7
17291,168,165,3
17292,214,211,3
17293,523,516,7
17294,324,323,1
17295,257,252,5
17296,210,207,3
17297,425,419,6
17298,266,264,2
17299,636,619,17
17300,283,277,6
17301,174,173,1
17302,113,111,2
17303,116,110,6
17304,260,258,2
17305,215,211,4
17306,378,370,8
17307,454,440,14
17308,156,150,6
17309,52,52,0
17310,115,114,1
17311,110,108,2
17312,417,417,0
17313,331,323,8
17314,58,54,4
17315,68,65,3
17316,172,172,0
17317,192,190,2
17318,56,54,2
17319,46,45,1
17320,277,275,2
17321,179,178,1
17322,76,76,0
17323,366,359,7
17324,103,101,2
17325,82,80,2
17326,117,109,8
17327,27,26,1
17328,282,281,1
17329,130,125,5
17330,58,58,0
17331,73,73,0
17332,130,127,3
17333,202,189,13
17334,128,125,3
17335,54,53,1
17336,104,102,2
17337,69,67,2
17338,147,147,0
17339,357,354,3
17340,348,344,4
17341,149,149,0
17342,82,82,0
17343,251,246,5
17344,205,194,11
17345,91,86,5
17346,174,172,2
17347,126,124,2
17348,126,126,0
17349,89,88,1
17350,236,234,2
17351,212,207,5
17352,276,263,13
17353,75,74,1
17354,148,145,3
17355,250,247,3
17356,138,136,2
17357,182,175,7
17358,49,47,2
17359,93,91,2
17360,169,166,3
17361,135,135,0
17362,462,449,13
17363,458,442,16
17364,262,256,6
17365,510,499,11
17366,89,86,3
17367,383,372,11
17368,126,124,2
17369,439,433,6
17370,153,150,3
17371,154,151,3
17372,125,121,4
17373,187,185,2
17374,194,188,6
17375,223,220,3
17376,187,187,0
17377,108,107,1
17378,183,182,1
17379,195,193,2
17380,314,309,5
17381,124,121,3
17382,304,299,5
17383,368,368,0
17384,209,201,8
17385,169,169,0
17386,803,796,7
17387,184,179,5
17388,160,156,4
17389,287,282,5
17390,293,289,4
17391,121,117,4
17392,119,116,3
17393,129,126,3
17394,275,274,1
17395,139,139,0
17396,242,241,1
17397,108,107,1
17398,737,733,4
17399,136,135,1
17400,171,167,4
17401,189,185,4
17402,62,62,0
17403,208,201,7
17404,310,303,7
17405,153,152,1
17406,133,130,3
17407,55,54,1
17408,49,49,0
17409,112,108,4
17410,176,171,5
17411,83,82,1
17412,139,136,3
17413,93,93,0
17414,50,50,0
17415,103,102,1
17416,168,165,3
17417,85,85,0
17418,209,207,2
17419,135,134,1
17420,142,136,6
17421,164,156,8
17422,115,111,4
17423,130,130,0
17424,142,142,0
17425,571,554,17
17426,206,203,3
17427,373,370,3
17428,373,370,3
17429,126,124,2
17430,195,186,9
17431,328,322,6
17432,73,72,1
17433,218,215,3
17434,251,251,0
17435,101,99,2
17436,100,97,3
17437,53,51,2
17438,499,493,6
17439,315,306,9
17440,143,141,2
17441,103,103,0
17442,106,103,3
17443,67,65,2
17444,144,143,1
17445,120,116,4
17446,106,102,4
17447,328,327,1
17448,124,119,5
17449,363,347,16
17450,141,135,6
17451,776,740,36
17452,188,183,5
17453,815,781,34
17454,126,122,4
17455,357,356,1
17456,185,178,7
17457,549,536,13
17458,92,88,4
17459,295,284,11
17460,157,155,2
17461,162,146,16
17462,625,610,15
17463,128,123,5
17464,138,137,1
17465,140,137,3
17466,10,10,0
17467,157,154,3
17468,101,101,0
17469,250,243,7
17470,138,137,1
17471,401,397,4
17472,148,140,8
17473,170,167,3
17474,222,213,9
17475,138,135,3
17476,180,180,0
17477,66,66,0
17478,102,102,0
17479,204,203,1
17480,135,134,1
17481,176,174,2
17482,119,119,0
17483,60,60,0
17484,179,178,1
17485,120,119,1
17486,171,167,4
17487,1004,979,25
17488,445,436,9
17489,176,162,14
17490,240,228,12
17491,407,352,55
17492,50,50,0
17493,154,147,7
17494,215,211,4
17495,174,170,4
17496,265,245,20
17497,165,165,0
17498,131,130,1
17499,169,169,0
17500,180,178,2
17501,288,273,15
17502,142,138,4
17503,177,173,4
17504,23,21,2
17505,155,150,5
17506,221,219,2
17507,114,113,1
17508,794,773,21
17509,125,121,4
17510,144,144,0
17511,232,227,5
17512,38,38,0
17513,40,38,2
17514,62,60,2
17515,145,138,7
17516,134,129,5
17517,226,212,14
17518,124,118,6
17519,121,118,3
17520,140,136,4
17521,45,45,0
17522,620,605,15
17523,223,221,2
17524,251,247,4
17525,140,137,3
17526,173,173,0
17527,40,39,1
17528,997,981,16
17529,202,201,1
17530,239,228,11
17531,94,93,1
17532,150,141,9
17533,43,41,2
17534,123,119,4
17535,125,125,0
17536,363,360,3
17537,226,220,6
17538,167,162,5
17539,145,144,1
17540,127,123,4
17541,153,153,0
17542,156,156,0
17543,428,424,4
17544,276,270,6
17545,151,147,4
17546,152,149,3
17547,288,282,6
17548,207,204,3
17549,123,120,3
17550,173,169,4
17551,318,314,4
17552,273,269,4
17553,499,488,11
17554,152,151,1
17555,247,246,1
17556,188,180,8
17557,292,278,14
17558,225,221,4
17559,440,430,10
17560,138,134,4
17561,139,138,1
17562,220,218,2
17563,165,163,2
17564,43,41,2
17565,239,236,3
17566,137,129,8
17567,195,187,8
17568,116,114,2
17569,919,908,11
17570,143,141,2
17571,188,179,9
17572,181,180,1
17573,186,182,4
17574,299,291,8
17575,222,221,1
17576,131,130,1
17577,368,354,14
17578,332,323,9
17579,567,549,18
17580,684,671,13
17581,139,134,5
17582,218,213,5
17583,303,293,10
17584,197,195,2
17585,142,138,4
17586,219,218,1
17587,448,433,15
17588,151,148,3
17589,347,342,5
17590,226,225,1
17591,127,126,1
17592,89,88,1
17593,236,234,2
17594,212,207,5
17595,276,263,13
17596,75,74,1
17597,148,145,3
17598,138,136,2
17599,221,221,0
17600,182,175,7
17601,49,47,2
17602,93,91,2
17603,169,166,3
17604,135,135,0
17605,462,449,13
17606,458,442,16
17607,194,191,3
17608,236,235,1
17609,127,127,0
17610,415,410,5
17611,94,94,0
17612,221,220,1
17613,714,702,12
17614,104,101,3
17615,46,43,3
17616,66,66,0
17617,590,581,9
17618,323,317,6
17619,202,198,4
17620,295,293,2
17621,223,223,0
17622,134,129,5
17623,423,413,10
17624,471,465,6
17625,115,112,3
17626,109,106,3
17627,118,115,3
17628,801,782,19
17629,106,104,2
17630,211,208,3
17631,48,48,0
17632,182,181,1
17633,142,141,1
17634,280,266,14
17635,140,138,2
17636,155,151,4
17637,44,44,0
17638,245,243,2
17639,639,619,20
17640,213,211,2
17641,52,52,0
17642,267,263,4
17643,164,164,0
17644,137,136,1
17645,123,119,4
17646,321,318,3
17647,525,516,9
17648,305,292,13
17649,533,524,9
17650,152,145,7
17651,239,232,7
17652,150,148,2
17653,161,156,5
17654,114,112,2
17655,256,245,11
17656,273,269,4
17657,611,599,12
17658,353,344,9
17659,164,162,2
17660,257,253,4
17661,196,196,0
17662,133,133,0
17663,409,388,21
17664,121,119,2
17665,145,145,0
17666,120,118,2
17667,134,133,1
17668,216,212,4
17669,161,158,3
17670,242,239,3
17671,384,377,7
17672,120,118,2
17673,464,455,9
17674,192,186,6
17675,140,139,1
17676,209,198,11
17677,288,286,2
17678,190,188,2
17679,264,263,1
17680,233,230,3
17681,146,142,4
17682,149,149,0
17683,194,190,4
17684,170,166,4
17685,155,151,4
17686,171,164,7
17687,112,109,3
17688,238,233,5
17689,376,376,0
17690,292,290,2
17691,969,961,8
17692,526,517,9
17693,458,456,2
17694,101,90,11
17695,138,137,1
17696,154,149,5
17697,400,397,3
17698,698,681,17
17699,176,176,0
17700,238,229,9
17701,170,164,6
17702,149,147,2
17703,281,277,4
17704,225,220,5
17705,106,106,0
17706,42,42,0
17707,54,54,0
17708,488,482,6
17709,167,163,4
17710,126,126,0
17711,507,504,3
17712,169,168,1
17713,134,132,2
17714,152,150,2
17715,176,171,5
17716,132,130,2
17717,105,104,1
17718,127,125,2
17719,506,501,5
17720,105,105,0
17721,128,127,1
17722,100,99,1
17723,414,411,3
17724,198,193,5
17725,179,179,0
17726,590,585,5
17727,1030,1008,22
17728,183,176,7
17729,127,124,3
17730,108,107,1
17731,178,176,2
17732,169,169,0
17733,129,124,5
17734,120,118,2
17735,160,160,0
17736,120,118,2
17737,103,97,6
17738,172,168,4
17739,129,127,2
17740,512,497,15
17741,273,267,6
17742,132,131,1
17743,192,192,0
17744,191,188,3
17745,158,157,1
17746,139,138,1
17747,231,228,3
17748,724,713,11
17749,726,718,8
17750,106,102,4
17751,186,180,6
17752,908,894,14
17753,104,93,11
17754,146,143,3
17755,195,194,1
17756,164,161,3
17757,202,197,5
17758,74,74,0
17759,161,160,1
17760,203,196,7
17761,74,72,2
17762,144,139,5
17763,194,192,2
17764,241,237,4
17765,185,174,11
17766,147,146,1
17767,235,234,1
17768,178,178,0
17769,248,243,5
17770,394,392,2
17771,212,207,5
17772,912,898,14
17773,112,112,0
17774,134,130,4
17775,193,182,11
17776,217,216,1
17777,656,649,7
17778,149,145,4
17779,705,699,6
17780,138,137,1
17781,111,110,1
17782,986,973,13
17783,179,177,2
17784,128,127,1
17785,304,296,8
17786,786,777,9
17787,485,479,6
17788,145,136,9
17789,455,440,15
17790,72,72,0
17791,125,124,1
17792,106,100,6
17793,204,202,2
17794,397,391,6
17795,100,97,3
17796,173,168,5
17797,265,258,7
17798,153,149,4
17799,193,187,6
17800,48,46,2
17801,70,69,1
17802,131,127,4
17803,216,207,9
17804,163,160,3
17805,380,378,2
17806,558,542,16
17807,622,616,6
17808,61,60,1
17809,87,87,0
17810,53,52,1
17811,186,184,2
17812,64,62,2
17813,298,287,11
17814,200,196,4
17815,135,132,3
17816,120,120,0
17817,238,226,12
17818,119,118,1
17819,133,132,1
17820,182,182,0
17821,53,53,0
17822,449,443,6
17823,123,120,3
17824,68,68,0
17825,154,152,2
17826,146,140,6
17827,233,230,3
17828,157,152,5
17829,254,252,2
17830,206,203,3
17831,127,125,2
17832,144,142,2
17833,164,162,2
17834,156,155,1
17835,222,219,3
17836,227,225,2
17837,99,97,2
17838,68,67,1
17839,647,634,13
17840,144,143,1
17841,334,330,4
17842,132,131,1
17843,224,223,1
17844,139,136,3
17845,131,130,1
17846,301,301,0
17847,115,115,0
17848,269,264,5
17849,139,137,2
17850,547,537,10
17851,140,136,4
17852,520,511,9
17853,584,567,17
17854,230,221,9
17855,196,193,3
17856,127,126,1
17857,130,129,1
17858,414,404,10
17859,290,289,1
17860,157,155,2
17861,286,283,3
17862,84,81,3
17863,145,144,1
17864,52,52,0
17865,163,162,1
17866,212,212,0
17867,225,222,3
17868,90,90,0
17869,95,93,2
17870,119,114,5
17871,98,94,4
17872,639,630,9
17873,302,297,5
17874,159,158,1
17875,269,266,3
17876,378,376,2
17877,160,158,2
17878,104,104,0
17879,56,56,0
17880,44,41,3
17881,217,210,7
17882,195,194,1
17883,99,98,1
17884,142,141,1
17885,166,164,2
17886,270,262,8
17887,355,343,12
17888,156,153,3
17889,327,320,7
17890,141,138,3
17891,135,133,2
17892,165,154,11
17893,118,116,2
17894,208,196,12
17895,148,135,13
17896,317,313,4
17897,120,118,2
17898,100,98,2
17899,282,277,5
17900,40,39,1
17901,233,227,6
17902,134,131,3
17903,415,403,12
17904,402,397,5
17905,139,138,1
17906,571,560,11
17907,320,316,4
17908,271,260,11
17909,801,784,17
17910,29,29,0
17911,230,226,4
17912,386,377,9
17913,131,126,5
17914,144,134,10
17915,244,241,3
17916,131,128,3
17917,530,513,17
17918,520,504,16
17919,125,117,8
17920,138,134,4
17921,46,45,1
17922,121,113,8
17923,172,170,2
17924,169,165,4
17925,434,423,11
17926,141,140,1
17927,504,498,6
17928,244,239,5
17929,605,599,6
17930,247,245,2
17931,208,206,2
17932,260,256,4
17933,204,200,4
17934,582,561,21
17935,247,240,7
17936,234,231,3
17937,201,200,1
17938,133,133,0
17939,513,503,10
17940,163,160,3
17941,671,667,4
17942,114,111,3
17943,407,405,2
17944,50,50,0
17945,136,136,0
17946,238,234,4
17947,213,199,14
17948,153,152,1
17949,327,320,7
17950,138,137,1
17951,121,115,6
17952,147,144,3
17953,107,103,4
17954,168,166,2
17955,133,132,1
17956,203,203,0
17957,120,119,1
17958,318,312,6
17959,300,296,4
17960,256,254,2
17961,144,142,2
17962,300,293,7
17963,142,136,6
17964,107,101,6
17965,89,78,11
17966,248,240,8
17967,651,631,20
17968,97,97,0
17969,146,145,1
17970,248,246,2
17971,137,137,0
17972,125,123,2
17973,182,181,1
17974,121,119,2
17975,171,169,2
17976,122,117,5
17977,160,160,0
17978,214,213,1
17979,322,320,2
17980,122,122,0
17981,202,202,0
17982,317,315,2
17983,240,233,7
17984,144,144,0
17985,128,126,2
17986,383,376,7
17987,391,380,11
17988,136,127,9
17989,158,158,0
17990,189,185,4
17991,142,142,0
17992,166,164,2
17993,249,246,3
17994,624,617,7
17995,136,136,0
17996,194,193,1
17997,76,71,5
17998,229,227,2
17999,162,158,4
18000,272,258,14
18001,161,161,0
18002,200,196,4
18003,142,138,4
18004,229,224,5
18005,144,144,0
18006,171,168,3
18007,102,101,1
18008,220,214,6
18009,339,334,5
18010,186,183,3
18011,479,477,2
18012,254,253,1
18013,158,156,2
18014,294,288,6
18015,179,176,3
18016,234,228,6
18017,56,55,1
18018,162,160,2
18019,44,44,0
18020,124,123,1
18021,161,156,5
18022,153,148,5
18023,911,904,7
18024,48,48,0
18025,132,130,2
18026,216,211,5
18027,135,133,2
18028,131,130,1
18029,92,92,0
18030,119,117,2
18031,32,30,2
18032,174,172,2
18033,148,146,2
18034,174,169,5
18035,90,89,1
18036,128,127,1
18037,80,77,3
18038,194,190,4
18039,115,108,7
18040,142,139,3
18041,174,168,6
18042,97,95,2
18043,115,111,4
18044,367,363,4
18045,467,461,6
18046,141,141,0
18047,302,298,4
18048,172,170,2
18049,564,559,5
18050,240,232,8
18051,170,164,6
18052,432,430,2
18053,345,340,5
18054,90,90,0
18055,161,157,4
18056,378,371,7
18057,206,201,5
18058,275,272,3
18059,121,115,6
18060,113,107,6
18061,210,201,9
18062,162,156,6
18063,249,247,2
18064,275,268,7
18065,134,126,8
18066,524,512,12
18067,106,106,0
18068,564,550,14
18069,126,124,2
18070,140,137,3
18071,602,594,8
18072,449,442,7
18073,190,186,4
18074,199,197,2
18075,140,136,4
18076,719,704,15
18077,158,157,1
18078,279,271,8
18079,148,144,4
18080,286,284,2
18081,316,311,5
18082,209,201,8
18083,69,68,1
18084,195,192,3
18085,168,166,2
18086,183,180,3
18087,132,129,3
18088,133,131,2
18089,272,271,1
18090,150,149,1
18091,192,187,5
18092,792,777,15
18093,131,127,4
18094,286,281,5
18095,256,253,3
18096,58,57,1
18097,323,323,0
18098,180,177,3
18099,348,344,4
18100,311,301,10
18101,189,188,1
18102,338,333,5
18103,262,258,4
18104,105,105,0
18105,340,337,3
18106,342,335,7
18107,122,121,1
18108,153,148,5
18109,190,188,2
18110,226,224,2
18111,135,132,3
18112,179,171,8
18113,184,179,5
18114,165,163,2
18115,86,85,1
18116,305,296,9
18117,126,125,1
18118,141,138,3
18119,142,139,3
18120,129,127,2
18121,255,254,1
18122,199,199,0
18123,334,323,11
18124,147,146,1
18125,306,297,9
18126,108,100,8
18127,121,116,5
18128,122,113,9
18129,145,141,4
18130,403,400,3
18131,298,294,4
18132,123,120,3
18133,185,180,5
18134,204,201,3
18135,556,548,8
18136,189,186,3
18137,81,81,0
18138,216,214,2
18139,63,63,0
18140,177,175,2
18141,274,272,2
18142,125,123,2
18143,325,322,3
18144,187,184,3
18145,143,141,2
18146,248,242,6
18147,188,187,1
18148,105,105,0
18149,150,146,4
18150,136,135,1
18151,181,179,2
18152,131,130,1
18153,113,109,4
18154,184,183,1
18155,199,197,2
18156,132,130,2
18157,377,370,7
18158,280,276,4
18159,104,103,1
18160,126,126,0
18161,26,26,0
18162,34,33,1
18163,95,94,1
18164,89,89,0
18165,299,293,6
18166,70,66,4
18167,98,97,1
18168,286,283,3
18169,51,48,3
18170,49,48,1
18171,196,190,6
18172,170,168,2
18173,251,248,3
18174,141,138,3
18175,56,56,0
18176,153,151,2
18177,172,172,0
18178,424,420,4
18179,173,171,2
18180,215,213,2
18181,259,258,1
18182,295,288,7
18183,153,150,3
18184,135,134,1
18185,576,568,8
18186,569,563,6
18187,105,105,0
18188,99,95,4
18189,56,54,2
18190,497,479,18
18191,274,266,8
18192,364,355,9
18193,95,94,1
18194,122,117,5
18195,167,163,4
18196,384,369,15
18197,118,104,14
18198,223,220,3
18199,98,88,10
18200,237,220,17
18201,282,257,25
18202,242,218,24
18203,134,127,7
18204,570,555,15
18205,116,112,4
18206,399,386,13
18207,198,196,2
18208,183,182,1
18209,184,181,3
18210,260,252,8
18211,131,130,1
18212,111,111,0
18213,293,287,6
18214,548,539,9
18215,272,255,17
18216,63,63,0
18217,125,121,4
18218,420,412,8
18219,172,167,5
18220,140,137,3
18221,271,268,3
18222,424,421,3
18223,128,126,2
18224,102,94,8
18225,99,97,2
18226,175,172,3
18227,918,907,11
18228,146,145,1
18229,347,342,5
18230,211,204,7
18231,327,323,4
18232,281,271,10
18233,214,207,7
18234,77,77,0
18235,32,32,0
18236,27,27,0
18237,86,85,1
18238,63,62,1
18239,334,320,14
18240,71,69,2
18241,63,62,1
18242,111,110,1
18243,60,60,0
18244,256,251,5
18245,63,59,4
18246,149,141,8
18247,679,658,21
18248,220,217,3
18249,102,99,3
18250,161,159,2
18251,163,161,2
18252,283,283,0
18253,140,137,3
18254,123,121,2
18255,157,151,6
18256,90,87,3
18257,140,139,1
18258,143,134,9
18259,37,36,1
18260,53,50,3
18261,108,107,1
18262,252,238,14
18263,200,198,2
18264,146,144,2
18265,194,194,0
18266,346,339,7
18267,135,135,0
18268,120,120,0
18269,128,126,2
18270,183,182,1
18271,145,145,0
18272,291,291,0
18273,207,204,3
18274,238,233,5
18275,202,201,1
18276,379,376,3
18277,140,139,1
18278,171,167,4
18279,202,201,1
18280,259,254,5
18281,200,198,2
18282,109,106,3
18283,230,226,4
18284,505,499,6
18285,56,53,3
18286,398,389,9
18287,230,229,1
18288,317,305,12
18289,191,183,8
18290,254,247,7
18291,242,238,4
18292,175,168,7
18293,155,154,1
18294,155,150,5
18295,420,418,2
18296,143,140,3
18297,246,225,21
18298,234,225,9
18299,103,102,1
18300,183,182,1
18301,427,420,7
18302,167,165,2
18303,64,63,1
18304,306,298,8
18305,190,186,4
18306,118,116,2
18307,258,253,5
18308,42,42,0
18309,156,155,1
18310,237,234,3
18311,65,61,4
18312,248,245,3
18313,101,100,1
18314,282,278,4
18315,304,297,7
18316,277,271,6
18317,170,170,0
18318,413,402,11
18319,387,375,12
18320,266,257,9
18321,370,362,8
18322,165,165,0
18323,95,91,4
18324,460,442,18
18325,149,147,2
18326,1033,1017,16
18327,465,458,7
18328,177,177,0
18329,127,125,2
18330,180,170,10
18331,165,164,1
18332,563,554,9
18333,161,158,3
18334,393,392,1
18335,364,350,14
18336,127,126,1
18337,191,187,4
18338,469,462,7
18339,122,121,1
18340,150,146,4
18341,294,285,9
18342,103,103,0
18343,153,148,5
18344,149,141,8
18345,68,66,2
18346,160,158,2
18347,356,351,5
18348,141,139,2
18349,125,124,1
18350,149,146,3
18351,169,167,2
18352,53,53,0
18353,207,202,5
18354,520,488,32
18355,188,184,4
18356,277,273,4
18357,277,275,2
18358,382,373,9
18359,143,140,3
18360,128,127,1
18361,235,234,1
18362,235,233,2
18363,299,294,5
18364,197,197,0
18365,177,175,2
18366,138,137,1
18367,170,168,2
18368,69,69,0
18369,221,219,2
18370,280,275,5
18371,191,187,4
18372,75,74,1
18373,187,186,1
18374,211,207,4
18375,203,201,2
18376,212,210,2
18377,153,149,4
18378,239,236,3
18379,237,235,2
18380,75,74,1
18381,200,198,2
18382,162,161,1
18383,170,167,3
18384,172,172,0
18385,150,150,0
18386,155,154,1
18387,131,127,4
18388,198,195,3
18389,113,108,5
18390,197,195,2
18391,175,173,2
18392,267,263,4
18393,468,443,25
18394,216,209,7
18395,144,140,4
18396,203,202,1
18397,695,687,8
18398,107,105,2
18399,118,117,1
18400,183,179,4
18401,772,756,16
18402,151,150,1
18403,225,219,6
18404,127,126,1
18405,328,325,3
18406,124,121,3
18407,114,113,1
18408,129,128,1
18409,128,125,3
18410,179,178,1
18411,161,158,3
18412,201,190,11
18413,900,872,28
18414,115,115,0
18415,100,100,0
18416,105,104,1
18417,382,379,3
18418,349,342,7
18419,148,147,1
18420,152,140,12
18421,244,240,4
18422,138,137,1
18423,316,311,5
18424,820,792,28
18425,428,418,10
18426,188,185,3
18427,126,126,0
18428,227,223,4
18429,570,566,4
18430,372,367,5
18431,194,191,3
18432,757,748,9
18433,223,220,3
18434,209,206,3
18435,224,220,4
18436,464,455,9
18437,1002,991,11
18438,532,525,7
18439,278,274,4
18440,528,515,13
18441,189,181,8
18442,157,156,1
18443,280,279,1
18444,186,178,8
18445,159,159,0
18446,138,137,1
18447,318,316,2
18448,186,184,2
18449,265,260,5
18450,202,198,4
18451,334,327,7
18452,505,490,15
18453,116,115,1
18454,161,157,4
18455,353,347,6
18456,255,253,2
18457,124,124,0
18458,225,224,1
18459,266,265,1
18460,315,309,6
18461,514,513,1
18462,491,487,4
18463,298,296,2
18464,221,215,6
18465,139,137,2
18466,194,186,8
18467,153,151,2
18468,115,115,0
18469,48,48,0
18470,144,144,0
18471,605,603,2
18472,173,172,1
18473,124,124,0
18474,164,162,2
18475,218,217,1
18476,374,364,10
18477,153,148,5
18478,145,142,3
18479,706,692,14
18480,182,181,1
18481,197,191,6
18482,137,137,0
18483,108,107,1
18484,134,133,1
18485,284,279,5
18486,111,108,3
18487,174,169,5
18488,296,278,18
18489,367,358,9
18490,193,178,15
18491,114,113,1
18492,332,330,2
18493,537,534,3
18494,563,554,9
18495,123,123,0
18496,137,134,3
18497,118,116,2
18498,205,201,4
18499,238,238,0
18500,437,422,15
18501,155,150,5
18502,243,233,10
18503,359,351,8
18504,437,422,15
18505,175,165,10
18506,163,158,5
18507,228,228,0
18508,626,622,4
18509,184,182,2
18510,503,495,8
18511,576,571,5
18512,194,192,2
18513,164,162,2
18514,129,129,0
18515,157,155,2
18516,129,123,6
18517,138,136,2
18518,198,198,0
18519,151,151,0
18520,142,140,2
18521,98,98,0
18522,209,205,4
18523,115,113,2
18524,179,175,4
18525,311,302,9
18526,148,147,1
18527,166,164,2
18528,153,152,1
18529,124,122,2
18530,189,186,3
18531,101,100,1
18532,308,301,7
18533,364,355,9
18534,143,142,1
18535,169,166,3
18536,538,526,12
18537,366,360,6
18538,168,162,6
18539,129,128,1
18540,642,622,20
18541,388,380,8
18542,101,100,1
18543,207,202,5
18544,1020,1010,10
18545,264,259,5
18546,189,185,4
18547,163,163,0
18548,111,109,2
18549,207,206,1
18550,458,452,6
18551,176,172,4
18552,367,358,9
18553,128,126,2
18554,215,212,3
18555,502,481,21
18556,155,153,2
18557,61,59,2
18558,189,184,5
18559,148,146,2
18560,127,127,0
18561,192,185,7
18562,93,92,1
18563,133,131,2
18564,150,148,2
18565,363,356,7
18566,226,224,2
18567,115,114,1
18568,412,407,5
18569,189,184,5
18570,403,398,5
18571,131,131,0
18572,105,100,5
18573,211,208,3
18574,142,142,0
18575,170,167,3
18576,399,395,4
18577,430,424,6
18578,172,171,1
18579,312,310,2
18580,291,284,7
18581,175,168,7
18582,64,63,1
18583,708,700,8
18584,275,254,21
18585,140,138,2
18586,128,128,0
18587,177,169,8
18588,44,44,0
18589,199,198,1
18590,185,178,7
18591,390,379,11
18592,163,159,4
18593,518,506,12
18594,241,235,6
18595,389,382,7
18596,116,115,1
18597,361,353,8
18598,686,676,10
18599,241,240,1
18600,170,167,3
18601,337,334,3
18602,156,152,4
18603,237,233,4
18604,896,862,34
18605,140,139,1
18606,141,140,1
18607,253,244,9
18608,167,162,5
18609,156,154,2
18610,221,212,9
18611,368,363,5
18612,477,470,7
18613,63,58,5
18614,77,75,2
18615,133,133,0
18616,421,403,18
18617,394,371,23
18618,131,129,2
18619,236,229,7
18620,180,180,0
18621,62,61,1
18622,146,144,2
18623,370,362,8
18624,509,483,26
18625,199,195,4
18626,211,210,1
18627,327,322,5
18628,112,112,0
18629,155,154,1
18630,126,124,2
18631,145,143,2
18632,160,158,2
18633,162,161,1
18634,115,113,2
18635,132,131,1
18636,110,104,6
18637,163,160,3
18638,230,226,4
18639,108,104,4
18640,219,213,6
18641,141,138,3
18642,80,80,0
18643,78,78,0
18644,135,133,2
18645,174,172,2
18646,130,126,4
18647,50,50,0
18648,146,145,1
18649,74,74,0
18650,228,226,2
18651,123,121,2
18652,118,117,1
18653,93,92,1
18654,155,154,1
18655,260,252,8
18656,367,362,5
18657,254,250,4
18658,171,169,2
18659,184,183,1
18660,224,222,2
18661,127,123,4
18662,134,133,1
18663,371,355,16
18664,258,254,4
18665,55,55,0
18666,279,275,4
18667,117,117,0
18668,148,148,0
18669,193,190,3
18670,161,155,6
18671,77,76,1
18672,171,167,4
18673,154,153,1
18674,219,217,2
18675,409,391,18
18676,302,293,9
18677,55,54,1
18678,155,153,2
18679,143,138,5
18680,311,278,33
18681,167,163,4
18682,149,146,3
18683,243,236,7
18684,235,235,0
18685,132,132,0
18686,143,140,3
18687,292,286,6
18688,358,352,6
18689,269,263,6
18690,109,109,0
18691,107,104,3
18692,263,243,20
18693,127,121,6
18694,363,345,18
18695,145,144,1
18696,150,145,5
18697,232,229,3
18698,480,477,3
18699,123,120,3
18700,253,248,5
18701,79,79,0
18702,41,41,0
18703,86,83,3
18704,97,96,1
18705,614,579,35
18706,144,142,2
18707,165,162,3
18708,134,133,1
18709,62,61,1
18710,67,66,1
18711,360,346,14
18712,161,159,2
18713,150,149,1
18714,119,117,2
18715,166,160,6
18716,83,83,0
18717,163,159,4
18718,165,162,3
18719,194,193,1
18720,189,189,0
18721,65,65,0
18722,100,100,0
18723,50,47,3
18724,134,130,4
18725,317,307,10
18726,294,283,11
18727,224,215,9
18728,388,383,5
18729,129,119,10
18730,93,92,1
18731,183,181,2
18732,82,82,0
18733,127,122,5
18734,836,816,20
18735,152,146,6
18736,87,84,3
18737,88,88,0
18738,203,200,3
18739,120,113,7
18740,150,144,6
18741,204,198,6
18742,205,199,6
18743,46,46,0
18744,434,418,16
18745,125,120,5
18746,292,285,7
18747,213,202,11
18748,184,180,4
18749,50,49,1
18750,61,60,1
18751,112,109,3
18752,112,109,3
18753,195,191,4
18754,62,61,1
18755,234,232,2
18756,86,86,0
18757,426,423,3
18758,219,217,2
18759,140,139,1
18760,134,133,1
18761,157,156,1
18762,124,123,1
18763,165,164,1
18764,135,125,10
18765,201,195,6
18766,135,129,6
18767,163,163,0
18768,121,118,3
18769,174,173,1
18770,183,183,0
18771,405,401,4
18772,126,125,1
18773,218,218,0
18774,127,125,2
18775,179,177,2
18776,121,119,2
18777,156,156,0
18778,79,79,0
18779,164,163,1
18780,99,98,1
18781,108,104,4
18782,234,228,6
18783,202,200,2
18784,1010,1001,9
18785,133,131,2
18786,106,105,1
18787,282,276,6
18788,168,168,0
18789,162,155,7
18790,70,69,1
18791,157,156,1
18792,172,168,4
18793,401,367,34
18794,186,185,1
18795,138,136,2
18796,415,414,1
18797,59,56,3
18798,73,71,2
18799,59,59,0
18800,694,671,23
18801,89,86,3
18802,350,342,8
18803,144,143,1
18804,52,52,0
18805,97,96,1
18806,364,356,8
18807,181,180,1
18808,154,153,1
18809,83,83,0
18810,270,267,3
18811,146,139,7
18812,401,399,2
18813,214,205,9
18814,762,737,25
18815,283,278,5
18816,196,195,1
18817,271,270,1
18818,491,485,6
18819,463,450,13
18820,307,306,1
18821,459,450,9
18822,98,98,0
18823,119,119,0
18824,43,41,2
18825,595,593,2
18826,197,196,1
18827,207,206,1
18828,187,174,13
18829,241,236,5
18830,107,105,2
18831,168,167,1
18832,191,187,4
18833,270,270,0
18834,452,443,9
18835,115,112,3
18836,206,203,3
18837,531,514,17
18838,110,109,1
18839,183,180,3
18840,121,118,3
18841,209,208,1
18842,282,272,10
18843,438,431,7
18844,662,635,27
18845,298,291,7
18846,164,163,1
18847,314,308,6
18848,282,276,6
18849,894,876,18
18850,123,122,1
18851,136,134,2
18852,95,94,1
18853,488,467,21
18854,118,111,7
18855,182,178,4
18856,287,281,6
18857,72,71,1
18858,557,547,10
18859,56,54,2
18860,155,153,2
18861,180,179,1
18862,232,225,7
18863,172,171,1
18864,471,452,19
18865,489,484,5
18866,347,338,9
18867,235,223,12
18868,427,423,4
18869,127,125,2
18870,379,377,2
18871,149,148,1
18872,162,158,4
18873,105,104,1
18874,248,240,8
18875,215,214,1
18876,159,158,1
18877,324,315,9
18878,322,315,7
18879,155,154,1
18880,126,126,0
18881,50,48,2
18882,281,275,6
18883,125,124,1
18884,471,454,17
18885,122,117,5
18886,183,177,6
18887,405,403,2
18888,139,137,2
18889,439,400,39
18890,385,366,19
18891,202,195,7
18892,117,115,2
18893,51,51,0
18894,141,134,7
18895,202,196,6
18896,231,220,11
18897,110,107,3
18898,251,244,7
18899,295,294,1
18900,89,89,0
18901,346,338,8
18902,238,233,5
18903,460,448,12
18904,38,37,1
18905,108,107,1
18906,312,305,7
18907,101,99,2
18908,122,118,4
18909,235,231,4
18910,499,491,8
18911,397,383,14
18912,214,213,1
18913,128,126,2
18914,108,107,1
18915,191,188,3
18916,316,309,7
18917,156,155,1
18918,162,158,4
18919,634,618,16
18920,436,431,5
18921,1015,999,16
18922,172,169,3
18923,62,59,3
18924,167,167,0
18925,60,59,1
18926,97,97,0
18927,92,92,0
18928,279,273,6
18929,77,76,1
18930,72,72,0
18931,108,107,1
18932,157,154,3
18933,61,61,0
18934,60,60,0
18935,138,135,3
18936,86,81,5
18937,231,229,2
18938,341,336,5
18939,141,139,2
18940,537,530,7
18941,284,281,3
18942,132,130,2
18943,721,712,9
18944,91,89,2
18945,163,156,7
18946,272,268,4
18947,213,208,5
18948,141,135,6
18949,125,124,1
18950,129,127,2
18951,272,262,10
18952,405,400,5
18953,633,623,10
18954,127,126,1
18955,101,98,3
18956,56,55,1
18957,84,81,3
18958,245,245,0
18959,131,130,1
18960,130,130,0
18961,164,158,6
18962,103,102,1
18963,58,57,1
18964,222,220,2
18965,270,267,3
18966,127,115,12
18967,254,253,1
18968,130,127,3
18969,172,167,5
18970,113,110,3
18971,344,335,9
18972,127,126,1
18973,78,75,3
18974,58,57,1
18975,78,76,2
18976,115,111,4
18977,235,228,7
18978,132,129,3
18979,121,117,4
18980,103,103,0
18981,152,151,1
18982,87,86,1
18983,331,327,4
18984,95,95,0
18985,76,71,5
18986,67,66,1
18987,337,332,5
18988,223,216,7
18989,207,203,4
18990,133,132,1
18991,136,134,2
18992,339,333,6
18993,373,366,7
18994,149,149,0
18995,275,268,7
18996,550,524,26
18997,344,334,10
18998,335,324,11
18999,146,145,1
19000,135,134,1
19001,164,160,4
19002,305,283,22
19003,130,127,3
19004,166,155,11
19005,241,236,5
19006,90,88,2
19007,98,98,0
19008,160,154,6
19009,93,92,1
19010,126,126,0
19011,98,97,1
19012,133,133,0
19013,48,48,0
19014,120,118,2
19015,155,152,3
19016,57,56,1
19017,301,297,4
19018,198,184,14
19019,372,366,6
19020,132,130,2
19021,62,61,1
19022,123,119,4
19023,177,176,1
19024,159,159,0
19025,142,136,6
19026,163,159,4
19027,129,125,4
19028,166,166,0
19029,175,167,8
19030,123,116,7
19031,101,96,5
19032,118,117,1
19033,52,49,3
19034,143,137,6
19035,311,302,9
19036,308,303,5
19037,135,133,2
19038,65,65,0
19039,127,123,4
19040,276,270,6
19041,408,387,21
19042,116,113,3
19043,347,338,9
19044,114,112,2
19045,179,170,9
19046,335,317,18
19047,415,401,14
19048,163,161,2
19049,207,206,1
19050,271,261,10
19051,691,670,21
19052,273,269,4
19053,145,139,6
19054,106,104,2
19055,225,219,6
19056,272,269,3
19057,881,851,30
19058,498,469,29
19059,270,265,5
19060,166,161,5
19061,402,387,15
19062,189,188,1
19063,582,579,3
19064,185,181,4
19065,139,139,0
19066,325,324,1
19067,387,378,9
19068,126,123,3
19069,141,140,1
19070,300,299,1
19071,85,85,0
19072,110,104,6
19073,284,279,5
19074,474,470,4
19075,510,491,19
19076,326,319,7
19077,491,490,1
19078,415,407,8
19079,501,490,11
19080,115,115,0
19081,409,402,7
19082,133,128,5
19083,112,110,2
19084,84,82,2
19085,257,254,3
19086,144,142,2
19087,234,222,12
19088,443,425,18
19089,394,385,9
19090,266,260,6
19091,67,65,2
19092,147,145,2
19093,312,303,9
19094,204,203,1
19095,248,241,7
19096,149,146,3
19097,258,255,3
19098,166,164,2
19099,128,123,5
19100,135,133,2
19101,133,128,5
19102,131,124,7
19103,322,317,5
19104,209,205,4
19105,83,81,2
19106,177,176,1
19107,396,394,2
19108,259,258,1
19109,239,237,2
19110,426,420,6
19111,379,368,11
19112,163,160,3
19113,218,208,10
19114,624,611,13
19115,48,47,1
19116,335,328,7
19117,173,169,4
19118,164,163,1
19119,150,146,4
19120,235,229,6
19121,207,204,3
19122,284,277,7
19123,122,112,10
19124,127,124,3
19125,178,176,2
19126,167,166,1
19127,189,187,2
19128,214,207,7
19129,237,236,1
19130,193,192,1
19131,141,138,3
19132,642,642,0
19133,418,413,5
19134,213,205,8
19135,122,118,4
19136,218,213,5
19137,316,314,2
19138,972,949,23
19139,520,504,16
19140,328,323,5
19141,131,126,5
19142,819,806,13
19143,385,385,0
19144,142,142,0
19145,123,121,2
19146,156,155,1
19147,96,90,6
19148,130,130,0
19149,662,641,21
19150,151,149,2
19151,607,600,7
19152,171,167,4
19153,623,609,14
19154,306,303,3
19155,121,118,3
19156,104,102,2
19157,987,957,30
19158,416,411,5
19159,81,77,4
19160,164,160,4
19161,728,718,10
19162,1002,982,20
19163,982,961,21
19164,273,272,1
19165,214,209,5
19166,518,514,4
19167,697,681,16
19168,443,432,11
19169,180,179,1
19170,928,917,11
19171,334,329,5
19172,169,167,2
19173,786,782,4
19174,215,209,6
19175,127,122,5
19176,370,357,13
19177,255,247,8
19178,155,152,3
19179,311,303,8
19180,869,864,5
19181,163,162,1
19182,221,220,1
19183,278,277,1
19184,658,651,7
19185,324,313,11
19186,216,214,2
19187,203,198,5
19188,366,361,5
19189,558,546,12
19190,131,129,2
19191,144,144,0
19192,169,164,5
19193,189,189,0
19194,133,132,1
19195,151,150,1
19196,417,413,4
19197,335,333,2
19198,153,152,1
19199,772,747,25
19200,110,110,0
19201,190,188,2
19202,180,180,0
19203,171,170,1
19204,184,183,1
19205,318,311,7
19206,262,255,7
19207,313,308,5
19208,144,144,0
19209,162,161,1
19210,218,213,5
19211,133,133,0
19212,141,137,4
19213,697,687,10
19214,110,107,3
19215,167,165,2
19216,182,175,7
19217,144,140,4
19218,181,179,2
19219,151,148,3
19220,220,214,6
19221,142,139,3
19222,46,45,1
19223,245,245,0
19224,129,123,6
19225,269,266,3
19226,197,178,19
19227,207,200,7
19228,51,49,2
19229,226,220,6
19230,278,272,6
19231,196,189,7
19232,472,467,5
19233,132,131,1
19234,99,98,1
19235,173,171,2
19236,82,76,6
19237,315,309,6
19238,97,91,6
19239,163,159,4
19240,140,136,4
19241,134,133,1
19242,97,87,10
19243,98,93,5
19244,39,37,2
19245,208,207,1
19246,148,146,2
19247,100,98,2
19248,328,318,10
19249,145,144,1
19250,122,122,0
19251,513,493,20
19252,233,233,0
19253,579,566,13
19254,393,381,12
19255,225,198,27
19256,181,178,3
19257,101,100,1
19258,205,200,5
19259,161,159,2
19260,184,179,5
19261,427,423,4
19262,121,121,0
19263,139,138,1
19264,160,157,3
19265,406,393,13
19266,152,149,3
19267,257,247,10
19268,137,137,0
19269,134,129,5
19270,249,248,1
19271,119,118,1
19272,969,954,15
19273,44,43,1
19274,142,141,1
19275,482,469,13
19276,294,293,1
19277,172,166,6
19278,130,129,1
19279,190,176,14
19280,129,128,1
19281,210,206,4
19282,120,117,3
19283,214,209,5
19284,127,127,0
19285,111,111,0
19286,50,48,2
19287,70,70,0
19288,242,240,2
19289,160,159,1
19290,330,321,9
19291,275,269,6
19292,151,150,1
19293,156,152,4
19294,121,119,2
19295,218,218,0
19296,290,286,4
19297,57,57,0
19298,124,121,3
19299,98,97,1
19300,151,147,4
19301,128,126,2
19302,125,122,3
19303,151,148,3
19304,127,122,5
19305,248,248,0
19306,217,213,4
19307,84,83,1
19308,76,72,4
19309,99,99,0
19310,316,307,9
19311,156,151,5
19312,624,617,7
19313,76,75,1
19314,173,173,0
19315,146,142,4
19316,217,211,6
19317,182,180,2
19318,96,88,8
19319,259,251,8
19320,164,162,2
19321,63,61,2
19322,353,338,15
19323,168,166,2
19324,131,131,0
19325,924,921,3
19326,197,194,3
19327,153,149,4
19328,86,83,3
19329,219,212,7
19330,181,176,5
19331,428,420,8
19332,356,350,6
19333,581,578,3
19334,187,184,3
19335,854,848,6
19336,866,855,11
19337,218,209,9
19338,159,155,4
19339,111,108,3
19340,101,100,1
19341,211,206,5
19342,202,199,3
19343,99,98,1
19344,39,39,0
19345,103,98,5
19346,128,114,14
19347,131,119,12
19348,162,151,11
19349,216,197,19
19350,120,116,4
19351,116,111,5
19352,529,509,20
19353,714,694,20
19354,196,191,5
19355,215,210,5
19356,113,113,0
19357,82,81,1
19358,676,668,8
19359,305,297,8
19360,98,96,2
19361,1004,975,29
19362,133,133,0
19363,351,344,7
19364,246,246,0
19365,188,183,5
19366,272,270,2
19367,146,144,2
19368,290,290,0
19369,134,129,5
19370,127,127,0
19371,252,251,1
19372,179,174,5
19373,131,127,4
19374,350,345,5
19375,371,362,9
19376,223,222,1
19377,171,166,5
19378,425,415,10
19379,136,134,2
19380,104,102,2
19381,125,125,0
19382,65,65,0
19383,48,46,2
19384,112,110,2
19385,151,147,4
19386,140,139,1
19387,173,170,3
19388,144,139,5
19389,585,576,9
19390,196,194,2
19391,131,126,5
19392,211,206,5
19393,333,321,12
19394,289,282,7
19395,133,128,5
19396,151,145,6
19397,198,196,2
19398,135,133,2
19399,196,190,6
19400,492,484,8
19401,137,132,5
19402,384,374,10
19403,239,239,0
19404,156,155,1
19405,375,365,10
19406,463,457,6
19407,165,163,2
19408,190,188,2
19409,363,360,3
19410,345,344,1
19411,124,122,2
19412,174,174,0
19413,322,319,3
19414,177,176,1
19415,125,124,1
19416,136,131,5
19417,350,344,6
19418,182,178,4
19419,361,356,5
19420,208,207,1
19421,156,154,2
19422,938,923,15
19423,215,207,8
19424,296,292,4
19425,165,156,9
19426,122,117,5
19427,197,194,3
19428,366,358,8
19429,217,215,2
19430,283,277,6
19431,111,111,0
19432,215,213,2
19433,280,276,4
19434,128,126,2
19435,659,657,2
19436,140,137,3
19437,130,130,0
19438,510,501,9
19439,154,154,0
19440,534,526,8
19441,222,219,3
19442,873,860,13
19443,350,348,2
19444,174,173,1
19445,326,321,5
19446,124,124,0
19447,36,36,0
19448,92,90,2
19449,122,120,2
19450,495,486,9
19451,283,280,3
19452,298,294,4
19453,93,89,4
19454,158,150,8
19455,151,144,7
19456,237,229,8
19457,111,110,1
19458,142,142,0
19459,138,136,2
19460,161,161,0
19461,129,128,1
19462,173,168,5
19463,174,168,6
19464,171,168,3
19465,596,593,3
19466,294,290,4
19467,161,157,4
19468,162,160,2
19469,275,257,18
19470,346,336,10
19471,453,448,5
19472,228,227,1
19473,701,689,12
19474,391,375,16
19475,146,141,5
19476,165,165,0
19477,334,322,12
19478,310,301,9
19479,275,265,10
19480,245,239,6
19481,159,157,2
19482,134,132,2
19483,111,111,0
19484,683,683,0
19485,511,506,5
19486,280,278,2
19487,367,362,5
19488,322,318,4
19489,114,113,1
19490,125,124,1
19491,207,202,5
19492,126,123,3
19493,748,725,23
19494,214,211,3
19495,189,189,0
19496,627,615,12
19497,415,408,7
19498,77,73,4
19499,419,411,8
19500,117,115,2
19501,168,158,10
19502,274,259,15
19503,151,149,2
19504,717,684,33
19505,271,265,6
19506,491,471,20
19507,504,496,8
19508,135,127,8
19509,281,278,3
19510,380,378,2
19511,337,332,5
19512,143,138,5
19513,189,189,0
19514,185,183,2
19515,154,151,3
19516,284,280,4
19517,253,251,2
19518,120,117,3
19519,167,166,1
19520,248,246,2
19521,446,439,7
19522,126,121,5
19523,188,184,4
19524,40,39,1
19525,49,49,0
19526,133,128,5
19527,323,313,10
19528,400,390,10
19529,116,113,3
19530,171,163,8
19531,548,542,6
19532,281,274,7
19533,130,125,5
19534,125,123,2
19535,185,184,1
19536,123,123,0
19537,93,93,0
19538,143,141,2
19539,477,472,5
19540,315,309,6
19541,226,218,8
19542,169,164,5
19543,1029,1017,12
19544,126,126,0
19545,126,126,0
19546,136,134,2
19547,167,163,4
19548,189,187,2
19549,170,168,2
19550,199,196,3
19551,190,187,3
19552,175,172,3
19553,438,434,4
19554,991,984,7
19555,195,193,2
19556,213,204,9
19557,144,144,0
19558,132,132,0
19559,141,140,1
19560,217,209,8
19561,165,158,7
19562,180,177,3
19563,179,173,6
19564,121,118,3
19565,159,157,2
19566,206,205,1
19567,247,243,4
19568,918,910,8
19569,177,174,3
19570,392,386,6
19571,46,45,1
19572,154,151,3
19573,114,113,1
19574,334,318,16
19575,233,229,4
19576,130,127,3
19577,374,366,8
19578,82,72,10
19579,53,51,2
19580,554,544,10
19581,31,30,1
19582,363,353,10
19583,549,541,8
19584,109,109,0
19585,331,319,12
19586,536,522,14
19587,302,294,8
19588,126,121,5
19589,180,179,1
19590,405,403,2
19591,145,144,1
19592,214,210,4
19593,142,140,2
19594,175,174,1
19595,256,256,0
19596,68,65,3
19597,93,91,2
19598,253,249,4
19599,216,211,5
19600,235,230,5
19601,149,148,1
19602,232,226,6
19603,146,146,0
19604,124,123,1
19605,233,226,7
19606,688,670,18
19607,6,6,0
19608,140,137,3
19609,114,110,4
19610,247,245,2
19611,147,144,3
19612,211,209,2
19613,134,131,3
19614,210,203,7
19615,177,177,0
19616,53,51,2
19617,185,179,6
19618,163,160,3
19619,108,107,1
19620,189,188,1
19621,58,57,1
19622,239,236,3
19623,481,475,6
19624,445,433,12
19625,127,126,1
19626,143,143,0
19627,504,491,13
19628,166,162,4
19629,125,123,2
19630,252,246,6
19631,229,224,5
19632,124,124,0
19633,316,311,5
19634,185,183,2
19635,154,149,5
19636,291,282,9
19637,130,128,2
19638,184,181,3
19639,288,280,8
19640,365,344,21
19641,219,218,1
19642,541,529,12
19643,309,308,1
19644,361,357,4
19645,134,131,3
19646,237,225,12
19647,135,132,3
19648,161,160,1
19649,140,133,7
19650,155,154,1
19651,156,156,0
19652,146,138,8
19653,172,166,6
19654,254,245,9
19655,360,353,7
19656,321,310,11
19657,159,158,1
19658,174,169,5
19659,407,401,6
19660,160,157,3
19661,248,238,10
19662,212,211,1
19663,299,293,6
19664,144,138,6
19665,170,169,1
19666,498,484,14
19667,242,236,6
19668,51,50,1
19669,303,294,9
19670,501,500,1
19671,148,146,2
19672,59,58,1
19673,117,114,3
19674,238,234,4
19675,122,120,2
19676,169,161,8
19677,59,59,0
19678,167,158,9
19679,131,131,0
19680,350,341,9
19681,97,94,3
19682,312,308,4
19683,217,213,4
19684,148,148,0
19685,138,137,1
19686,111,111,0
19687,111,110,1
19688,98,97,1
19689,121,121,0
19690,264,262,2
19691,356,352,4
19692,572,571,1
19693,416,415,1
19694,144,141,3
19695,235,233,2
19696,172,170,2
19697,112,108,4
19698,304,295,9
19699,235,229,6
19700,552,544,8
19701,61,61,0
19702,92,90,2
19703,115,114,1
19704,117,115,2
19705,589,580,9
19706,54,54,0
19707,104,104,0
19708,32,32,0
19709,73,72,1
19710,107,106,1
19711,37,37,0
19712,110,109,1
19713,207,203,4
19714,57,56,1
19715,62,61,1
19716,129,125,4
19717,89,88,1
19718,64,64,0
19719,216,215,1
19720,277,269,8
19721,396,389,7
19722,207,202,5
19723,330,323,7
19724,293,285,8
19725,195,194,1
19726,369,367,2
19727,31,30,1
19728,158,152,6
19729,53,52,1
19730,57,56,1
19731,126,121,5
19732,121,114,7
19733,175,171,4
19734,296,292,4
19735,266,254,12
19736,222,219,3
19737,160,156,4
19738,142,140,2
19739,113,113,0
19740,170,164,6
19741,63,61,2
19742,414,406,8
19743,890,869,21
19744,163,163,0
19745,141,138,3
19746,179,179,0
19747,416,413,3
19748,49,44,5
19749,61,60,1
19750,113,109,4
19751,102,100,2
19752,161,158,3
19753,225,218,7
19754,182,179,3
19755,224,219,5
19756,136,134,2
19757,425,419,6
19758,293,290,3
19759,353,343,10
19760,143,142,1
19761,127,123,4
19762,197,191,6
19763,654,648,6
19764,312,308,4
19765,192,189,3
19766,242,240,2
19767,492,464,28
19768,93,88,5
19769,157,157,0
19770,134,133,1
19771,198,196,2
19772,248,246,2
19773,308,301,7
19774,128,128,0
19775,165,164,1
19776,359,347,12
19777,202,189,13
19778,141,139,2
19779,142,138,4
19780,162,161,1
19781,119,118,1
19782,192,189,3
19783,187,186,1
19784,213,210,3
19785,762,751,11
19786,311,310,1
19787,317,313,4
19788,251,250,1
19789,195,194,1
19790,119,119,0
19791,333,328,5
19792,423,420,3
19793,627,619,8
19794,768,761,7
19795,250,243,7
19796,119,113,6
19797,188,184,4
19798,553,544,9
19799,377,363,14
19800,250,245,5
19801,194,188,6
19802,73,72,1
19803,274,271,3
19804,144,143,1
19805,209,206,3
19806,415,404,11
19807,264,261,3
19808,146,146,0
19809,113,106,7
19810,556,547,9
19811,137,133,4
19812,168,162,6
19813,231,227,4
19814,99,99,0
19815,157,155,2
19816,124,123,1
19817,183,182,1
19818,142,138,4
19819,128,125,3
19820,113,113,0
19821,214,208,6
19822,283,274,9
19823,271,265,6
19824,195,195,0
19825,144,144,0
19826,36,36,0
19827,54,53,1
19828,140,135,5
19829,197,195,2
19830,156,149,7
19831,168,166,2
19832,128,124,4
19833,178,175,3
19834,1010,1000,10
19835,387,373,14
19836,677,674,3
19837,443,438,5
19838,289,285,4
19839,300,299,1
19840,165,164,1
19841,49,49,0
19842,277,276,1
19843,150,148,2
19844,503,502,1
19845,131,130,1
19846,150,149,1
19847,433,431,2
19848,151,151,0
19849,159,158,1
19850,232,227,5
19851,867,860,7
19852,164,159,5
19853,106,106,0
19854,91,89,2
19855,163,160,3
19856,333,329,4
19857,128,127,1
19858,688,678,10
19859,314,305,9
19860,309,307,2
19861,256,254,2
19862,936,916,20
19863,78,77,1
19864,54,53,1
19865,124,124,0
19866,603,601,2
19867,95,94,1
19868,41,41,0
19869,269,267,2
19870,162,162,0
19871,240,237,3
19872,51,50,1
19873,116,114,2
19874,108,106,2
19875,53,52,1
19876,103,103,0
19877,363,357,6
19878,198,195,3
19879,394,390,4
19880,158,155,3
19881,137,135,2
19882,193,190,3
19883,198,197,1
19884,367,357,10
19885,259,255,4
19886,271,269,2
19887,95,95,0
19888,424,415,9
19889,428,416,12
19890,598,591,7
19891,273,255,18
19892,140,137,3
19893,382,374,8
19894,207,203,4
19895,225,224,1
19896,124,123,1
19897,226,218,8
19898,179,179,0
19899,51,50,1
19900,163,160,3
19901,191,191,0
19902,140,138,2
19903,638,632,6
19904,603,593,10
19905,190,188,2
19906,130,127,3
19907,187,174,13
19908,125,121,4
19909,132,131,1
19910,148,147,1
19911,303,300,3
19912,122,113,9
19913,159,157,2
19914,152,145,7
19915,116,115,1
19916,253,243,10
19917,190,180,10
19918,128,118,10
19919,299,295,4
19920,145,145,0
19921,162,161,1
19922,162,162,0
19923,182,178,4
19924,119,117,2
19925,71,69,2
19926,126,124,2
19927,220,213,7
19928,99,99,0
19929,237,233,4
19930,358,353,5
19931,159,157,2
19932,173,170,3
19933,32,31,1
19934,109,106,3
19935,179,177,2
19936,124,123,1
19937,119,117,2
19938,35,35,0
19939,225,224,1
19940,152,151,1
19941,131,127,4
19942,197,195,2
19943,60,59,1
19944,145,137,8
19945,532,514,18
19946,118,117,1
19947,190,187,3
19948,51,49,2
19949,208,199,9
19950,447,441,6
19951,109,108,1
19952,261,260,1
19953,249,239,10
19954,220,216,4
19955,189,187,2
19956,113,110,3
19957,208,204,4
19958,118,118,0
19959,117,113,4
19960,102,101,1
19961,334,329,5
19962,205,202,3
19963,259,254,5
19964,293,286,7
19965,180,170,10
19966,119,111,8
19967,373,359,14
19968,216,209,7
19969,352,348,4
19970,451,432,19
19971,583,554,29
19972,142,138,4
19973,98,97,1
19974,251,250,1
19975,192,192,0
19976,130,128,2
19977,436,434,2
19978,130,130,0
19979,185,184,1
19980,218,218,0
19981,216,216,0
19982,128,122,6
19983,100,97,3
19984,544,538,6
19985,179,177,2
19986,326,313,13
19987,224,221,3
19988,180,176,4
19989,199,193,6
19990,79,77,2
19991,132,130,2
19992,100,96,4
19993,130,127,3
19994,128,127,1
19995,122,122,0
19996,240,231,9
19997,108,106,2
19998,120,117,3
19999,797,771,26
20000,187,186,1
20001,131,130,1
20002,193,186,7
20003,441,437,4
20004,118,114,4
20005,210,206,4
20006,332,325,7
20007,185,178,7
20008,479,461,18
20009,159,156,3
20010,134,129,5
20011,104,103,1
20012,81,81,0
20013,142,136,6
20014,83,83,0
20015,176,171,5
20016,263,258,5
20017,165,163,2
20018,168,165,3
20019,123,119,4
20020,129,128,1
20021,401,393,8
20022,169,160,9
20023,646,636,10
20024,935,912,23
20025,106,99,7
20026,768,747,21
20027,165,158,7
20028,146,145,1
20029,161,158,3
20030,101,97,4
20031,130,125,5
20032,52,48,4
20033,202,198,4
20034,63,59,4
20035,276,274,2
20036,378,365,13
20037,379,374,5
20038,73,73,0
20039,157,157,0
20040,117,115,2
20041,216,212,4
20042,135,132,3
20043,40,38,2
20044,284,278,6
20045,259,252,7
20046,513,503,10
20047,268,258,10
20048,187,180,7
20049,915,854,61
20050,221,216,5
20051,64,60,4
20052,898,889,9
20053,159,152,7
20054,156,154,2
20055,308,287,21
20056,196,191,5
20057,249,246,3
20058,598,589,9
20059,143,139,4
20060,671,661,10
20061,157,150,7
20062,38,38,0
20063,185,179,6
20064,234,233,1
20065,441,431,10
20066,197,192,5
20067,82,80,2
20068,174,171,3
20069,118,118,0
20070,343,329,14
20071,183,174,9
20072,83,82,1
20073,467,453,14
20074,242,230,12
20075,311,302,9
20076,156,153,3
20077,500,493,7
20078,251,249,2
20079,153,151,2
20080,128,128,0
20081,233,225,8
20082,197,194,3
20083,216,209,7
20084,189,188,1
20085,482,477,5
20086,193,191,2
20087,95,94,1
20088,259,255,4
20089,186,184,2
20090,359,359,0
20091,186,186,0
20092,197,195,2
20093,270,266,4
20094,218,216,2
20095,147,146,1
20096,605,595,10
20097,140,140,0
20098,325,319,6
20099,286,273,13
20100,367,361,6
20101,118,115,3
20102,331,323,8
20103,298,295,3
20104,348,343,5
20105,233,226,7
20106,167,166,1
20107,153,150,3
20108,241,236,5
20109,287,287,0
20110,191,183,8
20111,169,161,8
20112,182,182,0
20113,590,574,16
20114,138,136,2
20115,140,137,3
20116,545,530,15
20117,131,131,0
20118,203,196,7
20119,104,102,2
20120,109,109,0
20121,310,299,11
20122,217,211,6
20123,251,248,3
20124,149,149,0
20125,161,160,1
20126,106,106,0
20127,336,333,3
20128,127,126,1
20129,179,176,3
20130,145,144,1
20131,133,132,1
20132,507,501,6
20133,105,103,2
20134,190,186,4
20135,369,366,3
20136,307,296,11
20137,324,319,5
20138,558,545,13
20139,591,586,5
20140,100,96,4
20141,140,137,3
20142,158,157,1
20143,296,286,10
20144,336,328,8
20145,369,362,7
20146,154,154,0
20147,235,233,2
20148,148,147,1
20149,353,352,1
20150,159,157,2
20151,214,208,6
20152,116,115,1
20153,131,128,3
20154,440,429,11
20155,149,149,0
20156,213,203,10
20157,423,418,5
20158,164,164,0
20159,303,297,6
20160,824,800,24
20161,308,308,0
20162,114,114,0
20163,123,118,5
20164,139,137,2
20165,114,110,4
20166,286,284,2
20167,157,155,2
20168,120,118,2
20169,536,515,21
20170,244,240,4
20171,120,118,2
20172,209,206,3
20173,231,228,3
20174,120,118,2
20175,417,407,10
20176,415,409,6
20177,121,108,13
20178,560,554,6
20179,145,140,5
20180,262,240,22
20181,190,187,3
20182,297,296,1
20183,193,178,15
20184,690,667,23
20185,190,187,3
20186,228,216,12
20187,200,197,3
20188,324,318,6
20189,360,356,4
20190,545,533,12
20191,652,631,21
20192,307,300,7
20193,76,74,2
20194,43,43,0
20195,174,174,0
20196,368,363,5
20197,145,143,2
20198,51,51,0
20199,498,486,12
20200,199,198,1
20201,117,116,1
20202,313,307,6
20203,137,137,0
20204,141,140,1
20205,291,291,0
20206,142,139,3
20207,100,100,0
20208,146,139,7
20209,90,90,0
20210,445,441,4
20211,563,552,11
20212,280,274,6
20213,262,259,3
20214,124,121,3
20215,138,138,0
20216,302,300,2
20217,164,163,1
20218,435,433,2
20219,238,234,4
20220,190,186,4
20221,285,277,8
20222,138,135,3
20223,94,89,5
20224,423,412,11
20225,106,105,1
20226,105,104,1
20227,538,527,11
20228,395,375,20
20229,173,171,2
20230,153,153,0
20231,66,66,0
20232,109,107,2
20233,340,335,5
20234,110,109,1
20235,178,168,10
20236,114,111,3
20237,46,46,0
20238,145,139,6
20239,157,154,3
20240,214,205,9
20241,459,450,9
20242,1099,1082,17
20243,410,403,7
20244,297,279,18
20245,108,108,0
20246,250,244,6
20247,298,293,5
20248,210,209,1
20249,127,124,3
20250,410,401,9
20251,122,122,0
20252,196,191,5
20253,321,316,5
20254,177,175,2
20255,592,572,20
20256,155,155,0
20257,119,118,1
20258,192,191,1
20259,536,512,24
20260,256,247,9
20261,206,200,6
20262,387,377,10
20263,223,217,6
20264,387,373,14
20265,142,134,8
20266,297,297,0
20267,125,125,0
20268,563,553,10
20269,252,247,5
20270,556,553,3
20271,149,148,1
20272,65,63,2
20273,109,108,1
20274,417,408,9
20275,159,151,8
20276,118,116,2
20277,353,348,5
20278,463,448,15
20279,233,231,2
20280,278,270,8
20281,108,107,1
20282,207,201,6
20283,229,223,6
20284,298,286,12
20285,110,109,1
20286,397,382,15
20287,149,142,7
20288,163,160,3
20289,209,203,6
20290,144,142,2
20291,145,143,2
20292,471,460,11
20293,146,143,3
20294,289,285,4
20295,183,178,5
20296,231,229,2
20297,125,125,0
20298,106,105,1
20299,153,151,2
20300,182,179,3
20301,830,801,29
20302,404,392,12
20303,119,117,2
20304,209,203,6
20305,282,276,6
20306,125,117,8
20307,409,396,13
20308,160,158,2
20309,130,129,1
20310,229,220,9
20311,67,67,0
20312,107,105,2
20313,284,281,3
20314,987,966,21
20315,114,114,0
20316,135,131,4
20317,111,110,1
20318,286,286,0
20319,297,293,4
20320,169,164,5
20321,148,147,1
20322,267,266,1
20323,169,166,3
20324,117,110,7
20325,183,179,4
20326,288,284,4
20327,137,134,3
20328,580,570,10
20329,130,127,3
20330,129,126,3
20331,173,168,5
20332,261,260,1
20333,143,142,1
20334,444,437,7
20335,155,155,0
20336,598,583,15
20337,316,305,11
20338,132,130,2
20339,291,280,11
20340,145,140,5
20341,481,472,9
20342,179,177,2
20343,160,156,4
20344,108,106,2
20345,151,149,2
20346,286,284,2
20347,204,200,4
20348,337,330,7
20349,247,243,4
20350,141,140,1
20351,403,392,11
20352,184,180,4
20353,207,206,1
20354,134,131,3
20355,268,266,2
20356,298,295,3
20357,75,72,3
20358,86,82,4
20359,104,102,2
20360,197,196,1
20361,283,278,5
20362,144,137,7
20363,182,178,4
20364,86,82,4
20365,165,158,7
20366,313,304,9
20367,262,248,14
20368,444,433,11
20369,191,189,2
20370,141,140,1
20371,161,160,1
20372,98,97,1
20373,226,224,2
20374,197,189,8
20375,812,789,23
20376,80,78,2
20377,120,117,3
20378,287,281,6
20379,297,291,6
20380,477,467,10
20381,605,592,13
20382,121,116,5
20383,354,350,4
20384,216,214,2
20385,267,266,1
20386,86,85,1
20387,301,294,7
20388,139,135,4
20389,981,963,18
20390,130,130,0
20391,161,152,9
20392,224,218,6
20393,148,143,5
20394,112,107,5
20395,100,98,2
20396,175,172,3
20397,105,103,2
20398,139,136,3
20399,161,160,1
20400,188,187,1
20401,74,72,2
20402,74,72,2
20403,62,62,0
20404,139,136,3
20405,143,140,3
20406,130,126,4
20407,231,224,7
20408,442,433,9
20409,162,153,9
20410,124,123,1
20411,239,233,6
20412,339,334,5
20413,189,185,4
20414,177,173,4
20415,204,199,5
20416,181,181,0
20417,398,390,8
20418,92,92,0
20419,264,262,2
20420,229,223,6
20421,158,152,6
20422,124,120,4
20423,134,134,0
20424,132,130,2
20425,205,201,4
20426,382,378,4
20427,126,123,3
20428,126,117,9
20429,490,487,3
20430,177,175,2
20431,125,125,0
20432,269,267,2
20433,116,116,0
20434,422,417,5
20435,211,210,1
20436,906,884,22
20437,134,133,1
20438,115,111,4
20439,434,423,11
20440,140,138,2
20441,185,184,1
20442,145,143,2
20443,515,504,11
20444,38,36,2
20445,167,164,3
20446,188,186,2
20447,96,95,1
20448,67,67,0
20449,404,396,8
20450,378,375,3
20451,132,130,2
20452,88,84,4
20453,95,95,0
20454,368,365,3
20455,185,181,4
20456,145,145,0
20457,227,222,5
20458,189,182,7
20459,1011,995,16
20460,267,261,6
20461,141,139,2
20462,443,434,9
20463,145,142,3
20464,197,197,0
20465,923,916,7
20466,143,143,0
20467,327,326,1
20468,129,126,3
20469,132,130,2
20470,49,48,1
20471,121,120,1
20472,149,147,2
20473,270,268,2
20474,409,404,5
20475,355,343,12
20476,229,223,6
20477,115,115,0
20478,172,170,2
20479,129,129,0
20480,384,376,8
20481,127,126,1
20482,426,419,7
20483,326,320,6
20484,342,325,17
20485,438,425,13
20486,121,119,2
20487,167,166,1
20488,191,189,2
20489,361,358,3
20490,212,210,2
20491,363,359,4
20492,331,329,2
20493,198,193,5
20494,138,138,0
20495,161,150,11
20496,265,260,5
20497,265,258,7
20498,120,120,0
20499,178,176,2
20500,202,199,3
20501,210,208,2
20502,143,138,5
20503,117,117,0
20504,559,548,11
20505,182,181,1
20506,122,120,2
20507,241,238,3
20508,142,136,6
20509,135,133,2
20510,175,173,2
20511,123,117,6
20512,937,926,11
20513,330,321,9
20514,270,259,11
20515,332,332,0
20516,223,221,2
20517,183,174,9
20518,544,540,4
20519,328,323,5
20520,216,216,0
20521,732,724,8
20522,279,273,6
20523,132,132,0
20524,568,564,4
20525,359,357,2
20526,553,542,11
20527,254,250,4
20528,163,163,0
20529,89,88,1
20530,78,78,0
20531,368,368,0
20532,110,110,0
20533,118,116,2
20534,62,61,1
20535,177,176,1
20536,134,132,2
20537,152,150,2
20538,213,211,2
20539,124,122,2
20540,119,116,3
20541,174,170,4
20542,400,400,0
20543,144,143,1
20544,86,86,0
20545,172,168,4
20546,169,168,1
20547,111,108,3
20548,542,531,11
20549,208,202,6
20550,691,686,5
20551,217,217,0
20552,62,60,2
20553,153,152,1
20554,143,143,0
20555,379,370,9
20556,109,108,1
20557,174,174,0
20558,126,124,2
20559,225,223,2
20560,74,73,1
20561,682,666,16
20562,275,274,1
20563,101,99,2
20564,292,278,14
20565,112,109,3
20566,132,130,2
20567,488,480,8
20568,318,300,18
20569,241,237,4
20570,163,161,2
20571,582,577,5
20572,210,207,3
20573,157,155,2
20574,851,847,4
20575,265,255,10
20576,108,101,7
20577,389,381,8
20578,357,345,12
20579,249,242,7
20580,117,117,0
20581,160,156,4
20582,192,191,1
20583,290,277,13
20584,121,115,6
20585,119,119,0
20586,404,401,3
20587,77,77,0
20588,136,134,2
20589,63,63,0
20590,46,46,0
20591,57,54,3
20592,135,133,2
20593,119,116,3
20594,228,226,2
20595,198,197,1
20596,98,97,1
20597,161,154,7
20598,121,120,1
20599,158,158,0
20600,91,88,3
20601,823,815,8
20602,289,289,0
20603,152,150,2
20604,181,176,5
20605,282,277,5
20606,144,143,1
20607,204,195,9
20608,129,124,5
20609,228,220,8
20610,244,242,2
20611,83,79,4
20612,127,124,3
20613,128,126,2
20614,477,473,4
20615,156,151,5
20616,140,136,4
20617,129,125,4
20618,215,211,4
20619,170,170,0
20620,158,158,0
20621,135,133,2
20622,215,210,5
20623,191,190,1
20624,46,46,0
20625,154,151,3
20626,120,118,2
20627,220,207,13
20628,322,315,7
20629,224,222,2
20630,106,105,1
20631,177,177,0
20632,125,124,1
20633,193,190,3
20634,144,141,3
20635,317,315,2
20636,429,421,8
20637,145,143,2
20638,380,379,1
20639,341,334,7
20640,442,438,4
20641,375,366,9
20642,518,509,9
20643,234,226,8
20644,157,155,2
20645,121,105,16
20646,134,134,0
20647,46,46,0
20648,186,185,1
20649,173,172,1
20650,124,124,0
20651,164,162,2
20652,218,217,1
20653,374,364,10
20654,98,97,1
20655,145,142,3
20656,706,692,14
20657,182,181,1
20658,197,191,6
20659,137,137,0
20660,108,107,1
20661,134,133,1
20662,284,279,5
20663,111,108,3
20664,499,490,9
20665,177,172,5
20666,378,363,15
20667,192,181,11
20668,170,169,1
20669,213,210,3
20670,386,374,12
20671,305,280,25
20672,374,361,13
20673,177,173,4
20674,212,210,2
20675,132,125,7
20676,577,561,16
20677,195,188,7
20678,305,302,3
20679,322,313,9
20680,90,90,0
20681,199,197,2
20682,507,504,3
20683,169,168,1
20684,245,237,8
20685,66,62,4
20686,748,709,39
20687,874,835,39
20688,175,175,0
20689,145,138,7
20690,117,115,2
20691,154,154,0
20692,33,33,0
20693,104,100,4
20694,393,382,11
20695,200,195,5
20696,52,52,0
20697,347,333,14
20698,120,119,1
20699,239,237,2
20700,460,454,6
20701,540,534,6
20702,209,203,6
20703,397,392,5
20704,489,488,1
20705,171,164,7
20706,104,97,7
20707,122,117,5
20708,91,88,3
20709,919,905,14
20710,367,366,1
20711,152,151,1
20712,138,133,5
20713,119,118,1
20714,161,161,0
20715,302,297,5
20716,170,169,1
20717,156,154,2
20718,89,87,2
20719,290,287,3
20720,155,152,3
20721,122,121,1
20722,141,139,2
20723,107,106,1
20724,68,67,1
20725,193,191,2
20726,137,133,4
20727,160,155,5
20728,316,305,11
20729,740,729,11
20730,338,334,4
20731,174,172,2
20732,203,195,8
20733,87,84,3
20734,69,68,1
20735,485,474,11
20736,311,308,3
20737,407,397,10
20738,206,206,0
20739,476,461,15
20740,183,182,1
20741,113,113,0
20742,140,137,3
20743,116,112,4
20744,404,395,9
20745,123,121,2
20746,244,243,1
20747,438,417,21
20748,225,223,2
20749,377,376,1
20750,724,716,8
20751,137,136,1
20752,160,160,0
20753,191,189,2
20754,935,926,9
20755,154,153,1
20756,181,178,3
20757,174,169,5
20758,289,275,14
20759,566,564,2
20760,652,643,9
20761,68,66,2
20762,181,181,0
20763,96,92,4
20764,228,222,6
20765,145,145,0
20766,162,159,3
20767,377,370,7
20768,156,155,1
20769,209,209,0
20770,119,116,3
20771,435,420,15
20772,74,71,3
20773,90,87,3
20774,123,119,4
20775,143,138,5
20776,176,173,3
20777,55,55,0
20778,158,150,8
20779,190,180,10
20780,140,137,3
20781,191,178,13
20782,306,294,12
20783,354,343,11
20784,194,190,4
20785,207,200,7
20786,151,136,15
20787,107,104,3
20788,314,313,1
20789,174,165,9
20790,225,217,8
20791,127,124,3
20792,127,127,0
20793,153,148,5
20794,98,95,3
20795,158,157,1
20796,132,130,2
20797,270,268,2
20798,125,123,2
20799,148,143,5
20800,221,216,5
20801,345,342,3
20802,191,188,3
20803,181,176,5
20804,371,368,3
20805,146,142,4
20806,346,337,9
20807,216,215,1
20808,248,244,4
20809,188,184,4
20810,176,168,8
20811,46,46,0
20812,163,162,1
20813,154,154,0
20814,250,247,3
20815,142,138,4
20816,140,136,4
20817,129,126,3
20818,137,137,0
20819,125,123,2
20820,151,149,2
20821,992,980,12
20822,151,149,2
20823,271,267,4
20824,259,253,6
20825,225,220,5
20826,610,607,3
20827,290,288,2
20828,200,196,4
20829,125,122,3
20830,148,147,1
20831,802,788,14
20832,310,304,6
20833,579,559,20
20834,59,58,1
20835,120,117,3
20836,155,152,3
20837,173,165,8
20838,387,378,9
20839,229,224,5
20840,261,252,9
20841,612,610,2
20842,492,480,12
20843,274,272,2
20844,184,181,3
20845,341,330,11
20846,336,322,14
20847,143,142,1
20848,75,71,4
20849,173,167,6
20850,169,155,14
20851,141,141,0
20852,201,197,4
20853,114,112,2
20854,395,392,3
20855,469,461,8
20856,128,126,2
20857,205,199,6
20858,460,446,14
20859,143,135,8
20860,288,282,6
20861,188,178,10
20862,548,543,5
20863,128,124,4
20864,189,188,1
20865,137,133,4
20866,177,174,3
20867,93,93,0
20868,146,136,10
20869,106,101,5
20870,112,109,3
20871,197,195,2
20872,161,160,1
20873,103,101,2
20874,299,296,3
20875,48,48,0
20876,130,121,9
20877,96,95,1
20878,340,327,13
20879,144,138,6
20880,84,83,1
20881,104,104,0
20882,50,49,1
20883,168,163,5
20884,84,82,2
20885,123,120,3
20886,104,103,1
20887,185,179,6
20888,111,110,1
20889,132,130,2
20890,158,155,3
20891,332,327,5
20892,180,179,1
20893,292,292,0
20894,49,44,5
20895,407,406,1
20896,79,77,2
20897,382,381,1
20898,380,373,7
20899,434,425,9
20900,188,184,4
20901,126,125,1
20902,170,168,2
20903,207,204,3
20904,214,208,6
20905,208,203,5
20906,76,76,0
20907,251,251,0
20908,123,121,2
20909,274,266,8
20910,261,258,3
20911,921,892,29
20912,614,588,26
20913,196,186,10
20914,238,233,5
20915,271,268,3
20916,454,448,6
20917,168,162,6
20918,169,167,2
20919,319,306,13
20920,69,68,1
20921,211,205,6
20922,136,136,0
20923,701,672,29
20924,425,419,6
20925,555,533,22
20926,285,275,10
20927,89,88,1
20928,150,146,4
20929,28,28,0
20930,48,48,0
20931,111,104,7
20932,116,116,0
20933,122,122,0
20934,46,45,1
20935,119,118,1
20936,227,227,0
20937,579,562,17
20938,50,50,0
20939,149,148,1
20940,110,107,3
20941,53,52,1
20942,193,190,3
20943,346,344,2
20944,222,218,4
20945,256,254,2
20946,137,137,0
20947,556,547,9
20948,758,751,7
20949,170,164,6
20950,206,203,3
20951,212,205,7
20952,336,327,9
20953,114,113,1
20954,674,664,10
20955,761,720,41
20956,341,337,4
20957,125,124,1
20958,226,224,2
20959,46,45,1
20960,162,160,2
20961,126,118,8
20962,564,558,6
20963,102,102,0
20964,131,128,3
20965,126,124,2
20966,210,209,1
20967,154,154,0
20968,677,674,3
20969,210,209,1
20970,127,126,1
20971,375,359,16
20972,280,277,3
20973,168,162,6
20974,776,770,6
20975,111,107,4
20976,525,520,5
20977,279,275,4
20978,227,225,2
20979,154,153,1
20980,141,139,2
20981,179,178,1
20982,125,117,8
20983,237,232,5
20984,132,128,4
20985,106,102,4
20986,121,120,1
20987,169,167,2
20988,228,228,0
20989,126,125,1
20990,231,229,2
20991,211,208,3
20992,124,122,2
20993,207,194,13
20994,48,48,0
20995,372,369,3
20996,196,194,2
20997,189,188,1
20998,176,175,1
20999,74,71,3
21000,311,311,0
21001,111,108,3
21002,167,167,0
21003,129,127,2
21004,134,133,1
21005,463,454,9
21006,465,459,6
21007,134,132,2
21008,347,346,1
21009,221,217,4
21010,135,134,1
21011,400,390,10
21012,607,601,6
21013,424,417,7
21014,160,158,2
21015,713,704,9
21016,233,233,0
21017,424,414,10
21018,125,125,0
21019,218,213,5
21020,158,156,2
21021,377,372,5
21022,122,119,3
21023,151,150,1
21024,133,130,3
21025,113,110,3
21026,175,174,1
21027,91,90,1
21028,523,512,11
21029,141,141,0
21030,173,169,4
21031,458,451,7
21032,157,155,2
21033,173,169,4
21034,207,206,1
21035,158,156,2
21036,228,220,8
21037,295,287,8
21038,208,207,1
21039,148,146,2
21040,100,98,2
21041,328,318,10
21042,145,144,1
21043,75,73,2
21044,122,122,0
21045,423,419,4
21046,209,208,1
21047,288,287,1
21048,513,493,20
21049,109,106,3
21050,105,100,5
21051,171,167,4
21052,381,368,13
21053,208,203,5
21054,172,162,10
21055,115,110,5
21056,127,125,2
21057,289,285,4
21058,100,100,0
21059,118,114,4
21060,349,342,7
21061,781,775,6
21062,206,204,2
21063,170,168,2
21064,175,175,0
21065,121,120,1
21066,130,130,0
21067,132,131,1
21068,154,150,4
21069,285,276,9
21070,154,152,2
21071,196,194,2
21072,110,110,0
21073,186,184,2
21074,112,112,0
21075,66,66,0
21076,87,81,6
21077,339,334,5
21078,114,113,1
21079,168,166,2
21080,72,71,1
21081,106,102,4
21082,132,130,2
21083,144,144,0
21084,182,179,3
21085,45,44,1
21086,44,44,0
21087,96,93,3
21088,174,169,5
21089,111,111,0
21090,113,113,0
21091,458,452,6
21092,642,636,6
21093,112,109,3
21094,177,172,5
21095,121,115,6
21096,385,384,1
21097,109,106,3
21098,136,133,3
21099,139,135,4
21100,41,40,1
21101,101,100,1
21102,366,358,8
21103,100,97,3
21104,212,211,1
21105,194,189,5
21106,243,242,1
21107,122,121,1
21108,128,123,5
21109,55,53,2
21110,75,74,1
21111,128,126,2
21112,147,145,2
21113,138,137,1
21114,147,135,12
21115,59,56,3
21116,256,251,5
21117,578,562,16
21118,179,176,3
21119,181,181,0
21120,156,155,1
21121,101,101,0
21122,158,157,1
21123,436,429,7
21124,141,137,4
21125,123,122,1
21126,222,218,4
21127,215,212,3
21128,470,463,7
21129,108,106,2
21130,141,139,2
21131,114,113,1
21132,202,199,3
21133,180,178,2
21134,83,83,0
21135,104,103,1
21136,88,86,2
21137,212,210,2
21138,132,130,2
21139,313,307,6
21140,266,263,3
21141,208,208,0
21142,136,132,4
21143,236,230,6
21144,106,104,2
21145,130,128,2
21146,157,154,3
21147,123,122,1
21148,125,124,1
21149,171,169,2
21150,498,487,11
21151,166,163,3
21152,160,156,4
21153,135,132,3
21154,170,158,12
21155,212,203,9
21156,630,606,24
21157,411,389,22
21158,153,151,2
21159,403,393,10
21160,87,87,0
21161,221,215,6
21162,86,86,0
21163,50,44,6
21164,98,96,2
21165,122,121,1
21166,388,382,6
21167,125,124,1
21168,88,86,2
21169,82,78,4
21170,77,76,1
21171,252,252,0
21172,195,193,2
21173,507,499,8
21174,411,391,20
21175,156,156,0
21176,208,206,2
21177,54,54,0
21178,203,199,4
21179,226,223,3
21180,361,348,13
21181,127,126,1
21182,110,110,0
21183,171,169,2
21184,313,312,1
21185,256,254,2
21186,208,201,7
21187,324,318,6
21188,78,73,5
21189,674,659,15
21190,173,167,6
21191,356,345,11
21192,846,814,32
21193,312,303,9
21194,459,446,13
21195,300,294,6
21196,196,192,4
21197,128,126,2
21198,218,213,5
21199,123,121,2
21200,331,329,2
21201,126,123,3
21202,270,267,3
21203,843,831,12
21204,123,122,1
21205,368,366,2
21206,483,479,4
21207,164,162,2
21208,390,384,6
21209,168,165,3
21210,138,137,1
21211,134,131,3
21212,131,131,0
21213,150,149,1
21214,321,315,6
21215,141,140,1
21216,475,471,4
21217,176,176,0
21218,123,123,0
21219,481,475,6
21220,128,127,1
21221,158,154,4
21222,121,118,3
21223,565,559,6
21224,249,242,7
21225,115,111,4
21226,184,177,7
21227,63,62,1
21228,56,55,1
21229,223,222,1
21230,273,268,5
21231,135,135,0
21232,133,127,6
21233,176,172,4
21234,338,326,12
21235,123,122,1
21236,319,314,5
21237,116,113,3
21238,154,146,8
21239,131,128,3
21240,56,54,2
21241,76,74,2
21242,148,144,4
21243,227,224,3
21244,148,148,0
21245,156,156,0
21246,131,130,1
21247,60,59,1
21248,197,193,4
21249,117,116,1
21250,224,213,11
21251,235,230,5
21252,150,146,4
21253,22,22,0
21254,141,139,2
21255,68,67,1
21256,55,53,2
21257,158,157,1
21258,136,132,4
21259,189,187,2
21260,289,286,3
21261,75,75,0
21262,30,30,0
21263,98,98,0
21264,96,92,4
21265,148,148,0
21266,181,177,4
21267,80,78,2
21268,132,130,2
21269,39,38,1
21270,147,143,4
21271,126,125,1
21272,558,552,6
21273,180,178,2
21274,248,248,0
21275,182,173,9
21276,156,156,0
21277,74,74,0
21278,124,121,3
21279,232,228,4
21280,193,191,2
21281,135,133,2
21282,81,81,0
21283,105,105,0
21284,218,209,9
21285,178,177,1
21286,262,255,7
21287,131,130,1
21288,141,140,1
21289,284,276,8
21290,141,140,1
21291,179,173,6
21292,237,234,3
21293,232,225,7
21294,143,141,2
21295,121,121,0
21296,221,215,6
21297,110,106,4
21298,660,649,11
21299,357,343,14
21300,192,188,4
21301,160,158,2
21302,184,172,12
21303,138,135,3
21304,174,170,4
21305,281,276,5
21306,575,563,12
21307,822,802,20
21308,281,277,4
21309,370,363,7
21310,125,120,5
21311,125,120,5
21312,169,166,3
21313,150,148,2
21314,200,199,1
21315,223,216,7
21316,149,146,3
21317,132,127,5
21318,184,181,3
21319,128,121,7
21320,742,734,8
21321,145,143,2
21322,115,112,3
21323,153,152,1
21324,125,125,0
21325,238,235,3
21326,329,328,1
21327,77,76,1
21328,217,213,4
21329,173,173,0
21330,130,127,3
21331,219,215,4
21332,52,51,1
21333,167,165,2
21334,754,743,11
21335,288,285,3
21336,159,157,2
21337,180,180,0
21338,377,365,12
21339,375,368,7
21340,496,486,10
21341,305,298,7
21342,458,454,4
21343,213,206,7
21344,120,119,1
21345,145,145,0
21346,149,149,0
21347,140,139,1
21348,144,140,4
21349,122,121,1
21350,158,155,3
21351,121,120,1
21352,243,238,5
21353,60,60,0
21354,152,146,6
21355,237,237,0
21356,65,65,0
21357,53,53,0
21358,53,52,1
21359,124,124,0
21360,76,76,0
21361,39,38,1
21362,134,130,4
21363,52,52,0
21364,157,157,0
21365,168,160,8
21366,80,77,3
21367,56,56,0
21368,132,130,2
21369,47,46,1
21370,120,118,2
21371,287,285,2
21372,579,566,13
21373,70,67,3
21374,307,298,9
21375,155,155,0
21376,131,128,3
21377,592,582,10
21378,144,142,2
21379,91,88,3
21380,73,73,0
21381,139,139,0
21382,196,194,2
21383,222,220,2
21384,150,148,2
21385,229,228,1
21386,440,432,8
21387,154,152,2
21388,85,85,0
21389,202,199,3
21390,194,192,2
21391,127,127,0
21392,109,107,2
21393,269,264,5
21394,186,185,1
21395,113,110,3
21396,159,157,2
21397,228,224,4
21398,440,432,8
21399,219,217,2
21400,112,108,4
21401,575,565,10
21402,628,617,11
21403,253,250,3
21404,168,168,0
21405,149,146,3
21406,155,143,12
21407,205,203,2
21408,257,255,2
21409,189,183,6
21410,254,248,6
21411,120,120,0
21412,234,234,0
21413,115,115,0
21414,152,149,3
21415,559,536,23
21416,288,266,22
21417,122,122,0
21418,204,203,1
21419,76,74,2
21420,160,156,4
21421,222,221,1
21422,127,125,2
21423,75,74,1
21424,246,237,9
21425,122,118,4
21426,61,61,0
21427,187,186,1
21428,96,96,0
21429,127,123,4
21430,277,273,4
21431,157,154,3
21432,115,111,4
21433,366,362,4
21434,117,116,1
21435,119,118,1
21436,111,110,1
21437,305,296,9
21438,149,146,3
21439,119,118,1
21440,224,219,5
21441,135,132,3
21442,284,279,5
21443,576,568,8
21444,177,170,7
21445,226,222,4
21446,134,133,1
21447,122,118,4
21448,140,137,3
21449,164,160,4
21450,325,310,15
21451,207,205,2
21452,188,186,2
21453,323,310,13
21454,151,150,1
21455,250,247,3
21456,284,279,5
21457,231,229,2
21458,105,105,0
21459,172,171,1
21460,229,226,3
21461,126,123,3
21462,112,109,3
21463,111,111,0
21464,146,145,1
21465,228,228,0
21466,132,128,4
21467,117,115,2
21468,93,91,2
21469,121,120,1
21470,138,133,5
21471,124,121,3
21472,357,350,7
21473,113,106,7
21474,216,213,3
21475,290,288,2
21476,196,196,0
21477,121,118,3
21478,201,198,3
21479,59,58,1
21480,178,178,0
21481,266,262,4
21482,698,684,14
21483,154,151,3
21484,411,406,5
21485,382,373,9
21486,130,127,3
21487,246,245,1
21488,62,61,1
21489,897,880,17
21490,77,73,4
21491,249,247,2
21492,253,227,26
21493,82,80,2
21494,63,60,3
21495,358,352,6
21496,224,219,5
21497,135,134,1
21498,131,127,4
21499,6,6,0
21500,330,315,15
21501,127,126,1
21502,258,254,4
21503,44,39,5
21504,132,129,3
21505,387,378,9
21506,95,91,4
21507,106,102,4
21508,384,373,11
21509,1024,1007,17
21510,117,115,2
21511,62,62,0
21512,119,118,1
21513,473,462,11
21514,131,129,2
21515,130,127,3
21516,159,158,1
21517,222,217,5
21518,142,141,1
21519,387,378,9
21520,49,49,0
21521,129,125,4
21522,113,108,5
21523,129,125,4
21524,244,242,2
21525,157,156,1
21526,164,163,1
21527,914,897,17
21528,198,189,9
21529,189,186,3
21530,625,614,11
21531,185,180,5
21532,295,286,9
21533,289,281,8
21534,130,129,1
21535,281,281,0
21536,113,113,0
21537,134,133,1
21538,88,87,1
21539,252,248,4
21540,116,114,2
21541,174,171,3
21542,422,414,8
21543,124,121,3
21544,58,58,0
21545,214,214,0
21546,65,64,1
21547,139,136,3
21548,164,160,4
21549,225,222,3
21550,597,588,9
21551,184,176,8
21552,138,138,0
21553,115,115,0
21554,165,157,8
21555,290,281,9
21556,150,150,0
21557,164,161,3
21558,161,160,1
21559,120,117,3
21560,269,266,3
21561,104,104,0
21562,233,227,6
21563,461,450,11
21564,424,420,4
21565,328,320,8
21566,288,280,8
21567,161,160,1
21568,181,180,1
21569,223,209,14
21570,104,102,2
21571,117,116,1
21572,536,505,31
21573,218,211,7
21574,225,205,20
21575,188,186,2
21576,96,94,2
21577,54,53,1
21578,418,412,6
21579,297,290,7
21580,290,287,3
21581,359,349,10
21582,221,219,2
21583,419,413,6
21584,586,573,13
21585,340,334,6
21586,434,428,6
21587,195,191,4
21588,102,101,1
21589,57,57,0
21590,359,353,6
21591,243,231,12
21592,144,141,3
21593,436,431,5
21594,286,281,5
21595,261,260,1
21596,130,130,0
21597,129,128,1
21598,818,794,24
21599,150,147,3
21600,154,152,2
21601,202,192,10
21602,266,255,11
21603,444,419,25
21604,141,140,1
21605,112,111,1
21606,126,124,2
21607,42,41,1
21608,168,168,0
21609,310,310,0
21610,282,279,3
21611,193,192,1
21612,116,113,3
21613,191,191,0
21614,127,126,1
21615,143,140,3
21616,290,287,3
21617,153,150,3
21618,119,115,4
21619,201,201,0
21620,75,74,1
21621,156,156,0
21622,772,761,11
21623,210,209,1
21624,210,207,3
21625,172,167,5
21626,318,316,2
21627,459,457,2
21628,389,383,6
21629,256,252,4
21630,126,122,4
21631,267,264,3
21632,419,408,11
21633,287,279,8
21634,693,688,5
21635,328,293,35
21636,377,373,4
21637,995,987,8
21638,374,368,6
21639,545,532,13
21640,174,170,4
21641,188,186,2
21642,57,57,0
21643,135,134,1
21644,155,152,3
21645,140,140,0
21646,601,592,9
21647,157,155,2
21648,120,118,2
21649,331,326,5
21650,80,78,2
21651,160,159,1
21652,85,85,0
21653,234,234,0
21654,139,138,1
21655,122,120,2
21656,202,201,1
21657,136,135,1
21658,176,172,4
21659,173,169,4
21660,145,141,4
21661,309,305,4
21662,552,534,18
21663,418,403,15
21664,157,149,8
21665,292,283,9
21666,327,318,9
21667,83,82,1
21668,55,53,2
21669,176,173,3
21670,88,86,2
21671,128,127,1
21672,129,129,0
21673,277,273,4
21674,40,39,1
21675,133,132,1
21676,135,132,3
21677,405,397,8
21678,476,470,6
21679,52,52,0
21680,143,138,5
21681,106,105,1
21682,249,245,4
21683,79,77,2
21684,103,103,0
21685,161,159,2
21686,410,404,6
21687,131,130,1
21688,259,255,4
21689,167,163,4
21690,149,146,3
21691,374,367,7
21692,161,159,2
21693,71,69,2
21694,457,443,14
21695,132,130,2
21696,99,96,3
21697,96,96,0
21698,126,125,1
21699,162,161,1
21700,128,128,0
21701,294,290,4
21702,191,189,2
21703,119,112,7
21704,422,411,11
21705,9,9,0
21706,82,81,1
21707,411,405,6
21708,199,195,4
21709,134,126,8
21710,34,34,0
21711,662,633,29
21712,180,177,3
21713,101,90,11
21714,127,123,4
21715,197,191,6
21716,76,64,12
21717,228,225,3
21718,499,492,7
21719,174,167,7
21720,465,455,10
21721,98,96,2
21722,210,205,5
21723,254,249,5
21724,328,317,11
21725,127,124,3
21726,160,159,1
21727,119,115,4
21728,147,141,6
21729,327,316,11
21730,124,121,3
21731,904,874,30
21732,143,143,0
21733,98,98,0
21734,204,200,4
21735,342,330,12
21736,1021,990,31
21737,195,191,4
21738,176,167,9
21739,179,178,1
21740,239,231,8
21741,133,125,8
21742,99,96,3
21743,170,165,5
21744,171,169,2
21745,208,203,5
21746,172,167,5
21747,263,261,2
21748,172,168,4
21749,193,191,2
21750,236,231,5
21751,401,395,6
21752,119,117,2
21753,168,167,1
21754,344,340,4
21755,173,168,5
21756,232,222,10
21757,191,188,3
21758,273,269,4
21759,424,410,14
21760,213,208,5
21761,43,41,2
21762,402,395,7
21763,199,189,10
21764,163,161,2
21765,110,110,0
21766,314,307,7
21767,455,436,19
21768,691,666,25
21769,150,149,1
21770,58,58,0
21771,175,175,0
21772,192,189,3
21773,112,111,1
21774,67,67,0
21775,67,66,1
21776,363,361,2
21777,606,584,22
21778,132,132,0
21779,82,80,2
21780,132,132,0
21781,116,114,2
21782,126,125,1
21783,107,106,1
21784,399,393,6
21785,169,167,2
21786,255,247,8
21787,144,144,0
21788,899,886,13
21789,210,210,0
21790,157,153,4
21791,56,53,3
21792,164,164,0
21793,464,460,4
21794,130,129,1
21795,228,222,6
21796,194,193,1
21797,130,127,3
21798,246,245,1
21799,134,131,3
21800,211,210,1
21801,203,201,2
21802,288,287,1
21803,160,158,2
21804,223,219,4
21805,376,374,2
21806,462,457,5
21807,122,120,2
21808,274,272,2
21809,180,178,2
21810,194,173,21
21811,164,159,5
21812,129,128,1
21813,352,348,4
21814,316,310,6
21815,542,532,10
21816,347,343,4
21817,406,395,11
21818,357,343,14
21819,130,129,1
21820,185,183,2
21821,117,115,2
21822,229,219,10
21823,267,263,4
21824,784,766,18
21825,47,45,2
21826,118,117,1
21827,151,148,3
21828,131,130,1
21829,231,230,1
21830,157,156,1
21831,248,245,3
21832,281,276,5
21833,105,103,2
21834,204,200,4
21835,197,194,3
21836,144,142,2
21837,125,124,1
21838,146,141,5
21839,96,96,0
21840,338,336,2
21841,165,159,6
21842,417,405,12
21843,167,162,5
21844,198,198,0
21845,127,124,3
21846,137,137,0
21847,126,124,2
21848,252,244,8
21849,137,134,3
21850,454,454,0
21851,148,138,10
21852,130,127,3
21853,225,216,9
21854,113,110,3
21855,43,42,1
21856,525,513,12
21857,142,141,1
21858,122,120,2
21859,130,128,2
21860,207,201,6
21861,376,368,8
21862,162,160,2
21863,212,212,0
21864,128,123,5
21865,68,68,0
21866,201,199,2
21867,324,313,11
21868,100,95,5
21869,53,53,0
21870,87,87,0
21871,201,198,3
21872,112,110,2
21873,134,134,0
21874,186,183,3
21875,105,105,0
21876,130,130,0
21877,240,235,5
21878,216,212,4
21879,350,340,10
21880,156,153,3
21881,152,146,6
21882,144,144,0
21883,311,310,1
21884,145,143,2
21885,124,123,1
21886,268,249,19
21887,111,109,2
21888,638,622,16
21889,85,85,0
21890,137,131,6
21891,127,124,3
21892,112,111,1
21893,131,127,4
21894,144,143,1
21895,232,228,4
21896,321,315,6
21897,221,215,6
21898,655,637,18
21899,231,227,4
21900,221,212,9
21901,312,305,7
21902,250,239,11
21903,133,130,3
21904,193,188,5
21905,139,136,3
21906,969,950,19
21907,515,510,5
21908,541,538,3
21909,662,652,10
21910,237,233,4
21911,128,116,12
21912,167,165,2
21913,179,174,5
21914,452,441,11
21915,161,161,0
21916,56,55,1
21917,160,157,3
21918,151,140,11
21919,242,236,6
21920,360,352,8
21921,167,163,4
21922,168,168,0
21923,233,231,2
21924,378,367,11
21925,143,141,2
21926,241,238,3
21927,467,449,18
21928,141,140,1
21929,137,137,0
21930,147,147,0
21931,153,150,3
21932,198,196,2
21933,524,515,9
21934,130,130,0
21935,559,547,12
21936,115,114,1
21937,147,142,5
21938,128,126,2
21939,197,195,2
21940,782,770,12
21941,161,154,7
21942,371,362,9
21943,1033,1012,21
21944,72,72,0
21945,588,579,9
21946,345,341,4
21947,166,165,1
21948,114,113,1
21949,621,607,14
21950,123,121,2
21951,222,220,2
21952,201,198,3
21953,340,332,8
21954,127,120,7
21955,185,185,0
21956,601,581,20
21957,86,82,4
21958,114,112,2
21959,550,544,6
21960,791,780,11
21961,124,121,3
21962,164,161,3
21963,122,122,0
21964,114,108,6
21965,119,117,2
21966,260,249,11
21967,115,110,5
21968,111,110,1
21969,413,403,10
21970,193,188,5
21971,146,145,1
21972,155,154,1
21973,349,347,2
21974,287,286,1
21975,172,166,6
21976,262,253,9
21977,362,356,6
21978,103,102,1
21979,173,168,5
21980,481,481,0
21981,235,231,4
21982,136,134,2
21983,202,198,4
21984,145,143,2
21985,176,175,1
21986,324,323,1
21987,355,350,5
21988,300,299,1
21989,262,259,3
21990,340,332,8
21991,157,154,3
21992,170,168,2
21993,140,134,6
21994,151,149,2
21995,150,143,7
21996,153,153,0
21997,315,307,8
21998,377,371,6
21999,368,357,11
22000,288,284,4
22001,256,256,0
22002,209,209,0
22003,114,114,0
22004,223,218,5
22005,192,187,5
22006,108,107,1
22007,90,89,1
22008,135,133,2
22009,814,779,35
22010,130,129,1
22011,166,163,3
22012,101,99,2
22013,79,79,0
22014,383,376,7
22015,155,149,6
22016,360,352,8
22017,559,544,15
22018,151,148,3
22019,149,149,0
22020,246,242,4
22021,156,144,12
22022,127,124,3
22023,255,246,9
22024,120,119,1
22025,123,122,1
22026,132,131,1
22027,103,103,0
22028,191,186,5
22029,77,77,0
22030,73,72,1
22031,371,369,2
22032,367,360,7
22033,131,126,5
22034,108,104,4
22035,563,548,15
22036,141,137,4
22037,125,123,2
22038,145,138,7
22039,664,657,7
22040,102,101,1
22041,99,95,4
22042,133,129,4
22043,285,281,4
22044,138,134,4
22045,123,120,3
22046,126,123,3
22047,136,134,2
22048,213,211,2
22049,294,293,1
22050,296,293,3
22051,197,194,3
22052,160,156,4
22053,180,180,0
22054,263,252,11
22055,193,186,7
22056,152,146,6
22057,182,178,4
22058,1021,1002,19
22059,125,123,2
22060,328,321,7
22061,323,309,14
22062,189,182,7
22063,208,201,7
22064,190,186,4
22065,67,67,0
22066,1008,991,17
22067,97,94,3
22068,259,253,6
22069,207,202,5
22070,112,111,1
22071,243,228,15
22072,123,121,2
22073,314,308,6
22074,288,285,3
22075,1021,992,29
22076,164,160,4
22077,141,140,1
22078,133,129,4
22079,245,243,2
22080,245,241,4
22081,205,204,1
22082,457,441,16
22083,279,276,3
22084,155,152,3
22085,237,235,2
22086,79,76,3
22087,325,320,5
22088,264,262,2
22089,159,156,3
22090,230,228,2
22091,232,230,2
22092,148,146,2
22093,154,153,1
22094,158,156,2
22095,120,120,0
22096,51,50,1
22097,78,76,2
22098,371,356,15
22099,96,90,6
22100,109,108,1
22101,169,158,11
22102,255,251,4
22103,742,730,12
22104,536,518,18
22105,233,231,2
22106,312,300,12
22107,372,368,4
22108,141,138,3
22109,164,161,3
22110,421,411,10
22111,188,181,7
22112,304,298,6
22113,292,289,3
22114,550,538,12
22115,122,120,2
22116,157,157,0
22117,228,226,2
22118,425,418,7
22119,463,461,2
22120,470,462,8
22121,126,125,1
22122,206,204,2
22123,73,71,2
22124,288,285,3
22125,249,247,2
22126,322,317,5
22127,162,161,1
22128,206,203,3
22129,109,108,1
22130,152,152,0
22131,339,335,4
22132,133,132,1
22133,367,363,4
22134,169,165,4
22135,257,251,6
22136,169,166,3
22137,766,748,18
22138,278,268,10
22139,45,45,0
22140,67,66,1
22141,157,156,1
22142,259,256,3
22143,121,119,2
22144,137,135,2
22145,116,110,6
22146,133,132,1
22147,130,129,1
22148,144,141,3
22149,560,548,12
22150,142,141,1
22151,131,125,6
22152,308,299,9
22153,261,248,13
22154,165,163,2
22155,300,294,6
22156,423,404,19
22157,210,203,7
22158,162,158,4
22159,382,375,7
22160,156,155,1
22161,223,219,4
22162,1021,1012,9
22163,414,399,15
22164,602,596,6
22165,141,139,2
22166,148,148,0
22167,104,103,1
22168,103,102,1
22169,185,181,4
22170,149,149,0
22171,140,137,3
22172,471,463,8
22173,135,131,4
22174,85,82,3
22175,266,264,2
22176,223,220,3
22177,91,89,2
22178,183,180,3
22179,85,80,5
22180,105,103,2
22181,115,114,1
22182,115,112,3
22183,194,180,14
22184,109,108,1
22185,79,79,0
22186,136,133,3
22187,144,143,1
22188,199,194,5
22189,193,191,2
22190,134,132,2
22191,175,170,5
22192,184,181,3
22193,298,294,4
22194,447,440,7
22195,385,378,7
22196,362,354,8
22197,141,140,1
22198,174,166,8
22199,116,114,2
22200,124,122,2
22201,173,171,2
22202,206,205,1
22203,117,115,2
22204,665,641,24
22205,267,264,3
22206,140,139,1
22207,269,251,18
22208,128,127,1
22209,401,383,18
22210,327,324,3
22211,202,202,0
22212,140,140,0
22213,376,370,6
22214,153,150,3
22215,155,154,1
22216,82,80,2
22217,43,42,1
22218,267,260,7
22219,129,128,1
22220,609,600,9
22221,156,153,3
22222,220,213,7
22223,236,235,1
22224,179,170,9
22225,137,130,7
22226,447,445,2
22227,170,164,6
22228,206,205,1
22229,413,402,11
22230,178,176,2
22231,215,214,1
22232,149,145,4
22233,145,141,4
22234,240,238,2
22235,214,212,2
22236,551,541,10
22237,151,149,2
22238,716,701,15
22239,125,121,4
22240,132,129,3
22241,834,817,17
22242,543,535,8
22243,224,219,5
22244,56,54,2
22245,222,214,8
22246,172,167,5
22247,128,124,4
22248,161,159,2
22249,627,606,21
22250,400,385,15
22251,664,638,26
22252,650,643,7
22253,133,133,0
22254,136,130,6
22255,61,60,1
22256,135,132,3
22257,109,109,0
22258,268,259,9
22259,242,237,5
22260,287,283,4
22261,83,82,1
22262,489,473,16
22263,209,201,8
22264,236,233,3
22265,166,160,6
22266,108,106,2
22267,217,210,7
22268,104,104,0
22269,58,58,0
22270,191,188,3
22271,673,659,14
22272,182,180,2
22273,245,243,2
22274,96,94,2
22275,240,235,5
22276,156,154,2
22277,151,148,3
22278,126,126,0
22279,489,476,13
22280,205,199,6
22281,98,94,4
22282,128,126,2
22283,124,123,1
22284,488,486,2
22285,53,52,1
22286,50,50,0
22287,60,58,2
22288,107,99,8
22289,100,100,0
22290,367,357,10
22291,275,273,2
22292,346,346,0
22293,129,121,8
22294,192,191,1
22295,194,194,0
22296,278,273,5
22297,207,202,5
22298,225,220,5
22299,212,208,4
22300,75,73,2
22301,159,158,1
22302,206,195,11
22303,776,759,17
22304,157,155,2
22305,112,111,1
22306,119,117,2
22307,139,138,1
22308,150,147,3
22309,54,54,0
22310,138,135,3
22311,65,65,0
22312,136,131,5
22313,154,153,1
22314,432,421,11
22315,462,458,4
22316,617,600,17
22317,217,203,14
22318,380,375,5
22319,348,347,1
22320,195,191,4
22321,148,146,2
22322,68,68,0
22323,294,294,0
22324,163,155,8
22325,315,305,10
22326,126,120,6
22327,292,286,6
22328,321,318,3
22329,134,132,2
22330,376,367,9
22331,387,385,2
22332,193,186,7
22333,222,216,6
22334,161,158,3
22335,276,273,3
22336,233,233,0
22337,261,259,2
22338,134,133,1
22339,142,141,1
22340,223,219,4
22341,213,210,3
22342,51,51,0
22343,89,83,6
22344,205,205,0
22345,241,235,6
22346,400,390,10
22347,120,118,2
22348,156,151,5
22349,131,128,3
22350,109,106,3
22351,223,216,7
22352,441,425,16
22353,133,132,1
22354,160,158,2
22355,619,603,16
22356,124,120,4
22357,289,284,5
22358,410,401,9
22359,445,441,4
22360,152,152,0
22361,40,40,0
22362,205,198,7
22363,31,29,2
22364,72,68,4
22365,114,110,4
22366,62,60,2
22367,188,184,4
22368,68,68,0
22369,186,181,5
22370,671,656,15
22371,352,344,8
22372,113,111,2
22373,456,443,13
22374,249,244,5
22375,152,147,5
22376,92,87,5
22377,226,222,4
22378,898,863,35
22379,357,347,10
22380,715,710,5
22381,280,279,1
22382,138,137,1
22383,168,167,1
22384,130,128,2
22385,114,112,2
22386,178,178,0
22387,156,155,1
22388,273,270,3
22389,212,211,1
22390,110,108,2
22391,241,239,2
22392,146,143,3
22393,215,215,0
22394,168,165,3
22395,128,127,1
22396,177,172,5
22397,95,91,4
22398,180,174,6
22399,128,126,2
22400,242,239,3
22401,139,135,4
22402,227,224,3
22403,46,44,2
22404,120,117,3
22405,957,940,17
22406,241,240,1
22407,452,443,9
22408,195,193,2
22409,259,254,5
22410,403,396,7
22411,427,407,20
22412,260,259,1
22413,274,259,15
22414,321,309,12
22415,1013,990,23
22416,413,408,5
22417,157,156,1
22418,105,103,2
22419,400,384,16
22420,135,134,1
22421,255,251,4
22422,68,63,5
22423,181,177,4
22424,116,114,2
22425,157,156,1
22426,526,525,1
22427,125,124,1
22428,54,54,0
22429,297,291,6
22430,151,145,6
22431,197,196,1
22432,418,413,5
22433,333,326,7
22434,143,140,3
22435,229,222,7
22436,125,123,2
22437,410,405,5
22438,763,740,23
22439,138,137,1
22440,178,176,2
22441,439,427,12
22442,159,156,3
22443,56,53,3
22444,126,126,0
22445,276,270,6
22446,523,506,17
22447,233,219,14
22448,318,314,4
22449,231,228,3
22450,469,467,2
22451,499,492,7
22452,152,149,3
22453,228,227,1
22454,144,142,2
22455,215,215,0
22456,152,150,2
22457,542,532,10
22458,186,183,3
22459,204,200,4
22460,266,261,5
22461,201,199,2
22462,124,118,6
22463,188,185,3
22464,133,132,1
22465,187,186,1
22466,134,133,1
22467,125,125,0
22468,130,127,3
22469,163,162,1
22470,988,977,11
22471,335,330,5
22472,322,312,10
22473,453,434,19
22474,370,367,3
22475,255,251,4
22476,246,245,1
22477,255,249,6
22478,198,198,0
22479,142,141,1
22480,354,345,9
22481,1012,999,13
22482,113,109,4
22483,158,153,5
22484,159,156,3
22485,327,325,2
22486,111,110,1
22487,169,160,9
22488,115,115,0
22489,226,223,3
22490,282,280,2
22491,129,129,0
22492,214,210,4
22493,219,209,10
22494,52,51,1
22495,702,689,13
22496,88,87,1
22497,213,208,5
22498,74,72,2
22499,135,133,2
22500,285,281,4
22501,93,91,2
22502,721,713,8
22503,590,587,3
22504,140,140,0
22505,197,195,2
22506,96,94,2
22507,272,269,3
22508,34,34,0
22509,116,113,3
22510,234,233,1
22511,297,292,5
22512,131,129,2
22513,252,250,2
22514,165,162,3
22515,304,295,9
22516,100,95,5
22517,169,167,2
22518,179,177,2
22519,308,298,10
22520,138,136,2
22521,363,357,6
22522,281,272,9
22523,147,144,3
22524,133,131,2
22525,134,130,4
22526,269,266,3
22527,356,348,8
22528,160,153,7
22529,105,101,4
22530,197,194,3
22531,146,140,6
22532,84,84,0
22533,176,175,1
22534,328,325,3
22535,115,114,1
22536,220,217,3
22537,160,159,1
22538,293,289,4
22539,110,107,3
22540,136,132,4
22541,271,262,9
22542,177,168,9
22543,340,332,8
22544,345,341,4
22545,501,492,9
22546,488,474,14
22547,167,165,2
22548,129,127,2
22549,153,148,5
22550,46,46,0
22551,81,78,3
22552,133,128,5
22553,347,335,12
22554,545,538,7
22555,152,148,4
22556,154,152,2
22557,171,165,6
22558,244,234,10
22559,155,135,20
22560,217,217,0
22561,132,129,3
22562,115,111,4
22563,157,154,3
22564,124,114,10
22565,221,218,3
22566,173,171,2
22567,63,62,1
22568,78,77,1
22569,1041,1013,28
22570,144,143,1
22571,167,166,1
22572,199,197,2
22573,238,234,4
22574,281,279,2
22575,316,314,2
22576,191,185,6
22577,144,143,1
22578,366,360,6
22579,211,209,2
22580,169,168,1
22581,158,158,0
22582,121,121,0
22583,202,196,6
22584,147,147,0
22585,157,155,2
22586,298,296,2
22587,131,127,4
22588,480,469,11
22589,179,176,3
22590,252,251,1
22591,132,130,2
22592,46,44,2
22593,33,33,0
22594,149,147,2
22595,116,112,4
22596,181,178,3
22597,79,78,1
22598,438,431,7
22599,85,82,3
22600,111,110,1
22601,168,166,2
22602,94,94,0
22603,158,149,9
22604,197,196,1
22605,250,245,5
22606,175,172,3
22607,161,149,12
22608,211,198,13
22609,225,221,4
22610,312,301,11
22611,280,266,14
22612,398,388,10
22613,75,74,1
22614,257,255,2
22615,108,107,1
22616,224,213,11
22617,171,164,7
22618,212,207,5
22619,262,244,18
22620,134,130,4
22621,565,549,16
22622,193,186,7
22623,758,749,9
22624,113,113,0
22625,86,83,3
22626,131,130,1
22627,277,277,0
22628,161,160,1
22629,443,440,3
22630,161,161,0
22631,125,124,1
22632,80,79,1
22633,118,115,3
22634,113,113,0
22635,135,134,1
22636,189,186,3
22637,358,356,2
22638,113,87,26
22639,156,151,5
22640,275,272,3
22641,215,210,5
22642,209,206,3
22643,229,229,0
22644,166,163,3
22645,194,193,1
22646,129,128,1
22647,247,246,1
22648,559,553,6
22649,414,411,3
22650,396,369,27
22651,61,60,1
22652,340,329,11
22653,126,125,1
22654,185,183,2
22655,198,196,2
22656,135,134,1
22657,113,109,4
22658,137,136,1
22659,181,179,2
22660,181,180,1
22661,136,136,0
22662,129,127,2
22663,147,143,4
22664,129,128,1
22665,35,35,0
22666,116,115,1
22667,175,172,3
22668,120,119,1
22669,175,172,3
22670,217,214,3
22671,145,142,3
22672,143,140,3
22673,162,155,7
22674,233,231,2
22675,240,235,5
22676,147,146,1
22677,387,377,10
22678,202,202,0
22679,302,299,3
22680,65,62,3
22681,65,62,3
22682,123,123,0
22683,123,122,1
22684,159,155,4
22685,300,298,2
22686,103,101,2
22687,380,380,0
22688,111,109,2
22689,243,232,11
22690,277,262,15
22691,152,149,3
22692,209,207,2
22693,178,177,1
22694,983,939,44
22695,360,353,7
22696,241,241,0
22697,53,52,1
22698,423,422,1
22699,240,239,1
22700,240,239,1
22701,250,247,3
22702,159,156,3
22703,140,139,1
22704,539,535,4
22705,137,136,1
22706,252,247,5
22707,143,141,2
22708,150,148,2
22709,416,414,2
22710,607,601,6
22711,146,144,2
22712,191,189,2
22713,548,545,3
22714,155,155,0
22715,725,700,25
22716,215,204,11
22717,161,159,2
22718,359,357,2
22719,119,118,1
22720,183,173,10
22721,146,141,5
22722,216,215,1
22723,292,287,5
22724,267,264,3
22725,430,415,15
22726,138,134,4
22727,171,165,6
22728,116,112,4
22729,205,192,13
22730,451,440,11
22731,788,781,7
22732,261,256,5
22733,171,170,1
22734,542,535,7
22735,411,402,9
22736,322,315,7
22737,77,76,1
22738,268,261,7
22739,159,159,0
22740,420,413,7
22741,117,115,2
22742,396,395,1
22743,335,331,4
22744,681,676,5
22745,202,196,6
22746,144,140,4
22747,203,199,4
22748,65,64,1
22749,219,216,3
22750,108,106,2
22751,208,205,3
22752,343,329,14
22753,555,550,5
22754,123,123,0
22755,145,144,1
22756,198,194,4
22757,153,151,2
22758,160,158,2
22759,50,50,0
22760,163,160,3
22761,207,202,5
22762,262,259,3
22763,715,711,4
22764,165,163,2
22765,47,47,0
22766,122,119,3
22767,85,84,1
22768,93,90,3
22769,89,86,3
22770,183,180,3
22771,142,134,8
22772,626,612,14
22773,203,198,5
22774,119,119,0
22775,819,810,9
22776,148,147,1
22777,209,202,7
22778,139,130,9
22779,70,68,2
22780,132,128,4
22781,87,84,3
22782,146,144,2
22783,164,161,3
22784,157,153,4
22785,318,306,12
22786,149,149,0
22787,56,53,3
22788,123,123,0
22789,153,151,2
22790,36,34,2
22791,186,182,4
22792,151,150,1
22793,168,165,3
22794,174,169,5
22795,113,110,3
22796,116,112,4
22797,151,145,6
22798,132,130,2
22799,987,961,26
22800,313,310,3
22801,136,131,5
22802,283,261,22
22803,97,94,3
22804,120,118,2
22805,119,114,5
22806,539,524,15
22807,75,71,4
22808,104,104,0
22809,46,41,5
22810,40,39,1
22811,322,319,3
22812,215,213,2
22813,184,178,6
22814,73,67,6
22815,248,244,4
22816,401,390,11
22817,209,203,6
22818,116,115,1
22819,136,135,1
22820,295,286,9
22821,129,129,0
22822,253,252,1
22823,263,260,3
22824,104,100,4
22825,188,180,8
22826,388,378,10
22827,93,90,3
22828,45,44,1
22829,238,228,10
22830,240,239,1
22831,253,246,7
22832,211,210,1
22833,114,113,1
22834,1004,974,30
22835,142,141,1
22836,155,144,11
22837,138,132,6
22838,327,325,2
22839,956,941,15
22840,197,196,1
22841,118,115,3
22842,279,275,4
22843,124,122,2
22844,769,748,21
22845,156,146,10
22846,395,386,9
22847,206,203,3
22848,163,158,5
22849,128,126,2
22850,82,80,2
22851,124,124,0
22852,165,164,1
22853,46,46,0
22854,123,117,6
22855,143,139,4
22856,111,109,2
22857,946,917,29
22858,1118,1094,24
22859,114,113,1
22860,177,174,3
22861,53,53,0
22862,134,134,0
22863,240,232,8
22864,119,118,1
22865,185,181,4
22866,585,574,11
22867,562,557,5
22868,220,216,4
22869,75,74,1
22870,59,58,1
22871,48,48,0
22872,71,68,3
22873,507,501,6
22874,144,139,5
22875,177,173,4
22876,180,174,6
22877,34,32,2
22878,88,88,0
22879,55,50,5
22880,132,126,6
22881,73,70,3
22882,113,113,0
22883,412,406,6
22884,213,211,2
22885,178,177,1
22886,117,117,0
22887,72,71,1
22888,50,48,2
22889,332,329,3
22890,227,225,2
22891,122,120,2
22892,239,234,5
22893,334,332,2
22894,233,232,1
22895,116,112,4
22896,134,133,1
22897,132,131,1
22898,304,297,7
22899,148,145,3
22900,150,144,6
22901,142,140,2
22902,218,216,2
22903,149,145,4
22904,230,227,3
22905,125,123,2
22906,206,199,7
22907,300,291,9
22908,254,250,4
22909,393,375,18
22910,285,283,2
22911,137,135,2
22912,142,140,2
22913,137,130,7
22914,132,131,1
22915,201,195,6
22916,796,788,8
22917,536,513,23
22918,322,319,3
22919,192,192,0
22920,460,452,8
22921,103,102,1
22922,228,222,6
22923,290,283,7
22924,185,184,1
22925,338,327,11
22926,241,237,4
22927,300,294,6
22928,681,666,15
22929,166,160,6
22930,139,139,0
22931,550,534,16
22932,175,172,3
22933,191,187,4
22934,352,346,6
22935,110,109,1
22936,198,195,3
22937,346,344,2
22938,91,89,2
22939,152,148,4
22940,142,140,2
22941,564,540,24
22942,146,146,0
22943,83,78,5
22944,332,327,5
22945,148,147,1
22946,155,154,1
22947,366,354,12
22948,126,124,2
22949,177,174,3
22950,480,474,6
22951,235,231,4
22952,473,463,10
22953,157,153,4
22954,233,232,1
22955,965,949,16
22956,200,197,3
22957,59,56,3
22958,150,147,3
22959,89,89,0
22960,611,582,29
22961,299,294,5
22962,424,416,8
22963,178,168,10
22964,845,817,28
22965,79,76,3
22966,395,394,1
22967,228,226,2
22968,181,164,17
22969,323,321,2
22970,125,122,3
22971,107,105,2
22972,335,334,1
22973,102,99,3
22974,359,349,10
22975,201,198,3
22976,124,122,2
22977,137,135,2
22978,277,275,2
22979,147,146,1
22980,35,35,0
22981,160,159,1
22982,194,194,0
22983,89,89,0
22984,59,59,0
22985,135,135,0
22986,131,130,1
22987,65,63,2
22988,137,136,1
22989,315,313,2
22990,145,139,6
22991,173,170,3
22992,206,203,3
22993,292,288,4
22994,273,267,6
22995,141,141,0
22996,61,61,0
22997,161,161,0
22998,39,39,0
22999,339,336,3
23000,354,352,2
23001,168,166,2
23002,397,391,6
23003,108,107,1
23004,217,213,4
23005,699,679,20
23006,391,376,15
23007,292,280,12
23008,172,170,2
23009,142,139,3
23010,70,70,0
23011,257,255,2
23012,226,209,17
23013,127,126,1
23014,177,173,4
23015,755,741,14
23016,390,371,19
23017,155,154,1
23018,314,312,2
23019,86,86,0
23020,153,151,2
23021,248,244,4
23022,287,283,4
23023,844,813,31
23024,157,144,13
23025,401,390,11
23026,866,852,14
23027,376,362,14
23028,666,653,13
23029,93,91,2
23030,171,169,2
23031,374,362,12
23032,144,143,1
23033,255,251,4
23034,168,164,4
23035,373,365,8
23036,125,119,6
23037,308,300,8
23038,211,203,8
23039,362,352,10
23040,137,134,3
23041,155,155,0
23042,277,272,5
23043,81,79,2
23044,161,160,1
23045,145,140,5
23046,238,229,9
23047,170,168,2
23048,482,474,8
23049,343,337,6
23050,101,99,2
23051,139,137,2
23052,279,274,5
23053,118,114,4
23054,197,193,4
23055,283,280,3
23056,210,202,8
23057,437,425,12
23058,126,125,1
23059,78,75,3
23060,59,58,1
23061,295,287,8
23062,125,120,5
23063,100,95,5
23064,159,153,6
23065,162,160,2
23066,130,128,2
23067,171,166,5
23068,65,63,2
23069,305,300,5
23070,418,415,3
23071,122,122,0
23072,224,222,2
23073,255,251,4
23074,288,283,5
23075,195,193,2
23076,111,110,1
23077,156,153,3
23078,221,217,4
23079,221,217,4
23080,156,155,1
23081,112,111,1
23082,112,108,4
23083,601,592,9
23084,141,137,4
23085,409,402,7
23086,147,145,2
23087,134,131,3
23088,140,138,2
23089,125,123,2
23090,632,619,13
23091,116,114,2
23092,507,494,13
23093,239,235,4
23094,231,222,9
23095,199,196,3
23096,281,279,2
23097,331,321,10
23098,273,270,3
23099,82,81,1
23100,659,651,8
23101,260,256,4
23102,90,90,0
23103,125,123,2
23104,277,271,6
23105,229,224,5
23106,206,196,10
23107,194,193,1
23108,319,293,26
23109,126,124,2
23110,127,124,3
23111,41,41,0
23112,142,139,3
23113,268,265,3
23114,250,241,9
23115,549,546,3
23116,114,112,2
23117,424,412,12
23118,154,153,1
23119,206,204,2
23120,212,210,2
23121,174,168,6
23122,187,183,4
23123,293,292,1
23124,143,138,5
23125,166,159,7
23126,698,685,13
23127,282,277,5
23128,235,228,7
23129,242,239,3
23130,152,151,1
23131,766,761,5
23132,426,418,8
23133,748,732,16
23134,143,141,2
23135,513,512,1
23136,284,280,4
23137,616,610,6
23138,115,115,0
23139,236,235,1
23140,267,254,13
23141,285,285,0
23142,90,88,2
23143,81,80,1
23144,238,236,2
23145,280,274,6
23146,130,128,2
23147,578,562,16
23148,117,116,1
23149,123,123,0
23150,117,114,3
23151,315,303,12
23152,33,33,0
23153,349,347,2
23154,191,187,4
23155,50,48,2
23156,110,107,3
23157,65,65,0
23158,90,89,1
23159,139,139,0
23160,843,832,11
23161,157,154,3
23162,158,155,3
23163,169,168,1
23164,141,139,2
23165,211,206,5
23166,553,544,9
23167,598,580,18
23168,157,152,5
23169,134,132,2
23170,275,267,8
23171,210,204,6
23172,301,298,3
23173,326,317,9
23174,101,96,5
23175,176,176,0
23176,217,216,1
23177,375,357,18
23178,198,193,5
23179,535,523,12
23180,291,282,9
23181,180,178,2
23182,247,244,3
23183,77,76,1
23184,619,610,9
23185,401,383,18
23186,721,709,12
23187,212,205,7
23188,306,299,7
23189,163,161,2
23190,212,211,1
23191,311,306,5
23192,168,166,2
23193,140,138,2
23194,332,318,14
23195,137,135,2
23196,171,168,3
23197,108,108,0
23198,292,290,2
23199,107,103,4
23200,444,432,12
23201,184,175,9
23202,228,227,1
23203,64,64,0
23204,136,136,0
23205,247,243,4
23206,259,259,0
23207,158,158,0
23208,129,127,2
23209,419,411,8
23210,169,167,2
23211,131,128,3
23212,204,203,1
23213,175,174,1
23214,306,305,1
23215,134,133,1
23216,376,369,7
23217,330,324,6
23218,215,214,1
23219,309,305,4
23220,237,232,5
23221,196,191,5
23222,417,406,11
23223,193,186,7
23224,382,379,3
23225,245,241,4
23226,34,34,0
23227,185,184,1
23228,68,68,0
23229,596,593,3
23230,240,238,2
23231,188,176,12
23232,983,976,7
23233,234,226,8
23234,136,128,8
23235,123,121,2
23236,280,272,8
23237,147,146,1
23238,118,117,1
23239,63,59,4
23240,188,185,3
23241,107,105,2
23242,224,222,2
23243,204,202,2
23244,194,183,11
23245,645,630,15
23246,178,170,8
23247,141,140,1
23248,164,158,6
23249,449,428,21
23250,177,176,1
23251,242,239,3
23252,100,98,2
23253,227,225,2
23254,215,212,3
23255,130,129,1
23256,198,197,1
23257,395,387,8
23258,190,190,0
23259,288,287,1
23260,124,123,1
23261,534,528,6
23262,124,123,1
23263,155,152,3
23264,56,55,1
23265,68,68,0
23266,104,103,1
23267,244,241,3
23268,346,344,2
23269,143,143,0
23270,263,261,2
23271,185,183,2
23272,248,240,8
23273,125,125,0
23274,128,126,2
23275,102,99,3
23276,214,206,8
23277,100,99,1
23278,746,739,7
23279,130,129,1
23280,330,330,0
23281,239,235,4
23282,435,425,10
23283,154,153,1
23284,268,264,4
23285,438,435,3
23286,192,189,3
23287,114,113,1
23288,64,62,2
23289,191,187,4
23290,176,174,2
23291,299,295,4
23292,233,233,0
23293,304,300,4
23294,401,390,11
23295,156,149,7
23296,117,117,0
23297,168,166,2
23298,136,136,0
23299,167,163,4
23300,175,169,6
23301,145,143,2
23302,594,585,9
23303,561,552,9
23304,284,279,5
23305,255,252,3
23306,148,145,3
23307,479,475,4
23308,130,130,0
23309,148,147,1
23310,197,195,2
23311,150,145,5
23312,161,158,3
23313,318,315,3
23314,329,324,5
23315,165,163,2
23316,165,165,0
23317,219,219,0
23318,150,148,2
23319,211,209,2
23320,82,80,2
23321,184,182,2
23322,643,629,14
23323,246,244,2
23324,413,411,2
23325,106,103,3
23326,182,180,2
23327,187,185,2
23328,132,130,2
23329,130,129,1
23330,128,128,0
23331,118,117,1
23332,222,218,4
23333,126,125,1
23334,206,201,5
23335,160,157,3
23336,305,304,1
23337,156,156,0
23338,201,200,1
23339,152,144,8
23340,294,284,10
23341,238,230,8
23342,171,169,2
23343,131,130,1
23344,86,82,4
23345,132,130,2
23346,360,345,15
23347,294,293,1
23348,196,192,4
23349,458,453,5
23350,179,178,1
23351,187,183,4
23352,191,188,3
23353,431,423,8
23354,476,462,14
23355,51,50,1
23356,108,105,3
23357,142,142,0
23358,144,143,1
23359,164,164,0
23360,212,207,5
23361,231,230,1
23362,135,132,3
23363,237,229,8
23364,303,299,4
23365,191,190,1
23366,839,825,14
23367,545,541,4
23368,454,448,6
23369,191,191,0
23370,643,631,12
23371,270,265,5
23372,510,507,3
23373,392,386,6
23374,735,727,8
23375,150,149,1
23376,220,214,6
23377,358,346,12
23378,360,339,21
23379,333,321,12
23380,133,128,5
23381,220,197,23
23382,137,136,1
23383,139,136,3
23384,294,283,11
23385,230,226,4
23386,587,575,12
23387,255,252,3
23388,374,365,9
23389,200,199,1
23390,74,72,2
23391,121,113,8
23392,189,183,6
23393,92,90,2
23394,234,230,4
23395,263,261,2
23396,256,248,8
23397,182,182,0
23398,244,236,8
23399,115,114,1
23400,144,144,0
23401,118,115,3
23402,124,122,2
23403,119,117,2
23404,416,410,6
23405,151,150,1
23406,166,163,3
23407,172,166,6
23408,242,239,3
23409,279,270,9
23410,177,173,4
23411,793,773,20
23412,150,150,0
23413,153,153,0
23414,466,462,4
23415,130,130,0
23416,527,521,6
23417,248,248,0
23418,112,112,0
23419,350,337,13
23420,374,360,14
23421,193,187,6
23422,149,148,1
23423,237,231,6
23424,61,60,1
23425,136,134,2
23426,67,67,0
23427,89,89,0
23428,112,111,1
23429,175,169,6
23430,188,186,2
23431,432,425,7
23432,264,258,6
23433,184,182,2
23434,174,170,4
23435,45,44,1
23436,196,193,3
23437,157,152,5
23438,147,142,5
23439,547,542,5
23440,225,216,9
23441,101,96,5
23442,49,48,1
23443,203,200,3
23444,977,967,10
23445,324,319,5
23446,58,56,2
23447,641,615,26
23448,178,171,7
23449,393,388,5
23450,204,201,3
23451,165,164,1
23452,484,465,19
23453,140,137,3
23454,82,82,0
23455,220,213,7
23456,210,208,2
23457,152,151,1
23458,173,171,2
23459,241,241,0
23460,140,140,0
23461,327,324,3
23462,99,99,0
23463,174,173,1
23464,298,292,6
23465,116,113,3
23466,171,165,6
23467,8,8,0
23468,121,116,5
23469,169,168,1
23470,128,128,0
23471,88,87,1
23472,139,138,1
23473,158,153,5
23474,340,333,7
23475,159,153,6
23476,197,189,8
23477,389,378,11
23478,174,170,4
23479,151,148,3
23480,88,88,0
23481,131,128,3
23482,514,498,16
23483,247,241,6
23484,140,136,4
23485,219,219,0
23486,306,302,4
23487,181,178,3
23488,330,322,8
23489,120,119,1
23490,54,53,1
23491,95,92,3
23492,141,139,2
23493,267,266,1
23494,785,772,13
23495,225,214,11
23496,377,371,6
23497,83,79,4
23498,386,381,5
23499,295,289,6
23500,147,145,2
23501,153,143,10
23502,154,152,2
23503,153,151,2
23504,208,205,3
23505,198,192,6
23506,114,101,13
23507,173,172,1
23508,148,140,8
23509,846,845,1
23510,164,162,2
23511,138,138,0
23512,233,228,5
23513,254,254,0
23514,595,585,10
23515,147,143,4
23516,232,217,15
23517,276,266,10
23518,118,117,1
23519,110,109,1
23520,109,107,2
23521,148,144,4
23522,285,281,4
23523,143,141,2
23524,207,203,4
23525,194,189,5
23526,180,178,2
23527,255,250,5
23528,208,206,2
23529,167,160,7
23530,122,118,4
23531,910,898,12
23532,268,264,4
23533,339,337,2
23534,81,78,3
23535,71,71,0
23536,239,236,3
23537,248,246,2
23538,257,247,10
23539,631,626,5
23540,152,151,1
23541,134,126,8
23542,119,118,1
23543,600,589,11
23544,302,292,10
23545,34,32,2
23546,78,77,1
23547,230,227,3
23548,120,120,0
23549,171,168,3
23550,179,178,1
23551,467,456,11
23552,330,328,2
23553,326,320,6
23554,22,20,2
23555,123,119,4
23556,188,188,0
23557,139,134,5
23558,130,130,0
23559,131,130,1
23560,294,293,1
23561,264,263,1
23562,328,327,1
23563,162,161,1
23564,161,159,2
23565,203,203,0
23566,145,140,5
23567,475,473,2
23568,511,506,5
23569,153,152,1
23570,201,198,3
23571,130,128,2
23572,142,138,4
23573,150,148,2
23574,168,166,2
23575,122,121,1
23576,112,112,0
23577,141,140,1
23578,393,381,12
23579,198,192,6
23580,59,57,2
23581,427,422,5
23582,100,98,2
23583,146,146,0
23584,61,60,1
23585,377,371,6
23586,87,85,2
23587,208,200,8
23588,81,77,4
23589,217,215,2
23590,251,247,4
23591,413,401,12
23592,173,171,2
23593,707,698,9
23594,362,358,4
23595,137,137,0
23596,536,531,5
23597,124,123,1
23598,278,275,3
23599,86,86,0
23600,115,113,2
23601,140,135,5
23602,102,101,1
23603,71,69,2
23604,116,112,4
23605,280,278,2
23606,245,237,8
23607,111,106,5
23608,150,149,1
23609,604,582,22
23610,578,567,11
23611,332,329,3
23612,132,131,1
23613,138,138,0
23614,138,136,2
23615,85,84,1
23616,404,372,32
23617,310,304,6
23618,273,268,5
23619,305,299,6
23620,155,155,0
23621,157,156,1
23622,512,505,7
23623,228,218,10
23624,337,333,4
23625,118,117,1
23626,208,207,1
23627,267,262,5
23628,128,127,1
23629,118,116,2
23630,251,250,1
23631,134,132,2
23632,247,241,6
23633,119,118,1
23634,312,299,13
23635,39,37,2
23636,190,187,3
23637,133,131,2
23638,397,385,12
23639,227,223,4
23640,792,763,29
23641,200,200,0
23642,266,261,5
23643,172,169,3
23644,186,182,4
23645,268,261,7
23646,96,96,0
23647,119,115,4
23648,254,241,13
23649,251,247,4
23650,307,303,4
23651,292,280,12
23652,804,782,22
23653,114,112,2
23654,134,133,1
23655,143,143,0
23656,251,243,8
23657,1016,985,31
23658,833,792,41
23659,316,313,3
23660,151,148,3
23661,273,265,8
23662,953,929,24
23663,248,241,7
23664,265,264,1
23665,258,256,2
23666,317,310,7
23667,350,349,1
23668,172,170,2
23669,146,141,5
23670,231,228,3
23671,120,115,5
23672,143,142,1
23673,100,100,0
23674,167,166,1
23675,127,126,1
23676,155,153,2
23677,152,152,0
23678,189,184,5
23679,529,528,1
23680,143,142,1
23681,890,875,15
23682,679,673,6
23683,247,245,2
23684,507,504,3
23685,330,329,1
23686,230,227,3
23687,179,178,1
23688,323,319,4
23689,419,418,1
23690,181,169,12
23691,203,195,8
23692,170,162,8
23693,363,358,5
23694,425,414,11
23695,325,319,6
23696,291,288,3
23697,386,378,8
23698,738,709,29
23699,244,235,9
23700,994,990,4
23701,778,763,15
23702,135,131,4
23703,206,203,3
23704,570,559,11
23705,677,668,9
23706,211,205,6
23707,183,181,2
23708,318,310,8
23709,170,170,0
23710,132,130,2
23711,137,133,4
23712,282,282,0
23713,142,138,4
23714,107,106,1
23715,135,130,5
23716,201,197,4
23717,157,152,5
23718,118,115,3
23719,127,125,2
23720,581,567,14
23721,141,140,1
23722,327,323,4
23723,669,657,12
23724,718,691,27
23725,378,370,8
23726,190,189,1
23727,193,181,12
23728,35,35,0
23729,91,91,0
23730,89,89,0
23731,218,216,2
23732,45,45,0
23733,69,69,0
23734,50,46,4
23735,159,155,4
23736,130,130,0
23737,137,129,8
23738,373,372,1
23739,128,127,1
23740,43,43,0
23741,99,98,1
23742,93,91,2
23743,184,180,4
23744,198,194,4
23745,133,126,7
23746,194,194,0
23747,220,215,5
23748,448,436,12
23749,109,107,2
23750,803,797,6
23751,572,571,1
23752,227,227,0
23753,190,189,1
23754,250,248,2
23755,317,312,5
23756,647,637,10
23757,177,174,3
23758,502,496,6
23759,116,115,1
23760,65,64,1
23761,417,369,48
23762,275,274,1
23763,216,214,2
23764,220,219,1
23765,171,165,6
23766,216,211,5
23767,206,198,8
23768,145,145,0
23769,156,148,8
23770,182,179,3
23771,453,448,5
23772,165,163,2
23773,110,105,5
23774,115,114,1
23775,211,206,5
23776,169,167,2
23777,45,44,1
23778,376,375,1
23779,187,187,0
23780,225,220,5
23781,356,355,1
23782,157,153,4
23783,141,140,1
23784,147,146,1
23785,128,126,2
23786,118,118,0
23787,324,321,3
23788,111,110,1
23789,138,138,0
23790,241,236,5
23791,262,252,10
23792,135,131,4
23793,314,314,0
23794,124,124,0
23795,124,122,2
23796,647,644,3
23797,847,839,8
23798,212,211,1
23799,399,383,16
23800,191,189,2
23801,241,236,5
23802,422,410,12
23803,134,133,1
23804,148,141,7
23805,332,329,3
23806,161,160,1
23807,426,419,7
23808,144,142,2
23809,240,235,5
23810,713,702,11
23811,143,143,0
23812,111,108,3
23813,475,467,8
23814,82,81,1
23815,136,131,5
23816,213,204,9
23817,180,172,8
23818,130,121,9
23819,187,179,8
23820,159,157,2
23821,444,439,5
23822,123,118,5
23823,224,220,4
23824,267,261,6
23825,126,121,5
23826,471,462,9
23827,719,693,26
23828,166,165,1
23829,127,123,4
23830,277,273,4
23831,96,94,2
23832,115,111,4
23833,366,362,4
23834,117,116,1
23835,119,118,1
23836,111,110,1
23837,305,296,9
23838,149,146,3
23839,216,208,8
23840,181,178,3
23841,371,370,1
23842,194,193,1
23843,173,172,1
23844,118,110,8
23845,56,52,4
23846,169,165,4
23847,206,201,5
23848,142,139,3
23849,194,191,3
23850,232,224,8
23851,115,111,4
23852,119,115,4
23853,998,984,14
23854,174,170,4
23855,92,90,2
23856,442,439,3
23857,536,513,23
23858,245,242,3
23859,109,105,4
23860,155,155,0
23861,262,257,5
23862,127,127,0
23863,136,134,2
23864,273,269,4
23865,61,60,1
23866,202,198,4
23867,93,92,1
23868,124,116,8
23869,140,140,0
23870,150,147,3
23871,150,148,2
23872,332,326,6
23873,187,184,3
23874,311,303,8
23875,173,169,4
23876,157,156,1
23877,346,342,4
23878,216,211,5
23879,304,291,13
23880,279,267,12
23881,322,310,12
23882,361,344,17
23883,161,157,4
23884,400,390,10
23885,121,120,1
23886,58,58,0
23887,105,94,11
23888,212,205,7
23889,177,170,7
23890,168,168,0
23891,309,298,11
23892,188,184,4
23893,232,228,4
23894,120,118,2
23895,123,120,3
23896,45,43,2
23897,133,132,1
23898,215,213,2
23899,96,95,1
23900,149,149,0
23901,271,266,5
23902,321,316,5
23903,314,303,11
23904,586,574,12
23905,136,135,1
23906,755,741,14
23907,258,256,2
23908,148,147,1
23909,243,240,3
23910,74,74,0
23911,113,111,2
23912,516,502,14
23913,97,96,1
23914,72,68,4
23915,194,184,10
23916,285,274,11
23917,95,94,1
23918,144,138,6
23919,380,368,12
23920,301,289,12
23921,435,422,13
23922,92,88,4
23923,159,155,4
23924,560,545,15
23925,1000,978,22
23926,539,533,6
23927,245,244,1
23928,166,165,1
23929,158,158,0
23930,272,271,1
23931,430,417,13
23932,107,100,7
23933,139,136,3
23934,119,117,2
23935,139,136,3
23936,164,159,5
23937,411,395,16
23938,125,121,4
23939,193,188,5
23940,162,157,5
23941,147,138,9
23942,155,149,6
23943,194,190,4
23944,373,357,16
23945,668,644,24
23946,371,356,15
23947,316,313,3
23948,827,819,8
23949,223,221,2
23950,194,193,1
23951,184,183,1
23952,94,92,2
23953,77,75,2
23954,159,155,4
23955,61,59,2
23956,125,124,1
23957,332,327,5
23958,172,165,7
23959,281,273,8
23960,386,385,1
23961,134,132,2
23962,542,536,6
23963,134,131,3
23964,115,115,0
23965,30,30,0
23966,298,287,11
23967,163,162,1
23968,189,186,3
23969,129,125,4
23970,271,268,3
23971,327,325,2
23972,211,206,5
23973,141,137,4
23974,147,145,2
23975,75,75,0
23976,159,155,4
23977,191,189,2
23978,330,326,4
23979,249,246,3
23980,98,95,3
23981,313,308,5
23982,1008,971,37
23983,194,191,3
23984,304,291,13
23985,101,100,1
23986,261,254,7
23987,96,96,0
23988,228,225,3
23989,141,131,10
23990,224,220,4
23991,143,143,0
23992,94,90,4
23993,65,65,0
23994,117,115,2
23995,345,343,2
23996,218,218,0
23997,147,142,5
23998,186,185,1
23999,242,237,5
24000,423,403,20
24001,54,53,1
24002,62,60,2
24003,40,40,0
24004,173,169,4
24005,99,92,7
24006,231,227,4
24007,136,135,1
24008,211,203,8
24009,385,379,6
24010,218,214,4
24011,142,136,6
24012,300,293,7
24013,106,104,2
24014,127,126,1
24015,176,174,2
24016,226,219,7
24017,218,217,1
24018,128,124,4
24019,124,124,0
24020,179,178,1
24021,92,92,0
24022,575,569,6
24023,334,333,1
24024,222,222,0
24025,1017,1011,6
24026,318,310,8
24027,176,176,0
24028,237,235,2
24029,484,464,20
24030,114,109,5
24031,188,186,2
24032,142,142,0
24033,546,541,5
24034,306,303,3
24035,133,133,0
24036,108,105,3
24037,124,122,2
24038,135,135,0
24039,123,121,2
24040,277,271,6
24041,255,252,3
24042,316,308,8
24043,104,102,2
24044,430,422,8
24045,330,320,10
24046,268,261,7
24047,216,209,7
24048,130,127,3
24049,361,350,11
24050,323,316,7
24051,182,180,2
24052,178,173,5
24053,392,389,3
24054,151,150,1
24055,186,185,1
24056,316,312,4
24057,160,160,0
24058,255,250,5
24059,631,618,13
24060,117,113,4
24061,120,118,2
24062,248,244,4
24063,86,85,1
24064,112,111,1
24065,175,169,6
24066,101,101,0
24067,115,115,0
24068,304,297,7
24069,284,281,3
24070,290,288,2
24071,137,136,1
24072,494,478,16
24073,148,145,3
24074,128,123,5
24075,49,49,0
24076,350,345,5
24077,191,183,8
24078,241,235,6
24079,221,219,2
24080,170,170,0
24081,105,103,2
24082,158,155,3
24083,61,61,0
24084,147,144,3
24085,86,86,0
24086,126,124,2
24087,98,98,0
24088,157,153,4
24089,270,262,8
24090,111,110,1
24091,160,158,2
24092,203,202,1
24093,115,112,3
24094,127,125,2
24095,182,176,6
24096,197,191,6
24097,346,339,7
24098,262,256,6
24099,168,168,0
24100,144,143,1
24101,154,150,4
24102,155,149,6
24103,130,128,2
24104,365,362,3
24105,153,153,0
24106,356,354,2
24107,127,126,1
24108,136,134,2
24109,140,139,1
24110,514,500,14
24111,91,86,5
24112,228,223,5
24113,72,71,1
24114,105,102,3
24115,244,244,0
24116,134,133,1
24117,107,106,1
24118,175,174,1
24119,351,340,11
24120,417,408,9
24121,135,132,3
24122,99,98,1
24123,403,399,4
24124,124,124,0
24125,235,233,2
24126,160,159,1
24127,152,152,0
24128,111,111,0
24129,158,152,6
24130,166,166,0
24131,405,396,9
24132,125,123,2
24133,394,392,2
24134,81,78,3
24135,42,41,1
24136,40,39,1
24137,198,193,5
24138,101,100,1
24139,293,285,8
24140,165,163,2
24141,197,189,8
24142,345,337,8
24143,190,187,3
24144,163,161,2
24145,112,109,3
24146,54,51,3
24147,135,132,3
24148,126,120,6
24149,122,119,3
24150,374,355,19
24151,258,254,4
24152,289,289,0
24153,99,99,0
24154,203,200,3
24155,282,280,2
24156,174,167,7
24157,479,473,6
24158,185,184,1
24159,810,794,16
24160,126,123,3
24161,246,238,8
24162,170,167,3
24163,151,146,5
24164,118,117,1
24165,417,409,8
24166,131,131,0
24167,154,152,2
24168,580,561,19
24169,680,658,22
24170,286,284,2
24171,204,197,7
24172,931,915,16
24173,155,151,4
24174,186,182,4
24175,839,828,11
24176,404,398,6
24177,102,100,2
24178,120,114,6
24179,220,208,12
24180,104,99,5
24181,816,747,69
24182,195,192,3
24183,140,134,6
24184,412,399,13
24185,183,179,4
24186,256,247,9
24187,901,886,15
24188,335,329,6
24189,62,54,8
24190,147,147,0
24191,170,167,3
24192,132,132,0
24193,391,378,13
24194,482,469,13
24195,130,125,5
24196,79,76,3
24197,158,148,10
24198,386,372,14
24199,571,553,18
24200,130,130,0
24201,155,151,4
24202,165,160,5
24203,65,64,1
24204,241,238,3
24205,133,132,1
24206,181,179,2
24207,169,168,1
24208,398,391,7
24209,225,217,8
24210,200,198,2
24211,354,351,3
24212,304,298,6
24213,191,187,4
24214,161,161,0
24215,378,374,4
24216,137,136,1
24217,137,127,10
24218,148,146,2
24219,242,235,7
24220,230,227,3
24221,168,168,0
24222,164,160,4
24223,402,397,5
24224,177,172,5
24225,380,365,15
24226,198,194,4
24227,183,181,2
24228,127,122,5
24229,127,124,3
24230,120,119,1
24231,73,73,0
24232,161,157,4
24233,133,129,4
24234,124,120,4
24235,129,127,2
24236,207,207,0
24237,381,379,2
24238,101,100,1
24239,209,205,4
24240,168,163,5
24241,267,260,7
24242,132,128,4
24243,244,243,1
24244,235,234,1
24245,403,395,8
24246,333,329,4
24247,507,484,23
24248,130,125,5
24249,136,135,1
24250,536,525,11
24251,155,154,1
24252,109,108,1
24253,144,141,3
24254,891,871,20
24255,251,249,2
24256,432,424,8
24257,236,227,9
24258,264,255,9
24259,130,129,1
24260,365,360,5
24261,698,680,18
24262,244,232,12
24263,117,116,1
24264,267,260,7
24265,159,155,4
24266,142,142,0
24267,350,340,10
24268,129,128,1
24269,157,155,2
24270,48,48,0
24271,52,52,0
24272,604,599,5
24273,369,363,6
24274,259,253,6
24275,279,272,7
24276,124,124,0
24277,126,124,2
24278,175,173,2
24279,166,159,7
24280,57,56,1
24281,175,174,1
24282,480,469,11
24283,208,201,7
24284,171,162,9
24285,585,570,15
24286,261,254,7
24287,158,155,3
24288,118,116,2
24289,174,173,1
24290,477,468,9
24291,297,289,8
24292,381,377,4
24293,192,188,4
24294,52,51,1
24295,178,176,2
24296,123,119,4
24297,217,214,3
24298,202,198,4
24299,192,187,5
24300,395,390,5
24301,183,173,10
24302,140,135,5
24303,207,202,5
24304,197,195,2
24305,188,183,5
24306,112,112,0
24307,143,143,0
24308,308,306,2
24309,350,346,4
24310,165,164,1
24311,154,148,6
24312,144,143,1
24313,173,164,9
24314,134,132,2
24315,123,121,2
24316,171,171,0
24317,160,157,3
24318,125,122,3
24319,107,105,2
24320,177,175,2
24321,74,70,4
24322,123,123,0
24323,55,55,0
24324,54,53,1
24325,78,77,1
24326,123,118,5
24327,238,234,4
24328,124,124,0
24329,99,95,4
24330,136,125,11
24331,140,131,9
24332,208,204,4
24333,152,147,5
24334,222,214,8
24335,104,104,0
24336,320,314,6
24337,143,136,7
24338,530,515,15
24339,693,666,27
24340,177,172,5
24341,170,168,2
24342,145,143,2
24343,137,134,3
24344,182,181,1
24345,133,133,0
24346,246,244,2
24347,152,144,8
24348,248,245,3
24349,129,129,0
24350,200,196,4
24351,191,190,1
24352,198,194,4
24353,104,104,0
24354,121,120,1
24355,649,637,12
24356,163,159,4
24357,176,175,1
24358,143,143,0
24359,82,82,0
24360,192,191,1
24361,72,70,2
24362,176,172,4
24363,185,178,7
24364,583,577,6
24365,130,129,1
24366,107,104,3
24367,105,104,1
24368,167,165,2
24369,587,569,18
24370,128,126,2
24371,176,172,4
24372,95,95,0
24373,277,268,9
24374,412,408,4
24375,132,131,1
24376,139,137,2
24377,118,116,2
24378,116,115,1
24379,123,121,2
24380,122,122,0
24381,249,245,4
24382,157,156,1
24383,179,179,0
24384,158,155,3
24385,124,124,0
24386,139,139,0
24387,234,230,4
24388,167,165,2
24389,126,125,1
24390,62,60,2
24391,106,105,1
24392,144,144,0
24393,157,157,0
24394,390,384,6
24395,75,74,1
24396,174,172,2
24397,78,77,1
24398,234,232,2
24399,152,148,4
24400,171,169,2
24401,463,454,9
24402,131,129,2
24403,244,236,8
24404,206,188,18
24405,149,147,2
24406,536,521,15
24407,300,294,6
24408,195,191,4
24409,308,306,2
24410,127,118,9
24411,146,144,2
24412,197,194,3
24413,458,451,7
24414,145,142,3
24415,163,160,3
24416,164,163,1
24417,182,176,6
24418,166,166,0
24419,150,150,0
24420,206,202,4
24421,196,194,2
24422,52,51,1
24423,121,119,2
24424,203,198,5
24425,124,122,2
24426,139,137,2
24427,205,202,3
24428,124,124,0
24429,389,381,8
24430,126,125,1
24431,53,53,0
24432,226,218,8
24433,202,201,1
24434,790,757,33
24435,50,48,2
24436,124,121,3
24437,157,153,4
24438,235,234,1
24439,235,232,3
24440,141,138,3
24441,123,123,0
24442,40,39,1
24443,158,156,2
24444,127,125,2
24445,113,112,1
24446,163,158,5
24447,106,104,2
24448,167,166,1
24449,224,224,0
24450,224,222,2
24451,421,410,11
24452,67,66,1
24453,178,177,1
24454,139,139,0
24455,916,902,14
24456,265,262,3
24457,130,127,3
24458,199,195,4
24459,68,66,2
24460,98,97,1
24461,83,82,1
24462,190,187,3
24463,85,85,0
24464,128,128,0
24465,155,148,7
24466,177,173,4
24467,87,86,1
24468,163,158,5
24469,179,177,2
24470,281,274,7
24471,109,104,5
24472,165,165,0
24473,382,374,8
24474,304,304,0
24475,44,43,1
24476,108,107,1
24477,140,138,2
24478,146,142,4
24479,175,174,1
24480,72,71,1
24481,474,461,13
24482,729,725,4
24483,178,176,2
24484,127,125,2
24485,132,131,1
24486,200,200,0
24487,298,286,12
24488,142,130,12
24489,211,210,1
24490,161,161,0
24491,82,82,0
24492,228,224,4
24493,300,297,3
24494,942,930,12
24495,252,251,1
24496,431,422,9
24497,204,199,5
24498,78,76,2
24499,231,226,5
24500,55,53,2
24501,161,159,2
24502,215,203,12
24503,43,42,1
24504,47,46,1
24505,232,231,1
24506,111,96,15
24507,324,322,2
24508,191,188,3
24509,58,58,0
24510,121,118,3
24511,195,193,2
24512,107,104,3
24513,495,489,6
24514,423,412,11
24515,106,105,1
24516,105,104,1
24517,538,527,11
24518,395,375,20
24519,125,124,1
24520,105,101,4
24521,121,121,0
24522,70,70,0
24523,88,88,0
24524,349,344,5
24525,112,107,5
24526,280,269,11
24527,218,205,13
24528,250,247,3
24529,567,554,13
24530,35,35,0
24531,370,361,9
24532,208,204,4
24533,515,497,18
24534,293,291,2
24535,226,224,2
24536,135,125,10
24537,148,144,4
24538,122,119,3
24539,207,203,4
24540,802,783,19
24541,222,216,6
24542,334,332,2
24543,142,141,1
24544,154,151,3
24545,869,866,3
24546,189,188,1
24547,196,192,4
24548,434,432,2
24549,459,455,4
24550,171,164,7
24551,93,85,8
24552,637,630,7
24553,117,117,0
24554,404,393,11
24555,234,231,3
24556,192,186,6
24557,46,46,0
24558,61,61,0
24559,256,248,8
24560,499,496,3
24561,141,138,3
24562,310,302,8
24563,141,134,7
24564,199,195,4
24565,308,307,1
24566,144,144,0
24567,126,125,1
24568,635,628,7
24569,425,415,10
24570,193,184,9
24571,127,124,3
24572,149,146,3
24573,275,271,4
24574,119,119,0
24575,75,75,0
24576,67,67,0
24577,201,199,2
24578,243,239,4
24579,299,295,4
24580,147,143,4
24581,143,143,0
24582,340,335,5
24583,149,145,4
24584,306,303,3
24585,278,268,10
24586,899,867,32
24587,293,287,6
24588,149,142,7
24589,219,213,6
24590,195,186,9
24591,87,85,2
24592,188,181,7
24593,237,235,2
24594,111,108,3
24595,332,326,6
24596,295,291,4
24597,528,517,11
24598,296,286,10
24599,317,312,5
24600,322,319,3
24601,124,120,4
24602,183,181,2
24603,379,375,4
24604,123,115,8
24605,125,121,4
24606,51,51,0
24607,123,123,0
24608,367,359,8
24609,226,223,3
24610,359,349,10
24611,242,239,3
24612,528,520,8
24613,239,237,2
24614,183,180,3
24615,213,212,1
24616,175,174,1
24617,96,91,5
24618,254,252,2
24619,152,150,2
24620,447,443,4
24621,106,104,2
24622,116,114,2
24623,186,181,5
24624,241,237,4
24625,306,301,5
24626,391,376,15
24627,210,208,2
24628,601,596,5
24629,294,294,0
24630,58,55,3
24631,113,112,1
24632,64,57,7
24633,103,97,6
24634,441,434,7
24635,139,138,1
24636,141,139,2
24637,153,152,1
24638,126,126,0
24639,145,142,3
24640,234,233,1
24641,158,155,3
24642,175,172,3
24643,163,161,2
24644,143,139,4
24645,298,291,7
24646,266,260,6
24647,87,87,0
24648,69,69,0
24649,84,83,1
24650,49,47,2
24651,75,75,0
24652,56,56,0
24653,873,869,4
24654,88,87,1
24655,155,154,1
24656,113,110,3
24657,101,96,5
24658,232,229,3
24659,59,59,0
24660,390,390,0
24661,124,123,1
24662,196,193,3
24663,187,186,1
24664,578,568,10
24665,204,200,4
24666,418,406,12
24667,868,847,21
24668,624,606,18
24669,851,819,32
24670,172,167,5
24671,392,383,9
24672,294,288,6
24673,221,215,6
24674,965,928,37
24675,649,634,15
24676,168,163,5
24677,317,317,0
24678,48,48,0
24679,144,143,1
24680,928,912,16
24681,337,335,2
24682,167,167,0
24683,171,168,3
24684,287,284,3
24685,168,167,1
24686,381,375,6
24687,307,280,27
24688,135,129,6
24689,210,206,4
24690,360,356,4
24691,134,131,3
24692,169,166,3
24693,434,426,8
24694,288,283,5
24695,809,792,17
24696,266,261,5
24697,114,113,1
24698,91,91,0
24699,161,159,2
24700,333,326,7
24701,280,274,6
24702,329,318,11
24703,213,213,0
24704,145,143,2
24705,374,371,3
24706,334,329,5
24707,176,176,0
24708,199,198,1
24709,43,42,1
24710,84,82,2
24711,296,288,8
24712,129,128,1
24713,194,192,2
24714,48,48,0
24715,100,98,2
24716,126,123,3
24717,301,295,6
24718,125,122,3
24719,637,630,7
24720,67,66,1
24721,167,167,0
24722,133,132,1
24723,202,195,7
24724,308,305,3
24725,304,299,5
24726,133,132,1
24727,153,152,1
24728,402,386,16
24729,117,117,0
24730,39,38,1
24731,138,135,3
24732,169,159,10
24733,207,199,8
24734,126,122,4
24735,157,157,0
24736,175,170,5
24737,98,97,1
24738,129,126,3
24739,875,871,4
24740,129,129,0
24741,235,235,0
24742,351,342,9
24743,186,184,2
24744,297,291,6
24745,133,130,3
24746,187,183,4
24747,275,272,3
24748,150,145,5
24749,473,461,12
24750,68,68,0
24751,284,280,4
24752,150,149,1
24753,446,440,6
24754,224,222,2
24755,139,138,1
24756,213,210,3
24757,303,292,11
24758,495,493,2
24759,57,57,0
24760,204,199,5
24761,186,186,0
24762,104,102,2
24763,123,122,1
24764,667,661,6
24765,184,181,3
24766,350,349,1
24767,335,318,17
24768,223,213,10
24769,258,247,11
24770,133,130,3
24771,268,256,12
24772,197,191,6
24773,374,367,7
24774,789,776,13
24775,742,723,19
24776,217,217,0
24777,336,328,8
24778,672,662,10
24779,168,164,4
24780,128,126,2
24781,48,47,1
24782,40,40,0
24783,51,51,0
24784,40,39,1
24785,144,139,5
24786,357,353,4
24787,466,457,9
24788,75,72,3
24789,505,489,16
24790,585,563,22
24791,118,118,0
24792,79,75,4
24793,230,227,3
24794,291,283,8
24795,157,149,8
24796,235,223,12
24797,188,181,7
24798,223,223,0
24799,158,153,5
24800,337,333,4
24801,194,188,6
24802,722,715,7
24803,353,352,1
24804,136,135,1
24805,184,178,6
24806,776,753,23
24807,218,216,2
24808,60,58,2
24809,162,161,1
24810,531,528,3
24811,275,274,1
24812,340,330,10
24813,309,306,3
24814,254,252,2
24815,574,568,6
24816,258,254,4
24817,136,126,10
24818,478,469,9
24819,287,283,4
24820,212,210,2
24821,192,192,0
24822,491,475,16
24823,125,123,2
24824,234,230,4
24825,39,37,2
24826,114,109,5
24827,67,67,0
24828,146,146,0
24829,54,51,3
24830,421,417,4
24831,327,323,4
24832,489,476,13
24833,49,46,3
24834,147,146,1
24835,109,108,1
24836,111,107,4
24837,500,480,20
24838,124,122,2
24839,317,313,4
24840,288,288,0
24841,334,334,0
24842,114,114,0
24843,220,216,4
24844,602,598,4
24845,944,940,4
24846,195,194,1
24847,201,197,4
24848,151,150,1
24849,421,415,6
24850,104,100,4
24851,223,215,8
24852,190,185,5
24853,100,91,9
24854,187,186,1
24855,196,191,5
24856,906,896,10
24857,37,36,1
24858,481,469,12
24859,762,748,14
24860,195,190,5
24861,417,414,3
24862,221,219,2
24863,292,287,5
24864,368,368,0
24865,222,218,4
24866,801,786,15
24867,186,183,3
24868,154,152,2
24869,129,128,1
24870,722,698,24
24871,175,173,2
24872,994,976,18
24873,216,207,9
24874,467,462,5
24875,141,141,0
24876,132,130,2
24877,147,141,6
24878,162,159,3
24879,41,41,0
24880,184,183,1
24881,38,36,2
24882,534,521,13
24883,71,70,1
24884,131,131,0
24885,275,271,4
24886,111,109,2
24887,71,71,0
24888,248,246,2
24889,123,116,7
24890,161,160,1
24891,116,115,1
24892,170,169,1
24893,203,201,2
24894,223,219,4
24895,156,152,4
24896,269,263,6
24897,288,283,5
24898,136,133,3
24899,147,147,0
24900,126,125,1
24901,132,132,0
24902,134,131,3
24903,284,275,9
24904,252,250,2
24905,445,438,7
24906,268,268,0
24907,113,112,1
24908,115,109,6
24909,277,267,10
24910,443,435,8
24911,129,126,3
24912,139,133,6
24913,57,53,4
24914,284,277,7
24915,115,111,4
24916,77,76,1
24917,63,61,2
24918,106,105,1
24919,121,119,2
24920,185,185,0
24921,239,234,5
24922,144,141,3
24923,131,128,3
24924,330,326,4
24925,71,70,1
24926,114,112,2
24927,37,34,3
24928,172,167,5
24929,135,132,3
24930,856,832,24
24931,419,411,8
24932,516,508,8
24933,922,910,12
24934,485,479,6
24935,222,219,3
24936,124,120,4
24937,135,131,4
24938,274,271,3
24939,204,201,3
24940,263,258,5
24941,295,290,5
24942,197,192,5
24943,513,503,10
24944,299,286,13
24945,257,251,6
24946,220,213,7
24947,116,107,9
24948,334,332,2
24949,518,509,9
24950,229,221,8
24951,575,552,23
24952,280,273,7
24953,84,83,1
24954,185,182,3
24955,324,313,11
24956,205,202,3
24957,233,229,4
24958,210,203,7
24959,474,463,11
24960,297,287,10
24961,450,445,5
24962,216,211,5
24963,777,761,16
24964,202,198,4
24965,701,687,14
24966,78,78,0
24967,212,211,1
24968,127,121,6
24969,173,172,1
24970,290,285,5
24971,334,324,10
24972,190,183,7
24973,221,215,6
24974,197,191,6
24975,459,433,26
24976,271,265,6
24977,339,337,2
24978,596,579,17
24979,125,124,1
24980,627,620,7
24981,214,209,5
24982,990,973,17
24983,338,329,9
24984,955,945,10
24985,320,315,5
24986,124,121,3
24987,499,489,10
24988,280,275,5
24989,668,652,16
24990,219,212,7
24991,213,211,2
24992,172,168,4
24993,316,311,5
24994,132,128,4
24995,107,105,2
24996,165,165,0
24997,277,266,11
24998,130,127,3
24999,382,373,9
