,num_review_tokens,retrieved_vectors,missed
0,153,134,19
1,352,305,47
2,247,223,24
3,128,114,14
4,205,174,31
5,315,269,46
6,344,303,41
7,143,127,16
8,174,160,14
9,960,827,133
10,256,230,26
11,146,129,17
12,214,188,26
13,165,154,11
14,111,103,8
15,361,320,41
16,207,174,33
17,703,589,114
18,191,167,24
19,131,111,20
20,305,270,35
21,191,165,26
22,204,171,33
23,48,44,4
24,99,86,13
25,140,119,21
26,269,234,35
27,128,114,14
28,162,141,21
29,1005,832,173
30,523,461,62
31,160,133,27
32,981,822,159
33,146,129,17
34,251,200,51
35,763,656,107
36,319,273,46
37,119,108,11
38,742,629,113
39,139,130,9
40,190,173,17
41,304,260,44
42,509,444,65
43,58,44,14
44,216,191,25
45,91,77,14
46,80,63,17
47,462,391,71
48,193,166,27
49,525,438,87
50,487,409,78
51,49,45,4
52,159,132,27
53,119,97,22
54,870,736,134
55,828,707,121
56,123,106,17
57,526,477,49
58,221,184,37
59,134,116,18
60,248,218,30
61,160,146,14
62,253,228,25
63,159,144,15
64,152,132,20
65,108,99,9
66,161,135,26
67,57,49,8
68,47,41,6
69,136,122,14
70,57,50,7
71,69,63,6
72,154,138,16
73,174,156,18
74,162,137,25
75,264,232,32
76,247,217,30
77,560,471,89
78,69,61,8
79,537,463,74
80,255,230,25
81,173,150,23
82,207,179,28
83,152,126,26
84,107,93,14
85,36,29,7
86,137,124,13
87,98,77,21
88,149,132,17
89,201,177,24
90,185,163,22
91,143,123,20
92,196,178,18
93,238,212,26
94,134,126,8
95,209,178,31
96,228,209,19
97,201,186,15
98,430,372,58
99,142,126,16
100,295,257,38
101,144,131,13
102,132,124,8
103,209,188,21
104,617,538,79
105,230,210,20
106,208,179,29
107,463,414,49
108,374,312,62
109,196,171,25
110,127,115,12
111,179,158,21
112,214,183,31
113,556,477,79
114,194,162,32
115,431,387,44
116,213,196,17
117,1028,949,79
118,940,798,142
119,196,170,26
120,320,283,37
121,591,542,49
122,161,144,17
123,140,124,16
124,220,199,21
125,250,223,27
126,144,124,20
127,176,150,26
128,63,57,6
129,46,42,4
130,51,46,5
131,450,396,54
132,71,63,8
133,139,119,20
134,103,94,9
135,130,117,13
136,92,80,12
137,163,144,19
138,435,395,40
139,34,31,3
140,225,206,19
141,72,63,9
142,91,78,13
143,255,224,31
144,249,211,38
145,305,273,32
146,396,347,49
147,133,117,16
148,245,217,28
149,156,134,22
150,522,469,53
151,124,112,12
152,159,146,13
153,146,130,16
154,546,477,69
155,101,89,12
156,145,122,23
157,375,339,36
158,147,132,15
159,293,251,42
160,179,152,27
161,115,99,16
162,161,137,24
163,75,62,13
164,449,399,50
165,351,310,41
166,577,514,63
167,319,275,44
168,170,146,24
169,133,125,8
170,138,127,11
171,149,131,18
172,155,134,21
173,114,97,17
174,124,110,14
175,249,221,28
176,231,194,37
177,139,119,20
178,747,647,100
179,151,129,22
180,176,156,20
181,300,246,54
182,155,138,17
183,235,202,33
184,183,156,27
185,1009,903,106
186,390,347,43
187,220,190,30
188,170,153,17
189,392,346,46
190,621,537,84
191,518,448,70
192,50,44,6
193,64,54,10
194,45,39,6
195,56,50,6
196,63,53,10
197,103,90,13
198,129,116,13
199,222,195,27
200,214,192,22
201,172,151,21
202,215,187,28
203,259,210,49
204,129,114,15
205,302,265,37
206,108,95,13
207,129,116,13
208,150,133,17
209,119,106,13
210,147,121,26
211,112,96,16
212,157,142,15
213,210,181,29
214,454,383,71
215,219,196,23
216,96,80,16
217,86,77,9
218,151,140,11
219,192,171,21
220,673,572,101
221,146,128,18
222,193,173,20
223,292,260,32
224,107,89,18
225,136,110,26
226,127,116,11
227,594,507,87
228,62,53,9
229,213,181,32
230,234,206,28
231,173,150,23
232,145,118,27
233,593,479,114
234,195,167,28
235,452,383,69
236,530,474,56
237,200,178,22
238,110,90,20
239,190,166,24
240,44,39,5
241,329,267,62
242,125,105,20
243,85,69,16
244,208,185,23
245,250,221,29
246,212,183,29
247,241,202,39
248,100,81,19
249,425,381,44
250,205,183,22
251,206,181,25
252,166,151,15
253,158,139,19
254,194,165,29
255,176,158,18
256,120,110,10
257,182,161,21
258,493,445,48
259,535,465,70
260,392,330,62
261,144,130,14
262,211,186,25
263,106,86,20
264,195,170,25
265,256,221,35
266,196,177,19
267,344,298,46
268,138,121,17
269,281,248,33
270,340,275,65
271,803,681,122
272,293,232,61
273,278,250,28
274,172,160,12
275,170,147,23
276,201,182,19
277,134,112,22
278,125,102,23
279,139,114,25
280,224,189,35
281,407,352,55
282,221,195,26
283,148,122,26
284,116,98,18
285,333,285,48
286,238,210,28
287,152,138,14
288,172,144,28
289,127,117,10
290,51,49,2
291,376,326,50
292,978,850,128
293,351,313,38
294,179,155,24
295,295,244,51
296,602,536,66
297,75,65,10
298,521,460,61
299,112,105,7
300,145,127,18
301,320,283,37
302,282,257,25
303,118,103,15
304,631,558,73
305,103,81,22
306,64,57,7
307,60,56,4
308,60,51,9
309,165,143,22
310,69,56,13
311,130,120,10
312,57,54,3
313,55,42,13
314,61,53,8
315,127,111,16
316,372,322,50
317,116,96,20
318,123,99,24
319,272,217,55
320,232,200,32
321,141,128,13
322,687,596,91
323,707,609,98
324,424,366,58
325,559,492,67
326,42,37,5
327,334,288,46
328,108,96,12
329,206,175,31
330,117,99,18
331,278,247,31
332,124,116,8
333,198,174,24
334,171,144,27
335,208,186,22
336,210,174,36
337,136,121,15
338,61,54,7
339,130,109,21
340,115,97,18
341,453,390,63
342,324,278,46
343,434,381,53
344,109,94,15
345,62,53,9
346,63,54,9
347,52,43,9
348,62,57,5
349,190,173,17
350,164,135,29
351,159,146,13
352,89,79,10
353,126,103,23
354,164,141,23
355,234,196,38
356,425,360,65
357,192,166,26
358,154,135,19
359,114,98,16
360,137,118,19
361,239,213,26
362,119,102,17
363,114,104,10
364,185,164,21
365,172,153,19
366,270,234,36
367,132,125,7
368,262,229,33
369,126,109,17
370,122,112,10
371,334,310,24
372,167,145,22
373,204,182,22
374,296,258,38
375,52,47,5
376,104,88,16
377,124,111,13
378,130,114,16
379,232,207,25
380,69,62,7
381,65,53,12
382,145,124,21
383,165,132,33
384,71,60,11
385,280,247,33
386,115,95,20
387,226,188,38
388,128,112,16
389,125,114,11
390,236,213,23
391,140,131,9
392,111,94,17
393,221,200,21
394,288,245,43
395,309,261,48
396,831,737,94
397,320,263,57
398,114,99,15
399,132,112,20
400,275,250,25
401,103,92,11
402,159,150,9
403,196,170,26
404,178,160,18
405,108,100,8
406,188,166,22
407,311,268,43
408,175,156,19
409,211,183,28
410,130,117,13
411,271,232,39
412,119,102,17
413,360,301,59
414,244,205,39
415,150,132,18
416,220,180,40
417,213,195,18
418,647,591,56
419,115,102,13
420,151,137,14
421,76,69,7
422,136,117,19
423,112,96,16
424,39,34,5
425,75,65,10
426,107,90,17
427,117,97,20
428,86,71,15
429,33,30,3
430,128,111,17
431,702,588,114
432,419,354,65
433,118,106,12
434,500,430,70
435,140,119,21
436,336,297,39
437,236,208,28
438,129,109,20
439,251,227,24
440,476,410,66
441,523,444,79
442,183,165,18
443,127,101,26
444,105,89,16
445,679,596,83
446,231,208,23
447,375,340,35
448,212,191,21
449,128,113,15
450,189,171,18
451,496,423,73
452,257,224,33
453,254,224,30
454,526,469,57
455,168,153,15
456,113,101,12
457,175,154,21
458,164,150,14
459,203,186,17
460,205,183,22
461,146,127,19
462,107,90,17
463,155,137,18
464,72,65,7
465,130,109,21
466,134,122,12
467,193,167,26
468,211,183,28
469,820,708,112
470,258,232,26
471,157,138,19
472,115,103,12
473,152,138,14
474,66,57,9
475,343,295,48
476,83,81,2
477,518,435,83
478,36,27,9
479,71,61,10
480,143,126,17
481,171,151,20
482,298,275,23
483,181,169,12
484,196,183,13
485,150,137,13
486,147,131,16
487,207,183,24
488,113,99,14
489,141,123,18
490,146,133,13
491,109,99,10
492,297,275,22
493,398,363,35
494,135,119,16
495,273,244,29
496,166,157,9
497,382,347,35
498,166,152,14
499,139,118,21
500,571,504,67
501,228,206,22
502,373,329,44
503,599,536,63
504,134,118,16
505,335,292,43
506,184,161,23
507,92,85,7
508,115,102,13
509,62,46,16
510,537,465,72
511,127,115,12
512,305,260,45
513,136,115,21
514,137,116,21
515,124,106,18
516,152,134,18
517,176,162,14
518,184,159,25
519,802,676,126
520,142,122,20
521,232,190,42
522,44,40,4
523,162,141,21
524,423,370,53
525,122,104,18
526,151,128,23
527,227,197,30
528,189,154,35
529,427,379,48
530,117,101,16
531,987,872,115
532,117,101,16
533,174,154,20
534,212,181,31
535,448,380,68
536,160,128,32
537,175,143,32
538,425,355,70
539,244,206,38
540,118,102,16
541,737,646,91
542,367,290,77
543,143,124,19
544,161,142,19
545,182,162,20
546,123,111,12
547,70,62,8
548,111,100,11
549,133,120,13
550,396,342,54
551,84,68,16
552,128,112,16
553,279,255,24
554,15,11,4
555,57,49,8
556,169,147,22
557,66,59,7
558,361,320,41
559,839,752,87
560,180,160,20
561,528,466,62
562,80,67,13
563,142,125,17
564,204,178,26
565,150,136,14
566,79,67,12
567,176,158,18
568,61,55,6
569,53,51,2
570,220,195,25
571,138,125,13
572,175,155,20
573,135,123,12
574,52,46,6
575,55,43,12
576,148,124,24
577,152,138,14
578,133,111,22
579,114,99,15
580,134,112,22
581,122,105,17
582,150,133,17
583,118,99,19
584,104,83,21
585,148,125,23
586,461,404,57
587,137,115,22
588,294,259,35
589,131,107,24
590,135,112,23
591,164,143,21
592,117,104,13
593,202,179,23
594,228,212,16
595,154,138,16
596,155,137,18
597,139,121,18
598,402,358,44
599,155,129,26
600,137,123,14
601,81,70,11
602,99,86,13
603,115,99,16
604,190,167,23
605,123,111,12
606,56,51,5
607,133,120,13
608,176,159,17
609,56,50,6
610,78,61,17
611,131,119,12
612,132,115,17
613,159,135,24
614,332,282,50
615,173,150,23
616,136,119,17
617,174,146,28
618,125,105,20
619,73,61,12
620,247,225,22
621,117,102,15
622,115,105,10
623,94,78,16
624,121,99,22
625,215,185,30
626,419,361,58
627,630,585,45
628,179,150,29
629,125,109,16
630,122,107,15
631,209,188,21
632,326,284,42
633,125,114,11
634,124,118,6
635,147,131,16
636,108,98,10
637,296,253,43
638,335,301,34
639,145,125,20
640,460,398,62
641,121,107,14
642,212,174,38
643,358,301,57
644,295,245,50
645,356,306,50
646,111,99,12
647,162,147,15
648,125,114,11
649,155,132,23
650,284,230,54
651,150,141,9
652,158,142,16
653,63,59,4
654,205,177,28
655,63,59,4
656,68,62,6
657,111,102,9
658,62,58,4
659,114,102,12
660,111,100,11
661,138,122,16
662,161,144,17
663,187,158,29
664,248,229,19
665,250,217,33
666,158,139,19
667,147,134,13
668,187,164,23
669,220,196,24
670,117,100,17
671,173,151,22
672,152,137,15
673,278,252,26
674,145,129,16
675,563,491,72
676,115,105,10
677,169,146,23
678,813,683,130
679,795,699,96
680,702,612,90
681,253,218,35
682,168,147,21
683,111,102,9
684,315,278,37
685,82,71,11
686,74,61,13
687,163,142,21
688,239,207,32
689,170,147,23
690,273,253,20
691,100,87,13
692,128,106,22
693,834,724,110
694,338,290,48
695,334,287,47
696,211,189,22
697,321,276,45
698,472,418,54
699,524,432,92
700,399,359,40
701,198,173,25
702,337,291,46
703,693,612,81
704,238,206,32
705,436,362,74
706,177,148,29
707,144,129,15
708,497,410,87
709,217,190,27
710,168,145,23
711,50,50,0
712,151,135,16
713,56,50,6
714,281,247,34
715,267,226,41
716,149,132,17
717,249,214,35
718,248,210,38
719,67,56,11
720,67,53,14
721,65,59,6
722,151,125,26
723,366,322,44
724,139,115,24
725,126,112,14
726,151,135,16
727,247,216,31
728,177,142,35
729,151,135,16
730,600,506,94
731,118,94,24
732,437,368,69
733,1011,858,153
734,67,60,7
735,122,104,18
736,758,634,124
737,239,204,35
738,176,137,39
739,150,128,22
740,591,510,81
741,138,114,24
742,101,91,10
743,213,184,29
744,236,209,27
745,258,234,24
746,193,175,18
747,73,63,10
748,346,300,46
749,607,534,73
750,149,130,19
751,247,227,20
752,83,75,8
753,140,126,14
754,153,131,22
755,190,168,22
756,189,159,30
757,295,270,25
758,207,182,25
759,47,39,8
760,452,390,62
761,213,192,21
762,187,157,30
763,131,119,12
764,126,117,9
765,536,449,87
766,51,46,5
767,127,107,20
768,97,88,9
769,206,179,27
770,140,120,20
771,122,115,7
772,377,331,46
773,131,114,17
774,220,193,27
775,127,113,14
776,148,131,17
777,284,236,48
778,164,138,26
779,67,61,6
780,132,116,16
781,258,232,26
782,120,107,13
783,377,321,56
784,440,373,67
785,109,91,18
786,984,878,106
787,1014,862,152
788,388,333,55
789,444,378,66
790,167,149,18
791,118,100,18
792,186,159,27
793,213,200,13
794,276,243,33
795,183,153,30
796,550,491,59
797,187,169,18
798,194,164,30
799,275,245,30
800,110,96,14
801,515,445,70
802,261,238,23
803,868,773,95
804,104,88,16
805,74,67,7
806,132,108,24
807,250,218,32
808,158,144,14
809,574,505,69
810,131,119,12
811,270,248,22
812,278,245,33
813,126,113,13
814,485,420,65
815,213,181,32
816,526,473,53
817,472,424,48
818,165,145,20
819,270,235,35
820,171,148,23
821,266,222,44
822,123,103,20
823,97,85,12
824,316,282,34
825,56,52,4
826,263,235,28
827,938,828,110
828,222,200,22
829,74,65,9
830,77,71,6
831,80,76,4
832,139,122,17
833,279,262,17
834,145,127,18
835,395,346,49
836,443,392,51
837,124,111,13
838,743,658,85
839,584,512,72
840,281,245,36
841,128,108,20
842,556,481,75
843,194,163,31
844,495,409,86
845,128,110,18
846,175,151,24
847,222,193,29
848,131,119,12
849,141,129,12
850,163,146,17
851,799,683,116
852,87,73,14
853,360,314,46
854,153,121,32
855,398,346,52
856,149,126,23
857,547,485,62
858,30,26,4
859,52,44,8
860,33,28,5
861,86,78,8
862,132,112,20
863,218,190,28
864,214,191,23
865,271,231,40
866,1019,872,147
867,88,73,15
868,157,140,17
869,169,154,15
870,126,112,14
871,163,145,18
872,389,343,46
873,531,482,49
874,483,413,70
875,174,147,27
876,362,303,59
877,257,230,27
878,186,169,17
879,650,575,75
880,145,130,15
881,229,192,37
882,156,143,13
883,574,513,61
884,636,548,88
885,190,172,18
886,764,666,98
887,249,210,39
888,261,227,34
889,116,105,11
890,191,162,29
891,175,155,20
892,110,100,10
893,181,145,36
894,284,236,48
895,332,288,44
896,228,185,43
897,405,354,51
898,139,130,9
899,438,375,63
900,373,325,48
901,58,47,11
902,343,272,71
903,53,49,4
904,630,509,121
905,118,91,27
906,150,122,28
907,418,367,51
908,128,113,15
909,268,228,40
910,135,121,14
911,113,102,11
912,119,104,15
913,161,132,29
914,125,103,22
915,254,215,39
916,104,89,15
917,179,155,24
918,134,112,22
919,262,230,32
920,250,202,48
921,217,185,32
922,236,186,50
923,554,462,92
924,142,125,17
925,175,161,14
926,149,129,20
927,127,112,15
928,187,164,23
929,100,92,8
930,507,455,52
931,54,46,8
932,1016,870,146
933,75,70,5
934,57,46,11
935,141,127,14
936,222,202,20
937,113,104,9
938,503,450,53
939,57,46,11
940,113,100,13
941,196,174,22
942,193,167,26
943,253,220,33
944,151,130,21
945,127,110,17
946,127,111,16
947,266,227,39
948,222,192,30
949,397,348,49
950,197,168,29
951,161,131,30
952,305,275,30
953,171,152,19
954,27,23,4
955,169,150,19
956,128,115,13
957,106,89,17
958,328,281,47
959,192,165,27
960,194,174,20
961,114,92,22
962,133,125,8
963,146,134,12
964,167,142,25
965,105,95,10
966,367,313,54
967,391,323,68
968,117,86,31
969,206,168,38
970,161,149,12
971,199,174,25
972,131,123,8
973,56,50,6
974,331,301,30
975,47,41,6
976,146,126,20
977,104,96,8
978,219,198,21
979,116,103,13
980,111,101,10
981,106,93,13
982,167,149,18
983,111,97,14
984,133,125,8
985,530,476,54
986,165,144,21
987,292,259,33
988,213,184,29
989,396,347,49
990,400,367,33
991,158,146,12
992,322,299,23
993,84,76,8
994,267,244,23
995,87,76,11
996,157,121,36
997,309,271,38
998,130,113,17
999,457,381,76
1000,176,157,19
1001,348,296,52
1002,224,199,25
1003,144,125,19
1004,460,393,67
1005,116,101,15
1006,110,99,11
1007,169,155,14
1008,237,208,29
1009,292,240,52
1010,117,103,14
1011,316,275,41
1012,501,420,81
1013,69,59,10
1014,84,73,11
1015,1013,883,130
1016,129,112,17
1017,221,194,27
1018,122,101,21
1019,127,110,17
1020,120,99,21
1021,195,169,26
1022,160,135,25
1023,118,106,12
1024,206,174,32
1025,189,177,12
1026,304,274,30
1027,185,168,17
1028,331,301,30
1029,97,89,8
1030,122,110,12
1031,47,44,3
1032,652,545,107
1033,180,159,21
1034,96,80,16
1035,272,245,27
1036,118,113,5
1037,284,246,38
1038,214,191,23
1039,188,158,30
1040,615,526,89
1041,275,240,35
1042,170,157,13
1043,163,142,21
1044,475,418,57
1045,743,659,84
1046,138,119,19
1047,137,129,8
1048,113,98,15
1049,104,88,16
1050,86,79,7
1051,502,442,60
1052,81,69,12
1053,155,140,15
1054,100,89,11
1055,121,107,14
1056,164,141,23
1057,92,84,8
1058,185,172,13
1059,377,339,38
1060,232,210,22
1061,97,83,14
1062,169,144,25
1063,231,192,39
1064,363,309,54
1065,120,106,14
1066,242,218,24
1067,349,314,35
1068,245,210,35
1069,640,570,70
1070,735,655,80
1071,238,219,19
1072,330,290,40
1073,194,163,31
1074,409,355,54
1075,167,146,21
1076,115,101,14
1077,379,326,53
1078,379,328,51
1079,199,172,27
1080,53,52,1
1081,84,77,7
1082,60,51,9
1083,83,77,6
1084,47,44,3
1085,56,43,13
1086,89,77,12
1087,131,114,17
1088,52,46,6
1089,161,142,19
1090,150,138,12
1091,166,154,12
1092,96,88,8
1093,45,39,6
1094,360,319,41
1095,219,192,27
1096,82,75,7
1097,110,100,10
1098,138,120,18
1099,74,69,5
1100,62,55,7
1101,152,133,19
1102,307,264,43
1103,76,69,7
1104,84,68,16
1105,87,81,6
1106,96,86,10
1107,89,74,15
1108,245,217,28
1109,140,127,13
1110,47,38,9
1111,140,128,12
1112,190,155,35
1113,130,109,21
1114,165,145,20
1115,353,319,34
1116,119,104,15
1117,149,126,23
1118,178,151,27
1119,70,60,10
1120,127,109,18
1121,512,449,63
1122,184,166,18
1123,306,278,28
1124,179,159,20
1125,120,107,13
1126,146,124,22
1127,182,153,29
1128,45,39,6
1129,67,58,9
1130,401,365,36
1131,151,137,14
1132,148,130,18
1133,430,375,55
1134,311,279,32
1135,129,112,17
1136,48,41,7
1137,102,91,11
1138,73,62,11
1139,113,97,16
1140,60,53,7
1141,131,106,25
1142,123,114,9
1143,423,369,54
1144,180,166,14
1145,199,170,29
1146,129,113,16
1147,128,115,13
1148,119,110,9
1149,248,217,31
1150,155,133,22
1151,675,582,93
1152,139,123,16
1153,157,136,21
1154,95,85,10
1155,168,149,19
1156,65,56,9
1157,147,125,22
1158,385,350,35
1159,70,63,7
1160,173,153,20
1161,125,106,19
1162,329,287,42
1163,299,262,37
1164,135,119,16
1165,488,432,56
1166,234,207,27
1167,400,355,45
1168,697,624,73
1169,917,817,100
1170,212,178,34
1171,368,318,50
1172,170,152,18
1173,376,335,41
1174,163,146,17
1175,180,154,26
1176,147,127,20
1177,265,235,30
1178,161,138,23
1179,202,177,25
1180,115,98,17
1181,189,171,18
1182,538,486,52
1183,164,139,25
1184,337,282,55
1185,62,56,6
1186,223,195,28
1187,83,77,6
1188,176,154,22
1189,122,112,10
1190,155,139,16
1191,131,119,12
1192,513,455,58
1193,155,145,10
1194,118,106,12
1195,246,220,26
1196,112,91,21
1197,223,174,49
1198,198,167,31
1199,550,476,74
1200,197,174,23
1201,154,137,17
1202,660,578,82
1203,48,43,5
1204,149,139,10
1205,138,126,12
1206,302,265,37
1207,84,70,14
1208,183,156,27
1209,101,86,15
1210,235,203,32
1211,975,841,134
1212,59,51,8
1213,316,270,46
1214,70,62,8
1215,115,98,17
1216,311,266,45
1217,380,326,54
1218,50,47,3
1219,169,150,19
1220,24,21,3
1221,248,210,38
1222,151,124,27
1223,543,468,75
1224,380,338,42
1225,91,84,7
1226,266,229,37
1227,59,50,9
1228,135,121,14
1229,226,203,23
1230,979,847,132
1231,201,174,27
1232,66,60,6
1233,110,101,9
1234,295,267,28
1235,28,24,4
1236,63,59,4
1237,164,148,16
1238,125,114,11
1239,228,211,17
1240,140,121,19
1241,203,177,26
1242,273,232,41
1243,687,609,78
1244,305,261,44
1245,385,339,46
1246,173,151,22
1247,62,56,6
1248,50,42,8
1249,75,67,8
1250,192,181,11
1251,118,102,16
1252,200,182,18
1253,241,210,31
1254,93,77,16
1255,123,104,19
1256,497,444,53
1257,123,111,12
1258,514,448,66
1259,118,101,17
1260,76,66,10
1261,285,237,48
1262,76,65,11
1263,66,59,7
1264,109,96,13
1265,91,79,12
1266,198,166,32
1267,96,89,7
1268,83,78,5
1269,428,381,47
1270,35,28,7
1271,322,283,39
1272,339,286,53
1273,357,302,55
1274,63,55,8
1275,226,188,38
1276,170,141,29
1277,242,209,33
1278,432,361,71
1279,279,238,41
1280,877,769,108
1281,234,203,31
1282,371,323,48
1283,390,354,36
1284,115,101,14
1285,199,177,22
1286,237,207,30
1287,222,186,36
1288,136,117,19
1289,184,156,28
1290,304,270,34
1291,860,749,111
1292,216,185,31
1293,150,131,19
1294,140,125,15
1295,122,107,15
1296,152,135,17
1297,122,106,16
1298,41,36,5
1299,134,109,25
1300,64,59,5
1301,62,53,9
1302,129,114,15
1303,124,116,8
1304,147,127,20
1305,133,118,15
1306,91,84,7
1307,134,121,13
1308,96,82,14
1309,208,184,24
1310,156,142,14
1311,66,54,12
1312,1048,926,122
1313,62,52,10
1314,237,200,37
1315,604,522,82
1316,158,139,19
1317,295,254,41
1318,94,79,15
1319,151,138,13
1320,59,57,2
1321,115,99,16
1322,44,32,12
1323,226,205,21
1324,130,121,9
1325,127,107,20
1326,225,195,30
1327,527,439,88
1328,131,108,23
1329,164,135,29
1330,118,105,13
1331,174,154,20
1332,152,123,29
1333,61,55,6
1334,447,381,66
1335,274,232,42
1336,101,85,16
1337,294,240,54
1338,363,325,38
1339,765,653,112
1340,236,204,32
1341,165,143,22
1342,125,112,13
1343,339,279,60
1344,129,113,16
1345,557,495,62
1346,414,350,64
1347,319,277,42
1348,275,225,50
1349,404,340,64
1350,146,129,17
1351,127,107,20
1352,243,213,30
1353,129,113,16
1354,115,101,14
1355,585,504,81
1356,551,483,68
1357,236,207,29
1358,308,251,57
1359,246,207,39
1360,300,253,47
1361,144,118,26
1362,226,195,31
1363,589,529,60
1364,176,152,24
1365,214,190,24
1366,165,143,22
1367,769,663,106
1368,245,208,37
1369,440,384,56
1370,192,166,26
1371,135,123,12
1372,141,128,13
1373,127,115,12
1374,124,117,7
1375,138,129,9
1376,113,101,12
1377,116,102,14
1378,138,121,17
1379,142,124,18
1380,516,457,59
1381,147,131,16
1382,205,189,16
1383,112,99,13
1384,498,454,44
1385,354,318,36
1386,113,101,12
1387,102,90,12
1388,336,295,41
1389,50,44,6
1390,110,99,11
1391,138,129,9
1392,66,56,10
1393,57,52,5
1394,370,329,41
1395,65,58,7
1396,183,162,21
1397,136,116,20
1398,95,79,16
1399,122,117,5
1400,167,154,13
1401,117,111,6
1402,178,156,22
1403,24,23,1
1404,115,98,17
1405,153,136,17
1406,145,132,13
1407,72,62,10
1408,132,112,20
1409,126,114,12
1410,213,187,26
1411,161,148,13
1412,110,96,14
1413,85,69,16
1414,64,59,5
1415,167,153,14
1416,104,94,10
1417,86,78,8
1418,137,116,21
1419,426,374,52
1420,158,142,16
1421,180,166,14
1422,237,204,33
1423,214,184,30
1424,225,189,36
1425,172,158,14
1426,274,230,44
1427,314,283,31
1428,229,196,33
1429,693,607,86
1430,406,364,42
1431,178,160,18
1432,426,373,53
1433,204,176,28
1434,391,359,32
1435,83,72,11
1436,307,272,35
1437,384,328,56
1438,268,227,41
1439,145,135,10
1440,288,246,42
1441,108,95,13
1442,289,248,41
1443,403,363,40
1444,585,505,80
1445,219,192,27
1446,174,155,19
1447,310,278,32
1448,140,121,19
1449,136,118,18
1450,310,261,49
1451,135,122,13
1452,150,134,16
1453,85,76,9
1454,101,93,8
1455,164,143,21
1456,71,64,7
1457,112,96,16
1458,79,70,9
1459,150,142,8
1460,196,180,16
1461,396,339,57
1462,130,111,19
1463,118,97,21
1464,161,147,14
1465,137,124,13
1466,135,123,12
1467,231,214,17
1468,188,170,18
1469,246,213,33
1470,147,124,23
1471,131,116,15
1472,135,113,22
1473,132,111,21
1474,72,65,7
1475,160,135,25
1476,165,141,24
1477,185,165,20
1478,197,178,19
1479,193,171,22
1480,565,499,66
1481,113,102,11
1482,73,60,13
1483,65,57,8
1484,332,292,40
1485,231,205,26
1486,69,58,11
1487,188,163,25
1488,156,144,12
1489,652,595,57
1490,285,251,34
1491,505,447,58
1492,161,140,21
1493,295,266,29
1494,238,206,32
1495,124,110,14
1496,394,351,43
1497,526,464,62
1498,136,117,19
1499,411,348,63
1500,381,334,47
1501,390,341,49
1502,179,160,19
1503,238,206,32
1504,261,233,28
1505,850,736,114
1506,509,464,45
1507,142,129,13
1508,115,97,18
1509,197,169,28
1510,138,126,12
1511,33,29,4
1512,165,148,17
1513,302,270,32
1514,137,117,20
1515,200,184,16
1516,44,40,4
1517,212,189,23
1518,241,209,32
1519,55,51,4
1520,109,100,9
1521,201,178,23
1522,132,120,12
1523,145,128,17
1524,151,134,17
1525,78,71,7
1526,183,157,26
1527,344,312,32
1528,126,113,13
1529,75,66,9
1530,170,151,19
1531,66,61,5
1532,125,108,17
1533,76,62,14
1534,65,61,4
1535,108,87,21
1536,388,332,56
1537,300,270,30
1538,70,59,11
1539,233,215,18
1540,617,530,87
1541,105,92,13
1542,336,288,48
1543,216,195,21
1544,192,162,30
1545,167,143,24
1546,893,794,99
1547,257,219,38
1548,236,210,26
1549,146,135,11
1550,113,104,9
1551,412,373,39
1552,193,167,26
1553,138,121,17
1554,159,143,16
1555,112,98,14
1556,71,62,9
1557,633,573,60
1558,608,523,85
1559,254,229,25
1560,141,132,9
1561,183,152,31
1562,142,126,16
1563,187,161,26
1564,404,364,40
1565,249,231,18
1566,265,228,37
1567,105,96,9
1568,141,130,11
1569,203,178,25
1570,163,146,17
1571,362,326,36
1572,434,395,39
1573,101,93,8
1574,164,145,19
1575,160,142,18
1576,212,191,21
1577,215,192,23
1578,185,169,16
1579,53,49,4
1580,142,120,22
1581,80,64,16
1582,246,217,29
1583,71,60,11
1584,212,186,26
1585,134,121,13
1586,102,87,15
1587,74,70,4
1588,75,61,14
1589,576,498,78
1590,516,434,82
1591,475,407,68
1592,228,200,28
1593,345,294,51
1594,134,124,10
1595,1033,882,151
1596,208,185,23
1597,135,117,18
1598,245,209,36
1599,288,248,40
1600,114,100,14
1601,138,117,21
1602,203,177,26
1603,273,230,43
1604,174,160,14
1605,149,127,22
1606,293,258,35
1607,179,150,29
1608,488,428,60
1609,521,452,69
1610,248,212,36
1611,146,119,27
1612,191,166,25
1613,178,154,24
1614,173,139,34
1615,469,394,75
1616,230,209,21
1617,106,88,18
1618,167,154,13
1619,155,142,13
1620,267,237,30
1621,88,71,17
1622,305,280,25
1623,239,215,24
1624,122,108,14
1625,186,163,23
1626,165,149,16
1627,171,141,30
1628,171,147,24
1629,121,97,24
1630,147,129,18
1631,235,213,22
1632,57,48,9
1633,134,125,9
1634,562,509,53
1635,249,220,29
1636,132,118,14
1637,178,153,25
1638,400,337,63
1639,100,89,11
1640,191,173,18
1641,206,179,27
1642,138,120,18
1643,115,96,19
1644,160,135,25
1645,187,163,24
1646,213,186,27
1647,103,87,16
1648,191,170,21
1649,68,58,10
1650,79,70,9
1651,126,114,12
1652,100,84,16
1653,41,35,6
1654,141,124,17
1655,168,153,15
1656,190,172,18
1657,52,43,9
1658,157,135,22
1659,620,520,100
1660,709,606,103
1661,194,169,25
1662,281,242,39
1663,123,107,16
1664,1030,857,173
1665,226,191,35
1666,104,93,11
1667,51,40,11
1668,125,108,17
1669,110,93,17
1670,104,94,10
1671,90,79,11
1672,137,119,18
1673,48,44,4
1674,65,57,8
1675,41,36,5
1676,177,149,28
1677,125,105,20
1678,203,174,29
1679,326,281,45
1680,183,163,20
1681,377,337,40
1682,137,123,14
1683,107,99,8
1684,434,372,62
1685,809,714,95
1686,297,246,51
1687,292,253,39
1688,132,113,19
1689,117,99,18
1690,111,96,15
1691,52,49,3
1692,70,58,12
1693,202,172,30
1694,123,113,10
1695,96,85,11
1696,217,192,25
1697,127,111,16
1698,422,377,45
1699,464,396,68
1700,503,438,65
1701,243,212,31
1702,127,118,9
1703,223,194,29
1704,105,89,16
1705,231,209,22
1706,499,436,63
1707,407,363,44
1708,125,113,12
1709,45,36,9
1710,118,100,18
1711,56,54,2
1712,280,253,27
1713,100,88,12
1714,75,71,4
1715,338,309,29
1716,33,24,9
1717,346,309,37
1718,41,33,8
1719,149,130,19
1720,274,236,38
1721,158,141,17
1722,181,158,23
1723,177,150,27
1724,181,154,27
1725,131,108,23
1726,211,189,22
1727,179,163,16
1728,503,439,64
1729,395,355,40
1730,280,249,31
1731,129,119,10
1732,211,178,33
1733,471,414,57
1734,298,255,43
1735,110,103,7
1736,62,56,6
1737,129,115,14
1738,179,160,19
1739,131,126,5
1740,141,125,16
1741,496,436,60
1742,98,89,9
1743,936,787,149
1744,53,46,7
1745,886,791,95
1746,236,196,40
1747,121,108,13
1748,141,130,11
1749,490,426,64
1750,255,224,31
1751,376,333,43
1752,148,126,22
1753,611,533,78
1754,288,255,33
1755,245,222,23
1756,911,785,126
1757,444,385,59
1758,578,477,101
1759,1035,878,157
1760,491,434,57
1761,193,169,24
1762,545,488,57
1763,560,469,91
1764,250,219,31
1765,513,447,66
1766,757,650,107
1767,855,750,105
1768,145,117,28
1769,131,109,22
1770,698,592,106
1771,157,137,20
1772,259,223,36
1773,639,541,98
1774,210,180,30
1775,87,75,12
1776,157,132,25
1777,245,216,29
1778,112,91,21
1779,149,125,24
1780,118,97,21
1781,140,119,21
1782,124,112,12
1783,135,114,21
1784,257,221,36
1785,367,306,61
1786,724,630,94
1787,201,181,20
1788,255,221,34
1789,181,162,19
1790,196,173,23
1791,247,221,26
1792,189,170,19
1793,387,344,43
1794,464,410,54
1795,434,388,46
1796,453,383,70
1797,242,199,43
1798,769,687,82
1799,146,130,16
1800,183,157,26
1801,123,109,14
1802,115,98,17
1803,851,730,121
1804,147,124,23
1805,75,71,4
1806,106,93,13
1807,279,252,27
1808,196,176,20
1809,339,299,40
1810,65,52,13
1811,155,136,19
1812,337,301,36
1813,222,203,19
1814,466,402,64
1815,132,123,9
1816,217,190,27
1817,362,318,44
1818,335,302,33
1819,200,171,29
1820,568,491,77
1821,158,137,21
1822,28,25,3
1823,94,82,12
1824,183,162,21
1825,193,175,18
1826,286,253,33
1827,186,168,18
1828,470,414,56
1829,61,57,4
1830,369,337,32
1831,119,108,11
1832,244,215,29
1833,154,133,21
1834,79,70,9
1835,106,82,24
1836,167,146,21
1837,236,211,25
1838,268,236,32
1839,84,78,6
1840,81,71,10
1841,84,69,15
1842,63,58,5
1843,282,239,43
1844,67,55,12
1845,310,285,25
1846,197,186,11
1847,63,59,4
1848,192,173,19
1849,75,61,14
1850,1021,865,156
1851,368,311,57
1852,99,91,8
1853,80,78,2
1854,198,158,40
1855,292,267,25
1856,62,56,6
1857,112,94,18
1858,139,122,17
1859,178,164,14
1860,103,94,9
1861,103,94,9
1862,99,87,12
1863,435,387,48
1864,133,119,14
1865,172,135,37
1866,109,99,10
1867,378,343,35
1868,264,225,39
1869,571,508,63
1870,178,164,14
1871,134,109,25
1872,199,176,23
1873,405,346,59
1874,117,105,12
1875,169,145,24
1876,260,234,26
1877,130,122,8
1878,943,768,175
1879,589,518,71
1880,152,138,14
1881,284,213,71
1882,196,169,27
1883,138,120,18
1884,117,101,16
1885,56,50,6
1886,309,272,37
1887,147,128,19
1888,174,151,23
1889,182,158,24
1890,46,40,6
1891,55,50,5
1892,305,275,30
1893,198,172,26
1894,206,180,26
1895,246,211,35
1896,376,329,47
1897,316,271,45
1898,203,175,28
1899,62,51,11
1900,118,104,14
1901,145,128,17
1902,332,289,43
1903,167,157,10
1904,740,630,110
1905,70,63,7
1906,274,254,20
1907,295,260,35
1908,137,121,16
1909,180,160,20
1910,334,277,57
1911,47,42,5
1912,208,186,22
1913,514,446,68
1914,62,55,7
1915,206,178,28
1916,132,115,17
1917,451,387,64
1918,559,495,64
1919,494,414,80
1920,248,207,41
1921,51,40,11
1922,252,222,30
1923,235,202,33
1924,150,136,14
1925,195,176,19
1926,143,125,18
1927,127,117,10
1928,143,129,14
1929,114,99,15
1930,200,177,23
1931,155,138,17
1932,91,76,15
1933,797,700,97
1934,348,316,32
1935,199,176,23
1936,185,166,19
1937,300,264,36
1938,213,188,25
1939,125,100,25
1940,123,110,13
1941,501,424,77
1942,604,534,70
1943,342,303,39
1944,130,118,12
1945,390,328,62
1946,200,174,26
1947,178,161,17
1948,144,126,18
1949,92,80,12
1950,110,100,10
1951,346,312,34
1952,52,43,9
1953,184,157,27
1954,211,181,30
1955,49,44,5
1956,61,56,5
1957,64,50,14
1958,63,55,8
1959,175,160,15
1960,25,23,2
1961,76,70,6
1962,75,63,12
1963,75,63,12
1964,202,180,22
1965,147,131,16
1966,168,148,20
1967,133,116,17
1968,68,60,8
1969,142,126,16
1970,105,90,15
1971,191,175,16
1972,162,138,24
1973,201,176,25
1974,43,41,2
1975,164,144,20
1976,184,149,35
1977,210,190,20
1978,220,195,25
1979,115,100,15
1980,136,122,14
1981,219,185,34
1982,144,124,20
1983,140,127,13
1984,133,118,15
1985,128,115,13
1986,61,56,5
1987,84,69,15
1988,127,109,18
1989,124,114,10
1990,51,46,5
1991,101,84,17
1992,225,195,30
1993,430,376,54
1994,62,52,10
1995,159,148,11
1996,242,217,25
1997,157,140,17
1998,69,53,16
1999,42,38,4
2000,152,138,14
2001,350,309,41
2002,120,107,13
2003,99,89,10
2004,45,42,3
2005,290,256,34
2006,84,73,11
2007,77,71,6
2008,86,75,11
2009,294,261,33
2010,143,130,13
2011,399,363,36
2012,139,123,16
2013,123,112,11
2014,134,118,16
2015,202,172,30
2016,178,160,18
2017,201,173,28
2018,36,32,4
2019,447,384,63
2020,173,161,12
2021,146,123,23
2022,152,140,12
2023,760,667,93
2024,162,132,30
2025,80,75,5
2026,575,514,61
2027,597,516,81
2028,211,189,22
2029,198,176,22
2030,169,154,15
2031,305,249,56
2032,202,170,32
2033,273,236,37
2034,844,731,113
2035,115,100,15
2036,152,135,17
2037,200,164,36
2038,212,190,22
2039,100,89,11
2040,99,89,10
2041,150,126,24
2042,313,268,45
2043,185,173,12
2044,140,117,23
2045,137,122,15
2046,156,131,25
2047,153,134,19
2048,133,117,16
2049,195,175,20
2050,117,98,19
2051,211,189,22
2052,163,143,20
2053,132,118,14
2054,313,282,31
2055,122,110,12
2056,220,195,25
2057,445,399,46
2058,194,165,29
2059,480,423,57
2060,512,448,64
2061,605,529,76
2062,246,224,22
2063,126,118,8
2064,155,144,11
2065,135,120,15
2066,72,60,12
2067,230,201,29
2068,145,129,16
2069,66,61,5
2070,225,205,20
2071,173,155,18
2072,190,169,21
2073,129,116,13
2074,270,247,23
2075,127,114,13
2076,113,103,10
2077,275,242,33
2078,119,105,14
2079,195,173,22
2080,154,128,26
2081,281,252,29
2082,810,699,111
2083,115,96,19
2084,109,90,19
2085,169,137,32
2086,157,143,14
2087,51,46,5
2088,92,81,11
2089,76,71,5
2090,259,242,17
2091,77,70,7
2092,143,126,17
2093,226,207,19
2094,454,403,51
2095,159,134,25
2096,456,405,51
2097,79,73,6
2098,126,117,9
2099,177,149,28
2100,128,112,16
2101,146,126,20
2102,125,106,19
2103,97,85,12
2104,116,107,9
2105,217,181,36
2106,147,134,13
2107,112,102,10
2108,126,111,15
2109,496,439,57
2110,168,143,25
2111,228,196,32
2112,133,124,9
2113,164,138,26
2114,127,103,24
2115,106,93,13
2116,135,122,13
2117,155,139,16
2118,133,115,18
2119,161,146,15
2120,98,91,7
2121,270,240,30
2122,122,114,8
2123,468,416,52
2124,137,120,17
2125,200,169,31
2126,154,142,12
2127,115,103,12
2128,122,107,15
2129,106,94,12
2130,44,40,4
2131,108,89,19
2132,242,204,38
2133,38,33,5
2134,72,61,11
2135,91,76,15
2136,86,78,8
2137,85,77,8
2138,337,304,33
2139,187,163,24
2140,122,109,13
2141,255,238,17
2142,230,213,17
2143,294,269,25
2144,127,114,13
2145,111,102,9
2146,161,131,30
2147,52,42,10
2148,340,289,51
2149,259,228,31
2150,187,162,25
2151,164,152,12
2152,138,124,14
2153,454,415,39
2154,547,456,91
2155,191,161,30
2156,184,169,15
2157,242,214,28
2158,196,178,18
2159,147,130,17
2160,213,188,25
2161,165,156,9
2162,148,136,12
2163,154,140,14
2164,149,123,26
2165,207,192,15
2166,216,200,16
2167,135,118,17
2168,135,121,14
2169,112,102,10
2170,101,88,13
2171,47,38,9
2172,105,94,11
2173,63,57,6
2174,155,134,21
2175,180,154,26
2176,134,122,12
2177,500,423,77
2178,241,202,39
2179,187,165,22
2180,112,97,15
2181,293,256,37
2182,123,107,16
2183,421,374,47
2184,237,212,25
2185,218,189,29
2186,66,57,9
2187,189,177,12
2188,161,149,12
2189,397,350,47
2190,137,123,14
2191,368,319,49
2192,434,384,50
2193,763,672,91
2194,238,195,43
2195,158,141,17
2196,389,340,49
2197,387,340,47
2198,189,156,33
2199,172,149,23
2200,158,141,17
2201,190,166,24
2202,450,391,59
2203,194,179,15
2204,192,172,20
2205,107,97,10
2206,190,174,16
2207,194,173,21
2208,67,62,5
2209,133,115,18
2210,472,409,63
2211,90,75,15
2212,166,144,22
2213,266,240,26
2214,142,126,16
2215,171,161,10
2216,466,396,70
2217,52,42,10
2218,83,69,14
2219,162,147,15
2220,242,215,27
2221,500,452,48
2222,587,517,70
2223,271,230,41
2224,176,150,26
2225,62,55,7
2226,187,169,18
2227,139,123,16
2228,105,88,17
2229,118,110,8
2230,90,82,8
2231,139,113,26
2232,169,148,21
2233,89,78,11
2234,172,157,15
2235,194,168,26
2236,219,189,30
2237,107,96,11
2238,248,215,33
2239,419,368,51
2240,180,154,26
2241,312,278,34
2242,117,105,12
2243,120,105,15
2244,81,70,11
2245,64,57,7
2246,128,115,13
2247,139,119,20
2248,284,250,34
2249,129,119,10
2250,230,213,17
2251,173,158,15
2252,229,209,20
2253,133,121,12
2254,91,78,13
2255,401,337,64
2256,275,229,46
2257,456,393,63
2258,503,432,71
2259,91,83,8
2260,166,148,18
2261,53,43,10
2262,374,333,41
2263,750,648,102
2264,167,146,21
2265,112,98,14
2266,153,140,13
2267,128,113,15
2268,223,187,36
2269,89,78,11
2270,140,125,15
2271,45,42,3
2272,135,119,16
2273,163,146,17
2274,164,129,35
2275,135,120,15
2276,383,329,54
2277,478,437,41
2278,118,104,14
2279,154,131,23
2280,194,176,18
2281,224,196,28
2282,51,36,15
2283,212,180,32
2284,165,145,20
2285,193,164,29
2286,145,129,16
2287,147,131,16
2288,309,276,33
2289,319,284,35
2290,132,115,17
2291,144,131,13
2292,154,138,16
2293,196,185,11
2294,122,114,8
2295,217,192,25
2296,208,196,12
2297,263,228,35
2298,169,151,18
2299,235,214,21
2300,132,113,19
2301,184,146,38
2302,127,114,13
2303,283,249,34
2304,140,132,8
2305,139,125,14
2306,188,165,23
2307,134,122,12
2308,70,66,4
2309,125,115,10
2310,183,165,18
2311,130,119,11
2312,157,141,16
2313,169,151,18
2314,48,41,7
2315,303,263,40
2316,162,148,14
2317,502,429,73
2318,131,115,16
2319,184,165,19
2320,188,166,22
2321,68,62,6
2322,152,107,45
2323,278,238,40
2324,131,110,21
2325,187,144,43
2326,106,94,12
2327,91,80,11
2328,150,123,27
2329,593,518,75
2330,104,91,13
2331,211,171,40
2332,238,211,27
2333,211,182,29
2334,108,86,22
2335,153,134,19
2336,135,114,21
2337,217,177,40
2338,560,462,98
2339,140,122,18
2340,143,112,31
2341,239,199,40
2342,232,195,37
2343,230,198,32
2344,214,187,27
2345,125,106,19
2346,240,194,46
2347,1014,846,168
2348,453,398,55
2349,144,117,27
2350,63,55,8
2351,134,115,19
2352,509,434,75
2353,128,114,14
2354,903,795,108
2355,501,432,69
2356,167,148,19
2357,351,320,31
2358,83,71,12
2359,186,164,22
2360,212,194,18
2361,133,118,15
2362,109,95,14
2363,45,39,6
2364,131,116,15
2365,131,117,14
2366,733,642,91
2367,53,45,8
2368,61,56,5
2369,62,51,11
2370,57,46,11
2371,154,137,17
2372,189,167,22
2373,197,178,19
2374,136,125,11
2375,175,161,14
2376,496,451,45
2377,982,892,90
2378,164,153,11
2379,655,580,75
2380,445,394,51
2381,422,372,50
2382,677,584,93
2383,329,287,42
2384,418,358,60
2385,93,81,12
2386,512,431,81
2387,168,144,24
2388,154,134,20
2389,136,122,14
2390,141,124,17
2391,327,283,44
2392,706,607,99
2393,689,605,84
2394,135,116,19
2395,209,176,33
2396,394,352,42
2397,125,111,14
2398,490,433,57
2399,157,142,15
2400,245,219,26
2401,341,301,40
2402,378,340,38
2403,356,317,39
2404,643,563,80
2405,267,240,27
2406,220,187,33
2407,63,56,7
2408,187,166,21
2409,102,89,13
2410,210,181,29
2411,118,102,16
2412,173,155,18
2413,90,81,9
2414,84,78,6
2415,70,62,8
2416,69,58,11
2417,182,165,17
2418,136,114,22
2419,540,484,56
2420,102,90,12
2421,454,383,71
2422,181,145,36
2423,283,223,60
2424,203,186,17
2425,154,138,16
2426,135,121,14
2427,197,173,24
2428,126,117,9
2429,55,50,5
2430,112,95,17
2431,191,156,35
2432,105,94,11
2433,59,55,4
2434,440,369,71
2435,168,130,38
2436,66,61,5
2437,195,169,26
2438,127,112,15
2439,427,376,51
2440,909,756,153
2441,117,105,12
2442,389,349,40
2443,131,115,16
2444,969,860,109
2445,115,107,8
2446,156,138,18
2447,142,123,19
2448,126,114,12
2449,156,143,13
2450,140,122,18
2451,135,123,12
2452,458,411,47
2453,216,203,13
2454,128,117,11
2455,144,133,11
2456,206,181,25
2457,131,123,8
2458,177,156,21
2459,164,142,22
2460,124,113,11
2461,144,133,11
2462,143,127,16
2463,336,300,36
2464,143,124,19
2465,148,127,21
2466,159,139,20
2467,249,219,30
2468,149,135,14
2469,805,690,115
2470,159,134,25
2471,205,183,22
2472,140,122,18
2473,246,224,22
2474,383,344,39
2475,124,114,10
2476,69,60,9
2477,128,110,18
2478,244,202,42
2479,141,125,16
2480,49,44,5
2481,78,67,11
2482,256,218,38
2483,192,169,23
2484,131,112,19
2485,128,121,7
2486,259,230,29
2487,273,242,31
2488,136,119,17
2489,62,60,2
2490,634,568,66
2491,654,558,96
2492,120,105,15
2493,179,160,19
2494,126,109,17
2495,173,147,26
2496,224,197,27
2497,194,168,26
2498,266,236,30
2499,138,122,16
2500,154,141,13
2501,327,286,41
2502,54,51,3
2503,725,632,93
2504,152,132,20
2505,144,128,16
2506,127,113,14
2507,108,98,10
2508,199,169,30
2509,686,603,83
2510,154,137,17
2511,347,311,36
2512,222,192,30
2513,126,112,14
2514,135,123,12
2515,165,142,23
2516,126,111,15
2517,196,171,25
2518,50,44,6
2519,172,155,17
2520,210,187,23
2521,334,288,46
2522,337,304,33
2523,139,130,9
2524,55,41,14
2525,136,113,23
2526,51,43,8
2527,109,95,14
2528,65,59,6
2529,401,343,58
2530,549,469,80
2531,280,244,36
2532,113,97,16
2533,188,163,25
2534,189,165,24
2535,162,141,21
2536,113,97,16
2537,200,166,34
2538,177,162,15
2539,231,201,30
2540,99,90,9
2541,250,215,35
2542,274,236,38
2543,480,420,60
2544,181,158,23
2545,177,150,27
2546,181,154,27
2547,131,108,23
2548,211,189,22
2549,179,163,16
2550,503,439,64
2551,395,355,40
2552,280,249,31
2553,220,187,33
2554,279,248,31
2555,351,320,31
2556,122,106,16
2557,67,59,8
2558,166,137,29
2559,119,101,18
2560,54,46,8
2561,94,83,11
2562,427,371,56
2563,236,211,25
2564,182,158,24
2565,507,429,78
2566,187,163,24
2567,227,190,37
2568,133,111,22
2569,138,120,18
2570,150,134,16
2571,81,67,14
2572,228,191,37
2573,121,101,20
2574,410,346,64
2575,236,202,34
2576,232,199,33
2577,255,232,23
2578,547,482,65
2579,49,44,5
2580,125,115,10
2581,238,196,42
2582,194,166,28
2583,121,108,13
2584,287,248,39
2585,295,255,40
2586,207,180,27
2587,95,90,5
2588,184,163,21
2589,317,286,31
2590,196,174,22
2591,147,130,17
2592,149,128,21
2593,177,154,23
2594,105,96,9
2595,278,253,25
2596,264,242,22
2597,473,424,49
2598,133,113,20
2599,131,118,13
2600,333,297,36
2601,199,173,26
2602,334,287,47
2603,416,367,49
2604,135,116,19
2605,857,780,77
2606,359,310,49
2607,87,74,13
2608,124,107,17
2609,166,147,19
2610,141,120,21
2611,309,276,33
2612,98,83,15
2613,1024,862,162
2614,396,337,59
2615,157,139,18
2616,202,170,32
2617,149,130,19
2618,227,199,28
2619,488,419,69
2620,270,240,30
2621,312,268,44
2622,225,185,40
2623,138,122,16
2624,361,313,48
2625,131,116,15
2626,255,228,27
2627,379,337,42
2628,316,279,37
2629,474,412,62
2630,238,206,32
2631,52,42,10
2632,232,197,35
2633,136,119,17
2634,352,292,60
2635,638,558,80
2636,114,103,11
2637,261,227,34
2638,274,231,43
2639,139,129,10
2640,227,205,22
2641,349,321,28
2642,323,298,25
2643,202,180,22
2644,334,286,48
2645,62,59,3
2646,163,149,14
2647,169,152,17
2648,111,96,15
2649,37,34,3
2650,225,200,25
2651,159,141,18
2652,174,153,21
2653,253,221,32
2654,163,142,21
2655,388,346,42
2656,244,218,26
2657,670,559,111
2658,296,253,43
2659,250,221,29
2660,244,221,23
2661,503,443,60
2662,184,169,15
2663,116,105,11
2664,74,68,6
2665,206,187,19
2666,50,42,8
2667,62,54,8
2668,47,37,10
2669,68,57,11
2670,114,105,9
2671,64,60,4
2672,159,144,15
2673,129,123,6
2674,134,119,15
2675,179,150,29
2676,71,67,4
2677,39,36,3
2678,80,76,4
2679,165,145,20
2680,401,364,37
2681,243,219,24
2682,140,116,24
2683,146,132,14
2684,137,122,15
2685,386,340,46
2686,214,182,32
2687,121,112,9
2688,57,52,5
2689,769,699,70
2690,503,437,66
2691,151,131,20
2692,118,108,10
2693,286,259,27
2694,119,116,3
2695,183,158,25
2696,132,118,14
2697,192,161,31
2698,162,140,22
2699,90,83,7
2700,109,98,11
2701,110,91,19
2702,428,377,51
2703,228,199,29
2704,943,805,138
2705,130,110,20
2706,203,174,29
2707,216,180,36
2708,129,115,14
2709,60,56,4
2710,54,47,7
2711,194,163,31
2712,122,103,19
2713,40,33,7
2714,107,90,17
2715,166,140,26
2716,142,130,12
2717,106,93,13
2718,150,139,11
2719,127,110,17
2720,189,170,19
2721,42,38,4
2722,309,270,39
2723,73,62,11
2724,371,309,62
2725,213,193,20
2726,213,193,20
2727,50,44,6
2728,147,127,20
2729,444,387,57
2730,615,542,73
2731,91,78,13
2732,42,37,5
2733,53,47,6
2734,113,97,16
2735,110,86,24
2736,120,109,11
2737,366,318,48
2738,159,143,16
2739,102,91,11
2740,137,111,26
2741,393,320,73
2742,360,313,47
2743,111,96,15
2744,303,271,32
2745,365,331,34
2746,95,81,14
2747,381,329,52
2748,263,235,28
2749,252,207,45
2750,152,132,20
2751,595,521,74
2752,184,156,28
2753,408,349,59
2754,382,338,44
2755,179,149,30
2756,106,88,18
2757,781,642,139
2758,135,118,17
2759,261,215,46
2760,873,712,161
2761,184,148,36
2762,452,396,56
2763,80,69,11
2764,267,229,38
2765,148,124,24
2766,330,266,64
2767,153,133,20
2768,455,383,72
2769,355,287,68
2770,205,179,26
2771,154,139,15
2772,103,95,8
2773,120,106,14
2774,220,196,24
2775,161,147,14
2776,137,120,17
2777,472,415,57
2778,121,102,19
2779,161,142,19
2780,205,176,29
2781,130,120,10
2782,419,360,59
2783,260,232,28
2784,386,334,52
2785,205,184,21
2786,104,89,15
2787,129,118,11
2788,409,339,70
2789,58,50,8
2790,601,535,66
2791,232,209,23
2792,77,68,9
2793,119,105,14
2794,139,131,8
2795,176,155,21
2796,142,123,19
2797,160,147,13
2798,112,97,15
2799,372,334,38
2800,109,100,9
2801,137,112,25
2802,136,120,16
2803,314,282,32
2804,91,82,9
2805,70,60,10
2806,132,112,20
2807,760,666,94
2808,403,361,42
2809,300,262,38
2810,138,120,18
2811,398,356,42
2812,308,277,31
2813,387,348,39
2814,730,635,95
2815,498,442,56
2816,109,98,11
2817,269,238,31
2818,124,110,14
2819,161,142,19
2820,182,155,27
2821,149,132,17
2822,291,258,33
2823,146,125,21
2824,178,152,26
2825,201,178,23
2826,63,57,6
2827,108,97,11
2828,276,241,35
2829,185,151,34
2830,150,139,11
2831,450,404,46
2832,159,138,21
2833,227,190,37
2834,143,129,14
2835,338,298,40
2836,106,95,11
2837,619,542,77
2838,400,348,52
2839,237,196,41
2840,160,144,16
2841,126,112,14
2842,292,256,36
2843,187,157,30
2844,118,96,22
2845,251,213,38
2846,100,89,11
2847,153,132,21
2848,191,156,35
2849,349,284,65
2850,127,109,18
2851,167,146,21
2852,223,189,34
2853,441,371,70
2854,488,427,61
2855,135,120,15
2856,94,76,18
2857,335,283,52
2858,142,128,14
2859,138,116,22
2860,196,166,30
2861,178,152,26
2862,151,136,15
2863,152,143,9
2864,247,226,21
2865,471,417,54
2866,91,80,11
2867,116,103,13
2868,177,156,21
2869,166,150,16
2870,136,127,9
2871,148,131,17
2872,122,101,21
2873,157,143,14
2874,139,119,20
2875,428,377,51
2876,544,471,73
2877,316,283,33
2878,216,187,29
2879,184,160,24
2880,170,154,16
2881,209,185,24
2882,131,116,15
2883,147,129,18
2884,126,111,15
2885,171,147,24
2886,142,121,21
2887,158,142,16
2888,946,831,115
2889,231,209,22
2890,65,53,12
2891,267,238,29
2892,278,231,47
2893,132,104,28
2894,171,146,25
2895,135,119,16
2896,178,168,10
2897,124,115,9
2898,115,105,10
2899,447,392,55
2900,120,106,14
2901,138,129,9
2902,671,593,78
2903,137,126,11
2904,243,214,29
2905,71,67,4
2906,48,42,6
2907,95,88,7
2908,240,208,32
2909,414,367,47
2910,208,182,26
2911,139,130,9
2912,204,174,30
2913,249,214,35
2914,145,129,16
2915,242,220,22
2916,138,121,17
2917,742,661,81
2918,123,110,13
2919,681,608,73
2920,187,172,15
2921,210,178,32
2922,315,280,35
2923,220,198,22
2924,394,339,55
2925,235,218,17
2926,588,499,89
2927,316,263,53
2928,136,118,18
2929,164,145,19
2930,969,811,158
2931,33,29,4
2932,137,127,10
2933,359,306,53
2934,422,369,53
2935,173,144,29
2936,163,143,20
2937,137,123,14
2938,85,74,11
2939,136,112,24
2940,244,207,37
2941,321,270,51
2942,115,100,15
2943,117,101,16
2944,153,131,22
2945,416,361,55
2946,353,305,48
2947,256,215,41
2948,127,118,9
2949,56,53,3
2950,327,276,51
2951,153,135,18
2952,331,302,29
2953,173,145,28
2954,85,74,11
2955,420,373,47
2956,279,245,34
2957,125,113,12
2958,145,131,14
2959,20,15,5
2960,114,95,19
2961,450,393,57
2962,122,108,14
2963,165,147,18
2964,161,138,23
2965,341,302,39
2966,300,266,34
2967,141,117,24
2968,327,294,33
2969,107,89,18
2970,107,89,18
2971,107,89,18
2972,192,166,26
2973,102,95,7
2974,155,135,20
2975,80,72,8
2976,135,119,16
2977,324,295,29
2978,456,414,42
2979,226,192,34
2980,962,811,151
2981,108,89,19
2982,520,451,69
2983,146,134,12
2984,430,368,62
2985,596,507,89
2986,71,63,8
2987,218,192,26
2988,664,580,84
2989,113,97,16
2990,108,89,19
2991,134,119,15
2992,563,502,61
2993,149,127,22
2994,686,593,93
2995,423,369,54
2996,189,170,19
2997,182,159,23
2998,118,107,11
2999,131,115,16
3000,739,639,100
3001,348,290,58
3002,223,183,40
3003,113,96,17
3004,421,375,46
3005,127,111,16
3006,395,342,53
3007,478,424,54
3008,291,250,41
3009,57,43,14
3010,446,386,60
3011,434,383,51
3012,143,133,10
3013,180,154,26
3014,159,133,26
3015,159,133,26
3016,215,193,22
3017,313,279,34
3018,149,138,11
3019,214,192,22
3020,125,112,13
3021,346,304,42
3022,261,238,23
3023,120,110,10
3024,102,94,8
3025,181,165,16
3026,731,610,121
3027,319,281,38
3028,90,77,13
3029,238,201,37
3030,157,137,20
3031,63,52,11
3032,200,182,18
3033,382,339,43
3034,136,118,18
3035,223,186,37
3036,194,182,12
3037,271,233,38
3038,833,741,92
3039,142,132,10
3040,135,122,13
3041,189,164,25
3042,196,182,14
3043,219,193,26
3044,157,140,17
3045,197,179,18
3046,139,125,14
3047,155,133,22
3048,328,292,36
3049,357,323,34
3050,101,92,9
3051,384,340,44
3052,978,855,123
3053,226,203,23
3054,472,396,76
3055,216,187,29
3056,205,188,17
3057,814,727,87
3058,124,112,12
3059,354,294,60
3060,374,328,46
3061,253,216,37
3062,394,345,49
3063,244,211,33
3064,145,126,19
3065,415,351,64
3066,762,645,117
3067,656,577,79
3068,527,463,64
3069,219,188,31
3070,194,155,39
3071,607,529,78
3072,523,447,76
3073,177,162,15
3074,89,77,12
3075,74,61,13
3076,135,117,18
3077,219,185,34
3078,273,232,41
3079,490,425,65
3080,75,68,7
3081,57,49,8
3082,238,212,26
3083,63,57,6
3084,242,210,32
3085,86,77,9
3086,69,62,7
3087,113,96,17
3088,153,130,23
3089,75,66,9
3090,125,110,15
3091,162,147,15
3092,147,132,15
3093,132,114,18
3094,68,63,5
3095,148,130,18
3096,108,91,17
3097,128,116,12
3098,129,113,16
3099,457,397,60
3100,277,236,41
3101,194,167,27
3102,228,201,27
3103,206,184,22
3104,106,90,16
3105,41,35,6
3106,150,137,13
3107,209,176,33
3108,178,158,20
3109,169,147,22
3110,147,129,18
3111,448,397,51
3112,155,139,16
3113,164,144,20
3114,147,130,17
3115,155,136,19
3116,349,311,38
3117,237,211,26
3118,136,123,13
3119,239,218,21
3120,157,137,20
3121,820,720,100
3122,134,119,15
3123,265,233,32
3124,131,112,19
3125,123,111,12
3126,115,100,15
3127,159,137,22
3128,177,155,22
3129,733,650,83
3130,297,265,32
3131,211,185,26
3132,270,240,30
3133,157,142,15
3134,113,103,10
3135,196,168,28
3136,275,241,34
3137,305,269,36
3138,468,411,57
3139,448,393,55
3140,459,383,76
3141,216,181,35
3142,411,360,51
3143,191,177,14
3144,220,189,31
3145,253,218,35
3146,92,74,18
3147,129,117,12
3148,256,224,32
3149,259,224,35
3150,192,176,16
3151,497,412,85
3152,970,839,131
3153,106,89,17
3154,191,176,15
3155,85,71,14
3156,74,60,14
3157,36,29,7
3158,138,121,17
3159,262,206,56
3160,281,238,43
3161,195,168,27
3162,201,168,33
3163,312,267,45
3164,403,346,57
3165,201,178,23
3166,269,245,24
3167,119,97,22
3168,141,129,12
3169,258,225,33
3170,439,393,46
3171,290,242,48
3172,318,278,40
3173,92,73,19
3174,662,584,78
3175,951,814,137
3176,201,156,45
3177,276,241,35
3178,332,281,51
3179,268,225,43
3180,267,229,38
3181,675,582,93
3182,540,457,83
3183,125,113,12
3184,217,200,17
3185,291,256,35
3186,183,167,16
3187,117,100,17
3188,345,308,37
3189,230,202,28
3190,156,133,23
3191,209,189,20
3192,324,275,49
3193,432,383,49
3194,296,260,36
3195,185,169,16
3196,144,127,17
3197,179,166,13
3198,494,412,82
3199,120,110,10
3200,314,277,37
3201,172,158,14
3202,166,149,17
3203,526,446,80
3204,526,454,72
3205,642,557,85
3206,152,138,14
3207,258,231,27
3208,105,94,11
3209,112,107,5
3210,63,55,8
3211,298,249,49
3212,103,91,12
3213,785,675,110
3214,140,121,19
3215,120,97,23
3216,194,165,29
3217,440,382,58
3218,566,474,92
3219,277,252,25
3220,117,95,22
3221,163,141,22
3222,128,112,16
3223,400,349,51
3224,66,53,13
3225,48,44,4
3226,72,64,8
3227,150,128,22
3228,149,127,22
3229,247,214,33
3230,197,168,29
3231,258,225,33
3232,333,287,46
3233,327,278,49
3234,316,283,33
3235,119,102,17
3236,292,251,41
3237,432,374,58
3238,136,120,16
3239,185,156,29
3240,102,87,15
3241,431,378,53
3242,637,545,92
3243,235,208,27
3244,185,155,30
3245,302,269,33
3246,538,451,87
3247,179,153,26
3248,159,133,26
3249,718,631,87
3250,251,205,46
3251,162,140,22
3252,158,130,28
3253,120,105,15
3254,137,121,16
3255,883,723,160
3256,126,105,21
3257,177,158,19
3258,248,213,35
3259,260,235,25
3260,115,102,13
3261,218,196,22
3262,115,102,13
3263,182,161,21
3264,142,131,11
3265,452,390,62
3266,41,33,8
3267,99,90,9
3268,227,186,41
3269,112,98,14
3270,78,66,12
3271,614,517,97
3272,215,188,27
3273,172,148,24
3274,244,228,16
3275,233,220,13
3276,130,121,9
3277,209,176,33
3278,124,116,8
3279,250,221,29
3280,283,251,32
3281,304,269,35
3282,146,123,23
3283,327,295,32
3284,382,334,48
3285,454,399,55
3286,476,434,42
3287,566,516,50
3288,752,679,73
3289,638,551,87
3290,733,645,88
3291,598,526,72
3292,183,167,16
3293,158,142,16
3294,234,212,22
3295,207,186,21
3296,214,195,19
3297,339,300,39
3298,342,299,43
3299,187,164,23
3300,177,161,16
3301,156,133,23
3302,155,136,19
3303,141,123,18
3304,137,124,13
3305,512,459,53
3306,161,139,22
3307,204,184,20
3308,177,159,18
3309,424,381,43
3310,89,77,12
3311,368,325,43
3312,144,129,15
3313,142,124,18
3314,492,439,53
3315,317,293,24
3316,167,151,16
3317,143,128,15
3318,939,834,105
3319,293,255,38
3320,177,164,13
3321,210,193,17
3322,438,387,51
3323,129,117,12
3324,132,123,9
3325,93,85,8
3326,140,121,19
3327,492,426,66
3328,244,214,30
3329,359,315,44
3330,279,236,43
3331,547,497,50
3332,382,338,44
3333,397,351,46
3334,171,152,19
3335,313,261,52
3336,174,153,21
3337,320,286,34
3338,132,120,12
3339,102,93,9
3340,199,165,34
3341,416,366,50
3342,437,387,50
3343,123,114,9
3344,247,221,26
3345,192,164,28
3346,86,80,6
3347,133,117,16
3348,170,151,19
3349,226,202,24
3350,120,109,11
3351,174,150,24
3352,420,357,63
3353,55,48,7
3354,139,125,14
3355,103,75,28
3356,171,148,23
3357,212,185,27
3358,290,246,44
3359,155,131,24
3360,388,339,49
3361,267,230,37
3362,319,280,39
3363,74,61,13
3364,569,511,58
3365,730,625,105
3366,581,488,93
3367,194,165,29
3368,311,272,39
3369,327,276,51
3370,507,442,65
3371,474,419,55
3372,312,267,45
3373,158,135,23
3374,731,604,127
3375,191,182,9
3376,64,59,5
3377,56,50,6
3378,476,407,69
3379,607,515,92
3380,325,267,58
3381,189,159,30
3382,638,553,85
3383,531,465,66
3384,212,195,17
3385,115,98,17
3386,84,72,12
3387,97,87,10
3388,10,7,3
3389,274,234,40
3390,137,125,12
3391,63,55,8
3392,70,57,13
3393,73,67,6
3394,78,70,8
3395,126,111,15
3396,132,110,22
3397,73,65,8
3398,64,60,4
3399,101,86,15
3400,96,87,9
3401,46,38,8
3402,63,58,5
3403,57,47,10
3404,77,71,6
3405,54,49,5
3406,100,88,12
3407,152,138,14
3408,103,90,13
3409,127,110,17
3410,291,251,40
3411,96,84,12
3412,74,68,6
3413,197,174,23
3414,35,31,4
3415,328,303,25
3416,320,284,36
3417,55,48,7
3418,95,81,14
3419,106,92,14
3420,45,42,3
3421,125,109,16
3422,82,75,7
3423,57,53,4
3424,125,107,18
3425,46,42,4
3426,135,120,15
3427,215,199,16
3428,46,38,8
3429,387,355,32
3430,74,64,10
3431,118,109,9
3432,206,174,32
3433,219,193,26
3434,132,110,22
3435,146,125,21
3436,188,165,23
3437,50,43,7
3438,306,266,40
3439,256,219,37
3440,184,165,19
3441,125,113,12
3442,123,108,15
3443,221,195,26
3444,149,135,14
3445,90,81,9
3446,109,95,14
3447,751,643,108
3448,151,133,18
3449,179,153,26
3450,443,392,51
3451,198,176,22
3452,127,115,12
3453,356,309,47
3454,204,175,29
3455,143,126,17
3456,524,461,63
3457,173,151,22
3458,347,306,41
3459,424,364,60
3460,271,239,32
3461,197,160,37
3462,191,160,31
3463,173,153,20
3464,126,112,14
3465,245,211,34
3466,181,162,19
3467,146,125,21
3468,247,211,36
3469,439,389,50
3470,151,123,28
3471,180,164,16
3472,115,100,15
3473,167,145,22
3474,123,105,18
3475,282,245,37
3476,265,233,32
3477,543,454,89
3478,312,285,27
3479,154,140,14
3480,237,210,27
3481,189,170,19
3482,220,190,30
3483,104,93,11
3484,197,178,19
3485,152,132,20
3486,117,105,12
3487,184,164,20
3488,221,183,38
3489,197,167,30
3490,129,124,5
3491,232,214,18
3492,135,117,18
3493,133,116,17
3494,108,97,11
3495,148,132,16
3496,78,68,10
3497,126,118,8
3498,140,123,17
3499,129,113,16
3500,243,204,39
3501,41,36,5
3502,118,103,15
3503,146,125,21
3504,148,128,20
3505,109,91,18
3506,146,134,12
3507,74,65,9
3508,411,355,56
3509,183,164,19
3510,129,108,21
3511,70,57,13
3512,955,850,105
3513,139,121,18
3514,340,295,45
3515,161,137,24
3516,96,89,7
3517,559,497,62
3518,110,90,20
3519,96,82,14
3520,130,117,13
3521,971,836,135
3522,100,92,8
3523,478,412,66
3524,424,373,51
3525,178,151,27
3526,708,610,98
3527,388,336,52
3528,557,504,53
3529,289,249,40
3530,336,304,32
3531,962,849,113
3532,214,176,38
3533,144,126,18
3534,134,109,25
3535,273,238,35
3536,148,120,28
3537,163,142,21
3538,360,313,47
3539,319,274,45
3540,154,133,21
3541,313,271,42
3542,417,371,46
3543,409,353,56
3544,120,108,12
3545,120,106,14
3546,142,126,16
3547,110,99,11
3548,302,271,31
3549,231,205,26
3550,134,120,14
3551,482,435,47
3552,165,148,17
3553,186,162,24
3554,939,812,127
3555,771,679,92
3556,180,146,34
3557,275,235,40
3558,269,253,16
3559,164,149,15
3560,236,206,30
3561,114,103,11
3562,141,134,7
3563,302,270,32
3564,160,144,16
3565,399,356,43
3566,194,167,27
3567,423,367,56
3568,302,272,30
3569,175,156,19
3570,120,105,15
3571,360,316,44
3572,109,96,13
3573,77,71,6
3574,214,171,43
3575,114,105,9
3576,576,483,93
3577,81,72,9
3578,193,176,17
3579,118,110,8
3580,231,197,34
3581,268,248,20
3582,198,177,21
3583,98,89,9
3584,67,59,8
3585,83,74,9
3586,37,32,5
3587,248,205,43
3588,71,63,8
3589,53,49,4
3590,94,80,14
3591,218,186,32
3592,367,319,48
3593,82,70,12
3594,542,466,76
3595,639,545,94
3596,493,439,54
3597,638,559,79
3598,330,285,45
3599,591,523,68
3600,299,269,30
3601,692,592,100
3602,218,198,20
3603,376,323,53
3604,367,333,34
3605,114,104,10
3606,144,126,18
3607,182,160,22
3608,76,70,6
3609,81,76,5
3610,109,95,14
3611,143,130,13
3612,178,159,19
3613,376,337,39
3614,93,84,9
3615,140,126,14
3616,204,181,23
3617,148,130,18
3618,145,126,19
3619,411,380,31
3620,92,83,9
3621,159,128,31
3622,540,475,65
3623,104,92,12
3624,220,195,25
3625,135,121,14
3626,138,121,17
3627,196,177,19
3628,171,149,22
3629,80,69,11
3630,81,76,5
3631,81,76,5
3632,158,139,19
3633,150,126,24
3634,96,88,8
3635,132,117,15
3636,131,114,17
3637,162,144,18
3638,68,59,9
3639,231,210,21
3640,127,111,16
3641,169,149,20
3642,353,305,48
3643,909,805,104
3644,207,169,38
3645,180,156,24
3646,242,208,34
3647,89,79,10
3648,127,116,11
3649,406,361,45
3650,239,210,29
3651,772,679,93
3652,128,119,9
3653,185,163,22
3654,206,174,32
3655,405,340,65
3656,39,35,4
3657,347,312,35
3658,153,133,20
3659,229,203,26
3660,170,155,15
3661,65,56,9
3662,106,97,9
3663,209,189,20
3664,62,54,8
3665,41,36,5
3666,85,69,16
3667,307,273,34
3668,299,270,29
3669,134,120,14
3670,54,48,6
3671,229,200,29
3672,531,469,62
3673,277,248,29
3674,144,130,14
3675,226,200,26
3676,103,87,16
3677,233,210,23
3678,330,298,32
3679,150,128,22
3680,231,199,32
3681,250,225,25
3682,141,124,17
3683,217,192,25
3684,151,134,17
3685,473,408,65
3686,112,97,15
3687,205,187,18
3688,141,119,22
3689,126,106,20
3690,55,47,8
3691,223,185,38
3692,395,343,52
3693,313,266,47
3694,334,287,47
3695,98,83,15
3696,157,134,23
3697,43,38,5
3698,322,284,38
3699,111,94,17
3700,158,145,13
3701,128,110,18
3702,277,239,38
3703,308,268,40
3704,196,176,20
3705,284,247,37
3706,165,144,21
3707,189,166,23
3708,167,141,26
3709,247,216,31
3710,189,176,13
3711,144,130,14
3712,336,286,50
3713,166,144,22
3714,668,600,68
3715,300,268,32
3716,188,163,25
3717,399,310,89
3718,63,53,10
3719,320,277,43
3720,182,166,16
3721,613,525,88
3722,197,172,25
3723,151,128,23
3724,131,112,19
3725,251,196,55
3726,97,82,15
3727,124,112,12
3728,135,111,24
3729,269,228,41
3730,199,176,23
3731,261,223,38
3732,123,109,14
3733,291,256,35
3734,280,250,30
3735,141,120,21
3736,157,143,14
3737,131,122,9
3738,244,218,26
3739,154,138,16
3740,218,198,20
3741,142,122,20
3742,127,115,12
3743,136,119,17
3744,296,261,35
3745,113,106,7
3746,230,203,27
3747,117,106,11
3748,167,142,25
3749,167,142,25
3750,120,108,12
3751,137,123,14
3752,163,147,16
3753,167,148,19
3754,231,203,28
3755,334,294,40
3756,324,289,35
3757,129,110,19
3758,139,115,24
3759,128,108,20
3760,136,120,16
3761,684,606,78
3762,466,397,69
3763,71,60,11
3764,457,386,71
3765,131,118,13
3766,176,155,21
3767,143,125,18
3768,603,513,90
3769,109,95,14
3770,907,790,117
3771,187,162,25
3772,256,222,34
3773,1000,858,142
3774,788,683,105
3775,197,164,33
3776,158,137,21
3777,240,212,28
3778,164,145,19
3779,242,206,36
3780,437,362,75
3781,134,121,13
3782,155,133,22
3783,151,130,21
3784,46,38,8
3785,353,313,40
3786,321,294,27
3787,126,114,12
3788,264,235,29
3789,664,593,71
3790,407,367,40
3791,159,140,19
3792,82,71,11
3793,159,141,18
3794,86,76,10
3795,139,123,16
3796,165,143,22
3797,133,115,18
3798,104,92,12
3799,169,151,18
3800,68,64,4
3801,201,175,26
3802,270,231,39
3803,92,74,18
3804,198,178,20
3805,255,220,35
3806,507,457,50
3807,410,349,61
3808,159,140,19
3809,187,168,19
3810,141,125,16
3811,445,377,68
3812,217,186,31
3813,240,209,31
3814,435,367,68
3815,185,164,21
3816,141,124,17
3817,132,111,21
3818,620,528,92
3819,204,169,35
3820,516,443,73
3821,318,276,42
3822,91,79,12
3823,93,84,9
3824,147,126,21
3825,257,221,36
3826,279,242,37
3827,431,360,71
3828,154,135,19
3829,146,130,16
3830,281,233,48
3831,580,488,92
3832,535,466,69
3833,189,146,43
3834,145,126,19
3835,210,182,28
3836,51,42,9
3837,120,104,16
3838,171,139,32
3839,139,121,18
3840,252,228,24
3841,171,136,35
3842,584,520,64
3843,156,144,12
3844,201,175,26
3845,240,212,28
3846,314,271,43
3847,212,188,24
3848,165,148,17
3849,239,203,36
3850,118,111,7
3851,137,122,15
3852,201,179,22
3853,214,193,21
3854,131,119,12
3855,154,132,22
3856,225,206,19
3857,14,13,1
3858,65,59,6
3859,52,48,4
3860,69,63,6
3861,211,193,18
3862,116,104,12
3863,129,116,13
3864,178,162,16
3865,158,139,19
3866,681,605,76
3867,346,316,30
3868,203,181,22
3869,134,115,19
3870,199,172,27
3871,83,74,9
3872,127,110,17
3873,64,59,5
3874,142,127,15
3875,56,45,11
3876,285,245,40
3877,168,145,23
3878,100,89,11
3879,119,96,23
3880,137,125,12
3881,201,179,22
3882,575,517,58
3883,205,188,17
3884,185,162,23
3885,194,164,30
3886,138,127,11
3887,565,481,84
3888,155,144,11
3889,257,225,32
3890,521,452,69
3891,144,123,21
3892,150,128,22
3893,352,304,48
3894,148,133,15
3895,284,257,27
3896,133,122,11
3897,136,126,10
3898,371,320,51
3899,134,123,11
3900,118,104,14
3901,153,135,18
3902,543,467,76
3903,261,240,21
3904,212,176,36
3905,566,469,97
3906,489,420,69
3907,185,161,24
3908,129,112,17
3909,516,440,76
3910,488,434,54
3911,723,606,117
3912,755,657,98
3913,187,168,19
3914,205,181,24
3915,164,144,20
3916,187,157,30
3917,985,821,164
3918,131,115,16
3919,132,112,20
3920,193,178,15
3921,40,35,5
3922,204,171,33
3923,234,206,28
3924,169,150,19
3925,28,27,1
3926,104,90,14
3927,113,97,16
3928,170,154,16
3929,168,148,20
3930,419,365,54
3931,226,205,21
3932,125,113,12
3933,618,547,71
3934,133,112,21
3935,172,156,16
3936,74,61,13
3937,145,119,26
3938,314,270,44
3939,138,122,16
3940,87,83,4
3941,195,172,23
3942,137,123,14
3943,162,146,16
3944,412,346,66
3945,84,75,9
3946,60,52,8
3947,215,178,37
3948,665,573,92
3949,189,158,31
3950,211,157,54
3951,242,202,40
3952,50,43,7
3953,58,49,9
3954,86,78,8
3955,190,165,25
3956,41,35,6
3957,159,138,21
3958,88,80,8
3959,169,152,17
3960,97,89,8
3961,65,59,6
3962,125,114,11
3963,113,100,13
3964,151,138,13
3965,162,146,16
3966,101,88,13
3967,176,153,23
3968,119,105,14
3969,118,105,13
3970,220,200,20
3971,123,105,18
3972,247,223,24
3973,168,148,20
3974,82,77,5
3975,286,260,26
3976,251,215,36
3977,122,109,13
3978,205,175,30
3979,181,154,27
3980,502,425,77
3981,247,212,35
3982,98,89,9
3983,142,125,17
3984,421,365,56
3985,129,114,15
3986,418,352,66
3987,137,122,15
3988,204,178,26
3989,141,116,25
3990,99,88,11
3991,160,144,16
3992,124,111,13
3993,257,223,34
3994,119,105,14
3995,256,232,24
3996,244,213,31
3997,242,208,34
3998,565,503,62
3999,308,278,30
4000,793,691,102
4001,328,275,53
4002,339,304,35
4003,86,72,14
4004,215,197,18
4005,60,55,5
4006,166,147,19
4007,116,96,20
4008,164,139,25
4009,123,110,13
4010,132,119,13
4011,362,317,45
4012,35,30,5
4013,409,361,48
4014,112,102,10
4015,318,274,44
4016,151,129,22
4017,223,192,31
4018,197,172,25
4019,181,152,29
4020,124,103,21
4021,343,296,47
4022,389,330,59
4023,153,139,14
4024,731,616,115
4025,149,130,19
4026,143,120,23
4027,283,245,38
4028,319,273,46
4029,136,115,21
4030,267,234,33
4031,127,116,11
4032,176,152,24
4033,143,121,22
4034,147,128,19
4035,161,141,20
4036,358,309,49
4037,122,110,12
4038,158,141,17
4039,335,289,46
4040,136,125,11
4041,131,121,10
4042,147,129,18
4043,151,123,28
4044,125,110,15
4045,119,111,8
4046,129,113,16
4047,139,121,18
4048,135,117,18
4049,137,127,10
4050,143,124,19
4051,171,151,20
4052,173,153,20
4053,140,120,20
4054,97,84,13
4055,90,71,19
4056,134,119,15
4057,179,161,18
4058,512,461,51
4059,94,77,17
4060,125,105,20
4061,355,321,34
4062,140,130,10
4063,41,38,3
4064,75,60,15
4065,124,109,15
4066,286,243,43
4067,155,139,16
4068,319,276,43
4069,115,100,15
4070,230,205,25
4071,116,103,13
4072,74,68,6
4073,159,134,25
4074,221,190,31
4075,62,56,6
4076,124,109,15
4077,206,183,23
4078,240,210,30
4079,204,178,26
4080,169,155,14
4081,571,511,60
4082,90,80,10
4083,260,227,33
4084,190,172,18
4085,124,110,14
4086,160,137,23
4087,300,272,28
4088,170,148,22
4089,350,288,62
4090,215,194,21
4091,241,207,34
4092,180,149,31
4093,100,83,17
4094,386,314,72
4095,92,81,11
4096,128,104,24
4097,110,102,8
4098,94,82,12
4099,499,451,48
4100,129,115,14
4101,104,95,9
4102,139,126,13
4103,144,125,19
4104,184,157,27
4105,108,94,14
4106,106,98,8
4107,239,207,32
4108,177,154,23
4109,200,182,18
4110,441,376,65
4111,61,52,9
4112,85,74,11
4113,105,92,13
4114,218,186,32
4115,262,235,27
4116,146,123,23
4117,144,125,19
4118,185,161,24
4119,216,183,33
4120,157,136,21
4121,415,366,49
4122,200,176,24
4123,201,177,24
4124,260,234,26
4125,127,112,15
4126,271,248,23
4127,189,163,26
4128,191,164,27
4129,175,158,17
4130,141,130,11
4131,222,198,24
4132,560,482,78
4133,358,320,38
4134,349,311,38
4135,44,41,3
4136,148,134,14
4137,114,106,8
4138,408,356,52
4139,120,114,6
4140,165,150,15
4141,300,267,33
4142,117,107,10
4143,379,338,41
4144,192,175,17
4145,707,610,97
4146,179,158,21
4147,201,181,20
4148,234,202,32
4149,116,106,10
4150,273,246,27
4151,224,196,28
4152,470,428,42
4153,136,114,22
4154,214,184,30
4155,775,695,80
4156,201,185,16
4157,655,573,82
4158,401,350,51
4159,919,808,111
4160,285,232,53
4161,58,53,5
4162,199,175,24
4163,94,82,12
4164,55,53,2
4165,690,601,89
4166,612,538,74
4167,167,149,18
4168,55,46,9
4169,62,55,7
4170,130,111,19
4171,205,181,24
4172,122,103,19
4173,50,44,6
4174,161,140,21
4175,644,550,94
4176,273,236,37
4177,117,102,15
4178,263,234,29
4179,234,212,22
4180,202,179,23
4181,431,374,57
4182,373,308,65
4183,223,192,31
4184,113,102,11
4185,136,117,19
4186,118,102,16
4187,403,361,42
4188,136,121,15
4189,156,134,22
4190,94,84,10
4191,124,110,14
4192,99,89,10
4193,265,237,28
4194,886,765,121
4195,560,479,81
4196,183,159,24
4197,128,118,10
4198,195,163,32
4199,485,414,71
4200,302,255,47
4201,280,229,51
4202,107,95,12
4203,159,130,29
4204,136,116,20
4205,225,201,24
4206,190,165,25
4207,189,165,24
4208,108,87,21
4209,267,227,40
4210,64,52,12
4211,145,128,17
4212,201,174,27
4213,72,60,12
4214,162,143,19
4215,112,102,10
4216,194,151,43
4217,131,117,14
4218,272,248,24
4219,206,186,20
4220,167,144,23
4221,61,54,7
4222,201,177,24
4223,527,463,64
4224,866,759,107
4225,185,166,19
4226,317,269,48
4227,336,297,39
4228,115,104,11
4229,632,553,79
4230,160,142,18
4231,328,295,33
4232,80,68,12
4233,111,99,12
4234,194,170,24
4235,384,348,36
4236,307,278,29
4237,817,711,106
4238,177,155,22
4239,233,200,33
4240,227,194,33
4241,759,676,83
4242,138,118,20
4243,214,184,30
4244,165,137,28
4245,398,343,55
4246,197,172,25
4247,142,125,17
4248,142,122,20
4249,231,206,25
4250,228,199,29
4251,315,264,51
4252,213,180,33
4253,535,462,73
4254,102,88,14
4255,605,520,85
4256,837,763,74
4257,315,281,34
4258,789,718,71
4259,204,179,25
4260,162,147,15
4261,257,227,30
4262,184,158,26
4263,138,125,13
4264,175,156,19
4265,81,69,12
4266,221,205,16
4267,79,71,8
4268,47,44,3
4269,113,98,15
4270,126,109,17
4271,189,170,19
4272,244,216,28
4273,211,189,22
4274,141,124,17
4275,290,262,28
4276,110,93,17
4277,203,182,21
4278,93,84,9
4279,160,140,20
4280,59,53,6
4281,144,129,15
4282,412,358,54
4283,194,177,17
4284,274,250,24
4285,339,310,29
4286,71,65,6
4287,143,130,13
4288,49,41,8
4289,133,125,8
4290,340,303,37
4291,241,211,30
4292,225,201,24
4293,180,160,20
4294,98,82,16
4295,175,152,23
4296,301,238,63
4297,152,132,20
4298,312,280,32
4299,52,43,9
4300,349,281,68
4301,197,160,37
4302,571,484,87
4303,137,122,15
4304,127,116,11
4305,165,145,20
4306,146,130,16
4307,285,248,37
4308,150,131,19
4309,123,110,13
4310,148,130,18
4311,54,49,5
4312,49,42,7
4313,123,101,22
4314,113,102,11
4315,138,120,18
4316,89,80,9
4317,218,188,30
4318,126,112,14
4319,148,127,21
4320,73,63,10
4321,59,52,7
4322,178,157,21
4323,448,400,48
4324,185,166,19
4325,395,348,47
4326,62,59,3
4327,115,102,13
4328,527,466,61
4329,310,271,39
4330,134,112,22
4331,177,160,17
4332,119,109,10
4333,723,640,83
4334,178,153,25
4335,314,279,35
4336,647,568,79
4337,979,883,96
4338,599,505,94
4339,1002,858,144
4340,444,392,52
4341,389,320,69
4342,116,94,22
4343,104,90,14
4344,530,458,72
4345,246,214,32
4346,227,198,29
4347,306,265,41
4348,215,182,33
4349,523,454,69
4350,568,481,87
4351,238,207,31
4352,428,379,49
4353,188,163,25
4354,121,114,7
4355,238,204,34
4356,513,444,69
4357,195,171,24
4358,155,144,11
4359,131,115,16
4360,90,83,7
4361,142,122,20
4362,183,156,27
4363,135,122,13
4364,254,226,28
4365,162,138,24
4366,122,114,8
4367,352,300,52
4368,129,111,18
4369,256,222,34
4370,126,117,9
4371,174,155,19
4372,129,117,12
4373,288,254,34
4374,163,135,28
4375,143,124,19
4376,359,323,36
4377,396,357,39
4378,296,257,39
4379,144,125,19
4380,131,118,13
4381,168,155,13
4382,193,160,33
4383,152,128,24
4384,254,223,31
4385,126,113,13
4386,460,402,58
4387,179,147,32
4388,97,88,9
4389,144,131,13
4390,52,41,11
4391,145,124,21
4392,347,304,43
4393,179,159,20
4394,141,124,17
4395,173,156,17
4396,113,98,15
4397,162,144,18
4398,401,371,30
4399,168,151,17
4400,205,185,20
4401,268,236,32
4402,377,332,45
4403,137,118,19
4404,359,319,40
4405,152,137,15
4406,241,204,37
4407,120,102,18
4408,304,277,27
4409,501,427,74
4410,487,422,65
4411,222,177,45
4412,384,334,50
4413,364,309,55
4414,164,143,21
4415,371,301,70
4416,114,106,8
4417,165,141,24
4418,397,348,49
4419,769,668,101
4420,245,201,44
4421,169,145,24
4422,244,218,26
4423,133,112,21
4424,934,785,149
4425,322,281,41
4426,587,495,92
4427,493,426,67
4428,219,187,32
4429,128,114,14
4430,796,685,111
4431,138,118,20
4432,49,44,5
4433,145,127,18
4434,130,116,14
4435,78,62,16
4436,117,98,19
4437,250,213,37
4438,152,143,9
4439,246,214,32
4440,164,144,20
4441,251,210,41
4442,147,125,22
4443,177,153,24
4444,168,143,25
4445,48,44,4
4446,91,79,12
4447,139,126,13
4448,132,122,10
4449,136,115,21
4450,326,283,43
4451,56,51,5
4452,1079,972,107
4453,238,209,29
4454,199,168,31
4455,160,151,9
4456,149,139,10
4457,328,287,41
4458,359,311,48
4459,116,104,12
4460,227,206,21
4461,141,126,15
4462,157,144,13
4463,149,134,15
4464,161,149,12
4465,208,176,32
4466,142,132,10
4467,137,119,18
4468,180,163,17
4469,140,123,17
4470,152,141,11
4471,160,137,23
4472,146,135,11
4473,65,53,12
4474,140,127,13
4475,55,49,6
4476,65,56,9
4477,254,228,26
4478,144,134,10
4479,144,122,22
4480,44,38,6
4481,101,90,11
4482,47,42,5
4483,112,99,13
4484,54,48,6
4485,79,71,8
4486,75,65,10
4487,127,113,14
4488,168,149,19
4489,102,96,6
4490,234,210,24
4491,130,116,14
4492,186,160,26
4493,337,277,60
4494,281,247,34
4495,442,394,48
4496,165,142,23
4497,186,174,12
4498,154,138,16
4499,136,111,25
4500,361,307,54
4501,357,323,34
4502,623,551,72
4503,299,235,64
4504,238,205,33
4505,153,142,11
4506,132,121,11
4507,424,372,52
4508,165,144,21
4509,140,130,10
4510,174,152,22
4511,260,236,24
4512,174,156,18
4513,154,131,23
4514,301,262,39
4515,163,144,19
4516,281,240,41
4517,1002,867,135
4518,134,120,14
4519,146,127,19
4520,461,419,42
4521,114,93,21
4522,158,142,16
4523,135,119,16
4524,136,127,9
4525,123,114,9
4526,196,167,29
4527,39,33,6
4528,131,117,14
4529,54,49,5
4530,1045,922,123
4531,84,76,8
4532,766,661,105
4533,314,265,49
4534,1006,862,144
4535,195,170,25
4536,131,121,10
4537,127,112,15
4538,427,375,52
4539,267,232,35
4540,112,97,15
4541,173,140,33
4542,86,80,6
4543,423,374,49
4544,170,146,24
4545,100,82,18
4546,261,237,24
4547,34,28,6
4548,202,184,18
4549,176,160,16
4550,256,228,28
4551,355,322,33
4552,411,360,51
4553,192,159,33
4554,150,142,8
4555,152,134,18
4556,292,261,31
4557,100,87,13
4558,959,829,130
4559,293,261,32
4560,174,154,20
4561,694,599,95
4562,426,368,58
4563,553,488,65
4564,333,281,52
4565,278,248,30
4566,213,186,27
4567,604,527,77
4568,177,156,21
4569,700,612,88
4570,271,237,34
4571,350,301,49
4572,198,176,22
4573,121,107,14
4574,151,135,16
4575,108,99,9
4576,226,206,20
4577,133,123,10
4578,224,193,31
4579,137,122,15
4580,178,166,12
4581,353,320,33
4582,229,202,27
4583,135,123,12
4584,243,218,25
4585,194,179,15
4586,198,175,23
4587,161,140,21
4588,400,361,39
4589,71,60,11
4590,128,114,14
4591,116,99,17
4592,228,198,30
4593,239,194,45
4594,143,126,17
4595,90,81,9
4596,179,169,10
4597,137,120,17
4598,335,288,47
4599,388,345,43
4600,173,148,25
4601,43,36,7
4602,193,172,21
4603,207,172,35
4604,539,478,61
4605,140,120,20
4606,231,200,31
4607,187,164,23
4608,519,460,59
4609,165,150,15
4610,222,202,20
4611,166,146,20
4612,143,123,20
4613,97,84,13
4614,129,112,17
4615,241,202,39
4616,1006,818,188
4617,265,239,26
4618,413,362,51
4619,125,107,18
4620,115,100,15
4621,287,252,35
4622,530,447,83
4623,113,100,13
4624,537,476,61
4625,335,303,32
4626,97,83,14
4627,628,546,82
4628,316,277,39
4629,308,274,34
4630,378,315,63
4631,102,89,13
4632,386,340,46
4633,44,40,4
4634,298,248,50
4635,266,218,48
4636,887,760,127
4637,558,464,94
4638,761,659,102
4639,149,136,13
4640,137,113,24
4641,136,120,16
4642,119,101,18
4643,260,225,35
4644,1006,885,121
4645,177,160,17
4646,126,111,15
4647,126,115,11
4648,139,130,9
4649,328,276,52
4650,136,116,20
4651,290,263,27
4652,803,712,91
4653,598,529,69
4654,117,101,16
4655,151,132,19
4656,179,160,19
4657,121,110,11
4658,289,259,30
4659,132,112,20
4660,189,170,19
4661,328,282,46
4662,191,168,23
4663,142,124,18
4664,130,117,13
4665,230,195,35
4666,289,249,40
4667,215,191,24
4668,105,96,9
4669,357,321,36
4670,123,108,15
4671,106,88,18
4672,834,726,108
4673,1010,863,147
4674,167,139,28
4675,275,239,36
4676,325,283,42
4677,76,70,6
4678,157,139,18
4679,137,120,17
4680,326,279,47
4681,256,235,21
4682,139,119,20
4683,78,72,6
4684,52,48,4
4685,137,120,17
4686,326,279,47
4687,131,112,19
4688,37,31,6
4689,125,114,11
4690,48,42,6
4691,130,120,10
4692,123,114,9
4693,125,114,11
4694,126,112,14
4695,340,297,43
4696,1029,921,108
4697,115,99,16
4698,138,122,16
4699,154,138,16
4700,120,107,13
4701,364,326,38
4702,233,213,20
4703,616,526,90
4704,120,109,11
4705,108,99,9
4706,195,171,24
4707,134,122,12
4708,312,276,36
4709,122,109,13
4710,119,108,11
4711,170,155,15
4712,279,255,24
4713,163,146,17
4714,462,405,57
4715,141,124,17
4716,183,164,19
4717,142,128,14
4718,193,169,24
4719,226,197,29
4720,516,452,64
4721,76,63,13
4722,311,284,27
4723,264,231,33
4724,164,139,25
4725,242,207,35
4726,46,43,3
4727,174,154,20
4728,118,109,9
4729,131,117,14
4730,152,140,12
4731,301,251,50
4732,156,144,12
4733,215,188,27
4734,148,131,17
4735,109,97,12
4736,274,235,39
4737,409,342,67
4738,121,107,14
4739,174,150,24
4740,205,177,28
4741,194,171,23
4742,153,129,24
4743,722,620,102
4744,317,264,53
4745,191,161,30
4746,179,146,33
4747,199,174,25
4748,356,298,58
4749,127,113,14
4750,493,437,56
4751,576,509,67
4752,170,148,22
4753,277,242,35
4754,375,319,56
4755,616,545,71
4756,354,303,51
4757,503,448,55
4758,140,116,24
4759,198,175,23
4760,750,638,112
4761,161,138,23
4762,143,132,11
4763,140,126,14
4764,128,117,11
4765,143,116,27
4766,137,115,22
4767,112,90,22
4768,89,76,13
4769,142,119,23
4770,589,507,82
4771,195,173,22
4772,191,164,27
4773,168,145,23
4774,164,140,24
4775,103,86,17
4776,128,112,16
4777,750,622,128
4778,176,152,24
4779,130,114,16
4780,267,231,36
4781,122,109,13
4782,313,277,36
4783,352,321,31
4784,292,260,32
4785,143,122,21
4786,235,207,28
4787,40,36,4
4788,969,835,134
4789,99,95,4
4790,75,68,7
4791,77,73,4
4792,47,43,4
4793,64,57,7
4794,124,111,13
4795,86,77,9
4796,202,172,30
4797,55,52,3
4798,102,90,12
4799,788,673,115
4800,158,138,20
4801,233,202,31
4802,61,55,6
4803,257,222,35
4804,102,89,13
4805,135,124,11
4806,71,62,9
4807,110,98,12
4808,142,123,19
4809,136,122,14
4810,990,835,155
4811,236,213,23
4812,167,146,21
4813,451,389,62
4814,166,147,19
4815,107,94,13
4816,251,218,33
4817,74,60,14
4818,890,763,127
4819,189,172,17
4820,647,532,115
4821,355,322,33
4822,508,443,65
4823,607,527,80
4824,426,366,60
4825,986,844,142
4826,176,147,29
4827,198,174,24
4828,322,276,46
4829,323,284,39
4830,315,282,33
4831,189,172,17
4832,501,430,71
4833,202,170,32
4834,263,238,25
4835,497,429,68
4836,137,120,17
4837,355,306,49
4838,124,106,18
4839,1003,859,144
4840,253,227,26
4841,321,274,47
4842,144,126,18
4843,338,293,45
4844,238,202,36
4845,108,97,11
4846,123,104,19
4847,167,146,21
4848,286,243,43
4849,196,162,34
4850,122,111,11
4851,53,48,5
4852,398,329,69
4853,170,148,22
4854,161,150,11
4855,130,107,23
4856,208,174,34
4857,230,196,34
4858,523,460,63
4859,743,654,89
4860,380,328,52
4861,459,406,53
4862,480,417,63
4863,116,104,12
4864,561,495,66
4865,133,113,20
4866,333,284,49
4867,160,136,24
4868,191,172,19
4869,225,186,39
4870,254,211,43
4871,95,80,15
4872,217,193,24
4873,598,538,60
4874,187,153,34
4875,113,96,17
4876,373,321,52
4877,841,708,133
4878,567,485,82
4879,353,308,45
4880,704,606,98
4881,331,279,52
4882,206,184,22
4883,91,83,8
4884,106,86,20
4885,127,116,11
4886,152,139,13
4887,112,99,13
4888,250,223,27
4889,168,145,23
4890,131,113,18
4891,170,149,21
4892,174,159,15
4893,179,154,25
4894,134,113,21
4895,280,247,33
4896,205,190,15
4897,160,147,13
4898,234,211,23
4899,570,481,89
4900,296,274,22
4901,297,260,37
4902,297,260,37
4903,296,274,22
4904,214,188,26
4905,184,162,22
4906,184,165,19
4907,170,144,26
4908,144,124,20
4909,659,575,84
4910,294,249,45
4911,188,163,25
4912,207,186,21
4913,35,28,7
4914,158,130,28
4915,197,175,22
4916,172,158,14
4917,117,102,15
4918,191,169,22
4919,117,100,17
4920,125,113,12
4921,426,379,47
4922,131,107,24
4923,137,124,13
4924,131,124,7
4925,184,161,23
4926,124,114,10
4927,135,115,20
4928,59,53,6
4929,133,113,20
4930,63,55,8
4931,168,135,33
4932,540,474,66
4933,119,99,20
4934,140,127,13
4935,250,217,33
4936,194,171,23
4937,201,182,19
4938,287,257,30
4939,348,310,38
4940,122,109,13
4941,105,89,16
4942,134,119,15
4943,381,314,67
4944,446,379,67
4945,135,111,24
4946,182,158,24
4947,108,97,11
4948,119,106,13
4949,203,173,30
4950,164,150,14
4951,121,96,25
4952,212,186,26
4953,177,153,24
4954,154,128,26
4955,205,185,20
4956,132,120,12
4957,168,148,20
4958,165,134,31
4959,172,145,27
4960,137,118,19
4961,126,108,18
4962,203,181,22
4963,230,202,28
4964,136,121,15
4965,153,130,23
4966,72,63,9
4967,155,149,6
4968,123,111,12
4969,201,177,24
4970,165,152,13
4971,224,201,23
4972,166,152,14
4973,177,148,29
4974,233,206,27
4975,182,163,19
4976,329,285,44
4977,576,506,70
4978,125,99,26
4979,41,39,2
4980,77,69,8
4981,175,155,20
4982,161,144,17
4983,554,490,64
4984,126,112,14
4985,172,162,10
4986,221,189,32
4987,220,187,33
4988,648,555,93
4989,633,565,68
4990,367,330,37
4991,151,125,26
4992,98,85,13
4993,52,45,7
4994,183,153,30
4995,71,64,7
4996,326,272,54
4997,65,60,5
4998,64,56,8
4999,171,145,26
5000,110,96,14
5001,126,113,13
5002,194,167,27
5003,287,251,36
5004,123,109,14
5005,188,177,11
5006,171,159,12
5007,266,227,39
5008,146,126,20
5009,132,115,17
5010,134,117,17
5011,625,555,70
5012,160,137,23
5013,234,208,26
5014,122,107,15
5015,144,129,15
5016,444,392,52
5017,75,69,6
5018,103,90,13
5019,347,297,50
5020,261,223,38
5021,144,119,25
5022,693,592,101
5023,250,215,35
5024,190,167,23
5025,607,528,79
5026,50,45,5
5027,135,117,18
5028,203,192,11
5029,103,88,15
5030,203,192,11
5031,108,92,16
5032,39,34,5
5033,352,296,56
5034,329,284,45
5035,114,88,26
5036,138,121,17
5037,151,133,18
5038,126,110,16
5039,314,277,37
5040,48,44,4
5041,280,242,38
5042,151,128,23
5043,66,54,12
5044,292,254,38
5045,130,115,15
5046,140,126,14
5047,240,210,30
5048,249,219,30
5049,119,107,12
5050,108,96,12
5051,161,142,19
5052,200,178,22
5053,124,108,16
5054,188,161,27
5055,448,377,71
5056,164,139,25
5057,217,188,29
5058,51,45,6
5059,141,131,10
5060,61,56,5
5061,85,75,10
5062,175,154,21
5063,111,105,6
5064,202,168,34
5065,138,129,9
5066,114,98,16
5067,300,274,26
5068,273,240,33
5069,146,129,17
5070,335,293,42
5071,145,125,20
5072,310,283,27
5073,327,285,42
5074,562,500,62
5075,319,284,35
5076,319,299,20
5077,165,139,26
5078,604,534,70
5079,106,88,18
5080,484,418,66
5081,199,181,18
5082,157,141,16
5083,45,36,9
5084,105,96,9
5085,108,101,7
5086,41,36,5
5087,146,129,17
5088,125,102,23
5089,169,149,20
5090,110,99,11
5091,315,285,30
5092,295,254,41
5093,133,113,20
5094,135,114,21
5095,109,97,12
5096,142,123,19
5097,281,242,39
5098,402,352,50
5099,189,162,27
5100,197,179,18
5101,127,116,11
5102,45,41,4
5103,142,122,20
5104,903,796,107
5105,30,26,4
5106,195,166,29
5107,545,488,57
5108,407,375,32
5109,57,50,7
5110,139,126,13
5111,123,108,15
5112,216,198,18
5113,276,245,31
5114,152,134,18
5115,691,626,65
5116,285,250,35
5117,571,520,51
5118,130,110,20
5119,176,151,25
5120,280,243,37
5121,162,143,19
5122,65,58,7
5123,47,43,4
5124,123,111,12
5125,171,150,21
5126,958,825,133
5127,188,159,29
5128,202,179,23
5129,227,201,26
5130,364,324,40
5131,321,284,37
5132,119,101,18
5133,710,623,87
5134,468,425,43
5135,250,212,38
5136,666,603,63
5137,376,334,42
5138,424,379,45
5139,62,57,5
5140,323,281,42
5141,149,131,18
5142,126,111,15
5143,574,481,93
5144,291,249,42
5145,127,115,12
5146,126,112,14
5147,200,173,27
5148,426,376,50
5149,68,58,10
5150,69,57,12
5151,191,169,22
5152,133,122,11
5153,242,213,29
5154,306,263,43
5155,592,485,107
5156,50,46,4
5157,196,172,24
5158,130,118,12
5159,136,123,13
5160,103,89,14
5161,212,183,29
5162,158,143,15
5163,992,864,128
5164,124,99,25
5165,147,133,14
5166,197,165,32
5167,119,107,12
5168,194,174,20
5169,132,114,18
5170,187,171,16
5171,148,134,14
5172,197,175,22
5173,133,116,17
5174,100,82,18
5175,107,93,14
5176,404,340,64
5177,276,236,40
5178,167,141,26
5179,306,262,44
5180,128,108,20
5181,535,472,63
5182,136,120,16
5183,124,114,10
5184,241,213,28
5185,94,76,18
5186,162,145,17
5187,140,124,16
5188,570,481,89
5189,115,101,14
5190,244,211,33
5191,139,125,14
5192,222,186,36
5193,169,143,26
5194,309,266,43
5195,151,130,21
5196,198,170,28
5197,125,105,20
5198,64,54,10
5199,191,160,31
5200,183,157,26
5201,258,237,21
5202,58,49,9
5203,179,154,25
5204,184,152,32
5205,203,171,32
5206,114,97,17
5207,260,234,26
5208,498,441,57
5209,171,147,24
5210,550,485,65
5211,303,254,49
5212,266,231,35
5213,489,424,65
5214,105,99,6
5215,197,163,34
5216,177,146,31
5217,44,34,10
5218,297,256,41
5219,61,56,5
5220,121,99,22
5221,138,120,18
5222,115,102,13
5223,49,46,3
5224,322,284,38
5225,300,257,43
5226,116,98,18
5227,182,160,22
5228,170,148,22
5229,137,124,13
5230,123,109,14
5231,147,133,14
5232,410,357,53
5233,120,104,16
5234,133,115,18
5235,400,353,47
5236,508,441,67
5237,182,162,20
5238,170,148,22
5239,503,452,51
5240,159,143,16
5241,189,164,25
5242,112,102,10
5243,152,133,19
5244,147,127,20
5245,180,159,21
5246,180,166,14
5247,198,178,20
5248,101,87,14
5249,519,458,61
5250,211,189,22
5251,220,173,47
5252,314,281,33
5253,144,124,20
5254,377,328,49
5255,307,275,32
5256,209,189,20
5257,140,125,15
5258,280,234,46
5259,335,299,36
5260,168,146,22
5261,332,285,47
5262,98,79,19
5263,457,395,62
5264,368,317,51
5265,316,274,42
5266,81,73,8
5267,144,127,17
5268,201,172,29
5269,190,178,12
5270,151,138,13
5271,105,94,11
5272,204,179,25
5273,25,22,3
5274,126,114,12
5275,108,95,13
5276,150,136,14
5277,210,184,26
5278,218,186,32
5279,125,106,19
5280,258,225,33
5281,141,127,14
5282,80,71,9
5283,73,61,12
5284,63,61,2
5285,74,66,8
5286,131,114,17
5287,138,119,19
5288,103,93,10
5289,142,124,18
5290,163,149,14
5291,362,322,40
5292,225,197,28
5293,161,141,20
5294,270,248,22
5295,131,113,18
5296,178,158,20
5297,114,102,12
5298,177,164,13
5299,84,70,14
5300,239,212,27
5301,130,111,19
5302,139,120,19
5303,312,274,38
5304,258,232,26
5305,235,197,38
5306,406,363,43
5307,77,69,8
5308,198,164,34
5309,219,197,22
5310,99,92,7
5311,541,472,69
5312,380,340,40
5313,418,374,44
5314,119,108,11
5315,240,212,28
5316,179,155,24
5317,65,50,15
5318,90,80,10
5319,224,193,31
5320,142,120,22
5321,115,104,11
5322,225,206,19
5323,39,33,6
5324,154,131,23
5325,141,117,24
5326,206,176,30
5327,173,153,20
5328,167,145,22
5329,130,116,14
5330,271,228,43
5331,208,179,29
5332,632,576,56
5333,607,526,81
5334,224,196,28
5335,178,163,15
5336,540,470,70
5337,189,163,26
5338,199,172,27
5339,778,667,111
5340,128,121,7
5341,879,749,130
5342,125,103,22
5343,522,476,46
5344,253,220,33
5345,445,366,79
5346,1005,861,144
5347,245,192,53
5348,474,422,52
5349,65,54,11
5350,203,177,26
5351,362,318,44
5352,465,416,49
5353,204,171,33
5354,434,378,56
5355,194,172,22
5356,287,239,48
5357,110,90,20
5358,197,169,28
5359,386,313,73
5360,79,67,12
5361,56,48,8
5362,702,592,110
5363,78,66,12
5364,136,121,15
5365,175,163,12
5366,93,87,6
5367,46,41,5
5368,129,116,13
5369,117,98,19
5370,56,51,5
5371,132,115,17
5372,126,110,16
5373,200,179,21
5374,141,123,18
5375,118,105,13
5376,633,539,94
5377,201,171,30
5378,84,76,8
5379,138,124,14
5380,150,135,15
5381,147,123,24
5382,185,168,17
5383,127,117,10
5384,44,38,6
5385,71,63,8
5386,105,95,10
5387,443,379,64
5388,202,180,22
5389,69,59,10
5390,151,128,23
5391,94,84,10
5392,285,254,31
5393,160,130,30
5394,98,89,9
5395,46,39,7
5396,105,91,14
5397,194,173,21
5398,317,286,31
5399,76,71,5
5400,37,34,3
5401,130,114,16
5402,311,251,60
5403,186,160,26
5404,66,57,9
5405,136,120,16
5406,429,367,62
5407,466,409,57
5408,138,118,20
5409,438,393,45
5410,66,60,6
5411,209,168,41
5412,117,109,8
5413,426,359,67
5414,96,81,15
5415,301,249,52
5416,223,188,35
5417,148,123,25
5418,482,413,69
5419,57,51,6
5420,151,136,15
5421,67,60,7
5422,182,158,24
5423,244,221,23
5424,170,153,17
5425,161,139,22
5426,187,161,26
5427,261,210,51
5428,60,52,8
5429,45,39,6
5430,128,110,18
5431,118,98,20
5432,110,99,11
5433,203,163,40
5434,97,88,9
5435,281,250,31
5436,122,107,15
5437,124,104,20
5438,128,111,17
5439,35,27,8
5440,124,105,19
5441,168,151,17
5442,134,110,24
5443,106,84,22
5444,292,258,34
5445,146,126,20
5446,137,116,21
5447,133,112,21
5448,135,118,17
5449,196,175,21
5450,104,88,16
5451,208,169,39
5452,264,230,34
5453,813,718,95
5454,43,37,6
5455,179,160,19
5456,171,153,18
5457,209,181,28
5458,131,118,13
5459,128,114,14
5460,452,386,66
5461,163,149,14
5462,215,192,23
5463,71,63,8
5464,66,59,7
5465,108,99,9
5466,203,183,20
5467,237,200,37
5468,182,157,25
5469,175,162,13
5470,69,63,6
5471,108,98,10
5472,136,119,17
5473,136,124,12
5474,165,146,19
5475,160,144,16
5476,173,150,23
5477,147,129,18
5478,305,271,34
5479,168,151,17
5480,194,171,23
5481,55,47,8
5482,184,156,28
5483,130,113,17
5484,273,224,49
5485,165,150,15
5486,442,386,56
5487,75,66,9
5488,172,142,30
5489,148,131,17
5490,76,69,7
5491,186,165,21
5492,145,134,11
5493,171,155,16
5494,150,132,18
5495,118,104,14
5496,264,232,32
5497,67,60,7
5498,413,368,45
5499,303,259,44
5500,101,90,11
5501,82,75,7
5502,121,108,13
5503,190,168,22
5504,127,110,17
5505,241,208,33
5506,277,246,31
5507,167,140,27
5508,134,119,15
5509,244,216,28
5510,221,201,20
5511,115,101,14
5512,287,245,42
5513,141,120,21
5514,160,134,26
5515,157,136,21
5516,160,133,27
5517,265,221,44
5518,130,117,13
5519,344,298,46
5520,46,39,7
5521,324,277,47
5522,305,264,41
5523,135,124,11
5524,190,163,27
5525,223,181,42
5526,31,29,2
5527,380,325,55
5528,298,274,24
5529,62,58,4
5530,469,399,70
5531,137,120,17
5532,385,334,51
5533,118,100,18
5534,127,108,19
5535,154,137,17
5536,143,128,15
5537,240,211,29
5538,376,332,44
5539,196,175,21
5540,104,98,6
5541,194,177,17
5542,168,141,27
5543,594,533,61
5544,645,568,77
5545,143,122,21
5546,253,219,34
5547,783,681,102
5548,236,204,32
5549,377,341,36
5550,746,654,92
5551,120,109,11
5552,157,137,20
5553,194,172,22
5554,211,191,20
5555,130,115,15
5556,148,134,14
5557,82,76,6
5558,187,166,21
5559,175,166,9
5560,348,306,42
5561,143,135,8
5562,168,152,16
5563,99,86,13
5564,138,128,10
5565,939,810,129
5566,223,191,32
5567,128,118,10
5568,125,114,11
5569,225,204,21
5570,512,451,61
5571,180,164,16
5572,134,121,13
5573,160,147,13
5574,114,91,23
5575,277,245,32
5576,279,254,25
5577,122,110,12
5578,70,67,3
5579,156,141,15
5580,120,109,11
5581,136,117,19
5582,175,157,18
5583,136,119,17
5584,132,116,16
5585,165,143,22
5586,258,225,33
5587,566,471,95
5588,165,147,18
5589,99,87,12
5590,387,338,49
5591,167,150,17
5592,272,237,35
5593,564,500,64
5594,165,153,12
5595,188,175,13
5596,201,170,31
5597,195,170,25
5598,534,471,63
5599,251,222,29
5600,193,168,25
5601,332,287,45
5602,94,81,13
5603,325,297,28
5604,612,518,94
5605,128,118,10
5606,214,198,16
5607,230,201,29
5608,145,130,15
5609,659,576,83
5610,172,150,22
5611,49,48,1
5612,2151,1894,257
5613,598,554,44
5614,149,131,18
5615,118,105,13
5616,396,344,52
5617,175,155,20
5618,81,73,8
5619,226,197,29
5620,53,45,8
5621,900,780,120
5622,57,51,6
5623,229,203,26
5624,253,233,20
5625,115,105,10
5626,71,67,4
5627,65,61,4
5628,678,596,82
5629,244,215,29
5630,96,87,9
5631,158,141,17
5632,996,855,141
5633,144,129,15
5634,232,197,35
5635,138,125,13
5636,746,668,78
5637,144,124,20
5638,196,178,18
5639,237,206,31
5640,379,337,42
5641,130,114,16
5642,346,289,57
5643,733,651,82
5644,525,461,64
5645,186,162,24
5646,265,220,45
5647,257,222,35
5648,130,107,23
5649,605,539,66
5650,133,112,21
5651,68,58,10
5652,63,59,4
5653,166,152,14
5654,947,828,119
5655,140,127,13
5656,120,108,12
5657,337,278,59
5658,504,434,70
5659,248,213,35
5660,196,175,21
5661,307,269,38
5662,215,181,34
5663,212,188,24
5664,379,329,50
5665,193,163,30
5666,252,215,37
5667,106,88,18
5668,323,281,42
5669,216,191,25
5670,110,89,21
5671,141,120,21
5672,272,235,37
5673,155,136,19
5674,186,163,23
5675,197,176,21
5676,341,289,52
5677,553,488,65
5678,139,117,22
5679,193,168,25
5680,369,329,40
5681,172,144,28
5682,150,136,14
5683,315,273,42
5684,471,406,65
5685,155,137,18
5686,294,266,28
5687,341,302,39
5688,403,354,49
5689,130,117,13
5690,210,189,21
5691,118,106,12
5692,203,173,30
5693,170,160,10
5694,145,129,16
5695,382,321,61
5696,287,260,27
5697,190,152,38
5698,223,200,23
5699,140,130,10
5700,102,86,16
5701,289,255,34
5702,462,405,57
5703,129,106,23
5704,628,567,61
5705,360,316,44
5706,202,174,28
5707,270,239,31
5708,561,484,77
5709,725,619,106
5710,141,122,19
5711,105,91,14
5712,47,38,9
5713,102,88,14
5714,50,42,8
5715,110,98,12
5716,132,112,20
5717,114,96,18
5718,133,114,19
5719,76,66,10
5720,783,691,92
5721,129,100,29
5722,50,40,10
5723,145,125,20
5724,135,116,19
5725,177,152,25
5726,221,192,29
5727,158,146,12
5728,206,182,24
5729,244,222,22
5730,127,117,10
5731,187,169,18
5732,69,57,12
5733,154,131,23
5734,197,171,26
5735,245,215,30
5736,249,222,27
5737,133,121,12
5738,302,284,18
5739,233,213,20
5740,133,121,12
5741,140,126,14
5742,192,172,20
5743,116,108,8
5744,381,347,34
5745,387,349,38
5746,193,158,35
5747,397,361,36
5748,291,266,25
5749,439,392,47
5750,117,104,13
5751,316,270,46
5752,473,427,46
5753,471,409,62
5754,139,123,16
5755,190,172,18
5756,956,835,121
5757,239,216,23
5758,160,139,21
5759,309,266,43
5760,223,194,29
5761,283,238,45
5762,121,106,15
5763,188,165,23
5764,322,284,38
5765,184,158,26
5766,220,192,28
5767,142,122,20
5768,371,328,43
5769,188,169,19
5770,731,643,88
5771,531,465,66
5772,279,249,30
5773,95,77,18
5774,427,372,55
5775,186,156,30
5776,616,547,69
5777,254,234,20
5778,141,121,20
5779,110,104,6
5780,179,156,23
5781,105,93,12
5782,145,132,13
5783,232,200,32
5784,171,152,19
5785,1400,1262,138
5786,103,82,21
5787,189,161,28
5788,141,133,8
5789,123,113,10
5790,189,164,25
5791,238,205,33
5792,143,128,15
5793,206,186,20
5794,167,149,18
5795,514,454,60
5796,161,143,18
5797,130,112,18
5798,146,124,22
5799,331,292,39
5800,633,546,87
5801,129,111,18
5802,263,238,25
5803,360,310,50
5804,117,102,15
5805,239,215,24
5806,155,142,13
5807,113,106,7
5808,280,245,35
5809,695,601,94
5810,141,124,17
5811,151,139,12
5812,30,25,5
5813,52,45,7
5814,24,23,1
5815,44,37,7
5816,170,151,19
5817,156,137,19
5818,130,116,14
5819,123,112,11
5820,686,579,107
5821,158,138,20
5822,266,240,26
5823,111,94,17
5824,827,741,86
5825,238,208,30
5826,828,742,86
5827,99,80,19
5828,176,151,25
5829,131,118,13
5830,88,78,10
5831,293,254,39
5832,287,244,43
5833,267,237,30
5834,563,484,79
5835,414,357,57
5836,438,379,59
5837,158,135,23
5838,525,473,52
5839,165,149,16
5840,300,268,32
5841,384,344,40
5842,152,137,15
5843,129,115,14
5844,85,76,9
5845,448,399,49
5846,140,135,5
5847,162,148,14
5848,123,112,11
5849,725,641,84
5850,174,140,34
5851,335,282,53
5852,210,184,26
5853,67,53,14
5854,502,429,73
5855,114,91,23
5856,245,218,27
5857,168,150,18
5858,424,372,52
5859,268,248,20
5860,192,159,33
5861,120,97,23
5862,178,150,28
5863,152,131,21
5864,142,126,16
5865,129,109,20
5866,226,199,27
5867,72,63,9
5868,327,291,36
5869,537,473,64
5870,239,207,32
5871,76,63,13
5872,218,195,23
5873,175,161,14
5874,132,111,21
5875,199,175,24
5876,139,130,9
5877,295,253,42
5878,239,212,27
5879,173,162,11
5880,317,284,33
5881,185,171,14
5882,171,151,20
5883,234,202,32
5884,31,30,1
5885,161,141,20
5886,110,93,17
5887,122,106,16
5888,129,108,21
5889,173,149,24
5890,2147,1829,318
5891,53,44,9
5892,313,267,46
5893,149,131,18
5894,56,44,12
5895,108,94,14
5896,222,190,32
5897,446,388,58
5898,152,125,27
5899,414,364,50
5900,98,83,15
5901,327,275,52
5902,228,199,29
5903,303,265,38
5904,384,352,32
5905,168,140,28
5906,599,521,78
5907,62,56,6
5908,213,188,25
5909,298,250,48
5910,251,220,31
5911,76,70,6
5912,1039,882,157
5913,120,102,18
5914,67,56,11
5915,111,99,12
5916,115,103,12
5917,51,46,5
5918,121,110,11
5919,464,398,66
5920,186,168,18
5921,266,222,44
5922,245,219,26
5923,465,411,54
5924,158,132,26
5925,191,165,26
5926,122,111,11
5927,96,84,12
5928,176,151,25
5929,133,121,12
5930,130,122,8
5931,148,130,18
5932,201,184,17
5933,191,164,27
5934,169,154,15
5935,186,154,32
5936,284,255,29
5937,958,825,133
5938,220,191,29
5939,108,98,10
5940,115,101,14
5941,132,116,16
5942,130,114,16
5943,158,136,22
5944,107,93,14
5945,372,336,36
5946,107,89,18
5947,59,55,4
5948,128,119,9
5949,65,56,9
5950,112,93,19
5951,225,203,22
5952,72,64,8
5953,228,201,27
5954,71,63,8
5955,145,123,22
5956,320,282,38
5957,187,167,20
5958,312,278,34
5959,399,336,63
5960,153,136,17
5961,135,118,17
5962,169,140,29
5963,136,126,10
5964,270,239,31
5965,293,254,39
5966,54,49,5
5967,120,111,9
5968,252,221,31
5969,90,79,11
5970,393,343,50
5971,466,419,47
5972,106,96,10
5973,522,467,55
5974,137,124,13
5975,172,153,19
5976,121,101,20
5977,85,77,8
5978,160,134,26
5979,52,44,8
5980,112,94,18
5981,286,252,34
5982,170,155,15
5983,167,152,15
5984,501,424,77
5985,29,23,6
5986,112,95,17
5987,138,125,13
5988,298,249,49
5989,184,166,18
5990,385,348,37
5991,713,625,88
5992,296,258,38
5993,230,209,21
5994,148,124,24
5995,169,152,17
5996,137,123,14
5997,269,240,29
5998,160,143,17
5999,147,135,12
6000,443,384,59
6001,140,128,12
6002,356,313,43
6003,180,157,23
6004,766,666,100
6005,285,248,37
6006,209,176,33
6007,625,540,85
6008,196,172,24
6009,610,503,107
6010,49,43,6
6011,218,185,33
6012,664,560,104
6013,636,554,82
6014,200,178,22
6015,305,268,37
6016,87,82,5
6017,206,192,14
6018,158,140,18
6019,192,176,16
6020,228,193,35
6021,129,116,13
6022,192,173,19
6023,68,64,4
6024,180,156,24
6025,412,349,63
6026,258,232,26
6027,671,567,104
6028,91,78,13
6029,577,493,84
6030,225,193,32
6031,213,188,25
6032,88,80,8
6033,236,202,34
6034,130,112,18
6035,149,133,16
6036,90,80,10
6037,345,314,31
6038,507,444,63
6039,243,213,30
6040,242,214,28
6041,113,93,20
6042,70,62,8
6043,67,60,7
6044,287,252,35
6045,586,528,58
6046,645,562,83
6047,471,422,49
6048,493,444,49
6049,454,393,61
6050,834,737,97
6051,176,146,30
6052,1019,860,159
6053,329,268,61
6054,196,176,20
6055,138,118,20
6056,173,153,20
6057,287,259,28
6058,188,160,28
6059,249,200,49
6060,304,261,43
6061,218,191,27
6062,120,107,13
6063,742,632,110
6064,533,462,71
6065,200,179,21
6066,49,41,8
6067,170,149,21
6068,197,169,28
6069,741,634,107
6070,162,151,11
6071,147,134,13
6072,155,132,23
6073,128,116,12
6074,44,42,2
6075,211,194,17
6076,91,85,6
6077,54,45,9
6078,55,52,3
6079,68,63,5
6080,46,43,3
6081,107,90,17
6082,49,47,2
6083,180,161,19
6084,44,40,4
6085,70,57,13
6086,136,115,21
6087,73,67,6
6088,120,102,18
6089,47,44,3
6090,205,181,24
6091,138,121,17
6092,84,73,11
6093,233,205,28
6094,114,103,11
6095,288,252,36
6096,374,326,48
6097,151,126,25
6098,59,51,8
6099,116,103,13
6100,144,134,10
6101,148,129,19
6102,311,260,51
6103,658,590,68
6104,780,666,114
6105,81,76,5
6106,165,138,27
6107,50,42,8
6108,156,136,20
6109,302,262,40
6110,126,114,12
6111,967,859,108
6112,170,151,19
6113,708,630,78
6114,680,588,92
6115,111,100,11
6116,124,109,15
6117,227,201,26
6118,101,96,5
6119,117,101,16
6120,137,118,19
6121,87,76,11
6122,117,105,12
6123,221,186,35
6124,167,150,17
6125,143,123,20
6126,305,277,28
6127,115,105,10
6128,128,115,13
6129,204,178,26
6130,111,103,8
6131,659,568,91
6132,57,51,6
6133,126,114,12
6134,127,100,27
6135,139,123,16
6136,131,122,9
6137,240,215,25
6138,156,144,12
6139,131,116,15
6140,122,109,13
6141,128,109,19
6142,159,141,18
6143,122,115,7
6144,115,102,13
6145,368,331,37
6146,176,162,14
6147,421,371,50
6148,161,141,20
6149,424,387,37
6150,461,405,56
6151,261,235,26
6152,213,197,16
6153,204,163,41
6154,232,203,29
6155,454,405,49
6156,481,416,65
6157,247,223,24
6158,146,128,18
6159,487,423,64
6160,157,139,18
6161,198,178,20
6162,132,113,19
6163,218,201,17
6164,571,501,70
6165,112,98,14
6166,134,115,19
6167,121,100,21
6168,136,124,12
6169,271,240,31
6170,130,111,19
6171,119,101,18
6172,126,112,14
6173,116,101,15
6174,96,84,12
6175,241,217,24
6176,120,105,15
6177,142,119,23
6178,260,225,35
6179,68,57,11
6180,117,102,15
6181,179,160,19
6182,182,167,15
6183,130,111,19
6184,93,87,6
6185,204,187,17
6186,180,158,22
6187,298,253,45
6188,124,111,13
6189,273,248,25
6190,171,156,15
6191,199,179,20
6192,388,352,36
6193,185,164,21
6194,164,142,22
6195,126,115,11
6196,135,121,14
6197,205,176,29
6198,246,211,35
6199,173,149,24
6200,239,213,26
6201,212,191,21
6202,143,127,16
6203,189,166,23
6204,143,129,14
6205,85,76,9
6206,243,208,35
6207,340,312,28
6208,146,124,22
6209,660,586,74
6210,330,283,47
6211,130,110,20
6212,322,293,29
6213,180,156,24
6214,293,261,32
6215,144,129,15
6216,267,238,29
6217,282,239,43
6218,493,439,54
6219,128,113,15
6220,418,361,57
6221,108,95,13
6222,452,379,73
6223,239,213,26
6224,123,106,17
6225,140,120,20
6226,232,184,48
6227,161,134,27
6228,131,106,25
6229,150,129,21
6230,117,101,16
6231,987,839,148
6232,132,116,16
6233,174,156,18
6234,248,214,34
6235,70,60,10
6236,344,300,44
6237,161,141,20
6238,533,459,74
6239,334,303,31
6240,58,48,10
6241,298,261,37
6242,692,601,91
6243,130,116,14
6244,200,174,26
6245,464,415,49
6246,170,148,22
6247,235,202,33
6248,195,168,27
6249,177,152,25
6250,132,116,16
6251,404,354,50
6252,420,369,51
6253,76,67,9
6254,926,789,137
6255,283,241,42
6256,84,74,10
6257,88,74,14
6258,62,51,11
6259,250,215,35
6260,63,53,10
6261,156,142,14
6262,40,35,5
6263,51,43,8
6264,106,96,10
6265,67,60,7
6266,111,102,9
6267,245,218,27
6268,123,112,11
6269,168,151,17
6270,125,110,15
6271,55,49,6
6272,142,120,22
6273,173,149,24
6274,198,177,21
6275,167,151,16
6276,53,44,9
6277,287,255,32
6278,242,210,32
6279,908,812,96
6280,188,161,27
6281,188,159,29
6282,223,205,18
6283,79,67,12
6284,244,225,19
6285,119,100,19
6286,150,133,17
6287,236,212,24
6288,274,236,38
6289,149,124,25
6290,365,316,49
6291,618,535,83
6292,336,291,45
6293,242,215,27
6294,424,362,62
6295,884,779,105
6296,154,140,14
6297,154,140,14
6298,154,140,14
6299,77,66,11
6300,154,140,14
6301,175,163,12
6302,154,140,14
6303,130,112,18
6304,176,157,19
6305,153,131,22
6306,211,190,21
6307,371,327,44
6308,45,37,8
6309,175,149,26
6310,171,140,31
6311,173,157,16
6312,216,187,29
6313,126,106,20
6314,531,460,71
6315,574,503,71
6316,225,192,33
6317,332,297,35
6318,290,257,33
6319,768,657,111
6320,228,195,33
6321,179,145,34
6322,239,213,26
6323,748,645,103
6324,454,365,89
6325,508,432,76
6326,276,236,40
6327,170,145,25
6328,308,256,52
6329,147,128,19
6330,179,152,27
6331,284,239,45
6332,64,58,6
6333,102,81,21
6334,65,52,13
6335,169,144,25
6336,409,348,61
6337,357,304,53
6338,346,297,49
6339,274,228,46
6340,337,289,48
6341,142,126,16
6342,413,348,65
6343,114,93,21
6344,650,562,88
6345,104,85,19
6346,325,267,58
6347,100,87,13
6348,301,251,50
6349,268,230,38
6350,362,303,59
6351,205,172,33
6352,252,220,32
6353,261,227,34
6354,88,74,14
6355,101,88,13
6356,16,13,3
6357,93,77,16
6358,96,79,17
6359,129,114,15
6360,162,141,21
6361,80,74,6
6362,105,92,13
6363,195,173,22
6364,134,114,20
6365,100,86,14
6366,385,329,56
6367,110,94,16
6368,199,166,33
6369,47,41,6
6370,128,117,11
6371,140,126,14
6372,139,118,21
6373,144,137,7
6374,173,155,18
6375,275,234,41
6376,194,161,33
6377,258,220,38
6378,150,133,17
6379,142,127,15
6380,273,226,47
6381,149,138,11
6382,158,133,25
6383,224,198,26
6384,219,205,14
6385,195,173,22
6386,847,714,133
6387,178,160,18
6388,107,91,16
6389,89,76,13
6390,141,125,16
6391,165,152,13
6392,113,93,20
6393,830,702,128
6394,418,356,62
6395,873,769,104
6396,1031,887,144
6397,327,284,43
6398,200,181,19
6399,664,546,118
6400,404,326,78
6401,174,144,30
6402,413,367,46
6403,140,126,14
6404,132,123,9
6405,181,158,23
6406,240,216,24
6407,556,495,61
6408,138,126,12
6409,170,157,13
6410,154,128,26
6411,152,138,14
6412,192,171,21
6413,179,160,19
6414,224,202,22
6415,128,116,12
6416,113,99,14
6417,833,731,102
6418,130,110,20
6419,296,264,32
6420,206,171,35
6421,400,353,47
6422,118,107,11
6423,458,412,46
6424,289,261,28
6425,224,189,35
6426,191,171,20
6427,127,108,19
6428,74,62,12
6429,125,107,18
6430,99,86,13
6431,65,60,5
6432,193,163,30
6433,20,17,3
6434,31,27,4
6435,40,35,5
6436,112,100,12
6437,88,79,9
6438,142,124,18
6439,56,45,11
6440,199,174,25
6441,63,61,2
6442,93,80,13
6443,106,88,18
6444,586,505,81
6445,198,178,20
6446,404,357,47
6447,52,44,8
6448,47,44,3
6449,332,290,42
6450,123,100,23
6451,141,124,17
6452,114,98,16
6453,243,204,39
6454,156,135,21
6455,269,218,51
6456,83,72,11
6457,128,109,19
6458,600,531,69
6459,148,129,19
6460,727,619,108
6461,126,105,21
6462,122,109,13
6463,104,92,12
6464,58,54,4
6465,280,234,46
6466,139,125,14
6467,111,102,9
6468,135,111,24
6469,164,147,17
6470,159,136,23
6471,139,128,11
6472,193,176,17
6473,129,117,12
6474,210,192,18
6475,142,135,7
6476,468,401,67
6477,256,244,12
6478,106,94,12
6479,263,244,19
6480,382,346,36
6481,273,243,30
6482,274,250,24
6483,500,444,56
6484,606,537,69
6485,486,438,48
6486,254,223,31
6487,331,290,41
6488,158,137,21
6489,167,151,16
6490,438,387,51
6491,239,210,29
6492,546,477,69
6493,155,135,20
6494,274,234,40
6495,249,219,30
6496,200,176,24
6497,248,221,27
6498,385,336,49
6499,94,85,9
6500,500,435,65
6501,335,294,41
6502,229,210,19
6503,154,130,24
6504,271,228,43
6505,261,221,40
6506,354,311,43
6507,585,503,82
6508,1034,911,123
6509,121,103,18
6510,308,274,34
6511,188,164,24
6512,167,134,33
6513,121,103,18
6514,118,112,6
6515,125,101,24
6516,170,142,28
6517,433,377,56
6518,250,225,25
6519,376,342,34
6520,73,64,9
6521,188,157,31
6522,207,189,18
6523,339,313,26
6524,488,439,49
6525,155,146,9
6526,305,267,38
6527,195,163,32
6528,145,128,17
6529,279,247,32
6530,121,105,16
6531,298,264,34
6532,136,118,18
6533,308,275,33
6534,168,149,19
6535,431,381,50
6536,182,161,21
6537,128,114,14
6538,53,49,4
6539,42,39,3
6540,97,90,7
6541,55,49,6
6542,173,152,21
6543,119,108,11
6544,62,54,8
6545,97,86,11
6546,79,74,5
6547,215,195,20
6548,525,462,63
6549,43,39,4
6550,111,102,9
6551,44,42,2
6552,267,217,50
6553,136,128,8
6554,113,103,10
6555,182,161,21
6556,182,161,21
6557,182,161,21
6558,188,161,27
6559,208,181,27
6560,203,182,21
6561,291,264,27
6562,273,241,32
6563,233,203,30
6564,274,246,28
6565,148,128,20
6566,87,78,9
6567,498,451,47
6568,273,238,35
6569,675,593,82
6570,97,85,12
6571,331,277,54
6572,498,439,59
6573,121,108,13
6574,230,210,20
6575,165,146,19
6576,149,132,17
6577,70,54,16
6578,54,44,10
6579,221,200,21
6580,97,88,9
6581,238,205,33
6582,82,66,16
6583,136,118,18
6584,59,53,6
6585,288,249,39
6586,485,432,53
6587,410,369,41
6588,98,86,12
6589,161,137,24
6590,699,608,91
6591,216,184,32
6592,296,256,40
6593,299,266,33
6594,966,828,138
6595,174,154,20
6596,125,110,15
6597,159,144,15
6598,102,84,18
6599,136,120,16
6600,293,235,58
6601,112,97,15
6602,104,91,13
6603,128,114,14
6604,237,207,30
6605,616,554,62
6606,539,455,84
6607,445,381,64
6608,293,235,58
6609,218,196,22
6610,178,155,23
6611,815,723,92
6612,44,38,6
6613,76,66,10
6614,83,73,10
6615,177,155,22
6616,149,127,22
6617,340,306,34
6618,207,189,18
6619,239,205,34
6620,116,100,16
6621,133,117,16
6622,117,103,14
6623,258,232,26
6624,135,124,11
6625,143,128,15
6626,95,79,16
6627,229,199,30
6628,157,134,23
6629,116,102,14
6630,241,213,28
6631,364,328,36
6632,139,120,19
6633,117,101,16
6634,179,163,16
6635,77,67,10
6636,439,373,66
6637,67,56,11
6638,222,192,30
6639,227,185,42
6640,109,97,12
6641,51,47,4
6642,117,105,12
6643,381,325,56
6644,114,97,17
6645,430,379,51
6646,282,258,24
6647,33,29,4
6648,645,570,75
6649,119,108,11
6650,302,271,31
6651,107,96,11
6652,65,59,6
6653,179,156,23
6654,636,563,73
6655,330,288,42
6656,600,534,66
6657,675,590,85
6658,101,90,11
6659,320,278,42
6660,83,71,12
6661,136,114,22
6662,100,91,9
6663,156,137,19
6664,114,99,15
6665,363,317,46
6666,123,103,20
6667,168,151,17
6668,200,171,29
6669,496,439,57
6670,155,146,9
6671,341,303,38
6672,255,225,30
6673,150,127,23
6674,251,212,39
6675,150,130,20
6676,196,176,20
6677,104,87,17
6678,598,503,95
6679,574,509,65
6680,687,593,94
6681,349,300,49
6682,201,179,22
6683,243,208,35
6684,297,269,28
6685,55,49,6
6686,108,99,9
6687,611,554,57
6688,107,95,12
6689,172,156,16
6690,261,238,23
6691,234,207,27
6692,230,206,24
6693,337,291,46
6694,150,135,15
6695,169,151,18
6696,193,175,18
6697,66,62,4
6698,137,120,17
6699,103,93,10
6700,81,71,10
6701,209,181,28
6702,159,143,16
6703,505,442,63
6704,110,104,6
6705,142,133,9
6706,124,104,20
6707,84,75,9
6708,201,175,26
6709,187,168,19
6710,259,215,44
6711,232,199,33
6712,295,243,52
6713,915,774,141
6714,380,339,41
6715,212,185,27
6716,448,389,59
6717,180,159,21
6718,208,180,28
6719,306,256,50
6720,308,275,33
6721,177,163,14
6722,226,180,46
6723,298,238,60
6724,155,135,20
6725,249,213,36
6726,134,117,17
6727,153,133,20
6728,119,102,17
6729,188,171,17
6730,402,343,59
6731,72,63,9
6732,149,134,15
6733,186,165,21
6734,155,144,11
6735,210,177,33
6736,56,49,7
6737,246,203,43
6738,749,644,105
6739,168,146,22
6740,142,124,18
6741,76,64,12
6742,313,265,48
6743,96,76,20
6744,92,78,14
6745,187,166,21
6746,130,115,15
6747,157,139,18
6748,299,263,36
6749,211,184,27
6750,178,158,20
6751,226,197,29
6752,241,221,20
6753,264,238,26
6754,869,740,129
6755,308,269,39
6756,141,125,16
6757,525,460,65
6758,476,424,52
6759,45,37,8
6760,127,104,23
6761,174,156,18
6762,271,240,31
6763,72,60,12
6764,141,125,16
6765,69,63,6
6766,61,53,8
6767,218,187,31
6768,144,135,9
6769,51,45,6
6770,71,61,10
6771,1029,891,138
6772,190,163,27
6773,61,55,6
6774,135,117,18
6775,145,120,25
6776,328,285,43
6777,48,43,5
6778,242,209,33
6779,246,218,28
6780,156,132,24
6781,486,423,63
6782,256,235,21
6783,202,183,19
6784,249,217,32
6785,347,308,39
6786,348,311,37
6787,119,102,17
6788,296,266,30
6789,618,532,86
6790,202,173,29
6791,243,207,36
6792,163,151,12
6793,144,119,25
6794,268,225,43
6795,114,106,8
6796,265,235,30
6797,468,419,49
6798,145,133,12
6799,148,141,7
6800,136,126,10
6801,114,104,10
6802,272,242,30
6803,189,159,30
6804,558,478,80
6805,307,264,43
6806,405,359,46
6807,327,284,43
6808,169,154,15
6809,226,207,19
6810,161,138,23
6811,126,117,9
6812,120,107,13
6813,128,119,9
6814,154,134,20
6815,147,130,17
6816,386,339,47
6817,137,117,20
6818,119,100,19
6819,97,84,13
6820,206,174,32
6821,264,227,37
6822,518,453,65
6823,329,283,46
6824,186,162,24
6825,466,375,91
6826,934,817,117
6827,559,470,89
6828,498,404,94
6829,160,136,24
6830,293,253,40
6831,44,40,4
6832,217,198,19
6833,188,163,25
6834,50,40,10
6835,432,380,52
6836,245,219,26
6837,212,176,36
6838,563,492,71
6839,55,45,10
6840,297,255,42
6841,197,166,31
6842,122,100,22
6843,554,497,57
6844,156,137,19
6845,261,231,30
6846,200,181,19
6847,236,194,42
6848,85,68,17
6849,126,106,20
6850,141,123,18
6851,102,89,13
6852,241,216,25
6853,161,139,22
6854,74,70,4
6855,119,108,11
6856,80,73,7
6857,24,22,2
6858,184,164,20
6859,194,175,19
6860,86,74,12
6861,239,202,37
6862,421,359,62
6863,256,211,45
6864,221,189,32
6865,62,56,6
6866,107,97,10
6867,823,695,128
6868,118,108,10
6869,168,150,18
6870,115,103,12
6871,49,45,4
6872,137,108,29
6873,228,206,22
6874,133,117,16
6875,489,393,96
6876,234,203,31
6877,153,139,14
6878,170,152,18
6879,267,234,33
6880,171,146,25
6881,316,283,33
6882,112,103,9
6883,369,325,44
6884,92,81,11
6885,127,113,14
6886,184,160,24
6887,56,51,5
6888,187,171,16
6889,747,671,76
6890,122,100,22
6891,213,193,20
6892,122,104,18
6893,58,54,4
6894,130,118,12
6895,153,137,16
6896,251,235,16
6897,459,414,45
6898,66,62,4
6899,337,300,37
6900,73,68,5
6901,204,178,26
6902,297,248,49
6903,117,100,17
6904,78,63,15
6905,276,245,31
6906,260,221,39
6907,202,179,23
6908,154,139,15
6909,36,30,6
6910,266,230,36
6911,146,135,11
6912,57,49,8
6913,180,152,28
6914,321,280,41
6915,117,101,16
6916,315,275,40
6917,188,163,25
6918,295,260,35
6919,481,412,69
6920,95,86,9
6921,94,80,14
6922,633,554,79
6923,112,101,11
6924,120,111,9
6925,286,256,30
6926,276,251,25
6927,247,217,30
6928,458,391,67
6929,172,155,17
6930,107,95,12
6931,67,62,5
6932,722,638,84
6933,154,145,9
6934,152,132,20
6935,207,178,29
6936,167,144,23
6937,491,421,70
6938,178,158,20
6939,310,280,30
6940,134,118,16
6941,110,90,20
6942,142,130,12
6943,153,126,27
6944,99,90,9
6945,473,389,84
6946,66,56,10
6947,136,116,20
6948,485,425,60
6949,147,128,19
6950,161,143,18
6951,422,360,62
6952,133,119,14
6953,149,132,17
6954,119,107,12
6955,168,147,21
6956,150,130,20
6957,104,93,11
6958,410,347,63
6959,278,248,30
6960,43,38,5
6961,111,97,14
6962,320,280,40
6963,137,124,13
6964,196,175,21
6965,139,122,17
6966,200,181,19
6967,92,84,8
6968,200,175,25
6969,162,140,22
6970,63,54,9
6971,164,140,24
6972,57,52,5
6973,81,69,12
6974,33,26,7
6975,65,58,7
6976,107,94,13
6977,67,59,8
6978,195,169,26
6979,131,115,16
6980,166,141,25
6981,129,112,17
6982,192,175,17
6983,224,195,29
6984,97,85,12
6985,119,107,12
6986,97,86,11
6987,143,127,16
6988,80,69,11
6989,139,125,14
6990,193,161,32
6991,782,682,100
6992,411,343,68
6993,123,102,21
6994,131,113,18
6995,104,94,10
6996,125,112,13
6997,184,163,21
6998,186,167,19
6999,56,52,4
7000,185,162,23
7001,371,294,77
7002,90,80,10
7003,346,287,59
7004,261,225,36
7005,87,71,16
7006,138,124,14
7007,214,192,22
7008,589,525,64
7009,294,257,37
7010,130,116,14
7011,401,351,50
7012,190,153,37
7013,534,452,82
7014,409,351,58
7015,196,170,26
7016,412,358,54
7017,180,159,21
7018,143,128,15
7019,159,136,23
7020,523,474,49
7021,73,61,12
7022,635,549,86
7023,249,210,39
7024,421,381,40
7025,366,310,56
7026,786,668,118
7027,269,233,36
7028,493,420,73
7029,355,302,53
7030,833,704,129
7031,240,204,36
7032,376,326,50
7033,305,258,47
7034,116,105,11
7035,183,150,33
7036,251,228,23
7037,326,301,25
7038,301,271,30
7039,137,127,10
7040,522,465,57
7041,380,329,51
7042,133,112,21
7043,312,289,23
7044,240,215,25
7045,108,93,15
7046,207,173,34
7047,143,121,22
7048,25,20,5
7049,160,146,14
7050,247,215,32
7051,156,139,17
7052,244,209,35
7053,386,336,50
7054,209,186,23
7055,120,101,19
7056,183,156,27
7057,148,128,20
7058,231,196,35
7059,69,57,12
7060,144,126,18
7061,363,303,60
7062,297,254,43
7063,289,249,40
7064,759,636,123
7065,126,115,11
7066,62,54,8
7067,19,18,1
7068,78,70,8
7069,128,115,13
7070,45,40,5
7071,126,113,13
7072,153,141,12
7073,225,193,32
7074,53,49,4
7075,132,110,22
7076,130,112,18
7077,642,546,96
7078,136,123,13
7079,134,116,18
7080,210,182,28
7081,112,91,21
7082,139,128,11
7083,131,117,14
7084,146,123,23
7085,171,160,11
7086,139,118,21
7087,130,120,10
7088,123,109,14
7089,126,114,12
7090,132,117,15
7091,174,150,24
7092,172,159,13
7093,195,178,17
7094,283,258,25
7095,140,124,16
7096,241,203,38
7097,262,232,30
7098,182,159,23
7099,75,71,4
7100,125,110,15
7101,126,108,18
7102,286,245,41
7103,154,130,24
7104,127,111,16
7105,213,179,34
7106,169,148,21
7107,210,180,30
7108,322,269,53
7109,192,166,26
7110,122,108,14
7111,183,165,18
7112,882,747,135
7113,186,164,22
7114,314,275,39
7115,238,211,27
7116,188,159,29
7117,187,163,24
7118,225,202,23
7119,552,478,74
7120,129,117,12
7121,446,387,59
7122,639,549,90
7123,271,240,31
7124,512,444,68
7125,200,184,16
7126,736,643,93
7127,175,153,22
7128,171,150,21
7129,152,134,18
7130,401,341,60
7131,156,141,15
7132,165,149,16
7133,162,149,13
7134,128,112,16
7135,154,133,21
7136,166,149,17
7137,56,48,8
7138,45,42,3
7139,287,250,37
7140,187,171,16
7141,121,107,14
7142,228,198,30
7143,398,348,50
7144,421,371,50
7145,130,115,15
7146,119,98,21
7147,463,401,62
7148,153,125,28
7149,139,123,16
7150,320,264,56
7151,98,87,11
7152,42,35,7
7153,55,46,9
7154,170,153,17
7155,103,88,15
7156,168,140,28
7157,136,121,15
7158,515,445,70
7159,368,309,59
7160,241,213,28
7161,486,422,64
7162,37,35,2
7163,167,140,27
7164,122,105,17
7165,175,162,13
7166,120,108,12
7167,125,105,20
7168,213,189,24
7169,121,113,8
7170,118,96,22
7171,652,585,67
7172,135,121,14
7173,115,102,13
7174,494,434,60
7175,211,190,21
7176,154,130,24
7177,633,539,94
7178,626,551,75
7179,367,320,47
7180,261,229,32
7181,121,97,24
7182,210,187,23
7183,62,55,7
7184,132,121,11
7185,134,111,23
7186,682,585,97
7187,67,63,4
7188,725,655,70
7189,110,94,16
7190,279,246,33
7191,117,102,15
7192,454,417,37
7193,204,180,24
7194,256,223,33
7195,105,94,11
7196,220,185,35
7197,57,55,2
7198,160,146,14
7199,107,97,10
7200,146,129,17
7201,360,326,34
7202,535,467,68
7203,131,113,18
7204,516,451,65
7205,738,654,84
7206,265,225,40
7207,327,287,40
7208,331,296,35
7209,141,127,14
7210,474,410,64
7211,608,535,73
7212,305,275,30
7213,238,209,29
7214,452,401,51
7215,497,450,47
7216,119,106,13
7217,188,171,17
7218,449,396,53
7219,216,190,26
7220,565,504,61
7221,124,113,11
7222,46,40,6
7223,207,177,30
7224,124,100,24
7225,147,128,19
7226,122,108,14
7227,180,164,16
7228,223,200,23
7229,497,424,73
7230,203,182,21
7231,524,462,62
7232,151,133,18
7233,155,141,14
7234,174,153,21
7235,187,157,30
7236,168,136,32
7237,85,71,14
7238,134,114,20
7239,110,97,13
7240,166,153,13
7241,218,197,21
7242,771,673,98
7243,305,264,41
7244,168,146,22
7245,96,79,17
7246,350,305,45
7247,56,49,7
7248,223,197,26
7249,47,40,7
7250,129,113,16
7251,172,156,16
7252,208,180,28
7253,373,308,65
7254,53,50,3
7255,354,314,40
7256,329,288,41
7257,441,360,81
7258,204,171,33
7259,691,553,138
7260,584,482,102
7261,124,108,16
7262,813,699,114
7263,618,502,116
7264,233,203,30
7265,161,138,23
7266,506,417,89
7267,302,245,57
7268,218,182,36
7269,106,88,18
7270,119,100,19
7271,1027,860,167
7272,719,603,116
7273,168,145,23
7274,443,378,65
7275,267,224,43
7276,63,57,6
7277,160,140,20
7278,897,711,186
7279,219,192,27
7280,163,145,18
7281,361,316,45
7282,632,541,91
7283,231,196,35
7284,370,306,64
7285,126,108,18
7286,242,215,27
7287,215,188,27
7288,132,120,12
7289,793,680,113
7290,174,146,28
7291,547,479,68
7292,204,164,40
7293,184,152,32
7294,133,121,12
7295,156,136,20
7296,164,141,23
7297,230,202,28
7298,175,154,21
7299,70,60,10
7300,789,689,100
7301,995,847,148
7302,354,313,41
7303,288,258,30
7304,79,68,11
7305,303,266,37
7306,144,128,16
7307,159,142,17
7308,419,370,49
7309,309,260,49
7310,142,126,16
7311,221,203,18
7312,538,491,47
7313,241,211,30
7314,136,114,22
7315,203,169,34
7316,236,200,36
7317,623,535,88
7318,155,138,17
7319,142,132,10
7320,341,309,32
7321,355,325,30
7322,145,124,21
7323,243,211,32
7324,283,250,33
7325,434,357,77
7326,183,148,35
7327,198,177,21
7328,135,120,15
7329,116,102,14
7330,135,116,19
7331,127,108,19
7332,131,118,13
7333,381,324,57
7334,207,183,24
7335,298,253,45
7336,783,665,118
7337,990,873,117
7338,456,401,55
7339,458,407,51
7340,245,206,39
7341,952,825,127
7342,126,110,16
7343,33,29,4
7344,218,194,24
7345,373,321,52
7346,436,376,60
7347,191,155,36
7348,137,119,18
7349,135,122,13
7350,97,83,14
7351,177,157,20
7352,238,202,36
7353,240,218,22
7354,152,134,18
7355,212,191,21
7356,118,109,9
7357,366,309,57
7358,227,192,35
7359,73,62,11
7360,288,247,41
7361,657,574,83
7362,298,256,42
7363,210,173,37
7364,420,364,56
7365,134,120,14
7366,439,396,43
7367,113,97,16
7368,111,91,20
7369,536,450,86
7370,109,98,11
7371,131,115,16
7372,534,471,63
7373,153,143,10
7374,369,320,49
7375,131,108,23
7376,121,111,10
7377,141,127,14
7378,341,296,45
7379,97,83,14
7380,96,79,17
7381,115,99,16
7382,129,113,16
7383,124,111,13
7384,161,141,20
7385,273,229,44
7386,152,138,14
7387,71,60,11
7388,639,561,78
7389,100,90,10
7390,300,271,29
7391,132,122,10
7392,178,155,23
7393,219,198,21
7394,291,253,38
7395,282,242,40
7396,985,865,120
7397,736,646,90
7398,115,104,11
7399,155,140,15
7400,252,212,40
7401,218,190,28
7402,142,131,11
7403,195,167,28
7404,301,264,37
7405,143,126,17
7406,260,239,21
7407,77,66,11
7408,138,124,14
7409,182,163,19
7410,256,224,32
7411,88,77,11
7412,198,184,14
7413,83,76,7
7414,169,152,17
7415,185,158,27
7416,245,215,30
7417,149,137,12
7418,222,187,35
7419,112,101,11
7420,140,125,15
7421,264,236,28
7422,211,182,29
7423,317,271,46
7424,252,225,27
7425,145,133,12
7426,145,127,18
7427,212,190,22
7428,149,130,19
7429,170,150,20
7430,103,92,11
7431,158,136,22
7432,89,77,12
7433,136,115,21
7434,145,126,19
7435,143,121,22
7436,122,112,10
7437,139,122,17
7438,158,143,15
7439,998,862,136
7440,274,247,27
7441,332,285,47
7442,329,298,31
7443,148,136,12
7444,212,193,19
7445,196,182,14
7446,421,377,44
7447,54,51,3
7448,285,251,34
7449,216,187,29
7450,216,184,32
7451,52,41,11
7452,388,342,46
7453,194,166,28
7454,135,119,16
7455,158,140,18
7456,346,301,45
7457,81,69,12
7458,127,114,13
7459,142,126,16
7460,121,113,8
7461,81,64,17
7462,121,109,12
7463,158,140,18
7464,143,124,19
7465,142,126,16
7466,185,154,31
7467,127,114,13
7468,234,204,30
7469,99,85,14
7470,105,85,20
7471,131,106,25
7472,208,176,32
7473,115,102,13
7474,336,284,52
7475,306,265,41
7476,134,123,11
7477,157,135,22
7478,217,184,33
7479,274,230,44
7480,75,63,12
7481,102,90,12
7482,320,279,41
7483,239,213,26
7484,421,358,63
7485,199,179,20
7486,650,564,86
7487,110,93,17
7488,113,99,14
7489,153,134,19
7490,191,164,27
7491,151,129,22
7492,660,591,69
7493,249,206,43
7494,127,102,25
7495,111,96,15
7496,115,95,20
7497,132,100,32
7498,155,125,30
7499,141,120,21
7500,234,207,27
7501,135,117,18
7502,276,249,27
7503,119,109,10
7504,99,91,8
7505,252,227,25
7506,173,160,13
7507,156,138,18
7508,99,89,10
7509,89,80,9
7510,250,228,22
7511,103,92,11
7512,149,135,14
7513,136,117,19
7514,330,298,32
7515,234,211,23
7516,171,150,21
7517,45,37,8
7518,172,154,18
7519,111,97,14
7520,260,234,26
7521,186,155,31
7522,164,143,21
7523,129,110,19
7524,299,261,38
7525,1013,898,115
7526,155,137,18
7527,240,189,51
7528,519,428,91
7529,76,63,13
7530,216,175,41
7531,304,265,39
7532,221,195,26
7533,201,165,36
7534,625,525,100
7535,51,39,12
7536,42,40,2
7537,79,66,13
7538,139,122,17
7539,250,218,32
7540,593,518,75
7541,290,243,47
7542,90,83,7
7543,96,79,17
7544,72,61,11
7545,145,123,22
7546,265,228,37
7547,346,319,27
7548,143,116,27
7549,417,364,53
7550,161,135,26
7551,162,140,22
7552,72,61,11
7553,131,115,16
7554,35,33,2
7555,126,111,15
7556,57,49,8
7557,132,113,19
7558,109,90,19
7559,51,48,3
7560,56,48,8
7561,46,43,3
7562,152,134,18
7563,104,94,10
7564,310,273,37
7565,258,225,33
7566,315,281,34
7567,180,151,29
7568,360,325,35
7569,166,147,19
7570,552,496,56
7571,253,225,28
7572,161,138,23
7573,131,112,19
7574,787,656,131
7575,331,284,47
7576,107,89,18
7577,217,174,43
7578,73,68,5
7579,195,174,21
7580,94,76,18
7581,113,97,16
7582,188,166,22
7583,139,113,26
7584,92,79,13
7585,321,275,46
7586,229,200,29
7587,174,155,19
7588,95,85,10
7589,156,136,20
7590,354,311,43
7591,128,110,18
7592,157,135,22
7593,106,97,9
7594,102,93,9
7595,162,152,10
7596,194,171,23
7597,149,135,14
7598,355,294,61
7599,298,263,35
7600,262,235,27
7601,176,156,20
7602,346,305,41
7603,613,536,77
7604,681,586,95
7605,199,167,32
7606,94,85,9
7607,121,98,23
7608,463,390,73
7609,86,75,11
7610,142,124,18
7611,450,380,70
7612,68,58,10
7613,112,95,17
7614,122,103,19
7615,54,47,7
7616,43,39,4
7617,211,187,24
7618,158,138,20
7619,243,217,26
7620,91,80,11
7621,120,107,13
7622,34,27,7
7623,715,607,108
7624,167,145,22
7625,205,186,19
7626,458,412,46
7627,209,189,20
7628,377,327,50
7629,121,105,16
7630,330,276,54
7631,748,615,133
7632,114,100,14
7633,331,280,51
7634,471,392,79
7635,239,218,21
7636,409,343,66
7637,247,215,32
7638,64,53,11
7639,63,53,10
7640,118,104,14
7641,107,92,15
7642,60,50,10
7643,184,162,22
7644,158,145,13
7645,138,130,8
7646,242,209,33
7647,443,380,63
7648,91,83,8
7649,529,461,68
7650,233,212,21
7651,61,58,3
7652,74,67,7
7653,172,152,20
7654,257,229,28
7655,114,100,14
7656,61,54,7
7657,598,501,97
7658,517,451,66
7659,391,340,51
7660,122,101,21
7661,444,386,58
7662,943,818,125
7663,141,124,17
7664,159,142,17
7665,238,213,25
7666,703,606,97
7667,224,195,29
7668,993,849,144
7669,923,794,129
7670,620,520,100
7671,159,138,21
7672,588,517,71
7673,285,253,32
7674,104,87,17
7675,123,114,9
7676,119,105,14
7677,159,148,11
7678,56,50,6
7679,36,25,11
7680,474,403,71
7681,78,66,12
7682,147,121,26
7683,86,72,14
7684,38,37,1
7685,49,40,9
7686,40,33,7
7687,209,184,25
7688,227,194,33
7689,161,149,12
7690,467,418,49
7691,201,181,20
7692,413,380,33
7693,232,212,20
7694,131,117,14
7695,176,155,21
7696,125,110,15
7697,120,112,8
7698,328,295,33
7699,401,356,45
7700,116,105,11
7701,266,239,27
7702,260,222,38
7703,89,81,8
7704,144,133,11
7705,232,210,22
7706,219,193,26
7707,584,517,67
7708,259,235,24
7709,203,184,19
7710,564,499,65
7711,113,107,6
7712,176,154,22
7713,192,159,33
7714,305,274,31
7715,147,132,15
7716,242,216,26
7717,433,376,57
7718,556,480,76
7719,402,341,61
7720,119,106,13
7721,155,130,25
7722,135,113,22
7723,212,183,29
7724,423,365,58
7725,213,187,26
7726,287,238,49
7727,487,406,81
7728,124,106,18
7729,89,68,21
7730,270,232,38
7731,254,211,43
7732,56,54,2
7733,146,125,21
7734,42,37,5
7735,29,24,5
7736,54,48,6
7737,63,54,9
7738,85,70,15
7739,67,61,6
7740,52,47,5
7741,127,112,15
7742,189,165,24
7743,164,141,23
7744,145,133,12
7745,531,470,61
7746,279,244,35
7747,390,339,51
7748,499,442,57
7749,139,125,14
7750,618,560,58
7751,343,304,39
7752,302,265,37
7753,112,101,11
7754,219,198,21
7755,522,460,62
7756,62,60,2
7757,135,117,18
7758,133,114,19
7759,121,106,15
7760,121,101,20
7761,199,164,35
7762,408,359,49
7763,594,531,63
7764,202,170,32
7765,147,133,14
7766,54,49,5
7767,186,157,29
7768,157,136,21
7769,109,95,14
7770,137,128,9
7771,165,149,16
7772,100,88,12
7773,131,118,13
7774,182,165,17
7775,110,94,16
7776,169,144,25
7777,122,111,11
7778,81,73,8
7779,63,59,4
7780,145,128,17
7781,118,102,16
7782,99,86,13
7783,152,134,18
7784,141,122,19
7785,181,163,18
7786,131,113,18
7787,177,159,18
7788,96,88,8
7789,117,111,6
7790,56,50,6
7791,202,185,17
7792,160,136,24
7793,162,141,21
7794,57,49,8
7795,150,139,11
7796,114,95,19
7797,163,136,27
7798,149,123,26
7799,87,75,12
7800,129,102,27
7801,169,147,22
7802,61,56,5
7803,168,141,27
7804,282,253,29
7805,194,178,16
7806,521,459,62
7807,361,317,44
7808,87,78,9
7809,50,44,6
7810,152,130,22
7811,616,563,53
7812,223,192,31
7813,304,265,39
7814,160,133,27
7815,200,174,26
7816,218,197,21
7817,203,182,21
7818,202,179,23
7819,371,336,35
7820,411,357,54
7821,202,175,27
7822,158,133,25
7823,61,55,6
7824,283,249,34
7825,206,170,36
7826,461,397,64
7827,166,144,22
7828,300,252,48
7829,152,133,19
7830,560,501,59
7831,328,288,40
7832,158,133,25
7833,215,201,14
7834,197,184,13
7835,140,125,15
7836,300,260,40
7837,251,224,27
7838,138,123,15
7839,180,162,18
7840,144,120,24
7841,137,121,16
7842,115,102,13
7843,340,289,51
7844,475,434,41
7845,271,246,25
7846,261,226,35
7847,41,29,12
7848,109,97,12
7849,586,500,86
7850,137,117,20
7851,394,347,47
7852,256,222,34
7853,75,69,6
7854,105,88,17
7855,129,107,22
7856,139,123,16
7857,156,141,15
7858,313,288,25
7859,858,754,104
7860,576,513,63
7861,156,142,14
7862,183,160,23
7863,650,575,75
7864,175,156,19
7865,1003,860,143
7866,289,258,31
7867,171,148,23
7868,160,143,17
7869,305,274,31
7870,340,302,38
7871,220,199,21
7872,266,237,29
7873,187,162,25
7874,153,139,14
7875,128,121,7
7876,125,115,10
7877,203,179,24
7878,180,159,21
7879,215,215,0
7880,169,159,10
7881,134,118,16
7882,197,168,29
7883,1001,897,104
7884,198,182,16
7885,105,92,13
7886,63,58,5
7887,131,119,12
7888,90,81,9
7889,239,206,33
7890,337,301,36
7891,234,212,22
7892,140,122,18
7893,333,295,38
7894,334,300,34
7895,235,204,31
7896,203,184,19
7897,728,657,71
7898,229,198,31
7899,137,118,19
7900,579,517,62
7901,347,291,56
7902,81,72,9
7903,226,203,23
7904,180,166,14
7905,211,192,19
7906,165,149,16
7907,506,445,61
7908,1013,888,125
7909,145,125,20
7910,142,126,16
7911,53,49,4
7912,104,95,9
7913,68,58,10
7914,171,153,18
7915,597,541,56
7916,279,255,24
7917,187,164,23
7918,364,316,48
7919,303,261,42
7920,204,178,26
7921,300,257,43
7922,41,36,5
7923,112,99,13
7924,219,194,25
7925,480,396,84
7926,406,352,54
7927,155,138,17
7928,172,153,19
7929,123,98,25
7930,677,612,65
7931,226,185,41
7932,115,97,18
7933,139,124,15
7934,708,626,82
7935,130,120,10
7936,641,563,78
7937,449,392,57
7938,791,707,84
7939,83,75,8
7940,445,391,54
7941,221,191,30
7942,134,125,9
7943,104,85,19
7944,262,231,31
7945,127,106,21
7946,267,229,38
7947,159,140,19
7948,141,119,22
7949,137,122,15
7950,357,305,52
7951,288,253,35
7952,114,95,19
7953,239,203,36
7954,374,324,50
7955,123,117,6
7956,112,97,15
7957,238,197,41
7958,48,39,9
7959,60,50,10
7960,235,209,26
7961,281,239,42
7962,734,638,96
7963,231,195,36
7964,117,103,14
7965,91,80,11
7966,315,257,58
7967,318,281,37
7968,143,122,21
7969,76,69,7
7970,210,184,26
7971,384,335,49
7972,231,205,26
7973,132,113,19
7974,492,424,68
7975,56,51,5
7976,190,155,35
7977,362,334,28
7978,175,152,23
7979,312,271,41
7980,383,333,50
7981,269,243,26
7982,229,209,20
7983,604,529,75
7984,140,124,16
7985,123,108,15
7986,130,114,16
7987,108,90,18
7988,42,34,8
7989,253,223,30
7990,133,118,15
7991,176,152,24
7992,133,106,27
7993,138,124,14
7994,230,197,33
7995,127,108,19
7996,106,91,15
7997,151,135,16
7998,684,599,85
7999,169,153,16
8000,126,113,13
8001,251,224,27
8002,312,267,45
8003,146,122,24
8004,187,177,10
8005,225,184,41
8006,173,153,20
8007,447,384,63
8008,122,108,14
8009,214,193,21
8010,168,146,22
8011,96,78,18
8012,217,193,24
8013,176,153,23
8014,141,125,16
8015,606,528,78
8016,152,130,22
8017,150,132,18
8018,167,131,36
8019,141,128,13
8020,120,104,16
8021,404,348,56
8022,108,101,7
8023,258,220,38
8024,349,309,40
8025,557,475,82
8026,42,38,4
8027,176,155,21
8028,1004,842,162
8029,59,52,7
8030,974,839,135
8031,113,98,15
8032,124,106,18
8033,207,186,21
8034,120,100,20
8035,273,224,49
8036,124,101,23
8037,161,131,30
8038,108,91,17
8039,131,117,14
8040,119,100,19
8041,159,135,24
8042,143,121,22
8043,127,106,21
8044,231,199,32
8045,133,116,17
8046,138,124,14
8047,154,136,18
8048,169,148,21
8049,61,56,5
8050,193,162,31
8051,143,127,16
8052,110,99,11
8053,471,419,52
8054,204,171,33
8055,151,137,14
8056,123,103,20
8057,610,512,98
8058,124,105,19
8059,470,415,55
8060,545,472,73
8061,519,465,54
8062,215,191,24
8063,131,114,17
8064,393,337,56
8065,301,271,30
8066,260,239,21
8067,132,110,22
8068,308,264,44
8069,275,234,41
8070,217,189,28
8071,160,134,26
8072,188,165,23
8073,111,101,10
8074,158,146,12
8075,142,120,22
8076,119,105,14
8077,150,131,19
8078,142,125,17
8079,65,57,8
8080,118,107,11
8081,160,139,21
8082,97,89,8
8083,57,51,6
8084,126,105,21
8085,277,246,31
8086,119,106,13
8087,80,72,8
8088,173,142,31
8089,157,135,22
8090,155,135,20
8091,818,701,117
8092,437,378,59
8093,726,621,105
8094,138,117,21
8095,245,207,38
8096,606,521,85
8097,209,169,40
8098,40,37,3
8099,243,217,26
8100,128,112,16
8101,48,44,4
8102,227,212,15
8103,75,68,7
8104,74,64,10
8105,231,205,26
8106,358,317,41
8107,88,79,9
8108,146,134,12
8109,242,217,25
8110,166,134,32
8111,231,208,23
8112,83,75,8
8113,170,150,20
8114,146,122,24
8115,130,111,19
8116,131,114,17
8117,779,691,88
8118,360,324,36
8119,238,215,23
8120,116,103,13
8121,293,259,34
8122,70,66,4
8123,266,231,35
8124,103,92,11
8125,123,109,14
8126,111,100,11
8127,420,382,38
8128,142,123,19
8129,123,111,12
8130,70,61,9
8131,119,103,16
8132,348,305,43
8133,66,60,6
8134,485,425,60
8135,391,338,53
8136,132,117,15
8137,298,261,37
8138,145,127,18
8139,139,124,15
8140,184,157,27
8141,860,707,153
8142,570,512,58
8143,225,182,43
8144,133,118,15
8145,130,97,33
8146,726,631,95
8147,294,261,33
8148,311,279,32
8149,762,652,110
8150,216,180,36
8151,238,206,32
8152,289,259,30
8153,146,126,20
8154,134,108,26
8155,144,123,21
8156,210,184,26
8157,142,124,18
8158,739,627,112
8159,1011,846,165
8160,35,29,6
8161,77,67,10
8162,189,175,14
8163,45,36,9
8164,171,146,25
8165,291,256,35
8166,370,323,47
8167,237,210,27
8168,326,289,37
8169,114,107,7
8170,631,551,80
8171,166,156,10
8172,51,43,8
8173,249,219,30
8174,118,107,11
8175,485,429,56
8176,67,61,6
8177,387,338,49
8178,106,97,9
8179,203,178,25
8180,142,128,14
8181,72,63,9
8182,104,96,8
8183,39,34,5
8184,119,104,15
8185,25,22,3
8186,118,110,8
8187,135,121,14
8188,503,436,67
8189,142,128,14
8190,422,374,48
8191,165,148,17
8192,167,148,19
8193,317,283,34
8194,254,225,29
8195,804,720,84
8196,94,81,13
8197,112,104,8
8198,405,350,55
8199,369,288,81
8200,134,123,11
8201,76,66,10
8202,130,116,14
8203,147,131,16
8204,126,116,10
8205,136,117,19
8206,142,129,13
8207,150,136,14
8208,69,62,7
8209,340,308,32
8210,151,114,37
8211,130,119,11
8212,94,84,10
8213,174,155,19
8214,70,60,10
8215,135,120,15
8216,283,248,35
8217,58,50,8
8218,70,62,8
8219,166,144,22
8220,117,102,15
8221,65,56,9
8222,244,214,30
8223,46,41,5
8224,135,124,11
8225,198,160,38
8226,173,151,22
8227,180,162,18
8228,52,45,7
8229,38,33,5
8230,293,259,34
8231,123,111,12
8232,173,150,23
8233,61,55,6
8234,109,101,8
8235,63,58,5
8236,122,111,11
8237,223,200,23
8238,134,117,17
8239,362,324,38
8240,272,239,33
8241,528,449,79
8242,230,198,32
8243,140,119,21
8244,245,213,32
8245,250,221,29
8246,346,306,40
8247,110,94,16
8248,75,69,6
8249,319,276,43
8250,430,368,62
8251,281,239,42
8252,269,222,47
8253,142,127,15
8254,217,192,25
8255,86,81,5
8256,280,247,33
8257,179,153,26
8258,124,106,18
8259,654,545,109
8260,399,339,60
8261,285,245,40
8262,338,292,46
8263,582,499,83
8264,327,293,34
8265,74,62,12
8266,123,108,15
8267,109,93,16
8268,123,115,8
8269,214,187,27
8270,207,176,31
8271,236,210,26
8272,127,109,18
8273,112,100,12
8274,158,143,15
8275,360,310,50
8276,57,50,7
8277,213,183,30
8278,123,111,12
8279,113,101,12
8280,131,121,10
8281,130,118,12
8282,209,183,26
8283,303,268,35
8284,137,112,25
8285,177,157,20
8286,70,60,10
8287,706,622,84
8288,103,92,11
8289,276,236,40
8290,265,236,29
8291,179,163,16
8292,564,487,77
8293,119,109,10
8294,180,157,23
8295,94,87,7
8296,147,134,13
8297,173,154,19
8298,181,144,37
8299,285,253,32
8300,205,169,36
8301,171,135,36
8302,82,69,13
8303,42,37,5
8304,657,600,57
8305,158,139,19
8306,156,138,18
8307,104,95,9
8308,336,282,54
8309,413,363,50
8310,106,94,12
8311,325,265,60
8312,180,161,19
8313,484,435,49
8314,240,194,46
8315,185,171,14
8316,800,714,86
8317,92,79,13
8318,150,126,24
8319,842,740,102
8320,75,65,10
8321,85,77,8
8322,161,139,22
8323,240,209,31
8324,201,175,26
8325,640,555,85
8326,193,172,21
8327,287,245,42
8328,140,124,16
8329,228,206,22
8330,562,492,70
8331,428,370,58
8332,71,65,6
8333,117,103,14
8334,151,126,25
8335,229,201,28
8336,134,118,16
8337,398,359,39
8338,136,115,21
8339,151,146,5
8340,92,84,8
8341,88,81,7
8342,141,120,21
8343,75,66,9
8344,75,64,11
8345,57,51,6
8346,89,79,10
8347,116,105,11
8348,104,91,13
8349,123,108,15
8350,153,124,29
8351,161,143,18
8352,158,137,21
8353,163,138,25
8354,58,51,7
8355,137,123,14
8356,388,352,36
8357,165,150,15
8358,156,133,23
8359,38,34,4
8360,193,176,17
8361,392,333,59
8362,91,82,9
8363,207,186,21
8364,164,143,21
8365,100,93,7
8366,47,39,8
8367,46,40,6
8368,75,64,11
8369,80,77,3
8370,58,54,4
8371,218,180,38
8372,544,489,55
8373,73,63,10
8374,21,19,2
8375,79,73,6
8376,91,83,8
8377,222,194,28
8378,101,90,11
8379,161,144,17
8380,122,106,16
8381,123,109,14
8382,57,53,4
8383,107,97,10
8384,111,101,10
8385,228,192,36
8386,465,386,79
8387,177,159,18
8388,154,139,15
8389,271,236,35
8390,451,383,68
8391,469,399,70
8392,202,176,26
8393,107,93,14
8394,103,91,12
8395,198,169,29
8396,249,215,34
8397,203,179,24
8398,115,98,17
8399,314,267,47
8400,150,130,20
8401,176,162,14
8402,611,529,82
8403,151,129,22
8404,134,119,15
8405,179,163,16
8406,223,194,29
8407,268,233,35
8408,668,573,95
8409,158,145,13
8410,134,118,16
8411,129,113,16
8412,141,127,14
8413,101,86,15
8414,449,402,47
8415,142,119,23
8416,177,149,28
8417,417,358,59
8418,590,504,86
8419,76,62,14
8420,125,107,18
8421,210,196,14
8422,122,96,26
8423,219,183,36
8424,122,116,6
8425,278,250,28
8426,728,623,105
8427,124,103,21
8428,146,132,14
8429,197,173,24
8430,447,387,60
8431,160,144,16
8432,216,201,15
8433,167,144,23
8434,144,128,16
8435,208,180,28
8436,152,134,18
8437,109,96,13
8438,268,237,31
8439,207,178,29
8440,115,99,16
8441,320,286,34
8442,289,250,39
8443,162,140,22
8444,219,192,27
8445,92,77,15
8446,90,80,10
8447,165,140,25
8448,49,44,5
8449,64,62,2
8450,158,142,16
8451,86,76,10
8452,96,82,14
8453,50,40,10
8454,282,251,31
8455,123,101,22
8456,119,98,21
8457,600,528,72
8458,38,35,3
8459,174,158,16
8460,109,96,13
8461,109,98,11
8462,187,157,30
8463,119,102,17
8464,156,136,20
8465,50,44,6
8466,379,329,50
8467,267,244,23
8468,156,135,21
8469,125,113,12
8470,192,165,27
8471,175,158,17
8472,151,123,28
8473,152,130,22
8474,229,191,38
8475,298,265,33
8476,915,784,131
8477,199,175,24
8478,191,166,25
8479,156,135,21
8480,182,157,25
8481,137,123,14
8482,194,177,17
8483,129,115,14
8484,150,136,14
8485,145,127,18
8486,192,167,25
8487,136,121,15
8488,154,136,18
8489,190,161,29
8490,146,126,20
8491,150,137,13
8492,131,119,12
8493,156,132,24
8494,296,257,39
8495,400,353,47
8496,121,114,7
8497,126,114,12
8498,393,339,54
8499,122,106,16
8500,136,118,18
8501,120,103,17
8502,146,129,17
8503,132,118,14
8504,141,126,15
8505,140,127,13
8506,137,123,14
8507,196,169,27
8508,246,213,33
8509,151,140,11
8510,509,449,60
8511,81,69,12
8512,269,226,43
8513,201,172,29
8514,149,137,12
8515,393,336,57
8516,352,298,54
8517,370,327,43
8518,415,367,48
8519,178,152,26
8520,202,179,23
8521,353,302,51
8522,341,266,75
8523,851,733,118
8524,152,134,18
8525,180,161,19
8526,569,491,78
8527,234,187,47
8528,172,136,36
8529,202,179,23
8530,133,113,20
8531,238,214,24
8532,83,75,8
8533,212,184,28
8534,116,104,12
8535,345,305,40
8536,249,210,39
8537,161,135,26
8538,160,147,13
8539,126,116,10
8540,137,128,9
8541,519,454,65
8542,388,336,52
8543,257,232,25
8544,242,197,45
8545,251,236,15
8546,196,175,21
8547,340,295,45
8548,178,154,24
8549,150,128,22
8550,34,28,6
8551,359,324,35
8552,122,98,24
8553,132,120,12
8554,67,60,7
8555,130,112,18
8556,177,159,18
8557,117,111,6
8558,145,129,16
8559,263,238,25
8560,163,146,17
8561,40,33,7
8562,175,151,24
8563,404,350,54
8564,206,168,38
8565,66,51,15
8566,513,448,65
8567,271,231,40
8568,356,298,58
8569,158,133,25
8570,158,130,28
8571,329,288,41
8572,58,51,7
8573,338,300,38
8574,175,146,29
8575,144,126,18
8576,138,120,18
8577,256,225,31
8578,175,147,28
8579,531,459,72
8580,707,604,103
8581,168,137,31
8582,169,149,20
8583,249,219,30
8584,559,467,92
8585,246,212,34
8586,288,254,34
8587,148,128,20
8588,46,40,6
8589,175,157,18
8590,426,375,51
8591,322,293,29
8592,280,254,26
8593,669,604,65
8594,228,181,47
8595,534,460,74
8596,404,341,63
8597,302,271,31
8598,293,258,35
8599,147,129,18
8600,161,143,18
8601,316,261,55
8602,203,172,31
8603,120,110,10
8604,333,287,46
8605,140,122,18
8606,104,82,22
8607,104,82,22
8608,35,30,5
8609,953,834,119
8610,144,125,19
8611,119,104,15
8612,92,80,12
8613,184,162,22
8614,121,110,11
8615,60,49,11
8616,361,317,44
8617,364,324,40
8618,171,151,20
8619,50,43,7
8620,253,232,21
8621,150,132,18
8622,103,96,7
8623,136,119,17
8624,113,101,12
8625,206,180,26
8626,104,92,12
8627,155,140,15
8628,288,247,41
8629,168,135,33
8630,253,219,34
8631,52,41,11
8632,133,120,13
8633,197,163,34
8634,551,472,79
8635,148,133,15
8636,139,123,16
8637,180,157,23
8638,56,48,8
8639,104,92,12
8640,179,161,18
8641,116,101,15
8642,161,146,15
8643,115,104,11
8644,147,128,19
8645,300,269,31
8646,208,186,22
8647,191,170,21
8648,130,118,12
8649,162,142,20
8650,176,159,17
8651,121,104,17
8652,399,355,44
8653,353,314,39
8654,75,73,2
8655,519,456,63
8656,847,758,89
8657,103,94,9
8658,208,190,18
8659,493,440,53
8660,316,290,26
8661,144,125,19
8662,117,105,12
8663,184,169,15
8664,154,138,16
8665,230,206,24
8666,114,92,22
8667,402,342,60
8668,180,157,23
8669,104,92,12
8670,186,167,19
8671,148,134,14
8672,122,113,9
8673,60,52,8
8674,99,89,10
8675,358,303,55
8676,73,63,10
8677,132,117,15
8678,67,58,9
8679,140,123,17
8680,253,219,34
8681,97,88,9
8682,233,209,24
8683,334,297,37
8684,151,131,20
8685,88,79,9
8686,140,120,20
8687,436,380,56
8688,294,264,30
8689,140,123,17
8690,186,160,26
8691,329,285,44
8692,233,190,43
8693,138,116,22
8694,120,103,17
8695,130,109,21
8696,120,103,17
8697,187,165,22
8698,102,87,15
8699,139,124,15
8700,163,145,18
8701,127,110,17
8702,558,473,85
8703,182,154,28
8704,137,118,19
8705,171,150,21
8706,255,218,37
8707,167,149,18
8708,147,129,18
8709,837,735,102
8710,187,153,34
8711,240,200,40
8712,214,174,40
8713,149,131,18
8714,195,162,33
8715,142,129,13
8716,230,202,28
8717,164,141,23
8718,166,147,19
8719,109,104,5
8720,153,141,12
8721,134,124,10
8722,133,121,12
8723,235,200,35
8724,876,781,95
8725,180,158,22
8726,451,388,63
8727,844,716,128
8728,156,136,20
8729,200,179,21
8730,61,51,10
8731,107,94,13
8732,173,149,24
8733,323,286,37
8734,209,179,30
8735,311,271,40
8736,338,296,42
8737,581,507,74
8738,104,94,10
8739,224,196,28
8740,233,208,25
8741,357,324,33
8742,244,219,25
8743,140,123,17
8744,172,151,21
8745,157,137,20
8746,446,405,41
8747,433,368,65
8748,137,125,12
8749,174,156,18
8750,226,194,32
8751,323,270,53
8752,58,45,13
8753,117,97,20
8754,623,566,57
8755,104,87,17
8756,848,720,128
8757,172,139,33
8758,227,190,37
8759,125,105,20
8760,526,452,74
8761,294,261,33
8762,183,157,26
8763,215,190,25
8764,425,385,40
8765,153,138,15
8766,131,106,25
8767,257,199,58
8768,180,159,21
8769,532,461,71
8770,161,139,22
8771,620,544,76
8772,261,222,39
8773,226,192,34
8774,137,122,15
8775,118,111,7
8776,135,118,17
8777,249,219,30
8778,190,168,22
8779,154,140,14
8780,626,552,74
8781,138,118,20
8782,288,244,44
8783,331,299,32
8784,145,130,15
8785,181,159,22
8786,482,430,52
8787,316,284,32
8788,306,282,24
8789,209,179,30
8790,663,561,102
8791,170,156,14
8792,629,540,89
8793,169,149,20
8794,191,168,23
8795,77,68,9
8796,44,39,5
8797,205,174,31
8798,419,365,54
8799,98,92,6
8800,134,122,12
8801,85,78,7
8802,128,114,14
8803,144,129,15
8804,542,470,72
8805,62,55,7
8806,69,63,6
8807,176,157,19
8808,875,789,86
8809,142,126,16
8810,124,106,18
8811,123,107,16
8812,156,141,15
8813,174,152,22
8814,357,323,34
8815,538,488,50
8816,101,91,10
8817,129,119,10
8818,130,117,13
8819,156,138,18
8820,323,290,33
8821,185,170,15
8822,227,204,23
8823,189,166,23
8824,955,807,148
8825,401,364,37
8826,227,196,31
8827,194,168,26
8828,122,105,17
8829,20,14,6
8830,42,40,2
8831,183,164,19
8832,120,104,16
8833,65,52,13
8834,179,156,23
8835,542,497,45
8836,41,38,3
8837,175,151,24
8838,184,166,18
8839,134,120,14
8840,63,59,4
8841,154,131,23
8842,538,484,54
8843,301,258,43
8844,192,170,22
8845,329,296,33
8846,581,509,72
8847,861,744,117
8848,205,173,32
8849,967,866,101
8850,303,261,42
8851,256,230,26
8852,1019,894,125
8853,478,423,55
8854,227,206,21
8855,424,369,55
8856,521,446,75
8857,862,768,94
8858,305,265,40
8859,470,434,36
8860,669,614,55
8861,134,116,18
8862,135,118,17
8863,143,134,9
8864,124,106,18
8865,121,104,17
8866,248,222,26
8867,164,135,29
8868,199,179,20
8869,61,52,9
8870,56,50,6
8871,45,37,8
8872,184,155,29
8873,105,87,18
8874,100,83,17
8875,163,143,20
8876,470,429,41
8877,171,152,19
8878,139,123,16
8879,105,92,13
8880,521,460,61
8881,248,221,27
8882,570,492,78
8883,139,125,14
8884,117,97,20
8885,365,314,51
8886,156,134,22
8887,146,133,13
8888,121,114,7
8889,226,199,27
8890,183,165,18
8891,336,293,43
8892,88,78,10
8893,304,246,58
8894,193,165,28
8895,115,104,11
8896,366,313,53
8897,143,131,12
8898,298,263,35
8899,84,66,18
8900,74,64,10
8901,76,61,15
8902,100,92,8
8903,95,88,7
8904,137,112,25
8905,305,268,37
8906,138,126,12
8907,111,98,13
8908,65,57,8
8909,332,284,48
8910,384,322,62
8911,172,156,16
8912,133,124,9
8913,231,207,24
8914,364,306,58
8915,152,134,18
8916,99,92,7
8917,218,190,28
8918,366,326,40
8919,88,80,8
8920,118,103,15
8921,112,98,14
8922,228,203,25
8923,245,217,28
8924,146,131,15
8925,560,504,56
8926,109,100,9
8927,142,127,15
8928,366,321,45
8929,140,124,16
8930,272,240,32
8931,402,358,44
8932,306,264,42
8933,87,78,9
8934,63,58,5
8935,116,102,14
8936,72,61,11
8937,61,56,5
8938,226,195,31
8939,186,164,22
8940,205,177,28
8941,163,144,19
8942,149,129,20
8943,120,110,10
8944,185,165,20
8945,286,254,32
8946,125,110,15
8947,456,396,60
8948,208,176,32
8949,124,114,10
8950,561,503,58
8951,207,194,13
8952,202,174,28
8953,369,315,54
8954,165,151,14
8955,179,146,33
8956,168,147,21
8957,111,89,22
8958,56,48,8
8959,92,80,12
8960,189,175,14
8961,183,161,22
8962,122,107,15
8963,194,182,12
8964,165,146,19
8965,80,72,8
8966,117,104,13
8967,185,162,23
8968,554,451,103
8969,132,108,24
8970,143,131,12
8971,54,43,11
8972,104,90,14
8973,169,144,25
8974,120,113,7
8975,215,196,19
8976,377,334,43
8977,145,137,8
8978,211,175,36
8979,83,73,10
8980,73,61,12
8981,59,53,6
8982,90,72,18
8983,61,53,8
8984,172,152,20
8985,44,37,7
8986,404,344,60
8987,195,175,20
8988,128,111,17
8989,61,51,10
8990,132,115,17
8991,114,96,18
8992,107,95,12
8993,137,124,13
8994,60,51,9
8995,111,98,13
8996,170,146,24
8997,153,133,20
8998,167,147,20
8999,201,172,29
9000,267,227,40
9001,129,110,19
9002,100,93,7
9003,133,117,16
9004,133,120,13
9005,91,80,11
9006,72,64,8
9007,526,445,81
9008,331,301,30
9009,123,113,10
9010,208,188,20
9011,92,77,15
9012,172,149,23
9013,118,108,10
9014,218,191,27
9015,193,177,16
9016,135,122,13
9017,719,630,89
9018,60,53,7
9019,400,347,53
9020,103,95,8
9021,217,193,24
9022,243,221,22
9023,196,165,31
9024,505,448,57
9025,151,128,23
9026,245,206,39
9027,197,186,11
9028,373,326,47
9029,143,121,22
9030,313,260,53
9031,54,51,3
9032,139,118,21
9033,112,95,17
9034,140,120,20
9035,97,80,17
9036,165,151,14
9037,582,520,62
9038,149,139,10
9039,135,118,17
9040,257,235,22
9041,127,111,16
9042,139,116,23
9043,149,144,5
9044,172,152,20
9045,289,254,35
9046,866,772,94
9047,298,269,29
9048,728,639,89
9049,202,178,24
9050,115,83,32
9051,120,108,12
9052,165,146,19
9053,159,148,11
9054,66,59,7
9055,204,186,18
9056,357,301,56
9057,132,112,20
9058,692,602,90
9059,319,281,38
9060,193,173,20
9061,215,188,27
9062,308,273,35
9063,265,240,25
9064,242,205,37
9065,131,111,20
9066,422,378,44
9067,66,61,5
9068,749,675,74
9069,484,433,51
9070,119,108,11
9071,169,151,18
9072,78,69,9
9073,72,61,11
9074,213,185,28
9075,147,128,19
9076,851,746,105
9077,182,164,18
9078,158,141,17
9079,196,174,22
9080,127,104,23
9081,119,105,14
9082,60,49,11
9083,125,111,14
9084,119,102,17
9085,172,154,18
9086,288,251,37
9087,419,367,52
9088,127,113,14
9089,124,106,18
9090,135,125,10
9091,236,207,29
9092,310,270,40
9093,675,588,87
9094,304,271,33
9095,624,557,67
9096,326,281,45
9097,111,98,13
9098,238,199,39
9099,238,216,22
9100,305,281,24
9101,203,176,27
9102,194,169,25
9103,949,846,103
9104,466,402,64
9105,837,729,108
9106,318,283,35
9107,252,224,28
9108,139,113,26
9109,132,116,16
9110,81,76,5
9111,124,103,21
9112,245,207,38
9113,138,122,16
9114,134,120,14
9115,162,131,31
9116,376,331,45
9117,101,90,11
9118,41,32,9
9119,113,101,12
9120,126,111,15
9121,77,69,8
9122,171,148,23
9123,44,42,2
9124,216,187,29
9125,153,138,15
9126,252,221,31
9127,94,83,11
9128,193,175,18
9129,136,124,12
9130,248,219,29
9131,149,128,21
9132,47,39,8
9133,285,242,43
9134,429,384,45
9135,573,513,60
9136,312,279,33
9137,123,111,12
9138,657,566,91
9139,81,74,7
9140,136,116,20
9141,97,85,12
9142,44,41,3
9143,130,114,16
9144,63,57,6
9145,561,505,56
9146,198,175,23
9147,432,388,44
9148,112,102,10
9149,165,149,16
9150,145,136,9
9151,494,433,61
9152,96,90,6
9153,72,60,12
9154,138,122,16
9155,289,253,36
9156,677,596,81
9157,77,69,8
9158,131,113,18
9159,147,134,13
9160,149,134,15
9161,124,111,13
9162,308,275,33
9163,580,503,77
9164,175,151,24
9165,81,74,7
9166,133,115,18
9167,477,417,60
9168,212,184,28
9169,460,408,52
9170,117,106,11
9171,577,511,66
9172,112,100,12
9173,290,256,34
9174,164,145,19
9175,234,205,29
9176,186,173,13
9177,360,313,47
9178,430,376,54
9179,138,118,20
9180,215,197,18
9181,206,189,17
9182,213,188,25
9183,148,138,10
9184,201,176,25
9185,129,117,12
9186,210,185,25
9187,143,126,17
9188,133,116,17
9189,169,151,18
9190,234,209,25
9191,114,96,18
9192,124,103,21
9193,297,247,50
9194,162,145,17
9195,111,98,13
9196,141,124,17
9197,148,135,13
9198,287,252,35
9199,287,247,40
9200,152,143,9
9201,136,121,15
9202,410,346,64
9203,464,407,57
9204,193,177,16
9205,225,206,19
9206,201,177,24
9207,258,223,35
9208,141,127,14
9209,121,108,13
9210,194,175,19
9211,123,110,13
9212,156,135,21
9213,138,123,15
9214,164,146,18
9215,128,118,10
9216,106,95,11
9217,148,133,15
9218,130,118,12
9219,140,125,15
9220,168,156,12
9221,609,530,79
9222,440,398,42
9223,278,251,27
9224,140,127,13
9225,209,186,23
9226,199,182,17
9227,295,256,39
9228,205,184,21
9229,465,420,45
9230,239,211,28
9231,545,489,56
9232,32,28,4
9233,340,297,43
9234,67,60,7
9235,129,110,19
9236,187,173,14
9237,172,154,18
9238,442,402,40
9239,335,296,39
9240,109,101,8
9241,101,92,9
9242,378,323,55
9243,41,38,3
9244,130,115,15
9245,297,243,54
9246,90,73,17
9247,63,53,10
9248,52,43,9
9249,58,52,6
9250,78,67,11
9251,76,69,7
9252,197,167,30
9253,135,113,22
9254,241,225,16
9255,412,362,50
9256,83,69,14
9257,101,89,12
9258,146,131,15
9259,110,99,11
9260,95,78,17
9261,79,71,8
9262,146,132,14
9263,347,311,36
9264,346,311,35
9265,201,185,16
9266,120,104,16
9267,506,446,60
9268,469,410,59
9269,98,83,15
9270,172,142,30
9271,154,141,13
9272,194,172,22
9273,365,330,35
9274,169,144,25
9275,183,150,33
9276,199,174,25
9277,295,264,31
9278,292,251,41
9279,292,251,41
9280,126,120,6
9281,183,144,39
9282,307,263,44
9283,193,160,33
9284,243,210,33
9285,575,493,82
9286,194,164,30
9287,95,86,9
9288,142,129,13
9289,227,194,33
9290,734,603,131
9291,196,170,26
9292,265,234,31
9293,328,283,45
9294,258,220,38
9295,422,387,35
9296,126,113,13
9297,120,107,13
9298,291,264,27
9299,169,152,17
9300,285,252,33
9301,240,219,21
9302,137,125,12
9303,162,149,13
9304,151,136,15
9305,238,213,25
9306,188,168,20
9307,299,270,29
9308,534,477,57
9309,141,124,17
9310,119,109,10
9311,304,266,38
9312,453,401,52
9313,370,341,29
9314,141,123,18
9315,121,107,14
9316,126,109,17
9317,159,138,21
9318,374,332,42
9319,136,126,10
9320,36,34,2
9321,66,58,8
9322,130,117,13
9323,117,102,15
9324,139,121,18
9325,121,101,20
9326,130,115,15
9327,124,114,10
9328,122,106,16
9329,65,54,11
9330,585,508,77
9331,295,258,37
9332,174,163,11
9333,118,110,8
9334,141,124,17
9335,124,117,7
9336,185,160,25
9337,108,94,14
9338,283,242,41
9339,165,144,21
9340,177,154,23
9341,145,127,18
9342,160,145,15
9343,272,244,28
9344,144,131,13
9345,168,150,18
9346,293,257,36
9347,47,44,3
9348,274,249,25
9349,113,92,21
9350,374,325,49
9351,150,127,23
9352,316,273,43
9353,117,96,21
9354,167,155,12
9355,176,161,15
9356,127,108,19
9357,46,38,8
9358,111,93,18
9359,162,139,23
9360,324,282,42
9361,203,184,19
9362,287,238,49
9363,253,222,31
9364,76,65,11
9365,257,229,28
9366,90,82,8
9367,266,233,33
9368,180,153,27
9369,138,119,19
9370,105,93,12
9371,107,97,10
9372,172,150,22
9373,190,174,16
9374,322,291,31
9375,30,30,0
9376,130,116,14
9377,145,127,18
9378,119,107,12
9379,153,130,23
9380,159,120,39
9381,301,273,28
9382,215,185,30
9383,170,150,20
9384,259,209,50
9385,67,62,5
9386,216,192,24
9387,82,73,9
9388,125,110,15
9389,193,157,36
9390,197,177,20
9391,81,70,11
9392,92,86,6
9393,188,174,14
9394,89,75,14
9395,222,185,37
9396,568,497,71
9397,45,41,4
9398,92,74,18
9399,188,165,23
9400,128,107,21
9401,150,131,19
9402,67,61,6
9403,52,43,9
9404,77,65,12
9405,70,56,14
9406,79,71,8
9407,89,78,11
9408,174,153,21
9409,102,88,14
9410,119,108,11
9411,66,59,7
9412,144,118,26
9413,70,52,18
9414,273,241,32
9415,143,122,21
9416,126,106,20
9417,129,112,17
9418,51,46,5
9419,146,125,21
9420,355,305,50
9421,165,156,9
9422,663,581,82
9423,119,96,23
9424,221,179,42
9425,223,190,33
9426,207,178,29
9427,120,104,16
9428,214,188,26
9429,647,550,97
9430,195,162,33
9431,178,149,29
9432,122,103,19
9433,118,102,16
9434,277,236,41
9435,217,182,35
9436,118,101,17
9437,250,227,23
9438,168,143,25
9439,171,143,28
9440,209,177,32
9441,215,187,28
9442,354,307,47
9443,119,105,14
9444,181,153,28
9445,36,31,5
9446,98,82,16
9447,183,167,16
9448,121,106,15
9449,153,137,16
9450,118,92,26
9451,133,121,12
9452,157,138,19
9453,160,139,21
9454,147,137,10
9455,326,274,52
9456,77,70,7
9457,125,109,16
9458,213,189,24
9459,121,111,10
9460,154,130,24
9461,164,135,29
9462,190,168,22
9463,166,142,24
9464,133,115,18
9465,349,319,30
9466,258,225,33
9467,47,46,1
9468,77,66,11
9469,244,193,51
9470,215,183,32
9471,43,39,4
9472,126,111,15
9473,115,106,9
9474,291,257,34
9475,110,101,9
9476,169,149,20
9477,97,92,5
9478,126,108,18
9479,164,138,26
9480,118,104,14
9481,94,86,8
9482,113,106,7
9483,134,118,16
9484,178,161,17
9485,168,150,18
9486,45,38,7
9487,220,199,21
9488,118,106,12
9489,156,141,15
9490,156,143,13
9491,125,110,15
9492,228,191,37
9493,916,784,132
9494,314,282,32
9495,235,210,25
9496,373,328,45
9497,20,16,4
9498,137,118,19
9499,361,320,41
9500,182,160,22
9501,53,41,12
9502,117,107,10
9503,214,199,15
9504,205,180,25
9505,99,88,11
9506,248,219,29
9507,54,49,5
9508,369,312,57
9509,323,281,42
9510,186,168,18
9511,366,316,50
9512,40,33,7
9513,295,267,28
9514,131,114,17
9515,167,144,23
9516,121,114,7
9517,232,204,28
9518,90,85,5
9519,71,66,5
9520,167,150,17
9521,220,200,20
9522,166,150,16
9523,125,116,9
9524,279,253,26
9525,518,454,64
9526,143,130,13
9527,51,43,8
9528,654,568,86
9529,65,54,11
9530,155,140,15
9531,201,176,25
9532,219,179,40
9533,135,123,12
9534,197,174,23
9535,169,157,12
9536,142,130,12
9537,116,99,17
9538,147,130,17
9539,200,182,18
9540,384,345,39
9541,213,188,25
9542,250,220,30
9543,195,180,15
9544,310,271,39
9545,129,117,12
9546,140,127,13
9547,131,117,14
9548,214,187,27
9549,150,126,24
9550,125,116,9
9551,126,108,18
9552,195,163,32
9553,172,152,20
9554,151,133,18
9555,132,121,11
9556,352,304,48
9557,203,187,16
9558,39,33,6
9559,160,150,10
9560,57,51,6
9561,232,200,32
9562,57,52,5
9563,395,360,35
9564,46,43,3
9565,151,139,12
9566,67,58,9
9567,80,75,5
9568,307,282,25
9569,41,38,3
9570,66,57,9
9571,159,131,28
9572,142,126,16
9573,407,365,42
9574,562,505,57
9575,116,102,14
9576,141,127,14
9577,302,270,32
9578,616,538,78
9579,336,298,38
9580,323,282,41
9581,187,169,18
9582,335,308,27
9583,411,377,34
9584,183,169,14
9585,259,230,29
9586,197,177,20
9587,190,169,21
9588,129,119,10
9589,106,87,19
9590,92,80,12
9591,65,60,5
9592,152,142,10
9593,162,143,19
9594,224,202,22
9595,186,162,24
9596,60,50,10
9597,110,96,14
9598,476,427,49
9599,110,93,17
9600,393,365,28
9601,127,119,8
9602,139,129,10
9603,227,205,22
9604,349,321,28
9605,323,298,25
9606,334,286,48
9607,62,59,3
9608,163,149,14
9609,196,172,24
9610,101,89,12
9611,169,152,17
9612,111,96,15
9613,37,34,3
9614,225,200,25
9615,485,434,51
9616,136,118,18
9617,155,134,21
9618,186,159,27
9619,137,122,15
9620,90,78,12
9621,143,122,21
9622,148,126,22
9623,510,445,65
9624,314,276,38
9625,111,103,8
9626,192,177,15
9627,129,118,11
9628,48,44,4
9629,45,43,2
9630,34,28,6
9631,148,131,17
9632,398,336,62
9633,143,124,19
9634,312,276,36
9635,137,121,16
9636,301,265,36
9637,197,170,27
9638,126,111,15
9639,174,139,35
9640,139,114,25
9641,470,413,57
9642,173,148,25
9643,111,104,7
9644,143,130,13
9645,219,193,26
9646,120,107,13
9647,192,173,19
9648,188,168,20
9649,128,117,11
9650,119,111,8
9651,136,130,6
9652,113,104,9
9653,131,116,15
9654,113,99,14
9655,140,130,10
9656,180,162,18
9657,285,250,35
9658,174,158,16
9659,214,187,27
9660,438,403,35
9661,153,133,20
9662,322,283,39
9663,402,358,44
9664,180,169,11
9665,185,169,16
9666,819,731,88
9667,399,355,44
9668,264,235,29
9669,449,397,52
9670,129,105,24
9671,116,100,16
9672,268,239,29
9673,538,452,86
9674,352,302,50
9675,768,690,78
9676,366,325,41
9677,157,139,18
9678,171,146,25
9679,177,158,19
9680,219,195,24
9681,160,144,16
9682,152,137,15
9683,782,692,90
9684,130,116,14
9685,326,284,42
9686,56,51,5
9687,234,214,20
9688,55,48,7
9689,95,80,15
9690,57,49,8
9691,84,78,6
9692,126,116,10
9693,96,83,13
9694,91,77,14
9695,110,97,13
9696,245,213,32
9697,122,105,17
9698,223,195,28
9699,68,58,10
9700,188,172,16
9701,175,154,21
9702,413,359,54
9703,122,110,12
9704,695,603,92
9705,210,183,27
9706,100,84,16
9707,529,446,83
9708,216,182,34
9709,201,176,25
9710,131,118,13
9711,48,45,3
9712,169,155,14
9713,111,103,8
9714,303,265,38
9715,302,262,40
9716,315,280,35
9717,346,306,40
9718,124,107,17
9719,125,111,14
9720,189,158,31
9721,274,242,32
9722,290,255,35
9723,86,76,10
9724,44,38,6
9725,131,113,18
9726,113,96,17
9727,124,110,14
9728,283,248,35
9729,135,118,17
9730,108,100,8
9731,129,114,15
9732,309,278,31
9733,626,555,71
9734,130,122,8
9735,157,142,15
9736,770,660,110
9737,123,109,14
9738,288,251,37
9739,221,183,38
9740,199,167,32
9741,330,278,52
9742,511,443,68
9743,440,386,54
9744,134,115,19
9745,213,181,32
9746,129,112,17
9747,387,338,49
9748,142,130,12
9749,142,126,16
9750,139,116,23
9751,152,136,16
9752,248,219,29
9753,207,184,23
9754,313,285,28
9755,137,118,19
9756,154,139,15
9757,387,328,59
9758,233,207,26
9759,162,138,24
9760,117,103,14
9761,56,52,4
9762,211,179,32
9763,203,180,23
9764,112,96,16
9765,422,360,62
9766,188,149,39
9767,581,488,93
9768,122,101,21
9769,128,117,11
9770,93,83,10
9771,71,68,3
9772,86,75,11
9773,143,123,20
9774,586,520,66
9775,160,139,21
9776,1733,1478,255
9777,180,165,15
9778,509,431,78
9779,306,271,35
9780,397,341,56
9781,60,53,7
9782,109,101,8
9783,390,327,63
9784,142,128,14
9785,110,91,19
9786,81,70,11
9787,224,198,26
9788,133,122,11
9789,143,122,21
9790,204,178,26
9791,73,62,11
9792,81,70,11
9793,581,511,70
9794,513,454,59
9795,832,745,87
9796,70,63,7
9797,48,43,5
9798,131,116,15
9799,132,116,16
9800,137,122,15
9801,150,125,25
9802,179,160,19
9803,43,37,6
9804,216,192,24
9805,100,85,15
9806,148,132,16
9807,119,108,11
9808,128,111,17
9809,206,188,18
9810,95,82,13
9811,88,77,11
9812,96,87,9
9813,150,134,16
9814,99,86,13
9815,91,79,12
9816,152,127,25
9817,278,250,28
9818,178,149,29
9819,176,143,33
9820,145,123,22
9821,285,247,38
9822,122,109,13
9823,914,789,125
9824,225,206,19
9825,165,147,18
9826,72,66,6
9827,86,74,12
9828,55,48,7
9829,149,128,21
9830,291,258,33
9831,195,168,27
9832,193,173,20
9833,254,220,34
9834,72,65,7
9835,130,115,15
9836,87,79,8
9837,238,213,25
9838,109,100,9
9839,62,58,4
9840,158,142,16
9841,118,101,17
9842,138,126,12
9843,367,323,44
9844,129,118,11
9845,221,193,28
9846,162,148,14
9847,629,541,88
9848,373,316,57
9849,129,117,12
9850,136,122,14
9851,113,96,17
9852,126,105,21
9853,56,51,5
9854,125,99,26
9855,119,106,13
9856,186,169,17
9857,164,146,18
9858,52,46,6
9859,68,62,6
9860,125,117,8
9861,146,134,12
9862,490,423,67
9863,272,243,29
9864,368,314,54
9865,168,150,18
9866,716,614,102
9867,91,83,8
9868,163,142,21
9869,650,564,86
9870,141,122,19
9871,290,258,32
9872,85,75,10
9873,66,57,9
9874,163,153,10
9875,165,150,15
9876,144,126,18
9877,161,148,13
9878,277,230,47
9879,109,90,19
9880,602,529,73
9881,129,120,9
9882,230,202,28
9883,199,178,21
9884,106,97,9
9885,122,107,15
9886,243,218,25
9887,197,152,45
9888,219,191,28
9889,201,177,24
9890,131,113,18
9891,118,103,15
9892,185,145,40
9893,266,223,43
9894,126,106,20
9895,159,138,21
9896,63,51,12
9897,68,57,11
9898,280,247,33
9899,275,230,45
9900,299,267,32
9901,182,157,25
9902,186,169,17
9903,310,271,39
9904,266,234,32
9905,260,229,31
9906,266,231,35
9907,38,31,7
9908,151,134,17
9909,130,123,7
9910,26,24,2
9911,150,131,19
9912,150,131,19
9913,133,121,12
9914,213,187,26
9915,180,160,20
9916,127,114,13
9917,145,131,14
9918,166,143,23
9919,434,394,40
9920,502,438,64
9921,136,121,15
9922,130,115,15
9923,123,113,10
9924,737,661,76
9925,139,124,15
9926,231,202,29
9927,164,152,12
9928,138,123,15
9929,179,159,20
9930,316,270,46
9931,130,116,14
9932,121,107,14
9933,535,472,63
9934,153,131,22
9935,143,127,16
9936,602,531,71
9937,90,78,12
9938,140,125,15
9939,72,58,14
9940,292,260,32
9941,379,325,54
9942,415,351,64
9943,608,505,103
9944,79,75,4
9945,59,50,9
9946,113,98,15
9947,231,203,28
9948,140,130,10
9949,264,238,26
9950,225,199,26
9951,38,33,5
9952,62,53,9
9953,138,121,17
9954,392,333,59
9955,125,109,16
9956,66,53,13
9957,348,300,48
9958,227,196,31
9959,121,100,21
9960,64,53,11
9961,131,113,18
9962,256,229,27
9963,131,117,14
9964,147,131,16
9965,370,331,39
9966,219,193,26
9967,131,117,14
9968,284,238,46
9969,227,200,27
9970,203,177,26
9971,134,114,20
9972,434,370,64
9973,198,170,28
9974,506,432,74
9975,131,116,15
9976,120,102,18
9977,59,52,7
9978,167,137,30
9979,233,195,38
9980,421,374,47
9981,191,171,20
9982,115,91,24
9983,705,601,104
9984,198,171,27
9985,147,123,24
9986,130,103,27
9987,111,94,17
9988,202,169,33
9989,96,84,12
9990,122,99,23
9991,318,265,53
9992,360,311,49
9993,167,146,21
9994,244,210,34
9995,154,137,17
9996,139,130,9
9997,120,102,18
9998,147,134,13
9999,352,309,43
10000,185,159,26
10001,146,124,22
10002,437,379,58
10003,692,602,90
10004,499,417,82
10005,468,397,71
10006,123,108,15
10007,110,96,14
10008,178,160,18
10009,168,145,23
10010,445,370,75
10011,194,172,22
10012,583,524,59
10013,143,122,21
10014,51,47,4
10015,173,154,19
10016,187,169,18
10017,133,114,19
10018,310,270,40
10019,213,191,22
10020,303,248,55
10021,136,113,23
10022,120,101,19
10023,156,129,27
10024,71,62,9
10025,55,50,5
10026,70,66,4
10027,64,56,8
10028,141,121,20
10029,65,60,5
10030,44,38,6
10031,154,130,24
10032,120,102,18
10033,136,118,18
10034,239,214,25
10035,171,153,18
10036,124,113,11
10037,116,103,13
10038,205,169,36
10039,179,148,31
10040,184,161,23
10041,126,100,26
10042,125,110,15
10043,162,135,27
10044,147,129,18
10045,120,111,9
10046,119,112,7
10047,115,98,17
10048,91,67,24
10049,40,31,9
10050,62,60,2
10051,88,77,11
10052,490,412,78
10053,427,365,62
10054,134,126,8
10055,196,174,22
10056,769,648,121
10057,87,79,8
10058,50,48,2
10059,284,219,65
10060,210,174,36
10061,169,143,26
10062,148,130,18
10063,346,293,53
10064,64,57,7
10065,402,354,48
10066,267,211,56
10067,381,308,73
10068,255,215,40
10069,275,242,33
10070,156,139,17
10071,287,254,33
10072,346,298,48
10073,203,174,29
10074,128,112,16
10075,125,112,13
10076,126,107,19
10077,314,269,45
10078,119,108,11
10079,175,152,23
10080,177,150,27
10081,334,291,43
10082,185,165,20
10083,305,281,24
10084,232,208,24
10085,163,142,21
10086,294,257,37
10087,155,142,13
10088,131,112,19
10089,281,242,39
10090,138,117,21
10091,137,126,11
10092,706,632,74
10093,229,201,28
10094,149,133,16
10095,154,138,16
10096,210,187,23
10097,282,254,28
10098,123,101,22
10099,132,110,22
10100,904,772,132
10101,242,215,27
10102,355,316,39
10103,256,219,37
10104,631,539,92
10105,315,269,46
10106,453,387,66
10107,708,620,88
10108,289,253,36
10109,131,112,19
10110,183,155,28
10111,83,70,13
10112,111,96,15
10113,85,76,9
10114,128,105,23
10115,45,38,7
10116,224,192,32
10117,178,153,25
10118,177,155,22
10119,330,285,45
10120,219,184,35
10121,344,289,55
10122,347,308,39
10123,232,207,25
10124,572,493,79
10125,369,305,64
10126,106,89,17
10127,355,316,39
10128,114,102,12
10129,67,57,10
10130,620,534,86
10131,287,246,41
10132,82,74,8
10133,144,134,10
10134,138,125,13
10135,44,39,5
10136,66,60,6
10137,115,97,18
10138,174,152,22
10139,245,217,28
10140,185,155,30
10141,171,147,24
10142,151,136,15
10143,98,86,12
10144,187,162,25
10145,146,129,17
10146,204,178,26
10147,266,236,30
10148,133,119,14
10149,522,454,68
10150,338,284,54
10151,177,159,18
10152,288,254,34
10153,210,178,32
10154,267,234,33
10155,456,410,46
10156,261,231,30
10157,364,307,57
10158,122,110,12
10159,172,156,16
10160,293,260,33
10161,581,523,58
10162,38,35,3
10163,138,123,15
10164,141,139,2
10165,213,174,39
10166,115,91,24
10167,244,210,34
10168,175,151,24
10169,278,245,33
10170,122,107,15
10171,142,127,15
10172,100,89,11
10173,110,101,9
10174,164,140,24
10175,179,167,12
10176,730,623,107
10177,140,128,12
10178,168,142,26
10179,181,152,29
10180,396,340,56
10181,108,91,17
10182,252,209,43
10183,133,120,13
10184,228,195,33
10185,322,271,51
10186,187,159,28
10187,73,64,9
10188,687,606,81
10189,303,270,33
10190,354,325,29
10191,117,95,22
10192,199,176,23
10193,84,75,9
10194,128,110,18
10195,62,50,12
10196,553,456,97
10197,184,165,19
10198,263,228,35
10199,128,107,21
10200,1017,871,146
10201,435,397,38
10202,99,85,14
10203,167,148,19
10204,749,642,107
10205,171,156,15
10206,127,106,21
10207,119,91,28
10208,122,112,10
10209,180,159,21
10210,195,171,24
10211,146,131,15
10212,204,168,36
10213,217,191,26
10214,192,165,27
10215,130,113,17
10216,211,185,26
10217,270,235,35
10218,369,335,34
10219,138,126,12
10220,172,148,24
10221,140,123,17
10222,159,139,20
10223,217,194,23
10224,171,163,8
10225,57,51,6
10226,249,228,21
10227,62,53,9
10228,140,126,14
10229,91,81,10
10230,122,101,21
10231,73,62,11
10232,544,478,66
10233,198,179,19
10234,113,101,12
10235,476,435,41
10236,170,143,27
10237,581,511,70
10238,488,433,55
10239,368,302,66
10240,289,251,38
10241,318,280,38
10242,613,540,73
10243,271,251,20
10244,128,117,11
10245,304,258,46
10246,290,252,38
10247,192,177,15
10248,136,119,17
10249,124,107,17
10250,140,122,18
10251,317,274,43
10252,389,354,35
10253,83,74,9
10254,426,371,55
10255,366,313,53
10256,385,334,51
10257,217,190,27
10258,700,614,86
10259,473,411,62
10260,119,107,12
10261,190,159,31
10262,311,278,33
10263,550,486,64
10264,78,67,11
10265,482,415,67
10266,727,627,100
10267,314,262,52
10268,380,338,42
10269,323,266,57
10270,231,193,38
10271,541,463,78
10272,603,520,83
10273,199,174,25
10274,114,97,17
10275,45,40,5
10276,123,105,18
10277,179,163,16
10278,367,326,41
10279,159,139,20
10280,1008,885,123
10281,168,143,25
10282,176,155,21
10283,548,475,73
10284,334,287,47
10285,412,359,53
10286,204,179,25
10287,135,114,21
10288,154,128,26
10289,126,115,11
10290,197,182,15
10291,175,143,32
10292,261,224,37
10293,802,681,121
10294,184,164,20
10295,38,35,3
10296,328,284,44
10297,93,76,17
10298,163,143,20
10299,146,127,19
10300,49,46,3
10301,38,36,2
10302,206,185,21
10303,184,163,21
10304,107,95,12
10305,104,94,10
10306,341,309,32
10307,227,198,29
10308,402,355,47
10309,169,139,30
10310,131,117,14
10311,264,226,38
10312,202,172,30
10313,135,127,8
10314,130,125,5
10315,47,43,4
10316,167,144,23
10317,132,120,12
10318,56,48,8
10319,56,49,7
10320,232,204,28
10321,131,117,14
10322,118,105,13
10323,70,60,10
10324,73,63,10
10325,140,113,27
10326,266,234,32
10327,298,270,28
10328,527,463,64
10329,112,95,17
10330,183,149,34
10331,308,259,49
10332,198,171,27
10333,193,173,20
10334,145,126,19
10335,501,445,56
10336,306,283,23
10337,589,522,67
10338,317,270,47
10339,388,347,41
10340,822,696,126
10341,103,91,12
10342,115,103,12
10343,237,212,25
10344,163,142,21
10345,546,473,73
10346,90,79,11
10347,322,275,47
10348,312,280,32
10349,278,236,42
10350,193,164,29
10351,243,215,28
10352,123,107,16
10353,472,395,77
10354,135,119,16
10355,157,149,8
10356,698,606,92
10357,111,97,14
10358,158,139,19
10359,306,269,37
10360,399,336,63
10361,73,67,6
10362,433,401,32
10363,79,67,12
10364,189,162,27
10365,115,102,13
10366,55,50,5
10367,359,310,49
10368,123,112,11
10369,104,90,14
10370,114,101,13
10371,90,79,11
10372,45,41,4
10373,378,331,47
10374,267,230,37
10375,190,175,15
10376,117,101,16
10377,224,200,24
10378,118,101,17
10379,167,142,25
10380,112,95,17
10381,237,204,33
10382,135,118,17
10383,153,135,18
10384,129,107,22
10385,676,600,76
10386,122,104,18
10387,219,186,33
10388,212,191,21
10389,56,49,7
10390,418,383,35
10391,527,447,80
10392,263,225,38
10393,280,229,51
10394,329,294,35
10395,261,227,34
10396,456,388,68
10397,189,172,17
10398,134,109,25
10399,227,190,37
10400,353,306,47
10401,70,64,6
10402,126,112,14
10403,19,19,0
10404,118,107,11
10405,217,185,32
10406,141,127,14
10407,128,109,19
10408,42,34,8
10409,113,100,13
10410,192,178,14
10411,72,62,10
10412,71,59,12
10413,146,129,17
10414,75,68,7
10415,69,62,7
10416,69,62,7
10417,178,154,24
10418,605,534,71
10419,134,111,23
10420,75,63,12
10421,102,86,16
10422,68,55,13
10423,107,87,20
10424,131,114,17
10425,115,103,12
10426,219,191,28
10427,468,426,42
10428,184,161,23
10429,131,115,16
10430,114,101,13
10431,44,36,8
10432,83,70,13
10433,207,183,24
10434,102,90,12
10435,107,98,9
10436,267,231,36
10437,130,115,15
10438,127,115,12
10439,107,100,7
10440,152,137,15
10441,170,153,17
10442,165,149,16
10443,291,250,41
10444,128,117,11
10445,126,112,14
10446,118,104,14
10447,174,156,18
10448,232,201,31
10449,121,109,12
10450,223,202,21
10451,103,89,14
10452,205,186,19
10453,169,139,30
10454,336,305,31
10455,189,166,23
10456,160,145,15
10457,205,181,24
10458,479,416,63
10459,177,153,24
10460,309,281,28
10461,194,164,30
10462,161,139,22
10463,130,112,18
10464,141,128,13
10465,277,244,33
10466,128,118,10
10467,214,199,15
10468,153,135,18
10469,168,151,17
10470,168,151,17
10471,238,217,21
10472,117,104,13
10473,236,212,24
10474,229,200,29
10475,146,125,21
10476,154,138,16
10477,74,66,8
10478,67,60,7
10479,61,56,5
10480,116,101,15
10481,42,38,4
10482,111,97,14
10483,217,182,35
10484,166,154,12
10485,240,206,34
10486,71,61,10
10487,321,288,33
10488,274,232,42
10489,216,189,27
10490,144,128,16
10491,187,164,23
10492,563,504,59
10493,341,295,46
10494,133,122,11
10495,166,143,23
10496,325,281,44
10497,185,165,20
10498,213,189,24
10499,366,320,46
10500,266,237,29
10501,296,254,42
10502,80,70,10
10503,111,100,11
10504,112,98,14
10505,196,178,18
10506,133,119,14
10507,355,319,36
10508,152,140,12
10509,191,162,29
10510,302,272,30
10511,209,186,23
10512,75,70,5
10513,59,53,6
10514,118,105,13
10515,293,264,29
10516,48,43,5
10517,178,156,22
10518,226,191,35
10519,195,170,25
10520,139,125,14
10521,143,126,17
10522,471,409,62
10523,135,113,22
10524,103,85,18
10525,213,186,27
10526,89,71,18
10527,446,383,63
10528,282,243,39
10529,247,211,36
10530,281,251,30
10531,140,124,16
10532,170,149,21
10533,237,207,30
10534,227,198,29
10535,249,199,50
10536,110,99,11
10537,159,143,16
10538,387,338,49
10539,390,336,54
10540,195,163,32
10541,164,131,33
10542,571,490,81
10543,164,145,19
10544,138,120,18
10545,76,68,8
10546,68,54,14
10547,155,135,20
10548,160,135,25
10549,507,416,91
10550,122,108,14
10551,126,114,12
10552,105,92,13
10553,321,281,40
10554,133,114,19
10555,140,121,19
10556,144,116,28
10557,128,116,12
10558,500,421,79
10559,328,282,46
10560,259,233,26
10561,915,815,100
10562,107,99,8
10563,141,131,10
10564,153,140,13
10565,134,124,10
10566,127,107,20
10567,155,132,23
10568,138,124,14
10569,274,223,51
10570,146,125,21
10571,121,106,15
10572,159,135,24
10573,139,126,13
10574,144,129,15
10575,141,122,19
10576,224,188,36
10577,143,131,12
10578,56,45,11
10579,175,150,25
10580,112,98,14
10581,45,42,3
10582,340,286,54
10583,988,847,141
10584,320,276,44
10585,81,70,11
10586,68,60,8
10587,354,319,35
10588,62,54,8
10589,147,130,17
10590,178,146,32
10591,203,170,33
10592,263,231,32
10593,144,128,16
10594,431,365,66
10595,59,51,8
10596,148,125,23
10597,203,187,16
10598,270,239,31
10599,481,422,59
10600,114,103,11
10601,159,144,15
10602,213,175,38
10603,120,97,23
10604,167,147,20
10605,264,235,29
10606,325,303,22
10607,236,196,40
10608,300,264,36
10609,230,203,27
10610,154,142,12
10611,29,25,4
10612,40,34,6
10613,52,43,9
10614,74,65,9
10615,64,57,7
10616,147,131,16
10617,192,168,24
10618,124,112,12
10619,126,111,15
10620,124,113,11
10621,131,112,19
10622,288,265,23
10623,239,209,30
10624,124,111,13
10625,233,194,39
10626,123,109,14
10627,53,46,7
10628,181,161,20
10629,153,136,17
10630,128,112,16
10631,94,84,10
10632,273,243,30
10633,154,140,14
10634,109,96,13
10635,235,209,26
10636,221,198,23
10637,42,36,6
10638,73,63,10
10639,496,435,61
10640,228,207,21
10641,190,169,21
10642,100,89,11
10643,230,204,26
10644,239,207,32
10645,60,54,6
10646,52,47,5
10647,116,106,10
10648,102,90,12
10649,329,286,43
10650,253,226,27
10651,149,133,16
10652,178,159,19
10653,93,84,9
10654,385,349,36
10655,363,319,44
10656,138,120,18
10657,123,104,19
10658,97,85,12
10659,302,271,31
10660,131,116,15
10661,79,71,8
10662,160,136,24
10663,116,105,11
10664,192,169,23
10665,133,125,8
10666,179,158,21
10667,370,323,47
10668,111,104,7
10669,159,144,15
10670,92,79,13
10671,135,118,17
10672,237,210,27
10673,78,68,10
10674,937,829,108
10675,149,121,28
10676,435,382,53
10677,148,134,14
10678,460,405,55
10679,149,125,24
10680,343,293,50
10681,175,155,20
10682,224,191,33
10683,470,410,60
10684,162,139,23
10685,258,223,35
10686,99,88,11
10687,574,513,61
10688,33,25,8
10689,50,42,8
10690,147,122,25
10691,379,338,41
10692,123,111,12
10693,234,197,37
10694,379,344,35
10695,367,323,44
10696,296,246,50
10697,182,161,21
10698,297,253,44
10699,611,549,62
10700,433,381,52
10701,121,104,17
10702,400,365,35
10703,146,128,18
10704,480,418,62
10705,143,125,18
10706,464,403,61
10707,575,491,84
10708,179,155,24
10709,872,758,114
10710,805,700,105
10711,128,110,18
10712,132,119,13
10713,138,125,13
10714,193,176,17
10715,312,276,36
10716,1002,869,133
10717,631,541,90
10718,91,80,11
10719,133,117,16
10720,242,212,30
10721,84,75,9
10722,163,142,21
10723,69,58,11
10724,181,159,22
10725,69,61,8
10726,150,126,24
10727,304,264,40
10728,104,88,16
10729,213,187,26
10730,97,80,17
10731,181,157,24
10732,258,235,23
10733,442,377,65
10734,378,330,48
10735,358,324,34
10736,104,91,13
10737,178,157,21
10738,167,152,15
10739,253,209,44
10740,142,125,17
10741,186,158,28
10742,112,96,16
10743,191,165,26
10744,145,128,17
10745,367,319,48
10746,144,119,25
10747,41,36,5
10748,431,393,38
10749,222,189,33
10750,153,134,19
10751,186,167,19
10752,633,564,69
10753,636,558,78
10754,424,351,73
10755,148,133,15
10756,485,426,59
10757,530,471,59
10758,47,40,7
10759,110,97,13
10760,103,92,11
10761,91,82,9
10762,381,335,46
10763,346,313,33
10764,133,104,29
10765,539,477,62
10766,172,151,21
10767,373,322,51
10768,270,232,38
10769,413,364,49
10770,314,281,33
10771,129,119,10
10772,184,163,21
10773,104,92,12
10774,391,341,50
10775,118,107,11
10776,142,135,7
10777,154,131,23
10778,153,128,25
10779,231,209,22
10780,263,227,36
10781,117,101,16
10782,162,141,21
10783,284,251,33
10784,482,428,54
10785,172,152,20
10786,285,253,32
10787,276,254,22
10788,108,91,17
10789,182,160,22
10790,184,160,24
10791,149,128,21
10792,362,316,46
10793,138,115,23
10794,124,116,8
10795,135,121,14
10796,374,324,50
10797,453,381,72
10798,151,131,20
10799,515,452,63
10800,189,169,20
10801,159,142,17
10802,641,556,85
10803,155,138,17
10804,796,693,103
10805,271,227,44
10806,254,229,25
10807,482,431,51
10808,122,109,13
10809,210,196,14
10810,296,255,41
10811,158,141,17
10812,248,216,32
10813,137,120,17
10814,355,323,32
10815,255,227,28
10816,484,427,57
10817,198,174,24
10818,194,164,30
10819,592,514,78
10820,261,228,33
10821,386,331,55
10822,346,320,26
10823,504,430,74
10824,486,437,49
10825,152,129,23
10826,166,142,24
10827,123,110,13
10828,183,162,21
10829,347,312,35
10830,247,214,33
10831,502,434,68
10832,126,116,10
10833,113,100,13
10834,221,193,28
10835,583,538,45
10836,369,324,45
10837,251,204,47
10838,238,207,31
10839,131,110,21
10840,98,82,16
10841,511,449,62
10842,323,276,47
10843,134,122,12
10844,878,786,92
10845,115,94,21
10846,179,158,21
10847,498,428,70
10848,378,327,51
10849,300,263,37
10850,118,104,14
10851,149,130,19
10852,1006,863,143
10853,1001,840,161
10854,76,67,9
10855,641,564,77
10856,710,609,101
10857,995,847,148
10858,225,210,15
10859,270,230,40
10860,295,255,40
10861,250,227,23
10862,477,394,83
10863,342,280,62
10864,716,615,101
10865,144,128,16
10866,199,178,21
10867,60,52,8
10868,79,67,12
10869,337,300,37
10870,283,251,32
10871,84,79,5
10872,158,137,21
10873,275,240,35
10874,147,128,19
10875,315,281,34
10876,172,152,20
10877,276,250,26
10878,134,126,8
10879,133,117,16
10880,87,80,7
10881,56,50,6
10882,123,103,20
10883,139,123,16
10884,151,141,10
10885,210,198,12
10886,184,160,24
10887,122,110,12
10888,212,181,31
10889,146,130,16
10890,147,131,16
10891,156,145,11
10892,374,331,43
10893,559,479,80
10894,141,127,14
10895,251,212,39
10896,147,128,19
10897,239,212,27
10898,188,172,16
10899,209,186,23
10900,141,120,21
10901,126,116,10
10902,202,180,22
10903,214,185,29
10904,30,27,3
10905,77,67,10
10906,307,272,35
10907,146,128,18
10908,164,136,28
10909,157,143,14
10910,77,67,10
10911,88,75,13
10912,177,157,20
10913,145,137,8
10914,134,126,8
10915,572,511,61
10916,139,121,18
10917,230,214,16
10918,159,142,17
10919,159,137,22
10920,165,148,17
10921,385,321,64
10922,139,121,18
10923,700,592,108
10924,122,100,22
10925,104,91,13
10926,609,529,80
10927,119,102,17
10928,177,153,24
10929,334,291,43
10930,308,262,46
10931,155,135,20
10932,73,59,14
10933,208,174,34
10934,375,329,46
10935,248,205,43
10936,99,85,14
10937,224,195,29
10938,449,385,64
10939,216,196,20
10940,281,247,34
10941,137,122,15
10942,181,156,25
10943,161,141,20
10944,880,744,136
10945,298,259,39
10946,91,84,7
10947,116,103,13
10948,72,60,12
10949,147,131,16
10950,590,495,95
10951,193,170,23
10952,454,384,70
10953,237,200,37
10954,131,117,14
10955,205,181,24
10956,95,84,11
10957,174,150,24
10958,302,265,37
10959,423,336,87
10960,184,160,24
10961,119,100,19
10962,130,109,21
10963,378,330,48
10964,215,183,32
10965,165,145,20
10966,94,81,13
10967,109,96,13
10968,135,118,17
10969,58,50,8
10970,66,60,6
10971,137,126,11
10972,371,334,37
10973,211,184,27
10974,170,147,23
10975,137,117,20
10976,133,125,8
10977,139,118,21
10978,110,95,15
10979,208,180,28
10980,199,177,22
10981,381,323,58
10982,321,281,40
10983,123,111,12
10984,138,122,16
10985,504,442,62
10986,350,313,37
10987,273,257,16
10988,561,474,87
10989,984,847,137
10990,543,469,74
10991,346,310,36
10992,258,224,34
10993,337,300,37
10994,1015,892,123
10995,2297,2070,227
10996,939,832,107
10997,160,141,19
10998,119,106,13
10999,145,137,8
11000,139,117,22
11001,155,135,20
11002,148,130,18
11003,220,190,30
11004,351,298,53
11005,95,81,14
11006,1002,886,116
11007,708,618,90
11008,211,190,21
11009,240,211,29
11010,124,113,11
11011,224,202,22
11012,251,217,34
11013,229,205,24
11014,132,109,23
11015,922,798,124
11016,946,837,109
11017,190,163,27
11018,327,275,52
11019,411,372,39
11020,299,264,35
11021,140,123,17
11022,175,158,17
11023,136,125,11
11024,148,131,17
11025,333,287,46
11026,189,166,23
11027,185,165,20
11028,241,211,30
11029,259,224,35
11030,186,168,18
11031,45,39,6
11032,136,120,16
11033,116,105,11
11034,55,47,8
11035,130,119,11
11036,196,170,26
11037,155,140,15
11038,173,156,17
11039,303,259,44
11040,202,180,22
11041,268,230,38
11042,281,242,39
11043,110,87,23
11044,192,163,29
11045,115,98,17
11046,147,133,14
11047,128,108,20
11048,126,111,15
11049,171,149,22
11050,196,178,18
11051,337,293,44
11052,185,171,14
11053,163,139,24
11054,143,121,22
11055,21,18,3
11056,353,302,51
11057,355,307,48
11058,147,133,14
11059,213,193,20
11060,57,48,9
11061,229,200,29
11062,342,307,35
11063,120,109,11
11064,286,246,40
11065,293,235,58
11066,112,101,11
11067,264,233,31
11068,125,113,12
11069,162,138,24
11070,161,133,28
11071,386,336,50
11072,348,305,43
11073,124,104,20
11074,157,131,26
11075,125,107,18
11076,184,158,26
11077,156,132,24
11078,332,290,42
11079,258,231,27
11080,170,148,22
11081,56,46,10
11082,172,145,27
11083,955,817,138
11084,136,115,21
11085,255,221,34
11086,178,165,13
11087,457,387,70
11088,212,172,40
11089,119,104,15
11090,215,191,24
11091,242,223,19
11092,328,291,37
11093,122,108,14
11094,182,165,17
11095,101,87,14
11096,419,356,63
11097,172,146,26
11098,358,304,54
11099,356,320,36
11100,612,540,72
11101,167,152,15
11102,94,82,12
11103,131,121,10
11104,452,412,40
11105,228,191,37
11106,113,100,13
11107,70,64,6
11108,115,100,15
11109,280,228,52
11110,284,253,31
11111,380,343,37
11112,54,44,10
11113,22,21,1
11114,398,339,59
11115,135,112,23
11116,232,210,22
11117,111,101,10
11118,123,111,12
11119,111,96,15
11120,101,83,18
11121,312,274,38
11122,117,99,18
11123,94,78,16
11124,220,186,34
11125,757,657,100
11126,371,328,43
11127,248,213,35
11128,395,326,69
11129,144,124,20
11130,214,185,29
11131,158,149,9
11132,240,206,34
11133,333,300,33
11134,208,196,12
11135,218,185,33
11136,258,219,39
11137,115,101,14
11138,296,261,35
11139,377,331,46
11140,521,466,55
11141,222,194,28
11142,150,136,14
11143,94,79,15
11144,122,105,17
11145,558,473,85
11146,108,95,13
11147,110,94,16
11148,168,144,24
11149,219,188,31
11150,143,130,13
11151,533,471,62
11152,498,425,73
11153,242,207,35
11154,451,406,45
11155,77,59,18
11156,89,70,19
11157,253,220,33
11158,189,167,22
11159,156,128,28
11160,228,203,25
11161,135,125,10
11162,120,113,7
11163,109,92,17
11164,121,93,28
11165,179,161,18
11166,26,22,4
11167,50,45,5
11168,46,41,5
11169,63,56,7
11170,47,36,11
11171,45,37,8
11172,227,199,28
11173,92,82,10
11174,452,414,38
11175,134,113,21
11176,623,540,83
11177,188,165,23
11178,592,507,85
11179,65,60,5
11180,138,125,13
11181,275,242,33
11182,202,180,22
11183,198,171,27
11184,111,97,14
11185,134,114,20
11186,160,138,22
11187,219,180,39
11188,203,180,23
11189,142,131,11
11190,137,125,12
11191,165,144,21
11192,124,113,11
11193,559,493,66
11194,312,274,38
11195,331,298,33
11196,116,108,8
11197,214,191,23
11198,561,481,80
11199,449,395,54
11200,203,185,18
11201,315,270,45
11202,192,164,28
11203,227,193,34
11204,385,344,41
11205,76,66,10
11206,42,40,2
11207,310,277,33
11208,154,138,16
11209,76,69,7
11210,220,191,29
11211,174,161,13
11212,151,140,11
11213,162,139,23
11214,607,552,55
11215,88,81,7
11216,217,189,28
11217,442,389,53
11218,707,617,90
11219,319,280,39
11220,107,96,11
11221,586,512,74
11222,107,93,14
11223,164,137,27
11224,733,641,92
11225,427,369,58
11226,936,835,101
11227,456,396,60
11228,303,270,33
11229,313,291,22
11230,232,202,30
11231,155,138,17
11232,400,355,45
11233,190,165,25
11234,353,311,42
11235,129,116,13
11236,403,360,43
11237,161,141,20
11238,842,743,99
11239,80,70,10
11240,151,133,18
11241,376,315,61
11242,214,190,24
11243,263,235,28
11244,306,282,24
11245,140,128,12
11246,147,127,20
11247,221,192,29
11248,96,87,9
11249,83,73,10
11250,58,51,7
11251,158,136,22
11252,131,112,19
11253,206,185,21
11254,145,123,22
11255,150,129,21
11256,78,60,18
11257,195,168,27
11258,253,226,27
11259,509,443,66
11260,209,180,29
11261,225,198,27
11262,495,440,55
11263,354,305,49
11264,491,438,53
11265,125,106,19
11266,204,180,24
11267,348,296,52
11268,347,303,44
11269,756,670,86
11270,107,87,20
11271,279,248,31
11272,112,101,11
11273,322,263,59
11274,493,434,59
11275,153,137,16
11276,50,45,5
11277,155,142,13
11278,234,173,61
11279,286,252,34
11280,132,113,19
11281,157,135,22
11282,114,99,15
11283,212,188,24
11284,203,179,24
11285,92,87,5
11286,164,145,19
11287,245,208,37
11288,159,131,28
11289,187,164,23
11290,156,139,17
11291,106,100,6
11292,158,145,13
11293,178,157,21
11294,342,311,31
11295,103,92,11
11296,92,86,6
11297,159,145,14
11298,288,241,47
11299,71,60,11
11300,121,97,24
11301,53,44,9
11302,81,74,7
11303,128,114,14
11304,542,494,48
11305,141,116,25
11306,405,355,50
11307,120,106,14
11308,309,268,41
11309,323,295,28
11310,651,549,102
11311,151,130,21
11312,191,169,22
11313,128,118,10
11314,119,100,19
11315,130,114,16
11316,138,121,17
11317,338,291,47
11318,126,105,21
11319,105,93,12
11320,278,242,36
11321,185,167,18
11322,112,102,10
11323,150,125,25
11324,159,139,20
11325,137,121,16
11326,146,115,31
11327,134,115,19
11328,139,117,22
11329,105,91,14
11330,99,89,10
11331,192,176,16
11332,114,102,12
11333,57,43,14
11334,44,41,3
11335,175,142,33
11336,112,101,11
11337,198,170,28
11338,84,76,8
11339,192,173,19
11340,107,90,17
11341,202,172,30
11342,133,118,15
11343,361,311,50
11344,156,139,17
11345,843,735,108
11346,150,135,15
11347,195,174,21
11348,121,101,20
11349,296,264,32
11350,287,258,29
11351,457,403,54
11352,398,350,48
11353,673,583,90
11354,129,115,14
11355,108,98,10
11356,155,144,11
11357,476,432,44
11358,241,204,37
11359,188,172,16
11360,439,394,45
11361,223,194,29
11362,761,661,100
11363,288,242,46
11364,138,119,19
11365,255,222,33
11366,770,691,79
11367,255,219,36
11368,224,196,28
11369,174,146,28
11370,236,200,36
11371,193,163,30
11372,117,103,14
11373,323,290,33
11374,718,655,63
11375,120,111,9
11376,212,189,23
11377,128,120,8
11378,163,138,25
11379,162,143,19
11380,144,127,17
11381,218,196,22
11382,124,112,12
11383,107,96,11
11384,619,554,65
11385,182,160,22
11386,254,231,23
11387,213,183,30
11388,210,185,25
11389,385,348,37
11390,694,601,93
11391,175,152,23
11392,338,307,31
11393,198,176,22
11394,978,876,102
11395,127,115,12
11396,125,106,19
11397,146,129,17
11398,220,195,25
11399,223,199,24
11400,134,119,15
11401,184,165,19
11402,197,169,28
11403,130,111,19
11404,151,135,16
11405,94,78,16
11406,139,131,8
11407,164,153,11
11408,75,68,7
11409,69,63,6
11410,56,48,8
11411,151,132,19
11412,102,85,17
11413,210,192,18
11414,50,45,5
11415,76,65,11
11416,230,208,22
11417,121,102,19
11418,173,156,17
11419,117,103,14
11420,168,153,15
11421,121,108,13
11422,363,323,40
11423,663,569,94
11424,92,78,14
11425,167,155,12
11426,178,159,19
11427,428,370,58
11428,99,91,8
11429,475,428,47
11430,117,99,18
11431,278,240,38
11432,176,160,16
11433,390,348,42
11434,177,158,19
11435,772,661,111
11436,144,117,27
11437,128,118,10
11438,135,123,12
11439,186,161,25
11440,273,237,36
11441,217,190,27
11442,104,97,7
11443,165,147,18
11444,259,229,30
11445,109,96,13
11446,60,48,12
11447,66,60,6
11448,123,105,18
11449,134,111,23
11450,178,152,26
11451,168,140,28
11452,165,144,21
11453,169,145,24
11454,56,51,5
11455,108,97,11
11456,261,225,36
11457,249,213,36
11458,521,446,75
11459,129,114,15
11460,248,220,28
11461,155,132,23
11462,163,143,20
11463,221,195,26
11464,218,189,29
11465,174,160,14
11466,235,211,24
11467,301,261,40
11468,273,239,34
11469,556,495,61
11470,220,203,17
11471,134,119,15
11472,151,135,16
11473,250,218,32
11474,134,115,19
11475,153,132,21
11476,303,263,40
11477,436,373,63
11478,203,170,33
11479,187,163,24
11480,121,105,16
11481,416,358,58
11482,137,119,18
11483,128,113,15
11484,97,87,10
11485,624,562,62
11486,213,195,18
11487,315,278,37
11488,182,151,31
11489,165,142,23
11490,844,713,131
11491,556,496,60
11492,149,130,19
11493,239,214,25
11494,122,105,17
11495,142,128,14
11496,239,217,22
11497,208,179,29
11498,59,46,13
11499,173,149,24
11500,184,155,29
11501,151,137,14
11502,177,150,27
11503,121,111,10
11504,389,345,44
11505,207,183,24
11506,174,156,18
11507,136,123,13
11508,147,132,15
11509,224,195,29
11510,117,102,15
11511,134,124,10
11512,146,131,15
11513,117,105,12
11514,265,228,37
11515,92,83,9
11516,154,143,11
11517,147,130,17
11518,230,210,20
11519,384,338,46
11520,157,134,23
11521,39,35,4
11522,129,115,14
11523,136,119,17
11524,444,380,64
11525,39,33,6
11526,215,184,31
11527,693,587,106
11528,444,374,70
11529,220,188,32
11530,161,138,23
11531,465,401,64
11532,97,89,8
11533,897,723,174
11534,105,97,8
11535,327,258,69
11536,303,278,25
11537,350,302,48
11538,420,343,77
11539,223,199,24
11540,171,143,28
11541,476,404,72
11542,532,454,78
11543,224,211,13
11544,151,137,14
11545,131,108,23
11546,205,180,25
11547,296,266,30
11548,203,172,31
11549,134,114,20
11550,149,130,19
11551,120,105,15
11552,13,10,3
11553,377,328,49
11554,96,81,15
11555,478,413,65
11556,401,345,56
11557,104,88,16
11558,138,110,28
11559,287,239,48
11560,145,129,16
11561,400,356,44
11562,142,132,10
11563,122,110,12
11564,186,168,18
11565,169,145,24
11566,282,249,33
11567,253,223,30
11568,281,250,31
11569,268,231,37
11570,182,160,22
11571,197,168,29
11572,237,208,29
11573,238,214,24
11574,179,154,25
11575,269,239,30
11576,176,156,20
11577,182,162,20
11578,391,345,46
11579,408,364,44
11580,458,425,33
11581,179,160,19
11582,194,181,13
11583,275,241,34
11584,575,526,49
11585,153,131,22
11586,198,179,19
11587,117,108,9
11588,375,339,36
11589,272,241,31
11590,84,74,10
11591,107,94,13
11592,331,297,34
11593,199,176,23
11594,149,134,15
11595,188,171,17
11596,199,183,16
11597,185,161,24
11598,69,60,9
11599,158,143,15
11600,124,107,17
11601,577,507,70
11602,170,147,23
11603,111,92,19
11604,160,133,27
11605,330,281,49
11606,117,106,11
11607,410,342,68
11608,135,116,19
11609,156,138,18
11610,130,111,19
11611,315,287,28
11612,137,124,13
11613,185,165,20
11614,132,118,14
11615,111,99,12
11616,222,196,26
11617,414,359,55
11618,131,108,23
11619,159,145,14
11620,133,119,14
11621,506,435,71
11622,160,143,17
11623,155,143,12
11624,77,71,6
11625,66,63,3
11626,96,81,15
11627,113,101,12
11628,105,97,8
11629,42,39,3
11630,213,180,33
11631,90,81,9
11632,293,253,40
11633,178,153,25
11634,127,121,6
11635,87,74,13
11636,256,227,29
11637,191,177,14
11638,155,125,30
11639,133,124,9
11640,84,73,11
11641,222,205,17
11642,312,276,36
11643,173,151,22
11644,713,635,78
11645,360,327,33
11646,852,716,136
11647,509,449,60
11648,195,168,27
11649,148,130,18
11650,323,272,51
11651,115,104,11
11652,164,144,20
11653,143,129,14
11654,142,117,25
11655,278,240,38
11656,153,131,22
11657,144,124,20
11658,215,186,29
11659,165,146,19
11660,98,87,11
11661,148,122,26
11662,120,98,22
11663,74,69,5
11664,114,98,16
11665,506,462,44
11666,109,102,7
11667,202,166,36
11668,93,88,5
11669,59,53,6
11670,105,94,11
11671,108,98,10
11672,211,191,20
11673,85,76,9
11674,131,109,22
11675,97,80,17
11676,463,384,79
11677,462,402,60
11678,132,114,18
11679,50,45,5
11680,281,258,23
11681,90,77,13
11682,181,152,29
11683,114,98,16
11684,145,124,21
11685,174,154,20
11686,149,131,18
11687,231,204,27
11688,169,149,20
11689,120,100,20
11690,221,202,19
11691,148,128,20
11692,207,172,35
11693,213,187,26
11694,159,141,18
11695,223,190,33
11696,227,196,31
11697,138,121,17
11698,906,802,104
11699,180,165,15
11700,203,181,22
11701,163,143,20
11702,225,198,27
11703,159,146,13
11704,149,135,14
11705,175,154,21
11706,148,133,15
11707,138,113,25
11708,153,130,23
11709,145,125,20
11710,132,124,8
11711,225,188,37
11712,128,114,14
11713,158,147,11
11714,247,212,35
11715,129,118,11
11716,143,128,15
11717,130,114,16
11718,119,100,19
11719,149,133,16
11720,108,95,13
11721,249,222,27
11722,41,40,1
11723,77,67,10
11724,267,234,33
11725,571,495,76
11726,969,837,132
11727,225,192,33
11728,491,421,70
11729,82,75,7
11730,306,266,40
11731,291,249,42
11732,487,416,71
11733,325,287,38
11734,142,121,21
11735,109,96,13
11736,123,108,15
11737,135,109,26
11738,278,250,28
11739,236,207,29
11740,178,163,15
11741,138,118,20
11742,221,190,31
11743,202,170,32
11744,65,57,8
11745,66,58,8
11746,124,108,16
11747,311,267,44
11748,220,196,24
11749,331,293,38
11750,118,105,13
11751,111,103,8
11752,52,45,7
11753,43,38,5
11754,310,270,40
11755,83,73,10
11756,522,461,61
11757,179,158,21
11758,189,168,21
11759,231,204,27
11760,308,278,30
11761,292,257,35
11762,279,246,33
11763,112,100,12
11764,213,192,21
11765,183,161,22
11766,150,135,15
11767,266,243,23
11768,135,115,20
11769,174,158,16
11770,117,105,12
11771,122,110,12
11772,141,123,18
11773,482,431,51
11774,447,393,54
11775,101,94,7
11776,268,224,44
11777,260,222,38
11778,872,748,124
11779,204,188,16
11780,246,214,32
11781,292,256,36
11782,501,431,70
11783,469,403,66
11784,116,99,17
11785,261,220,41
11786,206,182,24
11787,234,208,26
11788,553,466,87
11789,891,784,107
11790,118,107,11
11791,274,248,26
11792,588,514,74
11793,102,83,19
11794,392,340,52
11795,418,371,47
11796,893,798,95
11797,438,381,57
11798,296,251,45
11799,484,419,65
11800,799,713,86
11801,537,444,93
11802,427,372,55
11803,539,481,58
11804,118,108,10
11805,157,131,26
11806,913,797,116
11807,133,117,16
11808,412,360,52
11809,163,137,26
11810,356,325,31
11811,190,172,18
11812,326,274,52
11813,221,197,24
11814,283,259,24
11815,156,142,14
11816,342,306,36
11817,241,214,27
11818,290,253,37
11819,257,228,29
11820,975,833,142
11821,130,111,19
11822,138,118,20
11823,145,128,17
11824,545,484,61
11825,315,272,43
11826,239,211,28
11827,547,489,58
11828,239,214,25
11829,44,41,3
11830,46,42,4
11831,135,119,16
11832,57,49,8
11833,297,264,33
11834,462,406,56
11835,378,331,47
11836,60,54,6
11837,134,122,12
11838,203,178,25
11839,87,66,21
11840,129,112,17
11841,238,196,42
11842,104,92,12
11843,234,204,30
11844,110,99,11
11845,179,156,23
11846,263,237,26
11847,219,191,28
11848,376,321,55
11849,180,160,20
11850,64,48,16
11851,453,400,53
11852,135,119,16
11853,764,645,119
11854,78,68,10
11855,189,165,24
11856,199,168,31
11857,716,641,75
11858,250,219,31
11859,138,112,26
11860,217,196,21
11861,182,158,24
11862,204,172,32
11863,277,240,37
11864,885,747,138
11865,155,136,19
11866,250,204,46
11867,224,201,23
11868,391,333,58
11869,276,237,39
11870,302,261,41
11871,257,218,39
11872,303,271,32
11873,85,78,7
11874,590,518,72
11875,430,380,50
11876,225,196,29
11877,125,109,16
11878,110,101,9
11879,282,243,39
11880,450,393,57
11881,123,105,18
11882,177,155,22
11883,199,183,16
11884,125,109,16
11885,143,133,10
11886,130,121,9
11887,200,170,30
11888,145,138,7
11889,110,94,16
11890,125,117,8
11891,244,218,26
11892,142,122,20
11893,165,144,21
11894,328,282,46
11895,126,112,14
11896,162,150,12
11897,179,159,20
11898,209,188,21
11899,229,190,39
11900,288,257,31
11901,262,224,38
11902,145,133,12
11903,125,119,6
11904,177,157,20
11905,146,118,28
11906,124,108,16
11907,132,115,17
11908,138,126,12
11909,330,289,41
11910,722,632,90
11911,148,131,17
11912,330,282,48
11913,121,110,11
11914,412,363,49
11915,85,77,8
11916,193,169,24
11917,103,94,9
11918,362,319,43
11919,172,145,27
11920,435,390,45
11921,130,124,6
11922,85,80,5
11923,537,481,56
11924,47,45,2
11925,142,126,16
11926,353,320,33
11927,125,110,15
11928,219,199,20
11929,332,295,37
11930,134,123,11
11931,167,153,14
11932,128,111,17
11933,148,138,10
11934,240,211,29
11935,221,197,24
11936,440,360,80
11937,295,251,44
11938,186,168,18
11939,176,165,11
11940,208,184,24
11941,153,132,21
11942,162,139,23
11943,151,134,17
11944,604,517,87
11945,256,215,41
11946,410,341,69
11947,170,148,22
11948,131,115,16
11949,207,186,21
11950,124,113,11
11951,113,100,13
11952,861,730,131
11953,228,199,29
11954,174,145,29
11955,152,134,18
11956,187,169,18
11957,528,464,64
11958,150,130,20
11959,309,274,35
11960,298,262,36
11961,154,138,16
11962,122,107,15
11963,254,219,35
11964,221,195,26
11965,130,122,8
11966,188,163,25
11967,99,81,18
11968,149,131,18
11969,299,266,33
11970,213,185,28
11971,807,693,114
11972,143,126,17
11973,242,204,38
11974,81,75,6
11975,73,65,8
11976,262,223,39
11977,40,36,4
11978,214,187,27
11979,370,321,49
11980,211,185,26
11981,872,772,100
11982,79,75,4
11983,675,589,86
11984,167,146,21
11985,43,38,5
11986,324,288,36
11987,90,83,7
11988,225,193,32
11989,248,205,43
11990,250,226,24
11991,184,161,23
11992,311,267,44
11993,235,212,23
11994,223,199,24
11995,185,162,23
11996,149,128,21
11997,178,146,32
11998,360,296,64
11999,141,114,27
12000,128,120,8
12001,104,90,14
12002,81,70,11
12003,43,36,7
12004,94,84,10
12005,146,134,12
12006,70,58,12
12007,69,59,10
12008,111,104,7
12009,165,146,19
12010,97,88,9
12011,145,129,16
12012,65,61,4
12013,64,60,4
12014,249,217,32
12015,92,84,8
12016,157,140,17
12017,57,44,13
12018,164,145,19
12019,199,171,28
12020,116,94,22
12021,386,342,44
12022,401,352,49
12023,139,124,15
12024,117,100,17
12025,155,147,8
12026,261,235,26
12027,333,299,34
12028,155,135,20
12029,614,542,72
12030,308,267,41
12031,290,255,35
12032,207,180,27
12033,248,207,41
12034,123,105,18
12035,349,306,43
12036,190,162,28
12037,183,152,31
12038,195,181,14
12039,218,193,25
12040,167,147,20
12041,114,104,10
12042,74,61,13
12043,163,141,22
12044,49,40,9
12045,121,108,13
12046,118,110,8
12047,131,119,12
12048,83,74,9
12049,243,213,30
12050,77,69,8
12051,50,46,4
12052,111,103,8
12053,98,89,9
12054,96,84,12
12055,121,109,12
12056,144,125,19
12057,172,160,12
12058,183,169,14
12059,93,84,9
12060,116,97,19
12061,213,187,26
12062,146,128,18
12063,99,81,18
12064,155,135,20
12065,374,328,46
12066,105,95,10
12067,274,234,40
12068,182,161,21
12069,66,62,4
12070,343,304,39
12071,152,128,24
12072,168,153,15
12073,244,218,26
12074,481,431,50
12075,143,130,13
12076,113,99,14
12077,594,522,72
12078,650,583,67
12079,148,133,15
12080,175,154,21
12081,75,72,3
12082,143,123,20
12083,154,143,11
12084,293,262,31
12085,338,310,28
12086,186,160,26
12087,40,35,5
12088,63,55,8
12089,162,137,25
12090,158,144,14
12091,178,152,26
12092,144,130,14
12093,118,106,12
12094,147,130,17
12095,56,48,8
12096,323,286,37
12097,140,119,21
12098,53,47,6
12099,272,230,42
12100,147,128,19
12101,286,255,31
12102,175,163,12
12103,294,256,38
12104,136,119,17
12105,106,95,11
12106,196,177,19
12107,199,170,29
12108,117,101,16
12109,93,78,15
12110,365,317,48
12111,137,120,17
12112,221,197,24
12113,382,316,66
12114,454,382,72
12115,147,132,15
12116,171,149,22
12117,98,86,12
12118,62,59,3
12119,283,241,42
12120,158,131,27
12121,141,126,15
12122,135,124,11
12123,117,106,11
12124,50,46,4
12125,141,123,18
12126,97,83,14
12127,163,124,39
12128,308,266,42
12129,112,98,14
12130,241,213,28
12131,164,151,13
12132,131,114,17
12133,102,92,10
12134,171,155,16
12135,188,171,17
12136,81,76,5
12137,142,126,16
12138,526,478,48
12139,151,130,21
12140,181,164,17
12141,127,112,15
12142,238,219,19
12143,116,104,12
12144,141,128,13
12145,845,767,78
12146,250,212,38
12147,234,209,25
12148,130,122,8
12149,159,145,14
12150,153,134,19
12151,134,128,6
12152,134,116,18
12153,67,53,14
12154,555,506,49
12155,162,156,6
12156,215,190,25
12157,518,470,48
12158,269,246,23
12159,199,177,22
12160,273,235,38
12161,152,139,13
12162,126,118,8
12163,98,90,8
12164,163,139,24
12165,191,172,19
12166,113,100,13
12167,301,280,21
12168,213,188,25
12169,145,137,8
12170,112,100,12
12171,177,151,26
12172,146,138,8
12173,582,507,75
12174,105,100,5
12175,131,113,18
12176,236,208,28
12177,235,213,22
12178,141,128,13
12179,142,125,17
12180,363,321,42
12181,443,406,37
12182,368,311,57
12183,218,200,18
12184,130,115,15
12185,196,172,24
12186,132,116,16
12187,141,131,10
12188,344,303,41
12189,128,115,13
12190,264,236,28
12191,47,44,3
12192,297,266,31
12193,99,86,13
12194,163,134,29
12195,421,365,56
12196,409,353,56
12197,129,106,23
12198,144,131,13
12199,202,178,24
12200,92,84,8
12201,131,122,9
12202,158,146,12
12203,282,244,38
12204,163,135,28
12205,166,146,20
12206,223,197,26
12207,255,229,26
12208,522,457,65
12209,806,705,101
12210,176,161,15
12211,49,44,5
12212,92,82,10
12213,589,513,76
12214,541,462,79
12215,102,87,15
12216,119,104,15
12217,121,107,14
12218,112,101,11
12219,623,545,78
12220,171,162,9
12221,300,253,47
12222,129,111,18
12223,105,90,15
12224,108,91,17
12225,417,349,68
12226,377,325,52
12227,111,99,12
12228,180,157,23
12229,420,374,46
12230,161,137,24
12231,146,126,20
12232,128,112,16
12233,300,260,40
12234,118,108,10
12235,165,148,17
12236,157,135,22
12237,45,41,4
12238,168,151,17
12239,137,120,17
12240,45,41,4
12241,367,304,63
12242,239,210,29
12243,131,112,19
12244,247,234,13
12245,206,178,28
12246,158,140,18
12247,74,66,8
12248,166,138,28
12249,177,152,25
12250,458,393,65
12251,387,336,51
12252,81,68,13
12253,135,115,20
12254,153,126,27
12255,119,111,8
12256,365,313,52
12257,108,92,16
12258,159,139,20
12259,86,75,11
12260,244,210,34
12261,32,26,6
12262,69,62,7
12263,132,121,11
12264,69,58,11
12265,147,133,14
12266,83,79,4
12267,190,169,21
12268,120,105,15
12269,45,38,7
12270,103,85,18
12271,466,408,58
12272,76,70,6
12273,92,81,11
12274,88,76,12
12275,68,63,5
12276,328,292,36
12277,284,255,29
12278,232,196,36
12279,159,143,16
12280,167,146,21
12281,387,354,33
12282,144,122,22
12283,107,93,14
12284,155,147,8
12285,266,248,18
12286,213,189,24
12287,176,154,22
12288,151,139,12
12289,282,239,43
12290,137,118,19
12291,49,44,5
12292,189,164,25
12293,198,166,32
12294,167,136,31
12295,47,39,8
12296,189,148,41
12297,201,181,20
12298,420,366,54
12299,152,129,23
12300,541,477,64
12301,102,90,12
12302,400,352,48
12303,879,804,75
12304,189,173,16
12305,135,125,10
12306,100,89,11
12307,257,220,37
12308,155,134,21
12309,74,67,7
12310,137,124,13
12311,125,118,7
12312,313,281,32
12313,194,174,20
12314,287,252,35
12315,348,304,44
12316,152,126,26
12317,352,303,49
12318,127,103,24
12319,562,466,96
12320,156,140,16
12321,473,389,84
12322,972,831,141
12323,143,123,20
12324,124,107,17
12325,359,294,65
12326,667,602,65
12327,207,182,25
12328,140,132,8
12329,474,410,64
12330,222,182,40
12331,41,37,4
12332,180,165,15
12333,281,249,32
12334,201,183,18
12335,796,694,102
12336,220,188,32
12337,64,51,13
12338,99,92,7
12339,985,830,155
12340,54,48,6
12341,144,133,11
12342,146,130,16
12343,426,362,64
12344,171,152,19
12345,405,353,52
12346,456,405,51
12347,107,96,11
12348,359,311,48
12349,493,434,59
12350,127,111,16
12351,152,131,21
12352,88,79,9
12353,99,88,11
12354,117,107,10
12355,102,92,10
12356,58,51,7
12357,85,83,2
12358,528,476,52
12359,159,142,17
12360,133,117,16
12361,228,211,17
12362,47,40,7
12363,124,113,11
12364,57,48,9
12365,122,111,11
12366,125,111,14
12367,126,112,14
12368,136,117,19
12369,111,102,9
12370,131,111,20
12371,232,192,40
12372,239,207,32
12373,134,120,14
12374,190,166,24
12375,212,174,38
12376,117,103,14
12377,417,371,46
12378,117,103,14
12379,172,156,16
12380,162,136,26
12381,150,127,23
12382,240,213,27
12383,175,158,17
12384,123,102,21
12385,128,114,14
12386,234,207,27
12387,43,39,4
12388,123,108,15
12389,143,124,19
12390,137,116,21
12391,299,269,30
12392,130,114,16
12393,148,129,19
12394,327,279,48
12395,259,223,36
12396,398,352,46
12397,300,273,27
12398,383,339,44
12399,194,170,24
12400,386,354,32
12401,131,113,18
12402,202,175,27
12403,499,435,64
12404,174,150,24
12405,134,113,21
12406,683,584,99
12407,388,330,58
12408,813,710,103
12409,226,192,34
12410,458,402,56
12411,129,116,13
12412,115,97,18
12413,532,430,102
12414,575,487,88
12415,285,249,36
12416,109,98,11
12417,230,205,25
12418,368,309,59
12419,236,201,35
12420,241,212,29
12421,436,367,69
12422,371,323,48
12423,273,236,37
12424,271,230,41
12425,488,430,58
12426,569,511,58
12427,203,179,24
12428,218,190,28
12429,782,679,103
12430,413,341,72
12431,226,192,34
12432,388,337,51
12433,66,54,12
12434,764,681,83
12435,220,178,42
12436,721,648,73
12437,243,222,21
12438,123,110,13
12439,117,107,10
12440,355,311,44
12441,282,245,37
12442,360,302,58
12443,121,105,16
12444,94,82,12
12445,467,411,56
12446,222,190,32
12447,135,118,17
12448,320,283,37
12449,352,284,68
12450,275,235,40
12451,343,293,50
12452,997,872,125
12453,253,222,31
12454,321,283,38
12455,130,111,19
12456,169,155,14
12457,348,296,52
12458,1163,1012,151
12459,473,402,71
12460,161,135,26
12461,810,663,147
12462,131,115,16
12463,215,183,32
12464,167,146,21
12465,308,267,41
12466,112,99,13
12467,547,464,83
12468,372,313,59
12469,1188,1034,154
12470,142,126,16
12471,140,125,15
12472,148,132,16
12473,208,180,28
12474,182,164,18
12475,820,694,126
12476,238,208,30
12477,173,154,19
12478,182,152,30
12479,123,99,24
12480,231,208,23
12481,350,305,45
12482,187,168,19
12483,495,422,73
12484,164,145,19
12485,132,120,12
12486,125,109,16
12487,136,121,15
12488,481,417,64
12489,183,164,19
12490,129,119,10
12491,151,130,21
12492,387,342,45
12493,163,141,22
12494,480,416,64
12495,121,109,12
12496,115,99,16
12497,699,602,97
12498,162,142,20
12499,218,191,27
12500,171,150,21
12501,241,217,24
12502,224,198,26
12503,319,280,39
12504,237,205,32
12505,118,106,12
12506,163,138,25
12507,144,126,18
12508,129,106,23
12509,167,149,18
12510,112,98,14
12511,339,279,60
12512,254,217,37
12513,112,101,11
12514,192,172,20
12515,210,185,25
12516,151,131,20
12517,199,173,26
12518,354,316,38
12519,83,73,10
12520,69,61,8
12521,184,170,14
12522,566,512,54
12523,345,283,62
12524,266,240,26
12525,237,210,27
12526,193,175,18
12527,707,617,90
12528,468,416,52
12529,270,231,39
12530,140,119,21
12531,157,140,17
12532,366,320,46
12533,230,204,26
12534,338,302,36
12535,257,219,38
12536,304,278,26
12537,128,116,12
12538,355,316,39
12539,215,194,21
12540,128,117,11
12541,116,106,10
12542,194,174,20
12543,472,424,48
12544,235,213,22
12545,122,108,14
12546,872,796,76
12547,116,110,6
12548,248,221,27
12549,136,117,19
12550,134,116,18
12551,271,239,32
12552,263,234,29
12553,55,48,7
12554,125,116,9
12555,123,110,13
12556,618,539,79
12557,32,27,5
12558,295,268,27
12559,205,177,28
12560,121,112,9
12561,106,88,18
12562,154,136,18
12563,144,120,24
12564,387,341,46
12565,218,196,22
12566,99,90,9
12567,146,126,20
12568,99,83,16
12569,153,136,17
12570,73,61,12
12571,51,47,4
12572,296,258,38
12573,32,28,4
12574,790,695,95
12575,182,159,23
12576,197,170,27
12577,165,152,13
12578,159,147,12
12579,164,145,19
12580,82,74,8
12581,111,97,14
12582,83,81,2
12583,240,220,20
12584,207,180,27
12585,260,228,32
12586,98,84,14
12587,82,70,12
12588,196,162,34
12589,117,105,12
12590,104,94,10
12591,431,391,40
12592,131,120,11
12593,154,140,14
12594,440,378,62
12595,189,175,14
12596,160,143,17
12597,81,72,9
12598,42,41,1
12599,105,94,11
12600,114,101,13
12601,104,98,6
12602,263,234,29
12603,43,37,6
12604,137,125,12
12605,226,184,42
12606,117,109,8
12607,182,161,21
12608,124,108,16
12609,293,262,31
12610,317,287,30
12611,216,186,30
12612,160,141,19
12613,59,53,6
12614,344,313,31
12615,126,112,14
12616,152,141,11
12617,360,319,41
12618,162,153,9
12619,119,101,18
12620,212,192,20
12621,211,193,18
12622,411,357,54
12623,219,193,26
12624,416,373,43
12625,206,186,20
12626,178,160,18
12627,119,105,14
12628,258,215,43
12629,178,154,24
12630,162,145,17
12631,321,297,24
12632,107,96,11
12633,90,77,13
12634,308,268,40
12635,111,98,13
12636,166,144,22
12637,523,454,69
12638,492,423,69
12639,142,129,13
12640,154,136,18
12641,119,109,10
12642,190,170,20
12643,127,117,10
12644,171,151,20
12645,252,223,29
12646,184,164,20
12647,239,211,28
12648,870,750,120
12649,311,265,46
12650,251,228,23
12651,239,222,17
12652,307,276,31
12653,131,114,17
12654,119,103,16
12655,157,136,21
12656,157,134,23
12657,147,129,18
12658,161,138,23
12659,395,327,68
12660,138,125,13
12661,227,194,33
12662,128,112,16
12663,472,433,39
12664,61,56,5
12665,195,177,18
12666,252,223,29
12667,104,94,10
12668,128,117,11
12669,189,176,13
12670,241,211,30
12671,192,175,17
12672,462,401,61
12673,132,113,19
12674,559,506,53
12675,319,275,44
12676,444,388,56
12677,426,372,54
12678,92,79,13
12679,62,51,11
12680,326,295,31
12681,584,512,72
12682,358,310,48
12683,224,194,30
12684,380,339,41
12685,99,88,11
12686,138,122,16
12687,116,86,30
12688,38,33,5
12689,150,137,13
12690,316,294,22
12691,161,140,21
12692,107,96,11
12693,166,144,22
12694,149,136,13
12695,96,84,12
12696,459,411,48
12697,191,164,27
12698,784,697,87
12699,82,62,20
12700,157,140,17
12701,152,134,18
12702,366,339,27
12703,642,571,71
12704,407,369,38
12705,196,181,15
12706,106,100,6
12707,159,142,17
12708,200,172,28
12709,152,139,13
12710,679,607,72
12711,163,148,15
12712,242,212,30
12713,158,142,16
12714,172,151,21
12715,134,117,17
12716,267,247,20
12717,106,96,10
12718,237,211,26
12719,141,126,15
12720,153,140,13
12721,68,64,4
12722,230,203,27
12723,172,152,20
12724,111,99,12
12725,145,122,23
12726,60,54,6
12727,65,57,8
12728,166,143,23
12729,83,73,10
12730,322,289,33
12731,110,103,7
12732,169,158,11
12733,89,77,12
12734,58,53,5
12735,143,126,17
12736,153,136,17
12737,278,243,35
12738,154,129,25
12739,441,395,46
12740,167,155,12
12741,783,702,81
12742,135,118,17
12743,61,53,8
12744,185,155,30
12745,844,739,105
12746,165,154,11
12747,136,117,19
12748,210,186,24
12749,354,314,40
12750,117,96,21
12751,94,82,12
12752,201,184,17
12753,126,114,12
12754,105,89,16
12755,119,96,23
12756,127,122,5
12757,254,217,37
12758,239,210,29
12759,194,176,18
12760,350,305,45
12761,138,122,16
12762,182,163,19
12763,278,245,33
12764,390,343,47
12765,135,116,19
12766,124,106,18
12767,141,124,17
12768,413,354,59
12769,221,206,15
12770,500,462,38
12771,238,197,41
12772,104,94,10
12773,478,425,53
12774,293,266,27
12775,106,94,12
12776,213,192,21
12777,368,338,30
12778,49,40,9
12779,208,188,20
12780,98,86,12
12781,248,216,32
12782,401,348,53
12783,109,99,10
12784,48,45,3
12785,152,133,19
12786,60,58,2
12787,154,141,13
12788,471,411,60
12789,100,95,5
12790,151,138,13
12791,541,478,63
12792,129,112,17
12793,117,108,9
12794,268,245,23
12795,220,193,27
12796,426,371,55
12797,193,173,20
12798,96,84,12
12799,136,113,23
12800,108,97,11
12801,144,137,7
12802,294,265,29
12803,114,104,10
12804,159,147,12
12805,138,120,18
12806,124,104,20
12807,203,189,14
12808,452,389,63
12809,65,52,13
12810,74,64,10
12811,604,536,68
12812,141,130,11
12813,123,116,7
12814,177,156,21
12815,413,371,42
12816,254,221,33
12817,130,111,19
12818,143,126,17
12819,101,93,8
12820,212,183,29
12821,406,351,55
12822,575,525,50
12823,309,276,33
12824,999,914,85
12825,162,145,17
12826,359,328,31
12827,390,350,40
12828,131,116,15
12829,364,319,45
12830,247,217,30
12831,138,121,17
12832,135,113,22
12833,208,183,25
12834,126,113,13
12835,303,274,29
12836,459,402,57
12837,272,249,23
12838,162,141,21
12839,141,128,13
12840,336,306,30
12841,308,272,36
12842,141,127,14
12843,144,129,15
12844,146,129,17
12845,206,183,23
12846,122,110,12
12847,81,70,11
12848,52,47,5
12849,254,230,24
12850,98,87,11
12851,123,108,15
12852,109,103,6
12853,213,197,16
12854,646,578,68
12855,411,358,53
12856,179,162,17
12857,214,201,13
12858,379,346,33
12859,152,143,9
12860,835,771,64
12861,113,101,12
12862,135,122,13
12863,164,153,11
12864,69,65,4
12865,120,113,7
12866,339,290,49
12867,162,150,12
12868,368,332,36
12869,185,164,21
12870,86,82,4
12871,159,147,12
12872,174,155,19
12873,172,152,20
12874,192,173,19
12875,219,197,22
12876,126,110,16
12877,179,160,19
12878,152,138,14
12879,136,121,15
12880,178,158,20
12881,683,620,63
12882,114,100,14
12883,111,103,8
12884,262,230,32
12885,239,200,39
12886,176,148,28
12887,134,125,9
12888,98,90,8
12889,123,105,18
12890,235,208,27
12891,146,134,12
12892,327,283,44
12893,249,219,30
12894,141,124,17
12895,334,286,48
12896,377,346,31
12897,144,129,15
12898,145,136,9
12899,742,643,99
12900,121,113,8
12901,150,140,10
12902,113,102,11
12903,147,138,9
12904,135,124,11
12905,148,136,12
12906,162,142,20
12907,211,183,28
12908,424,371,53
12909,229,191,38
12910,355,324,31
12911,124,112,12
12912,468,414,54
12913,195,181,14
12914,257,232,25
12915,136,120,16
12916,121,107,14
12917,298,277,21
12918,44,39,5
12919,656,563,93
12920,117,104,13
12921,170,150,20
12922,483,434,49
12923,309,277,32
12924,131,110,21
12925,203,184,19
12926,197,174,23
12927,110,97,13
12928,763,686,77
12929,123,110,13
12930,181,160,21
12931,188,174,14
12932,50,41,9
12933,182,163,19
12934,517,454,63
12935,378,334,44
12936,172,150,22
12937,148,137,11
12938,267,231,36
12939,247,218,29
12940,131,120,11
12941,164,136,28
12942,162,141,21
12943,46,39,7
12944,256,231,25
12945,182,152,30
12946,186,158,28
12947,118,98,20
12948,485,429,56
12949,64,57,7
12950,173,148,25
12951,169,156,13
12952,250,214,36
12953,226,200,26
12954,126,111,15
12955,668,588,80
12956,126,111,15
12957,415,362,53
12958,54,49,5
12959,158,139,19
12960,116,106,10
12961,155,136,19
12962,401,347,54
12963,632,540,92
12964,209,187,22
12965,316,277,39
12966,336,296,40
12967,63,57,6
12968,260,232,28
12969,766,659,107
12970,378,329,49
12971,73,67,6
12972,71,58,13
12973,137,111,26
12974,163,134,29
12975,154,130,24
12976,130,112,18
12977,114,100,14
12978,568,500,68
12979,106,95,11
12980,123,108,15
12981,141,128,13
12982,198,180,18
12983,160,142,18
12984,122,104,18
12985,88,82,6
12986,61,57,4
12987,139,121,18
12988,120,105,15
12989,114,106,8
12990,115,103,12
12991,178,156,22
12992,46,42,4
12993,117,106,11
12994,150,136,14
12995,349,303,46
12996,374,342,32
12997,328,300,28
12998,317,277,40
12999,257,224,33
13000,157,141,16
13001,151,139,12
13002,265,244,21
13003,104,95,9
13004,127,116,11
13005,158,143,15
13006,128,113,15
13007,132,118,14
13008,187,165,22
13009,150,135,15
13010,267,237,30
13011,141,126,15
13012,146,134,12
13013,500,435,65
13014,110,103,7
13015,201,178,23
13016,168,151,17
13017,269,250,19
13018,322,299,23
13019,176,156,20
13020,140,128,12
13021,158,139,19
13022,911,829,82
13023,304,275,29
13024,251,216,35
13025,161,152,9
13026,349,316,33
13027,139,132,7
13028,318,281,37
13029,163,143,20
13030,430,383,47
13031,336,281,55
13032,121,109,12
13033,437,386,51
13034,175,155,20
13035,200,183,17
13036,181,161,20
13037,278,254,24
13038,183,160,23
13039,148,137,11
13040,208,189,19
13041,214,188,26
13042,310,269,41
13043,169,151,18
13044,91,83,8
13045,117,105,12
13046,137,128,9
13047,143,127,16
13048,193,169,24
13049,247,221,26
13050,163,149,14
13051,315,279,36
13052,131,122,9
13053,123,113,10
13054,596,548,48
13055,358,318,40
13056,323,292,31
13057,294,271,23
13058,197,179,18
13059,238,217,21
13060,118,108,10
13061,154,144,10
13062,162,149,13
13063,158,141,17
13064,200,181,19
13065,164,153,11
13066,358,312,46
13067,471,427,44
13068,161,146,15
13069,168,157,11
13070,205,178,27
13071,315,288,27
13072,131,119,12
13073,215,205,10
13074,236,213,23
13075,502,457,45
13076,202,186,16
13077,73,65,8
13078,111,101,10
13079,148,134,14
13080,91,84,7
13081,172,154,18
13082,89,83,6
13083,163,146,17
13084,109,103,6
13085,197,173,24
13086,222,198,24
13087,181,155,26
13088,450,389,61
13089,148,132,16
13090,288,253,35
13091,77,68,9
13092,92,86,6
13093,165,145,20
13094,197,173,24
13095,44,39,5
13096,234,198,36
13097,465,405,60
13098,170,149,21
13099,418,374,44
13100,307,276,31
13101,906,810,96
13102,486,421,65
13103,225,208,17
13104,304,258,46
13105,106,95,11
13106,57,50,7
13107,134,122,12
13108,273,242,31
13109,746,641,105
13110,130,122,8
13111,63,60,3
13112,122,112,10
13113,158,141,17
13114,201,181,20
13115,169,155,14
13116,324,289,35
13117,207,183,24
13118,176,158,18
13119,457,392,65
13120,621,544,77
13121,191,173,18
13122,174,158,16
13123,341,313,28
13124,181,154,27
13125,165,139,26
13126,203,187,16
13127,663,564,99
13128,235,209,26
13129,108,88,20
13130,71,67,4
13131,182,165,17
13132,137,117,20
13133,172,155,17
13134,286,259,27
13135,136,122,14
13136,218,195,23
13137,266,233,33
13138,172,155,17
13139,127,116,11
13140,138,129,9
13141,423,384,39
13142,533,472,61
13143,153,136,17
13144,141,123,18
13145,139,125,14
13146,222,203,19
13147,615,554,61
13148,173,150,23
13149,310,288,22
13150,233,211,22
13151,84,75,9
13152,100,90,10
13153,142,127,15
13154,160,148,12
13155,59,53,6
13156,239,212,27
13157,243,212,31
13158,392,358,34
13159,172,151,21
13160,160,148,12
13161,217,179,38
13162,48,41,7
13163,78,68,10
13164,145,129,16
13165,141,131,10
13166,126,116,10
13167,133,124,9
13168,633,548,85
13169,35,31,4
13170,146,127,19
13171,141,124,17
13172,139,124,15
13173,159,148,11
13174,80,71,9
13175,66,59,7
13176,166,147,19
13177,172,152,20
13178,66,57,9
13179,169,151,18
13180,293,259,34
13181,270,231,39
13182,159,142,17
13183,224,195,29
13184,61,55,6
13185,122,108,14
13186,538,470,68
13187,541,488,53
13188,182,159,23
13189,135,111,24
13190,177,155,22
13191,132,123,9
13192,232,218,14
13193,190,169,21
13194,325,286,39
13195,369,337,32
13196,151,130,21
13197,168,158,10
13198,175,163,12
13199,130,114,16
13200,168,156,12
13201,111,99,12
13202,135,128,7
13203,134,121,13
13204,277,241,36
13205,117,107,10
13206,143,127,16
13207,251,230,21
13208,194,171,23
13209,126,109,17
13210,323,290,33
13211,558,481,77
13212,107,94,13
13213,209,180,29
13214,92,89,3
13215,576,517,59
13216,119,101,18
13217,325,290,35
13218,180,158,22
13219,315,268,47
13220,547,481,66
13221,306,271,35
13222,311,269,42
13223,392,348,44
13224,266,238,28
13225,255,221,34
13226,132,117,15
13227,149,128,21
13228,232,195,37
13229,211,185,26
13230,119,104,15
13231,447,396,51
13232,298,265,33
13233,454,382,72
13234,286,258,28
13235,214,195,19
13236,110,100,10
13237,166,138,28
13238,145,129,16
13239,157,147,10
13240,605,516,89
13241,188,161,27
13242,128,115,13
13243,201,178,23
13244,258,222,36
13245,173,155,18
13246,304,265,39
13247,249,220,29
13248,186,164,22
13249,63,57,6
13250,56,50,6
13251,59,54,5
13252,54,49,5
13253,524,449,75
13254,123,116,7
13255,647,553,94
13256,44,42,2
13257,131,117,14
13258,184,161,23
13259,102,86,16
13260,407,362,45
13261,127,122,5
13262,331,291,40
13263,51,49,2
13264,347,307,40
13265,717,647,70
13266,307,274,33
13267,213,187,26
13268,153,133,20
13269,790,655,135
13270,110,98,12
13271,139,130,9
13272,131,121,10
13273,140,123,17
13274,156,137,19
13275,110,99,11
13276,246,221,25
13277,446,373,73
13278,357,321,36
13279,71,66,5
13280,200,176,24
13281,106,93,13
13282,79,69,10
13283,162,144,18
13284,375,338,37
13285,354,314,40
13286,202,182,20
13287,275,252,23
13288,476,421,55
13289,103,90,13
13290,110,100,10
13291,248,220,28
13292,399,351,48
13293,131,117,14
13294,113,101,12
13295,207,180,27
13296,153,131,22
13297,153,136,17
13298,389,339,50
13299,222,201,21
13300,165,137,28
13301,328,291,37
13302,344,302,42
13303,174,166,8
13304,145,130,15
13305,136,123,13
13306,172,152,20
13307,295,264,31
13308,274,243,31
13309,359,312,47
13310,716,625,91
13311,165,146,19
13312,103,91,12
13313,189,160,29
13314,253,222,31
13315,190,172,18
13316,94,84,10
13317,344,290,54
13318,190,169,21
13319,111,97,14
13320,141,120,21
13321,357,321,36
13322,112,102,10
13323,362,319,43
13324,555,489,66
13325,190,174,16
13326,147,133,14
13327,217,189,28
13328,152,136,16
13329,126,109,17
13330,140,126,14
13331,272,233,39
13332,526,469,57
13333,130,120,10
13334,171,152,19
13335,158,143,15
13336,124,108,16
13337,116,104,12
13338,295,242,53
13339,314,282,32
13340,104,93,11
13341,283,249,34
13342,121,110,11
13343,130,112,18
13344,112,98,14
13345,152,136,16
13346,96,88,8
13347,167,154,13
13348,435,379,56
13349,309,279,30
13350,99,87,12
13351,109,93,16
13352,74,67,7
13353,448,410,38
13354,185,160,25
13355,139,125,14
13356,142,126,16
13357,149,121,28
13358,201,179,22
13359,262,238,24
13360,178,159,19
13361,235,208,27
13362,219,194,25
13363,423,381,42
13364,43,38,5
13365,445,397,48
13366,125,107,18
13367,184,163,21
13368,146,131,15
13369,43,41,2
13370,1017,889,128
13371,126,112,14
13372,298,271,27
13373,141,116,25
13374,193,168,25
13375,292,245,47
13376,150,134,16
13377,144,127,17
13378,274,237,37
13379,147,121,26
13380,173,155,18
13381,116,102,14
13382,192,176,16
13383,227,203,24
13384,196,168,28
13385,132,121,11
13386,379,341,38
13387,740,665,75
13388,176,157,19
13389,99,89,10
13390,100,89,11
13391,131,120,11
13392,124,112,12
13393,459,393,66
13394,110,101,9
13395,197,176,21
13396,151,131,20
13397,48,41,7
13398,545,481,64
13399,324,280,44
13400,352,302,50
13401,135,121,14
13402,154,133,21
13403,111,101,10
13404,147,133,14
13405,749,679,70
13406,250,225,25
13407,127,118,9
13408,141,128,13
13409,150,135,15
13410,41,40,1
13411,353,308,45
13412,735,670,65
13413,692,604,88
13414,124,111,13
13415,472,434,38
13416,133,109,24
13417,683,613,70
13418,186,169,17
13419,105,85,20
13420,121,110,11
13421,221,196,25
13422,133,125,8
13423,165,152,13
13424,153,141,12
13425,118,103,15
13426,52,46,6
13427,162,143,19
13428,336,299,37
13429,86,80,6
13430,226,199,27
13431,116,105,11
13432,125,109,16
13433,171,148,23
13434,49,45,4
13435,215,189,26
13436,231,205,26
13437,142,131,11
13438,143,130,13
13439,104,88,16
13440,433,388,45
13441,102,92,10
13442,453,403,50
13443,84,72,12
13444,110,93,17
13445,470,406,64
13446,191,177,14
13447,159,134,25
13448,139,124,15
13449,208,181,27
13450,134,117,17
13451,143,122,21
13452,352,314,38
13453,137,120,17
13454,195,174,21
13455,139,120,19
13456,247,212,35
13457,126,114,12
13458,124,110,14
13459,148,133,15
13460,450,390,60
13461,240,216,24
13462,198,177,21
13463,178,162,16
13464,218,193,25
13465,115,102,13
13466,309,270,39
13467,389,363,26
13468,178,164,14
13469,157,136,21
13470,382,332,50
13471,177,160,17
13472,201,178,23
13473,569,490,79
13474,110,99,11
13475,307,278,29
13476,51,43,8
13477,105,93,12
13478,264,235,29
13479,174,153,21
13480,821,745,76
13481,189,167,22
13482,174,156,18
13483,245,215,30
13484,131,120,11
13485,268,240,28
13486,187,165,22
13487,333,290,43
13488,210,184,26
13489,122,109,13
13490,202,183,19
13491,441,384,57
13492,1018,913,105
13493,146,127,19
13494,714,634,80
13495,229,199,30
13496,163,145,18
13497,360,319,41
13498,147,138,9
13499,219,196,23
13500,160,145,15
13501,482,424,58
13502,173,158,15
13503,166,151,15
13504,262,238,24
13505,151,131,20
13506,84,75,9
13507,132,119,13
13508,142,127,15
13509,174,153,21
13510,195,179,16
13511,147,125,22
13512,154,133,21
13513,531,456,75
13514,133,118,15
13515,187,159,28
13516,296,257,39
13517,480,402,78
13518,270,237,33
13519,689,610,79
13520,346,304,42
13521,191,171,20
13522,286,255,31
13523,112,99,13
13524,152,140,12
13525,289,255,34
13526,201,180,21
13527,138,119,19
13528,288,257,31
13529,155,138,17
13530,338,299,39
13531,175,155,20
13532,108,99,9
13533,190,170,20
13534,32,24,8
13535,117,102,15
13536,236,210,26
13537,68,61,7
13538,463,417,46
13539,150,127,23
13540,105,88,17
13541,268,245,23
13542,193,171,22
13543,66,61,5
13544,81,74,7
13545,653,578,75
13546,283,248,35
13547,102,90,12
13548,305,260,45
13549,284,247,37
13550,165,148,17
13551,91,83,8
13552,45,35,10
13553,174,140,34
13554,140,125,15
13555,441,391,50
13556,164,151,13
13557,214,179,35
13558,170,159,11
13559,300,266,34
13560,247,219,28
13561,143,125,18
13562,441,394,47
13563,217,191,26
13564,416,380,36
13565,89,84,5
13566,157,134,23
13567,341,297,44
13568,510,446,64
13569,188,166,22
13570,179,169,10
13571,127,118,9
13572,395,346,49
13573,241,216,25
13574,218,202,16
13575,294,249,45
13576,205,184,21
13577,292,257,35
13578,137,115,22
13579,99,89,10
13580,72,60,12
13581,177,147,30
13582,198,174,24
13583,48,44,4
13584,126,109,17
13585,165,150,15
13586,245,216,29
13587,135,113,22
13588,143,134,9
13589,35,31,4
13590,276,236,40
13591,109,98,11
13592,83,75,8
13593,153,141,12
13594,82,72,10
13595,73,68,5
13596,362,328,34
13597,155,133,22
13598,436,395,41
13599,136,124,12
13600,135,118,17
13601,208,187,21
13602,133,117,16
13603,119,100,19
13604,50,49,1
13605,60,56,4
13606,157,145,12
13607,71,70,1
13608,166,153,13
13609,228,204,24
13610,266,229,37
13611,1017,919,98
13612,145,132,13
13613,137,121,16
13614,624,555,69
13615,190,174,16
13616,143,122,21
13617,126,114,12
13618,151,133,18
13619,245,207,38
13620,188,163,25
13621,114,103,11
13622,427,382,45
13623,103,92,11
13624,58,54,4
13625,245,222,23
13626,277,248,29
13627,432,392,40
13628,91,75,16
13629,56,49,7
13630,90,78,12
13631,112,104,8
13632,48,46,2
13633,352,306,46
13634,138,124,14
13635,412,364,48
13636,422,365,57
13637,255,224,31
13638,128,109,19
13639,446,393,53
13640,194,176,18
13641,129,113,16
13642,126,113,13
13643,119,108,11
13644,172,155,17
13645,120,107,13
13646,160,145,15
13647,145,113,32
13648,122,103,19
13649,158,141,17
13650,129,114,15
13651,702,604,98
13652,189,176,13
13653,752,689,63
13654,346,316,30
13655,345,304,41
13656,366,331,35
13657,160,132,28
13658,127,117,10
13659,656,604,52
13660,164,143,21
13661,152,142,10
13662,195,170,25
13663,193,173,20
13664,466,410,56
13665,463,410,53
13666,378,323,55
13667,495,433,62
13668,255,235,20
13669,251,220,31
13670,52,48,4
13671,182,160,22
13672,125,106,19
13673,429,383,46
13674,131,112,19
13675,186,169,17
13676,553,501,52
13677,155,135,20
13678,156,145,11
13679,135,119,16
13680,109,92,17
13681,167,151,16
13682,133,123,10
13683,292,265,27
13684,357,327,30
13685,363,333,30
13686,123,108,15
13687,300,270,30
13688,183,173,10
13689,599,530,69
13690,118,108,10
13691,156,145,11
13692,168,153,15
13693,256,232,24
13694,134,122,12
13695,295,259,36
13696,272,237,35
13697,959,866,93
13698,330,300,30
13699,201,178,23
13700,223,197,26
13701,291,269,22
13702,272,239,33
13703,195,184,11
13704,263,238,25
13705,119,108,11
13706,464,409,55
13707,131,115,16
13708,146,127,19
13709,441,398,43
13710,410,372,38
13711,733,649,84
13712,31,26,5
13713,143,125,18
13714,62,50,12
13715,54,46,8
13716,147,129,18
13717,139,121,18
13718,48,40,8
13719,128,118,10
13720,502,454,48
13721,970,884,86
13722,168,149,19
13723,207,184,23
13724,162,142,20
13725,129,110,19
13726,65,59,6
13727,226,202,24
13728,152,132,20
13729,131,117,14
13730,238,218,20
13731,203,176,27
13732,118,103,15
13733,161,150,11
13734,381,340,41
13735,393,359,34
13736,323,287,36
13737,133,120,13
13738,199,184,15
13739,118,103,15
13740,146,132,14
13741,99,87,12
13742,164,144,20
13743,313,277,36
13744,200,180,20
13745,225,203,22
13746,208,182,26
13747,135,117,18
13748,308,281,27
13749,257,218,39
13750,421,389,32
13751,268,235,33
13752,312,280,32
13753,140,131,9
13754,82,76,6
13755,263,240,23
13756,40,34,6
13757,59,51,8
13758,112,101,11
13759,144,131,13
13760,666,598,68
13761,54,49,5
13762,304,273,31
13763,89,82,7
13764,89,82,7
13765,138,117,21
13766,194,178,16
13767,74,68,6
13768,123,105,18
13769,156,140,16
13770,234,194,40
13771,105,92,13
13772,148,135,13
13773,159,139,20
13774,135,112,23
13775,78,71,7
13776,53,50,3
13777,327,290,37
13778,214,195,19
13779,110,98,12
13780,123,106,17
13781,39,36,3
13782,56,52,4
13783,287,265,22
13784,151,132,19
13785,395,336,59
13786,745,664,81
13787,102,92,10
13788,315,278,37
13789,943,829,114
13790,126,114,12
13791,140,124,16
13792,281,247,34
13793,154,139,15
13794,302,268,34
13795,242,218,24
13796,96,87,9
13797,174,157,17
13798,179,161,18
13799,451,409,42
13800,209,184,25
13801,203,185,18
13802,116,110,6
13803,389,352,37
13804,217,184,33
13805,672,612,60
13806,138,122,16
13807,155,133,22
13808,179,162,17
13809,203,174,29
13810,139,122,17
13811,563,490,73
13812,488,419,69
13813,123,108,15
13814,166,150,16
13815,88,79,9
13816,292,245,47
13817,174,144,30
13818,371,322,49
13819,164,143,21
13820,293,251,42
13821,321,292,29
13822,284,248,36
13823,540,494,46
13824,278,241,37
13825,355,328,27
13826,429,387,42
13827,121,111,10
13828,115,104,11
13829,298,268,30
13830,369,321,48
13831,351,304,47
13832,141,130,11
13833,256,225,31
13834,180,154,26
13835,639,549,90
13836,122,112,10
13837,419,350,69
13838,170,146,24
13839,133,116,17
13840,166,153,13
13841,110,104,6
13842,97,83,14
13843,640,581,59
13844,154,135,19
13845,215,190,25
13846,79,68,11
13847,54,52,2
13848,32,31,1
13849,193,181,12
13850,301,272,29
13851,314,267,47
13852,190,167,23
13853,262,230,32
13854,61,56,5
13855,217,184,33
13856,204,187,17
13857,93,84,9
13858,192,170,22
13859,52,49,3
13860,126,114,12
13861,96,85,11
13862,84,77,7
13863,342,298,44
13864,159,137,22
13865,190,169,21
13866,144,131,13
13867,255,222,33
13868,181,161,20
13869,81,70,11
13870,183,157,26
13871,744,643,101
13872,206,185,21
13873,134,118,16
13874,145,131,14
13875,201,155,46
13876,130,108,22
13877,114,97,17
13878,571,519,52
13879,652,574,78
13880,152,136,16
13881,160,145,15
13882,410,379,31
13883,118,108,10
13884,189,164,25
13885,172,143,29
13886,146,129,17
13887,99,88,11
13888,218,199,19
13889,56,53,3
13890,157,141,16
13891,134,115,19
13892,186,164,22
13893,151,120,31
13894,158,133,25
13895,132,109,23
13896,268,246,22
13897,214,195,19
13898,192,163,29
13899,73,69,4
13900,211,183,28
13901,369,319,50
13902,367,321,46
13903,298,270,28
13904,342,310,32
13905,197,180,17
13906,197,180,17
13907,197,180,17
13908,81,78,3
13909,144,120,24
13910,214,194,20
13911,144,130,14
13912,319,272,47
13913,143,125,18
13914,139,124,15
13915,222,188,34
13916,357,304,53
13917,458,416,42
13918,514,456,58
13919,113,98,15
13920,112,96,16
13921,153,133,20
13922,302,252,50
13923,116,99,17
13924,443,389,54
13925,749,660,89
13926,323,278,45
13927,238,205,33
13928,354,320,34
13929,159,139,20
13930,51,47,4
13931,471,411,60
13932,152,138,14
13933,67,54,13
13934,48,43,5
13935,123,117,6
13936,360,327,33
13937,311,269,42
13938,360,326,34
13939,179,157,22
13940,169,133,36
13941,278,244,34
13942,915,783,132
13943,155,137,18
13944,189,172,17
13945,305,272,33
13946,373,322,51
13947,546,486,60
13948,33,28,5
13949,89,81,8
13950,129,113,16
13951,123,110,13
13952,72,65,7
13953,186,165,21
13954,99,86,13
13955,133,120,13
13956,197,174,23
13957,157,145,12
13958,42,39,3
13959,230,208,22
13960,103,90,13
13961,171,147,24
13962,168,143,25
13963,189,183,6
13964,35,31,4
13965,130,119,11
13966,127,112,15
13967,154,139,15
13968,145,131,14
13969,164,146,18
13970,119,109,10
13971,362,316,46
13972,304,277,27
13973,93,85,8
13974,143,131,12
13975,172,161,11
13976,149,138,11
13977,224,204,20
13978,198,163,35
13979,85,76,9
13980,40,33,7
13981,147,129,18
13982,174,158,16
13983,137,117,20
13984,353,315,38
13985,115,104,11
13986,108,95,13
13987,172,153,19
13988,372,335,37
13989,237,204,33
13990,105,89,16
13991,179,152,27
13992,401,352,49
13993,266,238,28
13994,117,108,9
13995,419,373,46
13996,119,106,13
13997,163,145,18
13998,121,107,14
13999,254,228,26
14000,308,272,36
14001,243,211,32
14002,434,388,46
14003,164,134,30
14004,287,251,36
14005,778,692,86
14006,399,354,45
14007,132,113,19
14008,405,360,45
14009,218,196,22
14010,87,80,7
14011,222,191,31
14012,122,110,12
14013,192,169,23
14014,152,138,14
14015,151,136,15
14016,50,44,6
14017,193,168,25
14018,178,160,18
14019,137,125,12
14020,360,326,34
14021,105,93,12
14022,699,625,74
14023,626,555,71
14024,137,133,4
14025,287,253,34
14026,139,119,20
14027,47,41,6
14028,122,103,19
14029,198,168,30
14030,190,173,17
14031,165,153,12
14032,52,46,6
14033,135,119,16
14034,515,447,68
14035,181,157,24
14036,230,208,22
14037,162,149,13
14038,161,136,25
14039,69,62,7
14040,87,78,9
14041,47,40,7
14042,324,281,43
14043,174,160,14
14044,265,234,31
14045,195,171,24
14046,527,448,79
14047,154,138,16
14048,318,275,43
14049,350,304,46
14050,209,171,38
14051,87,79,8
14052,105,92,13
14053,54,51,3
14054,134,126,8
14055,137,118,19
14056,146,120,26
14057,304,268,36
14058,92,83,9
14059,288,260,28
14060,439,383,56
14061,246,215,31
14062,267,236,31
14063,84,72,12
14064,78,73,5
14065,247,216,31
14066,94,84,10
14067,180,172,8
14068,202,190,12
14069,165,149,16
14070,223,190,33
14071,657,606,51
14072,454,393,61
14073,374,338,36
14074,242,216,26
14075,168,146,22
14076,120,112,8
14077,175,154,21
14078,158,143,15
14079,210,197,13
14080,378,341,37
14081,246,222,24
14082,278,241,37
14083,134,116,18
14084,91,83,8
14085,274,255,19
14086,51,48,3
14087,132,115,17
14088,49,48,1
14089,89,73,16
14090,144,125,19
14091,354,308,46
14092,292,256,36
14093,29,28,1
14094,149,134,15
14095,238,200,38
14096,112,103,9
14097,176,145,31
14098,133,118,15
14099,153,138,15
14100,347,314,33
14101,70,61,9
14102,133,118,15
14103,179,167,12
14104,137,113,24
14105,241,204,37
14106,267,241,26
14107,203,175,28
14108,124,114,10
14109,180,162,18
14110,100,96,4
14111,274,247,27
14112,590,519,71
14113,106,96,10
14114,228,209,19
14115,168,145,23
14116,80,66,14
14117,408,370,38
14118,113,95,18
14119,304,274,30
14120,198,179,19
14121,183,164,19
14122,71,63,8
14123,179,156,23
14124,286,261,25
14125,292,272,20
14126,239,215,24
14127,180,165,15
14128,670,574,96
14129,159,144,15
14130,213,192,21
14131,138,124,14
14132,170,150,20
14133,388,352,36
14134,93,81,12
14135,158,142,16
14136,233,202,31
14137,64,62,2
14138,160,148,12
14139,144,133,11
14140,304,283,21
14141,294,256,38
14142,79,76,3
14143,98,85,13
14144,293,259,34
14145,546,478,68
14146,285,248,37
14147,160,147,13
14148,147,129,18
14149,301,255,46
14150,167,139,28
14151,234,211,23
14152,131,116,15
14153,169,150,19
14154,136,120,16
14155,92,82,10
14156,214,179,35
14157,208,186,22
14158,114,103,11
14159,228,197,31
14160,119,102,17
14161,115,104,11
14162,178,155,23
14163,193,168,25
14164,228,191,37
14165,62,59,3
14166,418,380,38
14167,194,165,29
14168,155,141,14
14169,115,101,14
14170,147,128,19
14171,128,117,11
14172,146,129,17
14173,118,105,13
14174,139,121,18
14175,159,142,17
14176,146,128,18
14177,112,98,14
14178,392,348,44
14179,235,216,19
14180,194,171,23
14181,121,106,15
14182,108,95,13
14183,93,79,14
14184,530,476,54
14185,409,349,60
14186,277,248,29
14187,313,284,29
14188,136,118,18
14189,161,142,19
14190,77,64,13
14191,171,161,10
14192,154,140,14
14193,219,194,25
14194,409,351,58
14195,302,258,44
14196,155,137,18
14197,143,131,12
14198,143,125,18
14199,133,124,9
14200,385,334,51
14201,177,157,20
14202,460,398,62
14203,441,382,59
14204,116,104,12
14205,105,92,13
14206,208,191,17
14207,612,529,83
14208,214,189,25
14209,162,151,11
14210,311,283,28
14211,59,52,7
14212,197,163,34
14213,371,324,47
14214,184,164,20
14215,219,198,21
14216,371,327,44
14217,113,103,10
14218,596,526,70
14219,329,292,37
14220,370,335,35
14221,543,471,72
14222,313,264,49
14223,54,48,6
14224,51,41,10
14225,90,81,9
14226,96,85,11
14227,51,48,3
14228,32,30,2
14229,118,107,11
14230,151,128,23
14231,84,79,5
14232,241,206,35
14233,179,159,20
14234,218,196,22
14235,126,112,14
14236,75,66,9
14237,102,92,10
14238,194,174,20
14239,224,203,21
14240,116,107,9
14241,574,514,60
14242,243,212,31
14243,125,105,20
14244,113,97,16
14245,281,233,48
14246,148,127,21
14247,171,160,11
14248,343,306,37
14249,159,143,16
14250,146,128,18
14251,195,177,18
14252,203,189,14
14253,124,111,13
14254,337,292,45
14255,377,333,44
14256,326,304,22
14257,121,112,9
14258,184,161,23
14259,428,388,40
14260,321,281,40
14261,233,206,27
14262,278,248,30
14263,503,449,54
14264,500,454,46
14265,185,155,30
14266,130,123,7
14267,532,490,42
14268,127,113,14
14269,193,178,15
14270,584,524,60
14271,116,106,10
14272,312,277,35
14273,128,110,18
14274,232,198,34
14275,148,128,20
14276,299,254,45
14277,115,104,11
14278,588,514,74
14279,168,151,17
14280,602,520,82
14281,562,493,69
14282,153,128,25
14283,177,159,18
14284,279,240,39
14285,503,448,55
14286,108,97,11
14287,241,220,21
14288,213,191,22
14289,106,97,9
14290,109,100,9
14291,81,68,13
14292,188,171,17
14293,418,388,30
14294,52,43,9
14295,44,40,4
14296,258,224,34
14297,288,248,40
14298,210,184,26
14299,701,622,79
14300,170,154,16
14301,322,285,37
14302,72,60,12
14303,196,177,19
14304,165,143,22
14305,359,327,32
14306,452,397,55
14307,810,692,118
14308,153,132,21
14309,566,488,78
14310,167,147,20
14311,810,692,118
14312,94,89,5
14313,73,69,4
14314,166,149,17
14315,161,146,15
14316,107,96,11
14317,131,122,9
14318,354,304,50
14319,208,179,29
14320,109,96,13
14321,185,160,25
14322,72,68,4
14323,148,137,11
14324,235,214,21
14325,430,378,52
14326,218,192,26
14327,143,127,16
14328,78,70,8
14329,262,240,22
14330,96,90,6
14331,296,263,33
14332,134,122,12
14333,169,154,15
14334,139,130,9
14335,152,136,16
14336,440,403,37
14337,131,111,20
14338,127,114,13
14339,285,255,30
14340,128,113,15
14341,128,113,15
14342,214,191,23
14343,102,89,13
14344,207,181,26
14345,191,157,34
14346,215,185,30
14347,95,84,11
14348,110,96,14
14349,108,93,15
14350,197,175,22
14351,123,115,8
14352,227,194,33
14353,318,281,37
14354,401,353,48
14355,145,133,12
14356,117,105,12
14357,170,150,20
14358,178,164,14
14359,125,107,18
14360,346,304,42
14361,147,131,16
14362,230,210,20
14363,372,331,41
14364,174,155,19
14365,217,190,27
14366,111,97,14
14367,375,339,36
14368,135,126,9
14369,133,124,9
14370,137,126,11
14371,207,196,11
14372,124,112,12
14373,112,105,7
14374,130,117,13
14375,268,242,26
14376,338,292,46
14377,114,105,9
14378,114,104,10
14379,119,110,9
14380,277,242,35
14381,153,135,18
14382,192,165,27
14383,412,369,43
14384,298,262,36
14385,121,107,14
14386,121,105,16
14387,208,179,29
14388,194,171,23
14389,192,177,15
14390,402,356,46
14391,274,230,44
14392,222,197,25
14393,45,39,6
14394,167,145,22
14395,175,155,20
14396,629,548,81
14397,204,179,25
14398,302,281,21
14399,555,497,58
14400,327,285,42
14401,262,229,33
14402,269,233,36
14403,284,242,42
14404,57,48,9
14405,197,170,27
14406,335,290,45
14407,143,121,22
14408,175,157,18
14409,69,63,6
14410,126,112,14
14411,134,124,10
14412,215,171,44
14413,126,110,16
14414,56,54,2
14415,152,130,22
14416,153,130,23
14417,191,170,21
14418,65,63,2
14419,121,103,18
14420,93,79,14
14421,150,120,30
14422,52,50,2
14423,329,287,42
14424,109,93,16
14425,94,84,10
14426,272,232,40
14427,804,722,82
14428,111,102,9
14429,121,106,15
14430,88,79,9
14431,787,658,129
14432,170,156,14
14433,502,445,57
14434,65,59,6
14435,92,78,14
14436,189,153,36
14437,58,50,8
14438,205,177,28
14439,469,422,47
14440,151,138,13
14441,144,125,19
14442,745,656,89
14443,117,104,13
14444,119,101,18
14445,226,200,26
14446,655,576,79
14447,344,301,43
14448,826,721,105
14449,345,303,42
14450,1011,886,125
14451,213,184,29
14452,29,29,0
14453,189,174,15
14454,586,497,89
14455,338,297,41
14456,354,307,47
14457,139,113,26
14458,142,128,14
14459,148,129,19
14460,231,207,24
14461,83,72,11
14462,114,102,12
14463,61,56,5
14464,40,36,4
14465,90,82,8
14466,502,460,42
14467,119,105,14
14468,231,203,28
14469,190,167,23
14470,228,205,23
14471,160,146,14
14472,268,226,42
14473,146,129,17
14474,113,97,16
14475,180,159,21
14476,131,105,26
14477,123,115,8
14478,203,174,29
14479,146,128,18
14480,60,50,10
14481,106,87,19
14482,171,162,9
14483,222,201,21
14484,480,432,48
14485,276,237,39
14486,731,635,96
14487,381,336,45
14488,287,255,32
14489,160,147,13
14490,141,124,17
14491,172,163,9
14492,240,211,29
14493,247,221,26
14494,388,343,45
14495,241,221,20
14496,124,105,19
14497,117,103,14
14498,130,115,15
14499,130,118,12
14500,130,114,16
14501,428,386,42
14502,944,860,84
14503,258,232,26
14504,138,119,19
14505,198,183,15
14506,143,125,18
14507,147,128,19
14508,263,235,28
14509,317,269,48
14510,119,112,7
14511,353,320,33
14512,291,253,38
14513,160,142,18
14514,661,596,65
14515,66,60,6
14516,345,307,38
14517,407,359,48
14518,222,199,23
14519,407,349,58
14520,753,662,91
14521,147,133,14
14522,720,628,92
14523,348,302,46
14524,65,59,6
14525,81,72,9
14526,56,50,6
14527,40,37,3
14528,382,340,42
14529,307,282,25
14530,358,328,30
14531,253,226,27
14532,180,155,25
14533,225,199,26
14534,105,96,9
14535,192,161,31
14536,314,278,36
14537,116,103,13
14538,285,252,33
14539,206,170,36
14540,118,104,14
14541,105,88,17
14542,184,165,19
14543,368,334,34
14544,133,122,11
14545,305,272,33
14546,335,310,25
14547,120,110,10
14548,241,214,27
14549,135,118,17
14550,734,636,98
14551,207,183,24
14552,234,200,34
14553,219,191,28
14554,197,176,21
14555,63,56,7
14556,75,67,8
14557,226,211,15
14558,178,165,13
14559,328,290,38
14560,439,391,48
14561,164,150,14
14562,469,418,51
14563,123,112,11
14564,122,114,8
14565,119,103,16
14566,936,807,129
14567,198,179,19
14568,113,98,15
14569,147,132,15
14570,84,78,6
14571,159,141,18
14572,112,103,9
14573,300,268,32
14574,135,125,10
14575,131,119,12
14576,147,125,22
14577,278,248,30
14578,330,279,51
14579,661,578,83
14580,147,130,17
14581,390,339,51
14582,226,205,21
14583,228,191,37
14584,185,158,27
14585,742,646,96
14586,186,163,23
14587,169,151,18
14588,48,41,7
14589,211,194,17
14590,442,393,49
14591,520,451,69
14592,270,249,21
14593,225,197,28
14594,332,300,32
14595,118,103,15
14596,133,121,12
14597,362,329,33
14598,275,244,31
14599,150,130,20
14600,354,319,35
14601,176,157,19
14602,166,149,17
14603,152,135,17
14604,197,180,17
14605,222,198,24
14606,524,452,72
14607,127,110,17
14608,203,182,21
14609,135,122,13
14610,171,157,14
14611,279,247,32
14612,351,304,47
14613,697,600,97
14614,59,53,6
14615,137,123,14
14616,39,36,3
14617,148,129,19
14618,67,58,9
14619,114,101,13
14620,77,67,10
14621,302,264,38
14622,148,124,24
14623,123,111,12
14624,86,77,9
14625,62,53,9
14626,287,246,41
14627,409,353,56
14628,293,255,38
14629,164,142,22
14630,61,52,9
14631,136,126,10
14632,196,171,25
14633,272,237,35
14634,262,231,31
14635,343,302,41
14636,254,225,29
14637,195,173,22
14638,515,457,58
14639,123,113,10
14640,416,367,49
14641,449,398,51
14642,534,458,76
14643,241,218,23
14644,271,240,31
14645,134,120,14
14646,125,103,22
14647,120,106,14
14648,423,377,46
14649,254,224,30
14650,290,262,28
14651,149,132,17
14652,181,164,17
14653,126,114,12
14654,143,121,22
14655,142,133,9
14656,134,121,13
14657,210,186,24
14658,138,124,14
14659,133,125,8
14660,127,111,16
14661,468,419,49
14662,125,105,20
14663,172,154,18
14664,156,140,16
14665,383,346,37
14666,404,365,39
14667,161,143,18
14668,247,221,26
14669,437,392,45
14670,261,231,30
14671,234,210,24
14672,908,819,89
14673,133,123,10
14674,141,134,7
14675,654,585,69
14676,194,175,19
14677,151,138,13
14678,150,140,10
14679,163,150,13
14680,437,393,44
14681,224,200,24
14682,980,906,74
14683,186,165,21
14684,138,123,15
14685,139,121,18
14686,175,161,14
14687,380,327,53
14688,502,448,54
14689,262,234,28
14690,137,124,13
14691,271,245,26
14692,104,85,19
14693,140,126,14
14694,217,190,27
14695,149,131,18
14696,404,363,41
14697,173,154,19
14698,210,184,26
14699,347,310,37
14700,148,132,16
14701,129,119,10
14702,96,91,5
14703,226,198,28
14704,335,312,23
14705,356,327,29
14706,271,243,28
14707,131,111,20
14708,386,338,48
14709,54,45,9
14710,148,134,14
14711,290,251,39
14712,123,106,17
14713,207,182,25
14714,288,247,41
14715,131,114,17
14716,251,225,26
14717,205,183,22
14718,447,402,45
14719,457,393,64
14720,123,108,15
14721,128,119,9
14722,188,168,20
14723,193,175,18
14724,93,82,11
14725,127,119,8
14726,53,51,2
14727,90,79,11
14728,58,50,8
14729,130,121,9
14730,125,105,20
14731,99,88,11
14732,122,104,18
14733,67,61,6
14734,64,59,5
14735,426,374,52
14736,147,132,15
14737,21,17,4
14738,276,249,27
14739,90,80,10
14740,349,315,34
14741,129,121,8
14742,132,120,12
14743,36,32,4
14744,194,172,22
14745,154,141,13
14746,379,345,34
14747,454,399,55
14748,122,107,15
14749,119,111,8
14750,250,218,32
14751,239,214,25
14752,147,131,16
14753,136,124,12
14754,143,129,14
14755,175,160,15
14756,181,155,26
14757,119,109,10
14758,185,166,19
14759,319,287,32
14760,175,151,24
14761,130,119,11
14762,130,116,14
14763,259,237,22
14764,796,700,96
14765,182,162,20
14766,198,177,21
14767,119,111,8
14768,157,145,12
14769,224,206,18
14770,301,271,30
14771,402,357,45
14772,311,285,26
14773,254,226,28
14774,184,170,14
14775,191,174,17
14776,253,212,41
14777,106,94,12
14778,392,351,41
14779,68,62,6
14780,56,53,3
14781,199,184,15
14782,187,175,12
14783,212,191,21
14784,141,131,10
14785,211,188,23
14786,117,104,13
14787,121,111,10
14788,165,149,16
14789,94,80,14
14790,113,99,14
14791,136,123,13
14792,58,54,4
14793,76,64,12
14794,157,133,24
14795,330,292,38
14796,89,80,9
14797,155,136,19
14798,192,170,22
14799,142,126,16
14800,209,183,26
14801,202,170,32
14802,137,127,10
14803,46,44,2
14804,131,109,22
14805,195,170,25
14806,51,46,5
14807,35,32,3
14808,161,136,25
14809,138,122,16
14810,265,232,33
14811,384,343,41
14812,188,158,30
14813,129,121,8
14814,158,147,11
14815,178,157,21
14816,71,70,1
14817,245,212,33
14818,395,334,61
14819,902,801,101
14820,105,96,9
14821,165,143,22
14822,122,108,14
14823,203,181,22
14824,186,167,19
14825,140,128,12
14826,205,188,17
14827,86,78,8
14828,119,105,14
14829,165,148,17
14830,206,182,24
14831,60,52,8
14832,365,333,32
14833,170,153,17
14834,19,19,0
14835,170,148,22
14836,52,42,10
14837,58,51,7
14838,201,177,24
14839,167,140,27
14840,324,291,33
14841,163,138,25
14842,99,88,11
14843,130,115,15
14844,150,134,16
14845,217,186,31
14846,110,102,8
14847,138,122,16
14848,578,517,61
14849,108,99,9
14850,159,142,17
14851,584,519,65
14852,1002,868,134
14853,331,300,31
14854,147,126,21
14855,144,127,17
14856,161,144,17
14857,145,129,16
14858,118,97,21
14859,122,106,16
14860,132,115,17
14861,222,202,20
14862,137,119,18
14863,64,58,6
14864,79,70,9
14865,118,107,11
14866,73,69,4
14867,78,68,10
14868,228,195,33
14869,297,274,23
14870,236,210,26
14871,91,84,7
14872,94,86,8
14873,155,140,15
14874,98,81,17
14875,555,506,49
14876,258,230,28
14877,63,58,5
14878,119,104,15
14879,344,308,36
14880,201,176,25
14881,239,218,21
14882,96,86,10
14883,98,88,10
14884,276,241,35
14885,116,104,12
14886,245,209,36
14887,289,248,41
14888,90,77,13
14889,47,45,2
14890,234,218,16
14891,118,112,6
14892,147,133,14
14893,447,394,53
14894,127,117,10
14895,125,107,18
14896,296,258,38
14897,171,141,30
14898,124,108,16
14899,69,64,5
14900,238,218,20
14901,564,482,82
14902,503,414,89
14903,556,504,52
14904,50,46,4
14905,67,60,7
14906,70,63,7
14907,136,126,10
14908,115,103,12
14909,148,133,15
14910,267,236,31
14911,291,265,26
14912,300,267,33
14913,214,193,21
14914,201,171,30
14915,358,312,46
14916,183,159,24
14917,42,40,2
14918,320,291,29
14919,229,194,35
14920,153,138,15
14921,435,391,44
14922,133,121,12
14923,369,336,33
14924,93,87,6
14925,46,39,7
14926,283,249,34
14927,673,580,93
14928,148,127,21
14929,195,178,17
14930,137,114,23
14931,173,151,22
14932,70,58,12
14933,136,118,18
14934,330,294,36
14935,242,220,22
14936,160,144,16
14937,263,232,31
14938,187,165,22
14939,120,109,11
14940,50,47,3
14941,80,72,8
14942,262,232,30
14943,339,309,30
14944,294,262,32
14945,178,158,20
14946,44,35,9
14947,89,83,6
14948,50,46,4
14949,70,62,8
14950,226,191,35
14951,437,366,71
14952,132,115,17
14953,85,72,13
14954,178,157,21
14955,240,209,31
14956,333,302,31
14957,126,112,14
14958,308,268,40
14959,184,166,18
14960,79,73,6
14961,140,126,14
14962,234,209,25
14963,210,184,26
14964,216,187,29
14965,186,166,20
14966,140,128,12
14967,198,175,23
14968,120,107,13
14969,161,147,14
14970,166,151,15
14971,247,204,43
14972,139,125,14
14973,266,239,27
14974,196,174,22
14975,229,198,31
14976,324,295,29
14977,127,107,20
14978,356,324,32
14979,204,180,24
14980,339,312,27
14981,167,155,12
14982,237,222,15
14983,152,136,16
14984,133,123,10
14985,119,107,12
14986,136,119,17
14987,163,147,16
14988,134,124,10
14989,124,110,14
14990,152,137,15
14991,240,220,20
14992,173,159,14
14993,380,330,50
14994,600,530,70
14995,934,818,116
14996,146,133,13
14997,52,43,9
14998,376,326,50
14999,515,463,52
15000,52,46,6
15001,224,204,20
15002,188,162,26
15003,50,43,7
15004,187,164,23
15005,44,43,1
15006,369,313,56
15007,141,123,18
15008,215,186,29
15009,372,330,42
15010,166,147,19
15011,221,201,20
15012,149,139,10
15013,157,141,16
15014,228,200,28
15015,180,162,18
15016,281,252,29
15017,342,313,29
15018,474,421,53
15019,150,135,15
15020,175,161,14
15021,332,299,33
15022,185,173,12
15023,432,378,54
15024,296,251,45
15025,144,130,14
15026,156,138,18
15027,42,37,5
15028,216,176,40
15029,223,184,39
15030,135,124,11
15031,127,113,14
15032,321,282,39
15033,115,100,15
15034,144,131,13
15035,36,33,3
15036,74,66,8
15037,51,49,2
15038,115,106,9
15039,60,54,6
15040,93,81,12
15041,141,133,8
15042,167,145,22
15043,264,216,48
15044,186,169,17
15045,114,105,9
15046,228,200,28
15047,328,295,33
15048,143,126,17
15049,121,108,13
15050,284,245,39
15051,55,48,7
15052,45,41,4
15053,182,162,20
15054,258,227,31
15055,190,164,26
15056,229,202,27
15057,157,134,23
15058,129,120,9
15059,155,140,15
15060,75,64,11
15061,234,216,18
15062,110,101,9
15063,313,284,29
15064,139,126,13
15065,122,108,14
15066,117,103,14
15067,132,118,14
15068,153,135,18
15069,142,121,21
15070,219,202,17
15071,526,464,62
15072,204,181,23
15073,253,228,25
15074,129,115,14
15075,163,147,16
15076,131,120,11
15077,251,224,27
15078,278,252,26
15079,125,111,14
15080,167,145,22
15081,177,152,25
15082,134,118,16
15083,102,94,8
15084,144,129,15
15085,125,105,20
15086,405,373,32
15087,250,220,30
15088,143,128,15
15089,342,296,46
15090,148,137,11
15091,190,162,28
15092,136,126,10
15093,184,171,13
15094,71,62,9
15095,167,143,24
15096,124,108,16
15097,79,66,13
15098,99,91,8
15099,129,112,17
15100,321,284,37
15101,165,141,24
15102,78,74,4
15103,302,268,34
15104,124,111,13
15105,244,213,31
15106,277,238,39
15107,277,238,39
15108,518,441,77
15109,159,141,18
15110,129,119,10
15111,511,429,82
15112,180,164,16
15113,334,287,47
15114,504,439,65
15115,128,107,21
15116,540,474,66
15117,363,319,44
15118,142,129,13
15119,126,108,18
15120,314,281,33
15121,137,117,20
15122,122,107,15
15123,129,112,17
15124,222,193,29
15125,152,133,19
15126,166,155,11
15127,98,81,17
15128,218,184,34
15129,174,162,12
15130,675,587,88
15131,317,266,51
15132,145,125,20
15133,128,112,16
15134,139,128,11
15135,126,111,15
15136,480,442,38
15137,167,153,14
15138,308,279,29
15139,178,161,17
15140,110,102,8
15141,150,135,15
15142,124,114,10
15143,181,160,21
15144,107,98,9
15145,460,409,51
15146,368,324,44
15147,354,310,44
15148,304,262,42
15149,204,188,16
15150,133,112,21
15151,164,147,17
15152,239,219,20
15153,220,177,43
15154,608,541,67
15155,484,429,55
15156,264,226,38
15157,376,346,30
15158,312,284,28
15159,42,39,3
15160,403,355,48
15161,145,133,12
15162,398,363,35
15163,89,80,9
15164,676,609,67
15165,220,198,22
15166,136,118,18
15167,73,68,5
15168,224,196,28
15169,241,216,25
15170,207,182,25
15171,93,85,8
15172,196,177,19
15173,133,120,13
15174,393,344,49
15175,834,727,107
15176,273,233,40
15177,139,122,17
15178,418,362,56
15179,74,69,5
15180,126,111,15
15181,221,193,28
15182,182,161,21
15183,138,119,19
15184,156,144,12
15185,434,381,53
15186,371,324,47
15187,273,242,31
15188,150,136,14
15189,75,66,9
15190,289,255,34
15191,213,191,22
15192,266,241,25
15193,350,297,53
15194,396,342,54
15195,162,145,17
15196,498,439,59
15197,119,106,13
15198,121,109,12
15199,168,149,19
15200,263,230,33
15201,243,218,25
15202,206,188,18
15203,149,140,9
15204,500,441,59
15205,227,202,25
15206,172,155,17
15207,231,197,34
15208,44,40,4
15209,212,191,21
15210,152,130,22
15211,110,97,13
15212,150,136,14
15213,85,73,12
15214,157,139,18
15215,337,309,28
15216,128,119,9
15217,128,117,11
15218,145,129,16
15219,139,130,9
15220,276,242,34
15221,119,108,11
15222,122,109,13
15223,124,109,15
15224,56,54,2
15225,134,121,13
15226,136,126,10
15227,60,55,5
15228,79,73,6
15229,80,71,9
15230,94,88,6
15231,116,105,11
15232,210,187,23
15233,319,293,26
15234,947,854,93
15235,232,205,27
15236,151,134,17
15237,46,42,4
15238,555,504,51
15239,882,789,93
15240,663,591,72
15241,248,225,23
15242,317,277,40
15243,178,155,23
15244,290,259,31
15245,420,364,56
15246,200,181,19
15247,175,161,14
15248,511,457,54
15249,265,223,42
15250,300,263,37
15251,237,206,31
15252,262,223,39
15253,490,434,56
15254,241,216,25
15255,151,135,16
15256,182,157,25
15257,386,347,39
15258,581,518,63
15259,1124,1025,99
15260,168,145,23
15261,99,87,12
15262,262,223,39
15263,156,130,26
15264,324,279,45
15265,156,132,24
15266,979,848,131
15267,394,336,58
15268,129,106,23
15269,564,494,70
15270,201,191,10
15271,469,425,44
15272,126,111,15
15273,271,248,23
15274,170,156,14
15275,145,134,11
15276,140,130,10
15277,360,321,39
15278,386,346,40
15279,153,130,23
15280,162,139,23
15281,127,106,21
15282,274,247,27
15283,121,104,17
15284,145,129,16
15285,176,151,25
15286,120,103,17
15287,139,124,15
15288,138,119,19
15289,211,190,21
15290,46,40,6
15291,95,84,11
15292,196,173,23
15293,181,157,24
15294,177,152,25
15295,991,878,113
15296,441,394,47
15297,550,499,51
15298,178,159,19
15299,214,199,15
15300,171,157,14
15301,96,80,16
15302,123,109,14
15303,234,197,37
15304,153,144,9
15305,164,151,13
15306,131,112,19
15307,202,180,22
15308,167,153,14
15309,309,270,39
15310,246,216,30
15311,243,205,38
15312,194,180,14
15313,168,138,30
15314,126,110,16
15315,165,152,13
15316,126,112,14
15317,177,156,21
15318,141,130,11
15319,124,109,15
15320,144,123,21
15321,562,498,64
15322,123,115,8
15323,126,121,5
15324,286,258,28
15325,173,155,18
15326,183,163,20
15327,211,175,36
15328,148,131,17
15329,219,193,26
15330,154,140,14
15331,142,129,13
15332,118,112,6
15333,290,260,30
15334,142,127,15
15335,195,185,10
15336,194,167,27
15337,219,206,13
15338,134,120,14
15339,104,93,11
15340,180,167,13
15341,154,142,12
15342,163,148,15
15343,217,184,33
15344,167,145,22
15345,137,123,14
15346,244,214,30
15347,139,123,16
15348,291,249,42
15349,214,196,18
15350,245,209,36
15351,147,134,13
15352,361,325,36
15353,496,442,54
15354,485,425,60
15355,749,668,81
15356,102,95,7
15357,50,46,4
15358,174,164,10
15359,110,98,12
15360,99,86,13
15361,129,114,15
15362,189,169,20
15363,77,63,14
15364,165,142,23
15365,772,652,120
15366,256,232,24
15367,84,74,10
15368,44,38,6
15369,117,111,6
15370,90,78,12
15371,60,55,5
15372,738,656,82
15373,57,51,6
15374,132,117,15
15375,120,111,9
15376,155,142,13
15377,228,202,26
15378,270,236,34
15379,625,539,86
15380,437,390,47
15381,383,333,50
15382,265,230,35
15383,302,261,41
15384,137,121,16
15385,424,373,51
15386,251,222,29
15387,162,149,13
15388,120,106,14
15389,145,133,12
15390,136,120,16
15391,148,133,15
15392,342,299,43
15393,798,710,88
15394,231,197,34
15395,167,141,26
15396,211,190,21
15397,384,331,53
15398,854,732,122
15399,275,238,37
15400,388,352,36
15401,174,158,16
15402,114,101,13
15403,821,709,112
15404,139,113,26
15405,249,216,33
15406,390,356,34
15407,175,149,26
15408,297,276,21
15409,217,198,19
15410,144,121,23
15411,62,57,5
15412,364,326,38
15413,259,222,37
15414,166,139,27
15415,155,134,21
15416,282,245,37
15417,146,134,12
15418,138,114,24
15419,650,582,68
15420,153,133,20
15421,138,124,14
15422,138,128,10
15423,132,119,13
15424,170,150,20
15425,449,407,42
15426,227,188,39
15427,221,203,18
15428,350,319,31
15429,442,408,34
15430,263,224,39
15431,165,143,22
15432,149,139,10
15433,204,182,22
15434,186,166,20
15435,272,225,47
15436,605,519,86
15437,92,81,11
15438,188,161,27
15439,477,427,50
15440,306,270,36
15441,390,337,53
15442,363,306,57
15443,435,386,49
15444,136,122,14
15445,412,353,59
15446,262,236,26
15447,601,526,75
15448,478,427,51
15449,315,295,20
15450,231,214,17
15451,486,424,62
15452,151,134,17
15453,399,340,59
15454,406,360,46
15455,270,231,39
15456,329,292,37
15457,161,136,25
15458,202,178,24
15459,141,130,11
15460,170,141,29
15461,168,150,18
15462,660,573,87
15463,261,233,28
15464,192,169,23
15465,207,183,24
15466,295,254,41
15467,100,83,17
15468,164,146,18
15469,78,69,9
15470,330,302,28
15471,536,468,68
15472,490,416,74
15473,112,99,13
15474,156,140,16
15475,257,221,36
15476,144,119,25
15477,118,105,13
15478,116,101,15
15479,160,138,22
15480,366,312,54
15481,95,85,10
15482,142,125,17
15483,49,41,8
15484,134,118,16
15485,103,99,4
15486,264,238,26
15487,823,745,78
15488,130,117,13
15489,149,135,14
15490,148,125,23
15491,253,229,24
15492,123,110,13
15493,102,95,7
15494,385,319,66
15495,421,377,44
15496,58,50,8
15497,126,112,14
15498,345,310,35
15499,122,108,14
15500,237,202,35
15501,139,122,17
15502,145,128,17
15503,136,126,10
15504,185,155,30
15505,150,123,27
15506,138,119,19
15507,133,119,14
15508,93,81,12
15509,118,106,12
15510,95,83,12
15511,52,44,8
15512,175,160,15
15513,69,59,10
15514,240,203,37
15515,152,134,18
15516,88,85,3
15517,150,127,23
15518,82,78,4
15519,47,46,1
15520,155,139,16
15521,105,95,10
15522,155,139,16
15523,114,101,13
15524,87,79,8
15525,219,202,17
15526,173,155,18
15527,61,51,10
15528,180,161,19
15529,278,247,31
15530,816,750,66
15531,108,97,11
15532,144,128,16
15533,173,157,16
15534,233,208,25
15535,131,124,7
15536,148,136,12
15537,377,328,49
15538,148,134,14
15539,206,187,19
15540,126,111,15
15541,278,237,41
15542,52,48,4
15543,126,111,15
15544,151,139,12
15545,66,60,6
15546,120,107,13
15547,321,288,33
15548,146,129,17
15549,86,74,12
15550,50,46,4
15551,55,51,4
15552,182,168,14
15553,80,75,5
15554,302,270,32
15555,138,122,16
15556,110,98,12
15557,119,103,16
15558,174,161,13
15559,174,157,17
15560,207,186,21
15561,290,266,24
15562,240,217,23
15563,120,109,11
15564,239,210,29
15565,168,159,9
15566,186,166,20
15567,212,187,25
15568,441,389,52
15569,204,179,25
15570,104,94,10
15571,58,51,7
15572,191,174,17
15573,673,574,99
15574,182,169,13
15575,245,221,24
15576,96,80,16
15577,216,183,33
15578,240,204,36
15579,151,129,22
15580,126,115,11
15581,489,424,65
15582,133,118,15
15583,217,187,30
15584,147,134,13
15585,222,199,23
15586,710,646,64
15587,1007,889,118
15588,311,267,44
15589,428,375,53
15590,159,143,16
15591,48,47,1
15592,50,46,4
15593,54,48,6
15594,101,91,10
15595,346,305,41
15596,274,252,22
15597,157,145,12
15598,195,174,21
15599,398,345,53
15600,221,191,30
15601,184,161,23
15602,254,229,25
15603,300,270,30
15604,177,147,30
15605,62,59,3
15606,222,204,18
15607,163,145,18
15608,277,245,32
15609,113,99,14
15610,47,44,3
15611,160,146,14
15612,107,94,13
15613,258,228,30
15614,136,121,15
15615,188,166,22
15616,209,191,18
15617,83,78,5
15618,356,309,47
15619,179,165,14
15620,196,168,28
15621,238,201,37
15622,57,52,5
15623,110,101,9
15624,228,202,26
15625,132,127,5
15626,730,641,89
15627,394,358,36
15628,245,216,29
15629,77,67,10
15630,104,87,17
15631,223,196,27
15632,395,329,66
15633,520,459,61
15634,134,114,20
15635,239,201,38
15636,251,221,30
15637,113,98,15
15638,97,87,10
15639,109,95,14
15640,148,130,18
15641,213,189,24
15642,296,274,22
15643,219,188,31
15644,144,132,12
15645,135,111,24
15646,108,92,16
15647,597,525,72
15648,821,714,107
15649,974,855,119
15650,64,58,6
15651,78,71,7
15652,157,138,19
15653,114,96,18
15654,135,121,14
15655,349,312,37
15656,73,62,11
15657,135,117,18
15658,191,177,14
15659,217,192,25
15660,265,233,32
15661,135,125,10
15662,173,161,12
15663,164,145,19
15664,111,102,9
15665,153,134,19
15666,358,318,40
15667,55,50,5
15668,135,106,29
15669,170,155,15
15670,113,99,14
15671,154,138,16
15672,140,128,12
15673,108,93,15
15674,216,198,18
15675,168,153,15
15676,145,129,16
15677,121,107,14
15678,246,203,43
15679,392,349,43
15680,426,376,50
15681,432,383,49
15682,195,164,31
15683,151,133,18
15684,160,141,19
15685,159,144,15
15686,392,349,43
15687,125,120,5
15688,211,179,32
15689,51,45,6
15690,135,126,9
15691,100,89,11
15692,116,107,9
15693,123,109,14
15694,64,54,10
15695,174,149,25
15696,121,111,10
15697,108,100,8
15698,177,158,19
15699,144,131,13
15700,142,123,19
15701,210,188,22
15702,137,124,13
15703,248,222,26
15704,265,242,23
15705,196,175,21
15706,270,231,39
15707,655,574,81
15708,132,118,14
15709,129,116,13
15710,286,262,24
15711,143,128,15
15712,367,329,38
15713,378,333,45
15714,201,179,22
15715,84,76,8
15716,65,55,10
15717,233,198,35
15718,181,163,18
15719,168,149,19
15720,212,187,25
15721,625,553,72
15722,116,103,13
15723,233,205,28
15724,116,99,17
15725,184,161,23
15726,133,117,16
15727,284,264,20
15728,137,122,15
15729,197,170,27
15730,189,167,22
15731,247,227,20
15732,323,285,38
15733,338,297,41
15734,162,151,11
15735,136,128,8
15736,123,115,8
15737,150,113,37
15738,157,126,31
15739,143,133,10
15740,171,155,16
15741,87,78,9
15742,124,109,15
15743,193,168,25
15744,160,141,19
15745,304,268,36
15746,137,123,14
15747,134,124,10
15748,271,238,33
15749,190,171,19
15750,392,354,38
15751,150,142,8
15752,168,148,20
15753,210,189,21
15754,130,113,17
15755,308,266,42
15756,158,132,26
15757,397,347,50
15758,110,99,11
15759,210,197,13
15760,138,126,12
15761,257,224,33
15762,138,117,21
15763,127,114,13
15764,171,150,21
15765,405,363,42
15766,87,72,15
15767,167,148,19
15768,197,184,13
15769,198,166,32
15770,30,24,6
15771,146,132,14
15772,120,101,19
15773,173,150,23
15774,244,211,33
15775,423,375,48
15776,188,174,14
15777,125,113,12
15778,63,56,7
15779,81,62,19
15780,143,120,23
15781,704,586,118
15782,129,118,11
15783,99,91,8
15784,237,210,27
15785,327,292,35
15786,234,203,31
15787,152,145,7
15788,190,163,27
15789,131,120,11
15790,165,145,20
15791,122,111,11
15792,291,258,33
15793,308,273,35
15794,81,76,5
15795,116,106,10
15796,200,182,18
15797,68,62,6
15798,81,67,14
15799,124,106,18
15800,180,159,21
15801,95,82,13
15802,217,190,27
15803,142,120,22
15804,373,346,27
15805,120,105,15
15806,335,301,34
15807,64,59,5
15808,171,148,23
15809,56,51,5
15810,250,221,29
15811,197,179,18
15812,905,800,105
15813,123,115,8
15814,198,182,16
15815,140,130,10
15816,149,141,8
15817,193,168,25
15818,87,80,7
15819,188,169,19
15820,268,250,18
15821,148,126,22
15822,244,222,22
15823,454,385,69
15824,129,111,18
15825,167,152,15
15826,149,131,18
15827,382,338,44
15828,213,191,22
15829,169,149,20
15830,405,369,36
15831,158,143,15
15832,156,146,10
15833,151,133,18
15834,129,112,17
15835,233,207,26
15836,466,417,49
15837,195,166,29
15838,378,333,45
15839,183,170,13
15840,151,135,16
15841,215,192,23
15842,228,204,24
15843,147,128,19
15844,408,358,50
15845,69,60,9
15846,55,48,7
15847,261,217,44
15848,148,127,21
15849,266,238,28
15850,486,433,53
15851,141,126,15
15852,52,43,9
15853,89,75,14
15854,175,153,22
15855,52,50,2
15856,116,96,20
15857,60,55,5
15858,88,83,5
15859,463,413,50
15860,157,138,19
15861,113,102,11
15862,637,585,52
15863,120,112,8
15864,199,188,11
15865,260,236,24
15866,313,274,39
15867,127,118,9
15868,143,131,12
15869,130,117,13
15870,190,174,16
15871,772,686,86
15872,397,354,43
15873,177,161,16
15874,139,118,21
15875,111,94,17
15876,155,140,15
15877,133,122,11
15878,178,158,20
15879,50,47,3
15880,84,71,13
15881,136,116,20
15882,282,235,47
15883,133,123,10
15884,256,231,25
15885,116,103,13
15886,221,202,19
15887,160,142,18
15888,150,134,16
15889,262,220,42
15890,247,221,26
15891,137,123,14
15892,341,285,56
15893,209,183,26
15894,195,170,25
15895,141,132,9
15896,421,376,45
15897,362,317,45
15898,551,479,72
15899,312,263,49
15900,562,482,80
15901,341,301,40
15902,244,221,23
15903,213,191,22
15904,510,442,68
15905,251,219,32
15906,690,595,95
15907,206,186,20
15908,131,115,16
15909,229,206,23
15910,52,44,8
15911,243,217,26
15912,109,97,12
15913,126,112,14
15914,139,114,25
15915,183,154,29
15916,310,275,35
15917,121,110,11
15918,234,209,25
15919,81,69,12
15920,38,36,2
15921,143,126,17
15922,59,53,6
15923,130,113,17
15924,268,229,39
15925,327,291,36
15926,120,104,16
15927,381,345,36
15928,129,110,19
15929,297,266,31
15930,141,125,16
15931,180,161,19
15932,334,288,46
15933,128,110,18
15934,141,127,14
15935,163,141,22
15936,307,283,24
15937,162,144,18
15938,304,256,48
15939,115,101,14
15940,102,91,11
15941,37,34,3
15942,333,285,48
15943,167,150,17
15944,421,367,54
15945,214,184,30
15946,336,291,45
15947,218,191,27
15948,169,141,28
15949,274,238,36
15950,361,324,37
15951,180,160,20
15952,256,220,36
15953,131,116,15
15954,163,146,17
15955,233,217,16
15956,55,49,6
15957,125,114,11
15958,633,576,57
15959,139,128,11
15960,396,355,41
15961,61,53,8
15962,144,130,14
15963,344,313,31
15964,344,295,49
15965,34,32,2
15966,461,413,48
15967,53,48,5
15968,338,292,46
15969,286,248,38
15970,361,327,34
15971,186,156,30
15972,170,150,20
15973,143,128,15
15974,216,189,27
15975,211,181,30
15976,177,162,15
15977,194,173,21
15978,157,143,14
15979,80,74,6
15980,79,74,5
15981,53,47,6
15982,349,294,55
15983,488,436,52
15984,136,118,18
15985,387,323,64
15986,240,209,31
15987,536,468,68
15988,162,141,21
15989,335,283,52
15990,172,162,10
15991,54,48,6
15992,146,122,24
15993,75,67,8
15994,123,110,13
15995,80,72,8
15996,39,36,3
15997,147,125,22
15998,180,148,32
15999,694,608,86
16000,331,286,45
16001,123,101,22
16002,41,40,1
16003,401,352,49
16004,108,99,9
16005,167,152,15
16006,180,159,21
16007,968,871,97
16008,67,57,10
16009,181,160,21
16010,121,107,14
16011,198,177,21
16012,209,181,28
16013,251,221,30
16014,114,102,12
16015,195,164,31
16016,114,103,11
16017,101,91,10
16018,393,361,32
16019,59,51,8
16020,85,72,13
16021,317,283,34
16022,75,72,3
16023,57,52,5
16024,966,870,96
16025,195,169,26
16026,765,677,88
16027,113,100,13
16028,370,329,41
16029,134,116,18
16030,421,380,41
16031,473,427,46
16032,235,211,24
16033,182,167,15
16034,438,396,42
16035,76,68,8
16036,70,57,13
16037,307,278,29
16038,265,230,35
16039,354,309,45
16040,216,195,21
16041,320,290,30
16042,261,236,25
16043,64,57,7
16044,253,217,36
16045,141,130,11
16046,221,193,28
16047,58,53,5
16048,38,35,3
16049,83,79,4
16050,121,112,9
16051,133,122,11
16052,220,204,16
16053,101,92,9
16054,174,151,23
16055,142,130,12
16056,295,262,33
16057,134,124,10
16058,423,376,47
16059,471,407,64
16060,115,103,12
16061,109,89,20
16062,118,109,9
16063,801,718,83
16064,106,100,6
16065,243,217,26
16066,211,190,21
16067,48,42,6
16068,142,130,12
16069,280,256,24
16070,140,118,22
16071,155,142,13
16072,44,42,2
16073,245,214,31
16074,639,575,64
16075,213,187,26
16076,168,148,20
16077,552,492,60
16078,136,124,12
16079,46,41,5
16080,115,100,15
16081,172,155,17
16082,121,105,16
16083,239,217,22
16084,230,199,31
16085,666,588,78
16086,315,277,38
16087,497,452,45
16088,667,601,66
16089,771,699,72
16090,289,270,19
16091,144,129,15
16092,196,173,23
16093,137,122,15
16094,117,108,9
16095,131,118,13
16096,216,197,19
16097,227,205,22
16098,133,110,23
16099,81,73,8
16100,231,207,24
16101,332,290,42
16102,207,188,19
16103,579,510,69
16104,168,147,21
16105,286,254,32
16106,253,225,28
16107,149,120,29
16108,298,260,38
16109,173,144,29
16110,183,165,18
16111,133,117,16
16112,153,140,13
16113,92,83,9
16114,175,154,21
16115,185,169,16
16116,135,113,22
16117,148,136,12
16118,157,137,20
16119,260,220,40
16120,150,135,15
16121,154,131,23
16122,145,128,17
16123,256,226,30
16124,654,570,84
16125,172,154,18
16126,743,657,86
16127,1006,870,136
16128,175,158,17
16129,994,863,131
16130,155,138,17
16131,198,175,23
16132,235,211,24
16133,155,137,18
16134,265,233,32
16135,152,137,15
16136,241,212,29
16137,286,258,28
16138,501,458,43
16139,181,161,20
16140,138,127,11
16141,144,129,15
16142,329,304,25
16143,135,118,17
16144,93,89,4
16145,159,144,15
16146,205,184,21
16147,146,132,14
16148,43,38,5
16149,1009,908,101
16150,25,24,1
16151,142,130,12
16152,390,349,41
16153,223,194,29
16154,65,58,7
16155,155,136,19
16156,200,173,27
16157,171,155,16
16158,189,172,17
16159,298,255,43
16160,50,46,4
16161,160,145,15
16162,257,230,27
16163,144,133,11
16164,348,317,31
16165,163,149,14
16166,137,124,13
16167,137,121,16
16168,623,562,61
16169,113,102,11
16170,156,141,15
16171,154,138,16
16172,138,128,10
16173,466,420,46
16174,114,107,7
16175,192,176,16
16176,156,135,21
16177,265,228,37
16178,113,101,12
16179,66,57,9
16180,132,114,18
16181,364,315,49
16182,172,153,19
16183,172,161,11
16184,182,170,12
16185,147,138,9
16186,360,322,38
16187,470,390,80
16188,126,111,15
16189,162,143,19
16190,40,36,4
16191,122,102,20
16192,97,82,15
16193,139,124,15
16194,121,107,14
16195,158,138,20
16196,158,138,20
16197,955,853,102
16198,188,165,23
16199,123,113,10
16200,310,276,34
16201,161,134,27
16202,151,127,24
16203,150,133,17
16204,215,194,21
16205,59,55,4
16206,179,154,25
16207,179,164,15
16208,170,150,20
16209,305,270,35
16210,128,111,17
16211,156,133,23
16212,553,478,75
16213,504,452,52
16214,214,197,17
16215,164,140,24
16216,222,194,28
16217,135,124,11
16218,158,138,20
16219,130,110,20
16220,255,222,33
16221,135,113,22
16222,49,42,7
16223,250,220,30
16224,247,217,30
16225,630,574,56
16226,403,356,47
16227,232,209,23
16228,416,382,34
16229,137,123,14
16230,524,450,74
16231,133,127,6
16232,158,142,16
16233,115,102,13
16234,145,131,14
16235,265,236,29
16236,142,124,18
16237,162,144,18
16238,391,340,51
16239,236,211,25
16240,135,120,15
16241,459,397,62
16242,98,87,11
16243,192,172,20
16244,162,139,23
16245,48,46,2
16246,48,43,5
16247,47,41,6
16248,223,196,27
16249,81,70,11
16250,237,200,37
16251,84,70,14
16252,161,144,17
16253,414,344,70
16254,434,383,51
16255,164,147,17
16256,263,234,29
16257,379,344,35
16258,122,114,8
16259,254,219,35
16260,192,158,34
16261,259,234,25
16262,515,443,72
16263,522,468,54
16264,379,336,43
16265,129,121,8
16266,211,188,23
16267,468,415,53
16268,213,189,24
16269,153,137,16
16270,303,280,23
16271,173,146,27
16272,78,69,9
16273,240,209,31
16274,128,103,25
16275,507,457,50
16276,119,105,14
16277,170,151,19
16278,120,108,12
16279,150,131,19
16280,134,124,10
16281,138,122,16
16282,125,114,11
16283,154,141,13
16284,156,140,16
16285,150,137,13
16286,134,123,11
16287,266,241,25
16288,547,485,62
16289,274,247,27
16290,171,156,15
16291,128,117,11
16292,221,196,25
16293,31,26,5
16294,338,289,49
16295,123,108,15
16296,197,177,20
16297,143,121,22
16298,125,111,14
16299,258,230,28
16300,157,138,19
16301,213,176,37
16302,156,136,20
16303,249,233,16
16304,49,45,4
16305,107,97,10
16306,752,643,109
16307,434,386,48
16308,245,212,33
16309,256,239,17
16310,149,134,15
16311,229,207,22
16312,198,174,24
16313,48,44,4
16314,126,109,17
16315,165,150,15
16316,245,216,29
16317,143,134,9
16318,179,153,26
16319,127,116,11
16320,127,114,13
16321,177,153,24
16322,559,492,67
16323,134,123,11
16324,68,61,7
16325,161,150,11
16326,644,585,59
16327,231,206,25
16328,251,222,29
16329,117,102,15
16330,229,205,24
16331,345,300,45
16332,214,187,27
16333,225,206,19
16334,168,152,16
16335,166,148,18
16336,134,121,13
16337,88,73,15
16338,653,578,75
16339,375,341,34
16340,118,109,9
16341,122,110,12
16342,160,130,30
16343,108,93,15
16344,144,130,14
16345,360,319,41
16346,1001,893,108
16347,87,75,12
16348,148,130,18
16349,309,281,28
16350,242,214,28
16351,365,317,48
16352,154,137,17
16353,229,205,24
16354,332,301,31
16355,144,128,16
16356,109,98,11
16357,85,75,10
16358,60,49,11
16359,245,218,27
16360,143,118,25
16361,246,221,25
16362,190,171,19
16363,210,180,30
16364,257,238,19
16365,208,191,17
16366,166,149,17
16367,332,287,45
16368,166,153,13
16369,371,335,36
16370,122,109,13
16371,184,164,20
16372,145,132,13
16373,362,312,50
16374,754,677,77
16375,126,110,16
16376,112,97,15
16377,606,552,54
16378,152,134,18
16379,120,108,12
16380,116,99,17
16381,134,123,11
16382,337,303,34
16383,243,217,26
16384,452,399,53
16385,115,98,17
16386,261,229,32
16387,418,355,63
16388,180,157,23
16389,205,181,24
16390,447,394,53
16391,190,171,19
16392,301,266,35
16393,186,164,22
16394,771,662,109
16395,325,288,37
16396,118,106,12
16397,403,347,56
16398,131,117,14
16399,118,103,15
16400,105,92,13
16401,211,179,32
16402,142,126,16
16403,170,151,19
16404,399,344,55
16405,172,152,20
16406,312,287,25
16407,291,261,30
16408,203,173,30
16409,754,652,102
16410,299,259,40
16411,554,500,54
16412,174,162,12
16413,130,119,11
16414,480,437,43
16415,171,161,10
16416,375,328,47
16417,536,473,63
16418,175,151,24
16419,219,188,31
16420,232,197,35
16421,136,122,14
16422,161,136,25
16423,674,592,82
16424,136,123,13
16425,323,288,35
16426,157,134,23
16427,168,141,27
16428,125,113,12
16429,64,56,8
16430,325,288,37
16431,139,120,19
16432,74,69,5
16433,190,162,28
16434,658,609,49
16435,126,115,11
16436,193,171,22
16437,96,80,16
16438,227,205,22
16439,414,373,41
16440,457,418,39
16441,716,628,88
16442,203,178,25
16443,44,40,4
16444,153,136,17
16445,194,157,37
16446,132,116,16
16447,576,498,78
16448,78,65,13
16449,171,149,22
16450,481,408,73
16451,83,75,8
16452,334,291,43
16453,514,460,54
16454,218,196,22
16455,231,209,22
16456,154,136,18
16457,163,143,20
16458,161,134,27
16459,157,139,18
16460,122,106,16
16461,40,37,3
16462,149,136,13
16463,96,86,10
16464,149,124,25
16465,372,329,43
16466,49,43,6
16467,160,138,22
16468,97,84,13
16469,291,239,52
16470,219,199,20
16471,155,126,29
16472,150,135,15
16473,415,364,51
16474,524,441,83
16475,97,93,4
16476,140,121,19
16477,255,233,22
16478,53,46,7
16479,81,72,9
16480,225,199,26
16481,80,72,8
16482,329,282,47
16483,96,86,10
16484,123,111,12
16485,138,120,18
16486,295,260,35
16487,204,180,24
16488,65,59,6
16489,117,104,13
16490,221,194,27
16491,103,95,8
16492,83,74,9
16493,290,266,24
16494,47,40,7
16495,233,209,24
16496,326,291,35
16497,81,71,10
16498,208,192,16
16499,78,69,9
16500,160,147,13
16501,603,541,62
16502,199,173,26
16503,440,377,63
16504,322,295,27
16505,468,414,54
16506,359,322,37
16507,266,228,38
16508,137,121,16
16509,490,434,56
16510,121,105,16
16511,112,101,11
16512,148,124,24
16513,414,360,54
16514,126,113,13
16515,288,258,30
16516,421,366,55
16517,173,153,20
16518,173,152,21
16519,217,199,18
16520,294,259,35
16521,147,127,20
16522,210,188,22
16523,237,199,38
16524,164,141,23
16525,130,117,13
16526,170,150,20
16527,290,265,25
16528,198,171,27
16529,218,196,22
16530,714,632,82
16531,52,50,2
16532,119,103,16
16533,464,415,49
16534,109,93,16
16535,140,124,16
16536,174,155,19
16537,322,290,32
16538,234,206,28
16539,496,429,67
16540,122,111,11
16541,102,95,7
16542,267,241,26
16543,309,268,41
16544,314,278,36
16545,129,116,13
16546,156,138,18
16547,241,216,25
16548,125,111,14
16549,180,154,26
16550,76,71,5
16551,184,163,21
16552,151,133,18
16553,204,191,13
16554,123,106,17
16555,158,141,17
16556,159,134,25
16557,259,227,32
16558,175,151,24
16559,111,100,11
16560,119,106,13
16561,159,144,15
16562,96,85,11
16563,235,212,23
16564,399,360,39
16565,71,65,6
16566,44,41,3
16567,299,262,37
16568,410,367,43
16569,91,84,7
16570,389,337,52
16571,167,145,22
16572,108,90,18
16573,369,330,39
16574,329,278,51
16575,177,161,16
16576,304,265,39
16577,151,133,18
16578,148,136,12
16579,192,164,28
16580,171,156,15
16581,186,166,20
16582,115,107,8
16583,528,476,52
16584,144,126,18
16585,193,176,17
16586,116,102,14
16587,224,181,43
16588,250,222,28
16589,799,693,106
16590,153,139,14
16591,89,77,12
16592,142,115,27
16593,139,121,18
16594,362,322,40
16595,83,76,7
16596,570,495,75
16597,101,97,4
16598,141,127,14
16599,499,434,65
16600,116,105,11
16601,114,102,12
16602,58,53,5
16603,146,130,16
16604,69,60,9
16605,204,180,24
16606,231,201,30
16607,166,156,10
16608,98,89,9
16609,176,145,31
16610,209,175,34
16611,459,412,47
16612,126,116,10
16613,220,193,27
16614,138,125,13
16615,390,347,43
16616,463,412,51
16617,278,252,26
16618,229,201,28
16619,180,159,21
16620,309,279,30
16621,333,285,48
16622,210,184,26
16623,160,134,26
16624,706,638,68
16625,148,132,16
16626,204,183,21
16627,310,276,34
16628,108,89,19
16629,233,208,25
16630,131,121,10
16631,113,95,18
16632,453,418,35
16633,117,101,16
16634,289,256,33
16635,124,109,15
16636,264,237,27
16637,465,417,48
16638,296,263,33
16639,161,152,9
16640,389,337,52
16641,167,153,14
16642,155,140,15
16643,154,133,21
16644,349,324,25
16645,113,98,15
16646,119,106,13
16647,114,94,20
16648,190,173,17
16649,347,313,34
16650,974,844,130
16651,171,149,22
16652,140,123,17
16653,177,159,18
16654,148,134,14
16655,177,156,21
16656,333,291,42
16657,212,190,22
16658,182,168,14
16659,177,156,21
16660,482,428,54
16661,664,573,91
16662,205,178,27
16663,416,369,47
16664,370,324,46
16665,309,272,37
16666,274,248,26
16667,185,161,24
16668,810,737,73
16669,553,478,75
16670,226,203,23
16671,146,130,16
16672,231,208,23
16673,36,35,1
16674,118,107,11
16675,125,115,10
16676,213,191,22
16677,203,175,28
16678,62,55,7
16679,120,111,9
16680,468,410,58
16681,122,104,18
16682,602,520,82
16683,138,124,14
16684,94,74,20
16685,129,105,24
16686,163,144,19
16687,117,106,11
16688,189,166,23
16689,280,254,26
16690,315,274,41
16691,152,143,9
16692,282,258,24
16693,268,227,41
16694,251,213,38
16695,174,158,16
16696,126,112,14
16697,238,217,21
16698,110,95,15
16699,591,518,73
16700,208,188,20
16701,170,150,20
16702,584,518,66
16703,221,201,20
16704,423,380,43
16705,364,320,44
16706,472,411,61
16707,200,172,28
16708,326,297,29
16709,146,129,17
16710,445,383,62
16711,196,169,27
16712,133,121,12
16713,203,187,16
16714,332,299,33
16715,547,472,75
16716,281,246,35
16717,274,231,43
16718,174,145,29
16719,170,149,21
16720,632,577,55
16721,286,255,31
16722,274,241,33
16723,267,236,31
16724,405,367,38
16725,126,113,13
16726,60,57,3
16727,231,207,24
16728,333,298,35
16729,135,115,20
16730,360,316,44
16731,424,373,51
16732,154,134,20
16733,126,115,11
16734,125,116,9
16735,82,64,18
16736,122,102,20
16737,177,161,16
16738,203,181,22
16739,110,98,12
16740,171,150,21
16741,52,45,7
16742,69,56,13
16743,213,186,27
16744,50,44,6
16745,122,97,25
16746,91,81,10
16747,164,138,26
16748,67,56,11
16749,66,60,6
16750,114,105,9
16751,141,119,22
16752,279,240,39
16753,236,204,32
16754,482,430,52
16755,146,131,15
16756,150,134,16
16757,25,25,0
16758,311,285,26
16759,127,108,19
16760,132,122,10
16761,371,327,44
16762,65,58,7
16763,179,161,18
16764,56,51,5
16765,45,39,6
16766,120,111,9
16767,96,86,10
16768,287,262,25
16769,36,36,0
16770,163,148,15
16771,314,286,28
16772,832,756,76
16773,105,97,8
16774,197,177,20
16775,161,147,14
16776,366,327,39
16777,252,230,22
16778,150,133,17
16779,131,114,17
16780,122,114,8
16781,253,236,17
16782,152,140,12
16783,317,285,32
16784,551,488,63
16785,133,112,21
16786,224,205,19
16787,200,179,21
16788,195,158,37
16789,128,114,14
16790,136,121,15
16791,140,124,16
16792,202,181,21
16793,56,48,8
16794,169,154,15
16795,133,121,12
16796,133,122,11
16797,53,46,7
16798,116,101,15
16799,248,215,33
16800,121,111,10
16801,844,763,81
16802,164,148,16
16803,131,123,8
16804,138,118,20
16805,119,106,13
16806,419,371,48
16807,248,210,38
16808,167,144,23
16809,435,400,35
16810,117,108,9
16811,149,133,16
16812,139,121,18
16813,100,91,9
16814,65,57,8
16815,76,72,4
16816,60,56,4
16817,314,295,19
16818,101,90,11
16819,76,71,5
16820,115,101,14
16821,148,136,12
16822,809,705,104
16823,241,223,18
16824,211,190,21
16825,271,236,35
16826,167,151,16
16827,94,82,12
16828,198,169,29
16829,515,457,58
16830,313,287,26
16831,41,36,5
16832,215,186,29
16833,95,87,8
16834,241,216,25
16835,65,61,4
16836,136,125,11
16837,139,121,18
16838,57,51,6
16839,56,52,4
16840,131,117,14
16841,199,174,25
16842,119,109,10
16843,139,122,17
16844,403,362,41
16845,86,78,8
16846,163,148,15
16847,132,123,9
16848,131,117,14
16849,195,165,30
16850,145,127,18
16851,358,316,42
16852,72,65,7
16853,148,125,23
16854,186,167,19
16855,97,89,8
16856,227,206,21
16857,236,216,20
16858,82,73,9
16859,399,352,47
16860,350,317,33
16861,196,164,32
16862,664,602,62
16863,319,277,42
16864,312,279,33
16865,121,111,10
16866,159,137,22
16867,269,238,31
16868,814,724,90
16869,180,158,22
16870,107,93,14
16871,100,92,8
16872,278,246,32
16873,343,294,49
16874,75,64,11
16875,572,512,60
16876,116,101,15
16877,277,249,28
16878,369,309,60
16879,132,119,13
16880,424,371,53
16881,499,425,74
16882,437,383,54
16883,586,510,76
16884,82,72,10
16885,169,157,12
16886,175,156,19
16887,116,109,7
16888,46,39,7
16889,85,69,16
16890,481,422,59
16891,118,103,15
16892,457,404,53
16893,200,183,17
16894,215,189,26
16895,135,125,10
16896,80,75,5
16897,172,152,20
16898,91,84,7
16899,120,112,8
16900,257,237,20
16901,356,319,37
16902,159,142,17
16903,213,192,21
16904,138,119,19
16905,137,120,17
16906,845,735,110
16907,140,130,10
16908,86,83,3
16909,223,201,22
16910,135,120,15
16911,121,109,12
16912,45,38,7
16913,300,277,23
16914,113,106,7
16915,125,114,11
16916,987,873,114
16917,535,472,63
16918,492,422,70
16919,393,351,42
16920,122,103,19
16921,196,177,19
16922,217,202,15
16923,132,118,14
16924,200,182,18
16925,119,104,15
16926,432,399,33
16927,129,114,15
16928,230,201,29
16929,165,144,21
16930,107,98,9
16931,151,140,11
16932,209,188,21
16933,147,124,23
16934,372,336,36
16935,217,195,22
16936,636,541,95
16937,190,167,23
16938,455,399,56
16939,190,165,25
16940,712,643,69
16941,257,233,24
16942,100,87,13
16943,151,139,12
16944,118,106,12
16945,461,417,44
16946,272,239,33
16947,176,156,20
16948,155,136,19
16949,97,84,13
16950,180,160,20
16951,235,206,29
16952,312,270,42
16953,120,108,12
16954,138,119,19
16955,168,152,16
16956,650,586,64
16957,134,118,16
16958,77,68,9
16959,89,77,12
16960,177,157,20
16961,667,588,79
16962,114,98,16
16963,125,115,10
16964,231,194,37
16965,305,273,32
16966,89,75,14
16967,121,106,15
16968,250,224,26
16969,255,226,29
16970,68,59,9
16971,285,250,35
16972,229,198,31
16973,130,121,9
16974,489,426,63
16975,166,144,22
16976,525,484,41
16977,278,247,31
16978,116,108,8
16979,191,180,11
16980,472,432,40
16981,140,117,23
16982,318,280,38
16983,261,236,25
16984,329,287,42
16985,337,301,36
16986,210,192,18
16987,216,195,21
16988,211,186,25
16989,286,254,32
16990,204,183,21
16991,263,246,17
16992,135,125,10
16993,149,139,10
16994,211,182,29
16995,166,149,17
16996,167,152,15
16997,108,96,12
16998,352,321,31
16999,131,113,18
17000,123,108,15
17001,152,134,18
17002,303,273,30
17003,159,149,10
17004,212,195,17
17005,222,189,33
17006,191,164,27
17007,146,127,19
17008,135,127,8
17009,250,220,30
17010,136,118,18
17011,192,176,16
17012,247,224,23
17013,375,331,44
17014,107,94,13
17015,198,170,28
17016,45,41,4
17017,193,174,19
17018,107,94,13
17019,119,108,11
17020,115,100,15
17021,222,205,17
17022,245,223,22
17023,59,55,4
17024,97,85,12
17025,46,40,6
17026,76,63,13
17027,130,125,5
17028,230,215,15
17029,204,185,19
17030,469,412,57
17031,196,175,21
17032,397,355,42
17033,137,113,24
17034,183,165,18
17035,533,468,65
17036,164,144,20
17037,158,137,21
17038,65,47,18
17039,45,40,5
17040,128,112,16
17041,202,180,22
17042,49,44,5
17043,307,270,37
17044,164,148,16
17045,594,504,90
17046,141,128,13
17047,152,131,21
17048,198,174,24
17049,63,55,8
17050,579,507,72
17051,165,149,16
17052,26,23,3
17053,119,99,20
17054,467,433,34
17055,119,105,14
17056,131,110,21
17057,266,229,37
17058,187,170,17
17059,113,106,7
17060,163,139,24
17061,252,215,37
17062,136,124,12
17063,156,136,20
17064,159,141,18
17065,391,345,46
17066,86,71,15
17067,117,105,12
17068,109,100,9
17069,149,133,16
17070,271,240,31
17071,167,158,9
17072,128,109,19
17073,149,132,17
17074,150,135,15
17075,476,407,69
17076,708,643,65
17077,110,92,18
17078,136,121,15
17079,273,239,34
17080,153,133,20
17081,197,175,22
17082,144,130,14
17083,193,177,16
17084,173,150,23
17085,134,122,12
17086,384,337,47
17087,164,142,22
17088,238,214,24
17089,169,151,18
17090,237,214,23
17091,157,132,25
17092,78,69,9
17093,939,831,108
17094,106,90,16
17095,77,74,3
17096,146,130,16
17097,453,401,52
17098,217,188,29
17099,179,158,21
17100,387,342,45
17101,287,243,44
17102,146,129,17
17103,77,69,8
17104,331,296,35
17105,240,202,38
17106,149,137,12
17107,139,127,12
17108,94,88,6
17109,286,260,26
17110,125,111,14
17111,144,125,19
17112,810,714,96
17113,114,99,15
17114,129,116,13
17115,170,152,18
17116,678,586,92
17117,240,212,28
17118,275,240,35
17119,304,271,33
17120,216,194,22
17121,105,94,11
17122,201,178,23
17123,121,109,12
17124,192,166,26
17125,145,128,17
17126,928,813,115
17127,247,219,28
17128,463,412,51
17129,229,195,34
17130,660,591,69
17131,293,260,33
17132,216,203,13
17133,173,152,21
17134,136,125,11
17135,358,314,44
17136,138,116,22
17137,115,100,15
17138,198,171,27
17139,331,284,47
17140,117,101,16
17141,126,110,16
17142,416,365,51
17143,285,249,36
17144,119,110,9
17145,125,114,11
17146,399,348,51
17147,98,81,17
17148,962,860,102
17149,318,278,40
17150,83,72,11
17151,71,59,12
17152,673,572,101
17153,258,226,32
17154,450,394,56
17155,308,281,27
17156,204,186,18
17157,666,598,68
17158,226,208,18
17159,160,144,16
17160,186,167,19
17161,174,163,11
17162,92,85,7
17163,157,137,20
17164,41,35,6
17165,213,186,27
17166,389,347,42
17167,370,338,32
17168,119,111,8
17169,61,53,8
17170,213,194,19
17171,212,192,20
17172,167,140,27
17173,123,105,18
17174,442,381,61
17175,646,560,86
17176,157,134,23
17177,345,295,50
17178,372,331,41
17179,160,147,13
17180,173,159,14
17181,91,88,3
17182,439,398,41
17183,240,215,25
17184,125,114,11
17185,137,127,10
17186,152,143,9
17187,279,246,33
17188,127,112,15
17189,102,86,16
17190,283,246,37
17191,413,362,51
17192,73,64,9
17193,134,121,13
17194,46,41,5
17195,184,170,14
17196,193,171,22
17197,107,95,12
17198,79,76,3
17199,204,174,30
17200,182,169,13
17201,152,133,19
17202,245,221,24
17203,130,121,9
17204,182,164,18
17205,167,150,17
17206,133,121,12
17207,76,56,20
17208,178,164,14
17209,88,80,8
17210,142,125,17
17211,199,179,20
17212,132,113,19
17213,129,113,16
17214,242,221,21
17215,274,249,25
17216,508,434,74
17217,132,110,22
17218,152,141,11
17219,217,195,22
17220,802,688,114
17221,453,401,52
17222,261,229,32
17223,144,127,17
17224,342,286,56
17225,179,162,17
17226,310,266,44
17227,148,130,18
17228,53,44,9
17229,367,325,42
17230,205,182,23
17231,251,220,31
17232,96,83,13
17233,168,145,23
17234,55,50,5
17235,252,231,21
17236,149,132,17
17237,177,163,14
17238,125,112,13
17239,240,213,27
17240,119,108,11
17241,193,172,21
17242,149,133,16
17243,151,130,21
17244,319,287,32
17245,242,216,26
17246,181,158,23
17247,403,369,34
17248,303,269,34
17249,121,101,20
17250,303,260,43
17251,405,354,51
17252,410,383,27
17253,171,152,19
17254,462,422,40
17255,187,166,21
17256,104,93,11
17257,196,171,25
17258,112,98,14
17259,187,159,28
17260,110,99,11
17261,112,101,11
17262,187,171,16
17263,343,313,30
17264,467,426,41
17265,469,415,54
17266,137,120,17
17267,137,112,25
17268,347,311,36
17269,203,180,23
17270,120,110,10
17271,290,259,31
17272,480,426,54
17273,180,168,12
17274,454,409,45
17275,166,146,20
17276,251,220,31
17277,122,108,14
17278,746,661,85
17279,144,128,16
17280,299,265,34
17281,162,140,22
17282,142,123,19
17283,126,114,12
17284,462,408,54
17285,200,173,27
17286,36,33,3
17287,248,225,23
17288,134,118,16
17289,247,223,24
17290,306,271,35
17291,168,145,23
17292,214,193,21
17293,523,471,52
17294,324,296,28
17295,257,228,29
17296,210,188,22
17297,425,370,55
17298,266,235,31
17299,636,570,66
17300,283,241,42
17301,174,154,20
17302,113,94,19
17303,116,106,10
17304,260,231,29
17305,215,197,18
17306,378,332,46
17307,454,402,52
17308,156,136,20
17309,52,48,4
17310,115,106,9
17311,110,94,16
17312,417,373,44
17313,331,287,44
17314,58,51,7
17315,68,62,6
17316,172,157,15
17317,192,178,14
17318,56,50,6
17319,46,42,4
17320,277,247,30
17321,179,161,18
17322,76,68,8
17323,366,324,42
17324,103,91,12
17325,82,75,7
17326,117,104,13
17327,27,26,1
17328,282,257,25
17329,130,118,12
17330,58,48,10
17331,73,71,2
17332,130,110,20
17333,202,178,24
17334,128,115,13
17335,54,50,4
17336,104,93,11
17337,69,64,5
17338,147,128,19
17339,357,326,31
17340,348,315,33
17341,149,136,13
17342,82,72,10
17343,251,227,24
17344,205,171,34
17345,91,82,9
17346,174,162,12
17347,126,113,13
17348,126,116,10
17349,89,79,10
17350,236,202,34
17351,212,191,21
17352,276,238,38
17353,75,59,16
17354,148,131,17
17355,250,223,27
17356,138,120,18
17357,182,162,20
17358,49,38,11
17359,93,86,7
17360,169,152,17
17361,135,126,9
17362,462,398,64
17363,458,402,56
17364,262,227,35
17365,510,447,63
17366,89,72,17
17367,383,329,54
17368,126,114,12
17369,439,395,44
17370,153,134,19
17371,154,135,19
17372,125,109,16
17373,187,162,25
17374,194,168,26
17375,223,198,25
17376,187,171,16
17377,108,93,15
17378,183,169,14
17379,195,174,21
17380,314,275,39
17381,124,108,16
17382,304,270,34
17383,368,336,32
17384,209,181,28
17385,169,161,8
17386,803,715,88
17387,184,170,14
17388,160,148,12
17389,287,253,34
17390,293,270,23
17391,121,112,9
17392,119,111,8
17393,129,114,15
17394,275,242,33
17395,139,129,10
17396,242,211,31
17397,108,103,5
17398,737,674,63
17399,136,117,19
17400,171,143,28
17401,189,167,22
17402,62,57,5
17403,208,181,27
17404,310,279,31
17405,153,138,15
17406,133,118,15
17407,55,50,5
17408,49,45,4
17409,112,93,19
17410,176,163,13
17411,83,76,7
17412,139,122,17
17413,93,77,16
17414,50,48,2
17415,103,92,11
17416,168,155,13
17417,85,79,6
17418,209,185,24
17419,135,115,20
17420,142,131,11
17421,164,137,27
17422,115,101,14
17423,130,119,11
17424,142,135,7
17425,571,504,67
17426,206,188,18
17427,373,332,41
17428,373,332,41
17429,126,106,20
17430,195,166,29
17431,328,288,40
17432,73,63,10
17433,218,202,16
17434,251,225,26
17435,101,91,10
17436,100,87,13
17437,53,51,2
17438,499,447,52
17439,315,272,43
17440,143,137,6
17441,103,98,5
17442,106,88,18
17443,67,59,8
17444,144,128,16
17445,120,107,13
17446,106,99,7
17447,328,301,27
17448,124,111,13
17449,363,336,27
17450,141,122,19
17451,776,711,65
17452,188,168,20
17453,815,719,96
17454,126,111,15
17455,357,324,33
17456,185,164,21
17457,549,487,62
17458,92,83,9
17459,295,263,32
17460,157,145,12
17461,162,130,32
17462,625,542,83
17463,128,111,17
17464,138,123,15
17465,140,132,8
17466,10,9,1
17467,157,137,20
17468,101,89,12
17469,250,230,20
17470,138,119,19
17471,401,369,32
17472,148,128,20
17473,170,156,14
17474,222,183,39
17475,138,121,17
17476,180,154,26
17477,66,61,5
17478,102,96,6
17479,204,184,20
17480,135,112,23
17481,176,149,27
17482,119,101,18
17483,60,54,6
17484,179,158,21
17485,120,102,18
17486,171,152,19
17487,1004,903,101
17488,445,388,57
17489,176,158,18
17490,240,209,31
17491,407,326,81
17492,50,47,3
17493,154,138,16
17494,215,190,25
17495,174,159,15
17496,265,221,44
17497,165,150,15
17498,131,114,17
17499,169,142,27
17500,180,145,35
17501,288,252,36
17502,142,124,18
17503,177,154,23
17504,23,21,2
17505,155,141,14
17506,221,187,34
17507,114,104,10
17508,794,704,90
17509,125,111,14
17510,144,134,10
17511,232,207,25
17512,38,33,5
17513,40,36,4
17514,62,58,4
17515,145,133,12
17516,134,125,9
17517,226,195,31
17518,124,115,9
17519,121,107,14
17520,140,129,11
17521,45,40,5
17522,620,551,69
17523,223,203,20
17524,251,226,25
17525,140,121,19
17526,173,163,10
17527,40,32,8
17528,997,918,79
17529,202,179,23
17530,239,216,23
17531,94,83,11
17532,150,134,16
17533,43,39,4
17534,123,108,15
17535,125,112,13
17536,363,333,30
17537,226,206,20
17538,167,150,17
17539,145,135,10
17540,127,118,9
17541,153,146,7
17542,156,147,9
17543,428,391,37
17544,276,252,24
17545,151,136,15
17546,152,137,15
17547,288,251,37
17548,207,175,32
17549,123,106,17
17550,173,153,20
17551,318,290,28
17552,273,240,33
17553,499,449,50
17554,152,132,20
17555,247,216,31
17556,188,157,31
17557,292,249,43
17558,225,202,23
17559,440,384,56
17560,138,119,19
17561,139,119,20
17562,220,194,26
17563,165,149,16
17564,43,41,2
17565,239,210,29
17566,137,123,14
17567,195,178,17
17568,116,101,15
17569,919,814,105
17570,143,125,18
17571,188,166,22
17572,181,171,10
17573,186,161,25
17574,299,254,45
17575,222,200,22
17576,131,117,14
17577,368,310,58
17578,332,280,52
17579,567,484,83
17580,684,596,88
17581,139,119,20
17582,218,190,28
17583,303,258,45
17584,197,183,14
17585,142,134,8
17586,219,197,22
17587,448,386,62
17588,151,134,17
17589,347,312,35
17590,226,199,27
17591,127,105,22
17592,89,79,10
17593,236,202,34
17594,212,191,21
17595,276,238,38
17596,75,59,16
17597,148,131,17
17598,138,120,18
17599,221,198,23
17600,182,162,20
17601,49,38,11
17602,93,86,7
17603,169,152,17
17604,135,126,9
17605,462,398,64
17606,458,402,56
17607,194,163,31
17608,236,206,30
17609,127,116,11
17610,415,370,45
17611,94,83,11
17612,221,201,20
17613,714,629,85
17614,104,93,11
17615,46,39,7
17616,66,59,7
17617,590,519,71
17618,323,278,45
17619,202,177,25
17620,295,262,33
17621,223,205,18
17622,134,124,10
17623,423,376,47
17624,471,407,64
17625,115,103,12
17626,109,89,20
17627,118,109,9
17628,801,718,83
17629,106,100,6
17630,211,190,21
17631,48,42,6
17632,182,169,13
17633,142,130,12
17634,280,256,24
17635,140,118,22
17636,155,142,13
17637,44,42,2
17638,245,214,31
17639,639,575,64
17640,213,187,26
17641,52,45,7
17642,267,244,23
17643,164,151,13
17644,137,115,22
17645,123,108,15
17646,321,284,37
17647,525,467,58
17648,305,274,31
17649,533,496,37
17650,152,139,13
17651,239,216,23
17652,150,137,13
17653,161,142,19
17654,114,105,9
17655,256,223,33
17656,273,234,39
17657,611,545,66
17658,353,306,47
17659,164,140,24
17660,257,233,24
17661,196,179,17
17662,133,111,22
17663,409,344,65
17664,121,109,12
17665,145,126,19
17666,120,106,14
17667,134,122,12
17668,216,197,19
17669,161,143,18
17670,242,214,28
17671,384,339,45
17672,120,108,12
17673,464,421,43
17674,192,176,16
17675,140,124,16
17676,209,180,29
17677,288,261,27
17678,190,165,25
17679,264,225,39
17680,233,211,22
17681,146,130,16
17682,149,132,17
17683,194,177,17
17684,170,152,18
17685,155,138,17
17686,171,145,26
17687,112,97,15
17688,238,204,34
17689,376,326,50
17690,292,255,37
17691,969,830,139
17692,526,444,82
17693,458,395,63
17694,101,82,19
17695,138,129,9
17696,154,136,18
17697,400,348,52
17698,698,592,106
17699,176,164,12
17700,238,211,27
17701,170,154,16
17702,149,130,19
17703,281,248,33
17704,225,197,28
17705,106,96,10
17706,42,37,5
17707,54,48,6
17708,488,422,66
17709,167,146,21
17710,126,116,10
17711,507,458,49
17712,169,156,13
17713,134,117,17
17714,152,143,9
17715,176,163,13
17716,132,118,14
17717,105,94,11
17718,127,109,18
17719,506,461,45
17720,105,98,7
17721,128,111,17
17722,100,91,9
17723,414,369,45
17724,198,181,17
17725,179,160,19
17726,590,527,63
17727,1030,881,149
17728,183,161,22
17729,127,116,11
17730,108,99,9
17731,178,157,21
17732,169,159,10
17733,129,112,17
17734,120,107,13
17735,160,147,13
17736,120,107,13
17737,103,88,15
17738,172,156,16
17739,129,123,6
17740,512,454,58
17741,273,242,31
17742,132,119,13
17743,192,178,14
17744,191,178,13
17745,158,136,22
17746,139,128,11
17747,231,197,34
17748,724,627,97
17749,726,619,107
17750,106,88,18
17751,186,172,14
17752,908,829,79
17753,104,85,19
17754,146,132,14
17755,195,174,21
17756,164,147,17
17757,202,184,18
17758,74,64,10
17759,161,142,19
17760,203,184,19
17761,74,64,10
17762,144,128,16
17763,194,172,22
17764,241,220,21
17765,185,173,12
17766,147,132,15
17767,235,210,25
17768,178,152,26
17769,248,220,28
17770,394,352,42
17771,212,190,22
17772,912,810,102
17773,112,95,17
17774,134,117,17
17775,193,158,35
17776,217,198,19
17777,656,609,47
17778,149,134,15
17779,705,636,69
17780,138,122,16
17781,111,97,14
17782,986,891,95
17783,179,160,19
17784,128,114,14
17785,304,262,42
17786,786,703,83
17787,485,442,43
17788,145,122,23
17789,455,404,51
17790,72,65,7
17791,125,109,16
17792,106,90,16
17793,204,180,24
17794,397,355,42
17795,100,91,9
17796,173,148,25
17797,265,247,18
17798,153,137,16
17799,193,160,33
17800,48,42,6
17801,70,64,6
17802,131,115,16
17803,216,194,22
17804,163,150,13
17805,380,356,24
17806,558,492,66
17807,622,548,74
17808,61,55,6
17809,87,78,9
17810,53,46,7
17811,186,167,19
17812,64,58,6
17813,298,267,31
17814,200,180,20
17815,135,120,15
17816,120,100,20
17817,238,208,30
17818,119,108,11
17819,133,116,17
17820,182,159,23
17821,53,44,9
17822,449,392,57
17823,123,109,14
17824,68,63,5
17825,154,136,18
17826,146,133,13
17827,233,206,27
17828,157,133,24
17829,254,227,27
17830,206,185,21
17831,127,112,15
17832,144,130,14
17833,164,146,18
17834,156,139,17
17835,222,192,30
17836,227,207,20
17837,99,92,7
17838,68,59,9
17839,647,566,81
17840,144,127,17
17841,334,292,42
17842,132,120,12
17843,224,203,21
17844,139,123,16
17845,131,114,17
17846,301,282,19
17847,115,109,6
17848,269,238,31
17849,139,122,17
17850,547,481,66
17851,140,128,12
17852,520,444,76
17853,584,499,85
17854,230,199,31
17855,196,170,26
17856,127,115,12
17857,130,112,18
17858,414,364,50
17859,290,255,35
17860,157,143,14
17861,286,242,44
17862,84,69,15
17863,145,131,14
17864,52,45,7
17865,163,142,21
17866,212,194,18
17867,225,195,30
17868,90,75,15
17869,95,82,13
17870,119,106,13
17871,98,87,11
17872,639,566,73
17873,302,271,31
17874,159,140,19
17875,269,248,21
17876,378,336,42
17877,160,143,17
17878,104,93,11
17879,56,49,7
17880,44,41,3
17881,217,194,23
17882,195,180,15
17883,99,85,14
17884,142,133,9
17885,166,156,10
17886,270,234,36
17887,355,321,34
17888,156,141,15
17889,327,298,29
17890,141,120,21
17891,135,115,20
17892,165,138,27
17893,118,109,9
17894,208,181,27
17895,148,120,28
17896,317,283,34
17897,120,106,14
17898,100,89,11
17899,282,246,36
17900,40,37,3
17901,233,200,33
17902,134,119,15
17903,415,373,42
17904,402,364,38
17905,139,128,11
17906,571,508,63
17907,320,285,35
17908,271,233,38
17909,801,713,88
17910,29,25,4
17911,230,207,23
17912,386,341,45
17913,131,115,16
17914,144,125,19
17915,244,213,31
17916,131,117,14
17917,530,473,57
17918,520,459,61
17919,125,106,19
17920,138,123,15
17921,46,39,7
17922,121,100,21
17923,172,153,19
17924,169,156,13
17925,434,380,54
17926,141,126,15
17927,504,454,50
17928,244,217,27
17929,605,534,71
17930,247,221,26
17931,208,187,21
17932,260,225,35
17933,204,183,21
17934,582,516,66
17935,247,218,29
17936,234,210,24
17937,201,174,27
17938,133,119,14
17939,513,457,56
17940,163,144,19
17941,671,596,75
17942,114,102,12
17943,407,364,43
17944,50,45,5
17945,136,119,17
17946,238,205,33
17947,213,187,26
17948,153,134,19
17949,327,287,40
17950,138,119,19
17951,121,101,20
17952,147,136,11
17953,107,96,11
17954,168,148,20
17955,133,118,15
17956,203,183,20
17957,120,105,15
17958,318,290,28
17959,300,263,37
17960,256,237,19
17961,144,129,15
17962,300,252,48
17963,142,116,26
17964,107,86,21
17965,89,68,21
17966,248,209,39
17967,651,560,91
17968,97,88,9
17969,146,134,12
17970,248,231,17
17971,137,127,10
17972,125,110,15
17973,182,164,18
17974,121,112,9
17975,171,152,19
17976,122,112,10
17977,160,146,14
17978,214,190,24
17979,322,288,34
17980,122,115,7
17981,202,172,30
17982,317,282,35
17983,240,204,36
17984,144,134,10
17985,128,115,13
17986,383,329,54
17987,391,341,50
17988,136,109,27
17989,158,139,19
17990,189,162,27
17991,142,117,25
17992,166,142,24
17993,249,219,30
17994,624,567,57
17995,136,118,18
17996,194,169,25
17997,76,64,12
17998,229,206,23
17999,162,141,21
18000,272,228,44
18001,161,143,18
18002,200,168,32
18003,142,120,22
18004,229,204,25
18005,144,129,15
18006,171,153,18
18007,102,91,11
18008,220,198,22
18009,339,300,39
18010,186,162,24
18011,479,420,59
18012,254,223,31
18013,158,146,12
18014,294,261,33
18015,179,150,29
18016,234,200,34
18017,56,55,1
18018,162,139,23
18019,44,44,0
18020,124,107,17
18021,161,144,17
18022,153,132,21
18023,911,814,97
18024,48,42,6
18025,132,119,13
18026,216,192,24
18027,135,118,17
18028,131,111,20
18029,92,85,7
18030,119,110,9
18031,32,28,4
18032,174,159,15
18033,148,130,18
18034,174,147,27
18035,90,83,7
18036,128,117,11
18037,80,73,7
18038,194,170,24
18039,115,92,23
18040,142,124,18
18041,174,151,23
18042,97,91,6
18043,115,104,11
18044,367,324,43
18045,467,403,64
18046,141,124,17
18047,302,267,35
18048,172,147,25
18049,564,517,47
18050,240,210,30
18051,170,153,17
18052,432,388,44
18053,345,314,31
18054,90,82,8
18055,161,141,20
18056,378,334,44
18057,206,187,19
18058,275,241,34
18059,121,109,12
18060,113,91,22
18061,210,183,27
18062,162,144,18
18063,249,228,21
18064,275,246,29
18065,134,110,24
18066,524,468,56
18067,106,96,10
18068,564,509,55
18069,126,114,12
18070,140,131,9
18071,602,529,73
18072,449,402,47
18073,190,171,19
18074,199,166,33
18075,140,128,12
18076,719,628,91
18077,158,143,15
18078,279,240,39
18079,148,130,18
18080,286,249,37
18081,316,275,41
18082,209,178,31
18083,69,68,1
18084,195,171,24
18085,168,156,12
18086,183,164,19
18087,132,115,17
18088,133,112,21
18089,272,242,30
18090,150,132,18
18091,192,162,30
18092,792,706,86
18093,131,124,7
18094,286,254,32
18095,256,231,25
18096,58,50,8
18097,323,297,26
18098,180,154,26
18099,348,309,39
18100,311,273,38
18101,189,162,27
18102,338,299,39
18103,262,231,31
18104,105,96,9
18105,340,302,38
18106,342,303,39
18107,122,111,11
18108,153,137,16
18109,190,165,25
18110,226,205,21
18111,135,116,19
18112,179,160,19
18113,184,169,15
18114,165,148,17
18115,86,79,7
18116,305,266,39
18117,126,110,16
18118,141,120,21
18119,142,130,12
18120,129,113,16
18121,255,221,34
18122,199,188,11
18123,334,286,48
18124,147,131,16
18125,306,277,29
18126,108,97,11
18127,121,106,15
18128,122,103,19
18129,145,125,20
18130,403,362,41
18131,298,263,35
18132,123,104,19
18133,185,168,17
18134,204,187,17
18135,556,503,53
18136,189,167,22
18137,81,76,5
18138,216,191,25
18139,63,56,7
18140,177,158,19
18141,274,240,34
18142,125,106,19
18143,325,280,45
18144,187,168,19
18145,143,127,16
18146,248,218,30
18147,188,165,23
18148,105,99,6
18149,150,132,18
18150,136,117,19
18151,181,160,21
18152,131,119,12
18153,113,100,13
18154,184,157,27
18155,199,176,23
18156,132,123,9
18157,377,339,38
18158,280,249,31
18159,104,96,8
18160,126,115,11
18161,26,24,2
18162,34,29,5
18163,95,83,12
18164,89,77,12
18165,299,258,41
18166,70,63,7
18167,98,83,15
18168,286,247,39
18169,51,43,8
18170,49,43,6
18171,196,173,23
18172,170,150,20
18173,251,221,30
18174,141,127,14
18175,56,50,6
18176,153,133,20
18177,172,158,14
18178,424,381,43
18179,173,161,12
18180,215,184,31
18181,259,227,32
18182,295,261,34
18183,153,129,24
18184,135,121,14
18185,576,484,92
18186,569,517,52
18187,105,94,11
18188,99,84,15
18189,56,53,3
18190,497,426,71
18191,274,236,38
18192,364,330,34
18193,95,80,15
18194,122,110,12
18195,167,151,16
18196,384,354,30
18197,118,102,16
18198,223,197,26
18199,98,81,17
18200,237,207,30
18201,282,236,46
18202,242,206,36
18203,134,115,19
18204,570,514,56
18205,116,103,13
18206,399,352,47
18207,198,179,19
18208,183,159,24
18209,184,167,17
18210,260,227,33
18211,131,116,15
18212,111,104,7
18213,293,257,36
18214,548,487,61
18215,272,234,38
18216,63,56,7
18217,125,112,13
18218,420,375,45
18219,172,155,17
18220,140,123,17
18221,271,238,33
18222,424,393,31
18223,128,112,16
18224,102,89,13
18225,99,91,8
18226,175,151,24
18227,918,820,98
18228,146,134,12
18229,347,310,37
18230,211,180,31
18231,327,298,29
18232,281,250,31
18233,214,190,24
18234,77,71,6
18235,32,29,3
18236,27,26,1
18237,86,79,7
18238,63,57,6
18239,334,308,26
18240,71,67,4
18241,63,54,9
18242,111,101,10
18243,60,58,2
18244,256,226,30
18245,63,57,6
18246,149,126,23
18247,679,600,79
18248,220,195,25
18249,102,89,13
18250,161,145,16
18251,163,145,18
18252,283,261,22
18253,140,113,27
18254,123,111,12
18255,157,136,21
18256,90,75,15
18257,140,132,8
18258,143,125,18
18259,37,33,4
18260,53,44,9
18261,108,89,19
18262,252,213,39
18263,200,177,23
18264,146,132,14
18265,194,171,23
18266,346,306,40
18267,135,121,14
18268,120,108,12
18269,128,118,10
18270,183,170,13
18271,145,128,17
18272,291,267,24
18273,207,194,13
18274,238,213,25
18275,202,177,25
18276,379,338,41
18277,140,124,16
18278,171,150,21
18279,202,182,20
18280,259,225,34
18281,200,182,18
18282,109,99,10
18283,230,206,24
18284,505,446,59
18285,56,50,6
18286,398,355,43
18287,230,210,20
18288,317,291,26
18289,191,164,27
18290,254,218,36
18291,242,219,23
18292,175,149,26
18293,155,136,19
18294,155,140,15
18295,420,379,41
18296,143,131,12
18297,246,206,40
18298,234,209,25
18299,103,89,14
18300,183,167,16
18301,427,372,55
18302,167,149,18
18303,64,57,7
18304,306,266,40
18305,190,176,14
18306,118,107,11
18307,258,226,32
18308,42,39,3
18309,156,139,17
18310,237,214,23
18311,65,54,11
18312,248,227,21
18313,101,88,13
18314,282,256,26
18315,304,265,39
18316,277,247,30
18317,170,153,17
18318,413,362,51
18319,387,335,52
18320,266,221,45
18321,370,315,55
18322,165,143,22
18323,95,80,15
18324,460,402,58
18325,149,137,12
18326,1033,921,112
18327,465,404,61
18328,177,159,18
18329,127,117,10
18330,180,160,20
18331,165,150,15
18332,563,483,80
18333,161,141,20
18334,393,350,43
18335,364,315,49
18336,127,118,9
18337,191,180,11
18338,469,412,57
18339,122,111,11
18340,150,137,13
18341,294,256,38
18342,103,89,14
18343,153,139,14
18344,149,131,18
18345,68,59,9
18346,160,136,24
18347,356,316,40
18348,141,126,15
18349,125,113,12
18350,149,140,9
18351,169,149,20
18352,53,46,7
18353,207,186,21
18354,520,439,81
18355,188,167,21
18356,277,247,30
18357,277,250,27
18358,382,327,55
18359,143,128,15
18360,128,115,13
18361,235,221,14
18362,235,211,24
18363,299,274,25
18364,197,176,21
18365,177,160,17
18366,138,129,9
18367,170,156,14
18368,69,62,7
18369,221,204,17
18370,280,249,31
18371,191,173,18
18372,75,66,9
18373,187,170,17
18374,211,186,25
18375,203,186,17
18376,212,200,12
18377,153,132,21
18378,239,215,24
18379,237,216,21
18380,75,67,8
18381,200,181,19
18382,162,150,12
18383,170,153,17
18384,172,166,6
18385,150,136,14
18386,155,137,18
18387,131,111,20
18388,198,174,24
18389,113,98,15
18390,197,167,30
18391,175,151,24
18392,267,241,26
18393,468,395,73
18394,216,190,26
18395,144,132,12
18396,203,181,22
18397,695,628,67
18398,107,98,9
18399,118,109,9
18400,183,153,30
18401,772,692,80
18402,151,131,20
18403,225,198,27
18404,127,108,19
18405,328,300,28
18406,124,115,9
18407,114,100,14
18408,129,116,13
18409,128,107,21
18410,179,161,18
18411,161,152,9
18412,201,172,29
18413,900,794,106
18414,115,106,9
18415,100,91,9
18416,105,93,12
18417,382,330,52
18418,349,310,39
18419,148,134,14
18420,152,133,19
18421,244,208,36
18422,138,124,14
18423,316,279,37
18424,820,712,108
18425,428,378,50
18426,188,166,22
18427,126,114,12
18428,227,207,20
18429,570,505,65
18430,372,317,55
18431,194,179,15
18432,757,668,89
18433,223,193,30
18434,209,191,18
18435,224,197,27
18436,464,412,52
18437,1002,895,107
18438,532,458,74
18439,278,246,32
18440,528,465,63
18441,189,160,29
18442,157,136,21
18443,280,247,33
18444,186,164,22
18445,159,139,20
18446,138,126,12
18447,318,285,33
18448,186,169,17
18449,265,229,36
18450,202,184,18
18451,334,295,39
18452,505,423,82
18453,116,108,8
18454,161,147,14
18455,353,316,37
18456,255,217,38
18457,124,108,16
18458,225,210,15
18459,266,244,22
18460,315,266,49
18461,514,454,60
18462,491,440,51
18463,298,270,28
18464,221,182,39
18465,139,126,13
18466,194,169,25
18467,153,139,14
18468,115,102,13
18469,48,42,6
18470,144,130,14
18471,605,538,67
18472,173,162,11
18473,124,118,6
18474,164,149,15
18475,218,196,22
18476,374,324,50
18477,153,129,24
18478,145,131,14
18479,706,639,67
18480,182,161,21
18481,197,174,23
18482,137,121,16
18483,108,98,10
18484,134,124,10
18485,284,246,38
18486,111,103,8
18487,174,153,21
18488,296,265,31
18489,367,328,39
18490,193,157,36
18491,114,98,16
18492,332,296,36
18493,537,469,68
18494,563,504,59
18495,123,115,8
18496,137,123,14
18497,118,99,19
18498,205,180,25
18499,238,200,38
18500,437,379,58
18501,155,131,24
18502,243,203,40
18503,359,305,54
18504,437,379,58
18505,175,160,15
18506,163,146,17
18507,228,208,20
18508,626,564,62
18509,184,171,13
18510,503,435,68
18511,576,528,48
18512,194,166,28
18513,164,147,17
18514,129,119,10
18515,157,138,19
18516,129,104,25
18517,138,124,14
18518,198,178,20
18519,151,141,10
18520,142,126,16
18521,98,88,10
18522,209,190,19
18523,115,107,8
18524,179,160,19
18525,311,268,43
18526,148,131,17
18527,166,156,10
18528,153,133,20
18529,124,112,12
18530,189,171,18
18531,101,90,11
18532,308,271,37
18533,364,331,33
18534,143,127,16
18535,169,155,14
18536,538,481,57
18537,366,335,31
18538,168,150,18
18539,129,118,11
18540,642,574,68
18541,388,347,41
18542,101,92,9
18543,207,185,22
18544,1020,921,99
18545,264,243,21
18546,189,166,23
18547,163,146,17
18548,111,103,8
18549,207,184,23
18550,458,424,34
18551,176,157,19
18552,367,333,34
18553,128,121,7
18554,215,184,31
18555,502,433,69
18556,155,138,17
18557,61,54,7
18558,189,173,16
18559,148,128,20
18560,127,112,15
18561,192,170,22
18562,93,86,7
18563,133,121,12
18564,150,133,17
18565,363,325,38
18566,226,197,29
18567,115,105,10
18568,412,366,46
18569,189,163,26
18570,403,347,56
18571,131,117,14
18572,105,92,13
18573,211,179,32
18574,142,126,16
18575,170,151,19
18576,399,344,55
18577,430,380,50
18578,172,152,20
18579,312,287,25
18580,291,261,30
18581,175,160,15
18582,64,57,7
18583,708,629,79
18584,275,231,44
18585,140,123,17
18586,128,111,17
18587,177,154,23
18588,44,41,3
18589,199,181,18
18590,185,167,18
18591,390,341,49
18592,163,147,16
18593,518,468,50
18594,241,215,26
18595,389,334,55
18596,116,104,12
18597,361,329,32
18598,686,594,92
18599,241,227,14
18600,170,152,18
18601,337,301,36
18602,156,146,10
18603,237,204,33
18604,896,743,153
18605,140,125,15
18606,141,130,11
18607,253,232,21
18608,167,144,23
18609,156,140,16
18610,221,194,27
18611,368,323,45
18612,477,420,57
18613,63,54,9
18614,77,67,10
18615,133,118,15
18616,421,367,54
18617,394,335,59
18618,131,118,13
18619,236,211,25
18620,180,170,10
18621,62,56,6
18622,146,129,17
18623,370,329,41
18624,509,437,72
18625,199,167,32
18626,211,190,21
18627,327,300,27
18628,112,107,5
18629,155,138,17
18630,126,114,12
18631,145,128,17
18632,160,143,17
18633,162,141,21
18634,115,101,14
18635,132,119,13
18636,110,97,13
18637,163,146,17
18638,230,203,27
18639,108,98,10
18640,219,190,29
18641,141,129,12
18642,80,75,5
18643,78,70,8
18644,135,118,17
18645,174,154,20
18646,130,111,19
18647,50,41,9
18648,146,132,14
18649,74,69,5
18650,228,201,27
18651,123,110,13
18652,118,109,9
18653,93,83,10
18654,155,141,14
18655,260,215,45
18656,367,336,31
18657,254,222,32
18658,171,157,14
18659,184,173,11
18660,224,200,24
18661,127,110,17
18662,134,119,15
18663,371,316,55
18664,258,233,25
18665,55,50,5
18666,279,252,27
18667,117,108,9
18668,148,131,17
18669,193,169,24
18670,161,142,19
18671,77,64,13
18672,171,161,10
18673,154,140,14
18674,219,194,25
18675,409,351,58
18676,302,258,44
18677,55,46,9
18678,155,137,18
18679,143,131,12
18680,311,257,54
18681,167,148,19
18682,149,132,17
18683,243,219,24
18684,235,213,22
18685,132,118,14
18686,143,133,10
18687,292,260,32
18688,358,302,56
18689,269,238,31
18690,109,100,9
18691,107,97,10
18692,263,221,42
18693,127,111,16
18694,363,303,60
18695,145,133,12
18696,150,130,20
18697,232,197,35
18698,480,434,46
18699,123,108,15
18700,253,222,31
18701,79,71,8
18702,41,37,4
18703,86,66,20
18704,97,89,8
18705,614,551,63
18706,144,124,20
18707,165,147,18
18708,134,116,18
18709,62,52,10
18710,67,59,8
18711,360,313,47
18712,161,146,15
18713,150,135,15
18714,119,107,12
18715,166,151,15
18716,83,72,11
18717,163,148,15
18718,165,152,13
18719,194,170,24
18720,189,175,14
18721,65,61,4
18722,100,89,11
18723,50,41,9
18724,134,119,15
18725,317,275,42
18726,294,253,41
18727,224,198,26
18728,388,346,42
18729,129,117,12
18730,93,86,7
18731,183,163,20
18732,82,77,5
18733,127,116,11
18734,836,755,81
18735,152,140,12
18736,87,79,8
18737,88,82,6
18738,203,187,16
18739,120,107,13
18740,150,132,18
18741,204,185,19
18742,205,186,19
18743,46,44,2
18744,434,387,47
18745,125,120,5
18746,292,258,34
18747,213,184,29
18748,184,164,20
18749,50,48,2
18750,61,58,3
18751,112,100,12
18752,112,100,12
18753,195,172,23
18754,62,54,8
18755,234,207,27
18756,86,77,9
18757,426,372,54
18758,219,194,25
18759,140,127,13
18760,134,132,2
18761,157,137,20
18762,124,113,11
18763,165,154,11
18764,135,114,21
18765,201,181,20
18766,135,125,10
18767,163,144,19
18768,121,110,11
18769,174,156,18
18770,183,166,17
18771,405,366,39
18772,126,115,11
18773,218,199,19
18774,127,111,16
18775,179,164,15
18776,121,112,9
18777,156,141,15
18778,79,70,9
18779,164,143,21
18780,99,85,14
18781,108,94,14
18782,234,203,31
18783,202,183,19
18784,1010,892,118
18785,133,116,17
18786,106,101,5
18787,282,251,31
18788,168,145,23
18789,162,141,21
18790,70,64,6
18791,157,136,21
18792,172,150,22
18793,401,348,53
18794,186,162,24
18795,138,125,13
18796,415,371,44
18797,59,50,9
18798,73,61,12
18799,59,50,9
18800,694,594,100
18801,89,80,9
18802,350,311,39
18803,144,127,17
18804,52,46,6
18805,97,88,9
18806,364,319,45
18807,181,166,15
18808,154,141,13
18809,83,72,11
18810,270,237,33
18811,146,125,21
18812,401,353,48
18813,214,176,38
18814,762,654,108
18815,283,243,40
18816,196,181,15
18817,271,236,35
18818,491,426,65
18819,463,417,46
18820,307,278,29
18821,459,399,60
18822,98,88,10
18823,119,104,15
18824,43,40,3
18825,595,510,85
18826,197,179,18
18827,207,187,20
18828,187,153,34
18829,241,213,28
18830,107,96,11
18831,168,148,20
18832,191,166,25
18833,270,241,29
18834,452,378,74
18835,115,101,14
18836,206,181,25
18837,531,453,78
18838,110,98,12
18839,183,156,27
18840,121,112,9
18841,209,186,23
18842,282,251,31
18843,438,394,44
18844,662,557,105
18845,298,259,39
18846,164,144,20
18847,314,260,54
18848,282,248,34
18849,894,774,120
18850,123,108,15
18851,136,115,21
18852,95,84,11
18853,488,424,64
18854,118,100,18
18855,182,161,21
18856,287,252,35
18857,72,64,8
18858,557,478,79
18859,56,50,6
18860,155,141,14
18861,180,152,28
18862,232,195,37
18863,172,151,21
18864,471,407,64
18865,489,443,46
18866,347,312,35
18867,235,208,27
18868,427,390,37
18869,127,111,16
18870,379,339,40
18871,149,132,17
18872,162,141,21
18873,105,93,12
18874,248,205,43
18875,215,195,20
18876,159,142,17
18877,324,279,45
18878,322,288,34
18879,155,137,18
18880,126,109,17
18881,50,43,7
18882,281,232,49
18883,125,114,11
18884,471,400,71
18885,122,109,13
18886,183,160,23
18887,405,361,44
18888,139,127,12
18889,439,351,88
18890,385,329,56
18891,202,175,27
18892,117,107,10
18893,51,47,4
18894,141,124,17
18895,202,188,14
18896,231,193,38
18897,110,102,8
18898,251,228,23
18899,295,270,25
18900,89,77,12
18901,346,298,48
18902,238,206,32
18903,460,402,58
18904,38,34,4
18905,108,98,10
18906,312,283,29
18907,101,94,7
18908,122,110,12
18909,235,199,36
18910,499,440,59
18911,397,354,43
18912,214,191,23
18913,128,120,8
18914,108,100,8
18915,191,165,26
18916,316,280,36
18917,156,142,14
18918,162,141,21
18919,634,571,63
18920,436,385,51
18921,1015,908,107
18922,172,160,12
18923,62,51,11
18924,167,149,18
18925,60,55,5
18926,97,90,7
18927,92,82,10
18928,279,242,37
18929,77,68,9
18930,72,67,5
18931,108,97,11
18932,157,135,22
18933,61,57,4
18934,60,52,8
18935,138,123,15
18936,86,74,12
18937,231,206,25
18938,341,294,47
18939,141,133,8
18940,537,481,56
18941,284,250,34
18942,132,119,13
18943,721,661,60
18944,91,81,10
18945,163,141,22
18946,272,240,32
18947,213,194,19
18948,141,118,23
18949,125,113,12
18950,129,116,13
18951,272,251,21
18952,405,359,46
18953,633,552,81
18954,127,116,11
18955,101,89,12
18956,56,53,3
18957,84,76,8
18958,245,213,32
18959,131,120,11
18960,130,112,18
18961,164,149,15
18962,103,94,9
18963,58,53,5
18964,222,202,20
18965,270,249,21
18966,127,108,19
18967,254,232,22
18968,130,106,24
18969,172,154,18
18970,113,95,18
18971,344,303,41
18972,127,111,16
18973,78,69,9
18974,58,53,5
18975,78,66,12
18976,115,102,13
18977,235,210,25
18978,132,114,18
18979,121,100,21
18980,103,93,10
18981,152,130,22
18982,87,80,7
18983,331,286,45
18984,95,83,12
18985,76,60,16
18986,67,63,4
18987,337,297,40
18988,223,201,22
18989,207,186,21
18990,133,122,11
18991,136,119,17
18992,339,290,49
18993,373,343,30
18994,149,140,9
18995,275,234,41
18996,550,462,88
18997,344,292,52
18998,335,281,54
18999,146,134,12
19000,135,112,23
19001,164,147,17
19002,305,249,56
19003,130,114,16
19004,166,138,28
19005,241,210,31
19006,90,77,13
19007,98,86,12
19008,160,144,16
19009,93,85,8
19010,126,116,10
19011,98,86,12
19012,133,124,9
19013,48,42,6
19014,120,110,10
19015,155,136,19
19016,57,55,2
19017,301,270,31
19018,198,179,19
19019,372,334,38
19020,132,123,9
19021,62,54,8
19022,123,105,18
19023,177,160,17
19024,159,149,10
19025,142,127,15
19026,163,145,18
19027,129,120,9
19028,166,153,13
19029,175,149,26
19030,123,112,11
19031,101,92,9
19032,118,104,14
19033,52,46,6
19034,143,125,18
19035,311,279,32
19036,308,280,28
19037,135,120,15
19038,65,58,7
19039,127,115,12
19040,276,243,33
19041,408,344,64
19042,116,101,15
19043,347,315,32
19044,114,100,14
19045,179,153,26
19046,335,286,49
19047,415,369,46
19048,163,140,23
19049,207,183,24
19050,271,231,40
19051,691,597,94
19052,273,238,35
19053,145,129,16
19054,106,95,11
19055,225,201,24
19056,272,244,28
19057,881,765,116
19058,498,443,55
19059,270,241,29
19060,166,153,13
19061,402,365,37
19062,189,171,18
19063,582,522,60
19064,185,163,22
19065,139,122,17
19066,325,290,35
19067,387,331,56
19068,126,110,16
19069,141,124,17
19070,300,273,27
19071,85,74,11
19072,110,93,17
19073,284,245,39
19074,474,427,47
19075,510,448,62
19076,326,278,48
19077,491,450,41
19078,415,369,46
19079,501,451,50
19080,115,108,7
19081,409,362,47
19082,133,112,21
19083,112,101,11
19084,84,70,14
19085,257,240,17
19086,144,125,19
19087,234,208,26
19088,443,383,60
19089,394,346,48
19090,266,237,29
19091,67,60,7
19092,147,136,11
19093,312,282,30
19094,204,187,17
19095,248,215,33
19096,149,134,15
19097,258,228,30
19098,166,142,24
19099,128,106,22
19100,135,112,23
19101,133,121,12
19102,131,118,13
19103,322,281,41
19104,209,185,24
19105,83,76,7
19106,177,163,14
19107,396,363,33
19108,259,221,38
19109,239,203,36
19110,426,379,47
19111,379,342,37
19112,163,144,19
19113,218,193,25
19114,624,552,72
19115,48,45,3
19116,335,309,26
19117,173,154,19
19118,164,153,11
19119,150,136,14
19120,235,214,21
19121,207,178,29
19122,284,253,31
19123,122,108,14
19124,127,116,11
19125,178,165,13
19126,167,159,8
19127,189,170,19
19128,214,187,27
19129,237,218,19
19130,193,166,27
19131,141,117,24
19132,642,556,86
19133,418,373,45
19134,213,194,19
19135,122,106,16
19136,218,193,25
19137,316,278,38
19138,972,862,110
19139,520,463,57
19140,328,287,41
19141,131,123,8
19142,819,732,87
19143,385,338,47
19144,142,124,18
19145,123,108,15
19146,156,142,14
19147,96,87,9
19148,130,119,11
19149,662,588,74
19150,151,134,17
19151,607,538,69
19152,171,161,10
19153,623,564,59
19154,306,279,27
19155,121,104,17
19156,104,98,6
19157,987,879,108
19158,416,363,53
19159,81,75,6
19160,164,144,20
19161,728,667,61
19162,1002,887,115
19163,982,863,119
19164,273,237,36
19165,214,197,17
19166,518,466,52
19167,697,603,94
19168,443,395,48
19169,180,156,24
19170,928,828,100
19171,334,302,32
19172,169,149,20
19173,786,707,79
19174,215,187,28
19175,127,114,13
19176,370,329,41
19177,255,226,29
19178,155,138,17
19179,311,271,40
19180,869,779,90
19181,163,150,13
19182,221,188,33
19183,278,245,33
19184,658,586,72
19185,324,279,45
19186,216,193,23
19187,203,177,26
19188,366,334,32
19189,558,490,68
19190,131,118,13
19191,144,129,15
19192,169,144,25
19193,189,165,24
19194,133,121,12
19195,151,133,18
19196,417,370,47
19197,335,296,39
19198,153,131,22
19199,772,666,106
19200,110,99,11
19201,190,169,21
19202,180,156,24
19203,171,157,14
19204,184,169,15
19205,318,276,42
19206,262,223,39
19207,313,281,32
19208,144,132,12
19209,162,148,14
19210,218,200,18
19211,133,117,16
19212,141,120,21
19213,697,620,77
19214,110,97,13
19215,167,146,21
19216,182,160,22
19217,144,126,18
19218,181,164,17
19219,151,134,17
19220,220,193,27
19221,142,123,19
19222,46,42,4
19223,245,227,18
19224,129,116,13
19225,269,237,32
19226,197,168,29
19227,207,186,21
19228,51,43,8
19229,226,194,32
19230,278,254,24
19231,196,167,29
19232,472,414,58
19233,132,122,10
19234,99,84,15
19235,173,158,15
19236,82,79,3
19237,315,283,32
19238,97,86,11
19239,163,146,17
19240,140,124,16
19241,134,112,22
19242,97,76,21
19243,98,86,12
19244,39,36,3
19245,208,178,30
19246,148,141,7
19247,100,94,6
19248,328,290,38
19249,145,127,18
19250,122,112,10
19251,513,442,71
19252,233,206,27
19253,579,526,53
19254,393,352,41
19255,225,177,48
19256,181,164,17
19257,101,89,12
19258,205,189,16
19259,161,141,20
19260,184,163,21
19261,427,374,53
19262,121,105,16
19263,139,123,16
19264,160,144,16
19265,406,369,37
19266,152,136,16
19267,257,214,43
19268,137,128,9
19269,134,124,10
19270,249,221,28
19271,119,105,14
19272,969,844,125
19273,44,42,2
19274,142,126,16
19275,482,425,57
19276,294,265,29
19277,172,148,24
19278,130,115,15
19279,190,169,21
19280,129,111,18
19281,210,183,27
19282,120,105,15
19283,214,188,26
19284,127,116,11
19285,111,95,16
19286,50,44,6
19287,70,67,3
19288,242,206,36
19289,160,146,14
19290,330,296,34
19291,275,251,24
19292,151,132,19
19293,156,143,13
19294,121,109,12
19295,218,201,17
19296,290,252,38
19297,57,53,4
19298,124,111,13
19299,98,89,9
19300,151,133,18
19301,128,111,17
19302,125,114,11
19303,151,135,16
19304,127,110,17
19305,248,229,19
19306,217,191,26
19307,84,77,7
19308,76,64,12
19309,99,88,11
19310,316,280,36
19311,156,143,13
19312,624,551,73
19313,76,70,6
19314,173,157,16
19315,146,119,27
19316,217,182,35
19317,182,162,20
19318,96,78,18
19319,259,229,30
19320,164,146,18
19321,63,55,8
19322,353,306,47
19323,168,144,24
19324,131,117,14
19325,924,817,107
19326,197,172,25
19327,153,126,27
19328,86,75,11
19329,219,187,32
19330,181,149,32
19331,428,384,44
19332,356,319,37
19333,581,504,77
19334,187,165,22
19335,854,749,105
19336,866,774,92
19337,218,186,32
19338,159,135,24
19339,111,100,11
19340,101,89,12
19341,211,196,15
19342,202,180,22
19343,99,87,12
19344,39,36,3
19345,103,87,16
19346,128,100,28
19347,131,108,23
19348,162,141,21
19349,216,178,38
19350,120,107,13
19351,116,103,13
19352,529,463,66
19353,714,637,77
19354,196,180,16
19355,215,185,30
19356,113,108,5
19357,82,76,6
19358,676,591,85
19359,305,266,39
19360,98,88,10
19361,1004,902,102
19362,133,120,13
19363,351,315,36
19364,246,226,20
19365,188,166,22
19366,272,243,29
19367,146,131,15
19368,290,265,25
19369,134,120,14
19370,127,118,9
19371,252,222,30
19372,179,155,24
19373,131,114,17
19374,350,301,49
19375,371,337,34
19376,223,193,30
19377,171,151,20
19378,425,373,52
19379,136,119,17
19380,104,95,9
19381,125,118,7
19382,65,59,6
19383,48,46,2
19384,112,95,17
19385,151,136,15
19386,140,126,14
19387,173,150,23
19388,144,130,14
19389,585,515,70
19390,196,177,19
19391,131,121,10
19392,211,185,26
19393,333,286,47
19394,289,261,28
19395,133,118,15
19396,151,132,19
19397,198,180,18
19398,135,121,14
19399,196,176,20
19400,492,425,67
19401,137,121,16
19402,384,335,49
19403,239,217,22
19404,156,143,13
19405,375,331,44
19406,463,392,71
19407,165,144,21
19408,190,170,20
19409,363,321,42
19410,345,299,46
19411,124,110,14
19412,174,152,22
19413,322,290,32
19414,177,156,21
19415,125,115,10
19416,136,112,24
19417,350,309,41
19418,182,166,16
19419,361,323,38
19420,208,186,22
19421,156,146,10
19422,938,844,94
19423,215,195,20
19424,296,267,29
19425,165,142,23
19426,122,105,17
19427,197,181,16
19428,366,315,51
19429,217,183,34
19430,283,254,29
19431,111,99,12
19432,215,193,22
19433,280,248,32
19434,128,117,11
19435,659,606,53
19436,140,125,15
19437,130,120,10
19438,510,451,59
19439,154,134,20
19440,534,473,61
19441,222,198,24
19442,873,746,127
19443,350,309,41
19444,174,157,17
19445,326,293,33
19446,124,117,7
19447,36,34,2
19448,92,85,7
19449,122,112,10
19450,495,442,53
19451,283,251,32
19452,298,273,25
19453,93,79,14
19454,158,138,20
19455,151,136,15
19456,237,212,25
19457,111,95,16
19458,142,131,11
19459,138,121,17
19460,161,138,23
19461,129,114,15
19462,173,157,16
19463,174,154,20
19464,171,157,14
19465,596,526,70
19466,294,263,31
19467,161,143,18
19468,162,137,25
19469,275,237,38
19470,346,294,52
19471,453,401,52
19472,228,205,23
19473,701,616,85
19474,391,333,58
19475,146,130,16
19476,165,150,15
19477,334,295,39
19478,310,272,38
19479,275,233,42
19480,245,213,32
19481,159,148,11
19482,134,116,18
19483,111,97,14
19484,683,614,69
19485,511,442,69
19486,280,251,29
19487,367,327,40
19488,322,271,51
19489,114,105,9
19490,125,113,12
19491,207,186,21
19492,126,109,17
19493,748,659,89
19494,214,188,26
19495,189,174,15
19496,627,559,68
19497,415,374,41
19498,77,64,13
19499,419,363,56
19500,117,100,17
19501,168,151,17
19502,274,253,21
19503,151,137,14
19504,717,642,75
19505,271,250,21
19506,491,439,52
19507,504,459,45
19508,135,110,25
19509,281,242,39
19510,380,336,44
19511,337,293,44
19512,143,125,18
19513,189,172,17
19514,185,167,18
19515,154,134,20
19516,284,255,29
19517,253,212,41
19518,120,105,15
19519,167,147,20
19520,248,217,31
19521,446,406,40
19522,126,106,20
19523,188,164,24
19524,40,36,4
19525,49,41,8
19526,133,113,20
19527,323,296,27
19528,400,356,44
19529,116,102,14
19530,171,146,25
19531,548,484,64
19532,281,257,24
19533,130,114,16
19534,125,115,10
19535,185,166,19
19536,123,111,12
19537,93,80,13
19538,143,127,16
19539,477,429,48
19540,315,282,33
19541,226,205,21
19542,169,156,13
19543,1029,892,137
19544,126,118,8
19545,126,114,12
19546,136,122,14
19547,167,145,22
19548,189,170,19
19549,170,154,16
19550,199,172,27
19551,190,169,21
19552,175,153,22
19553,438,395,43
19554,991,879,112
19555,195,171,24
19556,213,184,29
19557,144,133,11
19558,132,120,12
19559,141,122,19
19560,217,187,30
19561,165,143,22
19562,180,162,18
19563,179,150,29
19564,121,107,14
19565,159,135,24
19566,206,181,25
19567,247,219,28
19568,918,811,107
19569,177,144,33
19570,392,344,48
19571,46,41,5
19572,154,137,17
19573,114,99,15
19574,334,296,38
19575,233,212,21
19576,130,114,16
19577,374,339,35
19578,82,74,8
19579,53,46,7
19580,554,488,66
19581,31,29,2
19582,363,310,53
19583,549,490,59
19584,109,101,8
19585,331,287,44
19586,536,481,55
19587,302,275,27
19588,126,115,11
19589,180,168,12
19590,405,369,36
19591,145,133,12
19592,214,192,22
19593,142,127,15
19594,175,160,15
19595,256,225,31
19596,68,59,9
19597,93,73,20
19598,253,221,32
19599,216,194,22
19600,235,209,26
19601,149,136,13
19602,232,204,28
19603,146,130,16
19604,124,114,10
19605,233,198,35
19606,688,589,99
19607,6,6,0
19608,140,126,14
19609,114,97,17
19610,247,216,31
19611,147,130,17
19612,211,189,22
19613,134,114,20
19614,210,182,28
19615,177,160,17
19616,53,47,6
19617,185,171,14
19618,163,149,14
19619,108,98,10
19620,189,177,12
19621,58,53,5
19622,239,206,33
19623,481,421,60
19624,445,402,43
19625,127,118,9
19626,143,130,13
19627,504,449,55
19628,166,148,18
19629,125,109,16
19630,252,226,26
19631,229,192,37
19632,124,107,17
19633,316,271,45
19634,185,165,20
19635,154,137,17
19636,291,249,42
19637,130,121,9
19638,184,166,18
19639,288,253,35
19640,365,311,54
19641,219,187,32
19642,541,480,61
19643,309,280,29
19644,361,312,49
19645,134,121,13
19646,237,214,23
19647,135,126,9
19648,161,145,16
19649,140,125,15
19650,155,147,8
19651,156,145,11
19652,146,131,15
19653,172,150,22
19654,254,223,31
19655,360,328,32
19656,321,281,40
19657,159,142,17
19658,174,154,20
19659,407,351,56
19660,160,145,15
19661,248,218,30
19662,212,181,31
19663,299,264,35
19664,144,137,7
19665,170,146,24
19666,498,424,74
19667,242,209,33
19668,51,47,4
19669,303,270,33
19670,501,463,38
19671,148,126,22
19672,59,56,3
19673,117,109,8
19674,238,215,23
19675,122,109,13
19676,169,149,20
19677,59,50,9
19678,167,139,28
19679,131,115,16
19680,350,303,47
19681,97,88,9
19682,312,285,27
19683,217,186,31
19684,148,133,15
19685,138,125,13
19686,111,103,8
19687,111,99,12
19688,98,85,13
19689,121,107,14
19690,264,234,30
19691,356,326,30
19692,572,515,57
19693,416,380,36
19694,144,133,11
19695,235,209,26
19696,172,154,18
19697,112,95,17
19698,304,269,35
19699,235,207,28
19700,552,493,59
19701,61,56,5
19702,92,84,8
19703,115,101,14
19704,117,105,12
19705,589,516,73
19706,54,47,7
19707,104,97,7
19708,32,31,1
19709,73,64,9
19710,107,94,13
19711,37,36,1
19712,110,98,12
19713,207,181,26
19714,57,53,4
19715,62,55,7
19716,129,114,15
19717,89,78,11
19718,64,54,10
19719,216,185,31
19720,277,253,24
19721,396,359,37
19722,207,185,22
19723,330,290,40
19724,293,272,21
19725,195,176,19
19726,369,322,47
19727,31,28,3
19728,158,139,19
19729,53,48,5
19730,57,52,5
19731,126,112,14
19732,121,104,17
19733,175,152,23
19734,296,251,45
19735,266,233,33
19736,222,203,19
19737,160,131,29
19738,142,120,22
19739,113,99,14
19740,170,148,22
19741,63,55,8
19742,414,353,61
19743,890,756,134
19744,163,143,20
19745,141,121,20
19746,179,161,18
19747,416,373,43
19748,49,38,11
19749,61,54,7
19750,113,98,15
19751,102,95,7
19752,161,140,21
19753,225,204,21
19754,182,166,16
19755,224,201,23
19756,136,125,11
19757,425,369,56
19758,293,263,30
19759,353,318,35
19760,143,129,14
19761,127,114,13
19762,197,171,26
19763,654,600,54
19764,312,287,25
19765,192,175,17
19766,242,219,23
19767,492,438,54
19768,93,82,11
19769,157,139,18
19770,134,117,17
19771,198,173,25
19772,248,218,30
19773,308,266,42
19774,128,112,16
19775,165,142,23
19776,359,315,44
19777,202,170,32
19778,141,125,16
19779,142,131,11
19780,162,143,19
19781,119,104,15
19782,192,163,29
19783,187,168,19
19784,213,194,19
19785,762,670,92
19786,311,269,42
19787,317,287,30
19788,251,217,34
19789,195,178,17
19790,119,105,14
19791,333,308,25
19792,423,364,59
19793,627,564,63
19794,768,670,98
19795,250,216,34
19796,119,104,15
19797,188,169,19
19798,553,471,82
19799,377,319,58
19800,250,216,34
19801,194,171,23
19802,73,64,9
19803,274,235,39
19804,144,129,15
19805,209,184,25
19806,415,383,32
19807,264,238,26
19808,146,138,8
19809,113,96,17
19810,556,476,80
19811,137,116,21
19812,168,148,20
19813,231,215,16
19814,99,91,8
19815,157,136,21
19816,124,108,16
19817,183,161,22
19818,142,128,14
19819,128,116,12
19820,113,104,9
19821,214,194,20
19822,283,237,46
19823,271,241,30
19824,195,165,30
19825,144,128,16
19826,36,33,3
19827,54,49,5
19828,140,119,21
19829,197,174,23
19830,156,131,25
19831,168,147,21
19832,128,113,15
19833,178,163,15
19834,1010,887,123
19835,387,336,51
19836,677,616,61
19837,443,390,53
19838,289,255,34
19839,300,270,30
19840,165,144,21
19841,49,42,7
19842,277,253,24
19843,150,134,16
19844,503,454,49
19845,131,118,13
19846,150,136,14
19847,433,385,48
19848,151,131,20
19849,159,146,13
19850,232,208,24
19851,867,765,102
19852,164,144,20
19853,106,97,9
19854,91,83,8
19855,163,142,21
19856,333,308,25
19857,128,112,16
19858,688,625,63
19859,314,279,35
19860,309,283,26
19861,256,226,30
19862,936,821,115
19863,78,71,7
19864,54,48,6
19865,124,111,13
19866,603,553,50
19867,95,92,3
19868,41,36,5
19869,269,246,23
19870,162,150,12
19871,240,209,31
19872,51,47,4
19873,116,102,14
19874,108,98,10
19875,53,49,4
19876,103,97,6
19877,363,328,35
19878,198,185,13
19879,394,352,42
19880,158,142,16
19881,137,125,12
19882,193,176,17
19883,198,181,17
19884,367,327,40
19885,259,232,27
19886,271,237,34
19887,95,86,9
19888,424,369,55
19889,428,370,58
19890,598,533,65
19891,273,236,37
19892,140,133,7
19893,382,336,46
19894,207,180,27
19895,225,202,23
19896,124,114,10
19897,226,196,30
19898,179,158,21
19899,51,48,3
19900,163,148,15
19901,191,165,26
19902,140,129,11
19903,638,580,58
19904,603,540,63
19905,190,163,27
19906,130,115,15
19907,187,153,34
19908,125,114,11
19909,132,120,12
19910,148,132,16
19911,303,272,31
19912,122,110,12
19913,159,142,17
19914,152,137,15
19915,116,100,16
19916,253,223,30
19917,190,169,21
19918,128,115,13
19919,299,269,30
19920,145,125,20
19921,162,151,11
19922,162,141,21
19923,182,163,19
19924,119,107,12
19925,71,65,6
19926,126,111,15
19927,220,203,17
19928,99,90,9
19929,237,200,37
19930,358,312,46
19931,159,147,12
19932,173,155,18
19933,32,26,6
19934,109,94,15
19935,179,156,23
19936,124,110,14
19937,119,112,7
19938,35,31,4
19939,225,193,32
19940,152,136,16
19941,131,114,17
19942,197,172,25
19943,60,51,9
19944,145,114,31
19945,532,462,70
19946,118,108,10
19947,190,172,18
19948,51,47,4
19949,208,182,26
19950,447,397,50
19951,109,97,12
19952,261,231,30
19953,249,212,37
19954,220,195,25
19955,189,172,17
19956,113,100,13
19957,208,181,27
19958,118,109,9
19959,117,103,14
19960,102,92,10
19961,334,303,31
19962,205,181,24
19963,259,225,34
19964,293,248,45
19965,180,151,29
19966,119,97,22
19967,373,321,52
19968,216,180,36
19969,352,293,59
19970,451,393,58
19971,583,492,91
19972,142,119,23
19973,98,90,8
19974,251,230,21
19975,192,170,22
19976,130,117,13
19977,436,395,41
19978,130,120,10
19979,185,162,23
19980,218,198,20
19981,216,191,25
19982,128,112,16
19983,100,89,11
19984,544,501,43
19985,179,146,33
19986,326,266,60
19987,224,200,24
19988,180,161,19
19989,199,166,33
19990,79,73,6
19991,132,118,14
19992,100,86,14
19993,130,105,25
19994,128,123,5
19995,122,111,11
19996,240,208,32
19997,108,97,11
19998,120,103,17
19999,797,705,92
20000,187,166,21
20001,131,113,18
20002,193,167,26
20003,441,398,43
20004,118,107,11
20005,210,184,26
20006,332,289,43
20007,185,166,19
20008,479,411,68
20009,159,144,15
20010,134,116,18
20011,104,98,6
20012,81,76,5
20013,142,124,18
20014,83,72,11
20015,176,160,16
20016,263,231,32
20017,165,143,22
20018,168,154,14
20019,123,105,18
20020,129,105,24
20021,401,345,56
20022,169,144,25
20023,646,572,74
20024,935,824,111
20025,106,88,18
20026,768,675,93
20027,165,143,22
20028,146,125,21
20029,161,141,20
20030,101,87,14
20031,130,112,18
20032,52,42,10
20033,202,184,18
20034,63,60,3
20035,276,250,26
20036,378,338,40
20037,379,343,36
20038,73,67,6
20039,157,142,15
20040,117,105,12
20041,216,182,34
20042,135,128,7
20043,40,35,5
20044,284,247,37
20045,259,223,36
20046,513,441,72
20047,268,244,24
20048,187,157,30
20049,915,764,151
20050,221,193,28
20051,64,55,9
20052,898,802,96
20053,159,141,18
20054,156,141,15
20055,308,272,36
20056,196,177,19
20057,249,213,36
20058,598,529,69
20059,143,126,17
20060,671,581,90
20061,157,144,13
20062,38,33,5
20063,185,167,18
20064,234,219,15
20065,441,397,44
20066,197,175,22
20067,82,74,8
20068,174,157,17
20069,118,101,17
20070,343,315,28
20071,183,157,26
20072,83,71,12
20073,467,400,67
20074,242,205,37
20075,311,272,39
20076,156,136,20
20077,500,446,54
20078,251,222,29
20079,153,134,19
20080,128,118,10
20081,233,222,11
20082,197,178,19
20083,216,183,33
20084,189,177,12
20085,482,446,36
20086,193,175,18
20087,95,83,12
20088,259,231,28
20089,186,171,15
20090,359,313,46
20091,186,169,17
20092,197,177,20
20093,270,242,28
20094,218,195,23
20095,147,133,14
20096,605,535,70
20097,140,132,8
20098,325,288,37
20099,286,239,47
20100,367,313,54
20101,118,105,13
20102,331,297,34
20103,298,270,28
20104,348,301,47
20105,233,210,23
20106,167,148,19
20107,153,141,12
20108,241,224,17
20109,287,256,31
20110,191,170,21
20111,169,158,11
20112,182,160,22
20113,590,511,79
20114,138,128,10
20115,140,120,20
20116,545,487,58
20117,131,117,14
20118,203,172,31
20119,104,93,11
20120,109,94,15
20121,310,280,30
20122,217,180,37
20123,251,225,26
20124,149,131,18
20125,161,151,10
20126,106,87,19
20127,336,296,40
20128,127,112,15
20129,179,159,20
20130,145,128,17
20131,133,112,21
20132,507,464,43
20133,105,98,7
20134,190,163,27
20135,369,331,38
20136,307,261,46
20137,324,289,35
20138,558,500,58
20139,591,519,72
20140,100,92,8
20141,140,127,13
20142,158,140,18
20143,296,265,31
20144,336,274,62
20145,369,316,53
20146,154,138,16
20147,235,204,31
20148,148,131,17
20149,353,312,41
20150,159,142,17
20151,214,181,33
20152,116,105,11
20153,131,118,13
20154,440,388,52
20155,149,132,17
20156,213,189,24
20157,423,373,50
20158,164,147,17
20159,303,262,41
20160,824,724,100
20161,308,276,32
20162,114,101,13
20163,123,109,14
20164,139,124,15
20165,114,94,20
20166,286,250,36
20167,157,140,17
20168,120,111,9
20169,536,476,60
20170,244,219,25
20171,120,111,9
20172,209,192,17
20173,231,210,21
20174,120,111,9
20175,417,380,37
20176,415,364,51
20177,121,102,19
20178,560,491,69
20179,145,124,21
20180,262,225,37
20181,190,163,27
20182,297,272,25
20183,193,173,20
20184,690,614,76
20185,190,176,14
20186,228,195,33
20187,200,177,23
20188,324,287,37
20189,360,321,39
20190,545,473,72
20191,652,576,76
20192,307,278,29
20193,76,68,8
20194,43,40,3
20195,174,164,10
20196,368,336,32
20197,145,131,14
20198,51,50,1
20199,498,441,57
20200,199,186,13
20201,117,111,6
20202,313,275,38
20203,137,126,11
20204,141,126,15
20205,291,267,24
20206,142,130,12
20207,100,91,9
20208,146,129,17
20209,90,78,12
20210,445,393,52
20211,563,516,47
20212,280,260,20
20213,262,236,26
20214,124,107,17
20215,138,123,15
20216,302,272,30
20217,164,153,11
20218,435,396,39
20219,238,204,34
20220,190,166,24
20221,285,251,34
20222,138,119,19
20223,94,79,15
20224,423,388,35
20225,106,96,10
20226,105,96,9
20227,538,490,48
20228,395,342,53
20229,173,151,22
20230,153,138,15
20231,66,58,8
20232,109,99,10
20233,340,291,49
20234,110,90,20
20235,178,153,25
20236,114,100,14
20237,46,43,3
20238,145,130,15
20239,157,144,13
20240,214,184,30
20241,459,393,66
20242,1099,949,150
20243,410,360,50
20244,297,254,43
20245,108,102,6
20246,250,217,33
20247,298,257,41
20248,210,186,24
20249,127,112,15
20250,410,349,61
20251,122,113,9
20252,196,174,22
20253,321,284,37
20254,177,154,23
20255,592,500,92
20256,155,141,14
20257,119,104,15
20258,192,167,25
20259,536,466,70
20260,256,228,28
20261,206,181,25
20262,387,337,50
20263,223,201,22
20264,387,336,51
20265,142,120,22
20266,297,267,30
20267,125,116,9
20268,563,515,48
20269,252,231,21
20270,556,501,55
20271,149,133,16
20272,65,57,8
20273,109,100,9
20274,417,372,45
20275,159,134,25
20276,118,108,10
20277,353,310,43
20278,463,409,54
20279,233,207,26
20280,278,239,39
20281,108,99,9
20282,207,182,25
20283,229,199,30
20284,298,259,39
20285,110,102,8
20286,397,352,45
20287,149,128,21
20288,163,146,17
20289,209,182,27
20290,144,137,7
20291,145,133,12
20292,471,421,50
20293,146,130,16
20294,289,265,24
20295,183,171,12
20296,231,200,31
20297,125,115,10
20298,106,98,8
20299,153,137,16
20300,182,163,19
20301,830,730,100
20302,404,357,47
20303,119,105,14
20304,209,182,27
20305,282,254,28
20306,125,109,16
20307,409,360,49
20308,160,142,18
20309,130,118,12
20310,229,203,26
20311,67,58,9
20312,107,95,12
20313,284,246,38
20314,987,875,112
20315,114,104,10
20316,135,118,17
20317,111,101,10
20318,286,254,32
20319,297,278,19
20320,169,152,17
20321,148,134,14
20322,267,248,19
20323,169,150,19
20324,117,103,14
20325,183,151,32
20326,288,251,37
20327,137,127,10
20328,580,518,62
20329,130,114,16
20330,129,118,11
20331,173,151,22
20332,261,240,21
20333,143,130,13
20334,444,409,35
20335,155,138,17
20336,598,526,72
20337,316,275,41
20338,132,119,13
20339,291,254,37
20340,145,130,15
20341,481,423,58
20342,179,159,20
20343,160,144,16
20344,108,97,11
20345,151,129,22
20346,286,246,40
20347,204,183,21
20348,337,295,42
20349,247,216,31
20350,141,123,18
20351,403,366,37
20352,184,165,19
20353,207,188,19
20354,134,118,16
20355,268,249,19
20356,298,259,39
20357,75,70,5
20358,86,73,13
20359,104,90,14
20360,197,176,21
20361,283,254,29
20362,144,119,25
20363,182,162,20
20364,86,76,10
20365,165,142,23
20366,313,274,39
20367,262,236,26
20368,444,400,44
20369,191,165,26
20370,141,123,18
20371,161,144,17
20372,98,85,13
20373,226,202,24
20374,197,179,18
20375,812,716,96
20376,80,74,6
20377,120,108,12
20378,287,258,29
20379,297,265,32
20380,477,432,45
20381,605,541,64
20382,121,101,20
20383,354,318,36
20384,216,189,27
20385,267,248,19
20386,86,75,11
20387,301,270,31
20388,139,117,22
20389,981,876,105
20390,130,121,9
20391,161,140,21
20392,224,199,25
20393,148,127,21
20394,112,95,17
20395,100,91,9
20396,175,161,14
20397,105,93,12
20398,139,130,9
20399,161,147,14
20400,188,168,20
20401,74,69,5
20402,74,68,6
20403,62,55,7
20404,139,127,12
20405,143,121,22
20406,130,123,7
20407,231,204,27
20408,442,400,42
20409,162,132,30
20410,124,118,6
20411,239,212,27
20412,339,311,28
20413,189,173,16
20414,177,158,19
20415,204,173,31
20416,181,166,15
20417,398,359,39
20418,92,84,8
20419,264,239,25
20420,229,205,24
20421,158,147,11
20422,124,113,11
20423,134,121,13
20424,132,121,11
20425,205,171,34
20426,382,339,43
20427,126,112,14
20428,126,112,14
20429,490,457,33
20430,177,156,21
20431,125,122,3
20432,269,248,21
20433,116,102,14
20434,422,381,41
20435,211,186,25
20436,906,822,84
20437,134,126,8
20438,115,108,7
20439,434,375,59
20440,140,128,12
20441,185,173,12
20442,145,133,12
20443,515,445,70
20444,38,34,4
20445,167,152,15
20446,188,164,24
20447,96,86,10
20448,67,59,8
20449,404,366,38
20450,378,329,49
20451,132,119,13
20452,88,72,16
20453,95,83,12
20454,368,321,47
20455,185,165,20
20456,145,130,15
20457,227,207,20
20458,189,169,20
20459,1011,886,125
20460,267,229,38
20461,141,117,24
20462,443,387,56
20463,145,127,18
20464,197,178,19
20465,923,821,102
20466,143,129,14
20467,327,297,30
20468,129,122,7
20469,132,114,18
20470,49,45,4
20471,121,108,13
20472,149,139,10
20473,270,243,27
20474,409,374,35
20475,355,318,37
20476,229,201,28
20477,115,107,8
20478,172,151,21
20479,129,111,18
20480,384,328,56
20481,127,116,11
20482,426,381,45
20483,326,279,47
20484,342,275,67
20485,438,391,47
20486,121,104,17
20487,167,149,18
20488,191,168,23
20489,361,321,40
20490,212,183,29
20491,363,321,42
20492,331,293,38
20493,198,179,19
20494,138,118,20
20495,161,133,28
20496,265,239,26
20497,265,236,29
20498,120,113,7
20499,178,159,19
20500,202,190,12
20501,210,190,20
20502,143,133,10
20503,117,105,12
20504,559,500,59
20505,182,166,16
20506,122,110,12
20507,241,220,21
20508,142,118,24
20509,135,125,10
20510,175,161,14
20511,123,109,14
20512,937,839,98
20513,330,279,51
20514,270,238,32
20515,332,302,30
20516,223,197,26
20517,183,157,26
20518,544,488,56
20519,328,287,41
20520,216,194,22
20521,732,636,96
20522,279,246,33
20523,132,121,11
20524,568,488,80
20525,359,323,36
20526,553,481,72
20527,254,234,20
20528,163,146,17
20529,89,81,8
20530,78,71,7
20531,368,326,42
20532,110,100,10
20533,118,104,14
20534,62,57,5
20535,177,156,21
20536,134,121,13
20537,152,133,19
20538,213,183,30
20539,124,111,13
20540,119,102,17
20541,174,152,22
20542,400,370,30
20543,144,133,11
20544,86,77,9
20545,172,152,20
20546,169,152,17
20547,111,101,10
20548,542,486,56
20549,208,176,32
20550,691,605,86
20551,217,201,16
20552,62,56,6
20553,153,136,17
20554,143,128,15
20555,379,324,55
20556,109,101,8
20557,174,158,16
20558,126,115,11
20559,225,203,22
20560,74,65,9
20561,682,625,57
20562,275,245,30
20563,101,94,7
20564,292,249,43
20565,112,96,16
20566,132,121,11
20567,488,431,57
20568,318,281,37
20569,241,205,36
20570,163,136,27
20571,582,502,80
20572,210,183,27
20573,157,142,15
20574,851,731,120
20575,265,236,29
20576,108,95,13
20577,389,361,28
20578,357,296,61
20579,249,223,26
20580,117,104,13
20581,160,146,14
20582,192,181,11
20583,290,253,37
20584,121,102,19
20585,119,108,11
20586,404,367,37
20587,77,71,6
20588,136,126,10
20589,63,60,3
20590,46,40,6
20591,57,53,4
20592,135,120,15
20593,119,105,14
20594,228,204,24
20595,198,175,23
20596,98,87,11
20597,161,132,29
20598,121,107,14
20599,158,146,12
20600,91,76,15
20601,823,754,69
20602,289,262,27
20603,152,131,21
20604,181,166,15
20605,282,251,31
20606,144,130,14
20607,204,174,30
20608,129,119,10
20609,228,193,35
20610,244,217,27
20611,83,72,11
20612,127,115,12
20613,128,116,12
20614,477,435,42
20615,156,140,16
20616,140,127,13
20617,129,112,17
20618,215,177,38
20619,170,158,12
20620,158,146,12
20621,135,120,15
20622,215,191,24
20623,191,173,18
20624,46,43,3
20625,154,131,23
20626,120,102,18
20627,220,178,42
20628,322,278,44
20629,224,199,25
20630,106,94,12
20631,177,159,18
20632,125,115,10
20633,193,164,29
20634,144,122,22
20635,317,276,41
20636,429,378,51
20637,145,131,14
20638,380,333,47
20639,341,302,39
20640,442,374,68
20641,375,335,40
20642,518,451,67
20643,234,207,27
20644,157,145,12
20645,121,101,20
20646,134,120,14
20647,46,41,5
20648,186,165,21
20649,173,162,11
20650,124,118,6
20651,164,149,15
20652,218,196,22
20653,374,324,50
20654,98,90,8
20655,145,131,14
20656,706,639,67
20657,182,161,21
20658,197,174,23
20659,137,121,16
20660,108,98,10
20661,134,124,10
20662,284,246,38
20663,111,103,8
20664,499,464,35
20665,177,158,19
20666,378,328,50
20667,192,174,18
20668,170,152,18
20669,213,192,21
20670,386,337,49
20671,305,267,38
20672,374,325,49
20673,177,164,13
20674,212,186,26
20675,132,113,19
20676,577,497,80
20677,195,175,20
20678,305,272,33
20679,322,277,45
20680,90,81,9
20681,199,178,21
20682,507,458,49
20683,169,156,13
20684,245,214,31
20685,66,63,3
20686,748,661,87
20687,874,769,105
20688,175,157,18
20689,145,128,17
20690,117,100,17
20691,154,141,13
20692,33,32,1
20693,104,87,17
20694,393,354,39
20695,200,169,31
20696,52,44,8
20697,347,295,52
20698,120,109,11
20699,239,213,26
20700,460,407,53
20701,540,485,55
20702,209,180,29
20703,397,353,44
20704,489,456,33
20705,171,151,20
20706,104,86,18
20707,122,109,13
20708,91,80,11
20709,919,796,123
20710,367,325,42
20711,152,141,11
20712,138,122,16
20713,119,114,5
20714,161,145,16
20715,302,257,45
20716,170,151,19
20717,156,131,25
20718,89,84,5
20719,290,259,31
20720,155,135,20
20721,122,111,11
20722,141,131,10
20723,107,95,12
20724,68,60,8
20725,193,174,19
20726,137,124,13
20727,160,140,20
20728,316,279,37
20729,740,652,88
20730,338,305,33
20731,174,157,17
20732,203,175,28
20733,87,83,4
20734,69,61,8
20735,485,430,55
20736,311,287,24
20737,407,355,52
20738,206,192,14
20739,476,412,64
20740,183,165,18
20741,113,104,9
20742,140,128,12
20743,116,105,11
20744,404,355,49
20745,123,114,9
20746,244,224,20
20747,438,383,55
20748,225,202,23
20749,377,347,30
20750,724,639,85
20751,137,125,12
20752,160,151,9
20753,191,173,18
20754,935,827,108
20755,154,138,16
20756,181,159,22
20757,174,154,20
20758,289,253,36
20759,566,513,53
20760,652,584,68
20761,68,53,15
20762,181,159,22
20763,96,81,15
20764,228,197,31
20765,145,133,12
20766,162,139,23
20767,377,326,51
20768,156,138,18
20769,209,192,17
20770,119,105,14
20771,435,389,46
20772,74,63,11
20773,90,81,9
20774,123,109,14
20775,143,123,20
20776,176,148,28
20777,55,49,6
20778,158,136,22
20779,190,169,21
20780,140,125,15
20781,191,165,26
20782,306,271,35
20783,354,309,45
20784,194,168,26
20785,207,186,21
20786,151,132,19
20787,107,94,13
20788,314,291,23
20789,174,149,25
20790,225,188,37
20791,127,117,10
20792,127,114,13
20793,153,139,14
20794,98,84,14
20795,158,140,18
20796,132,109,23
20797,270,243,27
20798,125,111,14
20799,148,128,20
20800,221,195,26
20801,345,298,47
20802,191,171,20
20803,181,157,24
20804,371,331,40
20805,146,122,24
20806,346,290,56
20807,216,197,19
20808,248,219,29
20809,188,178,10
20810,176,149,27
20811,46,41,5
20812,163,148,15
20813,154,136,18
20814,250,228,22
20815,142,123,19
20816,140,122,18
20817,129,108,21
20818,137,125,12
20819,125,107,18
20820,151,133,18
20821,992,875,117
20822,151,133,18
20823,271,230,41
20824,259,239,20
20825,225,201,24
20826,610,529,81
20827,290,259,31
20828,200,185,15
20829,125,115,10
20830,148,131,17
20831,802,722,80
20832,310,268,42
20833,579,512,67
20834,59,53,6
20835,120,103,17
20836,155,144,11
20837,173,149,24
20838,387,357,30
20839,229,203,26
20840,261,236,25
20841,612,559,53
20842,492,418,74
20843,274,234,40
20844,184,160,24
20845,341,295,46
20846,336,283,53
20847,143,128,15
20848,75,67,8
20849,173,155,18
20850,169,134,35
20851,141,133,8
20852,201,185,16
20853,114,97,17
20854,395,349,46
20855,469,418,51
20856,128,117,11
20857,205,181,24
20858,460,412,48
20859,143,135,8
20860,288,261,27
20861,188,167,21
20862,548,496,52
20863,128,111,17
20864,189,170,19
20865,137,119,18
20866,177,163,14
20867,93,81,12
20868,146,121,25
20869,106,86,20
20870,112,93,19
20871,197,164,33
20872,161,144,17
20873,103,93,10
20874,299,273,26
20875,48,42,6
20876,130,112,18
20877,96,83,13
20878,340,300,40
20879,144,122,22
20880,84,74,10
20881,104,93,11
20882,50,44,6
20883,168,152,16
20884,84,75,9
20885,123,106,17
20886,104,94,10
20887,185,162,23
20888,111,100,11
20889,132,117,15
20890,158,143,15
20891,332,280,52
20892,180,158,22
20893,292,277,15
20894,49,42,7
20895,407,356,51
20896,79,69,10
20897,382,328,54
20898,380,328,52
20899,434,396,38
20900,188,164,24
20901,126,116,10
20902,170,150,20
20903,207,175,32
20904,214,193,21
20905,208,191,17
20906,76,70,6
20907,251,219,32
20908,123,110,13
20909,274,237,37
20910,261,236,25
20911,921,815,106
20912,614,522,92
20913,196,173,23
20914,238,202,36
20915,271,248,23
20916,454,399,55
20917,168,149,19
20918,169,147,22
20919,319,289,30
20920,69,62,7
20921,211,189,22
20922,136,132,4
20923,701,627,74
20924,425,372,53
20925,555,467,88
20926,285,251,34
20927,89,81,8
20928,150,133,17
20929,28,28,0
20930,48,42,6
20931,111,97,14
20932,116,104,12
20933,122,102,20
20934,46,42,4
20935,119,105,14
20936,227,190,37
20937,579,502,77
20938,50,44,6
20939,149,136,13
20940,110,103,7
20941,53,46,7
20942,193,166,27
20943,346,313,33
20944,222,204,18
20945,256,221,35
20946,137,114,23
20947,556,512,44
20948,758,680,78
20949,170,142,28
20950,206,186,20
20951,212,185,27
20952,336,300,36
20953,114,107,7
20954,674,607,67
20955,761,689,72
20956,341,310,31
20957,125,114,11
20958,226,204,22
20959,46,37,9
20960,162,147,15
20961,126,107,19
20962,564,513,51
20963,102,93,9
20964,131,117,14
20965,126,116,10
20966,210,186,24
20967,154,138,16
20968,677,597,80
20969,210,195,15
20970,127,119,8
20971,375,338,37
20972,280,250,30
20973,168,152,16
20974,776,693,83
20975,111,100,11
20976,525,468,57
20977,279,265,14
20978,227,210,17
20979,154,135,19
20980,141,123,18
20981,179,164,15
20982,125,110,15
20983,237,207,30
20984,132,115,17
20985,106,93,13
20986,121,106,15
20987,169,145,24
20988,228,206,22
20989,126,109,17
20990,231,211,20
20991,211,191,20
20992,124,109,15
20993,207,185,22
20994,48,46,2
20995,372,326,46
20996,196,175,21
20997,189,169,20
20998,176,152,24
20999,74,63,11
21000,311,275,36
21001,111,104,7
21002,167,147,20
21003,129,115,14
21004,134,122,12
21005,463,417,46
21006,465,395,70
21007,134,123,11
21008,347,304,43
21009,221,200,21
21010,135,121,14
21011,400,340,60
21012,607,550,57
21013,424,373,51
21014,160,146,14
21015,713,634,79
21016,233,208,25
21017,424,383,41
21018,125,108,17
21019,218,188,30
21020,158,141,17
21021,377,345,32
21022,122,109,13
21023,151,130,21
21024,133,121,12
21025,113,109,4
21026,175,156,19
21027,91,76,15
21028,523,467,56
21029,141,124,17
21030,173,156,17
21031,458,418,40
21032,157,145,12
21033,173,160,13
21034,207,185,22
21035,158,141,17
21036,228,204,24
21037,295,252,43
21038,208,178,30
21039,148,141,7
21040,100,94,6
21041,328,290,38
21042,145,127,18
21043,75,65,10
21044,122,112,10
21045,423,392,31
21046,209,182,27
21047,288,260,28
21048,513,442,71
21049,109,96,13
21050,105,94,11
21051,171,154,17
21052,381,338,43
21053,208,183,25
21054,172,149,23
21055,115,103,12
21056,127,109,18
21057,289,257,32
21058,100,93,7
21059,118,108,10
21060,349,317,32
21061,781,711,70
21062,206,189,17
21063,170,154,16
21064,175,158,17
21065,121,114,7
21066,130,114,16
21067,132,116,16
21068,154,136,18
21069,285,263,22
21070,154,138,16
21071,196,171,25
21072,110,105,5
21073,186,166,20
21074,112,99,13
21075,66,61,5
21076,87,77,10
21077,339,307,32
21078,114,103,11
21079,168,150,18
21080,72,66,6
21081,106,90,16
21082,132,118,14
21083,144,130,14
21084,182,159,23
21085,45,44,1
21086,44,39,5
21087,96,88,8
21088,174,157,17
21089,111,98,13
21090,113,99,14
21091,458,390,68
21092,642,572,70
21093,112,97,15
21094,177,153,24
21095,121,98,23
21096,385,336,49
21097,109,94,15
21098,136,126,10
21099,139,114,25
21100,41,34,7
21101,101,91,10
21102,366,326,40
21103,100,93,7
21104,212,198,14
21105,194,171,23
21106,243,205,38
21107,122,107,15
21108,128,106,22
21109,55,51,4
21110,75,70,5
21111,128,112,16
21112,147,125,22
21113,138,118,20
21114,147,131,16
21115,59,49,10
21116,256,224,32
21117,578,508,70
21118,179,156,23
21119,181,157,24
21120,156,133,23
21121,101,94,7
21122,158,137,21
21123,436,391,45
21124,141,123,18
21125,123,114,9
21126,222,191,31
21127,215,188,27
21128,470,432,38
21129,108,93,15
21130,141,123,18
21131,114,97,17
21132,202,188,14
21133,180,160,20
21134,83,74,9
21135,104,87,17
21136,88,84,4
21137,212,175,37
21138,132,114,18
21139,313,283,30
21140,266,240,26
21141,208,188,20
21142,136,122,14
21143,236,213,23
21144,106,93,13
21145,130,117,13
21146,157,149,8
21147,123,107,16
21148,125,116,9
21149,171,157,14
21150,498,429,69
21151,166,151,15
21152,160,140,20
21153,135,124,11
21154,170,146,24
21155,212,190,22
21156,630,568,62
21157,411,355,56
21158,153,132,21
21159,403,362,41
21160,87,77,10
21161,221,196,25
21162,86,79,7
21163,50,42,8
21164,98,88,10
21165,122,104,18
21166,388,364,24
21167,125,113,12
21168,88,74,14
21169,82,71,11
21170,77,68,9
21171,252,230,22
21172,195,176,19
21173,507,440,67
21174,411,356,55
21175,156,137,19
21176,208,183,25
21177,54,48,6
21178,203,176,27
21179,226,200,26
21180,361,309,52
21181,127,116,11
21182,110,104,6
21183,171,159,12
21184,313,268,45
21185,256,222,34
21186,208,181,27
21187,324,285,39
21188,78,70,8
21189,674,591,83
21190,173,155,18
21191,356,305,51
21192,846,737,109
21193,312,271,41
21194,459,403,56
21195,300,266,34
21196,196,180,16
21197,128,116,12
21198,218,198,20
21199,123,110,13
21200,331,301,30
21201,126,116,10
21202,270,244,26
21203,843,760,83
21204,123,108,15
21205,368,323,45
21206,483,430,53
21207,164,146,18
21208,390,346,44
21209,168,149,19
21210,138,129,9
21211,134,121,13
21212,131,113,18
21213,150,140,10
21214,321,295,26
21215,141,126,15
21216,475,449,26
21217,176,157,19
21218,123,109,14
21219,481,435,46
21220,128,117,11
21221,158,143,15
21222,121,114,7
21223,565,496,69
21224,249,221,28
21225,115,98,17
21226,184,151,33
21227,63,56,7
21228,56,47,9
21229,223,205,18
21230,273,238,35
21231,135,127,8
21232,133,120,13
21233,176,143,33
21234,338,286,52
21235,123,112,11
21236,319,289,30
21237,116,103,13
21238,154,135,19
21239,131,112,19
21240,56,51,5
21241,76,73,3
21242,148,135,13
21243,227,205,22
21244,148,128,20
21245,156,139,17
21246,131,119,12
21247,60,56,4
21248,197,170,27
21249,117,113,4
21250,224,194,30
21251,235,210,25
21252,150,135,15
21253,22,22,0
21254,141,126,15
21255,68,64,4
21256,55,47,8
21257,158,138,20
21258,136,116,20
21259,189,164,25
21260,289,260,29
21261,75,68,7
21262,30,28,2
21263,98,86,12
21264,96,84,12
21265,148,133,15
21266,181,165,16
21267,80,73,7
21268,132,122,10
21269,39,34,5
21270,147,126,21
21271,126,112,14
21272,558,505,53
21273,180,164,16
21274,248,217,31
21275,182,162,20
21276,156,138,18
21277,74,62,12
21278,124,103,21
21279,232,206,26
21280,193,162,31
21281,135,118,17
21282,81,70,11
21283,105,93,12
21284,218,182,36
21285,178,164,14
21286,262,226,36
21287,131,120,11
21288,141,126,15
21289,284,251,33
21290,141,120,21
21291,179,162,17
21292,237,209,28
21293,232,194,38
21294,143,121,22
21295,121,107,14
21296,221,196,25
21297,110,102,8
21298,660,594,66
21299,357,313,44
21300,192,166,26
21301,160,147,13
21302,184,147,37
21303,138,121,17
21304,174,155,19
21305,281,246,35
21306,575,500,75
21307,822,714,108
21308,281,242,39
21309,370,324,46
21310,125,110,15
21311,125,110,15
21312,169,147,22
21313,150,138,12
21314,200,176,24
21315,223,197,26
21316,149,130,19
21317,132,116,16
21318,184,157,27
21319,128,115,13
21320,742,663,79
21321,145,132,13
21322,115,102,13
21323,153,136,17
21324,125,114,11
21325,238,218,20
21326,329,286,43
21327,77,66,11
21328,217,191,26
21329,173,154,19
21330,130,117,13
21331,219,198,21
21332,52,47,5
21333,167,147,20
21334,754,673,81
21335,288,255,33
21336,159,141,18
21337,180,168,12
21338,377,327,50
21339,375,310,65
21340,496,438,58
21341,305,275,30
21342,458,400,58
21343,213,176,37
21344,120,117,3
21345,145,131,14
21346,149,135,14
21347,140,124,16
21348,144,118,26
21349,122,108,14
21350,158,144,14
21351,121,102,19
21352,243,216,27
21353,60,53,7
21354,152,120,32
21355,237,209,28
21356,65,58,7
21357,53,45,8
21358,53,45,8
21359,124,108,16
21360,76,67,9
21361,39,34,5
21362,134,116,18
21363,52,45,7
21364,157,141,16
21365,168,138,30
21366,80,68,12
21367,56,52,4
21368,132,112,20
21369,47,39,8
21370,120,108,12
21371,287,254,33
21372,579,505,74
21373,70,59,11
21374,307,273,34
21375,155,134,21
21376,131,120,11
21377,592,523,69
21378,144,131,13
21379,91,75,16
21380,73,68,5
21381,139,130,9
21382,196,182,14
21383,222,196,26
21384,150,135,15
21385,229,207,22
21386,440,374,66
21387,154,140,14
21388,85,72,13
21389,202,183,19
21390,194,175,19
21391,127,121,6
21392,109,96,13
21393,269,244,25
21394,186,172,14
21395,113,105,8
21396,159,141,18
21397,228,192,36
21398,440,378,62
21399,219,197,22
21400,112,99,13
21401,575,517,58
21402,628,554,74
21403,253,218,35
21404,168,150,18
21405,149,131,18
21406,155,139,16
21407,205,181,24
21408,257,233,24
21409,189,175,14
21410,254,221,33
21411,120,104,16
21412,234,206,28
21413,115,97,18
21414,152,138,14
21415,559,497,62
21416,288,228,60
21417,122,112,10
21418,204,183,21
21419,76,71,5
21420,160,143,17
21421,222,199,23
21422,127,115,12
21423,75,70,5
21424,246,213,33
21425,122,111,11
21426,61,54,7
21427,187,173,14
21428,96,83,13
21429,127,117,10
21430,277,249,28
21431,157,146,11
21432,115,109,6
21433,366,333,33
21434,117,111,6
21435,119,114,5
21436,111,100,11
21437,305,277,28
21438,149,136,13
21439,119,106,13
21440,224,197,27
21441,135,121,14
21442,284,258,26
21443,576,502,74
21444,177,155,22
21445,226,203,23
21446,134,122,12
21447,122,101,21
21448,140,128,12
21449,164,140,24
21450,325,272,53
21451,207,185,22
21452,188,172,16
21453,323,276,47
21454,151,137,14
21455,250,223,27
21456,284,257,27
21457,231,207,24
21458,105,96,9
21459,172,145,27
21460,229,200,29
21461,126,112,14
21462,112,99,13
21463,111,100,11
21464,146,130,16
21465,228,208,20
21466,132,119,13
21467,117,108,9
21468,93,85,8
21469,121,107,14
21470,138,121,17
21471,124,114,10
21472,357,320,37
21473,113,97,16
21474,216,202,14
21475,290,258,32
21476,196,175,21
21477,121,103,18
21478,201,182,19
21479,59,53,6
21480,178,156,22
21481,266,234,32
21482,698,614,84
21483,154,137,17
21484,411,366,45
21485,382,330,52
21486,130,119,11
21487,246,216,30
21488,62,57,5
21489,897,786,111
21490,77,66,11
21491,249,220,29
21492,253,216,37
21493,82,76,6
21494,63,57,6
21495,358,322,36
21496,224,204,20
21497,135,123,12
21498,131,120,11
21499,6,6,0
21500,330,280,50
21501,127,114,13
21502,258,223,35
21503,44,35,9
21504,132,120,12
21505,387,342,45
21506,95,82,13
21507,106,93,13
21508,384,347,37
21509,1024,895,129
21510,117,110,7
21511,62,57,5
21512,119,106,13
21513,473,413,60
21514,131,113,18
21515,130,112,18
21516,159,141,18
21517,222,194,28
21518,142,132,10
21519,387,347,40
21520,49,44,5
21521,129,110,19
21522,113,97,16
21523,129,119,10
21524,244,215,29
21525,157,142,15
21526,164,153,11
21527,914,824,90
21528,198,182,16
21529,189,168,21
21530,625,548,77
21531,185,158,27
21532,295,263,32
21533,289,259,30
21534,130,122,8
21535,281,249,32
21536,113,99,14
21537,134,119,15
21538,88,78,10
21539,252,226,26
21540,116,108,8
21541,174,156,18
21542,422,366,56
21543,124,112,12
21544,58,55,3
21545,214,186,28
21546,65,58,7
21547,139,119,20
21548,164,145,19
21549,225,205,20
21550,597,539,58
21551,184,160,24
21552,138,121,17
21553,115,103,12
21554,165,148,17
21555,290,255,35
21556,150,134,16
21557,164,144,20
21558,161,141,20
21559,120,100,20
21560,269,251,18
21561,104,98,6
21562,233,217,16
21563,461,412,49
21564,424,374,50
21565,328,272,56
21566,288,246,42
21567,161,150,11
21568,181,160,21
21569,223,199,24
21570,104,91,13
21571,117,104,13
21572,536,458,78
21573,218,189,29
21574,225,180,45
21575,188,167,21
21576,96,91,5
21577,54,48,6
21578,418,376,42
21579,297,261,36
21580,290,263,27
21581,359,319,40
21582,221,183,38
21583,419,374,45
21584,586,519,67
21585,340,299,41
21586,434,384,50
21587,195,171,24
21588,102,94,8
21589,57,50,7
21590,359,322,37
21591,243,217,26
21592,144,124,20
21593,436,385,51
21594,286,248,38
21595,261,229,32
21596,130,119,11
21597,129,118,11
21598,818,746,72
21599,150,132,18
21600,154,137,17
21601,202,174,28
21602,266,227,39
21603,444,389,55
21604,141,126,15
21605,112,105,7
21606,126,105,21
21607,42,37,5
21608,168,148,20
21609,310,281,29
21610,282,258,24
21611,193,166,27
21612,116,105,11
21613,191,165,26
21614,127,109,18
21615,143,125,18
21616,290,254,36
21617,153,139,14
21618,119,105,14
21619,201,187,14
21620,75,69,6
21621,156,138,18
21622,772,688,84
21623,210,187,23
21624,210,190,20
21625,172,151,21
21626,318,274,44
21627,459,395,64
21628,389,335,54
21629,256,229,27
21630,126,100,26
21631,267,237,30
21632,419,376,43
21633,287,257,30
21634,693,612,81
21635,328,271,57
21636,377,318,59
21637,995,885,110
21638,374,341,33
21639,545,478,67
21640,174,157,17
21641,188,167,21
21642,57,54,3
21643,135,124,11
21644,155,143,12
21645,140,127,13
21646,601,526,75
21647,157,136,21
21648,120,110,10
21649,331,297,34
21650,80,74,6
21651,160,141,19
21652,85,71,14
21653,234,211,23
21654,139,123,16
21655,122,112,10
21656,202,180,22
21657,136,126,10
21658,176,164,12
21659,173,163,10
21660,145,128,17
21661,309,276,33
21662,552,486,66
21663,418,359,59
21664,157,135,22
21665,292,259,33
21666,327,273,54
21667,83,75,8
21668,55,50,5
21669,176,162,14
21670,88,79,9
21671,128,111,17
21672,129,115,14
21673,277,252,25
21674,40,39,1
21675,133,111,22
21676,135,122,13
21677,405,348,57
21678,476,407,69
21679,52,44,8
21680,143,124,19
21681,106,95,11
21682,249,231,18
21683,79,72,7
21684,103,95,8
21685,161,141,20
21686,410,367,43
21687,131,116,15
21688,259,227,32
21689,167,142,25
21690,149,136,13
21691,374,328,46
21692,161,145,16
21693,71,65,6
21694,457,401,56
21695,132,118,14
21696,99,83,16
21697,96,90,6
21698,126,112,14
21699,162,145,17
21700,128,116,12
21701,294,267,27
21702,191,176,15
21703,119,106,13
21704,422,374,48
21705,9,6,3
21706,82,78,4
21707,411,373,38
21708,199,175,24
21709,134,117,17
21710,34,30,4
21711,662,590,72
21712,180,156,24
21713,101,86,15
21714,127,110,17
21715,197,179,18
21716,76,57,19
21717,228,203,25
21718,499,429,70
21719,174,152,22
21720,465,416,49
21721,98,89,9
21722,210,182,28
21723,254,224,30
21724,328,290,38
21725,127,111,16
21726,160,147,13
21727,119,109,10
21728,147,132,15
21729,327,289,38
21730,124,108,16
21731,904,788,116
21732,143,127,16
21733,98,86,12
21734,204,183,21
21735,342,292,50
21736,1021,883,138
21737,195,166,29
21738,176,160,16
21739,179,159,20
21740,239,218,21
21741,133,112,21
21742,99,84,15
21743,170,159,11
21744,171,151,20
21745,208,184,24
21746,172,150,22
21747,263,230,33
21748,172,152,20
21749,193,171,22
21750,236,214,22
21751,401,359,42
21752,119,98,21
21753,168,150,18
21754,344,304,40
21755,173,148,25
21756,232,200,32
21757,191,173,18
21758,273,233,40
21759,424,362,62
21760,213,187,26
21761,43,38,5
21762,402,357,45
21763,199,180,19
21764,163,134,29
21765,110,101,9
21766,314,266,48
21767,455,392,63
21768,691,616,75
21769,150,130,20
21770,58,55,3
21771,175,162,13
21772,192,172,20
21773,112,101,11
21774,67,61,6
21775,67,57,10
21776,363,325,38
21777,606,544,62
21778,132,120,12
21779,82,75,7
21780,132,124,8
21781,116,104,12
21782,126,112,14
21783,107,100,7
21784,399,364,35
21785,169,157,12
21786,255,228,27
21787,144,125,19
21788,899,790,109
21789,210,196,14
21790,157,142,15
21791,56,48,8
21792,164,146,18
21793,464,424,40
21794,130,118,12
21795,228,205,23
21796,194,172,22
21797,130,116,14
21798,246,228,18
21799,134,115,19
21800,211,194,17
21801,203,175,28
21802,288,263,25
21803,160,143,17
21804,223,195,28
21805,376,335,41
21806,462,414,48
21807,122,109,13
21808,274,249,25
21809,180,171,9
21810,194,157,37
21811,164,140,24
21812,129,110,19
21813,352,311,41
21814,316,280,36
21815,542,491,51
21816,347,309,38
21817,406,341,65
21818,357,317,40
21819,130,118,12
21820,185,168,17
21821,117,102,15
21822,229,191,38
21823,267,238,29
21824,784,704,80
21825,47,39,8
21826,118,109,9
21827,151,136,15
21828,131,115,16
21829,231,202,29
21830,157,145,12
21831,248,220,28
21832,281,229,52
21833,105,98,7
21834,204,179,25
21835,197,176,21
21836,144,135,9
21837,125,112,13
21838,146,129,17
21839,96,88,8
21840,338,296,42
21841,165,139,26
21842,417,380,37
21843,167,144,23
21844,198,172,26
21845,127,113,14
21846,137,118,19
21847,126,111,15
21848,252,226,26
21849,137,125,12
21850,454,398,56
21851,148,127,21
21852,130,111,19
21853,225,194,31
21854,113,101,12
21855,43,38,5
21856,525,479,46
21857,142,125,17
21858,122,108,14
21859,130,116,14
21860,207,178,29
21861,376,334,42
21862,162,144,18
21863,212,191,21
21864,128,114,14
21865,68,61,7
21866,201,186,15
21867,324,292,32
21868,100,89,11
21869,53,47,6
21870,87,81,6
21871,201,176,25
21872,112,99,13
21873,134,122,12
21874,186,172,14
21875,105,94,11
21876,130,119,11
21877,240,220,20
21878,216,191,25
21879,350,293,57
21880,156,139,17
21881,152,131,21
21882,144,128,16
21883,311,280,31
21884,145,127,18
21885,124,113,11
21886,268,237,31
21887,111,97,14
21888,638,561,77
21889,85,79,6
21890,137,126,11
21891,127,114,13
21892,112,100,12
21893,131,117,14
21894,144,125,19
21895,232,208,24
21896,321,287,34
21897,221,192,29
21898,655,577,78
21899,231,202,29
21900,221,188,33
21901,312,279,33
21902,250,216,34
21903,133,121,12
21904,193,177,16
21905,139,117,22
21906,969,857,112
21907,515,479,36
21908,541,464,77
21909,662,582,80
21910,237,205,32
21911,128,107,21
21912,167,157,10
21913,179,161,18
21914,452,399,53
21915,161,146,15
21916,56,50,6
21917,160,145,15
21918,151,126,25
21919,242,209,33
21920,360,316,44
21921,167,141,26
21922,168,157,11
21923,233,207,26
21924,378,336,42
21925,143,126,17
21926,241,215,26
21927,467,417,50
21928,141,126,15
21929,137,125,12
21930,147,131,16
21931,153,142,11
21932,198,181,17
21933,524,472,52
21934,130,118,12
21935,559,522,37
21936,115,96,19
21937,147,124,23
21938,128,112,16
21939,197,172,25
21940,782,694,88
21941,161,144,17
21942,371,325,46
21943,1033,895,138
21944,72,61,11
21945,588,512,76
21946,345,308,37
21947,166,144,22
21948,114,103,11
21949,621,555,66
21950,123,109,14
21951,222,195,27
21952,201,179,22
21953,340,317,23
21954,127,114,13
21955,185,168,17
21956,601,540,61
21957,86,76,10
21958,114,103,11
21959,550,476,74
21960,791,690,101
21961,124,117,7
21962,164,146,18
21963,122,114,8
21964,114,101,13
21965,119,99,20
21966,260,229,31
21967,115,101,14
21968,111,99,12
21969,413,361,52
21970,193,175,18
21971,146,133,13
21972,155,128,27
21973,349,315,34
21974,287,256,31
21975,172,146,26
21976,262,233,29
21977,362,314,48
21978,103,96,7
21979,173,153,20
21980,481,431,50
21981,235,214,21
21982,136,125,11
21983,202,180,22
21984,145,133,12
21985,176,153,23
21986,324,289,35
21987,355,322,33
21988,300,265,35
21989,262,234,28
21990,340,300,40
21991,157,139,18
21992,170,154,16
21993,140,131,9
21994,151,123,28
21995,150,127,23
21996,153,132,21
21997,315,282,33
21998,377,336,41
21999,368,324,44
22000,288,259,29
22001,256,225,31
22002,209,184,25
22003,114,105,9
22004,223,197,26
22005,192,176,16
22006,108,94,14
22007,90,82,8
22008,135,120,15
22009,814,679,135
22010,130,120,10
22011,166,144,22
22012,101,94,7
22013,79,70,9
22014,383,347,36
22015,155,131,24
22016,360,326,34
22017,559,477,82
22018,151,131,20
22019,149,129,20
22020,246,211,35
22021,156,133,23
22022,127,114,13
22023,255,228,27
22024,120,106,14
22025,123,109,14
22026,132,114,18
22027,103,88,15
22028,191,173,18
22029,77,73,4
22030,73,66,7
22031,371,324,47
22032,367,329,38
22033,131,117,14
22034,108,93,15
22035,563,490,73
22036,141,125,16
22037,125,114,11
22038,145,126,19
22039,664,569,95
22040,102,94,8
22041,99,88,11
22042,133,115,18
22043,285,244,41
22044,138,119,19
22045,123,103,20
22046,126,116,10
22047,136,122,14
22048,213,189,24
22049,294,277,17
22050,296,266,30
22051,197,176,21
22052,160,146,14
22053,180,161,19
22054,263,229,34
22055,193,166,27
22056,152,140,12
22057,182,161,21
22058,1021,929,92
22059,125,114,11
22060,328,290,38
22061,323,260,63
22062,189,163,26
22063,208,177,31
22064,190,170,20
22065,67,59,8
22066,1008,904,104
22067,97,83,14
22068,259,232,27
22069,207,178,29
22070,112,103,9
22071,243,197,46
22072,123,115,8
22073,314,285,29
22074,288,260,28
22075,1021,897,124
22076,164,140,24
22077,141,126,15
22078,133,116,17
22079,245,214,31
22080,245,213,32
22081,205,186,19
22082,457,410,47
22083,279,249,30
22084,155,146,9
22085,237,216,21
22086,79,68,11
22087,325,294,31
22088,264,242,22
22089,159,143,16
22090,230,204,26
22091,232,213,19
22092,148,137,11
22093,154,142,12
22094,158,144,14
22095,120,111,9
22096,51,47,4
22097,78,71,7
22098,371,302,69
22099,96,77,19
22100,109,97,12
22101,169,139,30
22102,255,224,31
22103,742,660,82
22104,536,465,71
22105,233,207,26
22106,312,263,49
22107,372,338,34
22108,141,117,24
22109,164,153,11
22110,421,359,62
22111,188,171,17
22112,304,264,40
22113,292,267,25
22114,550,479,71
22115,122,99,23
22116,157,141,16
22117,228,197,31
22118,425,376,49
22119,463,416,47
22120,470,404,66
22121,126,110,16
22122,206,171,35
22123,73,64,9
22124,288,264,24
22125,249,214,35
22126,322,288,34
22127,162,146,16
22128,206,183,23
22129,109,100,9
22130,152,136,16
22131,339,301,38
22132,133,119,14
22133,367,319,48
22134,169,143,26
22135,257,224,33
22136,169,154,15
22137,766,670,96
22138,278,250,28
22139,45,43,2
22140,67,62,5
22141,157,145,12
22142,259,232,27
22143,121,105,16
22144,137,122,15
22145,116,102,14
22146,133,118,15
22147,130,113,17
22148,144,128,16
22149,560,498,62
22150,142,128,14
22151,131,112,19
22152,308,257,51
22153,261,221,40
22154,165,146,19
22155,300,267,33
22156,423,371,52
22157,210,186,24
22158,162,134,28
22159,382,331,51
22160,156,138,18
22161,223,204,19
22162,1021,913,108
22163,414,360,54
22164,602,530,72
22165,141,124,17
22166,148,127,21
22167,104,91,13
22168,103,94,9
22169,185,170,15
22170,149,137,12
22171,140,131,9
22172,471,426,45
22173,135,125,10
22174,85,79,6
22175,266,240,26
22176,223,197,26
22177,91,81,10
22178,183,164,19
22179,85,74,11
22180,105,90,15
22181,115,99,16
22182,115,103,12
22183,194,166,28
22184,109,95,14
22185,79,74,5
22186,136,121,15
22187,144,130,14
22188,199,180,19
22189,193,168,25
22190,134,117,17
22191,175,157,18
22192,184,163,21
22193,298,272,26
22194,447,393,54
22195,385,342,43
22196,362,328,34
22197,141,124,17
22198,174,150,24
22199,116,106,10
22200,124,116,8
22201,173,158,15
22202,206,191,15
22203,117,109,8
22204,665,611,54
22205,267,238,29
22206,140,133,7
22207,269,232,37
22208,128,119,9
22209,401,354,47
22210,327,295,32
22211,202,187,15
22212,140,126,14
22213,376,325,51
22214,153,133,20
22215,155,135,20
22216,82,71,11
22217,43,40,3
22218,267,237,30
22219,129,117,12
22220,609,536,73
22221,156,135,21
22222,220,199,21
22223,236,207,29
22224,179,162,17
22225,137,112,25
22226,447,404,43
22227,170,148,22
22228,206,186,20
22229,413,361,52
22230,178,161,17
22231,215,186,29
22232,149,125,24
22233,145,129,16
22234,240,219,21
22235,214,191,23
22236,551,487,64
22237,151,134,17
22238,716,629,87
22239,125,114,11
22240,132,118,14
22241,834,762,72
22242,543,483,60
22243,224,198,26
22244,56,48,8
22245,222,197,25
22246,172,150,22
22247,128,115,13
22248,161,145,16
22249,627,556,71
22250,400,343,57
22251,664,592,72
22252,650,589,61
22253,133,111,22
22254,136,117,19
22255,61,55,6
22256,135,125,10
22257,109,100,9
22258,268,233,35
22259,242,222,20
22260,287,256,31
22261,83,71,12
22262,489,425,64
22263,209,182,27
22264,236,212,24
22265,166,143,23
22266,108,98,10
22267,217,196,21
22268,104,94,10
22269,58,51,7
22270,191,174,17
22271,673,574,99
22272,182,169,13
22273,245,221,24
22274,96,80,16
22275,240,204,36
22276,156,136,20
22277,151,129,22
22278,126,115,11
22279,489,424,65
22280,205,182,23
22281,98,88,10
22282,128,115,13
22283,124,115,9
22284,488,421,67
22285,53,46,7
22286,50,44,6
22287,60,55,5
22288,107,86,21
22289,100,78,22
22290,367,309,58
22291,275,253,22
22292,346,323,23
22293,129,113,16
22294,192,170,22
22295,194,177,17
22296,278,247,31
22297,207,185,22
22298,225,207,18
22299,212,189,23
22300,75,67,8
22301,159,146,13
22302,206,176,30
22303,776,686,90
22304,157,143,14
22305,112,100,12
22306,119,112,7
22307,139,132,7
22308,150,134,16
22309,54,51,3
22310,138,124,14
22311,65,57,8
22312,136,124,12
22313,154,136,18
22314,432,402,30
22315,462,411,51
22316,617,561,56
22317,217,189,28
22318,380,341,39
22319,348,309,39
22320,195,173,22
22321,148,140,8
22322,68,61,7
22323,294,269,25
22324,163,133,30
22325,315,278,37
22326,126,107,19
22327,292,255,37
22328,321,287,34
22329,134,116,18
22330,376,324,52
22331,387,341,46
22332,193,172,21
22333,222,189,33
22334,161,139,22
22335,276,241,35
22336,233,210,23
22337,261,236,25
22338,134,118,16
22339,142,130,12
22340,223,197,26
22341,213,192,21
22342,51,47,4
22343,89,77,12
22344,205,181,24
22345,241,210,31
22346,400,347,53
22347,120,110,10
22348,156,142,14
22349,131,115,16
22350,109,98,11
22351,223,193,30
22352,441,357,84
22353,133,116,17
22354,160,143,17
22355,619,539,80
22356,124,108,16
22357,289,254,35
22358,410,353,57
22359,445,395,50
22360,152,145,7
22361,40,39,1
22362,205,183,22
22363,31,25,6
22364,72,63,9
22365,114,102,12
22366,62,58,4
22367,188,169,19
22368,68,58,10
22369,186,157,29
22370,671,608,63
22371,352,316,36
22372,113,100,13
22373,456,368,88
22374,249,215,34
22375,152,127,25
22376,92,78,14
22377,226,195,31
22378,898,756,142
22379,357,311,46
22380,715,636,79
22381,280,243,37
22382,138,122,16
22383,168,144,24
22384,130,117,13
22385,114,101,13
22386,178,167,11
22387,156,136,20
22388,273,238,35
22389,212,185,27
22390,110,96,14
22391,241,211,30
22392,146,131,15
22393,215,195,20
22394,168,155,13
22395,128,119,9
22396,177,157,20
22397,95,83,12
22398,180,163,17
22399,128,117,11
22400,242,216,26
22401,139,123,16
22402,227,195,32
22403,46,39,7
22404,120,102,18
22405,957,861,96
22406,241,210,31
22407,452,411,41
22408,195,176,19
22409,259,223,36
22410,403,357,46
22411,427,358,69
22412,260,241,19
22413,274,229,45
22414,321,279,42
22415,1013,878,135
22416,413,356,57
22417,157,140,17
22418,105,95,10
22419,400,342,58
22420,135,117,18
22421,255,223,32
22422,68,56,12
22423,181,156,25
22424,116,101,15
22425,157,143,14
22426,526,471,55
22427,125,113,12
22428,54,51,3
22429,297,260,37
22430,151,134,17
22431,197,178,19
22432,418,374,44
22433,333,309,24
22434,143,123,20
22435,229,201,28
22436,125,112,13
22437,410,362,48
22438,763,661,102
22439,138,127,11
22440,178,159,19
22441,439,391,48
22442,159,141,18
22443,56,51,5
22444,126,108,18
22445,276,245,31
22446,523,479,44
22447,233,187,46
22448,318,281,37
22449,231,208,23
22450,469,425,44
22451,499,438,61
22452,152,132,20
22453,228,203,25
22454,144,128,16
22455,215,193,22
22456,152,136,16
22457,542,474,68
22458,186,163,23
22459,204,180,24
22460,266,237,29
22461,201,178,23
22462,124,102,22
22463,188,162,26
22464,133,122,11
22465,187,164,23
22466,134,119,15
22467,125,116,9
22468,130,118,12
22469,163,151,12
22470,988,887,101
22471,335,296,39
22472,322,277,45
22473,453,395,58
22474,370,326,44
22475,255,227,28
22476,246,216,30
22477,255,232,23
22478,198,176,22
22479,142,126,16
22480,354,319,35
22481,1012,904,108
22482,113,101,12
22483,158,135,23
22484,159,148,11
22485,327,293,34
22486,111,105,6
22487,169,145,24
22488,115,100,15
22489,226,208,18
22490,282,253,29
22491,129,119,10
22492,214,182,32
22493,219,194,25
22494,52,45,7
22495,702,623,79
22496,88,78,10
22497,213,185,28
22498,74,64,10
22499,135,124,11
22500,285,252,33
22501,93,82,11
22502,721,642,79
22503,590,509,81
22504,140,126,14
22505,197,168,29
22506,96,84,12
22507,272,243,29
22508,34,32,2
22509,116,111,5
22510,234,207,27
22511,297,269,28
22512,131,117,14
22513,252,228,24
22514,165,147,18
22515,304,278,26
22516,100,91,9
22517,169,154,15
22518,179,162,17
22519,308,279,29
22520,138,124,14
22521,363,324,39
22522,281,252,29
22523,147,133,14
22524,133,116,17
22525,134,123,11
22526,269,238,31
22527,356,322,34
22528,160,138,22
22529,105,93,12
22530,197,182,15
22531,146,125,21
22532,84,80,4
22533,176,161,15
22534,328,299,29
22535,115,105,10
22536,220,192,28
22537,160,144,16
22538,293,269,24
22539,110,93,17
22540,136,122,14
22541,271,228,43
22542,177,162,15
22543,340,303,37
22544,345,308,37
22545,501,447,54
22546,488,434,54
22547,167,150,17
22548,129,119,10
22549,153,133,20
22550,46,42,4
22551,81,74,7
22552,133,113,20
22553,347,310,37
22554,545,486,59
22555,152,125,27
22556,154,134,20
22557,171,142,29
22558,244,208,36
22559,155,118,37
22560,217,192,25
22561,132,115,17
22562,115,106,9
22563,157,140,17
22564,124,105,19
22565,221,202,19
22566,173,157,16
22567,63,58,5
22568,78,70,8
22569,1041,909,132
22570,144,132,12
22571,167,157,10
22572,199,189,10
22573,238,215,23
22574,281,253,28
22575,316,282,34
22576,191,171,20
22577,144,131,13
22578,366,336,30
22579,211,182,29
22580,169,155,14
22581,158,141,17
22582,121,118,3
22583,202,181,21
22584,147,127,20
22585,157,138,19
22586,298,252,46
22587,131,111,20
22588,480,425,55
22589,179,159,20
22590,252,220,32
22591,132,116,16
22592,46,40,6
22593,33,30,3
22594,149,130,19
22595,116,95,21
22596,181,151,30
22597,79,63,16
22598,438,388,50
22599,85,73,12
22600,111,93,18
22601,168,154,14
22602,94,84,10
22603,158,140,18
22604,197,176,21
22605,250,219,31
22606,175,157,18
22607,161,134,27
22608,211,171,40
22609,225,197,28
22610,312,269,43
22611,280,242,38
22612,398,346,52
22613,75,61,14
22614,257,216,41
22615,108,94,14
22616,224,195,29
22617,171,138,33
22618,212,177,35
22619,262,222,40
22620,134,117,17
22621,565,478,87
22622,193,157,36
22623,758,685,73
22624,113,104,9
22625,86,78,8
22626,131,117,14
22627,277,254,23
22628,161,146,15
22629,443,405,38
22630,161,147,14
22631,125,115,10
22632,80,72,8
22633,118,107,11
22634,113,101,12
22635,135,121,14
22636,189,174,15
22637,358,324,34
22638,113,55,58
22639,156,138,18
22640,275,245,30
22641,215,185,30
22642,209,186,23
22643,229,213,16
22644,166,141,25
22645,194,179,15
22646,129,115,14
22647,247,222,25
22648,559,513,46
22649,414,365,49
22650,396,330,66
22651,61,51,10
22652,340,293,47
22653,126,110,16
22654,185,154,31
22655,198,178,20
22656,135,128,7
22657,113,96,17
22658,137,130,7
22659,181,161,20
22660,181,160,21
22661,136,127,9
22662,129,116,13
22663,147,131,16
22664,129,115,14
22665,35,34,1
22666,116,107,9
22667,175,156,19
22668,120,116,4
22669,175,158,17
22670,217,194,23
22671,145,133,12
22672,143,129,14
22673,162,148,14
22674,233,217,16
22675,240,216,24
22676,147,130,17
22677,387,347,40
22678,202,165,37
22679,302,272,30
22680,65,52,13
22681,65,52,13
22682,123,111,12
22683,123,112,11
22684,159,143,16
22685,300,267,33
22686,103,89,14
22687,380,338,42
22688,111,104,7
22689,243,202,41
22690,277,245,32
22691,152,130,22
22692,209,176,33
22693,178,165,13
22694,983,848,135
22695,360,314,46
22696,241,217,24
22697,53,45,8
22698,423,373,50
22699,240,215,25
22700,240,215,25
22701,250,219,31
22702,159,143,16
22703,140,129,11
22704,539,474,65
22705,137,122,15
22706,252,236,16
22707,143,127,16
22708,150,139,11
22709,416,373,43
22710,607,547,60
22711,146,133,13
22712,191,173,18
22713,548,487,61
22714,155,145,10
22715,725,636,89
22716,215,174,41
22717,161,144,17
22718,359,319,40
22719,119,107,12
22720,183,160,23
22721,146,131,15
22722,216,188,28
22723,292,268,24
22724,267,230,37
22725,430,397,33
22726,138,121,17
22727,171,142,29
22728,116,111,5
22729,205,178,27
22730,451,401,50
22731,788,709,79
22732,261,226,35
22733,171,164,7
22734,542,494,48
22735,411,352,59
22736,322,287,35
22737,77,66,11
22738,268,234,34
22739,159,138,21
22740,420,369,51
22741,117,105,12
22742,396,367,29
22743,335,304,31
22744,681,611,70
22745,202,179,23
22746,144,121,23
22747,203,181,22
22748,65,55,10
22749,219,188,31
22750,108,102,6
22751,208,189,19
22752,343,298,45
22753,555,503,52
22754,123,112,11
22755,145,128,17
22756,198,176,22
22757,153,133,20
22758,160,148,12
22759,50,44,6
22760,163,157,6
22761,207,183,24
22762,262,228,34
22763,715,638,77
22764,165,143,22
22765,47,44,3
22766,122,111,11
22767,85,78,7
22768,93,89,4
22769,89,78,11
22770,183,167,16
22771,142,129,13
22772,626,560,66
22773,203,179,24
22774,119,107,12
22775,819,719,100
22776,148,134,14
22777,209,178,31
22778,139,126,13
22779,70,63,7
22780,132,112,20
22781,87,81,6
22782,146,126,20
22783,164,145,19
22784,157,133,24
22785,318,287,31
22786,149,139,10
22787,56,52,4
22788,123,109,14
22789,153,133,20
22790,36,31,5
22791,186,168,18
22792,151,142,9
22793,168,148,20
22794,174,156,18
22795,113,103,10
22796,116,103,13
22797,151,128,23
22798,132,121,11
22799,987,872,115
22800,313,275,38
22801,136,123,13
22802,283,229,54
22803,97,81,16
22804,120,107,13
22805,119,107,12
22806,539,466,73
22807,75,72,3
22808,104,93,11
22809,46,42,4
22810,40,34,6
22811,322,284,38
22812,215,201,14
22813,184,160,24
22814,73,64,9
22815,248,215,33
22816,401,341,60
22817,209,177,32
22818,116,109,7
22819,136,115,21
22820,295,255,40
22821,129,119,10
22822,253,225,28
22823,263,238,25
22824,104,92,12
22825,188,166,22
22826,388,345,43
22827,93,86,7
22828,45,41,4
22829,238,211,27
22830,240,207,33
22831,253,222,31
22832,211,192,19
22833,114,100,14
22834,1004,856,148
22835,142,125,17
22836,155,136,19
22837,138,118,20
22838,327,297,30
22839,956,863,93
22840,197,176,21
22841,118,106,12
22842,279,240,39
22843,124,109,15
22844,769,694,75
22845,156,134,22
22846,395,357,38
22847,206,187,19
22848,163,146,17
22849,128,111,17
22850,82,77,5
22851,124,114,10
22852,165,153,12
22853,46,41,5
22854,123,116,7
22855,143,131,12
22856,111,97,14
22857,946,806,140
22858,1118,1010,108
22859,114,95,19
22860,177,161,16
22861,53,46,7
22862,134,123,11
22863,240,215,25
22864,119,111,8
22865,185,165,20
22866,585,534,51
22867,562,513,49
22868,220,194,26
22869,75,68,7
22870,59,53,6
22871,48,44,4
22872,71,65,6
22873,507,435,72
22874,144,124,20
22875,177,155,22
22876,180,154,26
22877,34,30,4
22878,88,80,8
22879,55,49,6
22880,132,116,16
22881,73,62,11
22882,113,102,11
22883,412,377,35
22884,213,185,28
22885,178,156,22
22886,117,108,9
22887,72,65,7
22888,50,43,7
22889,332,294,38
22890,227,205,22
22891,122,105,17
22892,239,201,38
22893,334,293,41
22894,233,202,31
22895,116,103,13
22896,134,116,18
22897,132,110,22
22898,304,277,27
22899,148,130,18
22900,150,130,20
22901,142,128,14
22902,218,195,23
22903,149,125,24
22904,230,201,29
22905,125,118,7
22906,206,178,28
22907,300,260,40
22908,254,236,18
22909,393,335,58
22910,285,255,30
22911,137,119,18
22912,142,131,11
22913,137,116,21
22914,132,124,8
22915,201,182,19
22916,796,716,80
22917,536,473,63
22918,322,294,28
22919,192,165,27
22920,460,406,54
22921,103,90,13
22922,228,203,25
22923,290,257,33
22924,185,165,20
22925,338,288,50
22926,241,212,29
22927,300,248,52
22928,681,586,95
22929,166,147,19
22930,139,120,19
22931,550,481,69
22932,175,151,24
22933,191,164,27
22934,352,310,42
22935,110,88,22
22936,198,178,20
22937,346,312,34
22938,91,79,12
22939,152,133,19
22940,142,127,15
22941,564,475,89
22942,146,132,14
22943,83,72,11
22944,332,294,38
22945,148,134,14
22946,155,140,15
22947,366,317,49
22948,126,117,9
22949,177,167,10
22950,480,438,42
22951,235,209,26
22952,473,410,63
22953,157,141,16
22954,233,210,23
22955,965,865,100
22956,200,184,16
22957,59,54,5
22958,150,134,16
22959,89,79,10
22960,611,534,77
22961,299,268,31
22962,424,396,28
22963,178,153,25
22964,845,732,113
22965,79,67,12
22966,395,349,46
22967,228,208,20
22968,181,149,32
22969,323,282,41
22970,125,114,11
22971,107,93,14
22972,335,300,35
22973,102,94,8
22974,359,324,35
22975,201,182,19
22976,124,108,16
22977,137,123,14
22978,277,254,23
22979,147,134,13
22980,35,29,6
22981,160,145,15
22982,194,178,16
22983,89,80,9
22984,59,50,9
22985,135,123,12
22986,131,111,20
22987,65,61,4
22988,137,123,14
22989,315,288,27
22990,145,131,14
22991,173,157,16
22992,206,180,26
22993,292,270,22
22994,273,241,32
22995,141,132,9
22996,61,54,7
22997,161,147,14
22998,39,34,5
22999,339,303,36
23000,354,310,44
23001,168,139,29
23002,397,347,50
23003,108,93,15
23004,217,180,37
23005,699,617,82
23006,391,339,52
23007,292,260,32
23008,172,145,27
23009,142,126,16
23010,70,65,5
23011,257,219,38
23012,226,197,29
23013,127,118,9
23014,177,165,12
23015,755,660,95
23016,390,346,44
23017,155,138,17
23018,314,271,43
23019,86,78,8
23020,153,128,25
23021,248,224,24
23022,287,255,32
23023,844,730,114
23024,157,133,24
23025,401,362,39
23026,866,780,86
23027,376,317,59
23028,666,609,57
23029,93,80,13
23030,171,157,14
23031,374,333,41
23032,144,131,13
23033,255,233,22
23034,168,153,15
23035,373,330,43
23036,125,110,15
23037,308,269,39
23038,211,178,33
23039,362,320,42
23040,137,119,18
23041,155,140,15
23042,277,249,28
23043,81,74,7
23044,161,142,19
23045,145,128,17
23046,238,201,37
23047,170,150,20
23048,482,437,45
23049,343,299,44
23050,101,90,11
23051,139,132,7
23052,279,241,38
23053,118,103,15
23054,197,173,24
23055,283,248,35
23056,210,192,18
23057,437,378,59
23058,126,115,11
23059,78,74,4
23060,59,52,7
23061,295,258,37
23062,125,110,15
23063,100,82,18
23064,159,138,21
23065,162,145,17
23066,130,118,12
23067,171,155,16
23068,65,54,11
23069,305,273,32
23070,418,379,39
23071,122,116,6
23072,224,196,28
23073,255,227,28
23074,288,255,33
23075,195,175,20
23076,111,100,11
23077,156,136,20
23078,221,193,28
23079,221,193,28
23080,156,141,15
23081,112,96,16
23082,112,103,9
23083,601,551,50
23084,141,122,19
23085,409,348,61
23086,147,131,16
23087,134,124,10
23088,140,123,17
23089,125,118,7
23090,632,553,79
23091,116,102,14
23092,507,461,46
23093,239,206,33
23094,231,199,32
23095,199,173,26
23096,281,248,33
23097,331,278,53
23098,273,241,32
23099,82,74,8
23100,659,589,70
23101,260,230,30
23102,90,78,12
23103,125,106,19
23104,277,248,29
23105,229,197,32
23106,206,190,16
23107,194,179,15
23108,319,266,53
23109,126,113,13
23110,127,114,13
23111,41,35,6
23112,142,119,23
23113,268,232,36
23114,250,217,33
23115,549,497,52
23116,114,100,14
23117,424,375,49
23118,154,135,19
23119,206,188,18
23120,212,191,21
23121,174,143,31
23122,187,171,16
23123,293,264,29
23124,143,127,16
23125,166,145,21
23126,698,620,78
23127,282,250,32
23128,235,202,33
23129,242,218,24
23130,152,140,12
23131,766,674,92
23132,426,389,37
23133,748,646,102
23134,143,119,24
23135,513,448,65
23136,284,240,44
23137,616,547,69
23138,115,102,13
23139,236,218,18
23140,267,226,41
23141,285,258,27
23142,90,81,9
23143,81,75,6
23144,238,213,25
23145,280,248,32
23146,130,115,15
23147,578,499,79
23148,117,102,15
23149,123,112,11
23150,117,104,13
23151,315,278,37
23152,33,28,5
23153,349,317,32
23154,191,168,23
23155,50,41,9
23156,110,98,12
23157,65,60,5
23158,90,86,4
23159,139,131,8
23160,843,763,80
23161,157,143,14
23162,158,137,21
23163,169,152,17
23164,141,122,19
23165,211,181,30
23166,553,506,47
23167,598,510,88
23168,157,130,27
23169,134,120,14
23170,275,246,29
23171,210,177,33
23172,301,257,44
23173,326,299,27
23174,101,84,17
23175,176,157,19
23176,217,186,31
23177,375,317,58
23178,198,171,27
23179,535,455,80
23180,291,245,46
23181,180,157,23
23182,247,222,25
23183,77,72,5
23184,619,549,70
23185,401,350,51
23186,721,612,109
23187,212,192,20
23188,306,267,39
23189,163,146,17
23190,212,191,21
23191,311,265,46
23192,168,150,18
23193,140,124,16
23194,332,285,47
23195,137,124,13
23196,171,145,26
23197,108,99,9
23198,292,251,41
23199,107,94,13
23200,444,403,41
23201,184,156,28
23202,228,212,16
23203,64,60,4
23204,136,123,13
23205,247,221,26
23206,259,231,28
23207,158,139,19
23208,129,119,10
23209,419,371,48
23210,169,145,24
23211,131,117,14
23212,204,184,20
23213,175,158,17
23214,306,268,38
23215,134,118,16
23216,376,331,45
23217,330,303,27
23218,215,196,19
23219,309,280,29
23220,237,208,29
23221,196,176,20
23222,417,369,48
23223,193,163,30
23224,382,345,37
23225,245,208,37
23226,34,32,2
23227,185,171,14
23228,68,65,3
23229,596,542,54
23230,240,209,31
23231,188,161,27
23232,983,858,125
23233,234,208,26
23234,136,120,16
23235,123,116,7
23236,280,238,42
23237,147,132,15
23238,118,106,12
23239,63,52,11
23240,188,171,17
23241,107,90,17
23242,224,197,27
23243,204,186,18
23244,194,163,31
23245,645,578,67
23246,178,147,31
23247,141,122,19
23248,164,145,19
23249,449,397,52
23250,177,162,15
23251,242,218,24
23252,100,85,15
23253,227,199,28
23254,215,184,31
23255,130,120,10
23256,198,176,22
23257,395,364,31
23258,190,173,17
23259,288,251,37
23260,124,108,16
23261,534,469,65
23262,124,108,16
23263,155,141,14
23264,56,53,3
23265,68,61,7
23266,104,92,12
23267,244,219,25
23268,346,302,44
23269,143,132,11
23270,263,242,21
23271,185,169,16
23272,248,216,32
23273,125,110,15
23274,128,110,18
23275,102,88,14
23276,214,182,32
23277,100,96,4
23278,746,649,97
23279,130,113,17
23280,330,298,32
23281,239,205,34
23282,435,394,41
23283,154,131,23
23284,268,241,27
23285,438,386,52
23286,192,162,30
23287,114,98,16
23288,64,56,8
23289,191,169,22
23290,176,160,16
23291,299,270,29
23292,233,218,15
23293,304,262,42
23294,401,358,43
23295,156,134,22
23296,117,106,11
23297,168,147,21
23298,136,129,7
23299,167,153,14
23300,175,159,16
23301,145,125,20
23302,594,510,84
23303,561,495,66
23304,284,255,29
23305,255,222,33
23306,148,129,19
23307,479,432,47
23308,130,111,19
23309,148,133,15
23310,197,173,24
23311,150,130,20
23312,161,147,14
23313,318,282,36
23314,329,293,36
23315,165,143,22
23316,165,137,28
23317,219,198,21
23318,150,134,16
23319,211,195,16
23320,82,73,9
23321,184,171,13
23322,643,554,89
23323,246,222,24
23324,413,367,46
23325,106,95,11
23326,182,162,20
23327,187,165,22
23328,132,115,17
23329,130,113,17
23330,128,112,16
23331,118,103,15
23332,222,200,22
23333,126,119,7
23334,206,189,17
23335,160,147,13
23336,305,275,30
23337,156,143,13
23338,201,174,27
23339,152,137,15
23340,294,262,32
23341,238,206,32
23342,171,156,15
23343,131,119,12
23344,86,74,12
23345,132,119,13
23346,360,331,29
23347,294,256,38
23348,196,171,25
23349,458,416,42
23350,179,157,22
23351,187,164,23
23352,191,170,21
23353,431,376,55
23354,476,406,70
23355,51,47,4
23356,108,96,12
23357,142,130,12
23358,144,129,15
23359,164,146,18
23360,212,194,18
23361,231,206,25
23362,135,116,19
23363,237,204,33
23364,303,276,27
23365,191,171,20
23366,839,754,85
23367,545,476,69
23368,454,412,42
23369,191,173,18
23370,643,561,82
23371,270,241,29
23372,510,451,59
23373,392,343,49
23374,735,674,61
23375,150,134,16
23376,220,203,17
23377,358,302,56
23378,360,314,46
23379,333,295,38
23380,133,121,12
23381,220,188,32
23382,137,118,19
23383,139,121,18
23384,294,256,38
23385,230,199,31
23386,587,510,77
23387,255,225,30
23388,374,315,59
23389,200,172,28
23390,74,66,8
23391,121,109,12
23392,189,168,21
23393,92,84,8
23394,234,209,25
23395,263,234,29
23396,256,227,29
23397,182,163,19
23398,244,210,34
23399,115,102,13
23400,144,128,16
23401,118,103,15
23402,124,107,17
23403,119,107,12
23404,416,374,42
23405,151,136,15
23406,166,147,19
23407,172,152,20
23408,242,206,36
23409,279,246,33
23410,177,163,14
23411,793,702,91
23412,150,139,11
23413,153,140,13
23414,466,414,52
23415,130,117,13
23416,527,473,54
23417,248,215,33
23418,112,97,15
23419,350,315,35
23420,374,335,39
23421,193,163,30
23422,149,135,14
23423,237,204,33
23424,61,53,8
23425,136,122,14
23426,67,62,5
23427,89,84,5
23428,112,105,7
23429,175,152,23
23430,188,169,19
23431,432,362,70
23432,264,245,19
23433,184,151,33
23434,174,158,16
23435,45,39,6
23436,196,176,20
23437,157,144,13
23438,147,128,19
23439,547,491,56
23440,225,198,27
23441,101,87,14
23442,49,38,11
23443,203,186,17
23444,977,837,140
23445,324,289,35
23446,58,54,4
23447,641,554,87
23448,178,159,19
23449,393,339,54
23450,204,187,17
23451,165,146,19
23452,484,429,55
23453,140,120,20
23454,82,76,6
23455,220,202,18
23456,210,187,23
23457,152,142,10
23458,173,145,28
23459,241,225,16
23460,140,124,16
23461,327,284,43
23462,99,87,12
23463,174,157,17
23464,298,259,39
23465,116,100,16
23466,171,140,31
23467,8,8,0
23468,121,109,12
23469,169,146,23
23470,128,122,6
23471,88,81,7
23472,139,125,14
23473,158,142,16
23474,340,296,44
23475,159,132,27
23476,197,174,23
23477,389,352,37
23478,174,153,21
23479,151,132,19
23480,88,78,10
23481,131,116,15
23482,514,456,58
23483,247,215,32
23484,140,128,12
23485,219,184,35
23486,306,272,34
23487,181,168,13
23488,330,299,31
23489,120,108,12
23490,54,48,6
23491,95,81,14
23492,141,124,17
23493,267,235,32
23494,785,700,85
23495,225,186,39
23496,377,324,53
23497,83,77,6
23498,386,352,34
23499,295,263,32
23500,147,133,14
23501,153,141,12
23502,154,144,10
23503,153,140,13
23504,208,184,24
23505,198,170,28
23506,114,96,18
23507,173,152,21
23508,148,131,17
23509,846,755,91
23510,164,152,12
23511,138,109,29
23512,233,205,28
23513,254,223,31
23514,595,525,70
23515,147,126,21
23516,232,199,33
23517,276,243,33
23518,118,104,14
23519,110,96,14
23520,109,94,15
23521,148,125,23
23522,285,251,34
23523,143,127,16
23524,207,180,27
23525,194,171,23
23526,180,161,19
23527,255,216,39
23528,208,185,23
23529,167,146,21
23530,122,108,14
23531,910,829,81
23532,268,245,23
23533,339,289,50
23534,81,70,11
23535,71,66,5
23536,239,209,30
23537,248,218,30
23538,257,226,31
23539,631,573,58
23540,152,137,15
23541,134,119,15
23542,119,106,13
23543,600,518,82
23544,302,267,35
23545,34,33,1
23546,78,72,6
23547,230,200,30
23548,120,107,13
23549,171,148,23
23550,179,161,18
23551,467,416,51
23552,330,304,26
23553,326,295,31
23554,22,19,3
23555,123,114,9
23556,188,169,19
23557,139,120,19
23558,130,118,12
23559,131,118,13
23560,294,255,39
23561,264,236,28
23562,328,288,40
23563,162,147,15
23564,161,142,19
23565,203,182,21
23566,145,119,26
23567,475,420,55
23568,511,452,59
23569,153,136,17
23570,201,178,23
23571,130,114,16
23572,142,125,17
23573,150,134,16
23574,168,149,19
23575,122,109,13
23576,112,100,12
23577,141,128,13
23578,393,351,42
23579,198,177,21
23580,59,55,4
23581,427,378,49
23582,100,83,17
23583,146,133,13
23584,61,55,6
23585,377,315,62
23586,87,76,11
23587,208,185,23
23588,81,75,6
23589,217,191,26
23590,251,219,32
23591,413,357,56
23592,173,154,19
23593,707,627,80
23594,362,321,41
23595,137,125,12
23596,536,476,60
23597,124,107,17
23598,278,254,24
23599,86,78,8
23600,115,105,10
23601,140,112,28
23602,102,95,7
23603,71,63,8
23604,116,103,13
23605,280,258,22
23606,245,216,29
23607,111,94,17
23608,150,132,18
23609,604,524,80
23610,578,499,79
23611,332,297,35
23612,132,120,12
23613,138,126,12
23614,138,118,20
23615,85,76,9
23616,404,362,42
23617,310,274,36
23618,273,237,36
23619,305,262,43
23620,155,136,19
23621,157,135,22
23622,512,463,49
23623,228,197,31
23624,337,301,36
23625,118,103,15
23626,208,185,23
23627,267,230,37
23628,128,114,14
23629,118,106,12
23630,251,221,30
23631,134,122,12
23632,247,222,25
23633,119,110,9
23634,312,279,33
23635,39,33,6
23636,190,171,19
23637,133,121,12
23638,397,349,48
23639,227,214,13
23640,792,704,88
23641,200,178,22
23642,266,240,26
23643,172,157,15
23644,186,167,19
23645,268,240,28
23646,96,91,5
23647,119,103,16
23648,254,229,25
23649,251,227,24
23650,307,265,42
23651,292,259,33
23652,804,700,104
23653,114,98,16
23654,134,123,11
23655,143,128,15
23656,251,220,31
23657,1016,898,118
23658,833,768,65
23659,316,284,32
23660,151,134,17
23661,273,251,22
23662,953,853,100
23663,248,221,27
23664,265,229,36
23665,258,234,24
23666,317,277,40
23667,350,323,27
23668,172,162,10
23669,146,129,17
23670,231,214,17
23671,120,101,19
23672,143,131,12
23673,100,96,4
23674,167,149,18
23675,127,112,15
23676,155,140,15
23677,152,141,11
23678,189,178,11
23679,529,474,55
23680,143,129,14
23681,890,801,89
23682,679,597,82
23683,247,216,31
23684,507,445,62
23685,330,294,36
23686,230,205,25
23687,179,154,25
23688,323,280,43
23689,419,370,49
23690,181,157,24
23691,203,182,21
23692,170,147,23
23693,363,324,39
23694,425,363,62
23695,325,287,38
23696,291,269,22
23697,386,349,37
23698,738,667,71
23699,244,216,28
23700,994,904,90
23701,778,681,97
23702,135,126,9
23703,206,194,12
23704,570,511,59
23705,677,604,73
23706,211,191,20
23707,183,167,16
23708,318,276,42
23709,170,156,14
23710,132,120,12
23711,137,116,21
23712,282,251,31
23713,142,117,25
23714,107,98,9
23715,135,109,26
23716,201,179,22
23717,157,144,13
23718,118,105,13
23719,127,113,14
23720,581,521,60
23721,141,128,13
23722,327,299,28
23723,669,597,72
23724,718,645,73
23725,378,339,39
23726,190,169,21
23727,193,166,27
23728,35,33,2
23729,91,83,8
23730,89,77,12
23731,218,189,29
23732,45,44,1
23733,69,61,8
23734,50,42,8
23735,159,139,20
23736,130,113,17
23737,137,120,17
23738,373,327,46
23739,128,116,12
23740,43,39,4
23741,99,89,10
23742,93,79,14
23743,184,162,22
23744,198,176,22
23745,133,114,19
23746,194,168,26
23747,220,195,25
23748,448,412,36
23749,109,101,8
23750,803,713,90
23751,572,499,73
23752,227,197,30
23753,190,171,19
23754,250,219,31
23755,317,273,44
23756,647,561,86
23757,177,153,24
23758,502,451,51
23759,116,104,12
23760,65,60,5
23761,417,338,79
23762,275,248,27
23763,216,196,20
23764,220,202,18
23765,171,153,18
23766,216,197,19
23767,206,180,26
23768,145,128,17
23769,156,137,19
23770,182,158,24
23771,453,409,44
23772,165,143,22
23773,110,97,13
23774,115,99,16
23775,211,179,32
23776,169,150,19
23777,45,41,4
23778,376,341,35
23779,187,167,20
23780,225,196,29
23781,356,312,44
23782,157,137,20
23783,141,126,15
23784,147,135,12
23785,128,115,13
23786,118,102,16
23787,324,304,20
23788,111,96,15
23789,138,114,24
23790,241,204,37
23791,262,226,36
23792,135,115,20
23793,314,281,33
23794,124,112,12
23795,124,105,19
23796,647,586,61
23797,847,759,88
23798,212,189,23
23799,399,318,81
23800,191,174,17
23801,241,204,37
23802,422,372,50
23803,134,119,15
23804,148,128,20
23805,332,290,42
23806,161,145,16
23807,426,374,52
23808,144,122,22
23809,240,218,22
23810,713,629,84
23811,143,132,11
23812,111,93,18
23813,475,428,47
23814,82,73,9
23815,136,122,14
23816,213,189,24
23817,180,161,19
23818,130,114,16
23819,187,168,19
23820,159,144,15
23821,444,386,58
23822,123,106,17
23823,224,197,27
23824,267,248,19
23825,126,106,20
23826,471,420,51
23827,719,630,89
23828,166,154,12
23829,127,117,10
23830,277,249,28
23831,96,91,5
23832,115,109,6
23833,366,333,33
23834,117,111,6
23835,119,114,5
23836,111,100,11
23837,305,277,28
23838,149,136,13
23839,216,193,23
23840,181,157,24
23841,371,341,30
23842,194,173,21
23843,173,160,13
23844,118,98,20
23845,56,45,11
23846,169,147,22
23847,206,176,30
23848,142,127,15
23849,194,165,29
23850,232,206,26
23851,115,98,17
23852,119,106,13
23853,998,886,112
23854,174,155,19
23855,92,80,12
23856,442,391,51
23857,536,483,53
23858,245,217,28
23859,109,92,17
23860,155,145,10
23861,262,232,30
23862,127,114,13
23863,136,126,10
23864,273,243,30
23865,61,55,6
23866,202,171,31
23867,93,85,8
23868,124,106,18
23869,140,130,10
23870,150,129,21
23871,150,134,16
23872,332,298,34
23873,187,169,18
23874,311,275,36
23875,173,155,18
23876,157,146,11
23877,346,311,35
23878,216,188,28
23879,304,277,27
23880,279,257,22
23881,322,292,30
23882,361,316,45
23883,161,145,16
23884,400,349,51
23885,121,106,15
23886,58,53,5
23887,105,91,14
23888,212,191,21
23889,177,155,22
23890,168,142,26
23891,309,271,38
23892,188,164,24
23893,232,203,29
23894,120,103,17
23895,123,114,9
23896,45,40,5
23897,133,119,14
23898,215,185,30
23899,96,83,13
23900,149,135,14
23901,271,236,35
23902,321,276,45
23903,314,278,36
23904,586,518,68
23905,136,121,15
23906,755,676,79
23907,258,234,24
23908,148,125,23
23909,243,220,23
23910,74,68,6
23911,113,101,12
23912,516,451,65
23913,97,90,7
23914,72,61,11
23915,194,167,27
23916,285,241,44
23917,95,81,14
23918,144,118,26
23919,380,309,71
23920,301,247,54
23921,435,379,56
23922,92,76,16
23923,159,142,17
23924,560,491,69
23925,1000,890,110
23926,539,467,72
23927,245,227,18
23928,166,155,11
23929,158,146,12
23930,272,244,28
23931,430,371,59
23932,107,94,13
23933,139,123,16
23934,119,107,12
23935,139,124,15
23936,164,149,15
23937,411,353,58
23938,125,111,14
23939,193,165,28
23940,162,146,16
23941,147,128,19
23942,155,135,20
23943,194,173,21
23944,373,324,49
23945,668,567,101
23946,371,315,56
23947,316,281,35
23948,827,734,93
23949,223,202,21
23950,194,171,23
23951,184,164,20
23952,94,78,16
23953,77,63,14
23954,159,145,14
23955,61,58,3
23956,125,106,19
23957,332,292,40
23958,172,152,20
23959,281,258,23
23960,386,355,31
23961,134,124,10
23962,542,470,72
23963,134,119,15
23964,115,101,14
23965,30,29,1
23966,298,260,38
23967,163,140,23
23968,189,161,28
23969,129,112,17
23970,271,245,26
23971,327,301,26
23972,211,187,24
23973,141,128,13
23974,147,135,12
23975,75,66,9
23976,159,145,14
23977,191,174,17
23978,330,290,40
23979,249,218,31
23980,98,89,9
23981,313,273,40
23982,1008,880,128
23983,194,170,24
23984,304,260,44
23985,101,95,6
23986,261,229,32
23987,96,87,9
23988,228,194,34
23989,141,124,17
23990,224,193,31
23991,143,129,14
23992,94,73,21
23993,65,59,6
23994,117,111,6
23995,345,307,38
23996,218,196,22
23997,147,124,23
23998,186,156,30
23999,242,213,29
24000,423,357,66
24001,54,47,7
24002,62,56,6
24003,40,35,5
24004,173,159,14
24005,99,85,14
24006,231,209,22
24007,136,124,12
24008,211,192,19
24009,385,344,41
24010,218,197,21
24011,142,121,21
24012,300,270,30
24013,106,91,15
24014,127,117,10
24015,176,156,20
24016,226,196,30
24017,218,204,14
24018,128,111,17
24019,124,114,10
24020,179,166,13
24021,92,88,4
24022,575,513,62
24023,334,302,32
24024,222,199,23
24025,1017,892,125
24026,318,268,50
24027,176,162,14
24028,237,208,29
24029,484,421,63
24030,114,105,9
24031,188,162,26
24032,142,128,14
24033,546,489,57
24034,306,269,37
24035,133,119,14
24036,108,90,18
24037,124,102,22
24038,135,119,16
24039,123,101,22
24040,277,247,30
24041,255,234,21
24042,316,263,53
24043,104,94,10
24044,430,373,57
24045,330,279,51
24046,268,234,34
24047,216,196,20
24048,130,115,15
24049,361,316,45
24050,323,277,46
24051,182,161,21
24052,178,164,14
24053,392,331,61
24054,151,134,17
24055,186,166,20
24056,316,285,31
24057,160,147,13
24058,255,222,33
24059,631,516,115
24060,117,102,15
24061,120,111,9
24062,248,222,26
24063,86,77,9
24064,112,105,7
24065,175,150,25
24066,101,94,7
24067,115,106,9
24068,304,274,30
24069,284,252,32
24070,290,255,35
24071,137,129,8
24072,494,435,59
24073,148,129,19
24074,128,115,13
24075,49,45,4
24076,350,305,45
24077,191,162,29
24078,241,201,40
24079,221,199,22
24080,170,159,11
24081,105,96,9
24082,158,144,14
24083,61,54,7
24084,147,129,18
24085,86,78,8
24086,126,112,14
24087,98,86,12
24088,157,131,26
24089,270,243,27
24090,111,103,8
24091,160,139,21
24092,203,191,12
24093,115,100,15
24094,127,111,16
24095,182,157,25
24096,197,166,31
24097,346,319,27
24098,262,231,31
24099,168,148,20
24100,144,129,15
24101,154,135,19
24102,155,143,12
24103,130,118,12
24104,365,322,43
24105,153,134,19
24106,356,316,40
24107,127,114,13
24108,136,128,8
24109,140,124,16
24110,514,450,64
24111,91,81,10
24112,228,204,24
24113,72,70,2
24114,105,95,10
24115,244,217,27
24116,134,122,12
24117,107,93,14
24118,175,154,21
24119,351,315,36
24120,417,374,43
24121,135,126,9
24122,99,90,9
24123,403,357,46
24124,124,111,13
24125,235,215,20
24126,160,137,23
24127,152,136,16
24128,111,104,7
24129,158,146,12
24130,166,150,16
24131,405,362,43
24132,125,112,13
24133,394,350,44
24134,81,67,14
24135,42,38,4
24136,40,34,6
24137,198,170,28
24138,101,85,16
24139,293,263,30
24140,165,144,21
24141,197,172,25
24142,345,306,39
24143,190,174,16
24144,163,138,25
24145,112,101,11
24146,54,50,4
24147,135,117,18
24148,126,112,14
24149,122,109,13
24150,374,333,41
24151,258,240,18
24152,289,261,28
24153,99,87,12
24154,203,174,29
24155,282,254,28
24156,174,154,20
24157,479,423,56
24158,185,167,18
24159,810,695,115
24160,126,109,17
24161,246,207,39
24162,170,150,20
24163,151,129,22
24164,118,105,13
24165,417,374,43
24166,131,116,15
24167,154,139,15
24168,580,503,77
24169,680,570,110
24170,286,257,29
24171,204,186,18
24172,931,820,111
24173,155,142,13
24174,186,163,23
24175,839,746,93
24176,404,360,44
24177,102,86,16
24178,120,108,12
24179,220,193,27
24180,104,93,11
24181,816,699,117
24182,195,168,27
24183,140,121,19
24184,412,357,55
24185,183,162,21
24186,256,215,41
24187,901,784,117
24188,335,294,41
24189,62,53,9
24190,147,125,22
24191,170,157,13
24192,132,124,8
24193,391,331,60
24194,482,437,45
24195,130,111,19
24196,79,66,13
24197,158,130,28
24198,386,345,41
24199,571,496,75
24200,130,113,17
24201,155,141,14
24202,165,149,16
24203,65,57,8
24204,241,206,35
24205,133,120,13
24206,181,169,12
24207,169,148,21
24208,398,359,39
24209,225,205,20
24210,200,178,22
24211,354,314,40
24212,304,257,47
24213,191,164,27
24214,161,145,16
24215,378,340,38
24216,137,116,21
24217,137,122,15
24218,148,122,26
24219,242,222,20
24220,230,202,28
24221,168,149,19
24222,164,143,21
24223,402,354,48
24224,177,153,24
24225,380,337,43
24226,198,183,15
24227,183,160,23
24228,127,111,16
24229,127,115,12
24230,120,106,14
24231,73,64,9
24232,161,151,10
24233,133,119,14
24234,124,110,14
24235,129,115,14
24236,207,177,30
24237,381,345,36
24238,101,97,4
24239,209,187,22
24240,168,152,16
24241,267,232,35
24242,132,110,22
24243,244,222,22
24244,235,212,23
24245,403,354,49
24246,333,302,31
24247,507,438,69
24248,130,110,20
24249,136,126,10
24250,536,478,58
24251,155,134,21
24252,109,98,11
24253,144,129,15
24254,891,775,116
24255,251,228,23
24256,432,384,48
24257,236,209,27
24258,264,220,44
24259,130,115,15
24260,365,319,46
24261,698,593,105
24262,244,211,33
24263,117,105,12
24264,267,232,35
24265,159,135,24
24266,142,131,11
24267,350,316,34
24268,129,120,9
24269,157,134,23
24270,48,42,6
24271,52,47,5
24272,604,525,79
24273,369,332,37
24274,259,226,33
24275,279,245,34
24276,124,113,11
24277,126,114,12
24278,175,147,28
24279,166,143,23
24280,57,52,5
24281,175,151,24
24282,480,394,86
24283,208,182,26
24284,171,150,21
24285,585,528,57
24286,261,226,35
24287,158,140,18
24288,118,108,10
24289,174,156,18
24290,477,426,51
24291,297,266,31
24292,381,328,53
24293,192,172,20
24294,52,49,3
24295,178,164,14
24296,123,114,9
24297,217,194,23
24298,202,184,18
24299,192,173,19
24300,395,355,40
24301,183,151,32
24302,140,123,17
24303,207,187,20
24304,197,177,20
24305,188,163,25
24306,112,101,11
24307,143,119,24
24308,308,271,37
24309,350,315,35
24310,165,139,26
24311,154,142,12
24312,144,125,19
24313,173,149,24
24314,134,122,12
24315,123,114,9
24316,171,155,16
24317,160,146,14
24318,125,111,14
24319,107,98,9
24320,177,159,18
24321,74,63,11
24322,123,113,10
24323,55,50,5
24324,54,47,7
24325,78,72,6
24326,123,114,9
24327,238,218,20
24328,124,118,6
24329,99,83,16
24330,136,118,18
24331,140,116,24
24332,208,189,19
24333,152,138,14
24334,222,191,31
24335,104,95,9
24336,320,283,37
24337,143,121,22
24338,530,467,63
24339,693,610,83
24340,177,155,22
24341,170,148,22
24342,145,118,27
24343,137,118,19
24344,182,170,12
24345,133,117,16
24346,246,228,18
24347,152,127,25
24348,248,228,20
24349,129,120,9
24350,200,176,24
24351,191,172,19
24352,198,164,34
24353,104,88,16
24354,121,105,16
24355,649,593,56
24356,163,137,26
24357,176,159,17
24358,143,133,10
24359,82,71,11
24360,192,182,10
24361,72,64,8
24362,176,163,13
24363,185,170,15
24364,583,527,56
24365,130,120,10
24366,107,98,9
24367,105,88,17
24368,167,135,32
24369,587,503,84
24370,128,117,11
24371,176,155,21
24372,95,89,6
24373,277,247,30
24374,412,367,45
24375,132,121,11
24376,139,125,14
24377,118,113,5
24378,116,107,9
24379,123,110,13
24380,122,112,10
24381,249,220,29
24382,157,144,13
24383,179,160,19
24384,158,133,25
24385,124,110,14
24386,139,121,18
24387,234,215,19
24388,167,157,10
24389,126,115,11
24390,62,52,10
24391,106,95,11
24392,144,130,14
24393,157,131,26
24394,390,352,38
24395,75,70,5
24396,174,158,16
24397,78,68,10
24398,234,206,28
24399,152,140,12
24400,171,155,16
24401,463,410,53
24402,131,118,13
24403,244,218,26
24404,206,163,43
24405,149,134,15
24406,536,474,62
24407,300,265,35
24408,195,167,28
24409,308,285,23
24410,127,108,19
24411,146,128,18
24412,197,170,27
24413,458,404,54
24414,145,128,17
24415,163,149,14
24416,164,145,19
24417,182,162,20
24418,166,157,9
24419,150,141,9
24420,206,189,17
24421,196,177,19
24422,52,47,5
24423,121,110,11
24424,203,184,19
24425,124,111,13
24426,139,129,10
24427,205,189,16
24428,124,113,11
24429,389,343,46
24430,126,115,11
24431,53,48,5
24432,226,200,26
24433,202,178,24
24434,790,679,111
24435,50,43,7
24436,124,112,12
24437,157,130,27
24438,235,207,28
24439,235,208,27
24440,141,122,19
24441,123,111,12
24442,40,37,3
24443,158,143,15
24444,127,119,8
24445,113,98,15
24446,163,145,18
24447,106,92,14
24448,167,148,19
24449,224,203,21
24450,224,202,22
24451,421,370,51
24452,67,58,9
24453,178,159,19
24454,139,125,14
24455,916,766,150
24456,265,233,32
24457,130,118,12
24458,199,175,24
24459,68,59,9
24460,98,91,7
24461,83,73,10
24462,190,168,22
24463,85,78,7
24464,128,117,11
24465,155,137,18
24466,177,149,28
24467,87,78,9
24468,163,147,16
24469,179,151,28
24470,281,243,38
24471,109,95,14
24472,165,147,18
24473,382,341,41
24474,304,259,45
24475,44,39,5
24476,108,94,14
24477,140,119,21
24478,146,131,15
24479,175,157,18
24480,72,66,6
24481,474,418,56
24482,729,651,78
24483,178,159,19
24484,127,112,15
24485,132,116,16
24486,200,179,21
24487,298,252,46
24488,142,122,20
24489,211,190,21
24490,161,145,16
24491,82,76,6
24492,228,199,29
24493,300,264,36
24494,942,858,84
24495,252,232,20
24496,431,375,56
24497,204,180,24
24498,78,70,8
24499,231,206,25
24500,55,52,3
24501,161,143,18
24502,215,193,22
24503,43,38,5
24504,47,42,5
24505,232,203,29
24506,111,93,18
24507,324,288,36
24508,191,156,35
24509,58,53,5
24510,121,105,16
24511,195,175,20
24512,107,88,19
24513,495,424,71
24514,423,388,35
24515,106,96,10
24516,105,96,9
24517,538,490,48
24518,395,342,53
24519,125,109,16
24520,105,94,11
24521,121,108,13
24522,70,59,11
24523,88,77,11
24524,349,301,48
24525,112,98,14
24526,280,247,33
24527,218,184,34
24528,250,214,36
24529,567,512,55
24530,35,32,3
24531,370,338,32
24532,208,185,23
24533,515,450,65
24534,293,252,41
24535,226,203,23
24536,135,115,20
24537,148,129,19
24538,122,102,20
24539,207,186,21
24540,802,702,100
24541,222,201,21
24542,334,289,45
24543,142,128,14
24544,154,141,13
24545,869,782,87
24546,189,175,14
24547,196,181,15
24548,434,391,43
24549,459,399,60
24550,171,150,21
24551,93,83,10
24552,637,570,67
24553,117,107,10
24554,404,356,48
24555,234,216,18
24556,192,179,13
24557,46,42,4
24558,61,56,5
24559,256,217,39
24560,499,452,47
24561,141,129,12
24562,310,284,26
24563,141,129,12
24564,199,182,17
24565,308,270,38
24566,144,131,13
24567,126,115,11
24568,635,584,51
24569,425,367,58
24570,193,167,26
24571,127,114,13
24572,149,126,23
24573,275,255,20
24574,119,114,5
24575,75,69,6
24576,67,60,7
24577,201,187,14
24578,243,197,46
24579,299,269,30
24580,147,126,21
24581,143,124,19
24582,340,299,41
24583,149,133,16
24584,306,269,37
24585,278,237,41
24586,899,785,114
24587,293,260,33
24588,149,137,12
24589,219,194,25
24590,195,177,18
24591,87,77,10
24592,188,158,30
24593,237,204,33
24594,111,100,11
24595,332,294,38
24596,295,248,47
24597,528,469,59
24598,296,262,34
24599,317,277,40
24600,322,292,30
24601,124,106,18
24602,183,166,17
24603,379,337,42
24604,123,104,19
24605,125,116,9
24606,51,47,4
24607,123,111,12
24608,367,333,34
24609,226,194,32
24610,359,309,50
24611,242,215,27
24612,528,459,69
24613,239,214,25
24614,183,161,22
24615,213,195,18
24616,175,155,20
24617,96,89,7
24618,254,229,25
24619,152,137,15
24620,447,390,57
24621,106,98,8
24622,116,105,11
24623,186,166,20
24624,241,208,33
24625,306,281,25
24626,391,335,56
24627,210,192,18
24628,601,542,59
24629,294,267,27
24630,58,54,4
24631,113,101,12
24632,64,54,10
24633,103,90,13
24634,441,393,48
24635,139,126,13
24636,141,119,22
24637,153,139,14
24638,126,115,11
24639,145,123,22
24640,234,205,29
24641,158,142,16
24642,175,159,16
24643,163,148,15
24644,143,121,22
24645,298,267,31
24646,266,238,28
24647,87,79,8
24648,69,62,7
24649,84,72,12
24650,49,42,7
24651,75,68,7
24652,56,50,6
24653,873,781,92
24654,88,81,7
24655,155,139,16
24656,113,99,14
24657,101,93,8
24658,232,207,25
24659,59,52,7
24660,390,345,45
24661,124,104,20
24662,196,173,23
24663,187,173,14
24664,578,502,76
24665,204,182,22
24666,418,354,64
24667,868,770,98
24668,624,549,75
24669,851,725,126
24670,172,145,27
24671,392,345,47
24672,294,261,33
24673,221,185,36
24674,965,850,115
24675,649,543,106
24676,168,145,23
24677,317,285,32
24678,48,42,6
24679,144,130,14
24680,928,825,103
24681,337,306,31
24682,167,151,16
24683,171,161,10
24684,287,254,33
24685,168,146,22
24686,381,347,34
24687,307,259,48
24688,135,119,16
24689,210,186,24
24690,360,321,39
24691,134,117,17
24692,169,153,16
24693,434,393,41
24694,288,256,32
24695,809,737,72
24696,266,245,21
24697,114,105,9
24698,91,82,9
24699,161,144,17
24700,333,296,37
24701,280,261,19
24702,329,288,41
24703,213,189,24
24704,145,127,18
24705,374,320,54
24706,334,279,55
24707,176,162,14
24708,199,184,15
24709,43,41,2
24710,84,75,9
24711,296,264,32
24712,129,119,10
24713,194,176,18
24714,48,44,4
24715,100,94,6
24716,126,111,15
24717,301,273,28
24718,125,113,12
24719,637,574,63
24720,67,56,11
24721,167,157,10
24722,133,120,13
24723,202,180,22
24724,308,273,35
24725,304,283,21
24726,133,115,18
24727,153,138,15
24728,402,350,52
24729,117,109,8
24730,39,34,5
24731,138,118,20
24732,169,135,34
24733,207,185,22
24734,126,114,12
24735,157,147,10
24736,175,151,24
24737,98,91,7
24738,129,110,19
24739,875,791,84
24740,129,113,16
24741,235,208,27
24742,351,302,49
24743,186,163,23
24744,297,264,33
24745,133,121,12
24746,187,170,17
24747,275,247,28
24748,150,128,22
24749,473,408,65
24750,68,57,11
24751,284,262,22
24752,150,136,14
24753,446,388,58
24754,224,197,27
24755,139,123,16
24756,213,190,23
24757,303,266,37
24758,495,457,38
24759,57,49,8
24760,204,180,24
24761,186,166,20
24762,104,92,12
24763,123,116,7
24764,667,599,68
24765,184,160,24
24766,350,306,44
24767,335,280,55
24768,223,194,29
24769,258,223,35
24770,133,118,15
24771,268,235,33
24772,197,172,25
24773,374,336,38
24774,789,733,56
24775,742,635,107
24776,217,195,22
24777,336,296,40
24778,672,592,80
24779,168,149,19
24780,128,115,13
24781,48,42,6
24782,40,39,1
24783,51,46,5
24784,40,36,4
24785,144,128,16
24786,357,317,40
24787,466,421,45
24788,75,65,10
24789,505,446,59
24790,585,515,70
24791,118,108,10
24792,79,72,7
24793,230,205,25
24794,291,246,45
24795,157,138,19
24796,235,204,31
24797,188,167,21
24798,223,196,27
24799,158,145,13
24800,337,294,43
24801,194,174,20
24802,722,627,95
24803,353,313,40
24804,136,118,18
24805,184,161,23
24806,776,687,89
24807,218,187,31
24808,60,53,7
24809,162,143,19
24810,531,454,77
24811,275,256,19
24812,340,292,48
24813,309,264,45
24814,254,231,23
24815,574,509,65
24816,258,226,32
24817,136,116,20
24818,478,433,45
24819,287,238,49
24820,212,182,30
24821,192,176,16
24822,491,424,67
24823,125,117,8
24824,234,207,27
24825,39,35,4
24826,114,98,16
24827,67,60,7
24828,146,132,14
24829,54,50,4
24830,421,369,52
24831,327,298,29
24832,489,420,69
24833,49,41,8
24834,147,135,12
24835,109,100,9
24836,111,95,16
24837,500,446,54
24838,124,114,10
24839,317,281,36
24840,288,256,32
24841,334,290,44
24842,114,97,17
24843,220,195,25
24844,602,528,74
24845,944,832,112
24846,195,169,26
24847,201,178,23
24848,151,141,10
24849,421,379,42
24850,104,100,4
24851,223,202,21
24852,190,181,9
24853,100,81,19
24854,187,173,14
24855,196,171,25
24856,906,792,114
24857,37,32,5
24858,481,425,56
24859,762,689,73
24860,195,179,16
24861,417,368,49
24862,221,200,21
24863,292,253,39
24864,368,339,29
24865,222,196,26
24866,801,694,107
24867,186,168,18
24868,154,137,17
24869,129,117,12
24870,722,616,106
24871,175,159,16
24872,994,885,109
24873,216,187,29
24874,467,417,50
24875,141,129,12
24876,132,121,11
24877,147,122,25
24878,162,144,18
24879,41,35,6
24880,184,162,22
24881,38,33,5
24882,534,474,60
24883,71,63,8
24884,131,121,10
24885,275,245,30
24886,111,99,12
24887,71,64,7
24888,248,222,26
24889,123,110,13
24890,161,146,15
24891,116,111,5
24892,170,154,16
24893,203,183,20
24894,223,197,26
24895,156,138,18
24896,269,249,20
24897,288,267,21
24898,136,121,15
24899,147,130,17
24900,126,114,12
24901,132,121,11
24902,134,125,9
24903,284,254,30
24904,252,228,24
24905,445,410,35
24906,268,247,21
24907,113,98,15
24908,115,94,21
24909,277,237,40
24910,443,388,55
24911,129,111,18
24912,139,122,17
24913,57,54,3
24914,284,235,49
24915,115,102,13
24916,77,66,11
24917,63,53,10
24918,106,100,6
24919,121,107,14
24920,185,168,17
24921,239,211,28
24922,144,130,14
24923,131,110,21
24924,330,299,31
24925,71,66,5
24926,114,101,13
24927,37,30,7
24928,172,153,19
24929,135,124,11
24930,856,746,110
24931,419,367,52
24932,516,447,69
24933,922,816,106
24934,485,431,54
24935,222,200,22
24936,124,112,12
24937,135,114,21
24938,274,246,28
24939,204,176,28
24940,263,235,28
24941,295,266,29
24942,197,166,31
24943,513,458,55
24944,299,266,33
24945,257,221,36
24946,220,198,22
24947,116,96,20
24948,334,296,38
24949,518,444,74
24950,229,196,33
24951,575,491,84
24952,280,243,37
24953,84,74,10
24954,185,154,31
24955,324,275,49
24956,205,182,23
24957,233,212,21
24958,210,177,33
24959,474,419,55
24960,297,264,33
24961,450,397,53
24962,216,186,30
24963,777,687,90
24964,202,178,24
24965,701,624,77
24966,78,70,8
24967,212,186,26
24968,127,102,25
24969,173,153,20
24970,290,254,36
24971,334,287,47
24972,190,163,27
24973,221,192,29
24974,197,168,29
24975,459,386,73
24976,271,237,34
24977,339,311,28
24978,596,519,77
24979,125,110,15
24980,627,516,111
24981,214,185,29
24982,990,852,138
24983,338,288,50
24984,955,850,105
24985,320,268,52
24986,124,105,19
24987,499,443,56
24988,280,248,32
24989,668,571,97
24990,219,199,20
24991,213,190,23
24992,172,155,17
24993,316,274,42
24994,132,120,12
24995,107,97,10
24996,165,155,10
24997,277,241,36
24998,130,117,13
24999,382,331,51
