,num_review_tokens,retrieved_vectors,missed
0,24,21,3
1,8,7,1
2,8,7,1
3,17,16,1
4,25,21,4
5,14,13,1
6,11,11,0
7,9,8,1
8,11,10,1
9,14,13,1
10,13,13,0
11,15,13,2
12,7,7,0
13,5,5,0
14,5,5,0
15,10,7,3
16,8,8,0
17,8,8,0
18,7,7,0
19,7,7,0
20,6,6,0
21,17,17,0
22,12,11,1
23,9,8,1
24,13,13,0
25,7,7,0
26,5,5,0
27,6,6,0
28,26,23,3
29,8,8,0
30,22,18,4
31,169,160,9
32,6,6,0
33,5,5,0
34,6,6,0
35,9,9,0
36,6,6,0
37,6,6,0
38,6,6,0
39,6,6,0
40,6,6,0
41,8,8,0
42,7,7,0
43,10,9,1
44,10,10,0
45,20,18,2
46,17,15,2
47,6,6,0
48,6,6,0
49,10,10,0
50,5,5,0
51,6,6,0
52,6,6,0
53,13,13,0
54,8,8,0
55,16,15,1
56,8,8,0
57,6,6,0
58,7,7,0
59,7,7,0
60,19,18,1
61,12,12,0
62,5,5,0
63,6,6,0
64,6,6,0
65,6,6,0
66,6,6,0
67,7,7,0
68,6,6,0
69,16,14,2
70,9,8,1
71,6,6,0
72,20,17,3
73,8,8,0
74,7,7,0
75,7,7,0
76,6,6,0
77,8,8,0
78,20,19,1
79,5,5,0
80,6,6,0
81,6,6,0
82,14,13,1
83,6,6,0
84,15,14,1
85,11,11,0
86,10,9,1
87,6,6,0
88,6,5,1
89,18,17,1
90,7,7,0
91,5,5,0
92,22,21,1
93,6,6,0
94,10,9,1
95,6,6,0
96,6,6,0
97,14,12,2
98,14,13,1
99,6,6,0
100,5,5,0
101,11,9,2
102,5,5,0
103,7,6,1
104,7,6,1
105,7,6,1
106,6,6,0
107,11,11,0
108,13,12,1
109,15,14,1
110,6,6,0
111,16,15,1
112,27,24,3
113,16,15,1
114,11,10,1
115,6,6,0
116,7,7,0
117,9,8,1
118,7,7,0
119,6,6,0
120,6,6,0
121,16,14,2
122,8,7,1
123,11,9,2
124,6,6,0
125,10,10,0
126,9,9,0
127,14,13,1
128,6,6,0
129,8,7,1
130,6,6,0
131,7,7,0
132,6,6,0
133,7,7,0
134,7,7,0
135,7,7,0
136,9,9,0
137,7,6,1
138,9,9,0
139,5,5,0
140,20,19,1
141,8,8,0
142,7,7,0
143,7,7,0
144,31,28,3
145,11,10,1
146,25,24,1
147,19,19,0
148,5,5,0
149,7,7,0
150,6,6,0
151,7,7,0
152,5,5,0
153,21,18,3
154,6,6,0
155,37,34,3
156,6,6,0
157,37,32,5
158,7,7,0
159,5,5,0
160,10,9,1
161,35,33,2
162,22,20,2
163,8,7,1
164,21,19,2
165,7,6,1
166,6,6,0
167,17,16,1
168,6,6,0
169,6,6,0
170,11,10,1
171,23,21,2
172,16,16,0
173,14,13,1
174,12,11,1
175,13,13,0
176,6,6,0
177,15,15,0
178,5,5,0
179,7,7,0
180,5,5,0
181,5,5,0
182,6,6,0
183,6,6,0
184,6,6,0
185,13,13,0
186,24,21,3
187,8,8,0
188,8,8,0
189,15,15,0
190,12,10,2
191,13,12,1
192,7,7,0
193,7,7,0
194,5,5,0
195,6,6,0
196,6,6,0
197,6,6,0
198,7,6,1
199,15,15,0
200,12,10,2
201,13,12,1
202,7,7,0
203,7,7,0
204,5,5,0
205,6,6,0
206,6,6,0
207,6,6,0
208,7,6,1
209,15,15,0
210,12,10,2
211,13,12,1
212,7,7,0
213,7,7,0
214,5,5,0
215,6,6,0
216,6,6,0
217,6,6,0
218,7,6,1
219,15,15,0
220,12,10,2
221,13,12,1
222,7,7,0
223,7,7,0
224,5,5,0
225,6,6,0
226,6,6,0
227,6,6,0
228,7,6,1
229,15,15,0
230,12,10,2
231,13,12,1
232,7,7,0
233,7,7,0
234,5,5,0
235,6,6,0
236,6,6,0
237,6,6,0
238,7,6,1
239,15,15,0
240,12,10,2
241,13,12,1
242,7,7,0
243,7,7,0
244,5,5,0
245,6,6,0
246,6,6,0
247,6,6,0
248,7,6,1
249,15,15,0
250,12,10,2
251,13,12,1
252,7,7,0
253,7,7,0
254,5,5,0
255,6,6,0
256,6,6,0
257,6,6,0
258,7,6,1
259,15,15,0
260,12,10,2
261,13,12,1
262,7,7,0
263,7,7,0
264,5,5,0
265,6,6,0
266,6,6,0
267,6,6,0
268,7,6,1
269,15,15,0
270,12,10,2
271,13,12,1
272,7,7,0
273,7,7,0
274,5,5,0
275,6,6,0
276,6,6,0
277,6,6,0
278,7,6,1
279,15,15,0
280,12,10,2
281,13,12,1
282,7,7,0
283,7,7,0
284,5,5,0
285,6,6,0
286,6,6,0
287,6,6,0
288,7,6,1
289,15,15,0
290,12,10,2
291,13,12,1
292,7,7,0
293,7,7,0
294,5,5,0
295,6,6,0
296,6,6,0
297,6,6,0
298,7,6,1
299,15,15,0
300,12,10,2
301,13,12,1
302,7,7,0
303,7,7,0
304,5,5,0
305,6,6,0
306,6,6,0
307,6,6,0
308,7,6,1
309,15,15,0
310,12,10,2
311,13,12,1
312,7,7,0
313,7,7,0
314,5,5,0
315,6,6,0
316,6,6,0
317,6,6,0
318,7,6,1
319,15,15,0
320,12,10,2
321,13,12,1
322,7,7,0
323,7,7,0
324,5,5,0
325,6,6,0
326,6,6,0
327,6,6,0
328,7,6,1
329,15,15,0
330,12,10,2
331,13,12,1
332,7,7,0
333,7,7,0
334,5,5,0
335,6,6,0
336,6,6,0
337,6,6,0
338,7,6,1
339,15,15,0
340,12,10,2
341,13,12,1
342,7,7,0
343,7,7,0
344,5,5,0
345,6,6,0
346,6,6,0
347,6,6,0
348,7,6,1
349,15,15,0
350,12,10,2
351,13,12,1
352,7,7,0
353,7,7,0
354,5,5,0
355,6,6,0
356,6,6,0
357,6,6,0
358,7,6,1
359,15,15,0
360,12,10,2
361,13,12,1
362,7,7,0
363,7,7,0
364,5,5,0
365,6,6,0
366,6,6,0
367,6,6,0
368,7,6,1
369,15,15,0
370,12,10,2
371,13,12,1
372,7,7,0
373,7,7,0
374,5,5,0
375,6,6,0
376,6,6,0
377,6,6,0
378,7,6,1
379,15,15,0
380,12,10,2
381,13,12,1
382,7,7,0
383,7,7,0
384,5,5,0
385,6,6,0
386,6,6,0
387,6,6,0
388,7,6,1
389,15,15,0
390,12,10,2
391,13,12,1
392,7,7,0
393,7,7,0
394,5,5,0
395,6,6,0
396,6,6,0
397,6,6,0
398,7,6,1
399,15,15,0
400,12,10,2
401,13,12,1
402,7,7,0
403,7,7,0
404,5,5,0
405,6,6,0
406,6,6,0
407,6,6,0
408,7,6,1
409,15,15,0
410,12,10,2
411,13,12,1
412,7,7,0
413,7,7,0
414,5,5,0
415,6,6,0
416,6,6,0
417,6,6,0
418,7,6,1
419,15,15,0
420,12,10,2
421,13,12,1
422,7,7,0
423,7,7,0
424,5,5,0
425,6,6,0
426,6,6,0
427,6,6,0
428,7,6,1
429,15,15,0
430,12,10,2
431,13,12,1
432,7,7,0
433,7,7,0
434,5,5,0
435,6,6,0
436,6,6,0
437,6,6,0
438,7,6,1
439,15,15,0
440,12,10,2
441,13,12,1
442,7,7,0
443,7,7,0
444,5,5,0
445,6,6,0
446,6,6,0
447,6,6,0
448,7,6,1
449,15,15,0
450,12,10,2
451,13,12,1
452,7,7,0
453,7,7,0
454,5,5,0
455,6,6,0
456,6,6,0
457,6,6,0
458,7,6,1
459,15,15,0
460,12,10,2
461,13,12,1
462,7,7,0
463,7,7,0
464,5,5,0
465,6,6,0
466,6,6,0
467,6,6,0
468,7,6,1
469,15,15,0
470,12,10,2
471,13,12,1
472,7,7,0
473,7,7,0
474,5,5,0
475,6,6,0
476,6,6,0
477,6,6,0
478,7,6,1
479,15,15,0
480,12,10,2
481,13,12,1
482,7,7,0
483,7,7,0
484,5,5,0
485,6,6,0
486,6,6,0
487,6,6,0
488,7,6,1
489,15,15,0
490,12,10,2
491,13,12,1
492,7,7,0
493,7,7,0
494,5,5,0
495,6,6,0
496,6,6,0
497,6,6,0
498,7,6,1
499,15,15,0
500,12,10,2
501,13,12,1
502,7,7,0
503,7,7,0
504,5,5,0
505,6,6,0
506,6,6,0
507,6,6,0
508,7,6,1
509,15,15,0
510,12,10,2
511,13,12,1
512,7,7,0
513,7,7,0
514,5,5,0
515,6,6,0
516,6,6,0
517,6,6,0
518,7,6,1
519,15,15,0
520,12,10,2
521,13,12,1
522,7,7,0
523,7,7,0
524,5,5,0
525,6,6,0
526,6,6,0
527,6,6,0
528,7,6,1
529,15,15,0
530,12,10,2
531,13,12,1
532,7,7,0
533,7,7,0
534,5,5,0
535,6,6,0
536,6,6,0
537,6,6,0
538,7,6,1
539,15,15,0
540,12,10,2
541,13,12,1
542,7,7,0
543,7,7,0
544,5,5,0
545,6,6,0
546,6,6,0
547,6,6,0
548,7,6,1
549,15,15,0
550,12,10,2
551,13,12,1
552,7,7,0
553,7,7,0
554,5,5,0
555,6,6,0
556,6,6,0
557,6,6,0
558,7,6,1
559,15,15,0
560,12,10,2
561,13,12,1
562,7,7,0
563,7,7,0
564,5,5,0
565,6,6,0
566,6,6,0
567,6,6,0
568,7,6,1
569,15,15,0
570,12,10,2
571,13,12,1
572,7,7,0
573,7,7,0
574,5,5,0
575,6,6,0
576,6,6,0
577,6,6,0
578,7,6,1
579,15,15,0
580,12,10,2
581,13,12,1
582,7,7,0
583,7,7,0
584,5,5,0
585,6,6,0
586,6,6,0
587,6,6,0
588,7,6,1
589,15,15,0
590,12,10,2
591,13,12,1
592,7,7,0
593,7,7,0
594,5,5,0
595,6,6,0
596,6,6,0
597,6,6,0
598,7,6,1
599,15,15,0
600,12,10,2
601,13,12,1
602,7,7,0
603,7,7,0
604,5,5,0
605,6,6,0
606,6,6,0
607,6,6,0
608,7,6,1
609,15,15,0
610,12,10,2
611,13,12,1
612,7,7,0
613,7,7,0
614,5,5,0
615,6,6,0
616,6,6,0
617,6,6,0
618,7,6,1
619,15,15,0
620,12,10,2
621,13,12,1
622,7,7,0
623,7,7,0
624,5,5,0
625,6,6,0
626,6,6,0
627,6,6,0
628,7,6,1
629,15,15,0
630,12,10,2
631,13,12,1
632,7,7,0
633,7,7,0
634,5,5,0
635,6,6,0
636,6,6,0
637,6,6,0
638,7,6,1
639,15,15,0
640,12,10,2
641,13,12,1
642,7,7,0
643,7,7,0
644,5,5,0
645,6,6,0
646,6,6,0
647,6,6,0
648,7,6,1
649,15,15,0
650,12,10,2
651,13,12,1
652,7,7,0
653,7,7,0
654,5,5,0
655,6,6,0
656,6,6,0
657,6,6,0
658,7,6,1
659,15,15,0
660,12,10,2
661,13,12,1
662,7,7,0
663,7,7,0
664,5,5,0
665,6,6,0
666,6,6,0
667,6,6,0
668,7,6,1
669,15,15,0
670,12,10,2
671,13,12,1
672,7,7,0
673,7,7,0
674,5,5,0
675,6,6,0
676,6,6,0
677,6,6,0
678,7,6,1
679,15,15,0
680,12,10,2
681,13,12,1
682,7,7,0
683,7,7,0
684,5,5,0
685,6,6,0
686,6,6,0
687,6,6,0
688,7,6,1
689,15,15,0
690,12,10,2
691,13,12,1
692,7,7,0
693,7,7,0
694,5,5,0
695,6,6,0
696,6,6,0
697,6,6,0
698,7,6,1
699,15,15,0
700,12,10,2
701,13,12,1
702,7,7,0
703,7,7,0
704,5,5,0
705,6,6,0
706,6,6,0
707,6,6,0
708,7,6,1
709,15,15,0
710,12,10,2
711,13,12,1
712,7,7,0
713,7,7,0
714,5,5,0
715,6,6,0
716,6,6,0
717,6,6,0
718,7,6,1
719,15,15,0
720,12,10,2
721,13,12,1
722,7,7,0
723,7,7,0
724,5,5,0
725,6,6,0
726,6,6,0
727,6,6,0
728,7,6,1
729,15,15,0
730,12,10,2
731,13,12,1
732,7,7,0
733,7,7,0
734,5,5,0
735,6,6,0
736,6,6,0
737,6,6,0
738,7,6,1
739,15,15,0
740,12,10,2
741,13,12,1
742,7,7,0
743,7,7,0
744,5,5,0
745,6,6,0
746,6,6,0
747,6,6,0
748,7,6,1
749,15,15,0
750,12,10,2
751,13,12,1
752,7,7,0
753,7,7,0
754,5,5,0
755,6,6,0
756,6,6,0
757,6,6,0
758,7,6,1
759,15,15,0
760,12,10,2
761,13,12,1
762,7,7,0
763,7,7,0
764,5,5,0
765,6,6,0
766,6,6,0
767,6,6,0
768,7,6,1
769,15,15,0
770,12,10,2
771,13,12,1
772,7,7,0
773,7,7,0
774,5,5,0
775,6,6,0
776,6,6,0
777,6,6,0
778,7,6,1
779,15,15,0
780,12,10,2
781,13,12,1
782,7,7,0
783,7,7,0
784,5,5,0
785,6,6,0
786,6,6,0
787,6,6,0
788,7,6,1
789,15,15,0
790,12,10,2
791,13,12,1
792,7,7,0
793,7,7,0
794,5,5,0
795,6,6,0
796,6,6,0
797,6,6,0
798,7,6,1
799,15,15,0
800,12,10,2
801,13,12,1
802,7,7,0
803,7,7,0
804,5,5,0
805,6,6,0
806,6,6,0
807,6,6,0
808,7,6,1
809,15,15,0
810,12,10,2
811,13,12,1
812,7,7,0
813,7,7,0
814,5,5,0
815,6,6,0
816,6,6,0
817,6,6,0
818,7,6,1
819,15,15,0
820,12,10,2
821,13,12,1
822,7,7,0
823,7,7,0
824,5,5,0
825,6,6,0
826,6,6,0
827,6,6,0
828,7,6,1
829,15,15,0
830,12,10,2
831,13,12,1
832,7,7,0
833,7,7,0
834,5,5,0
835,6,6,0
836,6,6,0
837,6,6,0
838,7,6,1
839,15,15,0
840,12,10,2
841,13,12,1
842,7,7,0
843,7,7,0
844,5,5,0
845,6,6,0
846,6,6,0
847,6,6,0
848,7,6,1
849,15,15,0
850,12,10,2
851,13,12,1
852,7,7,0
853,7,7,0
854,5,5,0
855,6,6,0
856,6,6,0
857,6,6,0
858,7,6,1
859,15,15,0
860,12,10,2
861,13,12,1
862,7,7,0
863,7,7,0
864,5,5,0
865,6,6,0
866,6,6,0
867,6,6,0
868,7,6,1
869,15,15,0
870,12,10,2
871,13,12,1
872,7,7,0
873,7,7,0
874,5,5,0
875,6,6,0
876,6,6,0
877,6,6,0
878,7,6,1
879,15,15,0
880,12,10,2
881,13,12,1
882,7,7,0
883,7,7,0
884,5,5,0
885,6,6,0
886,6,6,0
887,6,6,0
888,7,6,1
889,15,15,0
890,12,10,2
891,13,12,1
892,7,7,0
893,7,7,0
894,5,5,0
895,6,6,0
896,6,6,0
897,6,6,0
898,7,6,1
899,15,15,0
900,12,10,2
901,13,12,1
902,7,7,0
903,7,7,0
904,5,5,0
905,6,6,0
906,6,6,0
907,6,6,0
908,7,6,1
909,15,15,0
910,12,10,2
911,13,12,1
912,7,7,0
913,7,7,0
914,5,5,0
915,6,6,0
916,6,6,0
917,6,6,0
918,7,6,1
919,15,15,0
920,12,10,2
921,13,12,1
922,7,7,0
923,7,7,0
924,5,5,0
925,6,6,0
926,6,6,0
927,6,6,0
928,7,6,1
929,15,15,0
930,12,10,2
931,13,12,1
932,7,7,0
933,7,7,0
934,5,5,0
935,6,6,0
936,6,6,0
937,6,6,0
938,7,6,1
939,15,15,0
940,12,10,2
941,13,12,1
942,7,7,0
943,7,7,0
944,5,5,0
945,6,6,0
946,6,6,0
947,6,6,0
948,7,6,1
949,15,15,0
950,12,10,2
951,13,12,1
952,7,7,0
953,7,7,0
954,5,5,0
955,6,6,0
956,6,6,0
957,6,6,0
958,7,6,1
959,15,15,0
960,12,10,2
961,13,12,1
962,7,7,0
963,7,7,0
964,5,5,0
965,6,6,0
966,6,6,0
967,6,6,0
968,7,6,1
969,15,15,0
970,12,10,2
971,13,12,1
972,7,7,0
973,7,7,0
974,5,5,0
975,6,6,0
976,6,6,0
977,6,6,0
978,7,6,1
979,15,15,0
980,12,10,2
981,13,12,1
982,7,7,0
983,7,7,0
984,5,5,0
985,6,6,0
986,6,6,0
987,6,6,0
988,7,6,1
989,13,13,0
990,4,4,0
991,4,4,0
992,28,25,3
993,4,4,0
994,31,26,5
995,31,26,5
996,15,13,2
997,6,6,0
998,13,11,2
999,23,21,2
1000,4,4,0
1001,20,17,3
1002,20,17,3
1003,10,9,1
1004,6,6,0
1005,8,8,0
1006,4,4,0
1007,10,9,1
1008,6,6,0
1009,17,16,1
1010,8,8,0
1011,24,22,2
1012,19,19,0
1013,6,6,0
1014,35,31,4
1015,4,4,0
1016,4,4,0
1017,23,20,3
1018,4,4,0
1019,8,7,1
1020,10,10,0
1021,23,21,2
1022,10,10,0
1023,13,12,1
1024,6,6,0
1025,6,6,0
1026,4,4,0
1027,36,33,3
1028,5,5,0
1029,22,19,3
1030,12,12,0
1031,8,7,1
1032,6,6,0
1033,26,23,3
1034,6,6,0
1035,5,5,0
1036,7,7,0
1037,16,14,2
1038,5,5,0
1039,4,4,0
1040,5,5,0
1041,12,11,1
1042,9,8,1
1043,8,8,0
1044,9,8,1
1045,14,14,0
1046,29,26,3
1047,5,5,0
1048,13,13,0
1049,5,5,0
1050,4,4,0
1051,12,11,1
1052,6,6,0
1053,16,16,0
1054,6,6,0
1055,5,5,0
1056,19,18,1
1057,13,12,1
1058,17,17,0
1059,5,5,0
1060,7,6,1
1061,7,7,0
1062,21,20,1
1063,10,9,1
1064,7,7,0
1065,4,4,0
1066,6,6,0
1067,4,4,0
1068,13,12,1
1069,6,6,0
1070,5,4,1
1071,12,11,1
1072,10,10,0
1073,35,30,5
1074,4,4,0
1075,4,4,0
1076,6,6,0
1077,19,16,3
1078,6,6,0
1079,15,14,1
1080,5,5,0
1081,10,10,0
1082,6,6,0
1083,13,12,1
1084,5,5,0
1085,7,7,0
1086,4,4,0
1087,6,6,0
1088,4,4,0
1089,4,4,0
1090,5,5,0
1091,8,7,1
1092,19,16,3
1093,4,4,0
1094,5,5,0
1095,5,5,0
1096,7,7,0
1097,8,8,0
1098,9,9,0
1099,17,15,2
1100,8,8,0
1101,5,5,0
1102,4,4,0
1103,4,4,0
1104,7,6,1
1105,29,25,4
1106,4,4,0
1107,13,11,2
1108,7,7,0
1109,8,8,0
1110,6,6,0
1111,5,4,1
1112,9,8,1
1113,7,7,0
1114,5,5,0
1115,5,5,0
1116,7,7,0
1117,22,21,1
1118,6,6,0
1119,13,12,1
1120,13,13,0
1121,5,5,0
1122,29,26,3
1123,16,13,3
1124,4,4,0
1125,15,14,1
1126,10,10,0
1127,10,10,0
1128,9,9,0
1129,8,7,1
1130,9,9,0
1131,16,15,1
1132,4,4,0
1133,5,5,0
1134,12,12,0
1135,16,15,1
1136,7,6,1
1137,16,11,5
1138,4,4,0
1139,9,9,0
1140,10,10,0
1141,14,13,1
1142,38,34,4
1143,33,33,0
1144,14,13,1
1145,15,13,2
1146,9,9,0
1147,4,4,0
1148,33,33,0
1149,6,5,1
1150,7,7,0
1151,4,4,0
1152,9,9,0
1153,9,8,1
1154,9,9,0
1155,12,11,1
1156,8,7,1
1157,6,6,0
1158,7,7,0
1159,15,14,1
1160,20,19,1
1161,13,12,1
1162,12,11,1
1163,19,17,2
1164,16,16,0
1165,4,4,0
1166,6,5,1
1167,31,27,4
1168,6,6,0
1169,24,22,2
1170,4,4,0
1171,6,6,0
1172,8,7,1
1173,4,4,0
1174,4,4,0
1175,7,7,0
1176,18,16,2
1177,8,7,1
1178,8,6,2
1179,26,23,3
1180,8,7,1
1181,19,18,1
1182,6,6,0
1183,6,6,0
1184,7,7,0
1185,12,11,1
1186,23,21,2
1187,9,9,0
1188,21,21,0
1189,13,10,3
1190,15,15,0
1191,4,4,0
1192,21,18,3
1193,6,6,0
1194,10,9,1
1195,12,11,1
1196,3,3,0
1197,9,9,0
1198,21,21,0
1199,13,10,3
1200,15,15,0
1201,4,4,0
1202,21,18,3
1203,6,6,0
1204,10,9,1
1205,12,11,1
1206,3,3,0
1207,9,9,0
1208,21,21,0
1209,13,10,3
1210,15,15,0
1211,4,4,0
1212,21,18,3
1213,6,6,0
1214,10,9,1
1215,12,11,1
1216,3,3,0
1217,9,9,0
1218,21,21,0
1219,13,10,3
1220,15,15,0
1221,4,4,0
1222,21,18,3
1223,6,6,0
1224,10,9,1
1225,12,11,1
1226,3,3,0
1227,9,9,0
1228,21,21,0
1229,13,10,3
1230,15,15,0
1231,4,4,0
1232,21,18,3
1233,6,6,0
1234,10,9,1
1235,12,11,1
1236,3,3,0
1237,9,9,0
1238,21,21,0
1239,13,10,3
1240,15,15,0
1241,4,4,0
1242,21,18,3
1243,6,6,0
1244,10,9,1
1245,12,11,1
1246,3,3,0
1247,9,9,0
1248,21,21,0
1249,13,10,3
1250,15,15,0
1251,4,4,0
1252,21,18,3
1253,6,6,0
1254,10,9,1
1255,12,11,1
1256,3,3,0
1257,9,9,0
1258,21,21,0
1259,13,10,3
1260,15,15,0
1261,4,4,0
1262,21,18,3
1263,6,6,0
1264,10,9,1
1265,12,11,1
1266,3,3,0
1267,9,9,0
1268,21,21,0
1269,13,10,3
1270,15,15,0
1271,4,4,0
1272,21,18,3
1273,6,6,0
1274,10,9,1
1275,12,11,1
1276,3,3,0
1277,9,9,0
1278,21,21,0
1279,13,10,3
1280,15,15,0
1281,4,4,0
1282,21,18,3
1283,6,6,0
1284,10,9,1
1285,12,11,1
1286,3,3,0
1287,9,9,0
1288,21,21,0
1289,13,10,3
1290,15,15,0
1291,4,4,0
1292,21,18,3
1293,6,6,0
1294,10,9,1
1295,12,11,1
1296,3,3,0
1297,9,9,0
1298,21,21,0
1299,13,10,3
1300,15,15,0
1301,4,4,0
1302,21,18,3
1303,6,6,0
1304,10,9,1
1305,12,11,1
1306,3,3,0
1307,9,9,0
1308,21,21,0
1309,13,10,3
1310,15,15,0
1311,4,4,0
1312,21,18,3
1313,6,6,0
1314,10,9,1
1315,12,11,1
1316,3,3,0
1317,9,9,0
1318,21,21,0
1319,13,10,3
1320,15,15,0
1321,4,4,0
1322,21,18,3
1323,6,6,0
1324,10,9,1
1325,12,11,1
1326,3,3,0
1327,9,9,0
1328,21,21,0
1329,13,10,3
1330,15,15,0
1331,4,4,0
1332,21,18,3
1333,6,6,0
1334,10,9,1
1335,12,11,1
1336,3,3,0
1337,9,9,0
1338,21,21,0
1339,13,10,3
1340,15,15,0
1341,4,4,0
1342,21,18,3
1343,6,6,0
1344,10,9,1
1345,12,11,1
1346,3,3,0
1347,9,9,0
1348,21,21,0
1349,13,10,3
1350,15,15,0
1351,4,4,0
1352,21,18,3
1353,6,6,0
1354,10,9,1
1355,12,11,1
1356,3,3,0
1357,9,9,0
1358,21,21,0
1359,13,10,3
1360,15,15,0
1361,4,4,0
1362,21,18,3
1363,6,6,0
1364,10,9,1
1365,12,11,1
1366,3,3,0
1367,9,9,0
1368,21,21,0
1369,13,10,3
1370,15,15,0
1371,4,4,0
1372,21,18,3
1373,6,6,0
1374,10,9,1
1375,12,11,1
1376,3,3,0
1377,9,9,0
1378,21,21,0
1379,13,10,3
1380,15,15,0
1381,4,4,0
1382,21,18,3
1383,6,6,0
1384,10,9,1
1385,12,11,1
1386,3,3,0
1387,9,9,0
1388,21,21,0
1389,13,10,3
1390,15,15,0
1391,4,4,0
1392,21,18,3
1393,6,6,0
1394,10,9,1
1395,12,11,1
1396,3,3,0
1397,9,9,0
1398,21,21,0
1399,13,10,3
1400,15,15,0
1401,4,4,0
1402,21,18,3
1403,6,6,0
1404,10,9,1
1405,12,11,1
1406,3,3,0
1407,9,9,0
1408,21,21,0
1409,13,10,3
1410,15,15,0
1411,4,4,0
1412,21,18,3
1413,6,6,0
1414,10,9,1
1415,12,11,1
1416,3,3,0
1417,9,9,0
1418,21,21,0
1419,13,10,3
1420,15,15,0
1421,4,4,0
1422,21,18,3
1423,6,6,0
1424,10,9,1
1425,12,11,1
1426,3,3,0
1427,9,9,0
1428,21,21,0
1429,13,10,3
1430,15,15,0
1431,4,4,0
1432,21,18,3
1433,6,6,0
1434,10,9,1
1435,12,11,1
1436,3,3,0
1437,9,9,0
1438,21,21,0
1439,13,10,3
1440,15,15,0
1441,4,4,0
1442,21,18,3
1443,6,6,0
1444,10,9,1
1445,12,11,1
1446,3,3,0
1447,9,9,0
1448,21,21,0
1449,13,10,3
1450,15,15,0
1451,4,4,0
1452,21,18,3
1453,6,6,0
1454,10,9,1
1455,12,11,1
1456,3,3,0
1457,9,9,0
1458,21,21,0
1459,13,10,3
1460,15,15,0
1461,4,4,0
1462,21,18,3
1463,6,6,0
1464,10,9,1
1465,12,11,1
1466,3,3,0
1467,9,9,0
1468,21,21,0
1469,13,10,3
1470,15,15,0
1471,4,4,0
1472,21,18,3
1473,6,6,0
1474,10,9,1
1475,12,11,1
1476,3,3,0
1477,9,9,0
1478,21,21,0
1479,13,10,3
1480,15,15,0
1481,4,4,0
1482,21,18,3
1483,6,6,0
1484,10,9,1
1485,12,11,1
1486,3,3,0
1487,9,9,0
1488,21,21,0
1489,13,10,3
1490,15,15,0
1491,4,4,0
1492,21,18,3
1493,6,6,0
1494,10,9,1
1495,12,11,1
1496,3,3,0
1497,9,9,0
1498,21,21,0
1499,13,10,3
1500,15,15,0
1501,4,4,0
1502,21,18,3
1503,6,6,0
1504,10,9,1
1505,12,11,1
1506,3,3,0
1507,9,9,0
1508,21,21,0
1509,13,10,3
1510,15,15,0
1511,4,4,0
1512,21,18,3
1513,6,6,0
1514,10,9,1
1515,12,11,1
1516,3,3,0
1517,9,9,0
1518,21,21,0
1519,13,10,3
1520,15,15,0
1521,4,4,0
1522,21,18,3
1523,6,6,0
1524,10,9,1
1525,12,11,1
1526,3,3,0
1527,9,9,0
1528,21,21,0
1529,13,10,3
1530,15,15,0
1531,4,4,0
1532,21,18,3
1533,6,6,0
1534,10,9,1
1535,12,11,1
1536,3,3,0
1537,9,9,0
1538,21,21,0
1539,13,10,3
1540,15,15,0
1541,4,4,0
1542,21,18,3
1543,6,6,0
1544,10,9,1
1545,12,11,1
1546,3,3,0
1547,9,9,0
1548,21,21,0
1549,13,10,3
1550,15,15,0
1551,4,4,0
1552,21,18,3
1553,6,6,0
1554,10,9,1
1555,12,11,1
1556,3,3,0
1557,9,9,0
1558,21,21,0
1559,13,10,3
1560,15,15,0
1561,4,4,0
1562,21,18,3
1563,6,6,0
1564,10,9,1
1565,12,11,1
1566,3,3,0
1567,9,9,0
1568,21,21,0
1569,13,10,3
1570,15,15,0
1571,4,4,0
1572,21,18,3
1573,6,6,0
1574,10,9,1
1575,12,11,1
1576,3,3,0
1577,9,9,0
1578,21,21,0
1579,13,10,3
1580,15,15,0
1581,4,4,0
1582,21,18,3
1583,6,6,0
1584,10,9,1
1585,12,11,1
1586,3,3,0
1587,9,9,0
1588,21,21,0
1589,13,10,3
1590,15,15,0
1591,4,4,0
1592,21,18,3
1593,6,6,0
1594,10,9,1
1595,12,11,1
1596,3,3,0
1597,9,9,0
1598,21,21,0
1599,13,10,3
1600,15,15,0
1601,4,4,0
1602,21,18,3
1603,6,6,0
1604,10,9,1
1605,12,11,1
1606,3,3,0
1607,9,9,0
1608,21,21,0
1609,13,10,3
1610,15,15,0
1611,4,4,0
1612,21,18,3
1613,6,6,0
1614,10,9,1
1615,12,11,1
1616,3,3,0
1617,9,9,0
1618,21,21,0
1619,13,10,3
1620,15,15,0
1621,4,4,0
1622,21,18,3
1623,6,6,0
1624,10,9,1
1625,12,11,1
1626,3,3,0
1627,9,9,0
1628,21,21,0
1629,13,10,3
1630,15,15,0
1631,4,4,0
1632,21,18,3
1633,6,6,0
1634,10,9,1
1635,12,11,1
1636,3,3,0
1637,9,9,0
1638,21,21,0
1639,13,10,3
1640,15,15,0
1641,4,4,0
1642,21,18,3
1643,6,6,0
1644,10,9,1
1645,12,11,1
1646,3,3,0
1647,9,9,0
1648,21,21,0
1649,13,10,3
1650,15,15,0
1651,4,4,0
1652,21,18,3
1653,6,6,0
1654,10,9,1
1655,12,11,1
1656,3,3,0
1657,9,9,0
1658,21,21,0
1659,13,10,3
1660,15,15,0
1661,4,4,0
1662,21,18,3
1663,6,6,0
1664,10,9,1
1665,12,11,1
1666,3,3,0
1667,9,9,0
1668,21,21,0
1669,13,10,3
1670,15,15,0
1671,4,4,0
1672,21,18,3
1673,6,6,0
1674,10,9,1
1675,12,11,1
1676,3,3,0
1677,9,9,0
1678,21,21,0
1679,13,10,3
1680,15,15,0
1681,4,4,0
1682,21,18,3
1683,6,6,0
1684,10,9,1
1685,12,11,1
1686,3,3,0
1687,9,9,0
1688,21,21,0
1689,13,10,3
1690,15,15,0
1691,4,4,0
1692,21,18,3
1693,6,6,0
1694,10,9,1
1695,12,11,1
1696,3,3,0
1697,9,9,0
1698,21,21,0
1699,13,10,3
1700,15,15,0
1701,4,4,0
1702,21,18,3
1703,6,6,0
1704,10,9,1
1705,12,11,1
1706,3,3,0
1707,9,9,0
1708,21,21,0
1709,13,10,3
1710,15,15,0
1711,4,4,0
1712,21,18,3
1713,6,6,0
1714,10,9,1
1715,12,11,1
1716,3,3,0
1717,9,9,0
1718,21,21,0
1719,13,10,3
1720,15,15,0
1721,4,4,0
1722,21,18,3
1723,6,6,0
1724,10,9,1
1725,12,11,1
1726,3,3,0
1727,9,9,0
1728,21,21,0
1729,13,10,3
1730,15,15,0
1731,4,4,0
1732,21,18,3
1733,6,6,0
1734,10,9,1
1735,12,11,1
1736,3,3,0
1737,9,9,0
1738,21,21,0
1739,13,10,3
1740,15,15,0
1741,4,4,0
1742,21,18,3
1743,6,6,0
1744,10,9,1
1745,12,11,1
1746,3,3,0
1747,9,9,0
1748,21,21,0
1749,13,10,3
1750,15,15,0
1751,4,4,0
1752,21,18,3
1753,6,6,0
1754,10,9,1
1755,12,11,1
1756,3,3,0
1757,9,9,0
1758,21,21,0
1759,13,10,3
1760,15,15,0
1761,4,4,0
1762,21,18,3
1763,6,6,0
1764,10,9,1
1765,12,11,1
1766,3,3,0
1767,9,9,0
1768,21,21,0
1769,13,10,3
1770,15,15,0
1771,4,4,0
1772,21,18,3
1773,6,6,0
1774,10,9,1
1775,12,11,1
1776,3,3,0
1777,9,9,0
1778,21,21,0
1779,13,10,3
1780,15,15,0
1781,4,4,0
1782,21,18,3
1783,6,6,0
1784,10,9,1
1785,12,11,1
1786,3,3,0
1787,9,9,0
1788,21,21,0
1789,13,10,3
1790,15,15,0
1791,4,4,0
1792,21,18,3
1793,6,6,0
1794,10,9,1
1795,12,11,1
1796,3,3,0
1797,9,9,0
1798,21,21,0
1799,13,10,3
1800,15,15,0
1801,4,4,0
1802,21,18,3
1803,6,6,0
1804,10,9,1
1805,12,11,1
1806,3,3,0
1807,9,9,0
1808,21,21,0
1809,13,10,3
1810,15,15,0
1811,4,4,0
1812,21,18,3
1813,6,6,0
1814,10,9,1
1815,12,11,1
1816,3,3,0
1817,9,9,0
1818,21,21,0
1819,13,10,3
1820,15,15,0
1821,4,4,0
1822,21,18,3
1823,6,6,0
1824,10,9,1
1825,12,11,1
1826,3,3,0
1827,9,9,0
1828,21,21,0
1829,13,10,3
1830,15,15,0
1831,4,4,0
1832,21,18,3
1833,6,6,0
1834,10,9,1
1835,12,11,1
1836,3,3,0
1837,9,9,0
1838,21,21,0
1839,13,10,3
1840,15,15,0
1841,4,4,0
1842,21,18,3
1843,6,6,0
1844,10,9,1
1845,12,11,1
1846,3,3,0
1847,9,9,0
1848,21,21,0
1849,13,10,3
1850,15,15,0
1851,4,4,0
1852,21,18,3
1853,6,6,0
1854,10,9,1
1855,12,11,1
1856,3,3,0
1857,9,9,0
1858,21,21,0
1859,13,10,3
1860,15,15,0
1861,4,4,0
1862,21,18,3
1863,6,6,0
1864,10,9,1
1865,12,11,1
1866,3,3,0
1867,9,9,0
1868,21,21,0
1869,13,10,3
1870,15,15,0
1871,4,4,0
1872,21,18,3
1873,6,6,0
1874,10,9,1
1875,12,11,1
1876,3,3,0
1877,9,9,0
1878,21,21,0
1879,13,10,3
1880,15,15,0
1881,4,4,0
1882,21,18,3
1883,6,6,0
1884,10,9,1
1885,12,11,1
1886,3,3,0
1887,9,9,0
1888,21,21,0
1889,13,10,3
1890,15,15,0
1891,4,4,0
1892,21,18,3
1893,6,6,0
1894,10,9,1
1895,12,11,1
1896,3,3,0
1897,9,9,0
1898,21,21,0
1899,13,10,3
1900,15,15,0
1901,4,4,0
1902,21,18,3
1903,6,6,0
1904,10,9,1
1905,12,11,1
1906,3,3,0
1907,9,9,0
1908,21,21,0
1909,13,10,3
1910,15,15,0
1911,4,4,0
1912,21,18,3
1913,6,6,0
1914,10,9,1
1915,12,11,1
1916,3,3,0
1917,9,9,0
1918,21,21,0
1919,13,10,3
1920,15,15,0
1921,4,4,0
1922,21,18,3
1923,6,6,0
1924,10,9,1
1925,12,11,1
1926,3,3,0
1927,9,9,0
1928,21,21,0
1929,13,10,3
1930,15,15,0
1931,4,4,0
1932,21,18,3
1933,6,6,0
1934,10,9,1
1935,12,11,1
1936,3,3,0
1937,9,9,0
1938,21,21,0
1939,13,10,3
1940,15,15,0
1941,4,4,0
1942,21,18,3
1943,6,6,0
1944,10,9,1
1945,12,11,1
1946,3,3,0
1947,9,9,0
1948,21,21,0
1949,13,10,3
1950,15,15,0
1951,4,4,0
1952,21,18,3
1953,6,6,0
1954,10,9,1
1955,12,11,1
1956,3,3,0
1957,9,9,0
1958,21,21,0
1959,13,10,3
1960,15,15,0
1961,4,4,0
1962,21,18,3
1963,6,6,0
1964,10,9,1
1965,12,11,1
1966,3,3,0
1967,9,9,0
1968,21,21,0
1969,13,10,3
1970,15,15,0
1971,4,4,0
1972,21,18,3
1973,6,6,0
1974,10,9,1
1975,12,11,1
1976,3,3,0
1977,9,9,0
1978,21,21,0
1979,13,10,3
1980,15,15,0
1981,4,4,0
1982,21,18,3
1983,6,6,0
1984,10,9,1
1985,12,11,1
1986,3,3,0
1987,6,5,1
1988,11,10,1
1989,20,14,6
1990,8,7,1
1991,12,11,1
1992,26,23,3
1993,4,4,0
1994,33,30,3
1995,33,30,3
1996,4,4,0
1997,9,8,1
1998,5,5,0
1999,23,18,5
2000,13,12,1
2001,4,4,0
2002,12,10,2
2003,10,9,1
2004,4,4,0
2005,11,10,1
2006,7,7,0
2007,10,10,0
2008,10,10,0
2009,10,10,0
2010,27,24,3
2011,25,23,2
2012,7,6,1
2013,15,14,1
2014,11,11,0
2015,6,6,0
2016,18,16,2
2017,15,14,1
2018,11,10,1
2019,10,10,0
2020,17,17,0
2021,10,10,0
2022,10,10,0
2023,18,18,0
2024,7,5,2
2025,29,25,4
2026,4,4,0
2027,17,13,4
2028,10,10,0
2029,10,10,0
2030,17,16,1
2031,18,18,0
2032,13,13,0
2033,13,13,0
2034,11,10,1
2035,11,10,1
2036,12,11,1
2037,27,21,6
2038,28,21,7
2039,11,9,2
2040,15,13,2
2041,19,17,2
2042,4,4,0
2043,4,4,0
2044,13,12,1
2045,5,5,0
2046,10,10,0
2047,3,3,0
2048,10,9,1
2049,4,4,0
2050,7,7,0
2051,16,12,4
2052,5,5,0
2053,4,4,0
2054,7,7,0
2055,4,4,0
2056,27,23,4
2057,26,22,4
2058,10,10,0
2059,3,3,0
2060,5,4,1
2061,15,13,2
2062,8,8,0
2063,4,4,0
2064,9,8,1
2065,12,9,3
2066,4,4,0
2067,14,13,1
2068,19,18,1
2069,4,4,0
2070,19,17,2
2071,10,9,1
2072,20,19,1
2073,4,4,0
2074,20,19,1
2075,14,14,0
2076,10,9,1
2077,4,4,0
2078,30,24,6
2079,4,4,0
2080,20,18,2
2081,19,16,3
2082,16,16,0
2083,14,12,2
2084,17,16,1
2085,7,7,0
2086,19,14,5
2087,7,5,2
2088,18,17,1
2089,20,17,3
2090,6,6,0
2091,5,5,0
2092,26,24,2
2093,9,7,2
2094,9,9,0
2095,13,11,2
2096,6,6,0
2097,4,4,0
2098,24,19,5
2099,4,4,0
2100,5,5,0
2101,32,29,3
2102,41,37,4
2103,10,10,0
2104,4,4,0
2105,3,3,0
2106,10,10,0
2107,4,4,0
2108,4,4,0
2109,24,22,2
2110,8,7,1
2111,15,14,1
2112,9,8,1
2113,4,4,0
2114,15,13,2
2115,24,20,4
2116,7,7,0
2117,32,27,5
2118,15,14,1
2119,4,4,0
2120,15,14,1
2121,15,14,1
2122,15,14,1
2123,15,14,1
2124,13,13,0
2125,5,5,0
2126,23,19,4
2127,6,5,1
2128,14,14,0
2129,6,6,0
2130,3,3,0
2131,38,33,5
2132,4,4,0
2133,21,18,3
2134,18,16,2
2135,3,3,0
2136,5,5,0
2137,20,17,3
2138,6,6,0
2139,10,9,1
2140,20,17,3
2141,13,13,0
2142,14,12,2
2143,7,7,0
2144,7,7,0
2145,14,14,0
2146,16,14,2
2147,7,6,1
2148,16,15,1
2149,27,24,3
2150,5,4,1
2151,5,5,0
2152,9,9,0
2153,13,13,0
2154,7,7,0
2155,27,25,2
2156,14,13,1
2157,28,23,5
2158,7,7,0
2159,20,20,0
2160,26,21,5
2161,19,16,3
2162,18,15,3
2163,3,3,0
2164,4,4,0
2165,12,12,0
2166,8,8,0
2167,5,5,0
2168,4,4,0
2169,31,30,1
2170,14,11,3
2171,7,6,1
2172,6,6,0
2173,33,30,3
2174,4,4,0
2175,16,16,0
2176,4,4,0
2177,13,13,0
2178,25,24,1
2179,19,19,0
2180,10,10,0
2181,4,4,0
2182,23,18,5
2183,34,30,4
2184,16,12,4
2185,12,12,0
2186,4,4,0
2187,4,4,0
2188,4,4,0
2189,17,16,1
2190,5,5,0
2191,28,25,3
2192,25,23,2
2193,34,30,4
2194,16,12,4
2195,12,12,0
2196,4,4,0
2197,4,4,0
2198,4,4,0
2199,17,16,1
2200,5,5,0
2201,28,25,3
2202,25,23,2
2203,34,30,4
2204,16,12,4
2205,12,12,0
2206,4,4,0
2207,4,4,0
2208,4,4,0
2209,17,16,1
2210,5,5,0
2211,28,25,3
2212,25,23,2
2213,34,30,4
2214,16,12,4
2215,12,12,0
2216,4,4,0
2217,4,4,0
2218,4,4,0
2219,17,16,1
2220,5,5,0
2221,28,25,3
2222,25,23,2
2223,34,30,4
2224,16,12,4
2225,12,12,0
2226,4,4,0
2227,4,4,0
2228,4,4,0
2229,17,16,1
2230,5,5,0
2231,28,25,3
2232,25,23,2
2233,34,30,4
2234,16,12,4
2235,12,12,0
2236,4,4,0
2237,4,4,0
2238,4,4,0
2239,17,16,1
2240,5,5,0
2241,28,25,3
2242,25,23,2
2243,34,30,4
2244,16,12,4
2245,12,12,0
2246,4,4,0
2247,4,4,0
2248,4,4,0
2249,17,16,1
2250,5,5,0
2251,28,25,3
2252,25,23,2
2253,34,30,4
2254,16,12,4
2255,12,12,0
2256,4,4,0
2257,4,4,0
2258,4,4,0
2259,17,16,1
2260,5,5,0
2261,28,25,3
2262,25,23,2
2263,34,30,4
2264,16,12,4
2265,12,12,0
2266,4,4,0
2267,4,4,0
2268,4,4,0
2269,17,16,1
2270,5,5,0
2271,28,25,3
2272,25,23,2
2273,34,30,4
2274,16,12,4
2275,12,12,0
2276,4,4,0
2277,4,4,0
2278,4,4,0
2279,17,16,1
2280,5,5,0
2281,28,25,3
2282,25,23,2
2283,34,30,4
2284,16,12,4
2285,12,12,0
2286,4,4,0
2287,4,4,0
2288,4,4,0
2289,17,16,1
2290,5,5,0
2291,28,25,3
2292,25,23,2
2293,34,30,4
2294,16,12,4
2295,12,12,0
2296,4,4,0
2297,4,4,0
2298,4,4,0
2299,17,16,1
2300,5,5,0
2301,28,25,3
2302,25,23,2
2303,34,30,4
2304,16,12,4
2305,12,12,0
2306,4,4,0
2307,4,4,0
2308,4,4,0
2309,17,16,1
2310,5,5,0
2311,28,25,3
2312,25,23,2
2313,34,30,4
2314,16,12,4
2315,12,12,0
2316,4,4,0
2317,4,4,0
2318,4,4,0
2319,17,16,1
2320,5,5,0
2321,28,25,3
2322,25,23,2
2323,34,30,4
2324,16,12,4
2325,12,12,0
2326,4,4,0
2327,4,4,0
2328,4,4,0
2329,17,16,1
2330,5,5,0
2331,28,25,3
2332,25,23,2
2333,34,30,4
2334,16,12,4
2335,12,12,0
2336,4,4,0
2337,4,4,0
2338,4,4,0
2339,17,16,1
2340,5,5,0
2341,28,25,3
2342,25,23,2
2343,34,30,4
2344,16,12,4
2345,12,12,0
2346,4,4,0
2347,4,4,0
2348,4,4,0
2349,17,16,1
2350,5,5,0
2351,28,25,3
2352,25,23,2
2353,34,30,4
2354,16,12,4
2355,12,12,0
2356,4,4,0
2357,4,4,0
2358,4,4,0
2359,17,16,1
2360,5,5,0
2361,28,25,3
2362,25,23,2
2363,34,30,4
2364,16,12,4
2365,12,12,0
2366,4,4,0
2367,4,4,0
2368,4,4,0
2369,17,16,1
2370,5,5,0
2371,28,25,3
2372,25,23,2
2373,34,30,4
2374,16,12,4
2375,12,12,0
2376,4,4,0
2377,4,4,0
2378,4,4,0
2379,17,16,1
2380,5,5,0
2381,28,25,3
2382,25,23,2
2383,34,30,4
2384,16,12,4
2385,12,12,0
2386,4,4,0
2387,4,4,0
2388,4,4,0
2389,17,16,1
2390,5,5,0
2391,28,25,3
2392,25,23,2
2393,34,30,4
2394,16,12,4
2395,12,12,0
2396,4,4,0
2397,4,4,0
2398,4,4,0
2399,17,16,1
2400,5,5,0
2401,28,25,3
2402,25,23,2
2403,34,30,4
2404,16,12,4
2405,12,12,0
2406,4,4,0
2407,4,4,0
2408,4,4,0
2409,17,16,1
2410,5,5,0
2411,28,25,3
2412,25,23,2
2413,34,30,4
2414,16,12,4
2415,12,12,0
2416,4,4,0
2417,4,4,0
2418,4,4,0
2419,17,16,1
2420,5,5,0
2421,28,25,3
2422,25,23,2
2423,34,30,4
2424,16,12,4
2425,12,12,0
2426,4,4,0
2427,4,4,0
2428,4,4,0
2429,17,16,1
2430,5,5,0
2431,28,25,3
2432,25,23,2
2433,34,30,4
2434,16,12,4
2435,12,12,0
2436,4,4,0
2437,4,4,0
2438,4,4,0
2439,17,16,1
2440,5,5,0
2441,28,25,3
2442,25,23,2
2443,34,30,4
2444,16,12,4
2445,12,12,0
2446,4,4,0
2447,4,4,0
2448,4,4,0
2449,17,16,1
2450,5,5,0
2451,28,25,3
2452,25,23,2
2453,34,30,4
2454,16,12,4
2455,12,12,0
2456,4,4,0
2457,4,4,0
2458,4,4,0
2459,17,16,1
2460,5,5,0
2461,28,25,3
2462,25,23,2
2463,34,30,4
2464,16,12,4
2465,12,12,0
2466,4,4,0
2467,4,4,0
2468,4,4,0
2469,17,16,1
2470,5,5,0
2471,28,25,3
2472,25,23,2
2473,34,30,4
2474,16,12,4
2475,12,12,0
2476,4,4,0
2477,4,4,0
2478,4,4,0
2479,17,16,1
2480,5,5,0
2481,28,25,3
2482,25,23,2
2483,34,30,4
2484,16,12,4
2485,12,12,0
2486,4,4,0
2487,4,4,0
2488,4,4,0
2489,17,16,1
2490,5,5,0
2491,28,25,3
2492,25,23,2
2493,34,30,4
2494,16,12,4
2495,12,12,0
2496,4,4,0
2497,4,4,0
2498,4,4,0
2499,17,16,1
2500,5,5,0
2501,28,25,3
2502,25,23,2
2503,34,30,4
2504,16,12,4
2505,12,12,0
2506,4,4,0
2507,4,4,0
2508,4,4,0
2509,17,16,1
2510,5,5,0
2511,28,25,3
2512,25,23,2
2513,34,30,4
2514,16,12,4
2515,12,12,0
2516,4,4,0
2517,4,4,0
2518,4,4,0
2519,17,16,1
2520,5,5,0
2521,28,25,3
2522,25,23,2
2523,34,30,4
2524,16,12,4
2525,12,12,0
2526,4,4,0
2527,4,4,0
2528,4,4,0
2529,17,16,1
2530,5,5,0
2531,28,25,3
2532,25,23,2
2533,34,30,4
2534,16,12,4
2535,12,12,0
2536,4,4,0
2537,4,4,0
2538,4,4,0
2539,17,16,1
2540,5,5,0
2541,28,25,3
2542,25,23,2
2543,34,30,4
2544,16,12,4
2545,12,12,0
2546,4,4,0
2547,4,4,0
2548,4,4,0
2549,17,16,1
2550,5,5,0
2551,28,25,3
2552,25,23,2
2553,34,30,4
2554,16,12,4
2555,12,12,0
2556,4,4,0
2557,4,4,0
2558,4,4,0
2559,17,16,1
2560,5,5,0
2561,28,25,3
2562,25,23,2
2563,34,30,4
2564,16,12,4
2565,12,12,0
2566,4,4,0
2567,4,4,0
2568,4,4,0
2569,17,16,1
2570,5,5,0
2571,28,25,3
2572,25,23,2
2573,34,30,4
2574,16,12,4
2575,12,12,0
2576,4,4,0
2577,4,4,0
2578,4,4,0
2579,17,16,1
2580,5,5,0
2581,28,25,3
2582,25,23,2
2583,34,30,4
2584,16,12,4
2585,12,12,0
2586,4,4,0
2587,4,4,0
2588,4,4,0
2589,17,16,1
2590,5,5,0
2591,28,25,3
2592,25,23,2
2593,34,30,4
2594,16,12,4
2595,12,12,0
2596,4,4,0
2597,4,4,0
2598,4,4,0
2599,17,16,1
2600,5,5,0
2601,28,25,3
2602,25,23,2
2603,34,30,4
2604,16,12,4
2605,12,12,0
2606,4,4,0
2607,4,4,0
2608,4,4,0
2609,17,16,1
2610,5,5,0
2611,28,25,3
2612,25,23,2
2613,34,30,4
2614,16,12,4
2615,12,12,0
2616,4,4,0
2617,4,4,0
2618,4,4,0
2619,17,16,1
2620,5,5,0
2621,28,25,3
2622,25,23,2
2623,34,30,4
2624,16,12,4
2625,12,12,0
2626,4,4,0
2627,4,4,0
2628,4,4,0
2629,17,16,1
2630,5,5,0
2631,28,25,3
2632,25,23,2
2633,34,30,4
2634,16,12,4
2635,12,12,0
2636,4,4,0
2637,4,4,0
2638,4,4,0
2639,17,16,1
2640,5,5,0
2641,28,25,3
2642,25,23,2
2643,34,30,4
2644,16,12,4
2645,12,12,0
2646,4,4,0
2647,4,4,0
2648,4,4,0
2649,17,16,1
2650,5,5,0
2651,28,25,3
2652,25,23,2
2653,34,30,4
2654,16,12,4
2655,12,12,0
2656,4,4,0
2657,4,4,0
2658,4,4,0
2659,17,16,1
2660,5,5,0
2661,28,25,3
2662,25,23,2
2663,34,30,4
2664,16,12,4
2665,12,12,0
2666,4,4,0
2667,4,4,0
2668,4,4,0
2669,17,16,1
2670,5,5,0
2671,28,25,3
2672,25,23,2
2673,34,30,4
2674,16,12,4
2675,12,12,0
2676,4,4,0
2677,4,4,0
2678,4,4,0
2679,17,16,1
2680,5,5,0
2681,28,25,3
2682,25,23,2
2683,34,30,4
2684,16,12,4
2685,12,12,0
2686,4,4,0
2687,4,4,0
2688,4,4,0
2689,17,16,1
2690,5,5,0
2691,28,25,3
2692,25,23,2
2693,34,30,4
2694,16,12,4
2695,12,12,0
2696,4,4,0
2697,4,4,0
2698,4,4,0
2699,17,16,1
2700,5,5,0
2701,28,25,3
2702,25,23,2
2703,34,30,4
2704,16,12,4
2705,12,12,0
2706,4,4,0
2707,4,4,0
2708,4,4,0
2709,17,16,1
2710,5,5,0
2711,28,25,3
2712,25,23,2
2713,34,30,4
2714,16,12,4
2715,12,12,0
2716,4,4,0
2717,4,4,0
2718,4,4,0
2719,17,16,1
2720,5,5,0
2721,28,25,3
2722,25,23,2
2723,34,30,4
2724,16,12,4
2725,12,12,0
2726,4,4,0
2727,4,4,0
2728,4,4,0
2729,17,16,1
2730,5,5,0
2731,28,25,3
2732,25,23,2
2733,34,30,4
2734,16,12,4
2735,12,12,0
2736,4,4,0
2737,4,4,0
2738,4,4,0
2739,17,16,1
2740,5,5,0
2741,28,25,3
2742,25,23,2
2743,34,30,4
2744,16,12,4
2745,12,12,0
2746,4,4,0
2747,4,4,0
2748,4,4,0
2749,17,16,1
2750,5,5,0
2751,28,25,3
2752,25,23,2
2753,34,30,4
2754,16,12,4
2755,12,12,0
2756,4,4,0
2757,4,4,0
2758,4,4,0
2759,17,16,1
2760,5,5,0
2761,28,25,3
2762,25,23,2
2763,34,30,4
2764,16,12,4
2765,12,12,0
2766,4,4,0
2767,4,4,0
2768,4,4,0
2769,17,16,1
2770,5,5,0
2771,28,25,3
2772,25,23,2
2773,34,30,4
2774,16,12,4
2775,12,12,0
2776,4,4,0
2777,4,4,0
2778,4,4,0
2779,17,16,1
2780,5,5,0
2781,28,25,3
2782,25,23,2
2783,34,30,4
2784,16,12,4
2785,12,12,0
2786,4,4,0
2787,4,4,0
2788,4,4,0
2789,17,16,1
2790,5,5,0
2791,28,25,3
2792,25,23,2
2793,34,30,4
2794,16,12,4
2795,12,12,0
2796,4,4,0
2797,4,4,0
2798,4,4,0
2799,17,16,1
2800,5,5,0
2801,28,25,3
2802,25,23,2
2803,34,30,4
2804,16,12,4
2805,12,12,0
2806,4,4,0
2807,4,4,0
2808,4,4,0
2809,17,16,1
2810,5,5,0
2811,28,25,3
2812,25,23,2
2813,34,30,4
2814,16,12,4
2815,12,12,0
2816,4,4,0
2817,4,4,0
2818,4,4,0
2819,17,16,1
2820,5,5,0
2821,28,25,3
2822,25,23,2
2823,34,30,4
2824,16,12,4
2825,12,12,0
2826,4,4,0
2827,4,4,0
2828,4,4,0
2829,17,16,1
2830,5,5,0
2831,28,25,3
2832,25,23,2
2833,34,30,4
2834,16,12,4
2835,12,12,0
2836,4,4,0
2837,4,4,0
2838,4,4,0
2839,17,16,1
2840,5,5,0
2841,28,25,3
2842,25,23,2
2843,34,30,4
2844,16,12,4
2845,12,12,0
2846,4,4,0
2847,4,4,0
2848,4,4,0
2849,17,16,1
2850,5,5,0
2851,28,25,3
2852,25,23,2
2853,34,30,4
2854,16,12,4
2855,12,12,0
2856,4,4,0
2857,4,4,0
2858,4,4,0
2859,17,16,1
2860,5,5,0
2861,28,25,3
2862,25,23,2
2863,34,30,4
2864,16,12,4
2865,12,12,0
2866,4,4,0
2867,4,4,0
2868,4,4,0
2869,17,16,1
2870,5,5,0
2871,28,25,3
2872,25,23,2
2873,34,30,4
2874,16,12,4
2875,12,12,0
2876,4,4,0
2877,4,4,0
2878,4,4,0
2879,17,16,1
2880,5,5,0
2881,28,25,3
2882,25,23,2
2883,34,30,4
2884,16,12,4
2885,12,12,0
2886,4,4,0
2887,4,4,0
2888,4,4,0
2889,17,16,1
2890,5,5,0
2891,28,25,3
2892,25,23,2
2893,34,30,4
2894,16,12,4
2895,12,12,0
2896,4,4,0
2897,4,4,0
2898,4,4,0
2899,17,16,1
2900,5,5,0
2901,28,25,3
2902,25,23,2
2903,34,30,4
2904,16,12,4
2905,12,12,0
2906,4,4,0
2907,4,4,0
2908,4,4,0
2909,17,16,1
2910,5,5,0
2911,28,25,3
2912,25,23,2
2913,34,30,4
2914,16,12,4
2915,12,12,0
2916,4,4,0
2917,4,4,0
2918,4,4,0
2919,17,16,1
2920,5,5,0
2921,28,25,3
2922,25,23,2
2923,34,30,4
2924,16,12,4
2925,12,12,0
2926,4,4,0
2927,4,4,0
2928,4,4,0
2929,17,16,1
2930,5,5,0
2931,28,25,3
2932,25,23,2
2933,34,30,4
2934,16,12,4
2935,12,12,0
2936,4,4,0
2937,4,4,0
2938,4,4,0
2939,17,16,1
2940,5,5,0
2941,28,25,3
2942,25,23,2
2943,34,30,4
2944,16,12,4
2945,12,12,0
2946,4,4,0
2947,4,4,0
2948,4,4,0
2949,17,16,1
2950,5,5,0
2951,28,25,3
2952,25,23,2
2953,34,30,4
2954,16,12,4
2955,12,12,0
2956,4,4,0
2957,4,4,0
2958,4,4,0
2959,17,16,1
2960,5,5,0
2961,28,25,3
2962,25,23,2
2963,34,30,4
2964,16,12,4
2965,12,12,0
2966,4,4,0
2967,4,4,0
2968,4,4,0
2969,17,16,1
2970,5,5,0
2971,28,25,3
2972,25,23,2
2973,34,30,4
2974,16,12,4
2975,12,12,0
2976,4,4,0
2977,4,4,0
2978,4,4,0
2979,17,16,1
2980,5,5,0
2981,28,25,3
2982,25,23,2
2983,25,21,4
2984,11,9,2
2985,12,12,0
2986,13,11,2
2987,24,22,2
2988,6,5,1
2989,6,6,0
2990,31,29,2
2991,31,26,5
2992,11,11,0
2993,7,7,0
2994,5,5,0
2995,30,24,6
2996,4,4,0
2997,7,7,0
2998,7,7,0
2999,7,6,1
3000,6,6,0
3001,17,16,1
3002,8,7,1
3003,24,23,1
3004,4,4,0
3005,5,5,0
3006,4,4,0
3007,4,4,0
3008,5,5,0
3009,28,23,5
3010,5,4,1
3011,4,4,0
3012,4,4,0
3013,6,6,0
3014,16,15,1
3015,10,9,1
3016,7,7,0
3017,16,13,3
3018,4,4,0
3019,23,19,4
3020,10,9,1
3021,6,6,0
3022,4,4,0
3023,9,9,0
3024,7,6,1
3025,15,13,2
3026,4,4,0
3027,5,5,0
3028,11,11,0
3029,19,16,3
3030,15,14,1
3031,5,5,0
3032,8,8,0
3033,15,13,2
3034,4,4,0
3035,4,4,0
3036,6,6,0
3037,7,6,1
3038,19,17,2
3039,4,4,0
3040,5,5,0
3041,4,4,0
3042,6,5,1
3043,20,19,1
3044,5,5,0
3045,7,7,0
3046,7,7,0
3047,18,15,3
3048,4,4,0
3049,4,4,0
3050,4,4,0
3051,11,11,0
3052,4,4,0
3053,9,8,1
3054,11,11,0
3055,11,10,1
3056,11,11,0
3057,16,12,4
3058,4,4,0
3059,7,7,0
3060,4,4,0
3061,9,9,0
3062,4,4,0
3063,11,11,0
3064,4,4,0
3065,6,5,1
3066,5,5,0
3067,4,4,0
3068,7,7,0
3069,5,5,0
3070,10,9,1
3071,11,11,0
3072,4,4,0
3073,4,4,0
3074,4,4,0
3075,4,4,0
3076,9,8,1
3077,6,5,1
3078,4,4,0
3079,4,4,0
3080,93,86,7
3081,5,5,0
3082,4,4,0
3083,5,5,0
3084,6,6,0
3085,4,4,0
3086,4,4,0
3087,4,4,0
3088,5,5,0
3089,4,4,0
3090,6,6,0
3091,4,4,0
3092,4,4,0
3093,5,5,0
3094,18,17,1
3095,4,4,0
3096,4,4,0
3097,20,19,1
3098,24,22,2
3099,4,4,0
3100,5,4,1
3101,12,11,1
3102,21,19,2
3103,4,4,0
3104,24,21,3
3105,4,4,0
3106,3,3,0
3107,15,13,2
3108,7,6,1
3109,6,6,0
3110,4,4,0
3111,4,4,0
3112,4,4,0
3113,4,4,0
3114,13,13,0
3115,11,11,0
3116,4,4,0
3117,4,4,0
3118,4,4,0
3119,20,19,1
3120,8,8,0
3121,7,6,1
3122,26,21,5
3123,18,17,1
3124,4,4,0
3125,5,5,0
3126,10,9,1
3127,4,4,0
3128,9,7,2
3129,13,12,1
3130,6,5,1
3131,12,10,2
3132,4,4,0
3133,4,4,0
3134,6,6,0
3135,10,9,1
3136,18,18,0
3137,18,17,1
3138,4,4,0
3139,4,4,0
3140,6,5,1
3141,9,8,1
3142,7,7,0
3143,6,5,1
3144,6,5,1
3145,4,4,0
3146,4,4,0
3147,14,14,0
3148,13,13,0
3149,7,6,1
3150,314,294,20
3151,4,4,0
3152,4,4,0
3153,4,4,0
3154,12,11,1
3155,5,5,0
3156,6,6,0
3157,5,5,0
3158,5,4,1
3159,16,16,0
3160,7,7,0
3161,4,4,0
3162,4,4,0
3163,4,4,0
3164,12,11,1
3165,5,5,0
3166,6,6,0
3167,5,5,0
3168,5,4,1
3169,16,16,0
3170,7,7,0
3171,4,4,0
3172,4,4,0
3173,4,4,0
3174,12,11,1
3175,5,5,0
3176,6,6,0
3177,5,5,0
3178,5,4,1
3179,16,16,0
3180,7,7,0
3181,4,4,0
3182,4,4,0
3183,4,4,0
3184,12,11,1
3185,5,5,0
3186,6,6,0
3187,5,5,0
3188,5,4,1
3189,16,16,0
3190,7,7,0
3191,4,4,0
3192,4,4,0
3193,4,4,0
3194,12,11,1
3195,5,5,0
3196,6,6,0
3197,5,5,0
3198,5,4,1
3199,16,16,0
3200,7,7,0
3201,4,4,0
3202,4,4,0
3203,4,4,0
3204,12,11,1
3205,5,5,0
3206,6,6,0
3207,5,5,0
3208,5,4,1
3209,16,16,0
3210,7,7,0
3211,4,4,0
3212,4,4,0
3213,4,4,0
3214,12,11,1
3215,5,5,0
3216,6,6,0
3217,5,5,0
3218,5,4,1
3219,16,16,0
3220,7,7,0
3221,4,4,0
3222,4,4,0
3223,4,4,0
3224,12,11,1
3225,5,5,0
3226,6,6,0
3227,5,5,0
3228,5,4,1
3229,16,16,0
3230,7,7,0
3231,4,4,0
3232,4,4,0
3233,4,4,0
3234,12,11,1
3235,5,5,0
3236,6,6,0
3237,5,5,0
3238,5,4,1
3239,16,16,0
3240,7,7,0
3241,4,4,0
3242,4,4,0
3243,4,4,0
3244,12,11,1
3245,5,5,0
3246,6,6,0
3247,5,5,0
3248,5,4,1
3249,16,16,0
3250,7,7,0
3251,4,4,0
3252,4,4,0
3253,4,4,0
3254,12,11,1
3255,5,5,0
3256,6,6,0
3257,5,5,0
3258,5,4,1
3259,16,16,0
3260,7,7,0
3261,4,4,0
3262,4,4,0
3263,4,4,0
3264,12,11,1
3265,5,5,0
3266,6,6,0
3267,5,5,0
3268,5,4,1
3269,16,16,0
3270,7,7,0
3271,4,4,0
3272,4,4,0
3273,4,4,0
3274,12,11,1
3275,5,5,0
3276,6,6,0
3277,5,5,0
3278,5,4,1
3279,16,16,0
3280,7,7,0
3281,4,4,0
3282,4,4,0
3283,4,4,0
3284,12,11,1
3285,5,5,0
3286,6,6,0
3287,5,5,0
3288,5,4,1
3289,16,16,0
3290,7,7,0
3291,4,4,0
3292,4,4,0
3293,4,4,0
3294,12,11,1
3295,5,5,0
3296,6,6,0
3297,5,5,0
3298,5,4,1
3299,16,16,0
3300,7,7,0
3301,4,4,0
3302,4,4,0
3303,4,4,0
3304,12,11,1
3305,5,5,0
3306,6,6,0
3307,5,5,0
3308,5,4,1
3309,16,16,0
3310,7,7,0
3311,4,4,0
3312,4,4,0
3313,4,4,0
3314,12,11,1
3315,5,5,0
3316,6,6,0
3317,5,5,0
3318,5,4,1
3319,16,16,0
3320,7,7,0
3321,4,4,0
3322,4,4,0
3323,4,4,0
3324,12,11,1
3325,5,5,0
3326,6,6,0
3327,5,5,0
3328,5,4,1
3329,16,16,0
3330,7,7,0
3331,4,4,0
3332,4,4,0
3333,4,4,0
3334,12,11,1
3335,5,5,0
3336,6,6,0
3337,5,5,0
3338,5,4,1
3339,16,16,0
3340,7,7,0
3341,4,4,0
3342,4,4,0
3343,4,4,0
3344,12,11,1
3345,5,5,0
3346,6,6,0
3347,5,5,0
3348,5,4,1
3349,16,16,0
3350,7,7,0
3351,4,4,0
3352,4,4,0
3353,4,4,0
3354,12,11,1
3355,5,5,0
3356,6,6,0
3357,5,5,0
3358,5,4,1
3359,16,16,0
3360,7,7,0
3361,4,4,0
3362,4,4,0
3363,4,4,0
3364,12,11,1
3365,5,5,0
3366,6,6,0
3367,5,5,0
3368,5,4,1
3369,16,16,0
3370,7,7,0
3371,4,4,0
3372,4,4,0
3373,4,4,0
3374,12,11,1
3375,5,5,0
3376,6,6,0
3377,5,5,0
3378,5,4,1
3379,16,16,0
3380,7,7,0
3381,4,4,0
3382,4,4,0
3383,4,4,0
3384,12,11,1
3385,5,5,0
3386,6,6,0
3387,5,5,0
3388,5,4,1
3389,16,16,0
3390,7,7,0
3391,4,4,0
3392,4,4,0
3393,4,4,0
3394,12,11,1
3395,5,5,0
3396,6,6,0
3397,5,5,0
3398,5,4,1
3399,16,16,0
3400,7,7,0
3401,4,4,0
3402,4,4,0
3403,4,4,0
3404,12,11,1
3405,5,5,0
3406,6,6,0
3407,5,5,0
3408,5,4,1
3409,16,16,0
3410,7,7,0
3411,4,4,0
3412,4,4,0
3413,4,4,0
3414,12,11,1
3415,5,5,0
3416,6,6,0
3417,5,5,0
3418,5,4,1
3419,16,16,0
3420,7,7,0
3421,4,4,0
3422,4,4,0
3423,4,4,0
3424,12,11,1
3425,5,5,0
3426,6,6,0
3427,5,5,0
3428,5,4,1
3429,16,16,0
3430,7,7,0
3431,4,4,0
3432,4,4,0
3433,4,4,0
3434,12,11,1
3435,5,5,0
3436,6,6,0
3437,5,5,0
3438,5,4,1
3439,16,16,0
3440,7,7,0
3441,4,4,0
3442,4,4,0
3443,4,4,0
3444,12,11,1
3445,5,5,0
3446,6,6,0
3447,5,5,0
3448,5,4,1
3449,16,16,0
3450,7,7,0
3451,4,4,0
3452,4,4,0
3453,4,4,0
3454,12,11,1
3455,5,5,0
3456,6,6,0
3457,5,5,0
3458,5,4,1
3459,16,16,0
3460,7,7,0
3461,4,4,0
3462,4,4,0
3463,4,4,0
3464,12,11,1
3465,5,5,0
3466,6,6,0
3467,5,5,0
3468,5,4,1
3469,16,16,0
3470,7,7,0
3471,4,4,0
3472,4,4,0
3473,4,4,0
3474,12,11,1
3475,5,5,0
3476,6,6,0
3477,5,5,0
3478,5,4,1
3479,16,16,0
3480,7,7,0
3481,4,4,0
3482,4,4,0
3483,4,4,0
3484,12,11,1
3485,5,5,0
3486,6,6,0
3487,5,5,0
3488,5,4,1
3489,16,16,0
3490,7,7,0
3491,4,4,0
3492,4,4,0
3493,4,4,0
3494,12,11,1
3495,5,5,0
3496,6,6,0
3497,5,5,0
3498,5,4,1
3499,16,16,0
3500,7,7,0
3501,4,4,0
3502,4,4,0
3503,4,4,0
3504,12,11,1
3505,5,5,0
3506,6,6,0
3507,5,5,0
3508,5,4,1
3509,16,16,0
3510,7,7,0
3511,4,4,0
3512,4,4,0
3513,4,4,0
3514,12,11,1
3515,5,5,0
3516,6,6,0
3517,5,5,0
3518,5,4,1
3519,16,16,0
3520,7,7,0
3521,4,4,0
3522,4,4,0
3523,4,4,0
3524,12,11,1
3525,5,5,0
3526,6,6,0
3527,5,5,0
3528,5,4,1
3529,16,16,0
3530,7,7,0
3531,4,4,0
3532,4,4,0
3533,4,4,0
3534,12,11,1
3535,5,5,0
3536,6,6,0
3537,5,5,0
3538,5,4,1
3539,16,16,0
3540,7,7,0
3541,4,4,0
3542,4,4,0
3543,4,4,0
3544,12,11,1
3545,5,5,0
3546,6,6,0
3547,5,5,0
3548,5,4,1
3549,16,16,0
3550,7,7,0
3551,4,4,0
3552,4,4,0
3553,4,4,0
3554,12,11,1
3555,5,5,0
3556,6,6,0
3557,5,5,0
3558,5,4,1
3559,16,16,0
3560,7,7,0
3561,4,4,0
3562,4,4,0
3563,4,4,0
3564,12,11,1
3565,5,5,0
3566,6,6,0
3567,5,5,0
3568,5,4,1
3569,16,16,0
3570,7,7,0
3571,4,4,0
3572,4,4,0
3573,4,4,0
3574,12,11,1
3575,5,5,0
3576,6,6,0
3577,5,5,0
3578,5,4,1
3579,16,16,0
3580,7,7,0
3581,4,4,0
3582,4,4,0
3583,4,4,0
3584,12,11,1
3585,5,5,0
3586,6,6,0
3587,5,5,0
3588,5,4,1
3589,16,16,0
3590,7,7,0
3591,4,4,0
3592,4,4,0
3593,4,4,0
3594,12,11,1
3595,5,5,0
3596,6,6,0
3597,5,5,0
3598,5,4,1
3599,16,16,0
3600,7,7,0
3601,4,4,0
3602,4,4,0
3603,4,4,0
3604,12,11,1
3605,5,5,0
3606,6,6,0
3607,5,5,0
3608,5,4,1
3609,16,16,0
3610,7,7,0
3611,4,4,0
3612,4,4,0
3613,4,4,0
3614,12,11,1
3615,5,5,0
3616,6,6,0
3617,5,5,0
3618,5,4,1
3619,16,16,0
3620,7,7,0
3621,4,4,0
3622,4,4,0
3623,4,4,0
3624,12,11,1
3625,5,5,0
3626,6,6,0
3627,5,5,0
3628,5,4,1
3629,16,16,0
3630,7,7,0
3631,4,4,0
3632,4,4,0
3633,4,4,0
3634,12,11,1
3635,5,5,0
3636,6,6,0
3637,5,5,0
3638,5,4,1
3639,16,16,0
3640,7,7,0
3641,4,4,0
3642,4,4,0
3643,4,4,0
3644,12,11,1
3645,5,5,0
3646,6,6,0
3647,5,5,0
3648,5,4,1
3649,16,16,0
3650,7,7,0
3651,4,4,0
3652,4,4,0
3653,4,4,0
3654,12,11,1
3655,5,5,0
3656,6,6,0
3657,5,5,0
3658,5,4,1
3659,16,16,0
3660,7,7,0
3661,4,4,0
3662,4,4,0
3663,4,4,0
3664,12,11,1
3665,5,5,0
3666,6,6,0
3667,5,5,0
3668,5,4,1
3669,16,16,0
3670,7,7,0
3671,4,4,0
3672,4,4,0
3673,4,4,0
3674,12,11,1
3675,5,5,0
3676,6,6,0
3677,5,5,0
3678,5,4,1
3679,16,16,0
3680,7,7,0
3681,4,4,0
3682,4,4,0
3683,4,4,0
3684,12,11,1
3685,5,5,0
3686,6,6,0
3687,5,5,0
3688,5,4,1
3689,16,16,0
3690,7,7,0
3691,4,4,0
3692,4,4,0
3693,4,4,0
3694,12,11,1
3695,5,5,0
3696,6,6,0
3697,5,5,0
3698,5,4,1
3699,16,16,0
3700,7,7,0
3701,4,4,0
3702,4,4,0
3703,4,4,0
3704,12,11,1
3705,5,5,0
3706,6,6,0
3707,5,5,0
3708,5,4,1
3709,16,16,0
3710,7,7,0
3711,4,4,0
3712,4,4,0
3713,4,4,0
3714,12,11,1
3715,5,5,0
3716,6,6,0
3717,5,5,0
3718,5,4,1
3719,16,16,0
3720,7,7,0
3721,4,4,0
3722,4,4,0
3723,4,4,0
3724,12,11,1
3725,5,5,0
3726,6,6,0
3727,5,5,0
3728,5,4,1
3729,16,16,0
3730,7,7,0
3731,4,4,0
3732,4,4,0
3733,4,4,0
3734,12,11,1
3735,5,5,0
3736,6,6,0
3737,5,5,0
3738,5,4,1
3739,16,16,0
3740,7,7,0
3741,4,4,0
3742,4,4,0
3743,4,4,0
3744,12,11,1
3745,5,5,0
3746,6,6,0
3747,5,5,0
3748,5,4,1
3749,16,16,0
3750,7,7,0
3751,4,4,0
3752,4,4,0
3753,4,4,0
3754,12,11,1
3755,5,5,0
3756,6,6,0
3757,5,5,0
3758,5,4,1
3759,16,16,0
3760,7,7,0
3761,4,4,0
3762,4,4,0
3763,4,4,0
3764,12,11,1
3765,5,5,0
3766,6,6,0
3767,5,5,0
3768,5,4,1
3769,16,16,0
3770,7,7,0
3771,4,4,0
3772,4,4,0
3773,4,4,0
3774,12,11,1
3775,5,5,0
3776,6,6,0
3777,5,5,0
3778,5,4,1
3779,16,16,0
3780,7,7,0
3781,4,4,0
3782,4,4,0
3783,4,4,0
3784,12,11,1
3785,5,5,0
3786,6,6,0
3787,5,5,0
3788,5,4,1
3789,16,16,0
3790,7,7,0
3791,4,4,0
3792,4,4,0
3793,4,4,0
3794,12,11,1
3795,5,5,0
3796,6,6,0
3797,5,5,0
3798,5,4,1
3799,16,16,0
3800,7,7,0
3801,4,4,0
3802,4,4,0
3803,4,4,0
3804,12,11,1
3805,5,5,0
3806,6,6,0
3807,5,5,0
3808,5,4,1
3809,16,16,0
3810,7,7,0
3811,4,4,0
3812,4,4,0
3813,4,4,0
3814,12,11,1
3815,5,5,0
3816,6,6,0
3817,5,5,0
3818,5,4,1
3819,16,16,0
3820,7,7,0
3821,4,4,0
3822,4,4,0
3823,4,4,0
3824,12,11,1
3825,5,5,0
3826,6,6,0
3827,5,5,0
3828,5,4,1
3829,16,16,0
3830,7,7,0
3831,4,4,0
3832,4,4,0
3833,4,4,0
3834,12,11,1
3835,5,5,0
3836,6,6,0
3837,5,5,0
3838,5,4,1
3839,16,16,0
3840,7,7,0
3841,4,4,0
3842,4,4,0
3843,4,4,0
3844,12,11,1
3845,5,5,0
3846,6,6,0
3847,5,5,0
3848,5,4,1
3849,16,16,0
3850,7,7,0
3851,4,4,0
3852,4,4,0
3853,4,4,0
3854,12,11,1
3855,5,5,0
3856,6,6,0
3857,5,5,0
3858,5,4,1
3859,16,16,0
3860,7,7,0
3861,4,4,0
3862,4,4,0
3863,4,4,0
3864,12,11,1
3865,5,5,0
3866,6,6,0
3867,5,5,0
3868,5,4,1
3869,16,16,0
3870,7,7,0
3871,4,4,0
3872,4,4,0
3873,4,4,0
3874,12,11,1
3875,5,5,0
3876,6,6,0
3877,5,5,0
3878,5,4,1
3879,16,16,0
3880,7,7,0
3881,4,4,0
3882,4,4,0
3883,4,4,0
3884,12,11,1
3885,5,5,0
3886,6,6,0
3887,5,5,0
3888,5,4,1
3889,16,16,0
3890,7,7,0
3891,4,4,0
3892,4,4,0
3893,4,4,0
3894,12,11,1
3895,5,5,0
3896,6,6,0
3897,5,5,0
3898,5,4,1
3899,16,16,0
3900,7,7,0
3901,4,4,0
3902,4,4,0
3903,4,4,0
3904,12,11,1
3905,5,5,0
3906,6,6,0
3907,5,5,0
3908,5,4,1
3909,16,16,0
3910,7,7,0
3911,4,4,0
3912,4,4,0
3913,4,4,0
3914,12,11,1
3915,5,5,0
3916,6,6,0
3917,5,5,0
3918,5,4,1
3919,16,16,0
3920,7,7,0
3921,4,4,0
3922,4,4,0
3923,4,4,0
3924,12,11,1
3925,5,5,0
3926,6,6,0
3927,5,5,0
3928,5,4,1
3929,16,16,0
3930,7,7,0
3931,4,4,0
3932,4,4,0
3933,4,4,0
3934,12,11,1
3935,5,5,0
3936,6,6,0
3937,5,5,0
3938,5,4,1
3939,16,16,0
3940,7,7,0
3941,4,4,0
3942,7,6,1
3943,15,14,1
3944,9,9,0
3945,10,10,0
3946,19,19,0
3947,5,5,0
3948,12,10,2
3949,24,22,2
3950,12,10,2
3951,12,10,2
3952,12,10,2
3953,14,13,1
3954,15,14,1
3955,12,10,2
3956,7,7,0
3957,16,16,0
3958,9,8,1
3959,6,6,0
3960,16,16,0
3961,25,22,3
3962,15,13,2
3963,27,24,3
3964,5,5,0
3965,11,9,2
3966,6,6,0
3967,15,13,2
3968,9,8,1
3969,5,5,0
3970,21,19,2
3971,11,11,0
3972,19,16,3
3973,11,9,2
3974,10,10,0
3975,11,11,0
3976,6,6,0
3977,6,6,0
3978,6,6,0
3979,6,6,0
3980,7,7,0
3981,16,15,1
3982,23,22,1
3983,26,24,2
3984,18,17,1
3985,7,6,1
3986,7,6,1
3987,7,6,1
3988,28,25,3
3989,5,4,1
3990,5,5,0
3991,10,10,0
3992,18,18,0
3993,4,4,0
3994,15,13,2
3995,9,9,0
3996,8,7,1
3997,6,6,0
3998,12,12,0
3999,6,6,0
4000,27,25,2
4001,9,9,0
4002,8,8,0
4003,8,8,0
4004,23,23,0
4005,32,30,2
4006,4,4,0
4007,5,5,0
4008,7,7,0
4009,5,5,0
4010,5,5,0
4011,8,7,1
4012,10,9,1
4013,5,5,0
4014,21,18,3
4015,7,7,0
4016,14,13,1
4017,10,10,0
4018,9,9,0
4019,19,18,1
4020,5,5,0
4021,10,9,1
4022,4,4,0
4023,12,11,1
4024,11,11,0
4025,5,5,0
4026,5,5,0
4027,36,30,6
4028,7,7,0
4029,9,9,0
4030,26,24,2
4031,6,6,0
4032,7,7,0
4033,7,7,0
4034,13,13,0
4035,66,64,2
4036,11,10,1
4037,5,5,0
4038,30,26,4
4039,5,5,0
4040,28,26,2
4041,5,5,0
4042,6,6,0
4043,4,4,0
4044,11,11,0
4045,8,8,0
4046,6,6,0
4047,10,9,1
4048,8,7,1
4049,4,4,0
4050,14,14,0
4051,14,14,0
4052,20,18,2
4053,7,7,0
4054,7,7,0
4055,26,23,3
4056,7,7,0
4057,7,7,0
4058,11,10,1
4059,7,7,0
4060,15,14,1
4061,6,6,0
4062,6,6,0
4063,6,6,0
4064,8,8,0
4065,11,10,1
4066,5,4,1
4067,13,12,1
4068,5,5,0
4069,7,7,0
4070,5,5,0
4071,9,8,1
4072,17,17,0
4073,13,12,1
4074,6,6,0
4075,8,8,0
4076,6,6,0
4077,22,19,3
4078,33,30,3
4079,14,13,1
4080,5,5,0
4081,8,7,1
4082,10,9,1
4083,12,12,0
4084,5,5,0
4085,5,5,0
4086,5,5,0
4087,17,15,2
4088,26,24,2
4089,12,11,1
4090,6,6,0
4091,11,11,0
4092,5,5,0
4093,8,7,1
4094,6,6,0
4095,8,8,0
4096,30,26,4
4097,10,10,0
4098,8,8,0
4099,7,7,0
4100,31,24,7
4101,34,32,2
4102,6,6,0
4103,6,6,0
4104,19,19,0
4105,9,9,0
4106,13,12,1
4107,19,19,0
4108,7,7,0
4109,12,12,0
4110,10,9,1
4111,6,6,0
4112,9,9,0
4113,11,11,0
4114,5,5,0
4115,12,10,2
4116,6,6,0
4117,7,7,0
4118,15,15,0
4119,7,7,0
4120,8,8,0
4121,19,17,2
4122,5,5,0
4123,12,11,1
4124,6,6,0
4125,5,5,0
4126,24,22,2
4127,5,5,0
4128,7,7,0
4129,11,10,1
4130,6,6,0
4131,16,16,0
4132,5,5,0
4133,6,6,0
4134,4,4,0
4135,15,12,3
4136,14,13,1
4137,5,5,0
4138,4,4,0
4139,7,7,0
4140,14,13,1
4141,12,12,0
4142,10,10,0
4143,4,4,0
4144,4,4,0
4145,15,12,3
4146,14,13,1
4147,5,5,0
4148,4,4,0
4149,7,7,0
4150,14,13,1
4151,12,12,0
4152,10,10,0
4153,4,4,0
4154,4,4,0
4155,15,12,3
4156,14,13,1
4157,5,5,0
4158,4,4,0
4159,7,7,0
4160,14,13,1
4161,12,12,0
4162,10,10,0
4163,4,4,0
4164,4,4,0
4165,15,12,3
4166,14,13,1
4167,5,5,0
4168,4,4,0
4169,7,7,0
4170,14,13,1
4171,12,12,0
4172,10,10,0
4173,4,4,0
4174,4,4,0
4175,15,12,3
4176,14,13,1
4177,5,5,0
4178,4,4,0
4179,7,7,0
4180,14,13,1
4181,12,12,0
4182,10,10,0
4183,4,4,0
4184,4,4,0
4185,15,12,3
4186,14,13,1
4187,5,5,0
4188,4,4,0
4189,7,7,0
4190,14,13,1
4191,12,12,0
4192,10,10,0
4193,4,4,0
4194,4,4,0
4195,15,12,3
4196,14,13,1
4197,5,5,0
4198,4,4,0
4199,7,7,0
4200,14,13,1
4201,12,12,0
4202,10,10,0
4203,4,4,0
4204,4,4,0
4205,15,12,3
4206,14,13,1
4207,5,5,0
4208,4,4,0
4209,7,7,0
4210,14,13,1
4211,12,12,0
4212,10,10,0
4213,4,4,0
4214,4,4,0
4215,15,12,3
4216,14,13,1
4217,5,5,0
4218,4,4,0
4219,7,7,0
4220,14,13,1
4221,12,12,0
4222,10,10,0
4223,4,4,0
4224,4,4,0
4225,15,12,3
4226,14,13,1
4227,5,5,0
4228,4,4,0
4229,7,7,0
4230,14,13,1
4231,12,12,0
4232,10,10,0
4233,4,4,0
4234,4,4,0
4235,15,12,3
4236,14,13,1
4237,5,5,0
4238,4,4,0
4239,7,7,0
4240,14,13,1
4241,12,12,0
4242,10,10,0
4243,4,4,0
4244,4,4,0
4245,15,12,3
4246,14,13,1
4247,5,5,0
4248,4,4,0
4249,7,7,0
4250,14,13,1
4251,12,12,0
4252,10,10,0
4253,4,4,0
4254,4,4,0
4255,15,12,3
4256,14,13,1
4257,5,5,0
4258,4,4,0
4259,7,7,0
4260,14,13,1
4261,12,12,0
4262,10,10,0
4263,4,4,0
4264,4,4,0
4265,15,12,3
4266,14,13,1
4267,5,5,0
4268,4,4,0
4269,7,7,0
4270,14,13,1
4271,12,12,0
4272,10,10,0
4273,4,4,0
4274,4,4,0
4275,15,12,3
4276,14,13,1
4277,5,5,0
4278,4,4,0
4279,7,7,0
4280,14,13,1
4281,12,12,0
4282,10,10,0
4283,4,4,0
4284,4,4,0
4285,15,12,3
4286,14,13,1
4287,5,5,0
4288,4,4,0
4289,7,7,0
4290,14,13,1
4291,12,12,0
4292,10,10,0
4293,4,4,0
4294,4,4,0
4295,15,12,3
4296,14,13,1
4297,5,5,0
4298,4,4,0
4299,7,7,0
4300,14,13,1
4301,12,12,0
4302,10,10,0
4303,4,4,0
4304,4,4,0
4305,15,12,3
4306,14,13,1
4307,5,5,0
4308,4,4,0
4309,7,7,0
4310,14,13,1
4311,12,12,0
4312,10,10,0
4313,4,4,0
4314,4,4,0
4315,15,12,3
4316,14,13,1
4317,5,5,0
4318,4,4,0
4319,7,7,0
4320,14,13,1
4321,12,12,0
4322,10,10,0
4323,4,4,0
4324,4,4,0
4325,15,12,3
4326,14,13,1
4327,5,5,0
4328,4,4,0
4329,7,7,0
4330,14,13,1
4331,12,12,0
4332,10,10,0
4333,4,4,0
4334,4,4,0
4335,15,12,3
4336,14,13,1
4337,5,5,0
4338,4,4,0
4339,7,7,0
4340,14,13,1
4341,12,12,0
4342,10,10,0
4343,4,4,0
4344,4,4,0
4345,15,12,3
4346,14,13,1
4347,5,5,0
4348,4,4,0
4349,7,7,0
4350,14,13,1
4351,12,12,0
4352,10,10,0
4353,4,4,0
4354,4,4,0
4355,15,12,3
4356,14,13,1
4357,5,5,0
4358,4,4,0
4359,7,7,0
4360,14,13,1
4361,12,12,0
4362,10,10,0
4363,4,4,0
4364,4,4,0
4365,15,12,3
4366,14,13,1
4367,5,5,0
4368,4,4,0
4369,7,7,0
4370,14,13,1
4371,12,12,0
4372,10,10,0
4373,4,4,0
4374,4,4,0
4375,15,12,3
4376,14,13,1
4377,5,5,0
4378,4,4,0
4379,7,7,0
4380,14,13,1
4381,12,12,0
4382,10,10,0
4383,4,4,0
4384,4,4,0
4385,15,12,3
4386,14,13,1
4387,5,5,0
4388,4,4,0
4389,7,7,0
4390,14,13,1
4391,12,12,0
4392,10,10,0
4393,4,4,0
4394,4,4,0
4395,15,12,3
4396,14,13,1
4397,5,5,0
4398,4,4,0
4399,7,7,0
4400,14,13,1
4401,12,12,0
4402,10,10,0
4403,4,4,0
4404,4,4,0
4405,15,12,3
4406,14,13,1
4407,5,5,0
4408,4,4,0
4409,7,7,0
4410,14,13,1
4411,12,12,0
4412,10,10,0
4413,4,4,0
4414,4,4,0
4415,15,12,3
4416,14,13,1
4417,5,5,0
4418,4,4,0
4419,7,7,0
4420,14,13,1
4421,12,12,0
4422,10,10,0
4423,4,4,0
4424,4,4,0
4425,15,12,3
4426,14,13,1
4427,5,5,0
4428,4,4,0
4429,7,7,0
4430,14,13,1
4431,12,12,0
4432,10,10,0
4433,4,4,0
4434,4,4,0
4435,15,12,3
4436,14,13,1
4437,5,5,0
4438,4,4,0
4439,7,7,0
4440,14,13,1
4441,12,12,0
4442,10,10,0
4443,4,4,0
4444,4,4,0
4445,15,12,3
4446,14,13,1
4447,5,5,0
4448,4,4,0
4449,7,7,0
4450,14,13,1
4451,12,12,0
4452,10,10,0
4453,4,4,0
4454,4,4,0
4455,15,12,3
4456,14,13,1
4457,5,5,0
4458,4,4,0
4459,7,7,0
4460,14,13,1
4461,12,12,0
4462,10,10,0
4463,4,4,0
4464,4,4,0
4465,15,12,3
4466,14,13,1
4467,5,5,0
4468,4,4,0
4469,7,7,0
4470,14,13,1
4471,12,12,0
4472,10,10,0
4473,4,4,0
4474,4,4,0
4475,15,12,3
4476,14,13,1
4477,5,5,0
4478,4,4,0
4479,7,7,0
4480,14,13,1
4481,12,12,0
4482,10,10,0
4483,4,4,0
4484,4,4,0
4485,15,12,3
4486,14,13,1
4487,5,5,0
4488,4,4,0
4489,7,7,0
4490,14,13,1
4491,12,12,0
4492,10,10,0
4493,4,4,0
4494,4,4,0
4495,15,12,3
4496,14,13,1
4497,5,5,0
4498,4,4,0
4499,7,7,0
4500,14,13,1
4501,12,12,0
4502,10,10,0
4503,4,4,0
4504,4,4,0
4505,15,12,3
4506,14,13,1
4507,5,5,0
4508,4,4,0
4509,7,7,0
4510,14,13,1
4511,12,12,0
4512,10,10,0
4513,4,4,0
4514,4,4,0
4515,15,12,3
4516,14,13,1
4517,5,5,0
4518,4,4,0
4519,7,7,0
4520,14,13,1
4521,12,12,0
4522,10,10,0
4523,4,4,0
4524,4,4,0
4525,15,12,3
4526,14,13,1
4527,5,5,0
4528,4,4,0
4529,7,7,0
4530,14,13,1
4531,12,12,0
4532,10,10,0
4533,4,4,0
4534,4,4,0
4535,15,12,3
4536,14,13,1
4537,5,5,0
4538,4,4,0
4539,7,7,0
4540,14,13,1
4541,12,12,0
4542,10,10,0
4543,4,4,0
4544,4,4,0
4545,15,12,3
4546,14,13,1
4547,5,5,0
4548,4,4,0
4549,7,7,0
4550,14,13,1
4551,12,12,0
4552,10,10,0
4553,4,4,0
4554,4,4,0
4555,15,12,3
4556,14,13,1
4557,5,5,0
4558,4,4,0
4559,7,7,0
4560,14,13,1
4561,12,12,0
4562,10,10,0
4563,4,4,0
4564,4,4,0
4565,15,12,3
4566,14,13,1
4567,5,5,0
4568,4,4,0
4569,7,7,0
4570,14,13,1
4571,12,12,0
4572,10,10,0
4573,4,4,0
4574,4,4,0
4575,15,12,3
4576,14,13,1
4577,5,5,0
4578,4,4,0
4579,7,7,0
4580,14,13,1
4581,12,12,0
4582,10,10,0
4583,4,4,0
4584,4,4,0
4585,15,12,3
4586,14,13,1
4587,5,5,0
4588,4,4,0
4589,7,7,0
4590,14,13,1
4591,12,12,0
4592,10,10,0
4593,4,4,0
4594,4,4,0
4595,15,12,3
4596,14,13,1
4597,5,5,0
4598,4,4,0
4599,7,7,0
4600,14,13,1
4601,12,12,0
4602,10,10,0
4603,4,4,0
4604,4,4,0
4605,15,12,3
4606,14,13,1
4607,5,5,0
4608,4,4,0
4609,7,7,0
4610,14,13,1
4611,12,12,0
4612,10,10,0
4613,4,4,0
4614,4,4,0
4615,15,12,3
4616,14,13,1
4617,5,5,0
4618,4,4,0
4619,7,7,0
4620,14,13,1
4621,12,12,0
4622,10,10,0
4623,4,4,0
4624,4,4,0
4625,15,12,3
4626,14,13,1
4627,5,5,0
4628,4,4,0
4629,7,7,0
4630,14,13,1
4631,12,12,0
4632,10,10,0
4633,4,4,0
4634,4,4,0
4635,15,12,3
4636,14,13,1
4637,5,5,0
4638,4,4,0
4639,7,7,0
4640,14,13,1
4641,12,12,0
4642,10,10,0
4643,4,4,0
4644,4,4,0
4645,15,12,3
4646,14,13,1
4647,5,5,0
4648,4,4,0
4649,7,7,0
4650,14,13,1
4651,12,12,0
4652,10,10,0
4653,4,4,0
4654,4,4,0
4655,15,12,3
4656,14,13,1
4657,5,5,0
4658,4,4,0
4659,7,7,0
4660,14,13,1
4661,12,12,0
4662,10,10,0
4663,4,4,0
4664,4,4,0
4665,15,12,3
4666,14,13,1
4667,5,5,0
4668,4,4,0
4669,7,7,0
4670,14,13,1
4671,12,12,0
4672,10,10,0
4673,4,4,0
4674,4,4,0
4675,15,12,3
4676,14,13,1
4677,5,5,0
4678,4,4,0
4679,7,7,0
4680,14,13,1
4681,12,12,0
4682,10,10,0
4683,4,4,0
4684,4,4,0
4685,15,12,3
4686,14,13,1
4687,5,5,0
4688,4,4,0
4689,7,7,0
4690,14,13,1
4691,12,12,0
4692,10,10,0
4693,4,4,0
4694,4,4,0
4695,15,12,3
4696,14,13,1
4697,5,5,0
4698,4,4,0
4699,7,7,0
4700,14,13,1
4701,12,12,0
4702,10,10,0
4703,4,4,0
4704,4,4,0
4705,15,12,3
4706,14,13,1
4707,5,5,0
4708,4,4,0
4709,7,7,0
4710,14,13,1
4711,12,12,0
4712,10,10,0
4713,4,4,0
4714,4,4,0
4715,15,12,3
4716,14,13,1
4717,5,5,0
4718,4,4,0
4719,7,7,0
4720,14,13,1
4721,12,12,0
4722,10,10,0
4723,4,4,0
4724,4,4,0
4725,15,12,3
4726,14,13,1
4727,5,5,0
4728,4,4,0
4729,7,7,0
4730,14,13,1
4731,12,12,0
4732,10,10,0
4733,4,4,0
4734,4,4,0
4735,15,12,3
4736,14,13,1
4737,5,5,0
4738,4,4,0
4739,7,7,0
4740,14,13,1
4741,12,12,0
4742,10,10,0
4743,4,4,0
4744,4,4,0
4745,15,12,3
4746,14,13,1
4747,5,5,0
4748,4,4,0
4749,7,7,0
4750,14,13,1
4751,12,12,0
4752,10,10,0
4753,4,4,0
4754,4,4,0
4755,15,12,3
4756,14,13,1
4757,5,5,0
4758,4,4,0
4759,7,7,0
4760,14,13,1
4761,12,12,0
4762,10,10,0
4763,4,4,0
4764,4,4,0
4765,15,12,3
4766,14,13,1
4767,5,5,0
4768,4,4,0
4769,7,7,0
4770,14,13,1
4771,12,12,0
4772,10,10,0
4773,4,4,0
4774,4,4,0
4775,15,12,3
4776,14,13,1
4777,5,5,0
4778,4,4,0
4779,7,7,0
4780,14,13,1
4781,12,12,0
4782,10,10,0
4783,4,4,0
4784,4,4,0
4785,15,12,3
4786,14,13,1
4787,5,5,0
4788,4,4,0
4789,7,7,0
4790,14,13,1
4791,12,12,0
4792,10,10,0
4793,4,4,0
4794,4,4,0
4795,15,12,3
4796,14,13,1
4797,5,5,0
4798,4,4,0
4799,7,7,0
4800,14,13,1
4801,12,12,0
4802,10,10,0
4803,4,4,0
4804,4,4,0
4805,15,12,3
4806,14,13,1
4807,5,5,0
4808,4,4,0
4809,7,7,0
4810,14,13,1
4811,12,12,0
4812,10,10,0
4813,4,4,0
4814,4,4,0
4815,15,12,3
4816,14,13,1
4817,5,5,0
4818,4,4,0
4819,7,7,0
4820,14,13,1
4821,12,12,0
4822,10,10,0
4823,4,4,0
4824,4,4,0
4825,15,12,3
4826,14,13,1
4827,5,5,0
4828,4,4,0
4829,7,7,0
4830,14,13,1
4831,12,12,0
4832,10,10,0
4833,4,4,0
4834,4,4,0
4835,15,12,3
4836,14,13,1
4837,5,5,0
4838,4,4,0
4839,7,7,0
4840,14,13,1
4841,12,12,0
4842,10,10,0
4843,4,4,0
4844,4,4,0
4845,15,12,3
4846,14,13,1
4847,5,5,0
4848,4,4,0
4849,7,7,0
4850,14,13,1
4851,12,12,0
4852,10,10,0
4853,4,4,0
4854,4,4,0
4855,15,12,3
4856,14,13,1
4857,5,5,0
4858,4,4,0
4859,7,7,0
4860,14,13,1
4861,12,12,0
4862,10,10,0
4863,4,4,0
4864,4,4,0
4865,15,12,3
4866,14,13,1
4867,5,5,0
4868,4,4,0
4869,7,7,0
4870,14,13,1
4871,12,12,0
4872,10,10,0
4873,4,4,0
4874,4,4,0
4875,15,12,3
4876,14,13,1
4877,5,5,0
4878,4,4,0
4879,7,7,0
4880,14,13,1
4881,12,12,0
4882,10,10,0
4883,4,4,0
4884,4,4,0
4885,15,12,3
4886,14,13,1
4887,5,5,0
4888,4,4,0
4889,7,7,0
4890,14,13,1
4891,12,12,0
4892,10,10,0
4893,4,4,0
4894,4,4,0
4895,15,12,3
4896,14,13,1
4897,5,5,0
4898,4,4,0
4899,7,7,0
4900,14,13,1
4901,12,12,0
4902,10,10,0
4903,4,4,0
4904,4,4,0
4905,15,12,3
4906,14,13,1
4907,5,5,0
4908,4,4,0
4909,7,7,0
4910,14,13,1
4911,12,12,0
4912,10,10,0
4913,4,4,0
4914,4,4,0
4915,15,12,3
4916,14,13,1
4917,5,5,0
4918,4,4,0
4919,7,7,0
4920,14,13,1
4921,12,12,0
4922,10,10,0
4923,4,4,0
4924,4,4,0
4925,15,12,3
4926,14,13,1
4927,5,5,0
4928,4,4,0
4929,7,7,0
4930,14,13,1
4931,12,12,0
4932,10,10,0
4933,4,4,0
4934,4,4,0
4935,4,4,0
4936,8,8,0
4937,4,4,0
4938,17,13,4
4939,16,16,0
4940,6,6,0
4941,24,21,3
4942,4,4,0
4943,7,7,0
4944,8,8,0
4945,17,14,3
4946,3,3,0
4947,5,5,0
4948,19,19,0
4949,13,13,0
4950,13,13,0
4951,4,4,0
4952,4,4,0
4953,4,4,0
4954,8,7,1
4955,8,6,2
4956,5,5,0
4957,3,3,0
4958,6,5,1
4959,3,3,0
4960,5,5,0
4961,8,8,0
4962,3,3,0
4963,4,4,0
4964,4,4,0
4965,15,14,1
4966,9,9,0
4967,15,15,0
4968,4,4,0
4969,16,15,1
4970,3,3,0
4971,14,12,2
4972,6,6,0
4973,14,14,0
4974,16,15,1
4975,8,7,1
4976,4,4,0
4977,23,22,1
4978,15,14,1
4979,11,11,0
4980,23,21,2
4981,21,20,1
4982,10,10,0
4983,8,8,0
4984,14,13,1
4985,28,24,4
4986,12,12,0
4987,12,12,0
4988,15,15,0
4989,9,9,0
4990,11,11,0
4991,8,6,2
4992,7,6,1
4993,12,10,2
4994,6,6,0
4995,15,12,3
4996,6,6,0
4997,36,31,5
4998,13,12,1
4999,13,12,1
5000,7,7,0
5001,12,11,1
5002,20,20,0
5003,5,5,0
5004,26,25,1
5005,14,12,2
5006,14,11,3
5007,26,25,1
5008,10,9,1
5009,7,7,0
5010,5,5,0
5011,18,17,1
5012,19,16,3
5013,5,5,0
5014,19,18,1
5015,8,6,2
5016,11,11,0
5017,9,9,0
5018,10,9,1
5019,5,5,0
5020,6,5,1
5021,23,22,1
5022,18,17,1
5023,15,15,0
5024,9,8,1
5025,15,14,1
5026,19,19,0
5027,874,801,73
5028,71,65,6
5029,8,7,1
5030,8,7,1
5031,4,4,0
5032,5,4,1
5033,23,18,5
5034,16,15,1
5035,27,24,3
5036,24,21,3
5037,17,14,3
5038,23,20,3
5039,16,15,1
5040,25,22,3
5041,26,22,4
5042,35,28,7
5043,12,8,4
5044,4,4,0
5045,5,5,0
5046,7,7,0
5047,6,4,2
5048,15,13,2
5049,4,4,0
5050,15,13,2
5051,16,15,1
5052,17,15,2
5053,6,5,1
5054,19,16,3
5055,8,7,1
5056,33,26,7
5057,4,4,0
5058,3,3,0
5059,3,3,0
5060,34,31,3
5061,13,12,1
5062,19,15,4
5063,4,3,1
5064,3,3,0
5065,4,4,0
5066,12,11,1
5067,11,9,2
5068,3,3,0
5069,8,8,0
5070,5,5,0
5071,4,4,0
5072,15,14,1
5073,8,7,1
5074,11,10,1
5075,21,20,1
5076,3,3,0
5077,3,3,0
5078,4,4,0
5079,13,11,2
5080,4,4,0
5081,19,18,1
5082,5,5,0
5083,20,16,4
5084,10,10,0
5085,22,19,3
5086,14,13,1
5087,4,4,0
5088,35,28,7
5089,19,17,2
5090,24,24,0
5091,8,7,1
5092,6,6,0
5093,7,6,1
5094,17,16,1
5095,22,17,5
5096,19,15,4
5097,12,11,1
5098,16,15,1
5099,15,13,2
5100,4,4,0
5101,16,16,0
5102,25,23,2
5103,9,9,0
5104,4,4,0
5105,6,6,0
5106,26,23,3
5107,9,9,0
5108,17,17,0
5109,14,11,3
5110,16,16,0
5111,5,5,0
5112,3,3,0
5113,14,13,1
5114,26,19,7
5115,25,23,2
5116,5,4,1
5117,4,4,0
5118,5,5,0
5119,7,6,1
5120,4,4,0
5121,3,3,0
5122,4,4,0
5123,9,9,0
5124,4,4,0
5125,6,6,0
5126,6,5,1
5127,6,6,0
5128,5,4,1
5129,13,11,2
5130,7,7,0
5131,17,15,2
5132,19,18,1
5133,18,17,1
5134,3,3,0
5135,4,4,0
5136,32,27,5
5137,6,6,0
5138,6,6,0
5139,4,4,0
5140,14,14,0
5141,9,7,2
5142,11,11,0
5143,3,3,0
5144,11,11,0
5145,8,7,1
5146,9,8,1
5147,17,15,2
5148,9,9,0
5149,11,11,0
5150,25,23,2
5151,4,4,0
5152,22,21,1
5153,33,29,4
5154,6,6,0
5155,11,9,2
5156,9,8,1
5157,17,15,2
5158,9,9,0
5159,11,11,0
5160,25,23,2
5161,4,4,0
5162,22,21,1
5163,33,29,4
5164,6,6,0
5165,11,9,2
5166,9,8,1
5167,17,15,2
5168,9,9,0
5169,11,11,0
5170,25,23,2
5171,4,4,0
5172,22,21,1
5173,33,29,4
5174,6,6,0
5175,11,9,2
5176,9,8,1
5177,17,15,2
5178,9,9,0
5179,11,11,0
5180,25,23,2
5181,4,4,0
5182,22,21,1
5183,33,29,4
5184,6,6,0
5185,11,9,2
5186,9,8,1
5187,17,15,2
5188,9,9,0
5189,11,11,0
5190,25,23,2
5191,4,4,0
5192,22,21,1
5193,33,29,4
5194,6,6,0
5195,11,9,2
5196,9,8,1
5197,17,15,2
5198,9,9,0
5199,11,11,0
5200,25,23,2
5201,4,4,0
5202,22,21,1
5203,33,29,4
5204,6,6,0
5205,11,9,2
5206,9,8,1
5207,17,15,2
5208,9,9,0
5209,11,11,0
5210,25,23,2
5211,4,4,0
5212,22,21,1
5213,33,29,4
5214,6,6,0
5215,11,9,2
5216,9,8,1
5217,17,15,2
5218,9,9,0
5219,11,11,0
5220,25,23,2
5221,4,4,0
5222,22,21,1
5223,33,29,4
5224,6,6,0
5225,11,9,2
5226,9,8,1
5227,17,15,2
5228,9,9,0
5229,11,11,0
5230,25,23,2
5231,4,4,0
5232,22,21,1
5233,33,29,4
5234,6,6,0
5235,11,9,2
5236,9,8,1
5237,17,15,2
5238,9,9,0
5239,11,11,0
5240,25,23,2
5241,4,4,0
5242,22,21,1
5243,33,29,4
5244,6,6,0
5245,11,9,2
5246,9,8,1
5247,17,15,2
5248,9,9,0
5249,11,11,0
5250,25,23,2
5251,4,4,0
5252,22,21,1
5253,33,29,4
5254,6,6,0
5255,11,9,2
5256,9,8,1
5257,17,15,2
5258,9,9,0
5259,11,11,0
5260,25,23,2
5261,4,4,0
5262,22,21,1
5263,33,29,4
5264,6,6,0
5265,11,9,2
5266,9,8,1
5267,17,15,2
5268,9,9,0
5269,11,11,0
5270,25,23,2
5271,4,4,0
5272,22,21,1
5273,33,29,4
5274,6,6,0
5275,11,9,2
5276,9,8,1
5277,17,15,2
5278,9,9,0
5279,11,11,0
5280,25,23,2
5281,4,4,0
5282,22,21,1
5283,33,29,4
5284,6,6,0
5285,11,9,2
5286,9,8,1
5287,17,15,2
5288,9,9,0
5289,11,11,0
5290,25,23,2
5291,4,4,0
5292,22,21,1
5293,33,29,4
5294,6,6,0
5295,11,9,2
5296,9,8,1
5297,17,15,2
5298,9,9,0
5299,11,11,0
5300,25,23,2
5301,4,4,0
5302,22,21,1
5303,33,29,4
5304,6,6,0
5305,11,9,2
5306,9,8,1
5307,17,15,2
5308,9,9,0
5309,11,11,0
5310,25,23,2
5311,4,4,0
5312,22,21,1
5313,33,29,4
5314,6,6,0
5315,11,9,2
5316,9,8,1
5317,17,15,2
5318,9,9,0
5319,11,11,0
5320,25,23,2
5321,4,4,0
5322,22,21,1
5323,33,29,4
5324,6,6,0
5325,11,9,2
5326,9,8,1
5327,17,15,2
5328,9,9,0
5329,11,11,0
5330,25,23,2
5331,4,4,0
5332,22,21,1
5333,33,29,4
5334,6,6,0
5335,11,9,2
5336,9,8,1
5337,17,15,2
5338,9,9,0
5339,11,11,0
5340,25,23,2
5341,4,4,0
5342,22,21,1
5343,33,29,4
5344,6,6,0
5345,11,9,2
5346,9,8,1
5347,17,15,2
5348,9,9,0
5349,11,11,0
5350,25,23,2
5351,4,4,0
5352,22,21,1
5353,33,29,4
5354,6,6,0
5355,11,9,2
5356,9,8,1
5357,17,15,2
5358,9,9,0
5359,11,11,0
5360,25,23,2
5361,4,4,0
5362,22,21,1
5363,33,29,4
5364,6,6,0
5365,11,9,2
5366,9,8,1
5367,17,15,2
5368,9,9,0
5369,11,11,0
5370,25,23,2
5371,4,4,0
5372,22,21,1
5373,33,29,4
5374,6,6,0
5375,11,9,2
5376,9,8,1
5377,17,15,2
5378,9,9,0
5379,11,11,0
5380,25,23,2
5381,4,4,0
5382,22,21,1
5383,33,29,4
5384,6,6,0
5385,11,9,2
5386,9,8,1
5387,17,15,2
5388,9,9,0
5389,11,11,0
5390,25,23,2
5391,4,4,0
5392,22,21,1
5393,33,29,4
5394,6,6,0
5395,11,9,2
5396,9,8,1
5397,17,15,2
5398,9,9,0
5399,11,11,0
5400,25,23,2
5401,4,4,0
5402,22,21,1
5403,33,29,4
5404,6,6,0
5405,11,9,2
5406,9,8,1
5407,17,15,2
5408,9,9,0
5409,11,11,0
5410,25,23,2
5411,4,4,0
5412,22,21,1
5413,33,29,4
5414,6,6,0
5415,11,9,2
5416,9,8,1
5417,17,15,2
5418,9,9,0
5419,11,11,0
5420,25,23,2
5421,4,4,0
5422,22,21,1
5423,33,29,4
5424,6,6,0
5425,11,9,2
5426,9,8,1
5427,17,15,2
5428,9,9,0
5429,11,11,0
5430,25,23,2
5431,4,4,0
5432,22,21,1
5433,33,29,4
5434,6,6,0
5435,11,9,2
5436,9,8,1
5437,17,15,2
5438,9,9,0
5439,11,11,0
5440,25,23,2
5441,4,4,0
5442,22,21,1
5443,33,29,4
5444,6,6,0
5445,11,9,2
5446,9,8,1
5447,17,15,2
5448,9,9,0
5449,11,11,0
5450,25,23,2
5451,4,4,0
5452,22,21,1
5453,33,29,4
5454,6,6,0
5455,11,9,2
5456,9,8,1
5457,17,15,2
5458,9,9,0
5459,11,11,0
5460,25,23,2
5461,4,4,0
5462,22,21,1
5463,33,29,4
5464,6,6,0
5465,11,9,2
5466,9,8,1
5467,17,15,2
5468,9,9,0
5469,11,11,0
5470,25,23,2
5471,4,4,0
5472,22,21,1
5473,33,29,4
5474,6,6,0
5475,11,9,2
5476,9,8,1
5477,17,15,2
5478,9,9,0
5479,11,11,0
5480,25,23,2
5481,4,4,0
5482,22,21,1
5483,33,29,4
5484,6,6,0
5485,11,9,2
5486,9,8,1
5487,17,15,2
5488,9,9,0
5489,11,11,0
5490,25,23,2
5491,4,4,0
5492,22,21,1
5493,33,29,4
5494,6,6,0
5495,11,9,2
5496,9,8,1
5497,17,15,2
5498,9,9,0
5499,11,11,0
5500,25,23,2
5501,4,4,0
5502,22,21,1
5503,33,29,4
5504,6,6,0
5505,11,9,2
5506,9,8,1
5507,17,15,2
5508,9,9,0
5509,11,11,0
5510,25,23,2
5511,4,4,0
5512,22,21,1
5513,33,29,4
5514,6,6,0
5515,11,9,2
5516,9,8,1
5517,17,15,2
5518,9,9,0
5519,11,11,0
5520,25,23,2
5521,4,4,0
5522,22,21,1
5523,33,29,4
5524,6,6,0
5525,11,9,2
5526,9,8,1
5527,17,15,2
5528,9,9,0
5529,11,11,0
5530,25,23,2
5531,4,4,0
5532,22,21,1
5533,33,29,4
5534,6,6,0
5535,11,9,2
5536,9,8,1
5537,17,15,2
5538,9,9,0
5539,11,11,0
5540,25,23,2
5541,4,4,0
5542,22,21,1
5543,33,29,4
5544,6,6,0
5545,11,9,2
5546,9,8,1
5547,17,15,2
5548,9,9,0
5549,11,11,0
5550,25,23,2
5551,4,4,0
5552,22,21,1
5553,33,29,4
5554,6,6,0
5555,11,9,2
5556,9,8,1
5557,17,15,2
5558,9,9,0
5559,11,11,0
5560,25,23,2
5561,4,4,0
5562,22,21,1
5563,33,29,4
5564,6,6,0
5565,11,9,2
5566,9,8,1
5567,17,15,2
5568,9,9,0
5569,11,11,0
5570,25,23,2
5571,4,4,0
5572,22,21,1
5573,33,29,4
5574,6,6,0
5575,11,9,2
5576,9,8,1
5577,17,15,2
5578,9,9,0
5579,11,11,0
5580,25,23,2
5581,4,4,0
5582,22,21,1
5583,33,29,4
5584,6,6,0
5585,11,9,2
5586,9,8,1
5587,17,15,2
5588,9,9,0
5589,11,11,0
5590,25,23,2
5591,4,4,0
5592,22,21,1
5593,33,29,4
5594,6,6,0
5595,11,9,2
5596,9,8,1
5597,17,15,2
5598,9,9,0
5599,11,11,0
5600,25,23,2
5601,4,4,0
5602,22,21,1
5603,33,29,4
5604,6,6,0
5605,11,9,2
5606,9,8,1
5607,17,15,2
5608,9,9,0
5609,11,11,0
5610,25,23,2
5611,4,4,0
5612,22,21,1
5613,33,29,4
5614,6,6,0
5615,11,9,2
5616,9,8,1
5617,17,15,2
5618,9,9,0
5619,11,11,0
5620,25,23,2
5621,4,4,0
5622,22,21,1
5623,33,29,4
5624,6,6,0
5625,11,9,2
5626,9,8,1
5627,17,15,2
5628,9,9,0
5629,11,11,0
5630,25,23,2
5631,4,4,0
5632,22,21,1
5633,33,29,4
5634,6,6,0
5635,11,9,2
5636,9,8,1
5637,17,15,2
5638,9,9,0
5639,11,11,0
5640,25,23,2
5641,4,4,0
5642,22,21,1
5643,33,29,4
5644,6,6,0
5645,11,9,2
5646,9,8,1
5647,17,15,2
5648,9,9,0
5649,11,11,0
5650,25,23,2
5651,4,4,0
5652,22,21,1
5653,33,29,4
5654,6,6,0
5655,11,9,2
5656,9,8,1
5657,17,15,2
5658,9,9,0
5659,11,11,0
5660,25,23,2
5661,4,4,0
5662,22,21,1
5663,33,29,4
5664,6,6,0
5665,11,9,2
5666,9,8,1
5667,17,15,2
5668,9,9,0
5669,11,11,0
5670,25,23,2
5671,4,4,0
5672,22,21,1
5673,33,29,4
5674,6,6,0
5675,11,9,2
5676,9,8,1
5677,17,15,2
5678,9,9,0
5679,11,11,0
5680,25,23,2
5681,4,4,0
5682,22,21,1
5683,33,29,4
5684,6,6,0
5685,11,9,2
5686,9,8,1
5687,17,15,2
5688,9,9,0
5689,11,11,0
5690,25,23,2
5691,4,4,0
5692,22,21,1
5693,33,29,4
5694,6,6,0
5695,11,9,2
5696,9,8,1
5697,17,15,2
5698,9,9,0
5699,11,11,0
5700,25,23,2
5701,4,4,0
5702,22,21,1
5703,33,29,4
5704,6,6,0
5705,11,9,2
5706,9,8,1
5707,17,15,2
5708,9,9,0
5709,11,11,0
5710,25,23,2
5711,4,4,0
5712,22,21,1
5713,33,29,4
5714,6,6,0
5715,11,9,2
5716,9,8,1
5717,17,15,2
5718,9,9,0
5719,11,11,0
5720,25,23,2
5721,4,4,0
5722,22,21,1
5723,33,29,4
5724,6,6,0
5725,11,9,2
5726,9,8,1
5727,17,15,2
5728,9,9,0
5729,11,11,0
5730,25,23,2
5731,4,4,0
5732,22,21,1
5733,33,29,4
5734,6,6,0
5735,11,9,2
5736,9,8,1
5737,17,15,2
5738,9,9,0
5739,11,11,0
5740,25,23,2
5741,4,4,0
5742,22,21,1
5743,33,29,4
5744,6,6,0
5745,11,9,2
5746,9,8,1
5747,17,15,2
5748,9,9,0
5749,11,11,0
5750,25,23,2
5751,4,4,0
5752,22,21,1
5753,33,29,4
5754,6,6,0
5755,11,9,2
5756,9,8,1
5757,17,15,2
5758,9,9,0
5759,11,11,0
5760,25,23,2
5761,4,4,0
5762,22,21,1
5763,33,29,4
5764,6,6,0
5765,11,9,2
5766,9,8,1
5767,17,15,2
5768,9,9,0
5769,11,11,0
5770,25,23,2
5771,4,4,0
5772,22,21,1
5773,33,29,4
5774,6,6,0
5775,11,9,2
5776,9,8,1
5777,17,15,2
5778,9,9,0
5779,11,11,0
5780,25,23,2
5781,4,4,0
5782,22,21,1
5783,33,29,4
5784,6,6,0
5785,11,9,2
5786,9,8,1
5787,17,15,2
5788,9,9,0
5789,11,11,0
5790,25,23,2
5791,4,4,0
5792,22,21,1
5793,33,29,4
5794,6,6,0
5795,11,9,2
5796,9,8,1
5797,17,15,2
5798,9,9,0
5799,11,11,0
5800,25,23,2
5801,4,4,0
5802,22,21,1
5803,33,29,4
5804,6,6,0
5805,11,9,2
5806,9,8,1
5807,17,15,2
5808,9,9,0
5809,11,11,0
5810,25,23,2
5811,4,4,0
5812,22,21,1
5813,33,29,4
5814,6,6,0
5815,11,9,2
5816,9,8,1
5817,17,15,2
5818,9,9,0
5819,11,11,0
5820,25,23,2
5821,4,4,0
5822,22,21,1
5823,33,29,4
5824,6,6,0
5825,11,9,2
5826,9,8,1
5827,17,15,2
5828,9,9,0
5829,11,11,0
5830,25,23,2
5831,4,4,0
5832,22,21,1
5833,33,29,4
5834,6,6,0
5835,11,9,2
5836,9,8,1
5837,17,15,2
5838,9,9,0
5839,11,11,0
5840,25,23,2
5841,4,4,0
5842,22,21,1
5843,33,29,4
5844,6,6,0
5845,11,9,2
5846,9,8,1
5847,17,15,2
5848,9,9,0
5849,11,11,0
5850,25,23,2
5851,4,4,0
5852,22,21,1
5853,33,29,4
5854,6,6,0
5855,11,9,2
5856,9,8,1
5857,17,15,2
5858,9,9,0
5859,11,11,0
5860,25,23,2
5861,4,4,0
5862,22,21,1
5863,33,29,4
5864,6,6,0
5865,11,9,2
5866,9,8,1
5867,17,15,2
5868,9,9,0
5869,11,11,0
5870,25,23,2
5871,4,4,0
5872,22,21,1
5873,33,29,4
5874,6,6,0
5875,11,9,2
5876,9,8,1
5877,17,15,2
5878,9,9,0
5879,11,11,0
5880,25,23,2
5881,4,4,0
5882,22,21,1
5883,33,29,4
5884,6,6,0
5885,11,9,2
5886,9,8,1
5887,17,15,2
5888,9,9,0
5889,11,11,0
5890,25,23,2
5891,4,4,0
5892,22,21,1
5893,33,29,4
5894,6,6,0
5895,11,9,2
5896,9,8,1
5897,17,15,2
5898,9,9,0
5899,11,11,0
5900,25,23,2
5901,4,4,0
5902,22,21,1
5903,33,29,4
5904,6,6,0
5905,11,9,2
5906,9,8,1
5907,17,15,2
5908,9,9,0
5909,11,11,0
5910,25,23,2
5911,4,4,0
5912,22,21,1
5913,33,29,4
5914,6,6,0
5915,11,9,2
5916,9,8,1
5917,17,15,2
5918,9,9,0
5919,11,11,0
5920,25,23,2
5921,4,4,0
5922,22,21,1
5923,33,29,4
5924,6,6,0
5925,11,9,2
5926,9,8,1
5927,17,15,2
5928,9,9,0
5929,11,11,0
5930,25,23,2
5931,4,4,0
5932,22,21,1
5933,33,29,4
5934,6,6,0
5935,11,9,2
5936,9,8,1
5937,17,15,2
5938,9,9,0
5939,11,11,0
5940,25,23,2
5941,4,4,0
5942,22,21,1
5943,33,29,4
5944,6,6,0
5945,11,9,2
5946,11,11,0
5947,14,14,0
5948,15,15,0
5949,14,13,1
5950,12,11,1
5951,3,3,0
5952,4,4,0
5953,3,3,0
5954,3,3,0
5955,6,6,0
5956,10,9,1
5957,3,3,0
5958,13,13,0
5959,19,18,1
5960,8,8,0
5961,4,4,0
5962,10,10,0
5963,3,3,0
5964,16,16,0
5965,4,4,0
5966,4,4,0
5967,24,23,1
5968,4,4,0
5969,3,3,0
5970,12,11,1
5971,3,3,0
5972,3,3,0
5973,3,3,0
5974,4,4,0
5975,5,5,0
5976,5,5,0
5977,5,5,0
5978,3,3,0
5979,4,4,0
5980,3,3,0
5981,4,4,0
5982,4,4,0
5983,4,4,0
5984,9,8,1
5985,7,7,0
5986,5,5,0
5987,10,9,1
5988,14,13,1
5989,7,6,1
5990,3,3,0
5991,4,4,0
5992,4,4,0
5993,3,3,0
5994,3,3,0
5995,4,4,0
5996,4,4,0
5997,15,13,2
5998,9,9,0
5999,5,5,0
6000,9,8,1
6001,3,3,0
6002,4,4,0
6003,5,5,0
6004,14,12,2
6005,8,6,2
6006,21,16,5
6007,17,17,0
6008,7,5,2
6009,5,5,0
6010,284,257,27
6011,6,6,0
6012,11,11,0
6013,8,8,0
6014,6,6,0
6015,13,11,2
6016,21,18,3
6017,21,19,2
6018,14,12,2
6019,7,6,1
6020,26,24,2
6021,16,15,1
6022,3,3,0
6023,3,3,0
6024,16,13,3
6025,8,8,0
6026,8,8,0
6027,5,5,0
6028,15,13,2
6029,4,4,0
6030,5,5,0
6031,14,12,2
6032,27,25,2
6033,7,6,1
6034,32,28,4
6035,28,26,2
6036,8,8,0
6037,7,6,1
6038,12,10,2
6039,26,21,5
6040,32,28,4
6041,8,8,0
6042,10,10,0
6043,10,8,2
6044,10,9,1
6045,10,10,0
6046,28,22,6
6047,18,17,1
6048,6,6,0
6049,20,18,2
6050,10,8,2
6051,10,8,2
6052,5,5,0
6053,24,20,4
6054,19,16,3
6055,19,17,2
6056,6,6,0
6057,4,4,0
6058,17,16,1
6059,5,5,0
6060,6,5,1
6061,8,8,0
6062,6,6,0
6063,8,7,1
6064,10,8,2
6065,10,9,1
6066,8,8,0
6067,5,5,0
6068,7,7,0
6069,7,7,0
6070,13,12,1
6071,18,15,3
6072,20,19,1
6073,15,15,0
6074,5,5,0
6075,29,26,3
6076,17,16,1
6077,13,13,0
6078,4,4,0
6079,4,4,0
6080,9,9,0
6081,7,6,1
6082,8,7,1
6083,16,15,1
6084,4,4,0
6085,12,11,1
6086,20,18,2
6087,13,12,1
6088,5,5,0
6089,59,53,6
6090,12,11,1
6091,25,23,2
6092,6,5,1
6093,11,10,1
6094,5,5,0
6095,11,11,0
6096,6,6,0
6097,21,18,3
6098,4,4,0
6099,10,10,0
6100,15,15,0
6101,13,13,0
6102,12,11,1
6103,9,7,2
6104,18,18,0
6105,4,4,0
6106,11,11,0
6107,12,12,0
6108,13,11,2
6109,6,5,1
6110,14,12,2
6111,20,19,1
6112,5,5,0
6113,15,15,0
6114,24,24,0
6115,10,10,0
6116,19,15,4
6117,5,5,0
6118,15,15,0
6119,21,18,3
6120,8,8,0
6121,8,6,2
6122,4,4,0
6123,6,6,0
6124,21,20,1
6125,8,7,1
6126,8,6,2
6127,5,5,0
6128,15,15,0
6129,21,18,3
6130,8,8,0
6131,8,6,2
6132,4,4,0
6133,6,6,0
6134,21,20,1
6135,8,7,1
6136,8,6,2
6137,5,5,0
6138,15,15,0
6139,21,18,3
6140,8,8,0
6141,8,6,2
6142,4,4,0
6143,6,6,0
6144,21,20,1
6145,8,7,1
6146,8,6,2
6147,5,5,0
6148,15,15,0
6149,21,18,3
6150,8,8,0
6151,8,6,2
6152,4,4,0
6153,6,6,0
6154,21,20,1
6155,8,7,1
6156,8,6,2
6157,5,5,0
6158,15,15,0
6159,21,18,3
6160,8,8,0
6161,8,6,2
6162,4,4,0
6163,6,6,0
6164,21,20,1
6165,8,7,1
6166,8,6,2
6167,5,5,0
6168,15,15,0
6169,21,18,3
6170,8,8,0
6171,8,6,2
6172,4,4,0
6173,6,6,0
6174,21,20,1
6175,8,7,1
6176,8,6,2
6177,5,5,0
6178,15,15,0
6179,21,18,3
6180,8,8,0
6181,8,6,2
6182,4,4,0
6183,6,6,0
6184,21,20,1
6185,8,7,1
6186,8,6,2
6187,5,5,0
6188,15,15,0
6189,21,18,3
6190,8,8,0
6191,8,6,2
6192,4,4,0
6193,6,6,0
6194,21,20,1
6195,8,7,1
6196,8,6,2
6197,5,5,0
6198,15,15,0
6199,21,18,3
6200,8,8,0
6201,8,6,2
6202,4,4,0
6203,6,6,0
6204,21,20,1
6205,8,7,1
6206,8,6,2
6207,5,5,0
6208,15,15,0
6209,21,18,3
6210,8,8,0
6211,8,6,2
6212,4,4,0
6213,6,6,0
6214,21,20,1
6215,8,7,1
6216,8,6,2
6217,5,5,0
6218,15,15,0
6219,21,18,3
6220,8,8,0
6221,8,6,2
6222,4,4,0
6223,6,6,0
6224,21,20,1
6225,8,7,1
6226,8,6,2
6227,5,5,0
6228,15,15,0
6229,21,18,3
6230,8,8,0
6231,8,6,2
6232,4,4,0
6233,6,6,0
6234,21,20,1
6235,8,7,1
6236,8,6,2
6237,5,5,0
6238,15,15,0
6239,21,18,3
6240,8,8,0
6241,8,6,2
6242,4,4,0
6243,6,6,0
6244,21,20,1
6245,8,7,1
6246,8,6,2
6247,5,5,0
6248,15,15,0
6249,21,18,3
6250,8,8,0
6251,8,6,2
6252,4,4,0
6253,6,6,0
6254,21,20,1
6255,8,7,1
6256,8,6,2
6257,5,5,0
6258,15,15,0
6259,21,18,3
6260,8,8,0
6261,8,6,2
6262,4,4,0
6263,6,6,0
6264,21,20,1
6265,8,7,1
6266,8,6,2
6267,5,5,0
6268,15,15,0
6269,21,18,3
6270,8,8,0
6271,8,6,2
6272,4,4,0
6273,6,6,0
6274,21,20,1
6275,8,7,1
6276,8,6,2
6277,5,5,0
6278,15,15,0
6279,21,18,3
6280,8,8,0
6281,8,6,2
6282,4,4,0
6283,6,6,0
6284,21,20,1
6285,8,7,1
6286,8,6,2
6287,5,5,0
6288,15,15,0
6289,21,18,3
6290,8,8,0
6291,8,6,2
6292,4,4,0
6293,6,6,0
6294,21,20,1
6295,8,7,1
6296,8,6,2
6297,5,5,0
6298,15,15,0
6299,21,18,3
6300,8,8,0
6301,8,6,2
6302,4,4,0
6303,6,6,0
6304,21,20,1
6305,8,7,1
6306,8,6,2
6307,5,5,0
6308,15,15,0
6309,21,18,3
6310,8,8,0
6311,8,6,2
6312,4,4,0
6313,6,6,0
6314,21,20,1
6315,8,7,1
6316,8,6,2
6317,5,5,0
6318,15,15,0
6319,21,18,3
6320,8,8,0
6321,8,6,2
6322,4,4,0
6323,6,6,0
6324,21,20,1
6325,8,7,1
6326,8,6,2
6327,5,5,0
6328,15,15,0
6329,21,18,3
6330,8,8,0
6331,8,6,2
6332,4,4,0
6333,6,6,0
6334,21,20,1
6335,8,7,1
6336,8,6,2
6337,5,5,0
6338,15,15,0
6339,21,18,3
6340,8,8,0
6341,8,6,2
6342,4,4,0
6343,6,6,0
6344,21,20,1
6345,8,7,1
6346,8,6,2
6347,5,5,0
6348,15,15,0
6349,21,18,3
6350,8,8,0
6351,8,6,2
6352,4,4,0
6353,6,6,0
6354,21,20,1
6355,8,7,1
6356,8,6,2
6357,5,5,0
6358,15,15,0
6359,21,18,3
6360,8,8,0
6361,8,6,2
6362,4,4,0
6363,6,6,0
6364,21,20,1
6365,8,7,1
6366,8,6,2
6367,5,5,0
6368,15,15,0
6369,21,18,3
6370,8,8,0
6371,8,6,2
6372,4,4,0
6373,6,6,0
6374,21,20,1
6375,8,7,1
6376,8,6,2
6377,5,5,0
6378,15,15,0
6379,21,18,3
6380,8,8,0
6381,8,6,2
6382,4,4,0
6383,6,6,0
6384,21,20,1
6385,8,7,1
6386,8,6,2
6387,5,5,0
6388,15,15,0
6389,21,18,3
6390,8,8,0
6391,8,6,2
6392,4,4,0
6393,6,6,0
6394,21,20,1
6395,8,7,1
6396,8,6,2
6397,5,5,0
6398,15,15,0
6399,21,18,3
6400,8,8,0
6401,8,6,2
6402,4,4,0
6403,6,6,0
6404,21,20,1
6405,8,7,1
6406,8,6,2
6407,5,5,0
6408,15,15,0
6409,21,18,3
6410,8,8,0
6411,8,6,2
6412,4,4,0
6413,6,6,0
6414,21,20,1
6415,8,7,1
6416,8,6,2
6417,5,5,0
6418,15,15,0
6419,21,18,3
6420,8,8,0
6421,8,6,2
6422,4,4,0
6423,6,6,0
6424,21,20,1
6425,8,7,1
6426,8,6,2
6427,5,5,0
6428,15,15,0
6429,21,18,3
6430,8,8,0
6431,8,6,2
6432,4,4,0
6433,6,6,0
6434,21,20,1
6435,8,7,1
6436,8,6,2
6437,5,5,0
6438,15,15,0
6439,21,18,3
6440,8,8,0
6441,8,6,2
6442,4,4,0
6443,6,6,0
6444,21,20,1
6445,8,7,1
6446,8,6,2
6447,5,5,0
6448,15,15,0
6449,21,18,3
6450,8,8,0
6451,8,6,2
6452,4,4,0
6453,6,6,0
6454,21,20,1
6455,8,7,1
6456,8,6,2
6457,5,5,0
6458,15,15,0
6459,21,18,3
6460,8,8,0
6461,8,6,2
6462,4,4,0
6463,6,6,0
6464,21,20,1
6465,8,7,1
6466,8,6,2
6467,5,5,0
6468,15,15,0
6469,21,18,3
6470,8,8,0
6471,8,6,2
6472,4,4,0
6473,6,6,0
6474,21,20,1
6475,8,7,1
6476,8,6,2
6477,5,5,0
6478,15,15,0
6479,21,18,3
6480,8,8,0
6481,8,6,2
6482,4,4,0
6483,6,6,0
6484,21,20,1
6485,8,7,1
6486,8,6,2
6487,5,5,0
6488,15,15,0
6489,21,18,3
6490,8,8,0
6491,8,6,2
6492,4,4,0
6493,6,6,0
6494,21,20,1
6495,8,7,1
6496,8,6,2
6497,5,5,0
6498,15,15,0
6499,21,18,3
6500,8,8,0
6501,8,6,2
6502,4,4,0
6503,6,6,0
6504,21,20,1
6505,8,7,1
6506,8,6,2
6507,5,5,0
6508,15,15,0
6509,21,18,3
6510,8,8,0
6511,8,6,2
6512,4,4,0
6513,6,6,0
6514,21,20,1
6515,8,7,1
6516,8,6,2
6517,5,5,0
6518,15,15,0
6519,21,18,3
6520,8,8,0
6521,8,6,2
6522,4,4,0
6523,6,6,0
6524,21,20,1
6525,8,7,1
6526,8,6,2
6527,5,5,0
6528,15,15,0
6529,21,18,3
6530,8,8,0
6531,8,6,2
6532,4,4,0
6533,6,6,0
6534,21,20,1
6535,8,7,1
6536,8,6,2
6537,5,5,0
6538,15,15,0
6539,21,18,3
6540,8,8,0
6541,8,6,2
6542,4,4,0
6543,6,6,0
6544,21,20,1
6545,8,7,1
6546,8,6,2
6547,5,5,0
6548,15,15,0
6549,21,18,3
6550,8,8,0
6551,8,6,2
6552,4,4,0
6553,6,6,0
6554,21,20,1
6555,8,7,1
6556,8,6,2
6557,5,5,0
6558,15,15,0
6559,21,18,3
6560,8,8,0
6561,8,6,2
6562,4,4,0
6563,6,6,0
6564,21,20,1
6565,8,7,1
6566,8,6,2
6567,5,5,0
6568,15,15,0
6569,21,18,3
6570,8,8,0
6571,8,6,2
6572,4,4,0
6573,6,6,0
6574,21,20,1
6575,8,7,1
6576,8,6,2
6577,5,5,0
6578,15,15,0
6579,21,18,3
6580,8,8,0
6581,8,6,2
6582,4,4,0
6583,6,6,0
6584,21,20,1
6585,8,7,1
6586,8,6,2
6587,5,5,0
6588,15,15,0
6589,21,18,3
6590,8,8,0
6591,8,6,2
6592,4,4,0
6593,6,6,0
6594,21,20,1
6595,8,7,1
6596,8,6,2
6597,5,5,0
6598,15,15,0
6599,21,18,3
6600,8,8,0
6601,8,6,2
6602,4,4,0
6603,6,6,0
6604,21,20,1
6605,8,7,1
6606,8,6,2
6607,5,5,0
6608,15,15,0
6609,21,18,3
6610,8,8,0
6611,8,6,2
6612,4,4,0
6613,6,6,0
6614,21,20,1
6615,8,7,1
6616,8,6,2
6617,5,5,0
6618,15,15,0
6619,21,18,3
6620,8,8,0
6621,8,6,2
6622,4,4,0
6623,6,6,0
6624,21,20,1
6625,8,7,1
6626,8,6,2
6627,5,5,0
6628,15,15,0
6629,21,18,3
6630,8,8,0
6631,8,6,2
6632,4,4,0
6633,6,6,0
6634,21,20,1
6635,8,7,1
6636,8,6,2
6637,5,5,0
6638,15,15,0
6639,21,18,3
6640,8,8,0
6641,8,6,2
6642,4,4,0
6643,6,6,0
6644,21,20,1
6645,8,7,1
6646,8,6,2
6647,5,5,0
6648,15,15,0
6649,21,18,3
6650,8,8,0
6651,8,6,2
6652,4,4,0
6653,6,6,0
6654,21,20,1
6655,8,7,1
6656,8,6,2
6657,5,5,0
6658,15,15,0
6659,21,18,3
6660,8,8,0
6661,8,6,2
6662,4,4,0
6663,6,6,0
6664,21,20,1
6665,8,7,1
6666,8,6,2
6667,5,5,0
6668,15,15,0
6669,21,18,3
6670,8,8,0
6671,8,6,2
6672,4,4,0
6673,6,6,0
6674,21,20,1
6675,8,7,1
6676,8,6,2
6677,5,5,0
6678,15,15,0
6679,21,18,3
6680,8,8,0
6681,8,6,2
6682,4,4,0
6683,6,6,0
6684,21,20,1
6685,8,7,1
6686,8,6,2
6687,5,5,0
6688,15,15,0
6689,21,18,3
6690,8,8,0
6691,8,6,2
6692,4,4,0
6693,6,6,0
6694,21,20,1
6695,8,7,1
6696,8,6,2
6697,5,5,0
6698,15,15,0
6699,21,18,3
6700,8,8,0
6701,8,6,2
6702,4,4,0
6703,6,6,0
6704,21,20,1
6705,8,7,1
6706,8,6,2
6707,5,5,0
6708,15,15,0
6709,21,18,3
6710,8,8,0
6711,8,6,2
6712,4,4,0
6713,6,6,0
6714,21,20,1
6715,8,7,1
6716,8,6,2
6717,5,5,0
6718,15,15,0
6719,21,18,3
6720,8,8,0
6721,8,6,2
6722,4,4,0
6723,6,6,0
6724,21,20,1
6725,8,7,1
6726,8,6,2
6727,5,5,0
6728,15,15,0
6729,21,18,3
6730,8,8,0
6731,8,6,2
6732,4,4,0
6733,6,6,0
6734,21,20,1
6735,8,7,1
6736,8,6,2
6737,5,5,0
6738,15,15,0
6739,21,18,3
6740,8,8,0
6741,8,6,2
6742,4,4,0
6743,6,6,0
6744,21,20,1
6745,8,7,1
6746,8,6,2
6747,5,5,0
6748,15,15,0
6749,21,18,3
6750,8,8,0
6751,8,6,2
6752,4,4,0
6753,6,6,0
6754,21,20,1
6755,8,7,1
6756,8,6,2
6757,5,5,0
6758,15,15,0
6759,21,18,3
6760,8,8,0
6761,8,6,2
6762,4,4,0
6763,6,6,0
6764,21,20,1
6765,8,7,1
6766,8,6,2
6767,5,5,0
6768,15,15,0
6769,21,18,3
6770,8,8,0
6771,8,6,2
6772,4,4,0
6773,6,6,0
6774,21,20,1
6775,8,7,1
6776,8,6,2
6777,5,5,0
6778,15,15,0
6779,21,18,3
6780,8,8,0
6781,8,6,2
6782,4,4,0
6783,6,6,0
6784,21,20,1
6785,8,7,1
6786,8,6,2
6787,5,5,0
6788,15,15,0
6789,21,18,3
6790,8,8,0
6791,8,6,2
6792,4,4,0
6793,6,6,0
6794,21,20,1
6795,8,7,1
6796,8,6,2
6797,5,5,0
6798,15,15,0
6799,21,18,3
6800,8,8,0
6801,8,6,2
6802,4,4,0
6803,6,6,0
6804,21,20,1
6805,8,7,1
6806,8,6,2
6807,5,5,0
6808,15,15,0
6809,21,18,3
6810,8,8,0
6811,8,6,2
6812,4,4,0
6813,6,6,0
6814,21,20,1
6815,8,7,1
6816,8,6,2
6817,5,5,0
6818,15,15,0
6819,21,18,3
6820,8,8,0
6821,8,6,2
6822,4,4,0
6823,6,6,0
6824,21,20,1
6825,8,7,1
6826,8,6,2
6827,5,5,0
6828,15,15,0
6829,21,18,3
6830,8,8,0
6831,8,6,2
6832,4,4,0
6833,6,6,0
6834,21,20,1
6835,8,7,1
6836,8,6,2
6837,5,5,0
6838,15,15,0
6839,21,18,3
6840,8,8,0
6841,8,6,2
6842,4,4,0
6843,6,6,0
6844,21,20,1
6845,8,7,1
6846,8,6,2
6847,5,5,0
6848,15,15,0
6849,21,18,3
6850,8,8,0
6851,8,6,2
6852,4,4,0
6853,6,6,0
6854,21,20,1
6855,8,7,1
6856,8,6,2
6857,5,5,0
6858,15,15,0
6859,21,18,3
6860,8,8,0
6861,8,6,2
6862,4,4,0
6863,6,6,0
6864,21,20,1
6865,8,7,1
6866,8,6,2
6867,5,5,0
6868,15,15,0
6869,21,18,3
6870,8,8,0
6871,8,6,2
6872,4,4,0
6873,6,6,0
6874,21,20,1
6875,8,7,1
6876,8,6,2
6877,5,5,0
6878,15,15,0
6879,21,18,3
6880,8,8,0
6881,8,6,2
6882,4,4,0
6883,6,6,0
6884,21,20,1
6885,8,7,1
6886,8,6,2
6887,5,5,0
6888,15,15,0
6889,21,18,3
6890,8,8,0
6891,8,6,2
6892,4,4,0
6893,6,6,0
6894,21,20,1
6895,8,7,1
6896,8,6,2
6897,5,5,0
6898,15,15,0
6899,21,18,3
6900,8,8,0
6901,8,6,2
6902,4,4,0
6903,6,6,0
6904,21,20,1
6905,8,7,1
6906,8,6,2
6907,5,5,0
6908,15,15,0
6909,21,18,3
6910,8,8,0
6911,8,6,2
6912,4,4,0
6913,6,6,0
6914,21,20,1
6915,8,7,1
6916,8,6,2
