,num_review_tokens,retrieved_vectors,missed
0,140,140,0
1,439,438,1
2,150,150,0
3,124,124,0
4,121,121,0
5,174,174,0
6,106,106,0
7,334,333,1
8,439,437,2
9,324,323,1
10,278,277,1
11,84,84,0
12,283,280,3
13,221,221,0
14,148,148,0
15,162,162,0
16,194,194,0
17,329,325,4
18,128,128,0
19,151,151,0
20,220,220,0
21,567,565,2
22,173,173,0
23,186,185,1
24,140,140,0
25,100,98,2
26,107,107,0
27,316,309,7
28,150,150,0
29,145,144,1
30,247,247,0
31,114,114,0
32,166,166,0
33,164,164,0
34,447,446,1
35,402,402,0
36,54,53,1
37,299,297,2
38,221,221,0
39,336,332,4
40,359,358,1
41,163,163,0
42,537,537,0
43,248,248,0
44,111,111,0
45,337,337,0
46,983,979,4
47,541,540,1
48,89,89,0
49,1841,1825,16
50,452,451,1
51,541,541,0
52,185,184,1
53,537,536,1
54,199,199,0
55,723,721,2
56,185,185,0
57,163,163,0
58,57,56,1
59,274,273,1
60,88,88,0
61,176,176,0
62,134,134,0
63,215,214,1
64,323,322,1
65,168,165,3
66,107,107,0
67,223,223,0
68,103,102,1
69,90,88,2
70,126,125,1
71,194,194,0
72,287,286,1
73,324,323,1
74,43,43,0
75,149,148,1
76,105,104,1
77,335,333,2
78,74,74,0
79,220,219,1
80,111,111,0
81,260,260,0
82,112,107,5
83,117,117,0
84,55,55,0
85,57,57,0
86,271,269,2
87,129,129,0
88,178,178,0
89,158,158,0
90,250,250,0
91,78,78,0
92,198,197,1
93,118,117,1
94,161,161,0
95,56,56,0
96,60,60,0
97,102,102,0
98,139,138,1
99,161,160,1
100,173,172,1
101,215,215,0
102,115,115,0
103,165,165,0
104,593,590,3
105,166,166,0
106,270,269,1
107,248,247,1
108,143,142,1
109,513,507,6
110,228,228,0
111,347,347,0
112,194,194,0
113,56,56,0
114,165,165,0
115,122,122,0
116,267,260,7
117,381,379,2
118,282,278,4
119,353,351,2
120,178,178,0
121,110,107,3
122,218,218,0
123,188,178,10
124,149,149,0
125,228,228,0
126,511,510,1
127,158,158,0
128,110,110,0
129,109,109,0
130,158,158,0
131,145,145,0
132,231,230,1
133,154,153,1
134,331,330,1
135,168,168,0
136,146,145,1
137,212,212,0
138,670,664,6
139,240,239,1
140,320,320,0
141,205,205,0
142,341,338,3
143,138,138,0
144,308,308,0
145,102,101,1
146,129,129,0
147,162,161,1
148,113,111,2
149,642,640,2
150,144,144,0
151,177,176,1
152,421,421,0
153,301,299,2
154,496,495,1
155,339,339,0
156,399,397,2
157,154,153,1
158,156,152,4
159,190,190,0
160,185,185,0
161,137,135,2
162,138,138,0
163,285,284,1
164,505,502,3
165,88,88,0
166,408,408,0
167,343,341,2
168,154,154,0
169,146,145,1
170,95,95,0
171,167,167,0
172,143,143,0
173,182,182,0
174,75,75,0
175,107,107,0
176,116,116,0
177,134,134,0
178,114,114,0
179,396,396,0
180,151,151,0
181,123,123,0
182,134,133,1
183,147,147,0
184,160,160,0
185,219,217,2
186,132,132,0
187,153,153,0
188,130,130,0
189,145,145,0
190,204,203,1
191,139,139,0
192,464,464,0
193,273,272,1
194,165,163,2
195,425,423,2
196,398,393,5
197,165,163,2
198,162,160,2
199,162,162,0
200,274,264,10
201,188,185,3
202,132,130,2
203,137,135,2
204,649,640,9
205,496,494,2
206,142,142,0
207,122,121,1
208,541,538,3
209,427,421,6
210,54,54,0
211,521,515,6
212,152,152,0
213,154,154,0
214,590,589,1
215,102,102,0
216,263,263,0
217,92,90,2
218,259,255,4
219,171,164,7
220,355,354,1
221,953,950,3
222,125,124,1
223,133,132,1
224,139,139,0
225,160,160,0
226,152,152,0
227,158,156,2
228,94,94,0
229,192,192,0
230,44,44,0
231,375,373,2
232,189,186,3
233,630,627,3
234,208,208,0
235,530,530,0
236,81,81,0
237,324,321,3
238,212,212,0
239,430,430,0
240,88,88,0
241,128,128,0
242,365,365,0
243,475,473,2
244,159,157,2
245,302,300,2
246,180,180,0
247,367,367,0
248,219,217,2
249,232,226,6
250,78,78,0
251,103,103,0
252,413,409,4
253,473,473,0
254,330,328,2
255,154,154,0
256,203,201,2
257,746,740,6
258,122,122,0
259,215,215,0
260,138,138,0
261,198,198,0
262,81,81,0
263,401,400,1
264,139,138,1
265,118,118,0
266,227,227,0
267,193,192,1
268,366,366,0
269,433,431,2
270,167,166,1
271,174,174,0
272,117,116,1
273,330,330,0
274,239,239,0
275,264,264,0
276,306,306,0
277,749,743,6
278,138,138,0
279,73,73,0
280,217,215,2
281,130,129,1
282,63,63,0
283,135,135,0
284,214,213,1
285,92,91,1
286,471,471,0
287,386,386,0
288,300,300,0
289,156,156,0
290,162,162,0
291,38,38,0
292,279,279,0
293,63,63,0
294,68,68,0
295,133,133,0
296,133,133,0
297,157,156,1
298,74,72,2
299,528,527,1
300,41,41,0
301,81,81,0
302,120,120,0
303,394,394,0
304,117,117,0
305,247,247,0
306,143,142,1
307,108,108,0
308,226,225,1
309,164,164,0
310,297,297,0
311,498,498,0
312,648,648,0
313,259,258,1
314,324,321,3
315,441,441,0
316,570,568,2
317,259,259,0
318,99,98,1
319,37,37,0
320,56,56,0
321,346,346,0
322,338,337,1
323,194,193,1
324,123,121,2
325,226,221,5
326,154,153,1
327,65,65,0
328,75,75,0
329,110,109,1
330,177,177,0
331,153,153,0
332,156,155,1
333,299,299,0
334,55,55,0
335,84,84,0
336,132,131,1
337,148,148,0
338,239,239,0
339,69,69,0
340,163,163,0
341,408,406,2
342,135,135,0
343,292,290,2
344,300,300,0
345,439,437,2
346,1300,1300,0
347,46,46,0
348,190,189,1
349,125,125,0
350,625,621,4
351,204,203,1
352,208,208,0
353,1004,998,6
354,357,357,0
355,477,475,2
356,263,263,0
357,122,122,0
358,373,368,5
359,234,234,0
360,207,203,4
361,175,174,1
362,106,106,0
363,684,682,2
364,191,188,3
365,116,116,0
366,167,167,0
367,184,184,0
368,495,494,1
369,195,193,2
370,352,352,0
371,247,243,4
372,250,248,2
373,172,171,1
374,236,236,0
375,267,266,1
376,917,911,6
377,336,335,1
378,178,178,0
379,183,183,0
380,148,148,0
381,188,186,2
382,249,249,0
383,179,179,0
384,191,191,0
385,260,259,1
386,30,30,0
387,237,237,0
388,321,321,0
389,139,139,0
390,229,229,0
391,137,137,0
392,356,356,0
393,569,568,1
394,187,187,0
395,845,840,5
396,711,711,0
397,201,201,0
398,164,164,0
399,153,153,0
400,338,337,1
401,217,217,0
402,352,352,0
403,363,361,2
404,346,346,0
405,185,185,0
406,154,153,1
407,207,207,0
408,144,144,0
409,134,133,1
410,62,62,0
411,186,186,0
412,118,118,0
413,176,176,0
414,170,169,1
415,208,207,1
416,164,162,2
417,132,132,0
418,114,114,0
419,123,123,0
420,187,185,2
421,787,776,11
422,142,141,1
423,147,147,0
424,153,150,3
425,159,159,0
426,185,184,1
427,143,143,0
428,164,164,0
429,302,302,0
430,251,251,0
431,139,139,0
432,184,184,0
433,249,249,0
434,125,125,0
435,48,48,0
436,67,66,1
437,164,164,0
438,245,245,0
439,508,504,4
440,452,450,2
441,180,180,0
442,314,313,1
443,424,422,2
444,95,93,2
445,100,100,0
446,246,245,1
447,136,136,0
448,299,291,8
449,73,73,0
450,291,291,0
451,475,472,3
452,901,893,8
453,93,93,0
454,738,738,0
455,124,123,1
456,163,160,3
457,408,407,1
458,265,265,0
459,86,86,0
460,283,283,0
461,228,228,0
462,184,183,1
463,225,225,0
464,392,391,1
465,145,145,0
466,660,658,2
467,143,141,2
468,207,206,1
469,565,555,10
470,135,134,1
471,434,432,2
472,255,253,2
473,270,270,0
474,152,152,0
475,135,135,0
476,111,111,0
477,321,321,0
478,625,624,1
479,156,156,0
480,193,193,0
481,173,173,0
482,113,113,0
483,244,244,0
484,370,369,1
485,263,262,1
486,543,542,1
487,410,409,1
488,239,239,0
489,229,229,0
490,777,776,1
491,253,253,0
492,91,91,0
493,258,258,0
494,271,270,1
495,183,183,0
496,239,239,0
497,73,73,0
498,146,146,0
499,511,510,1
500,141,141,0
501,176,176,0
502,251,250,1
503,183,182,1
504,631,630,1
505,256,256,0
506,216,216,0
507,100,100,0
508,96,96,0
509,89,89,0
510,444,439,5
511,119,119,0
512,119,119,0
513,36,36,0
514,708,707,1
515,313,311,2
516,137,137,0
517,208,207,1
518,170,170,0
519,106,106,0
520,269,269,0
521,123,123,0
522,479,479,0
523,208,208,0
524,152,152,0
525,83,82,1
526,216,216,0
527,156,155,1
528,192,190,2
529,170,170,0
530,218,216,2
531,124,123,1
532,259,259,0
533,49,49,0
534,203,203,0
535,110,110,0
536,214,213,1
537,431,429,2
538,141,141,0
539,166,165,1
540,164,164,0
541,148,147,1
542,106,106,0
543,198,198,0
544,129,126,3
545,91,90,1
546,124,123,1
547,75,75,0
548,122,121,1
549,180,179,1
550,106,106,0
551,118,118,0
552,102,101,1
553,51,51,0
554,119,118,1
555,159,159,0
556,130,130,0
557,151,151,0
558,153,153,0
559,377,374,3
560,132,131,1
561,87,87,0
562,149,147,2
563,129,129,0
564,250,248,2
565,250,250,0
566,124,124,0
567,146,145,1
568,278,276,2
569,63,63,0
570,117,117,0
571,185,184,1
572,74,74,0
573,814,810,4
574,124,122,2
575,280,279,1
576,154,154,0
577,181,181,0
578,295,295,0
579,410,408,2
580,193,193,0
581,189,188,1
582,101,101,0
583,278,277,1
584,891,891,0
585,140,140,0
586,328,328,0
587,110,109,1
588,329,324,5
589,267,266,1
590,132,132,0
591,170,170,0
592,123,123,0
593,111,110,1
594,124,124,0
595,167,167,0
596,148,148,0
597,129,129,0
598,127,127,0
599,198,198,0
600,139,138,1
601,113,113,0
602,409,409,0
603,218,218,0
604,301,301,0
605,510,509,1
606,187,186,1
607,144,143,1
608,788,787,1
609,113,111,2
610,146,146,0
611,282,282,0
612,279,277,2
613,652,651,1
614,116,115,1
615,252,252,0
616,1206,1202,4
617,88,88,0
618,127,127,0
619,99,99,0
620,205,205,0
621,65,65,0
622,388,388,0
623,486,486,0
624,47,47,0
625,332,331,1
626,51,51,0
627,278,277,1
628,130,130,0
629,91,91,0
630,107,107,0
631,144,144,0
632,114,114,0
633,805,800,5
634,389,389,0
635,312,312,0
636,216,216,0
637,75,75,0
638,138,137,1
639,561,561,0
640,120,118,2
641,228,225,3
642,461,459,2
643,60,60,0
644,136,136,0
645,529,529,0
646,180,179,1
647,439,439,0
648,332,332,0
649,291,291,0
650,493,487,6
651,77,76,1
652,370,364,6
653,107,107,0
654,45,45,0
655,119,119,0
656,236,236,0
657,174,174,0
658,115,115,0
659,500,494,6
660,971,967,4
661,126,124,2
662,176,176,0
663,44,44,0
664,249,249,0
665,81,80,1
666,374,372,2
667,169,169,0
668,152,151,1
669,127,127,0
670,354,353,1
671,36,36,0
672,42,42,0
673,142,139,3
674,96,96,0
675,57,57,0
676,156,155,1
677,127,127,0
678,137,136,1
679,81,80,1
680,190,190,0
681,332,331,1
682,186,186,0
683,81,81,0
684,435,432,3
685,215,215,0
686,764,761,3
687,232,230,2
688,94,94,0
689,189,189,0
690,64,64,0
691,96,96,0
692,210,208,2
693,176,176,0
694,263,262,1
695,191,191,0
696,463,462,1
697,88,86,2
698,142,142,0
699,60,60,0
700,132,132,0
701,142,142,0
702,260,259,1
703,150,150,0
704,211,211,0
705,107,107,0
706,122,120,2
707,68,65,3
708,93,93,0
709,637,634,3
710,49,49,0
711,493,487,6
712,146,144,2
713,222,222,0
714,490,489,1
715,190,189,1
716,317,317,0
717,219,219,0
718,177,177,0
719,137,137,0
720,107,107,0
721,65,65,0
722,72,72,0
723,146,145,1
724,131,130,1
725,189,189,0
726,192,192,0
727,154,154,0
728,167,166,1
729,135,135,0
730,126,125,1
731,138,138,0
732,143,143,0
733,126,126,0
734,395,394,1
735,349,347,2
736,498,497,1
737,147,147,0
738,228,228,0
739,661,657,4
740,283,283,0
741,296,296,0
742,22,22,0
743,60,58,2
744,50,50,0
745,56,56,0
746,274,274,0
747,80,78,2
748,410,406,4
749,120,118,2
750,284,280,4
751,480,477,3
752,118,118,0
753,266,265,1
754,563,560,3
755,169,167,2
756,234,234,0
757,555,550,5
758,315,315,0
759,106,106,0
760,159,155,4
761,114,114,0
762,123,123,0
763,132,132,0
764,52,52,0
765,178,177,1
766,48,46,2
767,92,92,0
768,133,133,0
769,385,385,0
770,358,351,7
771,48,48,0
772,134,134,0
773,108,107,1
774,297,296,1
775,375,375,0
776,162,160,2
777,187,186,1
778,100,100,0
779,127,126,1
780,182,182,0
781,131,130,1
782,321,321,0
783,116,116,0
784,132,132,0
785,162,162,0
786,180,179,1
787,436,435,1
788,59,55,4
789,215,215,0
790,455,450,5
791,124,124,0
792,182,181,1
793,539,536,3
794,133,132,1
795,317,317,0
796,208,208,0
797,235,234,1
798,357,353,4
799,176,176,0
800,115,115,0
801,131,130,1
802,138,137,1
803,224,223,1
804,164,163,1
805,110,110,0
806,168,168,0
807,217,217,0
808,132,130,2
809,167,167,0
810,131,131,0
811,211,211,0
812,93,93,0
813,146,144,2
814,107,107,0
815,182,182,0
816,63,63,0
817,51,51,0
818,81,81,0
819,293,292,1
820,150,150,0
821,267,266,1
822,137,136,1
823,148,148,0
824,146,146,0
825,379,379,0
826,110,110,0
827,213,213,0
828,67,67,0
829,234,234,0
830,153,153,0
831,128,127,1
832,55,55,0
833,467,467,0
834,984,976,8
835,239,239,0
836,328,326,2
837,144,142,2
838,127,127,0
839,54,54,0
840,362,361,1
841,599,594,5
842,520,519,1
843,64,64,0
844,43,43,0
845,739,739,0
846,472,471,1
847,124,122,2
848,60,60,0
849,105,101,4
850,118,116,2
851,135,132,3
852,234,234,0
853,129,129,0
854,493,491,2
855,49,49,0
856,150,149,1
857,47,47,0
858,162,159,3
859,55,54,1
860,66,66,0
861,206,202,4
862,231,230,1
863,160,160,0
864,121,121,0
865,141,141,0
866,121,119,2
867,114,114,0
868,277,277,0
869,158,158,0
870,71,71,0
871,129,117,12
872,138,137,1
873,142,140,2
874,153,153,0
875,128,128,0
876,586,582,4
877,125,125,0
878,142,139,3
879,54,54,0
880,258,257,1
881,61,61,0
882,126,125,1
883,127,127,0
884,280,276,4
885,186,185,1
886,290,288,2
887,100,100,0
888,119,119,0
889,109,109,0
890,180,180,0
891,114,114,0
892,142,141,1
893,195,192,3
894,48,47,1
895,70,70,0
896,172,171,1
897,50,50,0
898,83,82,1
899,227,223,4
900,73,73,0
901,133,132,1
902,624,618,6
903,195,195,0
904,236,236,0
905,96,96,0
906,170,170,0
907,84,83,1
908,371,371,0
909,153,152,1
910,58,58,0
911,487,486,1
912,133,133,0
913,218,218,0
914,308,308,0
915,136,135,1
916,95,95,0
917,122,122,0
918,133,133,0
919,32,32,0
920,59,59,0
921,150,147,3
922,88,88,0
923,108,108,0
924,74,74,0
925,174,171,3
926,129,129,0
927,139,139,0
928,116,116,0
929,102,102,0
930,147,146,1
931,238,238,0
932,91,91,0
933,390,390,0
934,37,36,1
935,168,168,0
936,382,379,3
937,77,77,0
938,160,159,1
939,382,379,3
940,130,130,0
941,284,281,3
942,119,119,0
943,185,182,3
944,143,143,0
945,249,249,0
946,384,382,2
947,311,304,7
948,381,380,1
949,152,151,1
950,187,186,1
951,151,150,1
952,124,124,0
953,173,172,1
954,90,90,0
955,129,129,0
956,691,689,2
957,253,253,0
958,622,621,1
959,412,412,0
960,136,136,0
961,172,171,1
962,154,154,0
963,135,135,0
964,138,138,0
965,135,134,1
966,144,144,0
967,177,177,0
968,350,348,2
969,194,194,0
970,253,251,2
971,304,301,3
972,167,167,0
973,157,155,2
974,166,166,0
975,132,132,0
976,234,234,0
977,113,113,0
978,241,241,0
979,101,101,0
980,343,343,0
981,389,388,1
982,432,432,0
983,486,486,0
984,181,181,0
985,216,215,1
986,156,156,0
987,125,125,0
988,123,123,0
989,164,160,4
990,145,145,0
991,142,141,1
992,104,103,1
993,132,132,0
994,195,194,1
995,348,346,2
996,155,155,0
997,150,150,0
998,127,127,0
999,79,78,1
1000,187,183,4
1001,128,128,0
1002,182,181,1
1003,147,147,0
1004,150,150,0
1005,188,183,5
1006,137,137,0
1007,165,163,2
1008,134,134,0
1009,1011,1007,4
1010,355,352,3
1011,181,177,4
1012,180,180,0
1013,187,184,3
1014,354,353,1
1015,145,144,1
1016,277,275,2
1017,149,148,1
1018,172,171,1
1019,57,56,1
1020,129,128,1
1021,81,80,1
1022,110,110,0
1023,233,233,0
1024,220,219,1
1025,120,120,0
1026,82,82,0
1027,184,184,0
1028,120,120,0
1029,113,113,0
1030,417,416,1
1031,366,364,2
1032,503,499,4
1033,523,522,1
1034,228,228,0
1035,562,559,3
1036,300,300,0
1037,138,138,0
1038,201,201,0
1039,240,240,0
1040,368,368,0
1041,220,220,0
1042,157,157,0
1043,68,68,0
1044,621,620,1
1045,139,139,0
1046,123,123,0
1047,159,159,0
1048,111,111,0
1049,131,131,0
1050,176,176,0
1051,288,288,0
1052,176,175,1
1053,135,135,0
1054,114,113,1
1055,344,343,1
1056,171,170,1
1057,203,203,0
1058,137,133,4
1059,161,161,0
1060,311,310,1
1061,156,156,0
1062,179,178,1
1063,264,264,0
1064,135,135,0
1065,43,43,0
1066,163,161,2
1067,90,90,0
1068,350,346,4
1069,106,105,1
1070,444,444,0
1071,256,256,0
1072,190,189,1
1073,138,138,0
1074,125,124,1
1075,245,244,1
1076,120,118,2
1077,313,311,2
1078,57,55,2
1079,235,235,0
1080,65,65,0
1081,171,169,2
1082,154,154,0
1083,286,286,0
1084,181,180,1
1085,180,180,0
1086,357,355,2
1087,176,175,1
1088,368,365,3
1089,385,382,3
1090,347,313,34
1091,135,135,0
1092,465,465,0
1093,198,195,3
1094,116,116,0
1095,304,303,1
1096,187,187,0
1097,507,507,0
1098,297,294,3
1099,597,596,1
1100,132,132,0
1101,220,219,1
1102,243,242,1
1103,101,101,0
1104,116,116,0
1105,190,189,1
1106,85,84,1
1107,457,453,4
1108,265,264,1
1109,808,804,4
1110,65,65,0
1111,73,73,0
1112,224,223,1
1113,924,923,1
1114,430,428,2
1115,367,365,2
1116,203,203,0
1117,913,905,8
1118,383,383,0
1119,251,250,1
1120,346,346,0
1121,145,145,0
1122,334,334,0
1123,197,196,1
1124,179,178,1
1125,183,183,0
1126,225,223,2
1127,82,81,1
1128,125,121,4
1129,80,80,0
1130,300,295,5
1131,56,55,1
1132,66,65,1
1133,228,227,1
1134,317,317,0
1135,318,314,4
1136,200,196,4
1137,204,203,1
1138,113,113,0
1139,287,286,1
1140,635,635,0
1141,146,146,0
1142,143,143,0
1143,338,338,0
1144,247,246,1
1145,1029,1029,0
1146,133,131,2
1147,177,177,0
1148,320,320,0
1149,64,63,1
1150,404,399,5
1151,168,168,0
1152,187,185,2
1153,279,279,0
1154,165,164,1
1155,137,136,1
1156,161,161,0
1157,618,612,6
1158,209,204,5
1159,348,348,0
1160,411,408,3
1161,463,458,5
1162,703,698,5
1163,214,214,0
1164,112,111,1
1165,747,737,10
1166,342,342,0
1167,135,134,1
1168,678,668,10
1169,208,206,2
1170,531,527,4
1171,140,140,0
1172,245,243,2
1173,164,160,4
1174,126,125,1
1175,75,75,0
1176,380,380,0
1177,350,347,3
1178,46,44,2
1179,65,65,0
1180,43,43,0
1181,154,154,0
1182,73,73,0
1183,195,195,0
1184,133,133,0
1185,217,216,1
1186,720,718,2
1187,117,117,0
1188,212,212,0
1189,109,109,0
1190,204,203,1
1191,131,131,0
1192,257,256,1
1193,376,376,0
1194,259,259,0
1195,204,203,1
1196,298,298,0
1197,181,181,0
1198,146,146,0
1199,232,230,2
1200,133,133,0
1201,561,560,1
1202,91,90,1
1203,102,102,0
1204,137,137,0
1205,48,48,0
1206,145,145,0
1207,621,620,1
1208,141,140,1
1209,28,28,0
1210,166,166,0
1211,253,251,2
1212,771,770,1
1213,91,91,0
1214,119,119,0
1215,146,146,0
1216,179,179,0
1217,176,176,0
1218,582,582,0
1219,125,125,0
1220,138,137,1
1221,204,204,0
1222,44,44,0
1223,54,50,4
1224,165,164,1
1225,525,524,1
1226,259,255,4
1227,237,237,0
1228,502,492,10
1229,802,799,3
1230,205,204,1
1231,200,199,1
1232,227,227,0
1233,127,126,1
1234,339,334,5
1235,201,201,0
1236,177,176,1
1237,154,153,1
1238,434,433,1
1239,278,273,5
1240,138,138,0
1241,430,430,0
1242,186,186,0
1243,277,277,0
1244,158,158,0
1245,268,267,1
1246,185,185,0
1247,253,251,2
1248,162,161,1
1249,242,240,2
1250,204,204,0
1251,265,261,4
1252,885,884,1
1253,211,210,1
1254,579,576,3
1255,459,457,2
1256,278,278,0
1257,175,175,0
1258,682,681,1
1259,1003,999,4
1260,809,807,2
1261,149,149,0
1262,253,253,0
1263,181,181,0
1264,250,249,1
1265,242,241,1
1266,237,236,1
1267,619,617,2
1268,520,517,3
1269,273,273,0
1270,228,227,1
1271,828,828,0
1272,304,303,1
1273,146,145,1
1274,520,519,1
1275,208,208,0
1276,400,399,1
1277,267,264,3
1278,543,542,1
1279,657,656,1
1280,151,151,0
1281,177,177,0
1282,306,306,0
1283,361,360,1
1284,232,231,1
1285,1004,1000,4
1286,177,176,1
1287,128,128,0
1288,142,142,0
1289,88,84,4
1290,100,100,0
1291,179,178,1
1292,142,140,2
1293,99,99,0
1294,133,133,0
1295,255,253,2
1296,195,193,2
1297,291,291,0
1298,197,196,1
1299,34,34,0
1300,169,169,0
1301,126,126,0
1302,133,133,0
1303,142,141,1
1304,295,294,1
1305,120,120,0
1306,345,343,2
1307,292,292,0
1308,187,186,1
1309,443,441,2
1310,535,535,0
1311,693,691,2
1312,363,362,1
1313,89,89,0
1314,513,512,1
1315,583,583,0
1316,167,167,0
1317,423,422,1
1318,243,242,1
1319,355,354,1
1320,57,57,0
1321,113,113,0
1322,47,47,0
1323,155,155,0
1324,143,143,0
1325,294,294,0
1326,77,77,0
1327,424,424,0
1328,350,350,0
1329,225,225,0
1330,198,198,0
1331,521,520,1
1332,857,852,5
1333,35,35,0
1334,309,309,0
1335,175,175,0
1336,108,108,0
1337,635,635,0
1338,122,122,0
1339,63,63,0
1340,123,121,2
1341,76,76,0
1342,232,231,1
1343,121,121,0
1344,391,390,1
1345,319,318,1
1346,148,148,0
1347,161,161,0
1348,356,356,0
1349,199,198,1
1350,203,203,0
1351,141,141,0
1352,246,245,1
1353,298,296,2
1354,942,935,7
1355,147,147,0
1356,357,351,6
1357,34,34,0
1358,58,58,0
1359,330,328,2
1360,57,57,0
1361,57,57,0
1362,321,320,1
1363,269,269,0
1364,166,166,0
1365,133,133,0
1366,125,124,1
1367,179,179,0
1368,136,136,0
1369,350,348,2
1370,374,371,3
1371,118,118,0
1372,383,376,7
1373,235,235,0
1374,151,150,1
1375,177,177,0
1376,188,188,0
1377,320,318,2
1378,94,94,0
1379,154,154,0
1380,124,124,0
1381,135,135,0
1382,134,132,2
1383,67,67,0
1384,155,155,0
1385,216,215,1
1386,258,255,3
1387,196,196,0
1388,118,118,0
1389,519,519,0
1390,710,706,4
1391,463,460,3
1392,157,156,1
1393,448,438,10
1394,218,218,0
1395,184,181,3
1396,126,126,0
1397,146,144,2
1398,58,57,1
1399,169,166,3
1400,65,65,0
1401,86,85,1
1402,276,275,1
1403,121,121,0
1404,136,136,0
1405,128,128,0
1406,185,185,0
1407,145,144,1
1408,205,205,0
1409,241,240,1
1410,138,138,0
1411,238,238,0
1412,414,413,1
1413,754,754,0
1414,510,506,4
1415,404,404,0
1416,473,473,0
1417,831,826,5
1418,256,256,0
1419,93,93,0
1420,48,48,0
1421,259,256,3
1422,62,61,1
1423,460,458,2
1424,570,568,2
1425,445,444,1
1426,373,373,0
1427,355,354,1
1428,277,275,2
1429,154,152,2
1430,269,269,0
1431,83,83,0
1432,110,109,1
1433,791,791,0
1434,133,132,1
1435,118,116,2
1436,285,283,2
1437,99,98,1
1438,340,340,0
1439,328,325,3
1440,577,576,1
1441,478,477,1
1442,423,423,0
1443,1005,998,7
1444,103,102,1
1445,164,162,2
1446,843,842,1
1447,300,300,0
1448,68,68,0
1449,182,181,1
1450,916,913,3
1451,452,449,3
1452,148,148,0
1453,160,160,0
1454,139,137,2
1455,120,118,2
1456,429,428,1
1457,48,48,0
1458,108,108,0
1459,160,160,0
1460,351,350,1
1461,469,465,4
1462,765,764,1
1463,495,492,3
1464,182,181,1
1465,576,567,9
1466,141,141,0
1467,61,61,0
1468,175,174,1
1469,214,213,1
1470,385,382,3
1471,260,260,0
1472,161,158,3
1473,124,124,0
1474,173,169,4
1475,59,59,0
1476,136,133,3
1477,132,130,2
1478,149,148,1
1479,392,383,9
1480,168,168,0
1481,126,126,0
1482,96,96,0
1483,162,162,0
1484,154,153,1
1485,86,86,0
1486,129,128,1
1487,143,140,3
1488,177,176,1
1489,522,512,10
1490,253,247,6
1491,263,261,2
1492,138,138,0
1493,284,283,1
1494,104,104,0
1495,170,167,3
1496,48,46,2
1497,130,130,0
1498,91,91,0
1499,149,149,0
1500,156,155,1
1501,69,69,0
1502,158,157,1
1503,143,142,1
1504,1043,1033,10
1505,80,80,0
1506,150,147,3
1507,254,254,0
1508,165,164,1
1509,130,129,1
1510,140,140,0
1511,169,166,3
1512,93,92,1
1513,76,75,1
1514,154,154,0
1515,205,205,0
1516,455,453,2
1517,241,241,0
1518,641,641,0
1519,133,131,2
1520,534,531,3
1521,207,207,0
1522,184,182,2
1523,198,197,1
1524,108,108,0
1525,243,243,0
1526,322,321,1
1527,123,123,0
1528,271,269,2
1529,260,258,2
1530,410,408,2
1531,851,846,5
1532,339,336,3
1533,156,153,3
1534,119,119,0
1535,727,727,0
1536,97,97,0
1537,585,579,6
1538,283,283,0
1539,910,908,2
1540,278,277,1
1541,449,444,5
1542,237,235,2
1543,115,115,0
1544,142,140,2
1545,275,275,0
1546,74,73,1
1547,252,252,0
1548,106,106,0
1549,142,140,2
1550,73,73,0
1551,87,87,0
1552,142,142,0
1553,200,200,0
1554,233,232,1
1555,115,115,0
1556,639,636,3
1557,548,548,0
1558,217,216,1
1559,584,584,0
1560,673,671,2
1561,431,419,12
1562,524,520,4
1563,540,533,7
1564,335,334,1
1565,101,101,0
1566,121,120,1
1567,188,187,1
1568,246,244,2
1569,161,161,0
1570,65,65,0
1571,61,60,1
1572,70,70,0
1573,68,68,0
1574,249,249,0
1575,191,191,0
1576,98,98,0
1577,246,245,1
1578,117,115,2
1579,117,117,0
1580,217,217,0
1581,151,149,2
1582,441,441,0
1583,191,188,3
1584,161,161,0
1585,96,96,0
1586,282,279,3
1587,655,655,0
1588,168,168,0
1589,117,114,3
1590,210,210,0
1591,637,631,6
1592,176,171,5
1593,44,43,1
1594,54,54,0
1595,107,106,1
1596,74,74,0
1597,139,138,1
1598,280,276,4
1599,282,281,1
1600,286,285,1
1601,166,165,1
1602,132,132,0
1603,124,123,1
1604,102,102,0
1605,102,102,0
1606,101,101,0
1607,144,144,0
1608,266,266,0
1609,169,169,0
1610,483,483,0
1611,74,74,0
1612,178,178,0
1613,504,500,4
1614,73,73,0
1615,155,154,1
1616,420,419,1
1617,179,179,0
1618,649,643,6
1619,185,185,0
1620,234,231,3
1621,396,394,2
1622,553,553,0
1623,128,124,4
1624,329,328,1
1625,205,205,0
1626,173,173,0
1627,62,60,2
1628,310,307,3
1629,126,125,1
1630,309,309,0
1631,234,234,0
1632,84,84,0
1633,234,234,0
1634,129,129,0
1635,239,239,0
1636,193,193,0
1637,233,233,0
1638,972,970,2
1639,239,238,1
1640,268,268,0
1641,189,188,1
1642,174,174,0
1643,78,78,0
1644,146,145,1
1645,253,252,1
1646,159,159,0
1647,134,133,1
1648,375,373,2
1649,133,133,0
1650,52,52,0
1651,453,453,0
1652,432,431,1
1653,162,161,1
1654,113,113,0
1655,176,175,1
1656,154,154,0
1657,642,636,6
1658,117,117,0
1659,208,205,3
1660,233,232,1
1661,139,136,3
1662,108,107,1
1663,757,756,1
1664,160,158,2
1665,152,151,1
1666,58,57,1
1667,164,164,0
1668,133,133,0
1669,226,225,1
1670,107,106,1
1671,598,597,1
1672,706,700,6
1673,222,220,2
1674,195,194,1
1675,187,186,1
1676,454,449,5
1677,978,967,11
1678,606,605,1
1679,308,307,1
1680,506,506,0
1681,202,199,3
1682,70,70,0
1683,157,156,1
1684,270,268,2
1685,104,104,0
1686,90,89,1
1687,141,141,0
1688,298,298,0
1689,158,158,0
1690,81,81,0
1691,113,112,1
1692,232,232,0
1693,125,125,0
1694,211,210,1
1695,157,154,3
1696,332,332,0
1697,129,129,0
1698,338,336,2
1699,99,99,0
1700,161,161,0
1701,129,129,0
1702,124,124,0
1703,252,251,1
1704,155,155,0
1705,901,900,1
1706,683,680,3
1707,269,267,2
1708,354,353,1
1709,287,283,4
1710,596,596,0
1711,224,224,0
1712,126,126,0
1713,182,182,0
1714,114,113,1
1715,696,695,1
1716,536,534,2
1717,112,112,0
1718,105,104,1
1719,258,257,1
1720,141,141,0
1721,150,150,0
1722,111,111,0
1723,186,185,1
1724,201,201,0
1725,453,450,3
1726,541,538,3
1727,109,109,0
1728,176,174,2
1729,104,104,0
1730,135,135,0
1731,156,156,0
1732,84,84,0
1733,37,37,0
1734,275,275,0
1735,387,386,1
1736,178,178,0
1737,153,153,0
1738,348,346,2
1739,163,162,1
1740,612,611,1
1741,281,280,1
1742,279,279,0
1743,141,140,1
1744,221,221,0
1745,258,258,0
1746,451,448,3
1747,373,368,5
1748,98,95,3
1749,153,153,0
1750,159,158,1
1751,117,114,3
1752,45,45,0
1753,126,125,1
1754,75,75,0
1755,185,183,2
1756,473,473,0
1757,163,162,1
1758,307,296,11
1759,792,790,2
1760,455,451,4
1761,993,986,7
1762,156,156,0
1763,201,200,1
1764,128,126,2
1765,466,466,0
1766,144,143,1
1767,134,134,0
1768,177,176,1
1769,139,139,0
1770,146,146,0
1771,29,29,0
1772,122,122,0
1773,316,316,0
1774,53,53,0
1775,51,51,0
1776,57,57,0
1777,131,127,4
1778,160,159,1
1779,155,142,13
1780,325,325,0
1781,165,163,2
1782,318,317,1
1783,84,84,0
1784,52,52,0
1785,132,132,0
1786,155,154,1
1787,404,397,7
1788,126,125,1
1789,61,61,0
1790,215,212,3
1791,189,188,1
1792,167,166,1
1793,492,491,1
1794,536,535,1
1795,426,425,1
1796,216,214,2
1797,215,214,1
1798,137,136,1
1799,210,210,0
1800,388,385,3
1801,167,167,0
1802,350,348,2
1803,136,136,0
1804,232,230,2
1805,749,748,1
1806,204,204,0
1807,146,146,0
1808,327,324,3
1809,202,201,1
1810,65,64,1
1811,219,218,1
1812,778,778,0
1813,274,274,0
1814,296,294,2
1815,128,126,2
1816,423,423,0
1817,201,201,0
1818,546,546,0
1819,127,127,0
1820,167,167,0
1821,168,168,0
1822,178,177,1
1823,389,389,0
1824,433,433,0
1825,398,398,0
1826,166,166,0
1827,247,245,2
1828,163,163,0
1829,382,380,2
1830,247,243,4
1831,69,69,0
1832,99,98,1
1833,86,85,1
1834,147,147,0
1835,121,120,1
1836,156,156,0
1837,238,238,0
1838,117,116,1
1839,129,129,0
1840,305,305,0
1841,497,496,1
1842,254,254,0
1843,260,259,1
1844,252,247,5
1845,644,642,2
1846,213,212,1
1847,712,712,0
1848,701,697,4
1849,327,327,0
1850,207,206,1
1851,266,266,0
1852,599,591,8
1853,56,56,0
1854,240,234,6
1855,131,131,0
1856,133,132,1
1857,177,176,1
1858,148,148,0
1859,136,136,0
1860,441,437,4
1861,198,195,3
1862,122,121,1
1863,84,81,3
1864,87,87,0
1865,347,344,3
1866,150,147,3
1867,122,122,0
1868,383,382,1
1869,334,334,0
1870,399,397,2
1871,84,84,0
1872,50,48,2
1873,82,82,0
1874,59,59,0
1875,344,344,0
1876,300,298,2
1877,77,77,0
1878,127,127,0
1879,136,136,0
1880,161,161,0
1881,468,467,1
1882,233,233,0
1883,138,138,0
1884,74,74,0
1885,125,125,0
1886,142,141,1
1887,201,201,0
1888,232,231,1
1889,147,145,2
1890,288,287,1
1891,345,345,0
1892,171,171,0
1893,521,520,1
1894,64,64,0
1895,151,151,0
1896,129,129,0
1897,146,146,0
1898,208,206,2
1899,121,121,0
1900,216,215,1
1901,222,221,1
1902,94,94,0
1903,222,222,0
1904,294,294,0
1905,148,148,0
1906,346,344,2
1907,498,492,6
1908,144,143,1
1909,227,224,3
1910,129,129,0
1911,260,260,0
1912,275,274,1
1913,127,126,1
1914,825,821,4
1915,170,170,0
1916,164,160,4
1917,174,173,1
1918,49,48,1
1919,180,178,2
1920,58,58,0
1921,349,347,2
1922,196,193,3
1923,127,127,0
1924,267,265,2
1925,222,219,3
1926,295,293,2
1927,329,328,1
1928,276,276,0
1929,168,167,1
1930,356,353,3
1931,360,358,2
1932,468,465,3
1933,186,185,1
1934,150,149,1
1935,437,437,0
1936,154,154,0
1937,389,387,2
1938,129,129,0
1939,114,114,0
1940,144,143,1
1941,109,109,0
1942,226,225,1
1943,112,112,0
1944,115,115,0
1945,93,93,0
1946,309,307,2
1947,149,149,0
1948,62,62,0
1949,145,145,0
1950,120,120,0
1951,79,78,1
1952,56,56,0
1953,130,130,0
1954,2487,2453,34
1955,43,43,0
1956,97,97,0
1957,218,218,0
1958,127,127,0
1959,116,116,0
1960,72,72,0
1961,194,194,0
1962,62,62,0
1963,165,163,2
1964,125,123,2
1965,76,76,0
1966,81,81,0
1967,53,53,0
1968,128,123,5
1969,133,133,0
1970,172,170,2
1971,116,116,0
1972,181,181,0
1973,114,114,0
1974,156,156,0
1975,249,249,0
1976,693,685,8
1977,189,189,0
1978,127,127,0
1979,416,416,0
1980,153,153,0
1981,184,181,3
1982,75,74,1
1983,161,160,1
1984,172,171,1
1985,258,257,1
1986,235,230,5
1987,214,214,0
1988,71,71,0
1989,117,117,0
1990,251,251,0
1991,398,395,3
1992,136,136,0
1993,157,157,0
1994,176,176,0
1995,52,52,0
1996,77,75,2
1997,118,117,1
1998,509,507,2
1999,346,346,0
2000,46,46,0
2001,378,375,3
2002,147,147,0
2003,638,634,4
2004,166,166,0
2005,116,115,1
2006,263,255,8
2007,170,170,0
2008,490,489,1
2009,145,145,0
2010,41,41,0
2011,362,360,2
2012,332,332,0
2013,165,164,1
2014,419,418,1
2015,242,241,1
2016,147,147,0
2017,139,139,0
2018,222,222,0
2019,649,648,1
2020,156,156,0
2021,128,128,0
2022,291,291,0
2023,479,472,7
2024,228,228,0
2025,158,158,0
2026,127,127,0
2027,62,62,0
2028,279,278,1
2029,141,140,1
2030,204,202,2
2031,265,265,0
2032,51,50,1
2033,276,270,6
2034,158,158,0
2035,432,432,0
2036,143,143,0
2037,175,175,0
2038,152,152,0
2039,241,241,0
2040,169,169,0
2041,149,149,0
2042,99,99,0
2043,126,125,1
2044,410,410,0
2045,134,134,0
2046,59,59,0
2047,375,375,0
2048,213,213,0
2049,213,213,0
2050,89,89,0
2051,142,141,1
2052,135,135,0
2053,79,79,0
2054,451,451,0
2055,63,63,0
2056,83,83,0
2057,144,144,0
2058,187,186,1
2059,124,124,0
2060,158,153,5
2061,50,49,1
2062,61,61,0
2063,215,214,1
2064,138,136,2
2065,88,88,0
2066,194,190,4
2067,81,79,2
2068,80,80,0
2069,190,188,2
2070,596,596,0
2071,129,125,4
2072,98,98,0
2073,619,619,0
2074,51,51,0
2075,41,41,0
2076,214,213,1
2077,49,49,0
2078,178,178,0
2079,715,712,3
2080,931,928,3
2081,292,290,2
2082,352,352,0
2083,649,647,2
2084,128,128,0
2085,758,756,2
2086,113,112,1
2087,247,245,2
2088,520,519,1
2089,388,387,1
2090,302,302,0
2091,223,223,0
2092,90,90,0
2093,138,135,3
2094,131,131,0
2095,320,313,7
2096,125,122,3
2097,165,165,0
2098,60,60,0
2099,238,236,2
2100,126,126,0
2101,206,203,3
2102,147,145,2
2103,130,128,2
2104,130,130,0
2105,67,67,0
2106,143,143,0
2107,157,156,1
2108,627,622,5
2109,367,365,2
2110,609,607,2
2111,114,114,0
2112,128,127,1
2113,189,188,1
2114,203,203,0
2115,374,374,0
2116,542,542,0
2117,210,210,0
2118,125,125,0
2119,185,185,0
2120,192,191,1
2121,630,630,0
2122,132,128,4
2123,49,49,0
2124,226,225,1
2125,179,179,0
2126,174,173,1
2127,244,241,3
2128,179,179,0
2129,118,118,0
2130,337,337,0
2131,35,35,0
2132,144,144,0
2133,115,115,0
2134,64,64,0
2135,55,54,1
2136,55,54,1
2137,31,30,1
2138,151,151,0
2139,427,424,3
2140,130,129,1
2141,263,261,2
2142,165,165,0
2143,449,448,1
2144,116,116,0
2145,121,120,1
2146,136,136,0
2147,95,95,0
2148,94,94,0
2149,516,513,3
2150,186,186,0
2151,133,133,0
2152,183,183,0
2153,148,147,1
2154,99,98,1
2155,194,194,0
2156,323,319,4
2157,258,257,1
2158,450,448,2
2159,135,135,0
2160,113,113,0
2161,125,123,2
2162,140,139,1
2163,190,190,0
2164,251,251,0
2165,156,156,0
2166,145,145,0
2167,428,427,1
2168,313,313,0
2169,878,871,7
2170,189,189,0
2171,225,225,0
2172,131,131,0
2173,137,136,1
2174,654,651,3
2175,410,408,2
2176,191,191,0
2177,814,806,8
2178,167,167,0
2179,433,432,1
2180,103,103,0
2181,147,147,0
2182,132,132,0
2183,149,149,0
2184,151,151,0
2185,296,296,0
2186,301,301,0
2187,125,125,0
2188,175,174,1
2189,242,242,0
2190,193,193,0
2191,123,121,2
2192,726,722,4
2193,169,169,0
2194,127,127,0
2195,133,133,0
2196,159,158,1
2197,194,193,1
2198,125,124,1
2199,137,137,0
2200,183,183,0
2201,191,190,1
2202,136,133,3
2203,776,775,1
2204,255,255,0
2205,200,199,1
2206,300,298,2
2207,134,134,0
2208,369,360,9
2209,439,434,5
2210,164,164,0
2211,663,663,0
2212,129,129,0
2213,131,130,1
2214,653,649,4
2215,139,139,0
2216,467,463,4
2217,28,28,0
2218,130,130,0
2219,148,148,0
2220,324,322,2
2221,170,170,0
2222,40,40,0
2223,168,168,0
2224,107,107,0
2225,107,107,0
2226,199,197,2
2227,115,115,0
2228,144,144,0
2229,127,127,0
2230,117,117,0
2231,444,441,3
2232,152,152,0
2233,191,191,0
2234,565,563,2
2235,195,195,0
2236,190,190,0
2237,146,146,0
2238,226,226,0
2239,130,129,1
2240,107,106,1
2241,327,325,2
2242,464,462,2
2243,173,173,0
2244,313,312,1
2245,310,310,0
2246,384,384,0
2247,183,183,0
2248,244,240,4
2249,122,122,0
2250,515,515,0
2251,197,196,1
2252,136,136,0
2253,37,37,0
2254,75,75,0
2255,129,129,0
2256,163,162,1
2257,342,342,0
2258,287,286,1
2259,203,202,1
2260,102,102,0
2261,134,134,0
2262,172,172,0
2263,321,320,1
2264,117,114,3
2265,206,205,1
2266,178,178,0
2267,597,594,3
2268,145,145,0
2269,138,138,0
2270,205,205,0
2271,208,206,2
2272,200,198,2
2273,272,272,0
2274,255,255,0
2275,69,69,0
2276,240,240,0
2277,119,118,1
2278,591,589,2
2279,57,57,0
2280,119,119,0
2281,69,69,0
2282,251,249,2
2283,529,527,2
2284,430,429,1
2285,35,35,0
2286,154,154,0
2287,318,316,2
2288,193,193,0
2289,162,162,0
2290,272,271,1
2291,119,119,0
2292,257,257,0
2293,122,122,0
2294,218,218,0
2295,791,787,4
2296,586,583,3
2297,87,87,0
2298,126,126,0
2299,48,48,0
2300,479,477,2
2301,330,330,0
2302,352,351,1
2303,54,54,0
2304,269,269,0
2305,211,211,0
2306,144,144,0
2307,180,180,0
2308,366,366,0
2309,270,270,0
2310,123,123,0
2311,188,188,0
2312,263,261,2
2313,212,212,0
2314,129,129,0
2315,232,232,0
2316,198,198,0
2317,238,236,2
2318,139,139,0
2319,98,98,0
2320,241,238,3
2321,96,95,1
2322,207,207,0
2323,276,276,0
2324,291,290,1
2325,408,408,0
2326,176,176,0
2327,219,219,0
2328,122,122,0
2329,246,245,1
2330,702,696,6
2331,470,469,1
2332,123,123,0
2333,330,328,2
2334,362,361,1
2335,166,163,3
2336,183,183,0
2337,254,253,1
2338,118,118,0
2339,474,471,3
2340,136,136,0
2341,309,309,0
2342,224,221,3
2343,162,151,11
2344,86,83,3
2345,173,173,0
2346,158,158,0
2347,130,130,0
2348,88,88,0
2349,181,180,1
2350,143,143,0
2351,232,232,0
2352,171,170,1
2353,475,475,0
2354,419,419,0
2355,148,148,0
2356,694,694,0
2357,251,251,0
2358,130,130,0
2359,799,797,2
2360,422,422,0
2361,149,147,2
2362,157,157,0
2363,409,409,0
2364,357,357,0
2365,196,195,1
2366,142,142,0
2367,452,450,2
2368,229,229,0
2369,74,74,0
2370,663,663,0
2371,784,781,3
2372,598,598,0
2373,520,517,3
2374,221,221,0
2375,260,260,0
2376,176,176,0
2377,364,364,0
2378,696,691,5
2379,281,281,0
2380,537,535,2
2381,124,124,0
2382,391,391,0
2383,44,44,0
2384,423,421,2
2385,203,203,0
2386,77,77,0
2387,69,69,0
2388,312,312,0
2389,241,240,1
2390,135,135,0
2391,151,150,1
2392,54,53,1
2393,168,168,0
2394,370,368,2
2395,435,435,0
2396,308,305,3
2397,440,438,2
2398,318,318,0
2399,197,197,0
2400,161,160,1
2401,104,101,3
2402,433,433,0
2403,106,106,0
2404,227,227,0
2405,267,264,3
2406,134,134,0
2407,269,269,0
2408,158,158,0
2409,254,253,1
2410,330,330,0
2411,828,825,3
2412,474,474,0
2413,318,318,0
2414,104,103,1
2415,438,437,1
2416,336,335,1
2417,300,299,1
2418,190,190,0
2419,114,114,0
2420,274,273,1
2421,141,140,1
2422,146,146,0
2423,264,264,0
2424,367,366,1
2425,260,260,0
2426,106,106,0
2427,120,120,0
2428,997,995,2
2429,395,394,1
2430,130,130,0
2431,1007,1006,1
2432,170,170,0
2433,493,493,0
2434,745,743,2
2435,250,250,0
2436,42,42,0
2437,103,103,0
2438,380,379,1
2439,267,267,0
2440,822,821,1
2441,1026,1020,6
2442,539,537,2
2443,77,77,0
2444,220,220,0
2445,345,343,2
2446,233,233,0
2447,463,462,1
2448,137,137,0
2449,319,319,0
2450,686,685,1
2451,248,247,1
2452,269,268,1
2453,700,696,4
2454,123,123,0
2455,118,118,0
2456,120,120,0
2457,104,102,2
2458,115,114,1
2459,44,43,1
2460,84,83,1
2461,138,138,0
2462,288,288,0
2463,355,352,3
2464,373,369,4
2465,796,795,1
2466,364,363,1
2467,59,59,0
2468,114,114,0
2469,209,209,0
2470,202,200,2
2471,89,89,0
2472,150,150,0
2473,248,248,0
2474,337,335,2
2475,467,465,2
2476,135,135,0
2477,197,196,1
2478,397,396,1
2479,46,41,5
2480,183,183,0
2481,409,406,3
2482,688,685,3
2483,256,254,2
2484,208,208,0
2485,142,141,1
2486,454,453,1
2487,139,139,0
2488,181,181,0
2489,153,153,0
2490,532,532,0
2491,169,168,1
2492,85,85,0
2493,431,431,0
2494,350,350,0
2495,201,200,1
2496,134,132,2
2497,513,513,0
2498,129,129,0
2499,32,32,0
2500,134,133,1
2501,232,229,3
2502,269,269,0
2503,194,192,2
2504,97,96,1
2505,248,244,4
2506,206,206,0
2507,82,82,0
2508,164,163,1
2509,305,304,1
2510,134,134,0
2511,80,80,0
2512,370,368,2
2513,185,183,2
2514,115,115,0
2515,126,126,0
2516,155,155,0
2517,224,224,0
2518,121,121,0
2519,120,120,0
2520,215,211,4
2521,162,162,0
2522,193,193,0
2523,317,317,0
2524,990,983,7
2525,30,30,0
2526,63,63,0
2527,106,106,0
2528,98,98,0
2529,99,99,0
2530,121,120,1
2531,53,53,0
2532,108,108,0
2533,218,217,1
2534,50,50,0
2535,209,207,2
2536,232,232,0
2537,115,115,0
2538,342,340,2
2539,257,257,0
2540,95,92,3
2541,146,145,1
2542,297,295,2
2543,214,214,0
2544,202,202,0
2545,71,71,0
2546,84,84,0
2547,106,106,0
2548,259,253,6
2549,189,181,8
2550,812,801,11
2551,332,332,0
2552,636,634,2
2553,360,360,0
2554,84,84,0
2555,208,207,1
2556,67,67,0
2557,238,236,2
2558,637,636,1
2559,60,60,0
2560,139,139,0
2561,197,197,0
2562,274,274,0
2563,37,37,0
2564,38,38,0
2565,39,39,0
2566,122,122,0
2567,63,62,1
2568,63,62,1
2569,74,74,0
2570,49,49,0
2571,512,512,0
2572,100,100,0
2573,300,300,0
2574,211,210,1
2575,289,287,2
2576,204,203,1
2577,63,63,0
2578,392,390,2
2579,491,489,2
2580,117,115,2
2581,126,125,1
2582,64,64,0
2583,368,365,3
2584,86,86,0
2585,1076,1073,3
2586,72,72,0
2587,55,54,1
2588,137,137,0
2589,392,390,2
2590,148,148,0
2591,139,139,0
2592,500,499,1
2593,109,108,1
2594,110,108,2
2595,146,145,1
2596,212,208,4
2597,109,108,1
2598,117,117,0
2599,61,61,0
2600,230,229,1
2601,186,185,1
2602,427,424,3
2603,172,172,0
2604,140,139,1
2605,174,174,0
2606,129,129,0
2607,146,145,1
2608,115,114,1
2609,71,70,1
2610,127,127,0
2611,338,337,1
2612,444,437,7
2613,88,88,0
2614,148,148,0
2615,125,123,2
2616,138,138,0
2617,145,145,0
2618,146,146,0
2619,114,114,0
2620,130,130,0
2621,125,124,1
2622,127,127,0
2623,622,614,8
2624,315,315,0
2625,206,204,2
2626,201,201,0
2627,242,242,0
2628,129,128,1
2629,160,160,0
2630,186,185,1
2631,801,796,5
2632,102,102,0
2633,495,494,1
2634,406,404,2
2635,346,342,4
2636,180,179,1
2637,420,420,0
2638,552,552,0
2639,301,301,0
2640,697,694,3
2641,259,259,0
2642,130,129,1
2643,77,77,0
2644,375,375,0
2645,165,165,0
2646,231,231,0
2647,287,286,1
2648,855,854,1
2649,291,291,0
2650,204,204,0
2651,176,176,0
2652,164,164,0
2653,223,219,4
2654,59,59,0
2655,170,170,0
2656,396,392,4
2657,246,242,4
2658,240,240,0
2659,60,60,0
2660,72,72,0
2661,70,70,0
2662,45,45,0
2663,142,142,0
2664,582,581,1
2665,136,133,3
2666,593,593,0
2667,254,254,0
2668,474,472,2
2669,180,180,0
2670,190,189,1
2671,146,144,2
2672,113,113,0
2673,315,312,3
2674,576,572,4
2675,170,170,0
2676,382,382,0
2677,327,325,2
2678,95,95,0
2679,524,522,2
2680,520,518,2
2681,62,62,0
2682,90,89,1
2683,106,105,1
2684,56,56,0
2685,701,693,8
2686,137,135,2
2687,189,184,5
2688,296,296,0
2689,107,107,0
2690,34,34,0
2691,65,65,0
2692,57,57,0
2693,167,166,1
2694,57,57,0
2695,118,117,1
2696,272,271,1
2697,58,58,0
2698,154,153,1
2699,150,150,0
2700,82,82,0
2701,99,99,0
2702,307,307,0
2703,179,179,0
2704,118,118,0
2705,150,150,0
2706,186,185,1
2707,297,297,0
2708,135,135,0
2709,141,141,0
2710,180,180,0
2711,359,359,0
2712,177,176,1
2713,148,148,0
2714,157,157,0
2715,141,139,2
2716,142,141,1
2717,165,165,0
2718,361,361,0
2719,352,352,0
2720,153,153,0
2721,206,206,0
2722,124,123,1
2723,222,222,0
2724,472,471,1
2725,281,280,1
2726,116,116,0
2727,156,156,0
2728,173,172,1
2729,466,464,2
2730,421,417,4
2731,179,175,4
2732,217,217,0
2733,246,245,1
2734,329,324,5
2735,108,108,0
2736,194,193,1
2737,149,148,1
2738,288,287,1
2739,318,315,3
2740,624,619,5
2741,195,195,0
2742,142,142,0
2743,85,85,0
2744,109,109,0
2745,232,232,0
2746,60,60,0
2747,97,97,0
2748,46,45,1
2749,50,50,0
2750,45,45,0
2751,123,123,0
2752,182,182,0
2753,63,62,1
2754,456,455,1
2755,129,128,1
2756,283,282,1
2757,184,184,0
2758,162,162,0
2759,132,132,0
2760,149,149,0
2761,262,262,0
2762,137,137,0
2763,361,361,0
2764,349,346,3
2765,105,104,1
2766,159,159,0
2767,149,149,0
2768,115,115,0
2769,232,232,0
2770,201,200,1
2771,189,189,0
2772,221,220,1
2773,130,130,0
2774,74,74,0
2775,484,484,0
2776,477,472,5
2777,478,476,2
2778,350,350,0
2779,217,217,0
2780,168,168,0
2781,344,342,2
2782,142,142,0
2783,128,128,0
2784,78,77,1
2785,341,340,1
2786,24,24,0
2787,39,39,0
2788,387,386,1
2789,51,51,0
2790,61,61,0
2791,127,127,0
2792,238,238,0
2793,684,680,4
2794,124,124,0
2795,124,124,0
2796,111,111,0
2797,324,323,1
2798,452,440,12
2799,122,122,0
2800,443,441,2
2801,316,313,3
2802,75,75,0
2803,137,137,0
2804,261,259,2
2805,245,245,0
2806,141,141,0
2807,115,113,2
2808,238,235,3
2809,98,96,2
2810,124,123,1
2811,162,162,0
2812,155,152,3
2813,110,109,1
2814,111,111,0
2815,213,213,0
2816,302,298,4
2817,226,225,1
2818,381,376,5
2819,444,443,1
2820,236,235,1
2821,265,265,0
2822,144,142,2
2823,78,78,0
2824,188,188,0
2825,210,208,2
2826,83,83,0
2827,167,167,0
2828,162,162,0
2829,125,124,1
2830,278,277,1
2831,145,144,1
2832,145,145,0
2833,39,39,0
2834,133,132,1
2835,217,217,0
2836,185,185,0
2837,238,238,0
2838,139,139,0
2839,143,143,0
2840,349,347,2
2841,64,64,0
2842,111,111,0
2843,64,64,0
2844,288,286,2
2845,538,529,9
2846,132,132,0
2847,239,238,1
2848,130,130,0
2849,76,76,0
2850,55,55,0
2851,234,234,0
2852,139,139,0
2853,300,298,2
2854,343,340,3
2855,547,546,1
2856,291,291,0
2857,1004,993,11
2858,123,123,0
2859,210,209,1
2860,277,274,3
2861,424,422,2
2862,220,220,0
2863,89,87,2
2864,163,163,0
2865,331,330,1
2866,788,780,8
2867,89,87,2
2868,456,453,3
2869,305,285,20
2870,186,186,0
2871,124,123,1
2872,374,374,0
2873,346,346,0
2874,336,334,2
2875,314,304,10
2876,434,428,6
2877,469,468,1
2878,105,105,0
2879,50,50,0
2880,64,64,0
2881,248,248,0
2882,575,574,1
2883,709,709,0
2884,99,96,3
2885,76,76,0
2886,66,66,0
2887,194,191,3
2888,261,261,0
2889,428,426,2
2890,223,220,3
2891,194,194,0
2892,334,330,4
2893,721,717,4
2894,997,995,2
2895,254,254,0
2896,200,199,1
2897,171,169,2
2898,148,148,0
2899,136,136,0
2900,81,81,0
2901,45,45,0
2902,174,168,6
2903,122,122,0
2904,166,164,2
2905,157,154,3
2906,180,179,1
2907,61,61,0
2908,87,87,0
2909,146,146,0
2910,119,119,0
2911,113,112,1
2912,376,374,2
2913,174,172,2
2914,83,83,0
2915,196,192,4
2916,582,581,1
2917,829,821,8
2918,145,144,1
2919,211,211,0
2920,710,706,4
2921,195,195,0
2922,375,375,0
2923,526,526,0
2924,102,102,0
2925,448,442,6
2926,184,184,0
2927,141,140,1
2928,324,322,2
2929,148,148,0
2930,150,150,0
2931,217,215,2
2932,140,139,1
2933,83,83,0
2934,250,248,2
2935,211,210,1
2936,321,320,1
2937,475,474,1
2938,716,716,0
2939,352,352,0
2940,128,128,0
2941,384,384,0
2942,128,128,0
2943,300,298,2
2944,202,200,2
2945,288,284,4
2946,247,246,1
2947,162,161,1
2948,132,132,0
2949,301,297,4
2950,54,54,0
2951,218,218,0
2952,698,698,0
2953,266,263,3
2954,423,422,1
2955,82,82,0
2956,156,154,2
2957,189,188,1
2958,258,254,4
2959,390,388,2
2960,484,482,2
2961,150,150,0
2962,116,116,0
2963,138,138,0
2964,178,178,0
2965,829,828,1
2966,45,45,0
2967,342,340,2
2968,174,173,1
2969,430,430,0
2970,127,127,0
2971,269,269,0
2972,355,355,0
2973,132,132,0
2974,711,710,1
2975,116,115,1
2976,323,321,2
2977,145,139,6
2978,164,164,0
2979,174,174,0
2980,251,250,1
2981,27,27,0
2982,25,25,0
2983,108,107,1
2984,170,170,0
2985,155,155,0
2986,105,104,1
2987,234,234,0
2988,477,476,1
2989,136,136,0
2990,111,111,0
2991,781,781,0
2992,591,590,1
2993,696,690,6
2994,682,678,4
2995,171,170,1
2996,411,410,1
2997,259,259,0
2998,276,274,2
2999,910,909,1
3000,111,111,0
3001,194,190,4
3002,426,421,5
3003,101,100,1
3004,241,241,0
3005,189,186,3
3006,144,144,0
3007,153,153,0
3008,332,332,0
3009,217,217,0
3010,114,113,1
3011,124,124,0
3012,211,211,0
3013,137,136,1
3014,209,208,1
3015,204,204,0
3016,125,122,3
3017,382,381,1
3018,293,291,2
3019,200,198,2
3020,212,210,2
3021,155,154,1
3022,798,797,1
3023,380,380,0
3024,143,142,1
3025,602,597,5
3026,334,334,0
3027,974,972,2
3028,119,119,0
3029,122,121,1
3030,108,108,0
3031,413,404,9
3032,178,176,2
3033,204,202,2
3034,97,94,3
3035,337,333,4
3036,130,127,3
3037,98,97,1
3038,124,124,0
3039,204,201,3
3040,114,111,3
3041,87,86,1
3042,137,131,6
3043,111,111,0
3044,352,348,4
3045,938,935,3
3046,707,684,23
3047,247,241,6
3048,121,120,1
3049,687,685,2
3050,174,174,0
3051,64,64,0
3052,217,217,0
3053,132,132,0
3054,535,534,1
3055,106,106,0
3056,145,145,0
3057,220,220,0
3058,124,124,0
3059,684,684,0
3060,127,126,1
3061,775,774,1
3062,308,308,0
3063,586,581,5
3064,316,316,0
3065,151,149,2
3066,237,236,1
3067,523,523,0
3068,344,341,3
3069,813,811,2
3070,302,302,0
3071,399,399,0
3072,233,232,1
3073,922,922,0
3074,496,495,1
3075,997,997,0
3076,265,265,0
3077,112,110,2
3078,233,232,1
3079,1079,1078,1
3080,797,795,2
3081,288,284,4
3082,124,124,0
3083,482,481,1
3084,750,747,3
3085,193,192,1
3086,132,131,1
3087,180,180,0
3088,215,214,1
3089,119,118,1
3090,477,477,0
3091,163,163,0
3092,155,154,1
3093,86,86,0
3094,159,159,0
3095,129,129,0
3096,119,119,0
3097,105,104,1
3098,121,121,0
3099,199,199,0
3100,325,325,0
3101,104,103,1
3102,94,92,2
3103,128,126,2
3104,173,173,0
3105,44,44,0
3106,122,122,0
3107,131,131,0
3108,255,255,0
3109,218,218,0
3110,297,289,8
3111,559,556,3
3112,245,245,0
3113,39,39,0
3114,45,45,0
3115,130,130,0
3116,150,149,1
3117,136,136,0
3118,16,16,0
3119,16,16,0
3120,428,419,9
3121,501,487,14
3122,143,143,0
3123,199,199,0
3124,149,149,0
3125,142,139,3
3126,184,183,1
3127,95,95,0
3128,557,554,3
3129,199,198,1
3130,281,273,8
3131,127,125,2
3132,444,438,6
3133,197,192,5
3134,115,114,1
3135,122,122,0
3136,122,121,1
3137,60,60,0
3138,190,189,1
3139,140,140,0
3140,226,224,2
3141,296,287,9
3142,275,275,0
3143,467,465,2
3144,432,427,5
3145,180,180,0
3146,881,879,2
3147,564,563,1
3148,711,705,6
3149,1210,1199,11
3150,205,204,1
3151,120,120,0
3152,176,173,3
3153,137,137,0
3154,222,221,1
3155,212,211,1
3156,132,132,0
3157,199,198,1
3158,200,200,0
3159,252,252,0
3160,156,156,0
3161,96,96,0
3162,89,89,0
3163,254,254,0
3164,99,99,0
3165,432,430,2
3166,238,238,0
3167,61,56,5
3168,278,276,2
3169,64,64,0
3170,78,78,0
3171,78,78,0
3172,88,88,0
3173,179,177,2
3174,190,190,0
3175,282,280,2
3176,151,151,0
3177,42,42,0
3178,592,588,4
3179,633,631,2
3180,306,306,0
3181,632,629,3
3182,159,158,1
3183,96,96,0
3184,140,140,0
3185,179,178,1
3186,118,118,0
3187,523,520,3
3188,68,68,0
3189,82,81,1
3190,192,191,1
3191,197,196,1
3192,148,148,0
3193,134,133,1
3194,117,117,0
3195,131,131,0
3196,151,151,0
3197,168,167,1
3198,84,82,2
3199,104,102,2
3200,162,161,1
3201,144,144,0
3202,154,153,1
3203,131,131,0
3204,155,153,2
3205,204,204,0
3206,148,146,2
3207,183,182,1
3208,114,114,0
3209,131,131,0
3210,73,72,1
3211,141,140,1
3212,217,215,2
3213,135,134,1
3214,128,128,0
3215,155,155,0
3216,83,83,0
3217,50,50,0
3218,55,55,0
3219,168,168,0
3220,811,806,5
3221,82,82,0
3222,107,106,1
3223,129,129,0
3224,252,250,2
3225,130,130,0
3226,239,238,1
3227,131,130,1
3228,125,124,1
3229,175,172,3
3230,204,202,2
3231,102,101,1
3232,27,27,0
3233,222,222,0
3234,74,74,0
3235,169,166,3
3236,146,146,0
3237,84,84,0
3238,89,88,1
3239,250,250,0
3240,581,581,0
3241,100,94,6
3242,321,316,5
3243,141,141,0
3244,195,194,1
3245,448,445,3
3246,183,182,1
3247,110,110,0
3248,288,284,4
3249,433,432,1
3250,410,410,0
3251,365,362,3
3252,425,425,0
3253,425,424,1
3254,186,184,2
3255,184,184,0
3256,137,137,0
3257,330,329,1
3258,266,265,1
3259,155,155,0
3260,265,263,2
3261,119,118,1
3262,61,61,0
3263,54,54,0
3264,116,115,1
3265,209,209,0
3266,83,83,0
3267,159,159,0
3268,233,231,2
3269,50,50,0
3270,78,78,0
3271,88,88,0
3272,128,128,0
3273,139,139,0
3274,44,43,1
3275,68,68,0
3276,503,502,1
3277,130,130,0
3278,79,78,1
3279,104,104,0
3280,87,87,0
3281,204,203,1
3282,139,139,0
3283,152,152,0
3284,47,47,0
3285,91,91,0
3286,174,171,3
3287,167,167,0
3288,223,223,0
3289,387,383,4
3290,378,374,4
3291,118,118,0
3292,197,197,0
3293,179,178,1
3294,504,503,1
3295,230,225,5
3296,473,469,4
3297,395,395,0
3298,581,581,0
3299,267,267,0
3300,204,203,1
3301,129,129,0
3302,970,968,2
3303,360,358,2
3304,436,436,0
3305,128,128,0
3306,247,246,1
3307,73,73,0
3308,130,128,2
3309,207,206,1
3310,81,79,2
3311,59,59,0
3312,152,152,0
3313,282,279,3
3314,25,25,0
3315,124,124,0
3316,185,184,1
3317,119,119,0
3318,194,191,3
3319,90,90,0
3320,176,176,0
3321,158,157,1
3322,121,118,3
3323,221,221,0
3324,117,111,6
3325,379,378,1
3326,129,128,1
3327,282,281,1
3328,204,204,0
3329,212,212,0
3330,316,316,0
3331,230,228,2
3332,209,209,0
3333,275,275,0
3334,293,293,0
3335,520,520,0
3336,773,771,2
3337,137,137,0
3338,368,368,0
3339,186,186,0
3340,622,619,3
3341,222,222,0
3342,325,324,1
3343,114,113,1
3344,216,211,5
3345,656,655,1
3346,742,738,4
3347,156,155,1
3348,215,215,0
3349,755,753,2
3350,197,197,0
3351,348,348,0
3352,185,184,1
3353,220,219,1
3354,151,150,1
3355,920,919,1
3356,151,151,0
3357,128,128,0
3358,226,225,1
3359,257,256,1
3360,143,142,1
3361,211,210,1
3362,340,337,3
3363,187,185,2
3364,144,143,1
3365,282,282,0
3366,222,222,0
3367,113,113,0
3368,471,470,1
3369,409,407,2
3370,147,147,0
3371,929,927,2
3372,504,502,2
3373,126,126,0
3374,789,787,2
3375,364,361,3
3376,93,93,0
3377,232,232,0
3378,207,206,1
3379,173,173,0
3380,136,136,0
3381,449,448,1
3382,715,714,1
3383,595,593,2
3384,586,585,1
3385,211,211,0
3386,140,140,0
3387,550,550,0
3388,893,886,7
3389,216,216,0
3390,126,126,0
3391,366,365,1
3392,563,563,0
3393,167,165,2
3394,122,121,1
3395,319,319,0
3396,144,143,1
3397,424,421,3
3398,136,136,0
3399,188,187,1
3400,272,272,0
3401,651,650,1
3402,181,181,0
3403,185,185,0
3404,95,95,0
3405,158,158,0
3406,144,144,0
3407,127,127,0
3408,304,303,1
3409,226,226,0
3410,250,248,2
3411,143,142,1
3412,159,159,0
3413,210,208,2
3414,360,360,0
3415,371,371,0
3416,251,251,0
3417,154,154,0
3418,249,249,0
3419,105,105,0
3420,229,229,0
3421,179,178,1
3422,632,622,10
3423,131,126,5
3424,319,310,9
3425,317,313,4
3426,127,125,2
3427,187,187,0
3428,670,658,12
3429,146,143,3
3430,1003,990,13
3431,70,68,2
3432,107,106,1
3433,159,157,2
3434,380,375,5
3435,129,129,0
3436,378,378,0
3437,283,282,1
3438,806,800,6
3439,221,221,0
3440,133,133,0
3441,538,536,2
3442,79,79,0
3443,264,264,0
3444,192,192,0
3445,71,71,0
3446,504,501,3
3447,87,87,0
3448,297,297,0
3449,242,239,3
3450,328,327,1
3451,55,55,0
3452,454,452,2
3453,190,190,0
3454,149,148,1
3455,71,70,1
3456,95,95,0
3457,846,844,2
3458,315,315,0
3459,125,125,0
3460,522,521,1
3461,156,155,1
3462,226,225,1
3463,115,115,0
3464,325,324,1
3465,188,188,0
3466,181,181,0
3467,365,362,3
3468,466,466,0
3469,158,155,3
3470,137,137,0
3471,197,196,1
3472,129,129,0
3473,110,109,1
3474,424,424,0
3475,208,204,4
3476,210,209,1
3477,123,122,1
3478,171,171,0
3479,199,195,4
3480,151,150,1
3481,252,252,0
3482,301,301,0
3483,173,173,0
3484,266,263,3
3485,151,151,0
3486,132,131,1
3487,181,181,0
3488,203,203,0
3489,361,360,1
3490,234,234,0
3491,134,134,0
3492,356,354,2
3493,161,160,1
3494,474,473,1
3495,209,204,5
3496,121,121,0
3497,303,302,1
3498,415,414,1
3499,123,123,0
3500,249,247,2
3501,110,109,1
3502,217,217,0
3503,57,57,0
3504,370,369,1
3505,200,198,2
3506,313,313,0
3507,157,157,0
3508,208,207,1
3509,136,134,2
3510,619,616,3
3511,136,136,0
3512,153,153,0
3513,142,142,0
3514,210,209,1
3515,313,313,0
3516,133,133,0
3517,131,131,0
3518,133,133,0
3519,162,161,1
3520,279,279,0
3521,516,512,4
3522,227,227,0
3523,119,119,0
3524,437,437,0
3525,999,999,0
3526,206,206,0
3527,211,211,0
3528,120,119,1
3529,81,80,1
3530,207,206,1
3531,141,141,0
3532,163,163,0
3533,133,132,1
3534,421,418,3
3535,179,179,0
3536,111,110,1
3537,209,208,1
3538,139,138,1
3539,244,243,1
3540,398,398,0
3541,182,182,0
3542,195,195,0
3543,755,751,4
3544,139,139,0
3545,205,205,0
3546,147,146,1
3547,387,385,2
3548,178,177,1
3549,310,309,1
3550,346,345,1
3551,130,130,0
3552,138,137,1
3553,690,690,0
3554,49,49,0
3555,145,145,0
3556,228,228,0
3557,112,111,1
3558,214,213,1
3559,198,198,0
3560,132,132,0
3561,406,405,1
3562,151,149,2
3563,438,428,10
3564,598,595,3
3565,262,260,2
3566,345,345,0
3567,125,125,0
3568,144,143,1
3569,236,236,0
3570,162,162,0
3571,126,126,0
3572,141,141,0
3573,130,130,0
3574,464,460,4
3575,252,252,0
3576,125,125,0
3577,688,684,4
3578,120,120,0
3579,224,224,0
3580,240,240,0
3581,338,337,1
3582,340,337,3
3583,100,100,0
3584,96,96,0
3585,230,229,1
3586,562,562,0
3587,762,758,4
3588,166,166,0
3589,600,600,0
3590,236,234,2
3591,190,190,0
3592,107,107,0
3593,365,365,0
3594,156,154,2
3595,133,133,0
3596,313,312,1
3597,284,284,0
3598,156,156,0
3599,493,491,2
3600,173,173,0
3601,142,142,0
3602,254,253,1
3603,956,954,2
3604,113,113,0
3605,270,270,0
3606,540,538,2
3607,115,113,2
3608,242,242,0
3609,128,128,0
3610,196,195,1
3611,119,114,5
3612,145,145,0
3613,230,229,1
3614,122,122,0
3615,257,257,0
3616,259,256,3
3617,609,607,2
3618,342,341,1
3619,169,169,0
3620,155,155,0
3621,48,48,0
3622,261,260,1
3623,90,90,0
3624,115,115,0
3625,172,170,2
3626,654,654,0
3627,137,137,0
3628,140,140,0
3629,554,551,3
3630,152,151,1
3631,130,130,0
3632,49,49,0
3633,118,118,0
3634,232,229,3
3635,343,343,0
3636,128,128,0
3637,447,444,3
3638,84,84,0
3639,119,118,1
3640,500,499,1
3641,249,248,1
3642,63,63,0
3643,138,138,0
3644,327,327,0
3645,449,444,5
3646,285,284,1
3647,39,39,0
3648,125,125,0
3649,249,249,0
3650,150,150,0
3651,339,339,0
3652,171,171,0
3653,128,128,0
3654,138,137,1
3655,294,293,1
3656,167,167,0
3657,441,440,1
3658,271,271,0
3659,259,259,0
3660,422,421,1
3661,593,592,1
3662,302,301,1
3663,181,181,0
3664,109,107,2
3665,87,87,0
3666,182,182,0
3667,330,330,0
3668,530,530,0
3669,198,198,0
3670,184,182,2
3671,518,514,4
3672,63,63,0
3673,202,201,1
3674,141,136,5
3675,133,132,1
3676,125,125,0
3677,584,583,1
3678,98,98,0
3679,32,32,0
3680,137,137,0
3681,41,39,2
3682,141,141,0
3683,226,224,2
3684,177,176,1
3685,138,137,1
3686,329,324,5
3687,48,48,0
3688,146,146,0
3689,167,167,0
3690,117,117,0
3691,98,98,0
3692,250,247,3
3693,118,117,1
3694,167,167,0
3695,140,140,0
3696,295,295,0
3697,170,169,1
3698,175,172,3
3699,224,223,1
3700,247,247,0
3701,223,223,0
3702,510,510,0
3703,220,219,1
3704,164,164,0
3705,212,210,2
3706,347,347,0
3707,298,296,2
3708,245,245,0
3709,98,98,0
3710,132,132,0
3711,274,273,1
3712,489,489,0
3713,184,184,0
3714,155,153,2
3715,199,199,0
3716,210,210,0
3717,155,155,0
3718,641,638,3
3719,658,654,4
3720,157,157,0
3721,133,133,0
3722,148,148,0
3723,183,183,0
3724,302,299,3
3725,189,185,4
3726,126,126,0
3727,182,180,2
3728,228,228,0
3729,130,130,0
3730,168,168,0
3731,275,274,1
3732,110,110,0
3733,145,145,0
3734,268,268,0
3735,521,520,1
3736,141,141,0
3737,378,374,4
3738,109,108,1
3739,127,127,0
3740,157,157,0
3741,115,115,0
3742,1178,1175,3
3743,132,132,0
3744,55,55,0
3745,124,124,0
3746,145,143,2
3747,364,363,1
3748,121,121,0
3749,156,156,0
3750,279,277,2
3751,393,391,2
3752,155,155,0
3753,169,169,0
3754,96,96,0
3755,617,616,1
3756,148,148,0
3757,297,297,0
3758,195,195,0
3759,255,255,0
3760,193,193,0
3761,137,137,0
3762,42,42,0
3763,130,130,0
3764,140,140,0
3765,206,206,0
3766,284,283,1
3767,62,62,0
3768,152,145,7
3769,88,88,0
3770,69,69,0
3771,93,92,1
3772,73,73,0
3773,444,426,18
3774,125,124,1
3775,158,158,0
3776,118,116,2
3777,249,249,0
3778,61,61,0
3779,249,249,0
3780,148,148,0
3781,128,128,0
3782,143,143,0
3783,226,219,7
3784,191,190,1
3785,207,207,0
3786,251,251,0
3787,242,241,1
3788,96,94,2
3789,230,229,1
3790,198,197,1
3791,286,286,0
3792,333,332,1
3793,260,259,1
3794,106,105,1
3795,180,180,0
3796,142,142,0
3797,201,201,0
3798,112,112,0
3799,106,105,1
3800,204,204,0
3801,121,120,1
3802,349,342,7
3803,195,195,0
3804,322,320,2
3805,527,526,1
3806,394,394,0
3807,817,811,6
3808,309,309,0
3809,613,610,3
3810,245,245,0
3811,449,447,2
3812,90,88,2
3813,125,123,2
3814,112,111,1
3815,169,169,0
3816,207,207,0
3817,114,114,0
3818,43,43,0
3819,32,31,1
3820,40,40,0
3821,333,333,0
3822,22,22,0
3823,226,226,0
3824,141,141,0
3825,59,59,0
3826,47,47,0
3827,143,143,0
3828,272,272,0
3829,405,402,3
3830,225,225,0
3831,655,651,4
3832,190,190,0
3833,228,228,0
3834,361,360,1
3835,153,153,0
3836,296,295,1
3837,168,166,2
3838,70,70,0
3839,168,166,2
3840,191,189,2
3841,300,300,0
3842,129,128,1
3843,119,119,0
3844,677,674,3
3845,346,346,0
3846,259,258,1
3847,209,208,1
3848,133,132,1
3849,205,204,1
3850,219,219,0
3851,132,132,0
3852,138,138,0
3853,244,243,1
3854,121,121,0
3855,146,145,1
3856,508,507,1
3857,151,150,1
3858,67,67,0
3859,59,59,0
3860,112,112,0
3861,94,93,1
3862,340,340,0
3863,270,270,0
3864,474,471,3
3865,189,189,0
3866,283,281,2
3867,164,163,1
3868,456,456,0
3869,165,165,0
3870,212,212,0
3871,247,246,1
3872,175,175,0
3873,115,115,0
3874,431,422,9
3875,130,130,0
3876,139,133,6
3877,122,120,2
3878,316,310,6
3879,131,131,0
3880,97,97,0
3881,240,240,0
3882,133,133,0
3883,317,309,8
3884,145,144,1
3885,135,133,2
3886,126,126,0
3887,236,236,0
3888,291,288,3
3889,341,341,0
3890,121,121,0
3891,258,258,0
3892,251,250,1
3893,323,321,2
3894,83,81,2
3895,149,148,1
3896,387,385,2
3897,163,163,0
3898,162,161,1
3899,1023,1020,3
3900,76,76,0
3901,206,204,2
3902,29,29,0
3903,44,44,0
3904,108,107,1
3905,704,701,3
3906,827,826,1
3907,231,231,0
3908,811,810,1
3909,181,181,0
3910,52,52,0
3911,59,58,1
3912,125,125,0
3913,102,101,1
3914,552,549,3
3915,237,237,0
3916,409,408,1
3917,267,266,1
3918,84,83,1
3919,247,242,5
3920,115,114,1
3921,97,96,1
3922,267,267,0
3923,298,296,2
3924,218,217,1
3925,189,189,0
3926,160,160,0
3927,190,190,0
3928,68,68,0
3929,67,67,0
3930,202,201,1
3931,115,115,0
3932,290,288,2
3933,224,224,0
3934,115,113,2
3935,197,195,2
3936,186,185,1
3937,149,148,1
3938,153,150,3
3939,237,234,3
3940,60,60,0
3941,275,272,3
3942,326,325,1
3943,127,127,0
3944,127,127,0
3945,122,122,0
3946,131,131,0
3947,131,131,0
3948,167,167,0
3949,154,154,0
3950,232,232,0
3951,243,242,1
3952,183,183,0
3953,195,195,0
3954,170,170,0
3955,194,193,1
3956,194,194,0
3957,103,102,1
3958,109,109,0
3959,166,166,0
3960,302,301,1
3961,75,75,0
3962,130,130,0
3963,54,54,0
3964,218,217,1
3965,209,207,2
3966,46,46,0
3967,155,155,0
3968,317,316,1
3969,546,545,1
3970,190,189,1
3971,81,81,0
3972,105,105,0
3973,105,105,0
3974,310,310,0
3975,191,191,0
3976,153,152,1
3977,130,130,0
3978,140,140,0
3979,195,194,1
3980,309,309,0
3981,166,166,0
3982,122,121,1
3983,176,176,0
3984,516,515,1
3985,391,391,0
3986,120,120,0
3987,162,161,1
3988,146,146,0
3989,127,127,0
3990,152,152,0
3991,234,234,0
3992,125,123,2
3993,280,280,0
3994,106,106,0
3995,199,197,2
3996,120,120,0
3997,289,288,1
3998,113,113,0
3999,137,137,0
4000,161,161,0
4001,193,193,0
4002,453,452,1
4003,819,816,3
4004,140,140,0
4005,158,158,0
4006,178,178,0
4007,437,435,2
4008,193,193,0
4009,210,210,0
4010,40,40,0
4011,156,154,2
4012,138,137,1
4013,985,982,3
4014,225,225,0
4015,119,119,0
4016,135,133,2
4017,142,142,0
4018,144,142,2
4019,132,131,1
4020,57,57,0
4021,205,204,1
4022,132,132,0
4023,147,147,0
4024,122,122,0
4025,594,594,0
4026,876,869,7
4027,111,111,0
4028,356,353,3
4029,144,143,1
4030,115,114,1
4031,168,167,1
4032,50,50,0
4033,120,120,0
4034,161,161,0
4035,172,172,0
4036,708,705,3
4037,361,361,0
4038,367,364,3
4039,490,488,2
4040,213,213,0
4041,177,177,0
4042,125,125,0
4043,340,339,1
4044,151,150,1
4045,131,131,0
4046,101,97,4
4047,55,54,1
4048,61,61,0
4049,98,98,0
4050,104,103,1
4051,231,231,0
4052,106,105,1
4053,172,172,0
4054,161,161,0
4055,172,172,0
4056,228,227,1
4057,110,109,1
4058,135,135,0
4059,456,455,1
4060,107,106,1
4061,359,356,3
4062,178,178,0
4063,118,118,0
4064,210,207,3
4065,152,152,0
4066,162,162,0
4067,138,137,1
4068,215,215,0
4069,160,159,1
4070,203,203,0
4071,139,139,0
4072,146,146,0
4073,109,108,1
4074,130,130,0
4075,156,155,1
4076,67,67,0
4077,119,119,0
4078,171,169,2
4079,403,403,0
4080,157,156,1
4081,297,297,0
4082,61,61,0
4083,157,157,0
4084,186,185,1
4085,181,180,1
4086,117,117,0
4087,162,161,1
4088,131,131,0
4089,375,374,1
4090,158,157,1
4091,238,238,0
4092,271,271,0
4093,188,188,0
4094,162,161,1
4095,144,144,0
4096,192,191,1
4097,246,246,0
4098,567,564,3
4099,103,102,1
4100,170,168,2
4101,462,461,1
4102,121,120,1
4103,280,280,0
4104,118,118,0
4105,200,196,4
4106,119,119,0
4107,154,154,0
4108,232,232,0
4109,132,131,1
4110,104,104,0
4111,158,158,0
4112,169,169,0
4113,79,79,0
4114,130,130,0
4115,126,124,2
4116,155,155,0
4117,142,142,0
4118,280,279,1
4119,306,304,2
4120,150,147,3
4121,192,192,0
4122,123,122,1
4123,289,289,0
4124,519,518,1
4125,377,377,0
4126,138,138,0
4127,622,619,3
4128,128,128,0
4129,172,170,2
4130,224,224,0
4131,17,17,0
4132,178,178,0
4133,77,77,0
4134,180,180,0
4135,51,51,0
4136,410,410,0
4137,377,376,1
4138,55,55,0
4139,998,995,3
4140,404,403,1
4141,552,552,0
4142,194,193,1
4143,147,147,0
4144,414,414,0
4145,139,139,0
4146,107,104,3
4147,522,521,1
4148,240,231,9
4149,655,655,0
4150,189,187,2
4151,199,199,0
4152,87,86,1
4153,178,178,0
4154,188,187,1
4155,249,248,1
4156,244,243,1
4157,180,180,0
4158,162,162,0
4159,196,195,1
4160,179,177,2
4161,115,115,0
4162,320,320,0
4163,304,303,1
4164,115,112,3
4165,101,101,0
4166,60,60,0
4167,258,254,4
4168,345,343,2
4169,341,341,0
4170,285,285,0
4171,129,129,0
4172,311,311,0
4173,275,274,1
4174,476,475,1
4175,169,168,1
4176,114,114,0
4177,120,118,2
4178,254,254,0
4179,187,187,0
4180,190,190,0
4181,140,140,0
4182,148,148,0
4183,252,252,0
4184,458,458,0
4185,257,254,3
4186,227,227,0
4187,369,369,0
4188,287,281,6
4189,140,140,0
4190,249,249,0
4191,150,150,0
4192,261,259,2
4193,145,145,0
4194,273,268,5
4195,179,178,1
4196,161,160,1
4197,34,34,0
4198,409,408,1
4199,163,162,1
4200,125,125,0
4201,114,114,0
4202,364,364,0
4203,464,464,0
4204,238,238,0
4205,177,176,1
4206,384,384,0
4207,80,80,0
4208,216,214,2
4209,334,332,2
4210,766,765,1
4211,302,302,0
4212,407,406,1
4213,152,152,0
4214,801,799,2
4215,979,978,1
4216,217,217,0
4217,231,231,0
4218,195,194,1
4219,527,523,4
4220,142,142,0
4221,411,411,0
4222,117,117,0
4223,205,204,1
4224,141,139,2
4225,41,41,0
4226,36,36,0
4227,95,95,0
4228,216,214,2
4229,229,229,0
4230,189,188,1
4231,421,411,10
4232,417,415,2
4233,113,113,0
4234,152,149,3
4235,304,304,0
4236,270,268,2
4237,60,60,0
4238,146,146,0
4239,184,184,0
4240,476,474,2
4241,247,246,1
4242,56,56,0
4243,530,528,2
4244,144,144,0
4245,69,68,1
4246,143,143,0
4247,258,257,1
4248,194,194,0
4249,357,355,2
4250,302,302,0
4251,139,139,0
4252,131,130,1
4253,548,545,3
4254,626,626,0
4255,137,136,1
4256,152,151,1
4257,729,726,3
4258,143,143,0
4259,224,222,2
4260,335,332,3
4261,163,163,0
4262,54,54,0
4263,155,155,0
4264,159,159,0
4265,412,410,2
4266,235,235,0
4267,126,126,0
4268,438,438,0
4269,183,183,0
4270,82,82,0
4271,142,138,4
4272,54,54,0
4273,96,96,0
4274,92,92,0
4275,225,224,1
4276,70,70,0
4277,174,174,0
4278,743,729,14
4279,486,477,9
4280,43,42,1
4281,277,272,5
4282,101,101,0
4283,68,68,0
4284,171,171,0
4285,124,124,0
4286,192,192,0
4287,172,172,0
4288,118,118,0
4289,249,247,2
4290,105,105,0
4291,131,131,0
4292,139,139,0
4293,205,205,0
4294,396,396,0
4295,158,158,0
4296,121,119,2
4297,378,377,1
4298,256,256,0
4299,66,66,0
4300,289,288,1
4301,117,117,0
4302,198,197,1
4303,153,153,0
4304,189,188,1
4305,186,186,0
4306,365,365,0
4307,424,422,2
4308,217,213,4
4309,131,130,1
4310,758,757,1
4311,129,129,0
4312,234,233,1
4313,384,384,0
4314,127,127,0
4315,413,412,1
4316,218,216,2
4317,229,229,0
4318,324,324,0
4319,81,81,0
4320,461,460,1
4321,208,208,0
4322,148,147,1
4323,136,135,1
4324,144,143,1
4325,171,170,1
4326,164,164,0
4327,171,171,0
4328,342,342,0
4329,280,280,0
4330,127,127,0
4331,76,76,0
4332,256,256,0
4333,176,175,1
4334,136,136,0
4335,268,268,0
4336,298,297,1
4337,178,176,2
4338,768,767,1
4339,925,925,0
4340,223,223,0
4341,133,133,0
4342,644,644,0
4343,373,372,1
4344,146,146,0
4345,338,338,0
4346,1598,1591,7
4347,442,441,1
4348,121,121,0
4349,676,676,0
4350,978,977,1
4351,291,291,0
4352,428,425,3
4353,69,68,1
4354,172,172,0
4355,49,48,1
4356,407,396,11
4357,123,123,0
4358,140,140,0
4359,120,119,1
4360,48,48,0
4361,157,154,3
4362,40,40,0
4363,269,269,0
4364,117,117,0
4365,159,159,0
4366,474,473,1
4367,238,237,1
4368,418,416,2
4369,137,135,2
4370,49,49,0
4371,32,32,0
4372,70,69,1
4373,155,152,3
4374,94,92,2
4375,143,142,1
4376,137,136,1
4377,104,103,1
4378,153,152,1
4379,272,269,3
4380,111,111,0
4381,166,166,0
4382,209,206,3
4383,816,810,6
4384,274,272,2
4385,34,33,1
4386,219,218,1
4387,120,120,0
4388,244,243,1
4389,591,587,4
4390,718,715,3
4391,566,561,5
4392,150,148,2
4393,211,210,1
4394,243,240,3
4395,129,129,0
4396,160,160,0
4397,258,257,1
4398,731,731,0
4399,141,140,1
4400,223,222,1
4401,385,385,0
4402,385,380,5
4403,310,306,4
4404,147,147,0
4405,231,230,1
4406,100,100,0
4407,150,149,1
4408,108,108,0
4409,506,506,0
4410,130,129,1
4411,471,471,0
4412,154,153,1
4413,108,108,0
4414,143,143,0
4415,264,264,0
4416,245,245,0
4417,76,76,0
4418,217,217,0
4419,143,143,0
4420,156,156,0
4421,161,161,0
4422,217,217,0
4423,122,122,0
4424,315,313,2
4425,698,696,2
4426,597,597,0
4427,719,716,3
4428,503,501,2
4429,284,284,0
4430,146,145,1
4431,451,449,2
4432,166,165,1
4433,195,195,0
4434,432,430,2
4435,118,118,0
4436,437,437,0
4437,585,584,1
4438,132,132,0
4439,363,363,0
4440,486,485,1
4441,59,59,0
4442,99,99,0
4443,203,202,1
4444,90,90,0
4445,39,39,0
4446,151,149,2
4447,62,60,2
4448,147,146,1
4449,62,61,1
4450,88,88,0
4451,115,113,2
4452,184,184,0
4453,179,178,1
4454,166,164,2
4455,342,342,0
4456,172,172,0
4457,147,146,1
4458,104,104,0
4459,512,509,3
4460,247,247,0
4461,467,463,4
4462,78,78,0
4463,144,141,3
4464,468,468,0
4465,130,129,1
4466,114,114,0
4467,372,370,2
4468,505,503,2
4469,420,419,1
4470,202,201,1
4471,186,185,1
4472,622,619,3
4473,649,648,1
4474,267,267,0
4475,293,293,0
4476,434,430,4
4477,122,122,0
4478,116,116,0
4479,133,133,0
4480,141,140,1
4481,125,124,1
4482,134,134,0
4483,159,159,0
4484,214,212,2
4485,245,241,4
4486,134,133,1
4487,140,140,0
4488,282,273,9
4489,233,232,1
4490,117,117,0
4491,136,136,0
4492,124,124,0
4493,142,139,3
4494,121,121,0
4495,218,218,0
4496,117,117,0
4497,443,443,0
4498,154,154,0
4499,337,333,4
4500,275,272,3
4501,380,379,1
4502,194,190,4
4503,108,108,0
4504,149,147,2
4505,266,266,0
4506,244,243,1
4507,81,81,0
4508,189,188,1
4509,474,473,1
4510,363,359,4
4511,64,64,0
4512,177,176,1
4513,177,176,1
4514,264,264,0
4515,64,64,0
4516,380,379,1
4517,346,346,0
4518,285,285,0
4519,441,438,3
4520,225,224,1
4521,69,69,0
4522,377,377,0
4523,841,834,7
4524,571,570,1
4525,500,492,8
4526,353,351,2
4527,359,359,0
4528,549,544,5
4529,169,169,0
4530,140,140,0
4531,271,271,0
4532,146,140,6
4533,58,58,0
4534,249,249,0
4535,147,146,1
4536,153,153,0
4537,129,129,0
4538,254,253,1
4539,537,537,0
4540,341,336,5
4541,138,137,1
4542,153,151,2
4543,319,319,0
4544,182,182,0
4545,296,293,3
4546,109,106,3
4547,212,212,0
4548,627,621,6
4549,738,734,4
4550,187,187,0
4551,254,252,2
4552,339,338,1
4553,341,341,0
4554,169,169,0
4555,73,73,0
4556,151,151,0
4557,262,261,1
4558,150,150,0
4559,287,287,0
4560,216,215,1
4561,170,168,2
4562,162,162,0
4563,848,848,0
4564,131,130,1
4565,122,122,0
4566,125,125,0
4567,314,313,1
4568,426,426,0
4569,354,352,2
4570,554,553,1
4571,335,332,3
4572,474,474,0
4573,202,202,0
4574,245,243,2
4575,142,140,2
4576,156,156,0
4577,125,125,0
4578,175,175,0
4579,142,142,0
4580,257,256,1
4581,224,224,0
4582,166,165,1
4583,137,137,0
4584,134,134,0
4585,318,318,0
4586,245,244,1
4587,158,157,1
4588,350,350,0
4589,808,808,0
4590,223,223,0
4591,353,351,2
4592,402,401,1
4593,169,169,0
4594,107,106,1
4595,156,156,0
4596,74,71,3
4597,133,133,0
4598,140,140,0
4599,523,519,4
4600,234,233,1
4601,186,183,3
4602,230,230,0
4603,410,405,5
4604,372,372,0
4605,423,423,0
4606,632,631,1
4607,118,117,1
4608,122,120,2
4609,147,145,2
4610,354,353,1
4611,377,375,2
4612,214,214,0
4613,636,632,4
4614,104,103,1
4615,196,195,1
4616,143,143,0
4617,150,150,0
4618,71,70,1
4619,123,123,0
4620,98,97,1
4621,138,138,0
4622,218,217,1
4623,205,204,1
4624,355,355,0
4625,205,203,2
4626,248,247,1
4627,223,221,2
4628,116,116,0
4629,63,63,0
4630,143,143,0
4631,122,121,1
4632,143,143,0
4633,44,44,0
4634,73,72,1
4635,241,241,0
4636,127,126,1
4637,119,118,1
4638,113,113,0
4639,59,58,1
4640,114,111,3
4641,134,134,0
4642,58,58,0
4643,122,122,0
4644,118,117,1
4645,148,148,0
4646,137,135,2
4647,47,47,0
4648,70,67,3
4649,149,148,1
4650,218,218,0
4651,125,125,0
4652,51,51,0
4653,144,144,0
4654,105,105,0
4655,128,128,0
4656,125,125,0
4657,115,115,0
4658,129,129,0
4659,141,140,1
4660,155,155,0
4661,75,75,0
4662,151,149,2
4663,188,187,1
4664,484,481,3
4665,230,226,4
4666,165,165,0
4667,99,99,0
4668,124,124,0
4669,42,42,0
4670,114,113,1
4671,300,300,0
4672,350,350,0
4673,46,46,0
4674,97,94,3
4675,111,110,1
4676,136,136,0
4677,237,236,1
4678,78,77,1
4679,351,348,3
4680,43,43,0
4681,117,117,0
4682,68,68,0
4683,69,69,0
4684,52,52,0
4685,58,58,0
4686,134,134,0
4687,243,243,0
4688,152,152,0
4689,171,171,0
4690,132,132,0
4691,120,120,0
4692,118,118,0
4693,152,152,0
4694,57,57,0
4695,181,181,0
4696,159,159,0
4697,210,210,0
4698,67,67,0
4699,141,141,0
4700,301,299,2
4701,213,213,0
4702,85,84,1
4703,275,275,0
4704,209,206,3
4705,157,154,3
4706,80,80,0
4707,168,168,0
4708,114,114,0
4709,81,81,0
4710,492,492,0
4711,53,52,1
4712,123,123,0
4713,84,84,0
4714,798,797,1
4715,51,51,0
4716,315,313,2
4717,226,226,0
4718,158,156,2
4719,272,271,1
4720,118,115,3
4721,682,678,4
4722,117,115,2
4723,633,627,6
4724,56,56,0
4725,93,93,0
4726,71,71,0
4727,155,155,0
4728,318,314,4
4729,256,256,0
4730,467,464,3
4731,135,135,0
4732,253,252,1
4733,332,328,4
4734,320,318,2
4735,232,232,0
4736,75,75,0
4737,252,251,1
4738,124,124,0
4739,121,121,0
4740,271,270,1
4741,220,219,1
4742,118,117,1
4743,228,228,0
4744,153,153,0
4745,462,458,4
4746,142,140,2
4747,149,147,2
4748,203,201,2
4749,147,147,0
4750,317,313,4
4751,260,260,0
4752,352,350,2
4753,460,456,4
4754,118,118,0
4755,77,77,0
4756,131,128,3
4757,246,246,0
4758,45,45,0
4759,62,62,0
4760,121,120,1
4761,224,224,0
4762,155,154,1
4763,1002,998,4
4764,776,775,1
4765,579,577,2
4766,198,197,1
4767,395,393,2
4768,942,941,1
4769,261,260,1
4770,425,416,9
4771,132,132,0
4772,197,191,6
4773,305,304,1
4774,55,55,0
4775,121,121,0
4776,454,452,2
4777,180,179,1
4778,62,62,0
4779,48,48,0
4780,106,106,0
4781,210,210,0
4782,164,164,0
4783,321,318,3
4784,152,152,0
4785,118,118,0
4786,100,100,0
4787,437,437,0
4788,137,136,1
4789,408,406,2
4790,259,259,0
4791,156,156,0
4792,187,187,0
4793,70,70,0
4794,63,63,0
4795,67,67,0
4796,187,187,0
4797,290,289,1
4798,1017,1014,3
4799,88,87,1
4800,76,75,1
4801,64,64,0
4802,114,114,0
4803,177,177,0
4804,327,327,0
4805,139,139,0
4806,384,381,3
4807,123,123,0
4808,123,122,1
4809,125,124,1
4810,206,206,0
4811,117,117,0
4812,116,116,0
4813,130,130,0
4814,106,105,1
4815,232,231,1
4816,179,179,0
4817,105,104,1
4818,131,130,1
4819,137,137,0
4820,165,165,0
4821,422,422,0
4822,263,262,1
4823,273,272,1
4824,149,148,1
4825,140,140,0
4826,270,270,0
4827,272,272,0
4828,152,152,0
4829,135,135,0
4830,173,173,0
4831,99,98,1
4832,66,66,0
4833,127,127,0
4834,167,167,0
4835,576,572,4
4836,161,160,1
4837,153,152,1
4838,233,232,1
4839,399,399,0
4840,287,285,2
4841,191,190,1
4842,220,220,0
4843,336,336,0
4844,749,746,3
4845,136,136,0
4846,392,389,3
4847,714,711,3
4848,574,571,3
4849,225,223,2
4850,466,465,1
4851,279,278,1
4852,270,270,0
4853,207,206,1
4854,323,323,0
4855,484,483,1
4856,218,218,0
4857,990,989,1
4858,996,991,5
4859,118,118,0
4860,423,422,1
4861,192,192,0
4862,201,201,0
4863,139,139,0
4864,213,212,1
4865,123,123,0
4866,327,324,3
4867,305,305,0
4868,91,91,0
4869,191,191,0
4870,48,47,1
4871,115,114,1
4872,139,139,0
4873,98,98,0
4874,856,855,1
4875,294,294,0
4876,620,618,2
4877,164,164,0
4878,50,50,0
4879,309,308,1
4880,195,195,0
4881,142,142,0
4882,142,142,0
4883,593,593,0
4884,135,134,1
4885,111,109,2
4886,234,233,1
4887,425,424,1
4888,161,159,2
4889,993,990,3
4890,221,221,0
4891,122,122,0
4892,209,208,1
4893,160,159,1
4894,120,120,0
4895,202,202,0
4896,223,223,0
4897,308,306,2
4898,311,309,2
4899,128,128,0
4900,163,163,0
4901,192,192,0
4902,472,472,0
4903,433,431,2
4904,131,131,0
4905,225,224,1
4906,235,235,0
4907,334,334,0
4908,147,147,0
4909,235,235,0
4910,172,170,2
4911,127,127,0
4912,104,104,0
4913,114,114,0
4914,110,110,0
4915,134,134,0
4916,148,148,0
4917,174,174,0
4918,150,150,0
4919,121,121,0
4920,220,218,2
4921,152,152,0
4922,217,216,1
4923,115,114,1
4924,270,264,6
4925,614,612,2
4926,106,103,3
4927,124,124,0
4928,121,120,1
4929,241,241,0
4930,254,253,1
4931,322,322,0
4932,124,124,0
4933,246,246,0
4934,209,206,3
4935,125,124,1
4936,222,219,3
4937,208,207,1
4938,227,226,1
4939,228,226,2
4940,289,289,0
4941,301,300,1
4942,223,221,2
4943,34,34,0
4944,408,406,2
4945,196,196,0
4946,147,147,0
4947,104,104,0
4948,107,107,0
4949,47,47,0
4950,74,74,0
4951,59,59,0
4952,207,205,2
4953,43,43,0
4954,76,76,0
4955,925,915,10
4956,134,131,3
4957,105,105,0
4958,216,216,0
4959,118,118,0
4960,108,108,0
4961,128,128,0
4962,314,311,3
4963,228,228,0
4964,654,651,3
4965,410,410,0
4966,457,455,2
4967,136,135,1
4968,153,153,0
4969,109,109,0
4970,109,109,0
4971,268,265,3
4972,81,80,1
4973,235,233,2
4974,219,219,0
4975,244,244,0
4976,508,504,4
4977,114,113,1
4978,275,274,1
4979,230,230,0
4980,125,118,7
4981,94,88,6
4982,114,114,0
4983,111,108,3
4984,142,141,1
4985,277,277,0
4986,155,154,1
4987,437,434,3
4988,107,107,0
4989,71,71,0
4990,201,201,0
4991,124,124,0
4992,188,188,0
4993,227,226,1
4994,495,495,0
4995,204,203,1
4996,19,19,0
4997,55,55,0
4998,298,297,1
4999,241,241,0
5000,277,273,4
5001,201,200,1
5002,240,237,3
5003,65,65,0
5004,40,40,0
5005,228,228,0
5006,55,55,0
5007,249,249,0
5008,68,68,0
5009,212,212,0
5010,99,98,1
5011,108,103,5
5012,101,101,0
5013,125,125,0
5014,237,237,0
5015,423,422,1
5016,105,105,0
5017,184,184,0
5018,47,47,0
5019,139,139,0
5020,177,176,1
5021,279,276,3
5022,103,102,1
5023,187,186,1
5024,337,335,2
5025,147,147,0
5026,131,130,1
5027,652,651,1
5028,306,306,0
5029,136,136,0
5030,140,140,0
5031,291,291,0
5032,272,253,19
5033,187,187,0
5034,147,147,0
5035,67,66,1
5036,141,141,0
5037,476,474,2
5038,518,517,1
5039,88,88,0
5040,668,667,1
5041,201,201,0
5042,473,473,0
5043,206,206,0
5044,199,199,0
5045,217,216,1
5046,360,360,0
5047,229,226,3
5048,370,350,20
5049,68,67,1
5050,108,108,0
5051,146,143,3
5052,128,128,0
5053,78,77,1
5054,157,155,2
5055,436,436,0
5056,166,164,2
5057,116,114,2
5058,201,200,1
5059,39,39,0
5060,239,237,2
5061,196,191,5
5062,405,402,3
5063,201,201,0
5064,428,428,0
5065,216,216,0
5066,140,140,0
5067,196,194,2
5068,151,150,1
5069,260,260,0
5070,83,83,0
5071,35,35,0
5072,115,115,0
5073,130,130,0
5074,110,108,2
5075,217,216,1
5076,149,149,0
5077,124,124,0
5078,155,155,0
5079,115,115,0
5080,180,180,0
5081,176,175,1
5082,163,158,5
5083,162,162,0
5084,452,451,1
5085,218,216,2
5086,161,160,1
5087,283,282,1
5088,104,104,0
5089,155,155,0
5090,706,703,3
5091,445,443,2
5092,145,145,0
5093,144,144,0
5094,277,277,0
5095,974,969,5
5096,546,546,0
5097,110,109,1
5098,358,357,1
5099,154,154,0
5100,463,462,1
5101,129,129,0
5102,240,240,0
5103,158,157,1
5104,113,113,0
5105,306,306,0
5106,304,301,3
5107,225,225,0
5108,449,447,2
5109,224,223,1
5110,115,114,1
5111,218,218,0
5112,111,111,0
5113,119,119,0
5114,132,132,0
5115,156,154,2
5116,175,174,1
5117,181,180,1
5118,164,163,1
5119,150,150,0
5120,244,240,4
5121,190,190,0
5122,310,304,6
5123,375,375,0
5124,395,394,1
5125,264,262,2
5126,141,141,0
5127,432,425,7
5128,153,153,0
5129,138,138,0
5130,275,275,0
5131,137,137,0
5132,581,575,6
5133,379,375,4
5134,943,915,28
5135,347,345,2
5136,723,722,1
5137,242,242,0
5138,146,146,0
5139,120,120,0
5140,156,156,0
5141,115,115,0
5142,114,114,0
5143,421,416,5
5144,184,184,0
5145,69,69,0
5146,145,144,1
5147,214,213,1
5148,171,170,1
5149,106,106,0
5150,312,312,0
5151,160,160,0
5152,346,343,3
5153,492,492,0
5154,107,107,0
5155,257,254,3
5156,377,375,2
5157,201,200,1
5158,388,387,1
5159,215,215,0
5160,282,282,0
5161,130,130,0
5162,205,204,1
5163,300,299,1
5164,250,250,0
5165,160,160,0
5166,181,178,3
5167,237,235,2
5168,125,125,0
5169,702,700,2
5170,281,279,2
5171,406,402,4
5172,127,127,0
5173,123,123,0
5174,261,259,2
5175,224,223,1
5176,337,335,2
5177,56,56,0
5178,839,838,1
5179,110,110,0
5180,89,89,0
5181,233,232,1
5182,217,214,3
5183,136,132,4
5184,674,668,6
5185,240,238,2
5186,111,110,1
5187,229,228,1
5188,73,73,0
5189,118,117,1
5190,129,128,1
5191,551,550,1
5192,169,169,0
5193,216,215,1
5194,682,681,1
5195,206,206,0
5196,194,194,0
5197,154,153,1
5198,136,134,2
5199,56,56,0
5200,214,214,0
5201,302,289,13
5202,225,222,3
5203,157,154,3
5204,127,127,0
5205,146,145,1
5206,140,139,1
5207,170,170,0
5208,297,296,1
5209,597,595,2
5210,425,419,6
5211,189,189,0
5212,141,141,0
5213,99,97,2
5214,279,279,0
5215,555,553,2
5216,391,390,1
5217,812,812,0
5218,940,938,2
5219,170,169,1
5220,673,655,18
5221,104,104,0
5222,196,196,0
5223,183,182,1
5224,126,126,0
5225,348,347,1
5226,310,309,1
5227,345,344,1
5228,246,245,1
5229,390,389,1
5230,185,184,1
5231,214,214,0
5232,109,109,0
5233,158,158,0
5234,179,178,1
5235,556,551,5
5236,283,283,0
5237,177,177,0
5238,325,324,1
5239,152,152,0
5240,273,270,3
5241,137,137,0
5242,165,165,0
5243,162,161,1
5244,379,378,1
5245,172,171,1
5246,149,148,1
5247,98,98,0
5248,63,63,0
5249,391,390,1
5250,176,176,0
5251,191,185,6
5252,170,169,1
5253,126,126,0
5254,116,116,0
5255,131,116,15
5256,879,852,27
5257,162,159,3
5258,55,55,0
5259,187,187,0
5260,78,78,0
5261,73,73,0
5262,726,718,8
5263,913,908,5
5264,137,136,1
5265,229,226,3
5266,59,59,0
5267,68,67,1
5268,76,76,0
5269,113,113,0
5270,147,146,1
5271,37,37,0
5272,103,103,0
5273,109,108,1
5274,58,58,0
5275,171,171,0
5276,254,254,0
5277,296,296,0
5278,392,391,1
5279,103,103,0
5280,129,129,0
5281,202,196,6
5282,117,117,0
5283,206,206,0
5284,229,228,1
5285,257,257,0
5286,209,209,0
5287,127,126,1
5288,177,177,0
5289,196,196,0
5290,73,67,6
5291,41,40,1
5292,126,126,0
5293,47,47,0
5294,152,152,0
5295,124,124,0
5296,577,576,1
5297,28,28,0
5298,584,584,0
5299,126,125,1
5300,219,218,1
5301,150,148,2
5302,407,407,0
5303,132,132,0
5304,191,185,6
5305,625,622,3
5306,627,624,3
5307,366,366,0
5308,367,364,3
5309,285,285,0
5310,160,160,0
5311,475,474,1
5312,291,291,0
5313,368,368,0
5314,193,192,1
5315,232,232,0
5316,367,365,2
5317,117,117,0
5318,172,172,0
5319,905,898,7
5320,180,180,0
5321,413,409,4
5322,150,150,0
5323,293,291,2
5324,439,439,0
5325,1022,1020,2
5326,132,132,0
5327,300,300,0
5328,167,167,0
5329,140,140,0
5330,175,175,0
5331,482,481,1
5332,749,749,0
5333,108,108,0
5334,482,477,5
5335,152,150,2
5336,251,251,0
5337,126,126,0
5338,797,795,2
5339,128,128,0
5340,54,54,0
5341,120,119,1
5342,253,252,1
5343,130,130,0
5344,220,220,0
5345,260,259,1
5346,295,295,0
5347,543,540,3
5348,719,716,3
5349,289,283,6
5350,226,224,2
5351,376,373,3
5352,104,104,0
5353,67,66,1
5354,120,120,0
5355,57,56,1
5356,131,131,0
5357,421,417,4
5358,94,94,0
5359,618,616,2
5360,324,323,1
5361,519,519,0
5362,142,142,0
5363,70,69,1
5364,514,514,0
5365,129,129,0
5366,216,216,0
5367,148,148,0
5368,280,279,1
5369,63,63,0
5370,169,168,1
5371,154,154,0
5372,182,181,1
5373,110,110,0
5374,138,138,0
5375,155,155,0
5376,130,129,1
5377,72,72,0
5378,208,208,0
5379,93,92,1
5380,74,74,0
5381,171,170,1
5382,46,46,0
5383,243,242,1
5384,131,130,1
5385,107,107,0
5386,111,111,0
5387,167,167,0
5388,129,129,0
5389,177,177,0
5390,195,195,0
5391,292,292,0
5392,220,220,0
5393,155,155,0
5394,147,147,0
5395,195,195,0
5396,271,271,0
5397,230,230,0
5398,173,173,0
5399,243,243,0
5400,171,170,1
5401,137,137,0
5402,767,762,5
5403,318,317,1
5404,141,140,1
5405,251,251,0
5406,477,477,0
5407,96,96,0
5408,861,857,4
5409,107,107,0
5410,206,206,0
5411,103,103,0
5412,45,45,0
5413,156,156,0
5414,109,109,0
5415,65,65,0
5416,239,237,2
5417,175,174,1
5418,58,57,1
5419,135,135,0
5420,70,70,0
5421,256,255,1
5422,47,47,0
5423,91,91,0
5424,74,74,0
5425,48,48,0
5426,73,73,0
5427,134,134,0
5428,178,178,0
5429,158,158,0
5430,523,520,3
5431,96,96,0
5432,100,100,0
5433,180,180,0
5434,333,332,1
5435,307,306,1
5436,177,176,1
5437,227,227,0
5438,230,226,4
5439,708,707,1
5440,218,218,0
5441,135,135,0
5442,139,138,1
5443,312,312,0
5444,443,443,0
5445,317,317,0
5446,153,153,0
5447,78,76,2
5448,43,43,0
5449,164,164,0
5450,264,264,0
5451,120,117,3
5452,146,145,1
5453,213,213,0
5454,56,55,1
5455,227,223,4
5456,167,162,5
5457,194,194,0
5458,311,309,2
5459,465,461,4
5460,791,788,3
5461,490,490,0
5462,154,154,0
5463,140,138,2
5464,176,174,2
5465,70,70,0
5466,133,133,0
5467,205,204,1
5468,264,263,1
5469,575,574,1
5470,930,925,5
5471,493,490,3
5472,643,641,2
5473,263,262,1
5474,129,129,0
5475,170,169,1
5476,66,66,0
5477,253,252,1
5478,124,124,0
5479,1002,995,7
5480,455,445,10
5481,676,666,10
5482,122,122,0
5483,243,242,1
5484,233,232,1
5485,217,216,1
5486,427,425,2
5487,68,68,0
5488,326,326,0
5489,121,120,1
5490,356,356,0
5491,843,836,7
5492,175,173,2
5493,616,608,8
5494,354,354,0
5495,324,319,5
5496,142,142,0
5497,128,128,0
5498,82,82,0
5499,45,45,0
5500,74,74,0
5501,142,142,0
5502,585,584,1
5503,74,74,0
5504,99,99,0
5505,93,92,1
5506,63,63,0
5507,391,385,6
5508,114,114,0
5509,223,221,2
5510,118,117,1
5511,628,625,3
5512,669,669,0
5513,394,393,1
5514,154,154,0
5515,119,118,1
5516,181,180,1
5517,123,123,0
5518,130,127,3
5519,147,147,0
5520,74,74,0
5521,195,195,0
5522,169,168,1
5523,72,71,1
5524,219,218,1
5525,93,93,0
5526,247,246,1
5527,142,142,0
5528,169,169,0
5529,72,72,0
5530,168,168,0
5531,131,131,0
5532,403,402,1
5533,350,350,0
5534,51,48,3
5535,170,169,1
5536,175,175,0
5537,214,214,0
5538,219,219,0
5539,957,952,5
5540,212,211,1
5541,511,504,7
5542,211,210,1
5543,122,122,0
5544,227,227,0
5545,207,204,3
5546,108,107,1
5547,98,97,1
5548,142,140,2
5549,114,114,0
5550,121,120,1
5551,184,181,3
5552,154,152,2
5553,138,138,0
5554,72,71,1
5555,153,153,0
5556,148,147,1
5557,141,140,1
5558,143,143,0
5559,199,196,3
5560,121,121,0
5561,122,121,1
5562,134,132,2
5563,140,140,0
5564,211,211,0
5565,69,69,0
5566,135,135,0
5567,135,135,0
5568,182,181,1
5569,169,169,0
5570,261,260,1
5571,474,469,5
5572,381,377,4
5573,358,356,2
5574,272,271,1
5575,131,131,0
5576,185,185,0
5577,118,117,1
5578,384,384,0
5579,137,137,0
5580,100,99,1
5581,300,299,1
5582,343,343,0
5583,44,44,0
5584,104,104,0
5585,448,445,3
5586,92,90,2
5587,351,348,3
5588,201,195,6
5589,271,271,0
5590,105,104,1
5591,44,43,1
5592,150,147,3
5593,293,293,0
5594,634,631,3
5595,60,56,4
5596,86,86,0
5597,233,229,4
5598,297,296,1
5599,138,138,0
5600,312,310,2
5601,70,70,0
5602,451,448,3
5603,545,545,0
5604,245,244,1
5605,166,166,0
5606,611,610,1
5607,559,557,2
5608,762,761,1
5609,203,203,0
5610,130,130,0
5611,218,217,1
5612,331,330,1
5613,216,216,0
5614,235,235,0
5615,731,730,1
5616,185,184,1
5617,108,108,0
5618,426,420,6
5619,127,127,0
5620,351,351,0
5621,158,157,1
5622,304,304,0
5623,206,206,0
5624,145,145,0
5625,624,622,2
5626,760,757,3
5627,403,400,3
5628,273,273,0
5629,190,190,0
5630,562,557,5
5631,130,130,0
5632,139,139,0
5633,223,223,0
5634,983,983,0
5635,731,722,9
5636,143,143,0
5637,573,573,0
5638,265,265,0
5639,420,419,1
5640,136,136,0
5641,137,136,1
5642,109,108,1
5643,89,89,0
5644,582,581,1
5645,522,520,2
5646,172,171,1
5647,78,78,0
5648,164,163,1
5649,132,132,0
5650,219,215,4
5651,236,232,4
5652,253,253,0
5653,150,149,1
5654,210,210,0
5655,123,122,1
5656,49,49,0
5657,286,277,9
5658,208,206,2
5659,360,359,1
5660,87,87,0
5661,288,286,2
5662,298,297,1
5663,245,244,1
5664,122,118,4
5665,164,163,1
5666,276,276,0
5667,495,495,0
5668,687,686,1
5669,614,610,4
5670,106,106,0
5671,359,358,1
5672,220,218,2
5673,475,474,1
5674,175,174,1
5675,181,181,0
5676,501,497,4
5677,323,321,2
5678,177,176,1
5679,140,140,0
5680,159,159,0
5681,410,404,6
5682,160,160,0
5683,372,372,0
5684,44,44,0
5685,102,102,0
5686,242,241,1
5687,257,257,0
5688,288,288,0
5689,539,535,4
5690,117,115,2
5691,111,110,1
5692,162,158,4
5693,167,166,1
5694,182,180,2
5695,178,175,3
5696,479,473,6
5697,109,109,0
5698,209,209,0
5699,224,223,1
5700,199,199,0
5701,69,69,0
5702,66,66,0
5703,39,39,0
5704,109,109,0
5705,57,57,0
5706,85,85,0
5707,90,89,1
5708,176,176,0
5709,180,180,0
5710,133,133,0
5711,137,136,1
5712,116,116,0
5713,147,147,0
5714,112,112,0
5715,116,108,8
5716,212,211,1
5717,228,226,2
5718,190,189,1
5719,56,55,1
5720,243,242,1
5721,89,89,0
5722,84,84,0
5723,69,69,0
5724,175,175,0
5725,56,56,0
5726,138,138,0
5727,121,120,1
5728,54,54,0
5729,44,44,0
5730,52,52,0
5731,60,60,0
5732,223,223,0
5733,206,206,0
5734,50,50,0
5735,35,35,0
5736,70,70,0
5737,72,72,0
5738,123,123,0
5739,50,50,0
5740,161,161,0
5741,353,352,1
5742,157,156,1
5743,277,277,0
5744,90,90,0
5745,242,241,1
5746,87,86,1
5747,142,142,0
5748,147,147,0
5749,598,598,0
5750,79,79,0
5751,169,168,1
5752,269,269,0
5753,471,471,0
5754,188,188,0
5755,238,238,0
5756,285,285,0
5757,283,282,1
5758,328,327,1
5759,150,150,0
5760,161,161,0
5761,305,304,1
5762,117,117,0
5763,200,199,1
5764,311,309,2
5765,43,43,0
5766,337,337,0
5767,691,690,1
5768,621,618,3
5769,367,362,5
5770,128,128,0
5771,144,144,0
5772,187,187,0
5773,105,105,0
5774,132,132,0
5775,300,300,0
5776,237,228,9
5777,143,143,0
5778,124,123,1
5779,115,115,0
5780,127,125,2
5781,108,108,0
5782,45,44,1
5783,104,104,0
5784,168,167,1
5785,243,243,0
5786,51,50,1
5787,109,109,0
5788,98,98,0
5789,355,355,0
5790,169,169,0
5791,120,120,0
5792,116,116,0
5793,178,176,2
5794,223,223,0
5795,158,158,0
5796,202,202,0
5797,123,121,2
5798,590,588,2
5799,248,248,0
5800,463,463,0
5801,561,561,0
5802,370,370,0
5803,474,473,1
5804,130,130,0
5805,128,128,0
5806,138,138,0
5807,154,153,1
5808,188,187,1
5809,298,298,0
5810,154,154,0
5811,147,145,2
5812,214,214,0
5813,157,157,0
5814,184,182,2
5815,337,336,1
5816,132,132,0
5817,356,355,1
5818,44,44,0
5819,130,129,1
5820,69,69,0
5821,865,864,1
5822,274,273,1
5823,499,499,0
5824,233,232,1
5825,128,128,0
5826,138,138,0
5827,492,488,4
5828,430,430,0
5829,138,138,0
5830,144,144,0
5831,117,117,0
5832,123,123,0
5833,102,102,0
5834,95,95,0
5835,651,648,3
5836,437,436,1
5837,135,135,0
5838,109,109,0
5839,134,134,0
5840,551,549,2
5841,282,280,2
5842,434,433,1
5843,740,734,6
5844,154,154,0
5845,243,242,1
5846,666,661,5
5847,146,146,0
5848,508,507,1
5849,213,212,1
5850,912,900,12
5851,138,138,0
5852,360,360,0
5853,415,414,1
5854,291,290,1
5855,75,75,0
5856,254,247,7
5857,145,145,0
5858,129,126,3
5859,373,373,0
5860,144,144,0
5861,234,231,3
5862,160,158,2
5863,105,105,0
5864,533,532,1
5865,180,168,12
5866,197,197,0
5867,124,124,0
5868,193,190,3
5869,140,140,0
5870,188,188,0
5871,145,143,2
5872,196,196,0
5873,285,282,3
5874,587,584,3
5875,262,261,1
5876,273,272,1
5877,294,291,3
5878,142,142,0
5879,213,208,5
5880,426,425,1
5881,220,219,1
5882,136,136,0
5883,157,157,0
5884,134,133,1
5885,30,29,1
5886,90,89,1
5887,431,430,1
5888,84,84,0
5889,308,307,1
5890,384,382,2
5891,483,481,2
5892,193,191,2
5893,161,161,0
5894,230,230,0
5895,232,232,0
5896,426,426,0
5897,991,986,5
5898,535,532,3
5899,88,85,3
5900,27,27,0
5901,278,275,3
5902,613,609,4
5903,385,382,3
5904,79,79,0
5905,124,124,0
5906,105,104,1
5907,502,500,2
5908,149,149,0
5909,485,484,1
5910,58,58,0
5911,204,203,1
5912,151,151,0
5913,327,324,3
5914,843,841,2
5915,1015,1012,3
5916,165,165,0
5917,1759,1753,6
5918,181,181,0
5919,190,190,0
5920,272,270,2
5921,138,138,0
5922,349,346,3
5923,141,141,0
5924,205,205,0
5925,55,55,0
5926,303,303,0
5927,301,300,1
5928,205,205,0
5929,318,318,0
5930,139,139,0
5931,91,91,0
5932,97,97,0
5933,131,131,0
5934,511,510,1
5935,121,121,0
5936,489,482,7
5937,176,176,0
5938,110,108,2
5939,308,307,1
5940,83,83,0
5941,1415,1411,4
5942,458,456,2
5943,206,205,1
5944,271,271,0
5945,199,195,4
5946,588,588,0
5947,52,49,3
5948,207,200,7
5949,201,197,4
5950,42,42,0
5951,132,126,6
5952,125,125,0
5953,140,140,0
5954,45,44,1
5955,256,255,1
5956,230,228,2
5957,137,137,0
5958,123,123,0
5959,505,503,2
5960,204,204,0
5961,376,376,0
5962,425,425,0
5963,157,153,4
5964,854,847,7
5965,125,125,0
5966,339,339,0
5967,217,217,0
5968,136,136,0
5969,160,158,2
5970,952,943,9
5971,119,119,0
5972,120,120,0
5973,96,96,0
5974,335,333,2
5975,108,106,2
5976,103,101,2
5977,52,52,0
5978,20,20,0
5979,44,44,0
5980,271,271,0
5981,261,261,0
5982,264,264,0
5983,104,104,0
5984,107,107,0
5985,545,543,2
5986,174,174,0
5987,117,117,0
5988,128,128,0
5989,188,187,1
5990,44,43,1
5991,169,169,0
5992,480,478,2
5993,168,168,0
5994,133,133,0
5995,122,120,2
5996,152,152,0
5997,190,187,3
5998,287,286,1
5999,125,124,1
6000,123,123,0
6001,458,457,1
6002,639,639,0
6003,131,131,0
6004,165,165,0
6005,171,170,1
6006,142,142,0
6007,318,317,1
6008,59,59,0
6009,111,111,0
6010,125,125,0
6011,94,94,0
6012,967,960,7
6013,92,92,0
6014,129,129,0
6015,359,358,1
6016,315,310,5
6017,243,239,4
6018,105,105,0
6019,99,98,1
6020,65,65,0
6021,212,212,0
6022,197,197,0
6023,603,601,2
6024,32,32,0
6025,111,109,2
6026,163,162,1
6027,226,223,3
6028,46,46,0
6029,89,89,0
6030,111,110,1
6031,81,81,0
6032,143,143,0
6033,24,24,0
6034,203,203,0
6035,83,83,0
6036,354,354,0
6037,143,143,0
6038,117,116,1
6039,115,113,2
6040,165,165,0
6041,242,241,1
6042,202,202,0
6043,164,162,2
6044,259,259,0
6045,378,378,0
6046,393,393,0
6047,190,190,0
6048,374,374,0
6049,697,697,0
6050,245,245,0
6051,553,552,1
6052,243,243,0
6053,246,246,0
6054,378,376,2
6055,274,268,6
6056,273,271,2
6057,116,113,3
6058,579,576,3
6059,315,315,0
6060,160,160,0
6061,681,678,3
6062,315,315,0
6063,202,202,0
6064,336,336,0
6065,769,768,1
6066,477,474,3
6067,141,140,1
6068,113,113,0
6069,138,137,1
6070,111,111,0
6071,258,258,0
6072,976,961,15
6073,436,435,1
6074,210,210,0
6075,290,290,0
6076,541,535,6
6077,488,485,3
6078,266,265,1
6079,118,118,0
6080,161,159,2
6081,361,361,0
6082,137,137,0
6083,60,60,0
6084,170,170,0
6085,51,51,0
6086,95,95,0
6087,127,127,0
6088,280,280,0
6089,122,122,0
6090,329,329,0
6091,350,347,3
6092,588,586,2
6093,468,464,4
6094,87,87,0
6095,104,104,0
6096,193,193,0
6097,206,205,1
6098,136,136,0
6099,141,141,0
6100,49,49,0
6101,144,144,0
6102,129,129,0
6103,366,363,3
6104,181,181,0
6105,359,358,1
6106,323,319,4
6107,242,242,0
6108,58,57,1
6109,97,95,2
6110,134,133,1
6111,123,121,2
6112,40,40,0
6113,57,57,0
6114,151,151,0
6115,45,45,0
6116,45,45,0
6117,149,149,0
6118,96,96,0
6119,192,192,0
6120,170,170,0
6121,175,175,0
6122,164,162,2
6123,334,334,0
6124,137,137,0
6125,184,184,0
6126,135,134,1
6127,143,143,0
6128,470,459,11
6129,184,184,0
6130,51,50,1
6131,51,51,0
6132,772,771,1
6133,124,123,1
6134,143,140,3
6135,107,105,2
6136,34,34,0
6137,102,100,2
6138,170,170,0
6139,488,486,2
6140,135,135,0
6141,102,97,5
6142,180,172,8
6143,62,61,1
6144,109,109,0
6145,124,124,0
6146,102,102,0
6147,43,43,0
6148,132,132,0
6149,301,288,13
6150,70,70,0
6151,202,202,0
6152,103,103,0
6153,392,390,2
6154,51,51,0
6155,134,133,1
6156,191,190,1
6157,175,175,0
6158,209,207,2
6159,246,246,0
6160,160,159,1
6161,142,142,0
6162,168,162,6
6163,206,206,0
6164,101,101,0
6165,86,86,0
6166,63,63,0
6167,195,193,2
6168,61,61,0
6169,69,69,0
6170,149,148,1
6171,191,191,0
6172,171,171,0
6173,143,142,1
6174,185,185,0
6175,531,528,3
6176,380,378,2
6177,53,53,0
6178,455,454,1
6179,267,267,0
6180,310,310,0
6181,126,126,0
6182,464,464,0
6183,119,119,0
6184,393,393,0
6185,122,122,0
6186,164,164,0
6187,147,147,0
6188,155,154,1
6189,295,295,0
6190,183,183,0
6191,302,302,0
6192,604,588,16
6193,967,956,11
6194,121,117,4
6195,583,576,7
6196,213,211,2
6197,154,148,6
6198,411,408,3
6199,56,52,4
6200,90,85,5
6201,346,341,5
6202,163,163,0
6203,119,119,0
6204,202,202,0
6205,119,118,1
6206,118,118,0
6207,133,132,1
6208,127,127,0
6209,236,236,0
6210,117,117,0
6211,137,137,0
6212,138,138,0
6213,194,193,1
6214,155,155,0
6215,94,94,0
6216,456,456,0
6217,177,173,4
6218,184,183,1
6219,294,292,2
6220,251,250,1
6221,189,189,0
6222,140,140,0
6223,142,141,1
6224,165,165,0
6225,199,198,1
6226,165,165,0
6227,148,148,0
6228,541,537,4
6229,179,179,0
6230,135,135,0
6231,62,62,0
6232,553,552,1
6233,143,143,0
6234,297,295,2
6235,707,707,0
6236,183,182,1
6237,112,112,0
6238,427,427,0
6239,729,726,3
6240,254,251,3
6241,93,91,2
6242,182,181,1
6243,138,138,0
6244,41,41,0
6245,197,197,0
6246,115,115,0
6247,241,238,3
6248,625,625,0
6249,187,186,1
6250,212,212,0
6251,250,250,0
6252,708,706,2
6253,56,56,0
6254,123,123,0
6255,140,140,0
6256,203,203,0
6257,227,227,0
6258,1823,1810,13
6259,754,753,1
6260,88,88,0
6261,188,188,0
6262,84,84,0
6263,625,623,2
6264,284,284,0
6265,162,162,0
6266,122,122,0
6267,422,420,2
6268,124,124,0
6269,169,168,1
6270,659,656,3
6271,166,166,0
6272,127,127,0
6273,88,88,0
6274,391,390,1
6275,372,369,3
6276,140,140,0
6277,68,68,0
6278,100,100,0
6279,126,125,1
6280,103,103,0
6281,178,177,1
6282,527,521,6
6283,1002,999,3
6284,111,110,1
6285,126,124,2
6286,358,355,3
6287,167,166,1
6288,119,118,1
6289,422,420,2
6290,522,521,1
6291,387,386,1
6292,125,123,2
6293,165,165,0
6294,165,163,2
6295,158,157,1
6296,187,187,0
6297,122,122,0
6298,334,333,1
6299,239,238,1
6300,79,79,0
6301,132,128,4
6302,92,90,2
6303,118,118,0
6304,288,286,2
6305,221,220,1
6306,129,128,1
6307,59,58,1
6308,187,187,0
6309,147,147,0
6310,100,100,0
6311,541,536,5
6312,496,490,6
6313,229,228,1
6314,232,231,1
6315,139,138,1
6316,149,148,1
6317,142,142,0
6318,350,349,1
6319,214,214,0
6320,225,220,5
6321,170,170,0
6322,417,416,1
6323,424,424,0
6324,167,165,2
6325,1005,1003,2
6326,194,194,0
6327,182,182,0
6328,326,325,1
6329,106,106,0
6330,179,179,0
6331,49,48,1
6332,275,273,2
6333,147,147,0
6334,251,251,0
6335,149,149,0
6336,127,125,2
6337,141,138,3
6338,140,140,0
6339,43,43,0
6340,111,111,0
6341,250,248,2
6342,512,512,0
6343,136,136,0
6344,157,157,0
6345,59,59,0
6346,260,260,0
6347,188,188,0
6348,125,125,0
6349,269,268,1
6350,766,765,1
6351,127,127,0
6352,281,281,0
6353,346,345,1
6354,85,84,1
6355,127,127,0
6356,155,154,1
6357,91,90,1
6358,1009,1007,2
6359,831,831,0
6360,502,500,2
6361,409,408,1
6362,159,157,2
6363,273,273,0
6364,279,279,0
6365,124,124,0
6366,688,687,1
6367,184,184,0
6368,1112,1110,2
6369,138,138,0
6370,387,387,0
6371,161,161,0
6372,314,313,1
6373,305,305,0
6374,236,234,2
6375,134,134,0
6376,129,129,0
6377,46,46,0
6378,169,166,3
6379,268,267,1
6380,64,64,0
6381,179,178,1
6382,317,311,6
6383,145,144,1
6384,188,188,0
6385,140,140,0
6386,227,227,0
6387,119,119,0
6388,149,149,0
6389,168,168,0
6390,242,239,3
6391,68,68,0
6392,118,118,0
6393,242,238,4
6394,329,329,0
6395,52,52,0
6396,146,145,1
6397,226,226,0
6398,432,430,2
6399,153,153,0
6400,178,172,6
6401,170,170,0
6402,302,302,0
6403,168,167,1
6404,132,132,0
6405,145,139,6
6406,70,70,0
6407,129,129,0
6408,12,12,0
6409,58,58,0
6410,173,173,0
6411,65,65,0
6412,65,64,1
6413,87,87,0
6414,117,117,0
6415,89,89,0
6416,41,41,0
6417,46,46,0
6418,232,228,4
6419,198,197,1
6420,308,306,2
6421,295,294,1
6422,363,362,1
6423,144,144,0
6424,314,312,2
6425,212,210,2
6426,215,215,0
6427,150,150,0
6428,126,126,0
6429,135,135,0
6430,158,158,0
6431,125,125,0
6432,126,126,0
6433,303,300,3
6434,82,81,1
6435,213,210,3
6436,327,327,0
6437,72,71,1
6438,111,110,1
6439,147,146,1
6440,76,76,0
6441,196,196,0
6442,234,234,0
6443,145,145,0
6444,271,270,1
6445,195,195,0
6446,79,79,0
6447,230,229,1
6448,662,659,3
6449,74,74,0
6450,154,154,0
6451,71,70,1
6452,133,133,0
6453,298,298,0
6454,92,92,0
6455,427,426,1
6456,116,116,0
6457,160,160,0
6458,300,298,2
6459,253,253,0
6460,824,822,2
6461,858,858,0
6462,329,323,6
6463,150,150,0
6464,368,368,0
6465,79,78,1
6466,150,150,0
6467,115,115,0
6468,59,58,1
6469,297,296,1
6470,135,135,0
6471,50,50,0
6472,123,123,0
6473,51,51,0
6474,53,53,0
6475,72,71,1
6476,139,138,1
6477,228,224,4
6478,479,473,6
6479,59,59,0
6480,72,71,1
6481,145,145,0
6482,65,65,0
6483,775,775,0
6484,146,144,2
6485,141,141,0
6486,185,185,0
6487,155,155,0
6488,120,119,1
6489,436,435,1
6490,660,657,3
6491,294,294,0
6492,71,71,0
6493,147,145,2
6494,163,163,0
6495,271,270,1
6496,87,86,1
6497,382,381,1
6498,149,149,0
6499,149,149,0
6500,133,133,0
6501,201,201,0
6502,142,140,2
6503,394,391,3
6504,342,341,1
6505,126,126,0
6506,54,53,1
6507,173,173,0
6508,547,546,1
6509,231,230,1
6510,243,243,0
6511,193,193,0
6512,371,368,3
6513,103,103,0
6514,111,111,0
6515,241,238,3
6516,163,163,0
6517,245,243,2
6518,117,117,0
6519,68,67,1
6520,203,203,0
6521,78,78,0
6522,167,165,2
6523,139,138,1
6524,226,225,1
6525,139,139,0
6526,448,446,2
6527,151,151,0
6528,804,803,1
6529,364,363,1
6530,232,230,2
6531,352,350,2
6532,118,118,0
6533,291,290,1
6534,402,400,2
6535,265,265,0
6536,231,230,1
6537,609,608,1
6538,630,626,4
6539,858,855,3
6540,469,465,4
6541,110,110,0
6542,176,174,2
6543,158,157,1
6544,156,156,0
6545,138,137,1
6546,322,322,0
6547,598,593,5
6548,168,167,1
6549,194,193,1
6550,129,129,0
6551,210,209,1
6552,336,336,0
6553,761,761,0
6554,108,107,1
6555,104,101,3
6556,80,80,0
6557,120,120,0
6558,145,145,0
6559,649,642,7
6560,342,342,0
6561,124,124,0
6562,153,153,0
6563,248,248,0
6564,156,155,1
6565,63,63,0
6566,198,198,0
6567,333,331,2
6568,219,218,1
6569,121,121,0
6570,400,400,0
6571,47,47,0
6572,153,153,0
6573,304,299,5
6574,174,174,0
6575,171,171,0
6576,99,97,2
6577,293,293,0
6578,127,126,1
6579,129,129,0
6580,133,133,0
6581,101,99,2
6582,216,216,0
6583,152,152,0
6584,157,155,2
6585,139,139,0
6586,105,105,0
6587,130,130,0
6588,104,102,2
6589,130,128,2
6590,996,994,2
6591,177,177,0
6592,228,227,1
6593,256,254,2
6594,219,219,0
6595,238,237,1
6596,164,164,0
6597,123,121,2
6598,325,321,4
6599,135,135,0
6600,37,37,0
6601,154,154,0
6602,168,167,1
6603,144,141,3
6604,119,119,0
6605,132,132,0
6606,283,283,0
6607,85,84,1
6608,67,67,0
6609,61,60,1
6610,319,319,0
6611,343,341,2
6612,115,114,1
6613,339,336,3
6614,76,76,0
6615,62,61,1
6616,93,93,0
6617,103,103,0
6618,135,134,1
6619,162,162,0
6620,312,311,1
6621,46,46,0
6622,177,176,1
6623,145,142,3
6624,100,99,1
6625,220,217,3
6626,150,150,0
6627,52,52,0
6628,65,64,1
6629,98,98,0
6630,139,138,1
6631,144,144,0
6632,169,169,0
6633,115,115,0
6634,75,75,0
6635,148,146,2
6636,116,116,0
6637,241,241,0
6638,85,84,1
6639,432,432,0
6640,133,133,0
6641,114,114,0
6642,154,154,0
6643,48,47,1
6644,63,61,2
6645,100,100,0
6646,112,110,2
6647,268,268,0
6648,109,108,1
6649,128,127,1
6650,48,48,0
6651,323,322,1
6652,63,63,0
6653,137,137,0
6654,34,34,0
6655,200,200,0
6656,551,550,1
6657,113,113,0
6658,163,163,0
6659,43,43,0
6660,171,171,0
6661,330,330,0
6662,218,215,3
6663,76,76,0
6664,196,196,0
6665,124,124,0
6666,285,285,0
6667,211,211,0
6668,350,350,0
6669,133,133,0
6670,130,130,0
6671,188,188,0
6672,137,137,0
6673,130,129,1
6674,176,176,0
6675,114,112,2
6676,122,120,2
6677,63,63,0
6678,81,80,1
6679,119,118,1
6680,208,208,0
6681,183,183,0
6682,79,79,0
6683,377,369,8
6684,151,151,0
6685,125,124,1
6686,223,223,0
6687,201,201,0
6688,102,102,0
6689,107,107,0
6690,221,221,0
6691,96,96,0
6692,54,54,0
6693,171,171,0
6694,149,149,0
6695,275,275,0
6696,128,128,0
6697,323,323,0
6698,257,254,3
6699,100,99,1
6700,84,84,0
6701,109,109,0
6702,121,119,2
6703,76,76,0
6704,397,396,1
6705,139,139,0
6706,587,587,0
6707,233,233,0
6708,312,312,0
6709,127,126,1
6710,509,507,2
6711,638,638,0
6712,82,82,0
6713,144,144,0
6714,115,115,0
6715,361,359,2
6716,434,433,1
6717,298,296,2
6718,131,130,1
6719,399,399,0
6720,325,324,1
6721,147,146,1
6722,189,189,0
6723,130,130,0
6724,281,281,0
6725,498,498,0
6726,113,113,0
6727,197,197,0
6728,206,206,0
6729,176,174,2
6730,273,273,0
6731,323,319,4
6732,307,305,2
6733,487,487,0
6734,1023,1023,0
6735,374,374,0
6736,494,491,3
6737,143,141,2
6738,238,235,3
6739,250,248,2
6740,232,232,0
6741,351,351,0
6742,524,523,1
6743,98,97,1
6744,862,859,3
6745,229,228,1
6746,604,604,0
6747,254,254,0
6748,698,698,0
6749,401,400,1
6750,205,205,0
6751,138,138,0
6752,132,131,1
6753,782,778,4
6754,104,104,0
6755,208,208,0
6756,129,129,0
6757,923,921,2
6758,678,671,7
6759,160,160,0
6760,70,68,2
6761,252,245,7
6762,109,105,4
6763,83,83,0
6764,51,51,0
6765,158,156,2
6766,153,153,0
6767,188,188,0
6768,220,220,0
6769,160,160,0
6770,115,114,1
6771,180,180,0
6772,327,327,0
6773,229,228,1
6774,174,174,0
6775,188,188,0
6776,287,287,0
6777,281,278,3
6778,86,86,0
6779,179,178,1
6780,438,438,0
6781,129,129,0
6782,156,156,0
6783,229,228,1
6784,431,431,0
6785,420,418,2
6786,450,450,0
6787,167,167,0
6788,304,302,2
6789,187,187,0
6790,153,153,0
6791,186,185,1
6792,875,869,6
6793,193,192,1
6794,331,330,1
6795,191,191,0
6796,124,124,0
6797,136,136,0
6798,134,134,0
6799,75,74,1
6800,267,266,1
6801,535,529,6
6802,246,245,1
6803,114,113,1
6804,117,115,2
6805,203,202,1
6806,152,152,0
6807,415,415,0
6808,131,131,0
6809,364,364,0
6810,736,725,11
6811,203,198,5
6812,668,665,3
6813,120,120,0
6814,189,189,0
6815,185,185,0
6816,351,351,0
6817,51,51,0
6818,92,92,0
6819,53,53,0
6820,125,125,0
6821,59,57,2
6822,88,88,0
6823,192,191,1
6824,52,51,1
6825,142,142,0
6826,110,110,0
6827,635,634,1
6828,290,286,4
6829,55,55,0
6830,122,122,0
6831,303,302,1
6832,146,146,0
6833,164,162,2
6834,109,109,0
6835,351,348,3
6836,331,331,0
6837,128,127,1
6838,273,271,2
6839,60,60,0
6840,252,251,1
6841,397,397,0
6842,109,107,2
6843,980,971,9
6844,245,244,1
6845,209,209,0
6846,485,483,2
6847,252,252,0
6848,364,361,3
6849,205,203,2
6850,388,386,2
6851,559,558,1
6852,378,377,1
6853,241,241,0
6854,137,137,0
6855,109,109,0
6856,153,151,2
6857,364,361,3
6858,588,587,1
6859,393,391,2
6860,308,306,2
6861,411,410,1
6862,122,119,3
6863,188,188,0
6864,214,214,0
6865,173,172,1
6866,223,223,0
6867,175,175,0
6868,462,461,1
6869,118,118,0
6870,245,245,0
6871,198,196,2
6872,610,610,0
6873,105,104,1
6874,968,963,5
6875,157,157,0
6876,137,136,1
6877,121,121,0
6878,140,140,0
6879,268,268,0
6880,366,366,0
6881,168,168,0
6882,611,608,3
6883,392,391,1
6884,128,127,1
6885,311,310,1
6886,179,179,0
6887,153,151,2
6888,446,446,0
6889,525,520,5
6890,505,503,2
6891,458,455,3
6892,124,124,0
6893,147,147,0
6894,209,209,0
6895,301,300,1
6896,240,238,2
6897,545,544,1
6898,359,359,0
6899,179,178,1
6900,173,173,0
6901,124,123,1
6902,157,155,2
6903,257,254,3
6904,168,167,1
6905,796,790,6
6906,417,411,6
6907,110,108,2
6908,143,139,4
6909,46,46,0
6910,106,106,0
6911,178,178,0
6912,315,306,9
6913,78,78,0
6914,119,117,2
6915,115,115,0
6916,285,284,1
6917,123,123,0
6918,150,149,1
6919,279,277,2
6920,90,90,0
6921,130,130,0
6922,345,345,0
6923,152,152,0
6924,189,189,0
6925,88,84,4
6926,477,466,11
6927,86,86,0
6928,191,188,3
6929,367,364,3
6930,260,257,3
6931,307,306,1
6932,218,218,0
6933,233,233,0
6934,203,201,2
6935,132,132,0
6936,201,201,0
6937,284,284,0
6938,190,189,1
6939,78,78,0
6940,223,222,1
6941,244,242,2
6942,185,185,0
6943,207,207,0
6944,242,240,2
6945,191,191,0
6946,159,159,0
6947,158,158,0
6948,142,142,0
6949,162,162,0
6950,317,317,0
6951,168,168,0
6952,55,55,0
6953,716,716,0
6954,343,343,0
6955,88,87,1
6956,976,976,0
6957,44,44,0
6958,78,78,0
6959,140,139,1
6960,376,373,3
6961,243,243,0
6962,95,95,0
6963,69,69,0
6964,138,138,0
6965,98,97,1
6966,109,109,0
6967,169,167,2
6968,96,96,0
6969,117,116,1
6970,69,69,0
6971,589,588,1
6972,131,131,0
6973,210,210,0
6974,65,63,2
6975,44,44,0
6976,277,277,0
6977,202,199,3
6978,71,71,0
6979,107,107,0
6980,725,725,0
6981,119,119,0
6982,467,467,0
6983,155,155,0
6984,325,321,4
6985,282,282,0
6986,120,120,0
6987,140,140,0
6988,157,157,0
6989,146,146,0
6990,288,287,1
6991,148,148,0
6992,138,137,1
6993,129,128,1
6994,245,245,0
6995,144,144,0
6996,182,182,0
6997,279,278,1
6998,143,143,0
6999,378,376,2
7000,120,119,1
7001,805,801,4
7002,100,100,0
7003,177,177,0
7004,142,140,2
7005,67,67,0
7006,148,147,1
7007,76,76,0
7008,139,139,0
7009,135,133,2
7010,142,141,1
7011,40,40,0
7012,162,162,0
7013,58,57,1
7014,100,94,6
7015,122,120,2
7016,79,79,0
7017,123,123,0
7018,111,110,1
7019,201,201,0
7020,122,121,1
7021,220,220,0
7022,326,324,2
7023,173,173,0
7024,146,146,0
7025,240,239,1
7026,708,698,10
7027,78,77,1
7028,171,165,6
7029,133,132,1
7030,223,221,2
7031,103,101,2
7032,1002,997,5
7033,185,185,0
7034,238,238,0
7035,151,149,2
7036,176,176,0
7037,135,135,0
7038,826,816,10
7039,149,149,0
7040,145,145,0
7041,182,178,4
7042,127,126,1
7043,341,335,6
7044,132,132,0
7045,155,155,0
7046,161,160,1
7047,357,352,5
7048,126,126,0
7049,256,255,1
7050,133,130,3
7051,274,272,2
7052,348,348,0
7053,160,160,0
7054,136,136,0
7055,164,162,2
7056,49,49,0
7057,133,130,3
7058,146,145,1
7059,40,40,0
7060,65,65,0
7061,399,398,1
7062,136,135,1
7063,142,141,1
7064,299,297,2
7065,169,169,0
7066,106,105,1
7067,148,145,3
7068,138,138,0
7069,148,146,2
7070,79,79,0
7071,148,147,1
7072,179,178,1
7073,65,65,0
7074,238,235,3
7075,566,564,2
7076,132,132,0
7077,150,149,1
7078,134,134,0
7079,182,182,0
7080,151,151,0
7081,445,443,2
7082,81,81,0
7083,101,99,2
7084,384,384,0
7085,151,151,0
7086,688,687,1
7087,168,167,1
7088,161,161,0
7089,121,121,0
7090,144,142,2
7091,112,112,0
7092,241,239,2
7093,111,111,0
7094,90,90,0
7095,73,73,0
7096,113,113,0
7097,212,210,2
7098,29,29,0
7099,151,151,0
7100,43,43,0
7101,122,122,0
7102,143,142,1
7103,259,256,3
7104,60,60,0
7105,303,300,3
7106,201,201,0
7107,333,332,1
7108,220,220,0
7109,197,193,4
7110,70,70,0
7111,157,155,2
7112,553,552,1
7113,232,231,1
7114,422,421,1
7115,171,170,1
7116,474,471,3
7117,569,564,5
7118,398,398,0
7119,245,245,0
7120,298,291,7
7121,172,172,0
7122,192,192,0
7123,313,313,0
7124,526,523,3
7125,502,500,2
7126,218,217,1
7127,203,201,2
7128,158,158,0
7129,247,247,0
7130,582,579,3
7131,181,180,1
7132,88,88,0
7133,167,167,0
7134,205,204,1
7135,44,44,0
7136,133,133,0
7137,86,86,0
7138,53,53,0
7139,73,73,0
7140,74,74,0
7141,173,172,1
7142,211,211,0
7143,132,132,0
7144,249,248,1
7145,132,132,0
7146,121,119,2
7147,78,77,1
7148,157,155,2
7149,99,99,0
7150,147,147,0
7151,143,142,1
7152,402,400,2
7153,101,96,5
7154,226,226,0
7155,59,59,0
7156,178,178,0
7157,213,213,0
7158,129,129,0
7159,176,176,0
7160,215,214,1
7161,136,135,1
7162,166,166,0
7163,127,127,0
7164,140,140,0
7165,114,114,0
7166,147,147,0
7167,65,65,0
7168,209,208,1
7169,897,897,0
7170,476,476,0
7171,294,292,2
7172,581,580,1
7173,150,150,0
7174,935,931,4
7175,153,151,2
7176,207,206,1
7177,237,237,0
7178,193,193,0
7179,350,349,1
7180,261,259,2
7181,135,135,0
7182,849,842,7
7183,126,126,0
7184,174,174,0
7185,107,107,0
7186,331,331,0
7187,251,251,0
7188,272,271,1
7189,720,717,3
7190,218,218,0
7191,154,154,0
7192,455,455,0
7193,138,136,2
7194,297,296,1
7195,163,163,0
7196,120,119,1
7197,144,144,0
7198,198,195,3
7199,81,81,0
7200,91,91,0
7201,97,97,0
7202,229,226,3
7203,298,291,7
7204,129,129,0
7205,144,144,0
7206,178,177,1
7207,236,236,0
7208,140,140,0
7209,60,60,0
7210,183,183,0
7211,130,127,3
7212,98,98,0
7213,115,114,1
7214,428,427,1
7215,79,79,0
7216,148,147,1
7217,198,198,0
7218,35,34,1
7219,95,94,1
7220,152,152,0
7221,164,164,0
7222,178,178,0
7223,202,201,1
7224,81,81,0
7225,124,124,0
7226,35,35,0
7227,318,317,1
7228,129,129,0
7229,139,139,0
7230,123,123,0
7231,531,530,1
7232,129,129,0
7233,138,137,1
7234,114,112,2
7235,762,761,1
7236,128,126,2
7237,255,255,0
7238,121,121,0
7239,68,65,3
7240,119,119,0
7241,79,74,5
7242,226,225,1
7243,167,167,0
7244,96,94,2
7245,454,446,8
7246,91,91,0
7247,209,209,0
7248,222,222,0
7249,120,120,0
7250,171,171,0
7251,520,505,15
7252,109,109,0
7253,130,130,0
7254,743,741,2
7255,255,255,0
7256,240,240,0
7257,367,361,6
7258,281,279,2
7259,127,127,0
7260,421,419,2
7261,163,163,0
7262,174,174,0
7263,217,217,0
7264,120,119,1
7265,514,512,2
7266,135,135,0
7267,245,245,0
7268,471,471,0
7269,141,141,0
7270,176,174,2
7271,99,99,0
7272,105,103,2
7273,161,161,0
7274,67,66,1
7275,90,90,0
7276,207,206,1
7277,123,123,0
7278,51,51,0
7279,52,52,0
7280,97,97,0
7281,136,133,3
7282,162,161,1
7283,49,49,0
7284,48,46,2
7285,198,195,3
7286,37,36,1
7287,187,187,0
7288,377,374,3
7289,240,238,2
7290,107,106,1
7291,212,212,0
7292,138,138,0
7293,132,132,0
7294,130,130,0
7295,83,83,0
7296,407,405,2
7297,427,427,0
7298,194,194,0
7299,334,333,1
7300,118,118,0
7301,184,183,1
7302,121,121,0
7303,253,247,6
7304,719,718,1
7305,263,263,0
7306,297,294,3
7307,168,165,3
7308,190,190,0
7309,114,114,0
7310,161,161,0
7311,131,131,0
7312,162,162,0
7313,459,458,1
7314,240,238,2
7315,209,209,0
7316,52,51,1
7317,153,152,1
7318,187,186,1
7319,245,245,0
7320,858,853,5
7321,509,506,3
7322,153,151,2
7323,341,339,2
7324,406,405,1
7325,505,492,13
7326,322,322,0
7327,182,181,1
7328,238,234,4
7329,150,147,3
7330,70,70,0
7331,264,257,7
7332,599,598,1
7333,158,158,0
7334,128,128,0
7335,344,343,1
7336,475,473,2
7337,136,131,5
7338,113,113,0
7339,70,70,0
7340,105,105,0
7341,156,156,0
7342,506,504,2
7343,265,264,1
7344,137,137,0
7345,215,213,2
7346,279,278,1
7347,295,295,0
7348,745,744,1
7349,867,865,2
7350,321,320,1
7351,126,125,1
7352,287,284,3
7353,284,283,1
7354,112,112,0
7355,574,573,1
7356,253,244,9
7357,300,299,1
7358,281,281,0
7359,136,133,3
7360,432,431,1
7361,669,664,5
7362,250,250,0
7363,262,262,0
7364,466,464,2
7365,148,148,0
7366,369,366,3
7367,228,228,0
7368,153,153,0
7369,142,142,0
7370,121,121,0
7371,248,247,1
7372,498,498,0
7373,336,336,0
7374,133,133,0
7375,247,246,1
7376,82,82,0
7377,178,177,1
7378,419,418,1
7379,289,289,0
7380,156,154,2
7381,90,90,0
7382,194,194,0
7383,115,115,0
7384,92,87,5
7385,39,39,0
7386,221,221,0
7387,143,143,0
7388,171,171,0
7389,308,303,5
7390,489,482,7
7391,608,605,3
7392,76,75,1
7393,133,127,6
7394,104,104,0
7395,135,135,0
7396,213,213,0
7397,200,199,1
7398,118,117,1
7399,156,156,0
7400,496,491,5
7401,137,137,0
7402,139,139,0
7403,765,761,4
7404,264,262,2
7405,63,63,0
7406,268,268,0
7407,40,40,0
7408,94,94,0
7409,66,65,1
7410,216,216,0
7411,287,286,1
7412,259,258,1
7413,451,445,6
7414,154,152,2
7415,173,172,1
7416,179,178,1
7417,285,285,0
7418,152,148,4
7419,147,146,1
7420,1105,1099,6
7421,142,142,0
7422,191,190,1
7423,210,208,2
7424,212,207,5
7425,68,68,0
7426,503,495,8
7427,123,122,1
7428,570,570,0
7429,182,180,2
7430,268,267,1
7431,210,210,0
7432,79,79,0
7433,386,385,1
7434,867,862,5
7435,160,160,0
7436,224,224,0
7437,148,147,1
7438,134,134,0
7439,189,187,2
7440,358,356,2
7441,69,68,1
7442,146,145,1
7443,157,157,0
7444,274,274,0
7445,615,614,1
7446,128,128,0
7447,61,61,0
7448,627,626,1
7449,143,143,0
7450,578,577,1
7451,315,315,0
7452,158,158,0
7453,182,173,9
7454,134,134,0
7455,156,156,0
7456,361,361,0
7457,356,356,0
7458,104,101,3
7459,165,165,0
7460,258,257,1
7461,125,125,0
7462,272,272,0
7463,270,270,0
7464,426,422,4
7465,96,96,0
7466,949,949,0
7467,226,225,1
7468,209,208,1
7469,630,629,1
7470,120,119,1
7471,493,493,0
7472,490,489,1
7473,118,118,0
7474,233,232,1
7475,246,244,2
7476,161,161,0
7477,140,140,0
7478,136,136,0
7479,141,141,0
7480,165,164,1
7481,195,195,0
7482,227,226,1
7483,156,156,0
7484,111,111,0
7485,168,168,0
7486,105,103,2
7487,149,149,0
7488,245,245,0
7489,707,707,0
7490,120,120,0
7491,388,387,1
7492,156,155,1
7493,492,488,4
7494,314,314,0
7495,170,169,1
7496,138,138,0
7497,87,83,4
7498,200,200,0
7499,250,250,0
7500,206,204,2
7501,103,103,0
7502,125,122,3
7503,230,228,2
7504,226,226,0
7505,209,208,1
7506,136,136,0
7507,184,183,1
7508,181,180,1
7509,610,609,1
7510,359,359,0
7511,546,542,4
7512,478,478,0
7513,114,114,0
7514,243,243,0
7515,279,279,0
7516,207,206,1
7517,514,509,5
7518,173,172,1
7519,527,526,1
7520,782,779,3
7521,596,596,0
7522,452,451,1
7523,796,795,1
7524,465,465,0
7525,879,879,0
7526,887,883,4
7527,149,148,1
7528,278,277,1
7529,350,349,1
7530,126,126,0
7531,181,181,0
7532,901,901,0
7533,151,151,0
7534,152,151,1
7535,154,154,0
7536,472,471,1
7537,699,697,2
7538,217,216,1
7539,134,134,0
7540,132,132,0
7541,294,294,0
7542,337,337,0
7543,64,64,0
7544,196,196,0
7545,59,59,0
7546,166,163,3
7547,53,52,1
7548,254,253,1
7549,245,245,0
7550,376,376,0
7551,148,147,1
7552,151,150,1
7553,227,220,7
7554,203,203,0
7555,189,188,1
7556,403,403,0
7557,778,773,5
7558,176,176,0
7559,343,340,3
7560,184,184,0
7561,57,57,0
7562,243,243,0
7563,147,147,0
7564,46,44,2
7565,157,157,0
7566,166,165,1
7567,213,213,0
7568,121,120,1
7569,68,68,0
7570,131,131,0
7571,156,156,0
7572,77,77,0
7573,93,93,0
7574,142,142,0
7575,199,198,1
7576,167,167,0
7577,86,85,1
7578,181,179,2
7579,76,76,0
7580,158,156,2
7581,167,165,2
7582,128,128,0
7583,145,145,0
7584,124,124,0
7585,269,268,1
7586,179,179,0
7587,250,250,0
7588,428,426,2
7589,198,197,1
7590,503,492,11
7591,184,184,0
7592,962,958,4
7593,250,249,1
7594,326,324,2
7595,547,539,8
7596,281,281,0
7597,225,224,1
7598,125,123,2
7599,541,540,1
7600,133,133,0
7601,221,218,3
7602,114,113,1
7603,611,609,2
7604,343,343,0
7605,75,75,0
7606,207,207,0
7607,751,751,0
7608,346,346,0
7609,168,168,0
7610,214,214,0
7611,147,147,0
7612,773,773,0
7613,182,181,1
7614,505,505,0
7615,290,289,1
7616,180,180,0
7617,164,163,1
7618,346,346,0
7619,244,243,1
7620,486,479,7
7621,157,157,0
7622,275,274,1
7623,297,297,0
7624,165,161,4
7625,695,691,4
7626,282,275,7
7627,180,180,0
7628,176,175,1
7629,508,507,1
7630,141,139,2
7631,336,335,1
7632,807,806,1
7633,496,495,1
7634,156,156,0
7635,45,45,0
7636,40,40,0
7637,153,153,0
7638,156,155,1
7639,238,237,1
7640,141,141,0
7641,225,225,0
7642,126,126,0
7643,910,909,1
7644,247,245,2
7645,152,152,0
7646,360,359,1
7647,185,185,0
7648,417,416,1
7649,679,674,5
7650,129,129,0
7651,169,169,0
7652,125,125,0
7653,242,242,0
7654,360,358,2
7655,127,126,1
7656,177,177,0
7657,384,383,1
7658,306,301,5
7659,285,284,1
7660,299,299,0
7661,177,176,1
7662,190,190,0
7663,178,178,0
7664,215,214,1
7665,83,81,2
7666,147,145,2
7667,143,142,1
7668,120,118,2
7669,126,126,0
7670,122,122,0
7671,185,185,0
7672,148,147,1
7673,128,127,1
7674,214,214,0
7675,168,168,0
7676,631,630,1
7677,121,121,0
7678,155,155,0
7679,129,129,0
7680,189,189,0
7681,633,631,2
7682,304,303,1
7683,241,241,0
7684,617,616,1
7685,140,140,0
7686,100,99,1
7687,281,281,0
7688,158,146,12
7689,124,124,0
7690,159,159,0
7691,157,156,1
7692,442,442,0
7693,137,137,0
7694,198,196,2
7695,113,113,0
7696,179,179,0
7697,221,221,0
7698,189,188,1
7699,165,164,1
7700,162,162,0
7701,264,259,5
7702,347,346,1
7703,174,174,0
7704,120,120,0
7705,320,319,1
7706,537,535,2
7707,152,152,0
7708,251,251,0
7709,210,210,0
7710,180,179,1
7711,363,363,0
7712,195,195,0
7713,245,245,0
7714,111,111,0
7715,264,264,0
7716,315,315,0
7717,103,103,0
7718,137,135,2
7719,278,278,0
7720,246,246,0
7721,168,168,0
7722,244,242,2
7723,569,568,1
7724,155,155,0
7725,63,63,0
7726,231,230,1
7727,114,114,0
7728,141,141,0
7729,108,106,2
7730,159,159,0
7731,193,193,0
7732,134,134,0
7733,226,226,0
7734,316,315,1
7735,368,366,2
7736,579,579,0
7737,258,258,0
7738,115,114,1
7739,208,208,0
7740,242,240,2
7741,265,265,0
7742,163,163,0
7743,189,189,0
7744,139,139,0
7745,233,233,0
7746,321,320,1
7747,204,201,3
7748,136,136,0
7749,287,287,0
7750,156,156,0
7751,828,827,1
7752,155,155,0
7753,138,138,0
7754,150,150,0
7755,122,121,1
7756,653,650,3
7757,239,238,1
7758,131,131,0
7759,214,214,0
7760,164,164,0
7761,576,574,2
7762,131,131,0
7763,122,122,0
7764,103,103,0
7765,141,141,0
7766,528,528,0
7767,130,130,0
7768,90,87,3
7769,85,85,0
7770,133,133,0
7771,913,913,0
7772,125,125,0
7773,214,214,0
7774,68,68,0
7775,199,199,0
7776,101,99,2
7777,284,283,1
7778,76,76,0
7779,50,48,2
7780,181,181,0
7781,124,124,0
7782,255,254,1
7783,297,294,3
7784,302,301,1
7785,150,150,0
7786,579,579,0
7787,105,102,3
7788,231,231,0
7789,136,136,0
7790,214,213,1
7791,229,229,0
7792,174,173,1
7793,537,535,2
7794,623,623,0
7795,410,407,3
7796,274,270,4
7797,162,162,0
7798,224,224,0
7799,48,48,0
7800,160,160,0
7801,120,119,1
7802,130,129,1
7803,244,243,1
7804,116,116,0
7805,538,533,5
7806,122,122,0
7807,124,124,0
7808,294,293,1
7809,128,128,0
7810,115,114,1
7811,182,182,0
7812,363,363,0
7813,185,183,2
7814,138,137,1
7815,170,169,1
7816,122,122,0
7817,137,137,0
7818,127,126,1
7819,189,189,0
7820,468,464,4
7821,317,316,1
7822,113,113,0
7823,76,76,0
7824,283,282,1
7825,39,39,0
7826,165,164,1
7827,790,788,2
7828,202,202,0
7829,144,143,1
7830,119,118,1
7831,320,320,0
7832,139,139,0
7833,119,116,3
7834,140,140,0
7835,38,38,0
7836,126,126,0
7837,155,155,0
7838,481,480,1
7839,63,62,1
7840,187,187,0
7841,57,57,0
7842,65,64,1
7843,192,192,0
7844,424,423,1
7845,127,127,0
7846,123,123,0
7847,345,345,0
7848,437,437,0
7849,165,165,0
7850,170,169,1
7851,142,141,1
7852,134,134,0
7853,147,146,1
7854,86,86,0
7855,749,746,3
7856,212,212,0
7857,142,140,2
7858,186,182,4
7859,46,46,0
7860,200,199,1
7861,195,195,0
7862,181,181,0
7863,136,134,2
7864,185,185,0
7865,293,293,0
7866,243,241,2
7867,390,387,3
7868,142,141,1
7869,131,130,1
7870,534,531,3
7871,194,194,0
7872,304,302,2
7873,245,242,3
7874,692,686,6
7875,148,147,1
7876,221,221,0
7877,322,320,2
7878,132,132,0
7879,243,240,3
7880,150,150,0
7881,84,84,0
7882,558,558,0
7883,122,122,0
7884,156,156,0
7885,161,161,0
7886,126,124,2
7887,60,60,0
7888,120,120,0
7889,396,391,5
7890,781,774,7
7891,203,201,2
7892,237,236,1
7893,139,139,0
7894,118,118,0
7895,156,154,2
7896,446,446,0
7897,175,175,0
7898,102,102,0
7899,62,62,0
7900,71,70,1
7901,71,71,0
7902,182,182,0
7903,233,233,0
7904,132,132,0
7905,977,977,0
7906,177,177,0
7907,187,186,1
7908,192,192,0
7909,426,422,4
7910,311,308,3
7911,115,115,0
7912,185,185,0
7913,306,306,0
7914,137,137,0
7915,151,150,1
7916,163,163,0
7917,151,151,0
7918,157,156,1
7919,127,124,3
7920,360,359,1
7921,162,160,2
7922,130,124,6
7923,112,109,3
7924,134,134,0
7925,107,107,0
7926,78,78,0
7927,80,78,2
7928,135,135,0
7929,185,185,0
7930,274,274,0
7931,306,303,3
7932,628,626,2
7933,133,133,0
7934,228,227,1
7935,273,271,2
7936,143,142,1
7937,120,120,0
7938,124,123,1
7939,148,148,0
7940,303,293,10
7941,250,247,3
7942,785,778,7
7943,148,147,1
7944,142,142,0
7945,210,209,1
7946,226,224,2
7947,118,118,0
7948,183,182,1
7949,655,654,1
7950,118,115,3
7951,117,116,1
7952,160,159,1
7953,159,159,0
7954,528,527,1
7955,179,179,0
7956,622,619,3
7957,759,755,4
7958,687,687,0
7959,314,314,0
7960,389,388,1
7961,335,331,4
7962,275,273,2
7963,93,93,0
7964,168,168,0
7965,790,787,3
7966,278,276,2
7967,191,191,0
7968,125,125,0
7969,113,112,1
7970,254,254,0
7971,60,60,0
7972,278,277,1
7973,262,262,0
7974,203,203,0
7975,107,106,1
7976,127,127,0
7977,140,138,2
7978,121,121,0
7979,121,121,0
7980,659,657,2
7981,134,134,0
7982,111,111,0
7983,96,95,1
7984,316,314,2
7985,253,252,1
7986,583,580,3
7987,165,165,0
7988,127,127,0
7989,133,132,1
7990,340,339,1
7991,128,128,0
7992,491,491,0
7993,691,690,1
7994,568,565,3
7995,187,186,1
7996,219,217,2
7997,51,51,0
7998,168,164,4
7999,132,131,1
8000,196,195,1
8001,202,199,3
8002,259,259,0
8003,215,213,2
8004,126,125,1
8005,262,262,0
8006,119,119,0
8007,161,161,0
8008,166,166,0
8009,561,559,2
8010,134,134,0
8011,114,113,1
8012,329,328,1
8013,168,168,0
8014,403,401,2
8015,154,153,1
8016,217,217,0
8017,314,311,3
8018,169,169,0
8019,68,68,0
8020,315,313,2
8021,42,42,0
8022,174,174,0
8023,60,60,0
8024,167,166,1
8025,416,416,0
8026,143,142,1
8027,244,242,2
8028,127,127,0
8029,170,170,0
8030,503,496,7
8031,950,942,8
8032,117,116,1
8033,382,378,4
8034,218,217,1
8035,136,136,0
8036,279,279,0
8037,118,118,0
8038,116,115,1
8039,319,318,1
8040,162,162,0
8041,368,368,0
8042,139,138,1
8043,191,188,3
8044,141,141,0
8045,201,201,0
8046,128,128,0
8047,215,215,0
8048,372,371,1
8049,411,410,1
8050,224,224,0
8051,168,166,2
8052,243,242,1
8053,168,168,0
8054,172,169,3
8055,235,232,3
8056,195,194,1
8057,179,179,0
8058,71,71,0
8059,105,105,0
8060,216,214,2
8061,195,194,1
8062,78,78,0
8063,118,116,2
8064,356,356,0
8065,307,306,1
8066,116,115,1
8067,278,276,2
8068,59,56,3
8069,214,210,4
8070,191,191,0
8071,193,193,0
8072,112,111,1
8073,32,32,0
8074,349,348,1
8075,107,106,1
8076,325,322,3
8077,133,133,0
8078,346,345,1
8079,210,209,1
8080,424,421,3
8081,601,600,1
8082,534,531,3
8083,954,952,2
8084,214,214,0
8085,489,487,2
8086,295,295,0
8087,817,816,1
8088,182,182,0
8089,1013,1009,4
8090,338,335,3
8091,207,207,0
8092,207,205,2
8093,203,201,2
8094,308,308,0
8095,308,308,0
8096,137,134,3
8097,166,165,1
8098,161,161,0
8099,235,235,0
8100,121,121,0
8101,131,131,0
8102,114,114,0
8103,116,116,0
8104,135,135,0
8105,148,148,0
8106,158,157,1
8107,325,321,4
8108,153,153,0
8109,166,166,0
8110,160,158,2
8111,226,224,2
8112,148,148,0
8113,115,115,0
8114,178,178,0
8115,258,258,0
8116,167,166,1
8117,110,108,2
8118,128,128,0
8119,79,79,0
8120,77,77,0
8121,726,720,6
8122,57,57,0
8123,330,329,1
8124,111,110,1
8125,92,92,0
8126,170,169,1
8127,276,276,0
8128,239,238,1
8129,194,193,1
8130,113,113,0
8131,189,188,1
8132,137,137,0
8133,140,138,2
8134,193,191,2
8135,258,258,0
8136,208,207,1
8137,88,87,1
8138,462,459,3
8139,106,106,0
8140,172,171,1
8141,127,127,0
8142,129,128,1
8143,145,145,0
8144,347,343,4
8145,305,305,0
8146,165,165,0
8147,162,160,2
8148,77,77,0
8149,135,135,0
8150,166,166,0
8151,138,138,0
8152,143,143,0
8153,136,136,0
8154,161,161,0
8155,176,175,1
8156,221,220,1
8157,165,165,0
8158,315,314,1
8159,117,113,4
8160,455,455,0
8161,280,279,1
8162,136,136,0
8163,219,219,0
8164,475,474,1
8165,304,304,0
8166,577,577,0
8167,154,154,0
8168,129,129,0
8169,244,242,2
8170,141,140,1
8171,192,192,0
8172,164,162,2
8173,128,128,0
8174,79,78,1
8175,146,144,2
8176,117,117,0
8177,239,238,1
8178,288,285,3
8179,444,444,0
8180,129,129,0
8181,126,124,2
8182,123,120,3
8183,140,137,3
8184,212,211,1
8185,380,378,2
8186,113,113,0
8187,113,113,0
8188,186,184,2
8189,45,45,0
8190,68,68,0
8191,149,149,0
8192,246,246,0
8193,66,66,0
8194,198,196,2
8195,141,141,0
8196,124,124,0
8197,213,212,1
8198,344,344,0
8199,276,276,0
8200,76,75,1
8201,56,56,0
8202,129,129,0
8203,207,206,1
8204,147,146,1
8205,167,167,0
8206,129,129,0
8207,189,189,0
8208,300,298,2
8209,124,123,1
8210,262,259,3
8211,52,52,0
8212,182,182,0
8213,176,176,0
8214,148,147,1
8215,120,120,0
8216,149,148,1
8217,273,269,4
8218,150,149,1
8219,134,133,1
8220,217,217,0
8221,824,816,8
8222,171,170,1
8223,175,175,0
8224,232,232,0
8225,362,360,2
8226,627,623,4
8227,461,457,4
8228,180,176,4
8229,211,210,1
8230,158,158,0
8231,278,276,2
8232,121,121,0
8233,120,119,1
8234,231,228,3
8235,133,131,2
8236,145,145,0
8237,107,107,0
8238,162,162,0
8239,294,292,2
8240,77,76,1
8241,61,61,0
8242,112,111,1
8243,390,390,0
8244,75,75,0
8245,241,237,4
8246,425,414,11
8247,120,113,7
8248,175,173,2
8249,174,174,0
8250,207,207,0
8251,544,544,0
8252,169,168,1
8253,256,253,3
8254,239,239,0
8255,255,254,1
8256,262,261,1
8257,320,317,3
8258,286,283,3
8259,248,248,0
8260,287,285,2
8261,710,705,5
8262,229,228,1
8263,247,247,0
8264,247,247,0
8265,97,96,1
8266,295,293,2
8267,175,174,1
8268,513,513,0
8269,627,623,4
8270,298,298,0
8271,446,444,2
8272,116,115,1
8273,328,328,0
8274,472,471,1
8275,475,475,0
8276,239,239,0
8277,592,592,0
8278,191,191,0
8279,573,572,1
8280,179,179,0
8281,116,116,0
8282,454,453,1
8283,130,130,0
8284,146,145,1
8285,322,319,3
8286,345,345,0
8287,244,243,1
8288,243,242,1
8289,390,389,1
8290,176,174,2
8291,415,413,2
8292,46,46,0
8293,386,384,2
8294,248,248,0
8295,461,459,2
8296,896,895,1
8297,112,112,0
8298,743,741,2
8299,561,559,2
8300,42,42,0
8301,260,260,0
8302,226,226,0
8303,324,324,0
8304,641,635,6
8305,347,344,3
8306,172,172,0
8307,196,196,0
8308,115,114,1
8309,201,201,0
8310,249,247,2
8311,305,304,1
8312,138,138,0
8313,301,298,3
8314,358,357,1
8315,130,130,0
8316,257,257,0
8317,187,187,0
8318,239,239,0
8319,89,88,1
8320,247,247,0
8321,117,117,0
8322,100,99,1
8323,278,278,0
8324,339,339,0
8325,121,118,3
8326,324,324,0
8327,118,118,0
8328,239,238,1
8329,243,243,0
8330,298,298,0
8331,531,530,1
8332,668,668,0
8333,431,425,6
8334,110,110,0
8335,524,522,2
8336,243,241,2
8337,178,177,1
8338,171,171,0
8339,134,134,0
8340,160,160,0
8341,238,237,1
8342,111,111,0
8343,547,545,2
8344,119,119,0
8345,109,109,0
8346,116,116,0
8347,80,80,0
8348,287,287,0
8349,117,116,1
8350,115,115,0
8351,316,316,0
8352,89,89,0
8353,89,87,2
8354,528,528,0
8355,31,31,0
8356,135,135,0
8357,71,71,0
8358,112,112,0
8359,140,138,2
8360,61,61,0
8361,56,53,3
8362,62,62,0
8363,111,111,0
8364,62,62,0
8365,119,119,0
8366,220,218,2
8367,218,218,0
8368,228,228,0
8369,646,645,1
8370,822,820,2
8371,267,266,1
8372,180,180,0
8373,81,79,2
8374,650,642,8
8375,126,126,0
8376,114,114,0
8377,136,136,0
8378,518,516,2
8379,519,517,2
8380,135,135,0
8381,204,203,1
8382,61,61,0
8383,287,286,1
8384,218,218,0
8385,228,226,2
8386,94,94,0
8387,321,321,0
8388,118,118,0
8389,59,59,0
8390,72,72,0
8391,91,91,0
8392,130,130,0
8393,47,47,0
8394,76,76,0
8395,128,128,0
8396,149,149,0
8397,94,93,1
8398,278,276,2
8399,132,132,0
8400,125,124,1
8401,136,136,0
8402,333,333,0
8403,150,149,1
8404,149,149,0
8405,240,239,1
8406,116,116,0
8407,48,48,0
8408,295,294,1
8409,125,124,1
8410,103,103,0
8411,150,148,2
8412,435,433,2
8413,246,246,0
8414,242,241,1
8415,179,179,0
8416,110,110,0
8417,397,389,8
8418,38,38,0
8419,150,150,0
8420,232,228,4
8421,441,441,0
8422,407,404,3
8423,142,138,4
8424,151,151,0
8425,140,140,0
8426,209,207,2
8427,84,84,0
8428,186,185,1
8429,378,378,0
8430,100,100,0
8431,116,116,0
8432,918,915,3
8433,533,532,1
8434,262,262,0
8435,161,161,0
8436,238,237,1
8437,106,105,1
8438,101,101,0
8439,42,42,0
8440,409,408,1
8441,92,92,0
8442,51,51,0
8443,263,262,1
8444,109,109,0
8445,84,83,1
8446,60,60,0
8447,56,56,0
8448,77,77,0
8449,333,333,0
8450,150,150,0
8451,154,153,1
8452,180,177,3
8453,127,126,1
8454,192,192,0
8455,144,142,2
8456,248,248,0
8457,313,312,1
8458,133,131,2
8459,233,233,0
8460,67,67,0
8461,58,58,0
8462,89,89,0
8463,89,89,0
8464,88,88,0
8465,119,118,1
8466,158,158,0
8467,538,532,6
8468,40,40,0
8469,92,91,1
8470,92,92,0
8471,324,324,0
8472,102,102,0
8473,74,71,3
8474,117,116,1
8475,757,757,0
8476,142,142,0
8477,133,133,0
8478,364,363,1
8479,133,132,1
8480,148,148,0
8481,163,163,0
8482,105,105,0
8483,923,922,1
8484,130,130,0
8485,289,289,0
8486,137,137,0
8487,159,158,1
8488,38,38,0
8489,150,150,0
8490,298,298,0
8491,131,129,2
8492,234,233,1
8493,121,121,0
8494,121,121,0
8495,60,60,0
8496,109,109,0
8497,79,79,0
8498,179,179,0
8499,127,127,0
8500,101,101,0
8501,279,278,1
8502,73,73,0
8503,186,185,1
8504,95,95,0
8505,102,102,0
8506,63,63,0
8507,125,124,1
8508,152,151,1
8509,237,237,0
8510,123,123,0
8511,125,125,0
8512,163,163,0
8513,307,307,0
8514,312,308,4
8515,331,331,0
8516,122,122,0
8517,371,371,0
8518,254,253,1
8519,162,162,0
8520,366,366,0
8521,129,129,0
8522,134,134,0
8523,207,207,0
8524,607,605,2
8525,220,206,14
8526,161,157,4
8527,41,41,0
8528,126,126,0
8529,120,108,12
8530,37,37,0
8531,103,102,1
8532,156,156,0
8533,39,39,0
8534,74,74,0
8535,137,137,0
8536,249,247,2
8537,422,417,5
8538,188,187,1
8539,159,154,5
8540,239,239,0
8541,181,180,1
8542,157,156,1
8543,384,378,6
8544,339,338,1
8545,398,396,2
8546,115,115,0
8547,203,203,0
8548,336,336,0
8549,136,135,1
8550,176,173,3
8551,543,539,4
8552,197,197,0
8553,128,128,0
8554,205,205,0
8555,122,121,1
8556,433,433,0
8557,400,394,6
8558,180,179,1
8559,187,185,2
8560,330,330,0
8561,449,448,1
8562,690,687,3
8563,130,130,0
8564,155,155,0
8565,82,81,1
8566,116,116,0
8567,124,123,1
8568,241,241,0
8569,239,237,2
8570,119,119,0
8571,106,106,0
8572,155,155,0
8573,199,195,4
8574,229,228,1
8575,182,182,0
8576,205,205,0
8577,144,144,0
8578,90,89,1
8579,189,188,1
8580,801,798,3
8581,136,136,0
8582,131,131,0
8583,222,222,0
8584,301,301,0
8585,73,73,0
8586,215,215,0
8587,142,141,1
8588,125,123,2
8589,111,111,0
8590,155,155,0
8591,315,315,0
8592,164,163,1
8593,86,85,1
8594,98,98,0
8595,56,54,2
8596,143,143,0
8597,326,324,2
8598,372,371,1
8599,526,523,3
8600,60,60,0
8601,158,158,0
8602,167,167,0
8603,226,226,0
8604,142,141,1
8605,114,114,0
8606,122,122,0
8607,56,56,0
8608,143,143,0
8609,84,83,1
8610,663,663,0
8611,42,42,0
8612,122,122,0
8613,337,337,0
8614,374,373,1
8615,151,151,0
8616,339,338,1
8617,192,191,1
8618,399,396,3
8619,165,164,1
8620,324,323,1
8621,196,196,0
8622,353,353,0
8623,250,250,0
8624,165,163,2
8625,186,185,1
8626,121,121,0
8627,151,151,0
8628,154,151,3
8629,130,129,1
8630,213,211,2
8631,137,136,1
8632,337,335,2
8633,91,91,0
8634,156,155,1
8635,137,137,0
8636,133,133,0
8637,181,181,0
8638,502,496,6
8639,255,252,3
8640,178,177,1
8641,244,243,1
8642,170,169,1
8643,171,171,0
8644,594,592,2
8645,137,137,0
8646,299,297,2
8647,113,111,2
8648,118,118,0
8649,164,164,0
8650,146,146,0
8651,119,119,0
8652,148,148,0
8653,682,675,7
8654,929,916,13
8655,209,209,0
8656,318,316,2
8657,118,118,0
8658,118,118,0
8659,174,174,0
8660,196,196,0
8661,149,149,0
8662,323,320,3
8663,125,124,1
8664,168,168,0
8665,921,919,2
8666,280,280,0
8667,250,250,0
8668,175,175,0
8669,369,369,0
8670,178,178,0
8671,169,169,0
8672,281,281,0
8673,170,170,0
8674,149,149,0
8675,173,172,1
8676,462,457,5
8677,292,291,1
8678,134,134,0
8679,109,109,0
8680,594,594,0
8681,140,140,0
8682,257,257,0
8683,95,95,0
8684,326,326,0
8685,157,157,0
8686,320,320,0
8687,158,158,0
8688,59,59,0
8689,232,231,1
8690,300,299,1
8691,131,130,1
8692,117,117,0
8693,120,120,0
8694,493,489,4
8695,250,250,0
8696,691,689,2
8697,137,136,1
8698,119,119,0
8699,183,180,3
8700,141,139,2
8701,292,291,1
8702,283,281,2
8703,968,967,1
8704,141,140,1
8705,81,80,1
8706,282,281,1
8707,267,266,1
8708,115,115,0
8709,352,351,1
8710,205,203,2
8711,131,131,0
8712,97,97,0
8713,108,106,2
8714,325,323,2
8715,257,257,0
8716,167,165,2
8717,120,120,0
8718,171,171,0
8719,290,280,10
8720,162,161,1
8721,140,140,0
8722,205,205,0
8723,278,278,0
8724,415,415,0
8725,265,264,1
8726,449,449,0
8727,280,279,1
8728,190,190,0
8729,216,215,1
8730,117,117,0
8731,526,524,2
8732,150,148,2
8733,480,477,3
8734,425,425,0
8735,120,120,0
8736,248,245,3
8737,194,194,0
8738,553,546,7
8739,216,216,0
8740,358,357,1
8741,599,598,1
8742,126,125,1
8743,191,190,1
8744,147,146,1
8745,126,126,0
8746,269,267,2
8747,118,118,0
8748,153,151,2
8749,255,255,0
8750,701,699,2
8751,610,607,3
8752,404,402,2
8753,106,99,7
8754,108,107,1
8755,125,125,0
8756,142,142,0
8757,52,52,0
8758,265,263,2
8759,145,143,2
8760,71,71,0
8761,359,354,5
8762,457,451,6
8763,182,182,0
8764,110,110,0
8765,141,141,0
8766,155,155,0
8767,219,219,0
8768,701,695,6
8769,234,234,0
8770,181,180,1
8771,207,207,0
8772,286,282,4
8773,120,119,1
8774,637,635,2
8775,884,877,7
8776,364,362,2
8777,203,203,0
8778,234,231,3
8779,168,168,0
8780,277,274,3
8781,154,154,0
8782,121,120,1
8783,161,160,1
8784,1003,1001,2
8785,168,166,2
8786,202,200,2
8787,288,288,0
8788,126,126,0
8789,454,450,4
8790,165,162,3
8791,236,232,4
8792,159,159,0
8793,56,56,0
8794,426,425,1
8795,135,132,3
8796,877,870,7
8797,370,368,2
8798,122,121,1
8799,210,209,1
8800,56,56,0
8801,161,161,0
8802,107,107,0
8803,160,157,3
8804,144,144,0
8805,994,989,5
8806,114,114,0
8807,208,208,0
8808,326,326,0
8809,410,408,2
8810,207,207,0
8811,173,171,2
8812,190,188,2
8813,163,163,0
8814,168,168,0
8815,568,565,3
8816,146,146,0
8817,161,161,0
8818,155,154,1
8819,279,277,2
8820,213,211,2
8821,80,80,0
8822,100,100,0
8823,664,661,3
8824,41,41,0
8825,117,116,1
8826,154,154,0
8827,409,408,1
8828,144,141,3
8829,247,246,1
8830,287,284,3
8831,420,419,1
8832,406,405,1
8833,206,203,3
8834,352,350,2
8835,284,283,1
8836,314,313,1
8837,312,312,0
8838,170,170,0
8839,95,94,1
8840,230,230,0
8841,139,139,0
8842,117,117,0
8843,179,178,1
8844,158,158,0
8845,733,725,8
8846,121,121,0
8847,156,154,2
8848,359,358,1
8849,121,121,0
8850,291,289,2
8851,364,364,0
8852,631,630,1
8853,260,260,0
8854,509,507,2
8855,314,312,2
8856,354,352,2
8857,273,273,0
8858,138,138,0
8859,113,113,0
8860,116,116,0
8861,119,119,0
8862,317,314,3
8863,174,174,0
8864,189,189,0
8865,135,135,0
8866,225,224,1
8867,122,121,1
8868,135,134,1
8869,131,130,1
8870,155,154,1
8871,388,388,0
8872,783,781,2
8873,275,274,1
8874,155,154,1
8875,685,684,1
8876,208,208,0
8877,182,182,0
8878,368,367,1
8879,155,155,0
8880,264,263,1
8881,106,106,0
8882,619,614,5
8883,199,199,0
8884,532,531,1
8885,634,634,0
8886,474,468,6
8887,376,376,0
8888,159,159,0
8889,285,285,0
8890,175,174,1
8891,129,128,1
8892,261,261,0
8893,443,438,5
8894,462,461,1
8895,360,360,0
8896,548,545,3
8897,250,250,0
8898,336,332,4
8899,415,414,1
8900,108,107,1
8901,444,444,0
8902,700,697,3
8903,580,573,7
8904,769,768,1
8905,355,354,1
8906,357,356,1
8907,120,120,0
8908,156,156,0
8909,350,350,0
8910,181,179,2
8911,133,133,0
8912,129,129,0
8913,132,132,0
8914,51,51,0
8915,44,44,0
8916,41,41,0
8917,407,406,1
8918,241,241,0
8919,163,162,1
8920,628,622,6
8921,224,224,0
8922,215,214,1
8923,386,386,0
8924,95,95,0
8925,442,441,1
8926,945,943,2
8927,241,240,1
8928,107,106,1
8929,128,128,0
8930,599,599,0
8931,135,134,1
8932,168,166,2
8933,122,122,0
8934,366,366,0
8935,152,151,1
8936,257,256,1
8937,188,188,0
8938,296,296,0
8939,112,111,1
8940,125,125,0
8941,308,308,0
8942,220,217,3
8943,360,359,1
8944,148,148,0
8945,144,143,1
8946,213,213,0
8947,119,119,0
8948,266,260,6
8949,195,194,1
8950,319,310,9
8951,92,92,0
8952,132,132,0
8953,132,132,0
8954,162,162,0
8955,336,336,0
8956,168,168,0
8957,778,778,0
8958,627,624,3
8959,559,558,1
8960,131,131,0
8961,487,484,3
8962,156,153,3
8963,43,43,0
8964,222,222,0
8965,562,559,3
8966,161,161,0
8967,478,476,2
8968,229,229,0
8969,191,191,0
8970,977,976,1
8971,314,312,2
8972,746,743,3
8973,136,135,1
8974,319,317,2
8975,141,141,0
8976,204,204,0
8977,238,237,1
8978,256,254,2
8979,112,111,1
8980,112,111,1
8981,176,176,0
8982,465,464,1
8983,985,985,0
8984,226,226,0
8985,648,648,0
8986,115,115,0
8987,190,189,1
8988,133,131,2
8989,161,161,0
8990,41,41,0
8991,195,195,0
8992,604,604,0
8993,122,122,0
8994,57,57,0
8995,412,411,1
8996,181,179,2
8997,500,499,1
8998,188,187,1
8999,596,596,0
9000,854,853,1
9001,691,690,1
9002,155,155,0
9003,267,267,0
9004,53,53,0
9005,348,347,1
9006,127,126,1
9007,575,572,3
9008,734,733,1
9009,149,149,0
9010,240,240,0
9011,172,171,1
9012,281,281,0
9013,216,216,0
9014,149,148,1
9015,63,63,0
9016,140,140,0
9017,105,104,1
9018,128,127,1
9019,59,58,1
9020,87,87,0
9021,117,116,1
9022,65,65,0
9023,49,49,0
9024,60,60,0
9025,83,83,0
9026,160,160,0
9027,439,437,2
9028,487,484,3
9029,146,146,0
9030,165,164,1
9031,62,62,0
9032,448,448,0
9033,165,165,0
9034,122,122,0
9035,201,201,0
9036,124,124,0
9037,160,159,1
9038,240,238,2
9039,112,112,0
9040,322,322,0
9041,144,144,0
9042,126,126,0
9043,150,149,1
9044,665,664,1
9045,174,173,1
9046,57,56,1
9047,204,199,5
9048,57,57,0
9049,739,730,9
9050,100,99,1
9051,260,253,7
9052,61,61,0
9053,88,87,1
9054,513,512,1
9055,210,206,4
9056,40,38,2
9057,389,384,5
9058,76,75,1
9059,72,72,0
9060,156,156,0
9061,142,142,0
9062,178,177,1
9063,260,259,1
9064,191,189,2
9065,163,163,0
9066,128,128,0
9067,165,164,1
9068,192,190,2
9069,232,232,0
9070,126,126,0
9071,145,142,3
9072,173,173,0
9073,553,552,1
9074,67,67,0
9075,482,479,3
9076,187,187,0
9077,37,37,0
9078,84,84,0
9079,251,249,2
9080,124,123,1
9081,314,314,0
9082,224,224,0
9083,524,522,2
9084,509,507,2
9085,416,414,2
9086,254,251,3
9087,154,154,0
9088,394,394,0
9089,143,142,1
9090,139,138,1
9091,715,713,2
9092,116,116,0
9093,176,174,2
9094,144,143,1
9095,138,138,0
9096,217,217,0
9097,193,193,0
9098,128,128,0
9099,483,483,0
9100,422,422,0
9101,267,267,0
9102,900,894,6
9103,293,292,1
9104,604,604,0
9105,183,182,1
9106,126,126,0
9107,138,138,0
9108,691,690,1
9109,159,159,0
9110,284,283,1
9111,208,208,0
9112,221,218,3
9113,175,175,0
9114,174,174,0
9115,156,154,2
9116,197,196,1
9117,160,160,0
9118,417,413,4
9119,188,188,0
9120,159,159,0
9121,150,150,0
9122,128,128,0
9123,291,291,0
9124,234,234,0
9125,610,610,0
9126,173,173,0
9127,360,359,1
9128,329,323,6
9129,260,259,1
9130,362,359,3
9131,131,131,0
9132,333,332,1
9133,165,165,0
9134,208,208,0
9135,145,144,1
9136,235,235,0
9137,199,199,0
9138,152,152,0
9139,95,95,0
9140,230,228,2
9141,189,188,1
9142,113,113,0
9143,217,215,2
9144,163,163,0
9145,301,301,0
9146,133,133,0
9147,328,327,1
9148,1004,1000,4
9149,167,167,0
9150,149,148,1
9151,174,170,4
9152,164,164,0
9153,170,170,0
9154,162,162,0
9155,119,119,0
9156,215,215,0
9157,228,228,0
9158,253,249,4
9159,225,223,2
9160,140,140,0
9161,179,179,0
9162,275,275,0
9163,360,360,0
9164,162,162,0
9165,326,325,1
9166,91,90,1
9167,351,351,0
9168,148,148,0
9169,244,243,1
9170,142,142,0
9171,149,149,0
9172,194,194,0
9173,333,333,0
9174,130,129,1
9175,196,196,0
9176,180,180,0
9177,107,107,0
9178,218,218,0
9179,324,322,2
9180,116,116,0
9181,303,303,0
9182,202,202,0
9183,328,328,0
9184,146,146,0
9185,219,218,1
9186,1001,999,2
9187,592,590,2
9188,201,201,0
9189,690,690,0
9190,208,207,1
9191,167,166,1
9192,107,107,0
9193,144,144,0
9194,163,162,1
9195,234,234,0
9196,227,226,1
9197,153,153,0
9198,392,382,10
9199,420,420,0
9200,203,203,0
9201,71,71,0
9202,248,248,0
9203,301,300,1
9204,173,173,0
9205,106,105,1
9206,124,123,1
9207,112,112,0
9208,137,137,0
9209,333,329,4
9210,140,140,0
9211,122,122,0
9212,441,434,7
9213,669,664,5
9214,479,476,3
9215,442,440,2
9216,213,213,0
9217,332,331,1
9218,145,145,0
9219,441,441,0
9220,435,434,1
9221,159,159,0
9222,177,177,0
9223,216,216,0
9224,388,384,4
9225,300,299,1
9226,128,128,0
9227,101,101,0
9228,80,80,0
9229,66,66,0
9230,103,103,0
9231,115,115,0
9232,169,168,1
9233,154,154,0
9234,117,117,0
9235,397,397,0
9236,450,450,0
9237,478,477,1
9238,280,280,0
9239,210,209,1
9240,156,156,0
9241,585,583,2
9242,259,258,1
9243,125,125,0
9244,297,297,0
9245,625,625,0
9246,95,95,0
9247,185,185,0
9248,113,113,0
9249,393,393,0
9250,176,176,0
9251,118,118,0
9252,965,965,0
9253,240,240,0
9254,75,75,0
9255,128,127,1
9256,429,429,0
9257,238,238,0
9258,187,187,0
9259,472,472,0
9260,334,332,2
9261,556,553,3
9262,509,509,0
9263,958,956,2
9264,409,409,0
9265,103,103,0
9266,579,577,2
9267,198,196,2
9268,410,409,1
9269,275,275,0
9270,824,821,3
9271,157,157,0
9272,291,291,0
9273,432,431,1
9274,170,170,0
9275,489,489,0
9276,113,113,0
9277,42,42,0
9278,175,175,0
9279,528,526,2
9280,111,110,1
9281,116,115,1
9282,268,268,0
9283,653,643,10
9284,440,437,3
9285,120,120,0
9286,142,141,1
9287,248,248,0
9288,200,200,0
9289,175,175,0
9290,594,590,4
9291,130,129,1
9292,174,172,2
9293,358,358,0
9294,86,86,0
9295,674,669,5
9296,220,219,1
9297,130,130,0
9298,237,237,0
9299,223,223,0
9300,180,180,0
9301,426,425,1
9302,300,299,1
9303,356,355,1
9304,171,171,0
9305,140,139,1
9306,198,198,0
9307,185,185,0
9308,201,201,0
9309,292,289,3
9310,50,50,0
9311,142,142,0
9312,154,153,1
9313,127,125,2
9314,176,176,0
9315,97,97,0
9316,86,86,0
9317,65,64,1
9318,189,189,0
9319,159,157,2
9320,374,371,3
9321,134,133,1
9322,289,289,0
9323,161,161,0
9324,281,277,4
9325,111,111,0
9326,222,222,0
9327,102,102,0
9328,61,59,2
9329,53,53,0
9330,132,131,1
9331,61,61,0
9332,84,84,0
9333,208,208,0
9334,192,191,1
9335,71,71,0
9336,245,245,0
9337,154,154,0
9338,114,114,0
9339,204,204,0
9340,138,138,0
9341,191,189,2
9342,180,177,3
9343,120,119,1
9344,165,165,0
9345,147,144,3
9346,127,127,0
9347,123,122,1
9348,698,697,1
9349,143,141,2
9350,301,300,1
9351,158,158,0
9352,433,432,1
9353,153,153,0
9354,48,48,0
9355,147,146,1
9356,608,607,1
9357,624,623,1
9358,113,113,0
9359,99,99,0
9360,48,48,0
9361,155,152,3
9362,164,164,0
9363,668,667,1
9364,285,285,0
9365,116,115,1
9366,271,271,0
9367,130,130,0
9368,130,130,0
9369,320,320,0
9370,121,121,0
9371,325,325,0
9372,264,264,0
9373,211,211,0
9374,232,231,1
9375,122,122,0
9376,134,133,1
9377,177,177,0
9378,132,132,0
9379,257,256,1
9380,984,978,6
9381,66,65,1
9382,134,133,1
9383,488,478,10
9384,128,128,0
9385,145,145,0
9386,245,244,1
9387,169,169,0
9388,238,238,0
9389,129,129,0
9390,75,75,0
9391,112,112,0
9392,45,45,0
9393,164,164,0
9394,159,158,1
9395,88,87,1
9396,372,372,0
9397,144,144,0
9398,295,294,1
9399,202,201,1
9400,269,269,0
9401,58,58,0
9402,307,307,0
9403,806,804,2
9404,266,265,1
9405,652,647,5
9406,118,118,0
9407,141,141,0
9408,317,317,0
9409,265,264,1
9410,204,202,2
9411,262,262,0
9412,374,373,1
9413,103,103,0
9414,390,389,1
9415,330,330,0
9416,146,146,0
9417,99,99,0
9418,155,155,0
9419,105,105,0
9420,117,117,0
9421,415,414,1
9422,230,230,0
9423,134,134,0
9424,203,203,0
9425,324,324,0
9426,486,483,3
9427,171,171,0
9428,533,530,3
9429,52,52,0
9430,311,308,3
9431,195,194,1
9432,789,786,3
9433,78,78,0
9434,282,274,8
9435,133,133,0
9436,331,329,2
9437,125,125,0
9438,125,125,0
9439,135,135,0
9440,282,280,2
9441,125,121,4
9442,326,326,0
9443,330,329,1
9444,281,281,0
9445,76,76,0
9446,217,217,0
9447,222,221,1
9448,44,44,0
9449,113,113,0
9450,130,130,0
9451,237,237,0
9452,211,210,1
9453,84,84,0
9454,361,360,1
9455,357,355,2
9456,229,228,1
9457,194,191,3
9458,42,41,1
9459,84,81,3
9460,103,103,0
9461,167,167,0
9462,287,286,1
9463,145,145,0
9464,54,54,0
9465,318,318,0
9466,56,56,0
9467,165,164,1
9468,194,194,0
9469,131,131,0
9470,269,269,0
9471,179,179,0
9472,55,55,0
9473,329,328,1
9474,187,187,0
9475,116,115,1
9476,157,157,0
9477,147,147,0
9478,243,243,0
9479,371,369,2
9480,108,108,0
9481,265,264,1
9482,105,105,0
9483,215,215,0
9484,550,549,1
9485,274,274,0
9486,129,129,0
9487,142,141,1
9488,155,152,3
9489,121,120,1
9490,353,352,1
9491,327,325,2
9492,267,266,1
9493,119,119,0
9494,126,126,0
9495,124,123,1
9496,234,232,2
9497,188,188,0
9498,194,193,1
9499,129,129,0
9500,200,198,2
9501,283,283,0
9502,307,306,1
9503,137,137,0
9504,912,912,0
9505,248,248,0
9506,650,646,4
9507,133,132,1
9508,242,241,1
9509,548,546,2
9510,129,127,2
9511,162,162,0
9512,143,143,0
9513,209,209,0
9514,281,280,1
9515,229,229,0
9516,290,290,0
9517,363,363,0
9518,357,357,0
9519,525,523,2
9520,340,340,0
9521,208,208,0
9522,820,820,0
9523,136,136,0
9524,254,253,1
9525,306,306,0
9526,390,388,2
9527,115,115,0
9528,615,615,0
9529,977,976,1
9530,127,127,0
9531,181,179,2
9532,331,330,1
9533,165,165,0
9534,280,273,7
9535,390,389,1
9536,146,145,1
9537,620,619,1
9538,296,295,1
9539,302,297,5
9540,152,152,0
9541,277,277,0
9542,98,98,0
9543,202,202,0
9544,235,231,4
9545,266,266,0
9546,595,595,0
9547,92,92,0
9548,203,203,0
9549,59,59,0
9550,115,113,2
9551,251,248,3
9552,47,47,0
9553,179,171,8
9554,272,272,0
9555,289,288,1
9556,111,110,1
9557,102,102,0
9558,122,120,2
9559,180,179,1
9560,121,121,0
9561,126,126,0
9562,182,182,0
9563,212,205,7
9564,401,401,0
9565,326,325,1
9566,222,222,0
9567,185,185,0
9568,160,159,1
9569,138,132,6
9570,248,246,2
9571,138,138,0
9572,149,149,0
9573,190,190,0
9574,135,135,0
9575,146,146,0
9576,209,208,1
9577,121,121,0
9578,63,61,2
9579,264,264,0
9580,535,533,2
9581,85,84,1
9582,86,85,1
9583,77,77,0
9584,112,112,0
9585,141,140,1
9586,57,57,0
9587,215,215,0
9588,67,66,1
9589,252,248,4
9590,57,57,0
9591,230,228,2
9592,170,169,1
9593,302,297,5
9594,248,247,1
9595,233,232,1
9596,64,63,1
9597,330,330,0
9598,259,258,1
9599,40,40,0
9600,712,708,4
9601,125,125,0
9602,77,77,0
9603,119,118,1
9604,186,186,0
9605,126,125,1
9606,358,355,3
9607,255,253,2
9608,157,154,3
9609,180,176,4
9610,257,257,0
9611,59,58,1
9612,84,83,1
9613,59,59,0
9614,39,39,0
9615,71,70,1
9616,56,56,0
9617,126,126,0
9618,167,167,0
9619,166,164,2
9620,92,92,0
9621,418,415,3
9622,193,193,0
9623,303,302,1
9624,51,51,0
9625,107,106,1
9626,72,72,0
9627,160,160,0
9628,114,114,0
9629,128,128,0
9630,164,164,0
9631,201,201,0
9632,151,150,1
9633,124,124,0
9634,400,399,1
9635,130,130,0
9636,123,123,0
9637,385,385,0
9638,194,192,2
9639,195,195,0
9640,217,217,0
9641,150,150,0
9642,137,137,0
9643,223,223,0
9644,134,133,1
9645,129,128,1
9646,756,756,0
9647,89,88,1
9648,894,891,3
9649,228,227,1
9650,168,168,0
9651,517,516,1
9652,44,44,0
9653,254,254,0
9654,222,222,0
9655,120,120,0
9656,65,65,0
9657,165,164,1
9658,233,232,1
9659,52,52,0
9660,43,43,0
9661,151,151,0
9662,191,188,3
9663,105,105,0
9664,38,38,0
9665,82,82,0
9666,163,162,1
9667,161,160,1
9668,152,152,0
9669,417,414,3
9670,263,262,1
9671,305,304,1
9672,743,740,3
9673,130,130,0
9674,132,131,1
9675,446,446,0
9676,33,33,0
9677,226,226,0
9678,63,63,0
9679,298,297,1
9680,313,311,2
9681,70,70,0
9682,1527,1518,9
9683,67,67,0
9684,325,325,0
9685,173,173,0
9686,70,68,2
9687,191,191,0
9688,239,239,0
9689,221,220,1
9690,148,148,0
9691,91,91,0
9692,172,172,0
9693,240,239,1
9694,131,131,0
9695,119,118,1
9696,269,269,0
9697,155,155,0
9698,270,270,0
9699,184,184,0
9700,364,363,1
9701,134,133,1
9702,175,175,0
9703,1035,1031,4
9704,158,158,0
9705,443,442,1
9706,440,436,4
9707,355,354,1
9708,169,167,2
9709,110,109,1
9710,284,282,2
9711,323,323,0
9712,285,282,3
9713,528,525,3
9714,227,227,0
9715,63,63,0
9716,137,136,1
9717,129,129,0
9718,63,62,1
9719,124,124,0
9720,448,448,0
9721,480,480,0
9722,119,118,1
9723,57,57,0
9724,137,136,1
9725,136,136,0
9726,151,151,0
9727,322,321,1
9728,924,922,2
9729,320,319,1
9730,137,137,0
9731,529,528,1
9732,443,439,4
9733,584,582,2
9734,1004,1004,0
9735,383,381,2
9736,783,783,0
9737,659,655,4
9738,425,423,2
9739,251,251,0
9740,491,490,1
9741,173,171,2
9742,699,692,7
9743,65,65,0
9744,554,545,9
9745,405,404,1
9746,651,650,1
9747,270,269,1
9748,180,179,1
9749,195,194,1
9750,225,224,1
9751,353,353,0
9752,355,352,3
9753,226,226,0
9754,211,210,1
9755,120,119,1
9756,474,472,2
9757,785,784,1
9758,181,181,0
9759,156,156,0
9760,133,133,0
9761,204,204,0
9762,160,160,0
9763,54,54,0
9764,151,151,0
9765,283,282,1
9766,117,117,0
9767,429,429,0
9768,434,433,1
9769,327,324,3
9770,211,211,0
9771,120,120,0
9772,122,122,0
9773,146,140,6
9774,369,369,0
9775,158,158,0
9776,460,460,0
9777,147,147,0
9778,181,180,1
9779,158,155,3
9780,145,145,0
9781,257,257,0
9782,174,174,0
9783,114,114,0
9784,209,204,5
9785,99,99,0
9786,78,78,0
9787,158,156,2
9788,79,78,1
9789,144,143,1
9790,434,434,0
9791,829,827,2
9792,489,486,3
9793,434,434,0
9794,473,472,1
9795,141,140,1
9796,146,146,0
9797,178,177,1
9798,131,131,0
9799,289,288,1
9800,70,69,1
9801,84,84,0
9802,71,71,0
9803,77,77,0
9804,191,189,2
9805,133,133,0
9806,143,143,0
9807,99,97,2
9808,541,533,8
9809,190,190,0
9810,243,242,1
9811,434,422,12
9812,132,127,5
9813,217,210,7
9814,174,174,0
9815,96,96,0
9816,439,437,2
9817,180,180,0
9818,731,729,2
9819,410,410,0
9820,168,166,2
9821,159,159,0
9822,371,371,0
9823,347,346,1
9824,248,248,0
9825,169,169,0
9826,189,189,0
9827,234,234,0
9828,382,380,2
9829,120,119,1
9830,158,158,0
9831,125,123,2
9832,341,336,5
9833,153,153,0
9834,129,129,0
9835,269,268,1
9836,135,135,0
9837,349,346,3
9838,185,184,1
9839,105,105,0
9840,193,192,1
9841,144,144,0
9842,129,129,0
9843,108,108,0
9844,137,137,0
9845,300,300,0
9846,149,149,0
9847,123,123,0
9848,135,135,0
9849,159,158,1
9850,227,227,0
9851,121,120,1
9852,181,180,1
9853,219,219,0
9854,96,94,2
9855,144,144,0
9856,733,731,2
9857,142,141,1
9858,424,424,0
9859,260,259,1
9860,117,116,1
9861,150,150,0
9862,234,234,0
9863,127,127,0
9864,144,144,0
9865,161,161,0
9866,135,135,0
9867,118,118,0
9868,497,494,3
9869,375,375,0
9870,93,93,0
9871,178,178,0
9872,316,316,0
9873,160,160,0
9874,287,286,1
9875,193,193,0
9876,107,107,0
9877,752,750,2
9878,80,80,0
9879,171,156,15
9880,143,143,0
9881,157,156,1
9882,145,145,0
9883,67,67,0
9884,361,359,2
9885,91,91,0
9886,66,65,1
9887,143,142,1
9888,115,115,0
9889,183,183,0
9890,241,238,3
9891,50,49,1
9892,1010,1003,7
9893,181,181,0
9894,52,51,1
9895,58,58,0
9896,325,324,1
9897,98,97,1
9898,348,347,1
9899,156,156,0
9900,162,161,1
9901,311,308,3
9902,194,194,0
9903,41,41,0
9904,50,50,0
9905,78,78,0
9906,382,380,2
9907,126,125,1
9908,159,158,1
9909,119,119,0
9910,383,383,0
9911,153,152,1
9912,426,426,0
9913,945,944,1
9914,148,148,0
9915,192,192,0
9916,134,133,1
9917,152,149,3
9918,230,230,0
9919,131,131,0
9920,185,185,0
9921,141,141,0
9922,213,213,0
9923,157,155,2
9924,271,268,3
9925,144,144,0
9926,108,108,0
9927,494,494,0
9928,579,574,5
9929,126,126,0
9930,136,135,1
9931,157,146,11
9932,649,648,1
9933,351,350,1
9934,485,482,3
9935,118,118,0
9936,129,129,0
9937,182,182,0
9938,303,302,1
9939,110,110,0
9940,190,190,0
9941,147,147,0
9942,168,167,1
9943,289,287,2
9944,207,204,3
9945,307,306,1
9946,648,645,3
9947,118,118,0
9948,122,122,0
9949,204,203,1
9950,788,788,0
9951,357,355,2
9952,119,117,2
9953,220,220,0
9954,138,136,2
9955,765,759,6
9956,158,158,0
9957,127,126,1
9958,144,144,0
9959,228,227,1
9960,210,210,0
9961,431,431,0
9962,100,100,0
9963,526,520,6
9964,317,313,4
9965,205,203,2
9966,461,459,2
9967,519,519,0
9968,573,572,1
9969,186,186,0
9970,201,200,1
9971,409,407,2
9972,399,398,1
9973,134,132,2
9974,95,95,0
9975,95,95,0
9976,103,99,4
9977,183,181,2
9978,102,101,1
9979,65,65,0
9980,60,60,0
9981,159,159,0
9982,90,90,0
9983,41,41,0
9984,124,123,1
9985,537,535,2
9986,182,182,0
9987,121,121,0
9988,184,184,0
9989,135,135,0
9990,167,167,0
9991,145,139,6
9992,58,58,0
9993,187,183,4
9994,295,295,0
9995,407,407,0
9996,155,155,0
9997,168,164,4
9998,116,114,2
9999,164,164,0
10000,152,150,2
10001,368,366,2
10002,169,163,6
10003,270,269,1
10004,179,179,0
10005,150,150,0
10006,566,565,1
10007,238,238,0
10008,105,102,3
10009,343,341,2
10010,333,330,3
10011,557,552,5
10012,254,250,4
10013,287,286,1
10014,307,307,0
10015,139,139,0
10016,272,270,2
10017,159,159,0
10018,227,227,0
10019,180,179,1
10020,161,161,0
10021,330,329,1
10022,267,261,6
10023,330,329,1
10024,229,228,1
10025,387,387,0
10026,183,183,0
10027,194,191,3
10028,182,182,0
10029,1166,1161,5
10030,182,182,0
10031,653,652,1
10032,360,360,0
10033,638,635,3
10034,111,110,1
10035,159,159,0
10036,113,113,0
10037,133,133,0
10038,297,297,0
10039,146,146,0
10040,110,108,2
10041,35,35,0
10042,139,137,2
10043,48,48,0
10044,113,113,0
10045,167,167,0
10046,151,151,0
10047,153,153,0
10048,131,131,0
10049,141,140,1
10050,465,462,3
10051,156,155,1
10052,372,371,1
10053,256,246,10
10054,328,328,0
10055,124,123,1
10056,118,116,2
10057,87,84,3
10058,214,214,0
10059,166,166,0
10060,403,402,1
10061,162,160,2
10062,113,113,0
10063,256,256,0
10064,144,144,0
10065,41,41,0
10066,300,300,0
10067,280,280,0
10068,349,347,2
10069,57,57,0
10070,39,39,0
10071,98,97,1
10072,429,428,1
10073,500,499,1
10074,155,155,0
10075,518,517,1
10076,80,80,0
10077,797,796,1
10078,180,178,2
10079,207,205,2
10080,107,107,0
10081,140,140,0
10082,571,566,5
10083,111,111,0
10084,105,105,0
10085,120,120,0
10086,52,52,0
10087,127,127,0
10088,112,112,0
10089,131,127,4
10090,422,419,3
10091,490,487,3
10092,512,511,1
10093,216,215,1
10094,516,506,10
10095,316,315,1
10096,203,203,0
10097,202,198,4
10098,167,167,0
10099,204,203,1
10100,262,262,0
10101,186,186,0
10102,169,169,0
10103,219,219,0
10104,150,150,0
10105,214,214,0
10106,237,237,0
10107,222,221,1
10108,78,78,0
10109,54,53,1
10110,473,468,5
10111,154,154,0
10112,299,296,3
10113,403,401,2
10114,49,49,0
10115,301,301,0
10116,439,437,2
10117,680,679,1
10118,140,140,0
10119,449,448,1
10120,166,166,0
10121,181,181,0
10122,423,423,0
10123,262,262,0
10124,92,92,0
10125,369,369,0
10126,149,149,0
10127,441,440,1
10128,209,193,16
10129,181,180,1
10130,366,362,4
10131,303,302,1
10132,222,222,0
10133,184,181,3
10134,156,156,0
10135,202,198,4
10136,466,464,2
10137,467,464,3
10138,180,179,1
10139,585,578,7
10140,134,134,0
10141,177,177,0
10142,47,47,0
10143,187,186,1
10144,34,32,2
10145,224,224,0
10146,121,120,1
10147,306,303,3
10148,352,352,0
10149,162,160,2
10150,177,177,0
10151,228,228,0
10152,192,192,0
10153,195,195,0
10154,248,248,0
10155,357,356,1
10156,182,176,6
10157,384,382,2
10158,109,108,1
10159,192,189,3
10160,61,61,0
10161,247,247,0
10162,220,219,1
10163,164,164,0
10164,256,256,0
10165,161,160,1
10166,129,129,0
10167,268,265,3
10168,85,84,1
10169,279,275,4
10170,125,124,1
10171,166,165,1
10172,170,170,0
10173,213,213,0
10174,76,76,0
10175,170,170,0
10176,123,123,0
10177,84,84,0
10178,145,144,1
10179,126,126,0
10180,68,68,0
10181,101,101,0
10182,180,179,1
10183,284,283,1
10184,411,410,1
10185,209,203,6
10186,249,248,1
10187,194,194,0
10188,165,163,2
10189,137,136,1
10190,216,215,1
10191,757,753,4
10192,457,457,0
10193,77,77,0
10194,531,528,3
10195,736,734,2
10196,188,188,0
10197,445,444,1
10198,50,50,0
10199,264,264,0
10200,263,263,0
10201,166,165,1
10202,212,211,1
10203,312,312,0
10204,444,444,0
10205,551,548,3
10206,195,195,0
10207,278,275,3
10208,152,152,0
10209,189,189,0
10210,406,405,1
10211,430,427,3
10212,81,81,0
10213,201,198,3
10214,258,257,1
10215,213,211,2
10216,260,260,0
10217,140,140,0
10218,475,474,1
10219,670,668,2
10220,137,136,1
10221,150,150,0
10222,146,146,0
10223,160,160,0
10224,216,214,2
10225,134,134,0
10226,137,137,0
10227,126,126,0
10228,133,133,0
10229,123,123,0
10230,137,137,0
10231,224,224,0
10232,253,249,4
10233,412,409,3
10234,218,218,0
10235,48,48,0
10236,92,92,0
10237,156,155,1
10238,228,228,0
10239,297,297,0
10240,372,372,0
10241,72,72,0
10242,126,125,1
10243,82,82,0
10244,133,133,0
10245,151,149,2
10246,132,131,1
10247,167,167,0
10248,335,335,0
10249,142,142,0
10250,277,277,0
10251,262,261,1
10252,268,268,0
10253,329,329,0
10254,229,228,1
10255,235,231,4
10256,148,147,1
10257,211,211,0
10258,318,317,1
10259,999,994,5
10260,144,143,1
10261,247,247,0
10262,140,140,0
10263,442,440,2
10264,128,128,0
10265,745,745,0
10266,473,472,1
10267,418,416,2
10268,168,165,3
10269,156,156,0
10270,224,224,0
10271,188,188,0
10272,113,113,0
10273,278,278,0
10274,137,137,0
10275,134,134,0
10276,122,119,3
10277,127,127,0
10278,140,140,0
10279,136,136,0
10280,134,134,0
10281,147,147,0
10282,947,942,5
10283,258,257,1
10284,235,234,1
10285,336,335,1
10286,309,303,6
10287,311,308,3
10288,165,165,0
10289,223,222,1
10290,172,171,1
10291,124,124,0
10292,295,293,2
10293,67,66,1
10294,76,76,0
10295,141,141,0
10296,214,208,6
10297,252,249,3
10298,521,521,0
10299,177,177,0
10300,154,154,0
10301,319,318,1
10302,125,125,0
10303,708,708,0
10304,287,287,0
10305,82,82,0
10306,288,287,1
10307,123,122,1
10308,51,48,3
10309,213,211,2
10310,231,229,2
10311,95,93,2
10312,174,174,0
10313,54,54,0
10314,113,113,0
10315,72,71,1
10316,108,108,0
10317,277,271,6
10318,133,133,0
10319,154,154,0
10320,99,99,0
10321,198,196,2
10322,182,180,2
10323,234,234,0
10324,459,450,9
10325,129,129,0
10326,129,128,1
10327,190,187,3
10328,165,164,1
10329,82,82,0
10330,59,59,0
10331,79,79,0
10332,312,309,3
10333,123,123,0
10334,296,296,0
10335,597,597,0
10336,162,162,0
10337,200,199,1
10338,581,577,4
10339,164,163,1
10340,508,508,0
10341,444,443,1
10342,113,113,0
10343,249,249,0
10344,722,720,2
10345,103,103,0
10346,567,566,1
10347,227,227,0
10348,533,532,1
10349,469,469,0
10350,308,308,0
10351,179,177,2
10352,306,306,0
10353,381,381,0
10354,131,128,3
10355,562,560,2
10356,129,128,1
10357,64,64,0
10358,119,119,0
10359,310,310,0
10360,266,266,0
10361,178,169,9
10362,216,216,0
10363,120,120,0
10364,159,158,1
10365,253,252,1
10366,212,208,4
10367,23,23,0
10368,72,71,1
10369,92,92,0
10370,197,197,0
10371,239,238,1
10372,336,334,2
10373,166,163,3
10374,1013,999,14
10375,605,604,1
10376,160,160,0
10377,322,322,0
10378,935,925,10
10379,230,230,0
10380,141,139,2
10381,219,218,1
10382,414,413,1
10383,191,190,1
10384,897,897,0
10385,431,428,3
10386,560,559,1
10387,210,209,1
10388,102,102,0
10389,966,960,6
10390,369,368,1
10391,353,353,0
10392,426,425,1
10393,234,234,0
10394,453,451,2
10395,292,289,3
10396,140,136,4
10397,136,133,3
10398,133,132,1
10399,589,587,2
10400,105,104,1
10401,257,256,1
10402,173,173,0
10403,170,170,0
10404,375,375,0
10405,791,789,2
10406,636,633,3
10407,125,124,1
10408,161,161,0
10409,59,59,0
10410,249,249,0
10411,192,192,0
10412,329,329,0
10413,80,79,1
10414,769,766,3
10415,262,262,0
10416,316,315,1
10417,871,869,2
10418,134,134,0
10419,134,134,0
10420,612,605,7
10421,834,828,6
10422,53,53,0
10423,162,161,1
10424,125,125,0
10425,125,124,1
10426,58,57,1
10427,119,118,1
10428,211,207,4
10429,123,122,1
10430,170,169,1
10431,47,47,0
10432,663,657,6
10433,203,203,0
10434,66,66,0
10435,82,82,0
10436,58,58,0
10437,79,79,0
10438,78,78,0
10439,491,488,3
10440,59,59,0
10441,204,204,0
10442,323,319,4
10443,176,176,0
10444,145,145,0
10445,164,163,1
10446,163,162,1
10447,126,126,0
10448,697,694,3
10449,121,121,0
10450,46,46,0
10451,216,215,1
10452,69,68,1
10453,81,81,0
10454,650,650,0
10455,461,461,0
10456,152,152,0
10457,155,155,0
10458,291,285,6
10459,95,93,2
10460,327,320,7
10461,128,126,2
10462,49,48,1
10463,661,659,2
10464,114,110,4
10465,276,275,1
10466,174,174,0
10467,115,115,0
10468,414,414,0
10469,156,156,0
10470,154,154,0
10471,128,128,0
10472,491,489,2
10473,236,234,2
10474,427,426,1
10475,334,334,0
10476,1300,1294,6
10477,142,140,2
10478,82,82,0
10479,483,483,0
10480,551,549,2
10481,458,457,1
10482,50,50,0
10483,173,172,1
10484,131,131,0
10485,129,129,0
10486,153,152,1
10487,178,178,0
10488,159,159,0
10489,134,133,1
10490,117,117,0
10491,966,959,7
10492,177,176,1
10493,57,57,0
10494,88,88,0
10495,121,121,0
10496,95,94,1
10497,281,280,1
10498,407,406,1
10499,205,199,6
10500,241,241,0
10501,299,298,1
10502,159,158,1
10503,649,649,0
10504,235,233,2
10505,512,512,0
10506,145,143,2
10507,220,220,0
10508,262,262,0
10509,766,762,4
10510,948,944,4
10511,62,62,0
10512,87,86,1
10513,500,499,1
10514,198,198,0
10515,251,251,0
10516,536,535,1
10517,528,528,0
10518,215,214,1
10519,100,100,0
10520,132,132,0
10521,561,559,2
10522,167,166,1
10523,144,144,0
10524,1015,1013,2
10525,95,93,2
10526,141,137,4
10527,120,118,2
10528,97,95,2
10529,138,136,2
10530,151,148,3
10531,116,115,1
10532,243,242,1
10533,188,180,8
10534,251,245,6
10535,219,215,4
10536,139,139,0
10537,117,117,0
10538,392,391,1
10539,258,255,3
10540,338,338,0
10541,141,141,0
10542,456,454,2
10543,160,160,0
10544,141,141,0
10545,330,327,3
10546,154,154,0
10547,410,409,1
10548,224,222,2
10549,96,93,3
10550,577,577,0
10551,411,411,0
10552,220,219,1
10553,155,154,1
10554,497,496,1
10555,328,328,0
10556,176,176,0
10557,530,528,2
10558,175,175,0
10559,315,314,1
10560,152,151,1
10561,105,104,1
10562,366,364,2
10563,304,304,0
10564,383,382,1
10565,424,423,1
10566,209,206,3
10567,312,311,1
10568,140,139,1
10569,323,321,2
10570,152,149,3
10571,160,159,1
10572,249,245,4
10573,104,104,0
10574,340,339,1
10575,220,220,0
10576,310,308,2
10577,176,175,1
10578,239,239,0
10579,262,260,2
10580,171,171,0
10581,106,106,0
10582,297,296,1
10583,166,165,1
10584,55,54,1
10585,171,171,0
10586,53,51,2
10587,981,972,9
10588,165,165,0
10589,383,381,2
10590,342,341,1
10591,98,98,0
10592,310,310,0
10593,549,549,0
10594,339,338,1
10595,773,771,2
10596,63,62,1
10597,50,50,0
10598,239,238,1
10599,133,133,0
10600,270,270,0
10601,43,42,1
10602,268,268,0
10603,142,142,0
10604,113,112,1
10605,150,150,0
10606,195,194,1
10607,95,92,3
10608,261,259,2
10609,127,126,1
10610,333,330,3
10611,253,249,4
10612,338,332,6
10613,188,187,1
10614,93,93,0
10615,267,267,0
10616,199,199,0
10617,119,119,0
10618,160,157,3
10619,110,110,0
10620,131,130,1
10621,134,134,0
10622,51,51,0
10623,69,69,0
10624,288,288,0
10625,126,126,0
10626,150,150,0
10627,122,121,1
10628,132,132,0
10629,475,473,2
10630,76,76,0
10631,253,252,1
10632,169,169,0
10633,175,174,1
10634,97,97,0
10635,67,67,0
10636,67,67,0
10637,60,60,0
10638,227,226,1
10639,185,183,2
10640,130,130,0
10641,47,47,0
10642,55,54,1
10643,199,199,0
10644,315,312,3
10645,143,143,0
10646,149,149,0
10647,142,142,0
10648,552,548,4
10649,129,127,2
10650,89,89,0
10651,222,222,0
10652,88,88,0
10653,117,117,0
10654,178,178,0
10655,278,277,1
10656,156,154,2
10657,74,74,0
10658,328,328,0
10659,164,164,0
10660,137,137,0
10661,317,312,5
10662,156,155,1
10663,560,557,3
10664,195,192,3
10665,227,227,0
10666,163,162,1
10667,262,260,2
10668,81,81,0
10669,198,198,0
10670,145,144,1
10671,182,182,0
10672,160,159,1
10673,150,150,0
10674,173,170,3
10675,204,202,2
10676,126,125,1
10677,110,110,0
10678,313,313,0
10679,115,115,0
10680,170,165,5
10681,188,187,1
10682,670,670,0
10683,92,92,0
10684,55,55,0
10685,34,34,0
10686,253,252,1
10687,184,183,1
10688,47,47,0
10689,47,47,0
10690,119,117,2
10691,154,154,0
10692,84,84,0
10693,82,82,0
10694,143,143,0
10695,211,211,0
10696,73,73,0
10697,160,160,0
10698,424,424,0
10699,144,144,0
10700,125,125,0
10701,118,118,0
10702,352,351,1
10703,197,197,0
10704,166,164,2
10705,54,54,0
10706,151,149,2
10707,108,107,1
10708,146,145,1
10709,139,139,0
10710,77,76,1
10711,355,352,3
10712,199,199,0
10713,887,885,2
10714,817,816,1
10715,801,798,3
10716,171,169,2
10717,109,109,0
10718,177,177,0
10719,182,181,1
10720,147,147,0
10721,217,215,2
10722,131,131,0
10723,126,126,0
10724,78,77,1
10725,139,139,0
10726,118,118,0
10727,276,275,1
10728,144,144,0
10729,162,162,0
10730,108,107,1
10731,174,174,0
10732,171,171,0
10733,299,299,0
10734,139,139,0
10735,164,164,0
10736,190,190,0
10737,459,453,6
10738,151,149,2
10739,1014,1002,12
10740,206,206,0
10741,196,193,3
10742,166,165,1
10743,141,141,0
10744,870,869,1
10745,137,137,0
10746,164,163,1
10747,553,551,2
10748,121,121,0
10749,114,114,0
10750,426,421,5
10751,555,551,4
10752,312,312,0
10753,160,160,0
10754,182,182,0
10755,184,183,1
10756,330,329,1
10757,205,205,0
10758,73,73,0
10759,109,109,0
10760,202,201,1
10761,93,93,0
10762,59,59,0
10763,105,105,0
10764,108,108,0
10765,172,171,1
10766,211,211,0
10767,85,84,1
10768,131,131,0
10769,97,97,0
10770,462,462,0
10771,132,132,0
10772,50,50,0
10773,281,280,1
10774,90,90,0
10775,181,180,1
10776,114,114,0
10777,600,596,4
10778,213,212,1
10779,391,383,8
10780,341,341,0
10781,424,422,2
10782,154,153,1
10783,170,170,0
10784,132,132,0
10785,412,412,0
10786,378,378,0
10787,456,452,4
10788,203,203,0
10789,757,749,8
10790,224,223,1
10791,632,631,1
10792,236,232,4
10793,240,240,0
10794,135,135,0
10795,159,159,0
10796,131,129,2
10797,105,105,0
10798,257,256,1
10799,420,420,0
10800,117,116,1
10801,147,145,2
10802,292,285,7
10803,106,106,0
10804,138,138,0
10805,165,165,0
10806,106,106,0
10807,188,186,2
10808,204,202,2
10809,662,661,1
10810,179,178,1
10811,369,368,1
10812,343,343,0
10813,126,125,1
10814,52,52,0
10815,58,57,1
10816,41,41,0
10817,178,177,1
10818,283,283,0
10819,135,135,0
10820,330,328,2
10821,129,129,0
10822,269,269,0
10823,253,253,0
10824,146,145,1
10825,411,411,0
10826,764,761,3
10827,210,210,0
10828,51,51,0
10829,79,79,0
10830,54,54,0
10831,629,629,0
10832,200,200,0
10833,185,185,0
10834,88,88,0
10835,130,129,1
10836,542,542,0
10837,248,245,3
10838,1050,1050,0
10839,143,143,0
10840,183,183,0
10841,161,159,2
10842,258,258,0
10843,131,131,0
10844,285,283,2
10845,140,138,2
10846,165,165,0
10847,209,209,0
10848,97,95,2
10849,76,76,0
10850,150,150,0
10851,239,239,0
10852,196,196,0
10853,136,136,0
10854,343,342,1
10855,142,142,0
10856,134,132,2
10857,186,186,0
10858,148,148,0
10859,141,140,1
10860,158,157,1
10861,108,107,1
10862,118,117,1
10863,130,130,0
10864,86,86,0
10865,159,159,0
10866,108,108,0
10867,126,124,2
10868,210,210,0
10869,168,168,0
10870,333,330,3
10871,106,106,0
10872,138,137,1
10873,43,43,0
10874,43,43,0
10875,86,86,0
10876,223,223,0
10877,141,141,0
10878,135,123,12
10879,210,208,2
10880,178,177,1
10881,372,372,0
10882,123,123,0
10883,145,145,0
10884,147,146,1
10885,98,96,2
10886,152,150,2
10887,528,523,5
10888,364,364,0
10889,179,179,0
10890,174,172,2
10891,140,140,0
10892,162,162,0
10893,221,221,0
10894,89,89,0
10895,327,326,1
10896,133,133,0
10897,160,160,0
10898,132,132,0
10899,116,116,0
10900,144,143,1
10901,258,255,3
10902,107,103,4
10903,259,257,2
10904,71,69,2
10905,92,92,0
10906,144,143,1
10907,165,165,0
10908,86,86,0
10909,131,131,0
10910,241,241,0
10911,171,169,2
10912,151,151,0
10913,191,190,1
10914,424,424,0
10915,246,241,5
10916,58,58,0
10917,58,58,0
10918,86,86,0
10919,244,244,0
10920,252,252,0
10921,30,30,0
10922,109,107,2
10923,106,104,2
10924,263,263,0
10925,54,54,0
10926,270,269,1
10927,171,168,3
10928,372,372,0
10929,210,210,0
10930,326,324,2
10931,264,264,0
10932,114,114,0
10933,140,140,0
10934,171,171,0
10935,136,136,0
10936,148,146,2
10937,125,125,0
10938,113,113,0
10939,314,313,1
10940,525,524,1
10941,138,138,0
10942,150,150,0
10943,204,204,0
10944,269,269,0
10945,197,196,1
10946,207,207,0
10947,343,343,0
10948,84,83,1
10949,141,137,4
10950,119,118,1
10951,164,164,0
10952,131,131,0
10953,153,153,0
10954,173,169,4
10955,114,114,0
10956,278,278,0
10957,201,201,0
10958,369,365,4
10959,127,127,0
10960,176,176,0
10961,613,608,5
10962,269,269,0
10963,311,311,0
10964,390,390,0
10965,200,200,0
10966,182,182,0
10967,19,19,0
10968,140,139,1
10969,327,327,0
10970,433,432,1
10971,250,250,0
10972,322,321,1
10973,65,64,1
10974,151,151,0
10975,488,481,7
10976,172,172,0
10977,633,628,5
10978,706,701,5
10979,80,80,0
10980,120,120,0
10981,171,170,1
10982,66,66,0
10983,113,112,1
10984,364,364,0
10985,349,349,0
10986,144,144,0
10987,196,196,0
10988,166,164,2
10989,573,572,1
10990,212,212,0
10991,93,93,0
10992,397,396,1
10993,578,573,5
10994,295,294,1
10995,76,76,0
10996,273,272,1
10997,284,284,0
10998,70,69,1
10999,79,79,0
11000,167,167,0
11001,470,470,0
11002,342,342,0
11003,169,169,0
11004,188,185,3
11005,935,934,1
11006,169,169,0
11007,421,421,0
11008,166,166,0
11009,168,168,0
11010,184,184,0
11011,167,164,3
11012,312,311,1
11013,92,90,2
11014,257,253,4
11015,216,214,2
11016,365,361,4
11017,371,371,0
11018,926,922,4
11019,190,188,2
11020,511,511,0
11021,952,944,8
11022,703,697,6
11023,329,329,0
11024,1002,999,3
11025,79,78,1
11026,195,195,0
11027,121,121,0
11028,78,78,0
11029,172,172,0
11030,179,179,0
11031,122,122,0
11032,360,359,1
11033,282,282,0
11034,167,167,0
11035,447,445,2
11036,137,136,1
11037,449,449,0
11038,84,84,0
11039,236,235,1
11040,302,300,2
11041,92,92,0
11042,84,84,0
11043,306,305,1
11044,204,203,1
11045,155,154,1
11046,172,172,0
11047,171,171,0
11048,57,56,1
11049,123,121,2
11050,143,142,1
11051,133,132,1
11052,48,48,0
11053,136,136,0
11054,131,131,0
11055,164,163,1
11056,307,307,0
11057,221,217,4
11058,139,138,1
11059,213,213,0
11060,230,229,1
11061,370,369,1
11062,345,342,3
11063,114,114,0
11064,140,140,0
11065,288,288,0
11066,130,130,0
11067,141,140,1
11068,687,668,19
11069,44,44,0
11070,37,37,0
11071,69,69,0
11072,30,30,0
11073,152,152,0
11074,58,58,0
11075,103,103,0
11076,391,389,2
11077,458,454,4
11078,129,129,0
11079,150,150,0
11080,60,59,1
11081,62,62,0
11082,87,87,0
11083,251,250,1
11084,144,144,0
11085,535,535,0
11086,152,152,0
11087,479,479,0
11088,169,169,0
11089,733,731,2
11090,534,534,0
11091,201,196,5
11092,135,135,0
11093,1031,1031,0
11094,303,303,0
11095,139,139,0
11096,66,65,1
11097,190,190,0
11098,184,182,2
11099,91,90,1
11100,129,129,0
11101,713,713,0
11102,114,114,0
11103,107,107,0
11104,244,242,2
11105,47,47,0
11106,298,298,0
11107,95,95,0
11108,184,184,0
11109,125,124,1
11110,252,252,0
11111,472,471,1
11112,301,301,0
11113,139,139,0
11114,170,170,0
11115,478,477,1
11116,211,211,0
11117,181,180,1
11118,395,393,2
11119,696,693,3
11120,173,173,0
11121,168,168,0
11122,140,139,1
11123,122,122,0
11124,119,119,0
11125,131,131,0
11126,200,199,1
11127,396,395,1
11128,199,199,0
11129,220,220,0
11130,160,160,0
11131,187,186,1
11132,157,154,3
11133,288,288,0
11134,342,341,1
11135,332,331,1
11136,329,328,1
11137,225,225,0
11138,153,153,0
11139,46,46,0
11140,482,482,0
11141,402,401,1
11142,78,78,0
11143,147,147,0
11144,296,295,1
11145,381,378,3
11146,177,176,1
11147,478,477,1
11148,831,825,6
11149,591,585,6
11150,155,153,2
11151,321,321,0
11152,32,32,0
11153,161,160,1
11154,92,92,0
11155,64,64,0
11156,194,194,0
11157,45,45,0
11158,201,200,1
11159,85,84,1
11160,652,648,4
11161,66,66,0
11162,506,504,2
11163,102,101,1
11164,809,809,0
11165,176,176,0
11166,349,348,1
11167,178,178,0
11168,195,193,2
11169,266,265,1
11170,213,210,3
11171,160,159,1
11172,381,379,2
11173,267,266,1
11174,516,512,4
11175,111,110,1
11176,290,288,2
11177,233,233,0
11178,356,355,1
11179,250,249,1
11180,170,170,0
11181,440,434,6
11182,348,341,7
11183,208,207,1
11184,552,551,1
11185,583,581,2
11186,51,51,0
11187,85,82,3
11188,154,154,0
11189,353,350,3
11190,112,112,0
11191,148,147,1
11192,115,112,3
11193,107,107,0
11194,169,168,1
11195,120,119,1
11196,137,137,0
11197,205,205,0
11198,129,128,1
11199,169,169,0
11200,374,369,5
11201,264,259,5
11202,191,191,0
11203,60,60,0
11204,295,295,0
11205,143,141,2
11206,148,147,1
11207,159,159,0
11208,282,281,1
11209,443,440,3
11210,203,203,0
11211,101,100,1
11212,711,710,1
11213,144,144,0
11214,691,690,1
11215,137,137,0
11216,139,139,0
11217,152,151,1
11218,410,409,1
11219,258,258,0
11220,263,263,0
11221,226,226,0
11222,231,231,0
11223,591,591,0
11224,364,363,1
11225,650,649,1
11226,170,170,0
11227,293,293,0
11228,219,219,0
11229,633,633,0
11230,469,466,3
11231,626,626,0
11232,970,970,0
11233,277,276,1
11234,499,498,1
11235,304,304,0
11236,577,577,0
11237,633,631,2
11238,133,133,0
11239,106,105,1
11240,101,100,1
11241,92,92,0
11242,346,345,1
11243,542,541,1
11244,145,145,0
11245,158,158,0
11246,318,318,0
11247,139,139,0
11248,50,49,1
11249,44,43,1
11250,174,174,0
11251,59,59,0
11252,83,83,0
11253,731,724,7
11254,272,272,0
11255,462,462,0
11256,231,230,1
11257,350,347,3
11258,146,146,0
11259,59,59,0
11260,129,129,0
11261,73,73,0
11262,86,86,0
11263,161,161,0
11264,251,251,0
11265,71,71,0
11266,122,122,0
11267,101,101,0
11268,123,123,0
11269,51,51,0
11270,137,137,0
11271,135,135,0
11272,130,130,0
11273,264,264,0
11274,545,545,0
11275,85,85,0
11276,168,168,0
11277,139,139,0
11278,1012,1007,5
11279,126,126,0
11280,256,255,1
11281,458,454,4
11282,218,218,0
11283,161,154,7
11284,121,121,0
11285,172,172,0
11286,145,145,0
11287,116,116,0
11288,224,224,0
11289,308,308,0
11290,257,257,0
11291,99,97,2
11292,125,124,1
11293,495,495,0
11294,171,171,0
11295,197,196,1
11296,95,95,0
11297,326,326,0
11298,59,59,0
11299,282,280,2
11300,150,149,1
11301,161,161,0
11302,126,126,0
11303,127,127,0
11304,293,292,1
11305,303,303,0
11306,347,344,3
11307,775,769,6
11308,162,160,2
11309,122,122,0
11310,593,588,5
11311,300,299,1
11312,314,314,0
11313,296,296,0
11314,282,282,0
11315,514,510,4
11316,137,137,0
11317,65,65,0
11318,155,155,0
11319,160,160,0
11320,1009,1005,4
11321,229,228,1
11322,168,168,0
11323,164,163,1
11324,207,204,3
11325,133,131,2
11326,129,127,2
11327,112,111,1
11328,72,71,1
11329,107,107,0
11330,74,74,0
11331,242,242,0
11332,248,248,0
11333,714,703,11
11334,252,252,0
11335,425,423,2
11336,563,556,7
11337,275,273,2
11338,119,119,0
11339,154,154,0
11340,108,108,0
11341,164,161,3
11342,139,139,0
11343,144,143,1
11344,268,267,1
11345,453,453,0
11346,270,269,1
11347,218,217,1
11348,80,79,1
11349,174,171,3
11350,394,394,0
11351,133,133,0
11352,231,231,0
11353,953,949,4
11354,256,255,1
11355,258,258,0
11356,275,274,1
11357,171,167,4
11358,124,123,1
11359,428,427,1
11360,365,365,0
11361,148,148,0
11362,723,708,15
11363,193,192,1
11364,231,221,10
11365,616,612,4
11366,300,299,1
11367,125,125,0
11368,125,125,0
11369,130,129,1
11370,125,125,0
11371,116,114,2
11372,284,283,1
11373,272,272,0
11374,454,454,0
11375,138,137,1
11376,637,636,1
11377,147,146,1
11378,146,146,0
11379,168,167,1
11380,416,414,2
11381,285,284,1
11382,617,616,1
11383,416,414,2
11384,44,44,0
11385,215,214,1
11386,455,448,7
11387,194,194,0
11388,89,89,0
11389,64,64,0
11390,52,52,0
11391,49,49,0
11392,228,228,0
11393,90,88,2
11394,44,44,0
11395,48,48,0
11396,45,45,0
11397,68,68,0
11398,133,133,0
11399,131,130,1
11400,150,149,1
11401,171,170,1
11402,483,481,2
11403,138,138,0
11404,169,169,0
11405,234,233,1
11406,47,47,0
11407,128,127,1
11408,326,326,0
11409,98,98,0
11410,122,122,0
11411,117,117,0
11412,126,126,0
11413,89,89,0
11414,82,82,0
11415,200,199,1
11416,79,79,0
11417,59,59,0
11418,77,77,0
11419,48,47,1
11420,73,72,1
11421,135,134,1
11422,112,112,0
11423,930,926,4
11424,54,54,0
11425,140,140,0
11426,127,126,1
11427,124,124,0
11428,57,57,0
11429,639,638,1
11430,125,125,0
11431,164,164,0
11432,320,310,10
11433,174,174,0
11434,374,373,1
11435,161,161,0
11436,373,372,1
11437,139,139,0
11438,218,217,1
11439,269,267,2
11440,457,457,0
11441,275,272,3
11442,538,537,1
11443,144,142,2
11444,161,159,2
11445,182,180,2
11446,214,214,0
11447,135,135,0
11448,375,373,2
11449,159,159,0
11450,115,114,1
11451,96,96,0
11452,103,102,1
11453,175,175,0
11454,962,953,9
11455,132,132,0
11456,206,206,0
11457,137,136,1
11458,444,440,4
11459,176,176,0
11460,601,601,0
11461,253,253,0
11462,154,154,0
11463,192,192,0
11464,359,359,0
11465,352,345,7
11466,370,368,2
11467,125,124,1
11468,315,315,0
11469,229,229,0
11470,162,160,2
11471,129,129,0
11472,198,196,2
11473,236,233,3
11474,120,120,0
11475,116,116,0
11476,118,118,0
11477,158,158,0
11478,96,95,1
11479,460,457,3
11480,225,225,0
11481,228,225,3
11482,126,126,0
11483,167,167,0
11484,267,265,2
11485,636,634,2
11486,986,984,2
11487,268,266,2
11488,312,312,0
11489,187,186,1
11490,126,125,1
11491,165,165,0
11492,129,129,0
11493,155,154,1
11494,143,143,0
11495,183,183,0
11496,115,114,1
11497,39,39,0
11498,255,251,4
11499,170,170,0
11500,132,130,2
11501,378,374,4
11502,343,341,2
11503,180,174,6
11504,138,138,0
11505,242,240,2
11506,170,167,3
11507,412,411,1
11508,195,192,3
11509,176,174,2
11510,193,192,1
11511,108,108,0
11512,111,108,3
11513,163,163,0
11514,195,194,1
11515,233,231,2
11516,144,143,1
11517,256,256,0
11518,123,123,0
11519,135,132,3
11520,116,116,0
11521,417,415,2
11522,135,135,0
11523,357,355,2
11524,121,120,1
11525,220,218,2
11526,109,108,1
11527,38,38,0
11528,75,75,0
11529,146,144,2
11530,213,212,1
11531,180,179,1
11532,314,309,5
11533,534,534,0
11534,127,126,1
11535,296,296,0
11536,200,198,2
11537,158,158,0
11538,174,173,1
11539,279,279,0
11540,131,130,1
11541,122,121,1
11542,145,145,0
11543,408,404,4
11544,143,143,0
11545,309,309,0
11546,134,134,0
11547,305,305,0
11548,112,111,1
11549,261,257,4
11550,363,360,3
11551,324,323,1
11552,449,449,0
11553,110,110,0
11554,201,197,4
11555,54,54,0
11556,110,109,1
11557,209,209,0
11558,181,181,0
11559,152,152,0
11560,168,168,0
11561,167,167,0
11562,130,130,0
11563,353,353,0
11564,469,464,5
11565,165,165,0
11566,60,60,0
11567,490,490,0
11568,170,169,1
11569,314,314,0
11570,418,418,0
11571,222,222,0
11572,242,242,0
11573,115,115,0
11574,158,158,0
11575,163,160,3
11576,960,952,8
11577,752,749,3
11578,366,366,0
11579,323,323,0
11580,167,167,0
11581,182,182,0
11582,1006,1003,3
11583,260,260,0
11584,112,112,0
11585,72,72,0
11586,123,123,0
11587,198,198,0
11588,1008,1001,7
11589,197,196,1
11590,356,355,1
11591,344,344,0
11592,551,550,1
11593,173,173,0
11594,279,278,1
11595,411,410,1
11596,216,216,0
11597,466,465,1
11598,247,245,2
11599,185,184,1
11600,449,445,4
11601,358,356,2
11602,129,127,2
11603,132,129,3
11604,351,348,3
11605,146,146,0
11606,184,182,2
11607,121,120,1
11608,268,268,0
11609,198,198,0
11610,138,138,0
11611,163,162,1
11612,159,159,0
11613,174,174,0
11614,206,203,3
11615,427,421,6
11616,337,337,0
11617,199,199,0
11618,326,319,7
11619,119,119,0
11620,237,237,0
11621,78,78,0
11622,164,164,0
11623,114,114,0
11624,142,138,4
11625,151,149,2
11626,757,750,7
11627,403,401,2
11628,62,62,0
11629,263,258,5
11630,141,141,0
11631,118,116,2
11632,773,771,2
11633,147,147,0
11634,268,268,0
11635,699,692,7
11636,307,307,0
11637,152,152,0
11638,113,113,0
11639,626,625,1
11640,306,305,1
11641,690,686,4
11642,477,468,9
11643,292,292,0
11644,346,346,0
11645,212,210,2
11646,313,310,3
11647,176,175,1
11648,150,147,3
11649,371,369,2
11650,176,171,5
11651,128,127,1
11652,139,139,0
11653,185,185,0
11654,152,152,0
11655,129,129,0
11656,138,137,1
11657,277,275,2
11658,189,189,0
11659,155,155,0
11660,245,245,0
11661,249,249,0
11662,205,205,0
11663,306,306,0
11664,205,204,1
11665,124,122,2
11666,196,196,0
11667,122,122,0
11668,43,43,0
11669,142,142,0
11670,156,156,0
11671,158,157,1
11672,58,58,0
11673,148,148,0
11674,436,435,1
11675,127,127,0
11676,425,424,1
11677,259,251,8
11678,1005,1004,1
11679,165,164,1
11680,175,175,0
11681,636,630,6
11682,362,360,2
11683,320,315,5
11684,150,150,0
11685,418,418,0
11686,294,294,0
11687,100,100,0
11688,185,184,1
11689,264,264,0
11690,133,133,0
11691,176,176,0
11692,302,301,1
11693,849,842,7
11694,168,167,1
11695,222,221,1
11696,135,134,1
11697,207,206,1
11698,151,150,1
11699,145,144,1
11700,261,261,0
11701,134,134,0
11702,468,460,8
11703,329,328,1
11704,141,139,2
11705,667,666,1
11706,228,228,0
11707,407,406,1
11708,352,352,0
11709,255,255,0
11710,562,561,1
11711,127,126,1
11712,128,126,2
11713,115,115,0
11714,293,293,0
11715,242,242,0
11716,182,182,0
11717,48,48,0
11718,64,63,1
11719,335,334,1
11720,240,238,2
11721,101,100,1
11722,212,209,3
11723,249,249,0
11724,120,120,0
11725,135,135,0
11726,135,135,0
11727,102,98,4
11728,110,110,0
11729,153,153,0
11730,130,130,0
11731,130,130,0
11732,184,184,0
11733,127,127,0
11734,142,141,1
11735,154,154,0
11736,166,166,0
11737,113,113,0
11738,131,129,2
11739,333,331,2
11740,159,159,0
11741,113,113,0
11742,189,188,1
11743,227,225,2
11744,196,196,0
11745,104,104,0
11746,143,143,0
11747,151,151,0
11748,222,219,3
11749,156,156,0
11750,426,426,0
11751,167,167,0
11752,197,196,1
11753,166,166,0
11754,258,258,0
11755,171,171,0
11756,120,119,1
11757,34,34,0
11758,303,303,0
11759,172,172,0
11760,394,384,10
11761,165,163,2
11762,135,135,0
11763,196,191,5
11764,148,141,7
11765,301,301,0
11766,151,151,0
11767,130,130,0
11768,226,224,2
11769,387,387,0
11770,505,503,2
11771,506,500,6
11772,156,156,0
11773,649,645,4
11774,763,760,3
11775,580,580,0
11776,441,438,3
11777,179,173,6
11778,526,526,0
11779,116,115,1
11780,166,166,0
11781,529,524,5
11782,563,562,1
11783,875,875,0
11784,207,205,2
11785,509,507,2
11786,168,168,0
11787,50,50,0
11788,661,657,4
11789,134,134,0
11790,334,333,1
11791,164,164,0
11792,1006,1003,3
11793,190,190,0
11794,498,498,0
11795,276,276,0
11796,165,165,0
11797,90,90,0
11798,595,595,0
11799,331,327,4
11800,138,138,0
11801,92,92,0
11802,153,153,0
11803,598,597,1
11804,85,85,0
11805,28,28,0
11806,124,124,0
11807,85,85,0
11808,173,173,0
11809,248,248,0
11810,398,398,0
11811,124,124,0
11812,444,440,4
11813,418,418,0
11814,431,429,2
11815,332,329,3
11816,420,420,0
11817,222,222,0
11818,212,210,2
11819,196,196,0
11820,204,204,0
11821,95,94,1
11822,187,186,1
11823,236,235,1
11824,151,151,0
11825,506,505,1
11826,106,106,0
11827,252,252,0
11828,313,311,2
11829,249,249,0
11830,128,128,0
11831,359,358,1
11832,140,140,0
11833,300,300,0
11834,202,202,0
11835,165,165,0
11836,145,145,0
11837,296,296,0
11838,115,115,0
11839,246,245,1
11840,501,497,4
11841,446,445,1
11842,108,108,0
11843,207,207,0
11844,167,167,0
11845,150,150,0
11846,76,76,0
11847,391,391,0
11848,235,235,0
11849,668,668,0
11850,564,563,1
11851,297,296,1
11852,135,134,1
11853,144,143,1
11854,178,178,0
11855,338,337,1
11856,456,455,1
11857,68,68,0
11858,153,152,1
11859,244,242,2
11860,128,127,1
11861,113,113,0
11862,871,869,2
11863,191,190,1
11864,154,154,0
11865,77,77,0
11866,160,157,3
11867,149,149,0
11868,208,207,1
11869,152,152,0
11870,174,174,0
11871,417,417,0
11872,700,698,2
11873,677,675,2
11874,417,416,1
11875,256,255,1
11876,52,52,0
11877,155,155,0
11878,125,124,1
11879,519,514,5
11880,176,176,0
11881,906,904,2
11882,210,209,1
11883,128,128,0
11884,281,281,0
11885,172,172,0
11886,299,299,0
11887,848,848,0
11888,246,246,0
11889,149,149,0
11890,373,373,0
11891,219,218,1
11892,392,392,0
11893,690,687,3
11894,273,273,0
11895,560,558,2
11896,278,277,1
11897,185,185,0
11898,573,572,1
11899,207,207,0
11900,209,209,0
11901,123,123,0
11902,423,423,0
11903,302,298,4
11904,157,157,0
11905,344,343,1
11906,149,149,0
11907,204,204,0
11908,391,391,0
11909,375,374,1
11910,148,148,0
11911,236,236,0
11912,843,843,0
11913,167,167,0
11914,208,207,1
11915,282,282,0
11916,183,180,3
11917,143,140,3
11918,225,225,0
11919,132,131,1
11920,160,160,0
11921,38,35,3
11922,70,70,0
11923,153,150,3
11924,117,117,0
11925,59,57,2
11926,70,70,0
11927,94,94,0
11928,43,43,0
11929,169,167,2
11930,140,139,1
11931,137,137,0
11932,204,203,1
11933,144,144,0
11934,158,158,0
11935,118,118,0
11936,306,306,0
11937,379,379,0
11938,484,481,3
11939,203,203,0
11940,206,204,2
11941,95,95,0
11942,86,84,2
11943,135,135,0
11944,121,121,0
11945,167,167,0
11946,54,53,1
11947,65,64,1
11948,188,183,5
11949,50,49,1
11950,204,202,2
11951,420,419,1
11952,200,197,3
11953,171,169,2
11954,96,96,0
11955,219,219,0
11956,149,147,2
11957,167,167,0
11958,126,126,0
11959,92,92,0
11960,258,258,0
11961,174,174,0
11962,54,54,0
11963,117,117,0
11964,380,379,1
11965,187,186,1
11966,212,212,0
11967,203,203,0
11968,292,291,1
11969,242,241,1
11970,652,652,0
11971,377,376,1
11972,469,469,0
11973,135,135,0
11974,521,520,1
11975,318,318,0
11976,284,284,0
11977,161,161,0
11978,552,552,0
11979,274,274,0
11980,495,491,4
11981,384,383,1
11982,345,345,0
11983,224,223,1
11984,289,288,1
11985,411,410,1
11986,123,123,0
11987,187,187,0
11988,289,288,1
11989,244,244,0
11990,202,202,0
11991,237,237,0
11992,108,108,0
11993,274,271,3
11994,415,413,2
11995,136,134,2
11996,146,142,4
11997,159,158,1
11998,544,543,1
11999,109,107,2
12000,121,121,0
12001,44,43,1
12002,34,33,1
12003,186,185,1
12004,148,145,3
12005,167,165,2
12006,153,150,3
12007,155,155,0
12008,651,649,2
12009,56,56,0
12010,416,415,1
12011,201,197,4
12012,538,538,0
12013,119,118,1
12014,155,155,0
12015,338,338,0
12016,212,212,0
12017,369,369,0
12018,343,342,1
12019,389,389,0
12020,176,175,1
12021,805,805,0
12022,623,622,1
12023,528,526,2
12024,403,403,0
12025,126,126,0
12026,546,546,0
12027,112,112,0
12028,846,842,4
12029,80,80,0
12030,463,458,5
12031,47,47,0
12032,481,478,3
12033,111,109,2
12034,177,176,1
12035,354,353,1
12036,126,126,0
12037,150,150,0
12038,126,126,0
12039,153,147,6
12040,152,151,1
12041,247,242,5
12042,76,76,0
12043,363,363,0
12044,119,117,2
12045,270,264,6
12046,128,128,0
12047,136,132,4
12048,283,282,1
12049,121,121,0
12050,159,159,0
12051,193,193,0
12052,116,116,0
12053,292,291,1
12054,129,129,0
12055,198,198,0
12056,223,221,2
12057,244,244,0
12058,138,135,3
12059,116,116,0
12060,213,212,1
12061,169,169,0
12062,291,290,1
12063,57,54,3
12064,148,148,0
12065,152,151,1
12066,109,107,2
12067,327,325,2
12068,105,105,0
12069,180,179,1
12070,53,53,0
12071,105,105,0
12072,286,285,1
12073,381,378,3
12074,148,147,1
12075,129,129,0
12076,445,443,2
12077,136,136,0
12078,411,408,3
12079,121,121,0
12080,310,307,3
12081,126,126,0
12082,111,111,0
12083,169,169,0
12084,69,69,0
12085,236,236,0
12086,459,458,1
12087,278,275,3
12088,138,138,0
12089,98,98,0
12090,168,168,0
12091,197,195,2
12092,491,491,0
12093,69,69,0
12094,320,320,0
12095,113,113,0
12096,147,146,1
12097,69,66,3
12098,283,281,2
12099,73,72,1
12100,63,63,0
12101,113,113,0
12102,118,117,1
12103,162,162,0
12104,139,139,0
12105,137,137,0
12106,95,95,0
12107,81,80,1
12108,109,109,0
12109,331,330,1
12110,385,372,13
12111,193,193,0
12112,681,681,0
12113,573,566,7
12114,168,168,0
12115,460,457,3
12116,44,43,1
12117,632,616,16
12118,573,573,0
12119,125,125,0
12120,342,335,7
12121,233,233,0
12122,260,260,0
12123,83,83,0
12124,35,35,0
12125,115,115,0
12126,130,130,0
12127,110,108,2
12128,52,50,2
12129,81,79,2
12130,87,86,1
12131,224,222,2
12132,170,170,0
12133,154,148,6
12134,136,135,1
12135,232,231,1
12136,402,401,1
12137,344,344,0
12138,156,156,0
12139,129,129,0
12140,156,154,2
12141,57,57,0
12142,883,871,12
12143,42,42,0
12144,86,86,0
12145,175,175,0
12146,89,88,1
12147,104,104,0
12148,48,48,0
12149,193,193,0
12150,186,186,0
12151,896,895,1
12152,58,58,0
12153,917,908,9
12154,238,237,1
12155,51,51,0
12156,69,69,0
12157,127,127,0
12158,88,88,0
12159,132,132,0
12160,88,88,0
12161,87,87,0
12162,356,356,0
12163,123,123,0
12164,319,317,2
12165,181,180,1
12166,285,285,0
12167,669,668,1
12168,171,170,1
12169,169,169,0
12170,400,399,1
12171,832,830,2
12172,379,378,1
12173,140,140,0
12174,194,191,3
12175,128,127,1
12176,344,344,0
12177,120,120,0
12178,218,218,0
12179,123,123,0
12180,277,277,0
12181,614,610,4
12182,129,129,0
12183,154,152,2
12184,268,268,0
12185,259,259,0
12186,156,156,0
12187,429,429,0
12188,110,109,1
12189,128,128,0
12190,677,675,2
12191,403,402,1
12192,171,171,0
12193,291,289,2
12194,174,174,0
12195,113,113,0
12196,113,113,0
12197,313,312,1
12198,188,188,0
12199,374,374,0
12200,463,463,0
12201,240,239,1
12202,130,129,1
12203,273,273,0
12204,264,264,0
12205,175,174,1
12206,117,116,1
12207,135,135,0
12208,158,157,1
12209,188,188,0
12210,469,469,0
12211,165,165,0
12212,212,211,1
12213,600,588,12
12214,233,233,0
12215,138,138,0
12216,283,283,0
12217,221,221,0
12218,104,104,0
12219,127,127,0
12220,407,406,1
12221,76,76,0
12222,631,627,4
12223,189,188,1
12224,190,187,3
12225,72,72,0
12226,118,118,0
12227,49,49,0
12228,84,82,2
12229,153,152,1
12230,130,129,1
12231,845,839,6
12232,128,126,2
12233,108,107,1
12234,362,361,1
12235,143,143,0
12236,99,99,0
12237,171,170,1
12238,676,672,4
12239,563,562,1
12240,144,143,1
12241,109,109,0
12242,174,174,0
12243,127,127,0
12244,182,182,0
12245,194,192,2
12246,257,255,2
12247,100,99,1
12248,163,163,0
12249,573,568,5
12250,92,91,1
12251,370,370,0
12252,258,258,0
12253,803,802,1
12254,110,108,2
12255,637,633,4
12256,360,355,5
12257,312,311,1
12258,503,503,0
12259,234,234,0
12260,112,112,0
12261,180,180,0
12262,134,134,0
12263,126,124,2
12264,418,415,3
12265,371,370,1
12266,122,122,0
12267,138,138,0
12268,117,116,1
12269,179,179,0
12270,247,247,0
12271,381,380,1
12272,346,346,0
12273,521,516,5
12274,70,70,0
12275,139,139,0
12276,94,94,0
12277,563,561,2
12278,336,336,0
12279,560,559,1
12280,168,165,3
12281,272,272,0
12282,341,338,3
12283,261,260,1
12284,97,97,0
12285,692,690,2
12286,416,415,1
12287,382,381,1
12288,131,131,0
12289,410,409,1
12290,320,320,0
12291,123,123,0
12292,167,165,2
12293,74,74,0
12294,82,82,0
12295,136,136,0
12296,435,432,3
12297,143,139,4
12298,55,55,0
12299,191,191,0
12300,279,279,0
12301,186,186,0
12302,174,174,0
12303,108,108,0
12304,128,128,0
12305,367,366,1
12306,36,35,1
12307,98,98,0
12308,207,207,0
12309,122,119,3
12310,320,320,0
12311,167,159,8
12312,168,166,2
12313,313,313,0
12314,82,82,0
12315,213,212,1
12316,143,143,0
12317,491,487,4
12318,124,122,2
12319,113,113,0
12320,66,66,0
12321,304,303,1
12322,301,301,0
12323,431,431,0
12324,198,198,0
12325,91,91,0
12326,113,113,0
12327,198,197,1
12328,83,83,0
12329,88,86,2
12330,84,84,0
12331,196,195,1
12332,172,172,0
12333,91,91,0
12334,277,277,0
12335,56,55,1
12336,56,56,0
12337,123,122,1
12338,105,105,0
12339,67,67,0
12340,207,207,0
12341,152,152,0
12342,174,174,0
12343,119,118,1
12344,611,609,2
12345,258,258,0
12346,210,208,2
12347,256,255,1
12348,90,90,0
12349,123,123,0
12350,298,298,0
12351,231,231,0
12352,202,200,2
12353,137,136,1
12354,249,249,0
12355,139,137,2
12356,85,85,0
12357,239,238,1
12358,115,115,0
12359,206,206,0
12360,64,64,0
12361,191,191,0
12362,84,84,0
12363,467,462,5
12364,40,40,0
12365,204,204,0
12366,355,355,0
12367,323,318,5
12368,146,146,0
12369,305,300,5
12370,86,81,5
12371,124,124,0
12372,190,189,1
12373,183,183,0
12374,310,306,4
12375,77,77,0
12376,214,213,1
12377,434,431,3
12378,173,173,0
12379,213,211,2
12380,194,193,1
12381,294,288,6
12382,229,229,0
12383,193,192,1
12384,164,164,0
12385,537,535,2
12386,119,119,0
12387,117,117,0
12388,318,316,2
12389,570,566,4
12390,863,858,5
12391,340,339,1
12392,388,387,1
12393,292,291,1
12394,116,115,1
12395,336,335,1
12396,425,423,2
12397,231,229,2
12398,122,122,0
12399,46,46,0
12400,49,48,1
12401,128,128,0
12402,129,129,0
12403,235,227,8
12404,126,126,0
12405,359,357,2
12406,141,141,0
12407,487,487,0
12408,106,106,0
12409,324,324,0
12410,710,705,5
12411,154,153,1
12412,138,138,0
12413,1016,1016,0
12414,343,343,0
12415,146,146,0
12416,214,210,4
12417,251,250,1
12418,514,511,3
12419,218,215,3
12420,87,87,0
12421,161,161,0
12422,159,159,0
12423,307,307,0
12424,147,147,0
12425,462,460,2
12426,365,362,3
12427,127,127,0
12428,211,211,0
12429,295,293,2
12430,139,139,0
12431,158,157,1
12432,126,126,0
12433,172,172,0
12434,110,110,0
12435,165,165,0
12436,186,186,0
12437,132,132,0
12438,80,80,0
12439,66,65,1
12440,155,155,0
12441,134,134,0
12442,136,135,1
12443,55,55,0
12444,140,139,1
12445,194,191,3
12446,42,41,1
12447,86,86,0
12448,149,148,1
12449,751,746,5
12450,247,247,0
12451,245,245,0
12452,123,123,0
12453,76,74,2
12454,229,229,0
12455,226,225,1
12456,194,191,3
12457,159,159,0
12458,325,324,1
12459,193,193,0
12460,186,185,1
12461,221,220,1
12462,161,161,0
12463,208,208,0
12464,76,74,2
12465,52,52,0
12466,61,60,1
12467,198,196,2
12468,128,128,0
12469,146,145,1
12470,61,61,0
12471,132,132,0
12472,586,582,4
12473,184,184,0
12474,149,149,0
12475,127,127,0
12476,189,189,0
12477,625,619,6
12478,189,189,0
12479,161,161,0
12480,390,389,1
12481,120,120,0
12482,116,116,0
12483,150,150,0
12484,158,158,0
12485,349,346,3
12486,131,131,0
12487,305,302,3
12488,167,167,0
12489,119,118,1
12490,85,83,2
12491,153,153,0
12492,95,95,0
12493,149,149,0
12494,180,179,1
12495,117,117,0
12496,52,52,0
12497,425,424,1
12498,187,186,1
12499,171,171,0
12500,114,113,1
12501,778,777,1
12502,142,142,0
12503,153,152,1
12504,401,401,0
12505,104,103,1
12506,327,327,0
12507,159,159,0
12508,68,68,0
12509,288,288,0
12510,343,340,3
12511,146,146,0
12512,101,100,1
12513,138,138,0
12514,174,174,0
12515,134,134,0
12516,67,67,0
12517,87,87,0
12518,132,131,1
12519,181,181,0
12520,20,20,0
12521,471,466,5
12522,187,186,1
12523,174,173,1
12524,115,114,1
12525,848,843,5
12526,227,225,2
12527,192,187,5
12528,494,491,3
12529,234,234,0
12530,127,126,1
12531,321,320,1
12532,301,296,5
12533,156,155,1
12534,507,505,2
12535,342,339,3
12536,234,234,0
12537,157,155,2
12538,248,246,2
12539,110,110,0
12540,188,186,2
12541,112,112,0
12542,117,117,0
12543,225,222,3
12544,345,344,1
12545,251,250,1
12546,729,721,8
12547,214,214,0
12548,387,380,7
12549,116,114,2
12550,132,128,4
12551,157,157,0
12552,162,161,1
12553,689,686,3
12554,179,178,1
12555,245,245,0
12556,174,174,0
12557,195,195,0
12558,197,196,1
12559,171,170,1
12560,162,161,1
12561,355,354,1
12562,194,194,0
12563,978,977,1
12564,135,135,0
12565,174,172,2
12566,161,161,0
12567,115,115,0
12568,141,141,0
12569,208,207,1
12570,138,137,1
12571,143,142,1
12572,52,52,0
12573,136,135,1
12574,1037,1017,20
12575,160,158,2
12576,335,332,3
12577,458,458,0
12578,141,140,1
12579,317,316,1
12580,244,243,1
12581,363,361,2
12582,54,54,0
12583,191,191,0
12584,298,297,1
12585,414,414,0
12586,134,133,1
12587,533,529,4
12588,216,216,0
12589,136,136,0
12590,129,128,1
12591,171,171,0
12592,97,97,0
12593,221,221,0
12594,105,105,0
12595,56,56,0
12596,87,86,1
12597,177,176,1
12598,693,691,2
12599,129,129,0
12600,149,149,0
12601,129,129,0
12602,322,321,1
12603,201,201,0
12604,200,199,1
12605,191,191,0
12606,127,127,0
12607,213,213,0
12608,114,114,0
12609,152,152,0
12610,327,327,0
12611,115,113,2
12612,94,94,0
12613,201,201,0
12614,228,228,0
12615,277,276,1
12616,305,305,0
12617,426,424,2
12618,250,249,1
12619,185,185,0
12620,693,691,2
12621,165,165,0
12622,204,204,0
12623,227,227,0
12624,177,177,0
12625,250,249,1
12626,150,150,0
12627,141,141,0
12628,128,128,0
12629,103,103,0
12630,192,192,0
12631,62,62,0
12632,135,135,0
12633,209,209,0
12634,145,145,0
12635,124,124,0
12636,205,204,1
12637,578,573,5
12638,140,140,0
12639,599,596,3
12640,575,574,1
12641,157,157,0
12642,349,347,2
12643,183,182,1
12644,132,132,0
12645,306,306,0
12646,157,157,0
12647,313,311,2
12648,131,131,0
12649,229,227,2
12650,164,164,0
12651,215,215,0
12652,170,169,1
12653,186,185,1
12654,211,210,1
12655,210,209,1
12656,100,100,0
12657,413,405,8
12658,577,573,4
12659,170,170,0
12660,194,191,3
12661,121,120,1
12662,189,189,0
12663,110,110,0
12664,669,667,2
12665,293,291,2
12666,105,105,0
12667,146,146,0
12668,598,593,5
12669,80,80,0
12670,203,203,0
12671,124,124,0
12672,330,329,1
12673,138,137,1
12674,185,185,0
12675,176,176,0
12676,737,733,4
12677,98,98,0
12678,189,188,1
12679,152,147,5
12680,301,299,2
12681,177,177,0
12682,134,133,1
12683,368,368,0
12684,295,291,4
12685,73,73,0
12686,67,67,0
12687,237,237,0
12688,174,174,0
12689,343,343,0
12690,188,187,1
12691,174,174,0
12692,224,222,2
12693,105,105,0
12694,351,347,4
12695,610,608,2
12696,47,47,0
12697,103,103,0
12698,122,122,0
12699,180,179,1
12700,122,122,0
12701,199,194,5
12702,141,141,0
12703,146,146,0
12704,141,140,1
12705,121,120,1
12706,201,200,1
12707,108,107,1
12708,305,305,0
12709,132,132,0
12710,233,233,0
12711,104,101,3
12712,68,68,0
12713,114,112,2
12714,244,243,1
12715,203,202,1
12716,135,135,0
12717,104,100,4
12718,391,390,1
12719,48,48,0
12720,50,50,0
12721,256,256,0
12722,228,228,0
12723,54,54,0
12724,101,101,0
12725,346,346,0
12726,274,273,1
12727,157,157,0
12728,195,194,1
12729,221,220,1
12730,184,183,1
12731,254,252,2
12732,300,300,0
12733,483,480,3
12734,177,175,2
12735,156,156,0
12736,454,453,1
12737,215,215,0
12738,181,181,0
12739,211,210,1
12740,495,495,0
12741,62,61,1
12742,311,311,0
12743,407,407,0
12744,239,239,0
12745,169,168,1
12746,1001,998,3
12747,177,177,0
12748,161,160,1
12749,179,179,0
12750,396,393,3
12751,171,170,1
12752,394,392,2
12753,187,187,0
12754,118,118,0
12755,185,185,0
12756,117,117,0
12757,143,143,0
12758,126,126,0
12759,182,181,1
12760,140,140,0
12761,122,122,0
12762,319,319,0
12763,692,688,4
12764,125,125,0
12765,109,108,1
12766,460,460,0
12767,440,439,1
12768,148,148,0
12769,328,325,3
12770,140,140,0
12771,173,173,0
12772,138,134,4
12773,268,268,0
12774,76,76,0
12775,215,214,1
12776,192,190,2
12777,230,229,1
12778,72,72,0
12779,130,130,0
12780,165,164,1
12781,59,59,0
12782,535,534,1
12783,353,351,2
12784,149,147,2
12785,232,232,0
12786,170,166,4
12787,131,131,0
12788,157,157,0
12789,72,72,0
12790,276,276,0
12791,282,282,0
12792,91,90,1
12793,170,168,2
12794,132,131,1
12795,187,186,1
12796,44,44,0
12797,126,125,1
12798,123,122,1
12799,209,209,0
12800,217,216,1
12801,182,182,0
12802,226,226,0
12803,307,307,0
12804,200,198,2
12805,132,131,1
12806,172,172,0
12807,133,133,0
12808,276,276,0
12809,115,113,2
12810,243,243,0
12811,132,130,2
12812,134,134,0
12813,139,139,0
12814,552,552,0
12815,239,239,0
12816,520,519,1
12817,185,185,0
12818,500,500,0
12819,108,107,1
12820,145,145,0
12821,622,621,1
12822,105,105,0
12823,193,193,0
12824,239,239,0
12825,177,177,0
12826,140,140,0
12827,116,116,0
12828,191,191,0
12829,960,957,3
12830,164,163,1
12831,147,146,1
12832,240,240,0
12833,177,177,0
12834,115,114,1
12835,223,222,1
12836,209,209,0
12837,259,257,2
12838,185,183,2
12839,191,190,1
12840,453,452,1
12841,328,328,0
12842,146,145,1
12843,242,241,1
12844,54,54,0
12845,189,189,0
12846,153,153,0
12847,298,295,3
12848,161,161,0
12849,209,209,0
12850,164,163,1
12851,292,289,3
12852,115,115,0
12853,268,268,0
12854,228,228,0
12855,212,210,2
12856,230,230,0
12857,202,202,0
12858,196,192,4
12859,212,211,1
12860,126,126,0
12861,141,141,0
12862,553,551,2
12863,496,495,1
12864,128,128,0
12865,124,124,0
12866,167,167,0
12867,186,186,0
12868,188,188,0
12869,128,124,4
12870,149,148,1
12871,101,101,0
12872,99,99,0
12873,45,45,0
12874,162,161,1
12875,234,233,1
12876,138,137,1
12877,180,180,0
12878,155,155,0
12879,204,204,0
12880,96,94,2
12881,138,138,0
12882,213,213,0
12883,196,196,0
12884,490,490,0
12885,420,420,0
12886,178,178,0
12887,165,165,0
12888,134,134,0
12889,1006,1000,6
12890,136,136,0
12891,370,368,2
12892,218,218,0
12893,206,206,0
12894,312,312,0
12895,406,404,2
12896,135,135,0
12897,191,191,0
12898,172,172,0
12899,118,118,0
12900,149,149,0
12901,208,208,0
12902,123,123,0
12903,125,125,0
12904,124,124,0
12905,195,195,0
12906,144,144,0
12907,118,117,1
12908,248,248,0
12909,194,194,0
12910,94,91,3
12911,172,172,0
12912,370,369,1
12913,104,104,0
12914,113,111,2
12915,182,180,2
12916,54,54,0
12917,131,131,0
12918,43,43,0
12919,396,396,0
12920,257,257,0
12921,189,189,0
12922,490,490,0
12923,267,267,0
12924,650,634,16
12925,152,152,0
12926,162,162,0
12927,586,584,2
12928,240,240,0
12929,31,30,1
12930,308,308,0
12931,406,406,0
12932,121,121,0
12933,405,405,0
12934,581,581,0
12935,434,431,3
12936,570,567,3
12937,116,115,1
12938,399,396,3
12939,296,295,1
12940,122,122,0
12941,56,56,0
12942,132,132,0
12943,130,130,0
12944,103,103,0
12945,175,175,0
12946,399,398,1
12947,189,189,0
12948,47,47,0
12949,117,115,2
12950,214,213,1
12951,358,358,0
12952,158,158,0
12953,172,172,0
12954,168,167,1
12955,112,112,0
12956,255,255,0
12957,219,219,0
12958,47,44,3
12959,144,143,1
12960,220,220,0
12961,331,331,0
12962,106,106,0
12963,323,322,1
12964,109,109,0
12965,169,169,0
12966,166,165,1
12967,445,444,1
12968,213,212,1
12969,142,141,1
12970,136,136,0
12971,126,126,0
12972,175,175,0
12973,53,53,0
12974,133,133,0
12975,135,135,0
12976,140,138,2
12977,175,174,1
12978,467,463,4
12979,285,284,1
12980,137,136,1
12981,120,120,0
12982,388,386,2
12983,156,155,1
12984,541,537,4
12985,164,163,1
12986,115,115,0
12987,122,119,3
12988,135,135,0
12989,288,288,0
12990,165,165,0
12991,124,124,0
12992,151,151,0
12993,197,196,1
12994,151,151,0
12995,100,97,3
12996,171,171,0
12997,1001,998,3
12998,794,793,1
12999,428,428,0
13000,133,133,0
13001,278,277,1
13002,240,239,1
13003,150,150,0
13004,435,431,4
13005,196,196,0
13006,138,138,0
13007,228,228,0
13008,265,265,0
13009,113,113,0
13010,169,169,0
13011,44,44,0
13012,133,133,0
13013,74,74,0
13014,216,216,0
13015,214,213,1
13016,362,362,0
13017,536,531,5
13018,171,171,0
13019,103,103,0
13020,160,160,0
13021,53,52,1
13022,138,136,2
13023,422,422,0
13024,109,108,1
13025,151,151,0
13026,63,61,2
13027,104,104,0
13028,146,146,0
13029,40,40,0
13030,111,111,0
13031,416,412,4
13032,312,311,1
13033,194,193,1
13034,96,95,1
13035,245,244,1
13036,132,131,1
13037,128,127,1
13038,152,151,1
13039,291,291,0
13040,145,145,0
13041,199,198,1
13042,231,229,2
13043,1327,1318,9
13044,270,268,2
13045,57,56,1
13046,44,44,0
13047,133,132,1
13048,143,143,0
13049,117,117,0
13050,209,204,5
13051,344,344,0
13052,173,172,1
13053,234,234,0
13054,119,119,0
13055,332,332,0
13056,640,635,5
13057,623,619,4
13058,295,295,0
13059,124,124,0
13060,166,166,0
13061,176,176,0
13062,957,955,2
13063,275,275,0
13064,151,149,2
13065,187,186,1
13066,347,347,0
13067,296,294,2
13068,322,322,0
13069,125,125,0
13070,132,132,0
13071,191,190,1
13072,154,153,1
13073,609,608,1
13074,833,829,4
13075,119,118,1
13076,153,153,0
13077,247,245,2
13078,122,122,0
13079,134,134,0
13080,423,423,0
13081,163,163,0
13082,298,297,1
13083,50,48,2
13084,84,84,0
13085,223,223,0
13086,231,228,3
13087,248,248,0
13088,354,354,0
13089,193,193,0
13090,402,400,2
13091,377,371,6
13092,333,333,0
13093,56,56,0
13094,111,111,0
13095,269,265,4
13096,124,124,0
13097,190,188,2
13098,474,472,2
13099,79,79,0
13100,194,194,0
13101,631,626,5
13102,295,295,0
13103,206,205,1
13104,366,366,0
13105,42,42,0
13106,77,77,0
13107,88,88,0
13108,550,544,6
13109,177,175,2
13110,119,119,0
13111,299,298,1
13112,182,180,2
13113,126,126,0
13114,131,128,3
13115,125,121,4
13116,302,301,1
13117,298,298,0
13118,110,110,0
13119,199,199,0
13120,373,367,6
13121,220,218,2
13122,240,240,0
13123,198,198,0
13124,120,119,1
13125,200,198,2
13126,162,159,3
13127,144,144,0
13128,96,96,0
13129,155,155,0
13130,339,337,2
13131,138,138,0
13132,191,191,0
13133,55,55,0
13134,137,137,0
13135,287,287,0
13136,372,372,0
13137,191,190,1
13138,517,516,1
13139,166,166,0
13140,142,142,0
13141,361,361,0
13142,741,727,14
13143,84,84,0
13144,200,199,1
13145,136,136,0
13146,136,136,0
13147,159,158,1
13148,255,255,0
13149,76,76,0
13150,127,126,1
13151,344,340,4
13152,50,50,0
13153,181,181,0
13154,252,248,4
13155,53,53,0
13156,429,429,0
13157,470,468,2
13158,461,461,0
13159,45,45,0
13160,56,54,2
13161,114,114,0
13162,143,142,1
13163,89,88,1
13164,305,304,1
13165,247,247,0
13166,168,165,3
13167,125,125,0
13168,236,234,2
13169,129,127,2
13170,198,198,0
13171,153,153,0
13172,128,128,0
13173,365,361,4
13174,365,361,4
13175,138,138,0
13176,501,498,3
13177,238,237,1
13178,808,808,0
13179,200,200,0
13180,251,250,1
13181,92,92,0
13182,83,83,0
13183,119,118,1
13184,150,150,0
13185,125,125,0
13186,351,350,1
13187,127,127,0
13188,405,403,2
13189,134,133,1
13190,103,103,0
13191,131,128,3
13192,137,137,0
13193,311,308,3
13194,163,162,1
13195,125,125,0
13196,249,249,0
13197,349,348,1
13198,115,115,0
13199,127,127,0
13200,439,438,1
13201,341,341,0
13202,167,166,1
13203,136,136,0
13204,295,294,1
13205,153,153,0
13206,237,237,0
13207,120,120,0
13208,93,93,0
13209,115,115,0
13210,113,113,0
13211,398,398,0
13212,51,51,0
13213,135,133,2
13214,87,87,0
13215,180,180,0
13216,133,133,0
13217,121,121,0
13218,260,257,3
13219,223,223,0
13220,481,478,3
13221,117,117,0
13222,201,200,1
13223,147,147,0
13224,288,288,0
13225,231,231,0
13226,191,191,0
13227,391,387,4
13228,172,167,5
13229,244,239,5
13230,735,712,23
13231,248,240,8
13232,128,128,0
13233,93,89,4
13234,171,170,1
13235,51,51,0
13236,127,126,1
13237,95,94,1
13238,144,144,0
13239,311,310,1
13240,252,252,0
13241,134,134,0
13242,125,125,0
13243,429,428,1
13244,122,122,0
13245,131,129,2
13246,123,123,0
13247,124,124,0
13248,120,120,0
13249,125,125,0
13250,186,186,0
13251,163,163,0
13252,150,149,1
13253,203,203,0
13254,256,255,1
13255,341,340,1
13256,159,159,0
13257,217,217,0
13258,470,468,2
13259,137,137,0
13260,118,118,0
13261,210,210,0
13262,127,127,0
13263,145,145,0
13264,172,172,0
13265,651,651,0
13266,156,156,0
13267,138,138,0
13268,377,377,0
13269,236,235,1
13270,43,43,0
13271,137,137,0
13272,446,446,0
13273,260,260,0
13274,377,376,1
13275,289,289,0
13276,118,118,0
13277,162,161,1
13278,215,214,1
13279,134,130,4
13280,352,351,1
13281,91,90,1
13282,83,82,1
13283,371,368,3
13284,154,150,4
13285,166,166,0
13286,213,213,0
13287,149,149,0
13288,170,168,2
13289,221,221,0
13290,348,348,0
13291,144,144,0
13292,121,121,0
13293,157,157,0
13294,171,171,0
13295,801,801,0
13296,267,267,0
13297,234,232,2
13298,158,158,0
13299,414,414,0
13300,157,156,1
13301,200,199,1
13302,532,525,7
13303,259,258,1
13304,138,138,0
13305,144,144,0
13306,175,174,1
13307,206,204,2
13308,120,120,0
13309,259,258,1
13310,51,51,0
13311,147,147,0
13312,209,209,0
13313,171,170,1
13314,513,510,3
13315,132,129,3
13316,337,336,1
13317,205,205,0
13318,547,545,2
13319,88,88,0
13320,124,122,2
13321,126,126,0
13322,126,125,1
13323,483,482,1
13324,177,176,1
13325,73,73,0
13326,147,147,0
13327,52,52,0
13328,363,362,1
13329,287,287,0
13330,244,243,1
13331,364,364,0
13332,88,87,1
13333,866,864,2
13334,145,145,0
13335,316,316,0
13336,134,134,0
13337,118,117,1
13338,108,108,0
13339,719,719,0
13340,237,237,0
13341,137,137,0
13342,184,182,2
13343,52,52,0
13344,411,409,2
13345,191,190,1
13346,128,128,0
13347,144,144,0
13348,135,134,1
13349,397,394,3
13350,102,102,0
13351,161,160,1
13352,280,280,0
13353,134,133,1
13354,78,78,0
13355,186,186,0
13356,282,281,1
13357,125,125,0
13358,122,122,0
13359,131,131,0
13360,60,60,0
13361,189,189,0
13362,47,47,0
13363,50,50,0
13364,292,291,1
13365,102,102,0
13366,43,43,0
13367,116,116,0
13368,112,110,2
13369,61,61,0
13370,79,79,0
13371,147,147,0
13372,136,136,0
13373,160,159,1
13374,316,315,1
13375,145,144,1
13376,178,178,0
13377,257,256,1
13378,126,125,1
13379,174,169,5
13380,177,177,0
13381,49,49,0
13382,94,93,1
13383,79,79,0
13384,129,129,0
13385,509,508,1
13386,204,204,0
13387,166,166,0
13388,174,173,1
13389,130,130,0
13390,169,169,0
13391,200,200,0
13392,158,158,0
13393,836,833,3
13394,135,132,3
13395,77,77,0
13396,191,190,1
13397,212,212,0
13398,63,63,0
13399,137,137,0
13400,66,66,0
13401,59,59,0
13402,101,100,1
13403,125,125,0
13404,123,123,0
13405,172,171,1
13406,157,156,1
13407,977,972,5
13408,212,210,2
13409,191,191,0
13410,136,136,0
13411,211,211,0
13412,116,116,0
13413,155,155,0
13414,392,391,1
13415,158,157,1
13416,246,246,0
13417,196,196,0
13418,262,262,0
13419,336,334,2
13420,305,304,1
13421,178,176,2
13422,132,132,0
13423,91,91,0
13424,134,134,0
13425,126,126,0
13426,133,132,1
13427,122,111,11
13428,305,305,0
13429,154,154,0
13430,370,370,0
13431,156,156,0
13432,132,130,2
13433,201,201,0
13434,266,266,0
13435,748,748,0
13436,130,130,0
13437,371,371,0
13438,170,170,0
13439,136,135,1
13440,143,142,1
13441,343,342,1
13442,257,257,0
13443,140,139,1
13444,260,260,0
13445,495,494,1
13446,208,206,2
13447,419,419,0
13448,479,476,3
13449,401,400,1
13450,252,252,0
13451,155,153,2
13452,74,74,0
13453,140,140,0
13454,431,430,1
13455,174,174,0
13456,208,208,0
13457,226,223,3
13458,121,120,1
13459,186,185,1
13460,92,90,2
13461,249,247,2
13462,112,112,0
13463,296,295,1
13464,85,85,0
13465,355,351,4
13466,195,194,1
13467,798,791,7
13468,178,177,1
13469,173,173,0
13470,112,111,1
13471,53,53,0
13472,95,95,0
13473,51,50,1
13474,69,68,1
13475,135,135,0
13476,77,77,0
13477,113,113,0
13478,158,157,1
13479,187,186,1
13480,96,95,1
13481,261,260,1
13482,564,563,1
13483,313,312,1
13484,115,114,1
13485,118,118,0
13486,100,99,1
13487,165,165,0
13488,68,68,0
13489,125,125,0
13490,76,76,0
13491,181,180,1
13492,183,183,0
13493,87,87,0
13494,557,554,3
13495,150,150,0
13496,131,131,0
13497,110,109,1
13498,63,63,0
13499,152,147,5
13500,272,270,2
13501,243,241,2
13502,136,136,0
13503,240,238,2
13504,76,76,0
13505,128,128,0
13506,72,72,0
13507,190,190,0
13508,213,213,0
13509,165,165,0
13510,136,136,0
13511,413,411,2
13512,73,73,0
13513,180,180,0
13514,238,238,0
13515,270,270,0
13516,114,113,1
13517,237,236,1
13518,130,129,1
13519,158,149,9
13520,265,259,6
13521,418,417,1
13522,177,177,0
13523,241,241,0
13524,161,158,3
13525,114,114,0
13526,396,395,1
13527,130,130,0
13528,169,168,1
13529,160,159,1
13530,111,111,0
13531,131,130,1
13532,345,340,5
13533,172,172,0
13534,143,143,0
13535,121,121,0
13536,128,128,0
13537,234,233,1
13538,477,477,0
13539,186,186,0
13540,176,176,0
13541,181,181,0
13542,94,94,0
13543,285,283,2
13544,255,253,2
13545,139,136,3
13546,90,90,0
13547,380,379,1
13548,289,289,0
13549,112,110,2
13550,341,340,1
13551,58,56,2
13552,136,136,0
13553,116,115,1
13554,138,137,1
13555,135,134,1
13556,176,176,0
13557,221,221,0
13558,145,145,0
13559,172,171,1
13560,278,278,0
13561,139,138,1
13562,531,530,1
13563,416,414,2
13564,203,201,2
13565,417,417,0
13566,145,145,0
13567,628,623,5
13568,10,10,0
13569,134,132,2
13570,279,279,0
13571,149,149,0
13572,458,456,2
13573,283,282,1
13574,854,853,1
13575,175,175,0
13576,170,170,0
13577,278,278,0
13578,156,155,1
13579,130,130,0
13580,121,121,0
13581,343,341,2
13582,188,188,0
13583,168,168,0
13584,406,406,0
13585,141,141,0
13586,254,251,3
13587,175,173,2
13588,119,119,0
13589,218,218,0
13590,266,266,0
13591,281,280,1
13592,130,130,0
13593,166,166,0
13594,975,973,2
13595,299,299,0
13596,525,525,0
13597,416,415,1
13598,221,220,1
13599,396,393,3
13600,156,155,1
13601,209,209,0
13602,136,136,0
13603,58,58,0
13604,188,188,0
13605,134,133,1
13606,140,140,0
13607,50,50,0
13608,137,136,1
13609,140,140,0
13610,73,73,0
13611,130,130,0
13612,71,70,1
13613,76,76,0
13614,215,213,2
13615,136,136,0
13616,157,157,0
13617,208,207,1
13618,242,240,2
13619,154,154,0
13620,135,134,1
13621,157,157,0
13622,636,627,9
13623,171,171,0
13624,182,180,2
13625,873,870,3
13626,161,161,0
13627,157,156,1
13628,274,274,0
13629,137,136,1
13630,129,129,0
13631,85,85,0
13632,149,149,0
13633,186,186,0
13634,374,374,0
13635,484,480,4
13636,264,264,0
13637,687,686,1
13638,187,187,0
13639,711,710,1
13640,169,168,1
13641,551,550,1
13642,289,289,0
13643,975,971,4
13644,208,205,3
13645,198,198,0
13646,219,219,0
13647,357,357,0
13648,133,132,1
13649,164,164,0
13650,249,244,5
13651,143,143,0
13652,124,124,0
13653,386,386,0
13654,195,195,0
13655,129,129,0
13656,256,254,2
13657,139,139,0
13658,152,151,1
13659,52,52,0
13660,123,123,0
13661,46,45,1
13662,163,161,2
13663,122,121,1
13664,26,26,0
13665,373,371,2
13666,263,263,0
13667,136,136,0
13668,242,239,3
13669,236,235,1
13670,111,110,1
13671,699,699,0
13672,270,270,0
13673,165,165,0
13674,710,707,3
13675,215,214,1
13676,143,142,1
13677,215,215,0
13678,69,69,0
13679,150,149,1
13680,141,140,1
13681,121,119,2
13682,318,317,1
13683,193,193,0
13684,121,121,0
13685,80,80,0
13686,175,173,2
13687,282,282,0
13688,141,141,0
13689,67,66,1
13690,103,103,0
13691,117,117,0
13692,186,185,1
13693,56,54,2
13694,123,122,1
13695,566,558,8
13696,151,151,0
13697,174,174,0
13698,134,133,1
13699,114,114,0
13700,133,133,0
13701,424,423,1
13702,170,169,1
13703,145,145,0
13704,67,66,1
13705,212,210,2
13706,183,182,1
13707,134,133,1
13708,151,151,0
13709,89,88,1
13710,91,90,1
13711,71,71,0
13712,119,119,0
13713,557,557,0
13714,261,261,0
13715,196,194,2
13716,46,46,0
13717,232,232,0
13718,82,82,0
13719,410,410,0
13720,616,613,3
13721,267,265,2
13722,906,901,5
13723,336,336,0
13724,471,470,1
13725,621,621,0
13726,333,332,1
13727,295,294,1
13728,151,150,1
13729,473,473,0
13730,157,157,0
13731,214,214,0
13732,177,177,0
13733,180,179,1
13734,243,241,2
13735,219,219,0
13736,204,204,0
13737,145,145,0
13738,46,45,1
13739,143,142,1
13740,152,152,0
13741,82,82,0
13742,173,170,3
13743,245,244,1
13744,170,169,1
13745,365,365,0
13746,350,350,0
13747,138,138,0
13748,484,483,1
13749,335,335,0
13750,136,136,0
13751,294,294,0
13752,174,174,0
13753,516,508,8
13754,119,118,1
13755,122,122,0
13756,950,944,6
13757,248,247,1
13758,188,186,2
13759,68,68,0
13760,106,106,0
13761,179,178,1
13762,129,129,0
13763,118,118,0
13764,525,524,1
13765,101,101,0
13766,81,81,0
13767,95,95,0
13768,135,133,2
13769,120,120,0
13770,378,373,5
13771,312,311,1
13772,88,88,0
13773,160,160,0
13774,115,115,0
13775,210,208,2
13776,551,551,0
13777,94,94,0
13778,223,223,0
13779,679,678,1
13780,129,128,1
13781,266,266,0
13782,204,204,0
13783,225,225,0
13784,228,228,0
13785,434,432,2
13786,124,122,2
13787,84,84,0
13788,95,94,1
13789,171,171,0
13790,852,850,2
13791,158,157,1
13792,140,140,0
13793,112,112,0
13794,121,120,1
13795,298,297,1
13796,190,189,1
13797,190,190,0
13798,125,123,2
13799,310,308,2
13800,74,74,0
13801,184,184,0
13802,329,329,0
13803,108,108,0
13804,125,125,0
13805,125,125,0
13806,216,216,0
13807,234,232,2
13808,116,116,0
13809,142,142,0
13810,153,153,0
13811,131,131,0
13812,166,165,1
13813,198,194,4
13814,198,197,1
13815,119,119,0
13816,147,147,0
13817,159,159,0
13818,235,235,0
13819,127,127,0
13820,146,145,1
13821,121,120,1
13822,151,150,1
13823,721,719,2
13824,122,122,0
13825,297,291,6
13826,84,83,1
13827,458,457,1
13828,100,100,0
13829,357,357,0
13830,279,279,0
13831,92,92,0
13832,398,394,4
13833,82,82,0
13834,632,626,6
13835,46,46,0
13836,663,658,5
13837,354,353,1
13838,247,245,2
13839,307,301,6
13840,333,330,3
13841,372,370,2
13842,250,250,0
13843,177,177,0
13844,333,333,0
13845,133,130,3
13846,147,147,0
13847,114,114,0
13848,365,365,0
13849,172,172,0
13850,220,220,0
13851,131,131,0
13852,167,167,0
13853,211,211,0
13854,161,161,0
13855,121,121,0
13856,133,133,0
13857,89,89,0
13858,164,163,1
13859,105,105,0
13860,390,389,1
13861,234,231,3
13862,364,361,3
13863,416,416,0
13864,129,129,0
13865,153,153,0
13866,56,56,0
13867,132,132,0
13868,152,151,1
13869,124,124,0
13870,127,127,0
13871,170,170,0
13872,459,458,1
13873,116,116,0
13874,154,154,0
13875,86,85,1
13876,156,156,0
13877,54,54,0
13878,278,278,0
13879,278,277,1
13880,186,186,0
13881,669,666,3
13882,382,382,0
13883,426,426,0
13884,421,420,1
13885,260,260,0
13886,136,136,0
13887,346,346,0
13888,182,179,3
13889,147,147,0
13890,484,482,2
13891,664,663,1
13892,147,147,0
13893,119,118,1
13894,164,164,0
13895,213,213,0
13896,192,192,0
13897,327,326,1
13898,76,75,1
13899,143,143,0
13900,353,353,0
13901,145,142,3
13902,163,163,0
13903,108,108,0
13904,228,228,0
13905,196,195,1
13906,95,95,0
13907,201,201,0
13908,74,74,0
13909,96,95,1
13910,85,85,0
13911,90,89,1
13912,44,43,1
13913,125,125,0
13914,87,87,0
13915,108,108,0
13916,147,146,1
13917,306,305,1
13918,132,132,0
13919,195,195,0
13920,129,129,0
13921,44,44,0
13922,125,125,0
13923,302,300,2
13924,415,412,3
13925,156,156,0
13926,85,85,0
13927,179,176,3
13928,328,327,1
13929,365,365,0
13930,179,179,0
13931,140,140,0
13932,163,163,0
13933,150,150,0
13934,137,137,0
13935,149,148,1
13936,628,628,0
13937,205,201,4
13938,313,313,0
13939,524,524,0
13940,235,234,1
13941,442,442,0
13942,177,177,0
13943,60,60,0
13944,208,207,1
13945,220,220,0
13946,186,186,0
13947,480,478,2
13948,72,72,0
13949,150,149,1
13950,171,169,2
13951,185,183,2
13952,64,64,0
13953,86,84,2
13954,124,124,0
13955,205,205,0
13956,401,401,0
13957,172,171,1
13958,114,110,4
13959,299,298,1
13960,242,242,0
13961,50,50,0
13962,166,166,0
13963,72,72,0
13964,50,50,0
13965,259,258,1
13966,137,137,0
13967,146,146,0
13968,158,157,1
13969,87,86,1
13970,128,128,0
13971,434,433,1
13972,153,153,0
13973,120,119,1
13974,448,445,3
13975,351,350,1
13976,119,118,1
13977,161,161,0
13978,107,107,0
13979,151,142,9
13980,212,211,1
13981,231,222,9
13982,176,176,0
13983,161,161,0
13984,817,814,3
13985,808,808,0
13986,452,448,4
13987,505,504,1
13988,277,276,1
13989,132,131,1
13990,288,287,1
13991,312,312,0
13992,122,121,1
13993,189,189,0
13994,149,149,0
13995,61,61,0
13996,606,605,1
13997,877,874,3
13998,128,126,2
13999,510,509,1
14000,139,139,0
14001,220,219,1
14002,140,139,1
14003,141,139,2
14004,132,131,1
14005,361,361,0
14006,113,113,0
14007,152,149,3
14008,172,172,0
14009,194,194,0
14010,255,253,2
14011,299,297,2
14012,144,144,0
14013,193,193,0
14014,125,124,1
14015,123,123,0
14016,128,127,1
14017,199,198,1
14018,145,145,0
14019,112,111,1
14020,229,229,0
14021,161,160,1
14022,169,169,0
14023,125,125,0
14024,600,597,3
14025,365,363,2
14026,129,129,0
14027,185,185,0
14028,414,414,0
14029,135,135,0
14030,174,174,0
14031,129,129,0
14032,136,135,1
14033,129,129,0
14034,187,184,3
14035,235,232,3
14036,226,226,0
14037,201,200,1
14038,469,467,2
14039,167,167,0
14040,220,219,1
14041,297,295,2
14042,200,200,0
14043,81,80,1
14044,156,156,0
14045,149,149,0
14046,254,249,5
14047,370,370,0
14048,318,318,0
14049,160,160,0
14050,133,133,0
14051,118,117,1
14052,244,244,0
14053,125,125,0
14054,175,171,4
14055,353,351,2
14056,212,212,0
14057,187,187,0
14058,192,189,3
14059,355,353,2
14060,254,254,0
14061,140,140,0
14062,69,69,0
14063,126,126,0
14064,130,130,0
14065,380,378,2
14066,135,133,2
14067,79,79,0
14068,114,114,0
14069,362,362,0
14070,390,389,1
14071,52,52,0
14072,596,595,1
14073,245,241,4
14074,109,108,1
14075,87,86,1
14076,121,121,0
14077,127,126,1
14078,150,150,0
14079,461,458,3
14080,146,142,4
14081,573,572,1
14082,219,219,0
14083,138,137,1
14084,264,264,0
14085,179,179,0
14086,127,127,0
14087,120,119,1
14088,193,192,1
14089,213,208,5
14090,345,345,0
14091,193,193,0
14092,156,156,0
14093,729,726,3
14094,204,203,1
14095,408,408,0
14096,462,462,0
14097,201,201,0
14098,134,133,1
14099,105,105,0
14100,149,148,1
14101,206,206,0
14102,88,87,1
14103,357,352,5
14104,184,183,1
14105,125,125,0
14106,131,131,0
14107,121,120,1
14108,196,196,0
14109,451,449,2
14110,375,375,0
14111,383,382,1
14112,175,174,1
14113,138,138,0
14114,166,165,1
14115,155,155,0
14116,217,216,1
14117,128,127,1
14118,117,117,0
14119,150,150,0
14120,153,151,2
14121,51,51,0
14122,151,151,0
14123,176,176,0
14124,239,238,1
14125,276,276,0
14126,106,106,0
14127,228,228,0
14128,499,499,0
14129,593,591,2
14130,140,140,0
14131,164,164,0
14132,127,127,0
14133,814,814,0
14134,257,257,0
14135,82,82,0
14136,45,45,0
14137,127,127,0
14138,155,153,2
14139,787,787,0
14140,146,146,0
14141,181,181,0
14142,515,514,1
14143,137,137,0
14144,272,271,1
14145,174,174,0
14146,136,135,1
14147,240,240,0
14148,161,160,1
14149,412,409,3
14150,335,334,1
14151,407,406,1
14152,300,300,0
14153,254,254,0
14154,122,122,0
14155,307,307,0
14156,436,435,1
14157,124,124,0
14158,148,147,1
14159,198,198,0
14160,121,121,0
14161,136,135,1
14162,119,117,2
14163,220,219,1
14164,129,129,0
14165,628,627,1
14166,142,142,0
14167,110,110,0
14168,117,117,0
14169,133,131,2
14170,299,293,6
14171,139,137,2
14172,245,243,2
14173,96,96,0
14174,124,123,1
14175,142,142,0
14176,231,230,1
14177,743,742,1
14178,59,59,0
14179,184,184,0
14180,408,406,2
14181,354,354,0
14182,144,143,1
14183,109,109,0
14184,855,854,1
14185,89,82,7
14186,596,596,0
14187,91,91,0
14188,319,319,0
14189,178,177,1
14190,146,146,0
14191,240,240,0
14192,276,276,0
14193,239,239,0
14194,134,134,0
14195,159,159,0
14196,159,157,2
14197,166,161,5
14198,169,169,0
14199,188,188,0
14200,194,194,0
14201,189,187,2
14202,382,382,0
14203,259,259,0
14204,738,736,2
14205,293,292,1
14206,973,964,9
14207,328,327,1
14208,358,358,0
14209,122,122,0
14210,120,120,0
14211,131,131,0
14212,298,298,0
14213,304,304,0
14214,205,205,0
14215,145,145,0
14216,183,183,0
14217,1016,1015,1
14218,137,137,0
14219,176,174,2
14220,138,138,0
14221,207,207,0
14222,181,181,0
14223,117,117,0
14224,589,589,0
14225,130,130,0
14226,170,170,0
14227,198,198,0
14228,87,87,0
14229,161,160,1
14230,164,164,0
14231,502,500,2
14232,167,167,0
14233,603,601,2
14234,485,483,2
14235,109,109,0
14236,338,338,0
14237,362,361,1
14238,116,116,0
14239,119,118,1
14240,148,147,1
14241,361,359,2
14242,165,165,0
14243,337,335,2
14244,163,163,0
14245,579,576,3
14246,130,130,0
14247,293,290,3
14248,236,236,0
14249,193,192,1
14250,142,141,1
14251,130,130,0
14252,37,37,0
14253,211,209,2
14254,327,327,0
14255,73,73,0
14256,93,93,0
14257,100,100,0
14258,157,157,0
14259,87,87,0
14260,772,772,0
14261,341,340,1
14262,84,84,0
14263,45,45,0
14264,52,52,0
14265,202,202,0
14266,137,137,0
14267,193,192,1
14268,489,487,2
14269,253,253,0
14270,121,119,2
14271,178,177,1
14272,270,270,0
14273,234,233,1
14274,106,106,0
14275,178,178,0
14276,55,55,0
14277,135,133,2
14278,70,70,0
14279,337,337,0
14280,452,449,3
14281,272,271,1
14282,63,63,0
14283,274,274,0
14284,87,87,0
14285,79,78,1
14286,254,252,2
14287,239,239,0
14288,98,97,1
14289,133,133,0
14290,157,153,4
14291,238,237,1
14292,154,154,0
14293,154,153,1
14294,361,361,0
14295,338,338,0
14296,195,195,0
14297,148,148,0
14298,169,169,0
14299,143,143,0
14300,124,124,0
14301,373,373,0
14302,255,255,0
14303,124,124,0
14304,171,171,0
14305,135,132,3
14306,183,183,0
14307,132,132,0
14308,281,279,2
14309,141,140,1
14310,130,130,0
14311,100,99,1
14312,352,352,0
14313,193,190,3
14314,122,122,0
14315,181,181,0
14316,186,185,1
14317,183,182,1
14318,294,294,0
14319,554,553,1
14320,608,608,0
14321,358,356,2
14322,1028,1023,5
14323,341,339,2
14324,427,426,1
14325,136,135,1
14326,356,354,2
14327,310,308,2
14328,160,159,1
14329,143,141,2
14330,209,208,1
14331,105,98,7
14332,570,569,1
14333,300,300,0
14334,206,206,0
14335,175,175,0
14336,68,68,0
14337,62,62,0
14338,363,361,2
14339,156,155,1
14340,129,129,0
14341,138,136,2
14342,298,298,0
14343,190,190,0
14344,140,139,1
14345,227,227,0
14346,191,191,0
14347,149,148,1
14348,162,161,1
14349,236,236,0
14350,201,200,1
14351,185,184,1
14352,199,198,1
14353,253,252,1
14354,128,128,0
14355,541,539,2
14356,319,319,0
14357,174,174,0
14358,107,107,0
14359,530,530,0
14360,301,299,2
14361,373,373,0
14362,145,145,0
14363,387,387,0
14364,121,121,0
14365,232,230,2
14366,138,138,0
14367,186,186,0
14368,150,148,2
14369,201,201,0
14370,123,123,0
14371,588,586,2
14372,402,399,3
14373,293,293,0
14374,441,441,0
14375,981,978,3
14376,557,553,4
14377,131,131,0
14378,465,460,5
14379,44,43,1
14380,240,239,1
14381,140,140,0
14382,238,238,0
14383,120,120,0
14384,166,166,0
14385,258,258,0
14386,113,113,0
14387,53,53,0
14388,144,144,0
14389,131,131,0
14390,209,208,1
14391,493,485,8
14392,491,490,1
14393,87,87,0
14394,68,68,0
14395,390,383,7
14396,374,372,2
14397,143,143,0
14398,81,81,0
14399,373,371,2
14400,215,215,0
14401,187,186,1
14402,208,207,1
14403,124,124,0
14404,128,128,0
14405,514,513,1
14406,138,138,0
14407,139,139,0
14408,142,139,3
14409,106,106,0
14410,151,150,1
14411,168,168,0
14412,115,114,1
14413,367,363,4
14414,445,443,2
14415,303,302,1
14416,366,366,0
14417,212,211,1
14418,232,232,0
14419,124,123,1
14420,123,121,2
14421,270,270,0
14422,127,124,3
14423,177,177,0
14424,225,225,0
14425,126,126,0
14426,195,194,1
14427,183,183,0
14428,140,139,1
14429,417,415,2
14430,421,419,2
14431,255,255,0
14432,258,258,0
14433,93,93,0
14434,149,148,1
14435,47,47,0
14436,75,75,0
14437,306,306,0
14438,318,306,12
14439,137,135,2
14440,131,131,0
14441,152,152,0
14442,93,93,0
14443,118,117,1
14444,121,119,2
14445,155,155,0
14446,73,73,0
14447,49,49,0
14448,316,316,0
14449,53,52,1
14450,69,69,0
14451,292,292,0
14452,135,135,0
14453,146,146,0
14454,219,217,2
14455,135,134,1
14456,118,117,1
14457,205,205,0
14458,213,211,2
14459,347,344,3
14460,122,121,1
14461,499,487,12
14462,177,177,0
14463,517,514,3
14464,839,839,0
14465,171,171,0
14466,338,336,2
14467,325,322,3
14468,167,167,0
14469,377,370,7
14470,344,344,0
14471,122,122,0
14472,210,208,2
14473,248,248,0
14474,889,881,8
14475,264,264,0
14476,128,128,0
14477,907,906,1
14478,386,386,0
14479,109,105,4
14480,126,126,0
14481,63,63,0
14482,45,45,0
14483,137,135,2
14484,38,38,0
14485,175,175,0
14486,120,120,0
14487,112,112,0
14488,55,54,1
14489,125,125,0
14490,161,160,1
14491,239,238,1
14492,100,98,2
14493,59,59,0
14494,154,154,0
14495,210,210,0
14496,288,287,1
14497,139,139,0
14498,197,195,2
14499,265,264,1
14500,480,480,0
14501,154,154,0
14502,231,226,5
14503,223,223,0
14504,397,397,0
14505,170,170,0
14506,305,305,0
14507,596,595,1
14508,457,456,1
14509,138,138,0
14510,253,252,1
14511,240,240,0
14512,314,310,4
14513,227,227,0
14514,555,551,4
14515,234,228,6
14516,177,177,0
14517,238,236,2
14518,151,150,1
14519,240,239,1
14520,107,107,0
14521,149,149,0
14522,310,310,0
14523,126,126,0
14524,117,116,1
14525,231,225,6
14526,40,40,0
14527,421,419,2
14528,105,105,0
14529,210,210,0
14530,227,224,3
14531,203,203,0
14532,170,170,0
14533,162,160,2
14534,194,194,0
14535,105,105,0
14536,161,160,1
14537,148,147,1
14538,428,427,1
14539,113,113,0
14540,123,123,0
14541,145,144,1
14542,306,306,0
14543,187,187,0
14544,510,508,2
14545,95,95,0
14546,96,96,0
14547,178,178,0
14548,86,86,0
14549,116,116,0
14550,191,189,2
14551,156,154,2
14552,174,173,1
14553,464,460,4
14554,136,136,0
14555,171,171,0
14556,135,135,0
14557,248,247,1
14558,199,199,0
14559,137,137,0
14560,213,213,0
14561,146,146,0
14562,174,174,0
14563,133,133,0
14564,151,150,1
14565,346,346,0
14566,226,225,1
14567,757,757,0
14568,301,299,2
14569,360,360,0
14570,199,198,1
14571,107,103,4
14572,222,221,1
14573,199,198,1
14574,155,155,0
14575,84,84,0
14576,381,379,2
14577,182,182,0
14578,78,78,0
14579,81,81,0
14580,44,44,0
14581,396,386,10
14582,239,235,4
14583,249,248,1
14584,249,249,0
14585,140,139,1
14586,258,257,1
14587,864,860,4
14588,1027,1018,9
14589,74,72,2
14590,355,354,1
14591,325,325,0
14592,227,227,0
14593,551,551,0
14594,101,99,2
14595,124,122,2
14596,118,116,2
14597,108,107,1
14598,63,63,0
14599,667,665,2
14600,53,53,0
14601,640,635,5
14602,140,137,3
14603,253,252,1
14604,215,215,0
14605,207,207,0
14606,83,83,0
14607,223,223,0
14608,115,115,0
14609,125,124,1
14610,232,231,1
14611,178,178,0
14612,110,109,1
14613,285,285,0
14614,262,260,2
14615,214,214,0
14616,195,194,1
14617,149,149,0
14618,250,250,0
14619,904,902,2
14620,139,137,2
14621,128,126,2
14622,142,140,2
14623,331,331,0
14624,316,316,0
14625,308,308,0
14626,240,239,1
14627,135,135,0
14628,186,185,1
14629,587,585,2
14630,225,224,1
14631,146,145,1
14632,89,89,0
14633,156,154,2
14634,160,160,0
14635,96,96,0
14636,75,75,0
14637,507,505,2
14638,133,133,0
14639,186,186,0
14640,171,171,0
14641,364,359,5
14642,92,92,0
14643,147,146,1
14644,442,440,2
14645,49,49,0
14646,291,288,3
14647,230,229,1
14648,93,93,0
14649,1070,1070,0
14650,62,62,0
14651,62,61,1
14652,246,245,1
14653,414,414,0
14654,117,117,0
14655,388,387,1
14656,141,141,0
14657,194,193,1
14658,59,59,0
14659,67,66,1
14660,42,42,0
14661,424,423,1
14662,123,122,1
14663,197,197,0
14664,78,78,0
14665,132,131,1
14666,26,26,0
14667,37,37,0
14668,141,141,0
14669,190,190,0
14670,140,140,0
14671,107,107,0
14672,153,152,1
14673,850,850,0
14674,128,128,0
14675,123,123,0
14676,264,264,0
14677,299,299,0
14678,241,241,0
14679,499,497,2
14680,195,195,0
14681,139,139,0
14682,171,170,1
14683,199,199,0
14684,176,175,1
14685,219,218,1
14686,213,212,1
14687,124,123,1
14688,166,166,0
14689,390,389,1
14690,259,258,1
14691,112,111,1
14692,298,298,0
14693,122,122,0
14694,225,225,0
14695,132,130,2
14696,539,534,5
14697,969,961,8
14698,110,110,0
14699,396,393,3
14700,153,151,2
14701,226,225,1
14702,158,158,0
14703,203,202,1
14704,244,244,0
14705,143,143,0
14706,150,150,0
14707,376,375,1
14708,187,186,1
14709,673,670,3
14710,163,163,0
14711,135,135,0
14712,540,539,1
14713,786,785,1
14714,609,602,7
14715,245,245,0
14716,477,468,9
14717,105,105,0
14718,272,267,5
14719,445,443,2
14720,200,200,0
14721,504,504,0
14722,140,140,0
14723,217,216,1
14724,110,110,0
14725,402,394,8
14726,127,127,0
14727,171,171,0
14728,297,296,1
14729,349,338,11
14730,173,173,0
14731,894,885,9
14732,183,182,1
14733,72,71,1
14734,158,149,9
14735,165,164,1
14736,91,91,0
14737,81,81,0
14738,166,165,1
14739,109,109,0
14740,93,93,0
14741,374,370,4
14742,233,232,1
14743,201,198,3
14744,56,56,0
14745,133,133,0
14746,212,210,2
14747,146,146,0
14748,202,199,3
14749,100,100,0
14750,344,343,1
14751,86,86,0
14752,138,138,0
14753,101,100,1
14754,190,190,0
14755,146,146,0
14756,509,505,4
14757,130,130,0
14758,160,160,0
14759,116,115,1
14760,127,127,0
14761,162,160,2
14762,160,159,1
14763,155,155,0
14764,93,92,1
14765,480,479,1
14766,450,448,2
14767,172,172,0
14768,175,175,0
14769,177,177,0
14770,170,169,1
14771,379,379,0
14772,333,328,5
14773,223,223,0
14774,283,283,0
14775,89,89,0
14776,132,131,1
14777,192,192,0
14778,305,305,0
14779,219,219,0
14780,158,157,1
14781,291,288,3
14782,202,202,0
14783,160,158,2
14784,123,122,1
14785,275,274,1
14786,35,35,0
14787,330,330,0
14788,232,232,0
14789,711,706,5
14790,68,68,0
14791,357,357,0
14792,317,315,2
14793,379,379,0
14794,277,277,0
14795,148,148,0
14796,255,254,1
14797,142,142,0
14798,120,120,0
14799,278,276,2
14800,377,376,1
14801,70,70,0
14802,674,669,5
14803,479,479,0
14804,248,248,0
14805,113,112,1
14806,452,452,0
14807,12,11,1
14808,156,156,0
14809,112,109,3
14810,295,294,1
14811,179,178,1
14812,112,111,1
14813,150,150,0
14814,152,152,0
14815,253,252,1
14816,242,241,1
14817,86,85,1
14818,293,292,1
14819,134,134,0
14820,384,384,0
14821,93,93,0
14822,238,238,0
14823,169,168,1
14824,237,233,4
14825,157,157,0
14826,78,77,1
14827,939,932,7
14828,63,63,0
14829,130,129,1
14830,711,709,2
14831,646,645,1
14832,185,185,0
14833,304,303,1
14834,369,368,1
14835,402,401,1
14836,404,404,0
14837,414,413,1
14838,291,289,2
14839,62,60,2
14840,157,150,7
14841,698,698,0
14842,97,97,0
14843,417,414,3
14844,149,149,0
14845,200,200,0
14846,701,699,2
14847,133,133,0
14848,291,290,1
14849,174,173,1
14850,396,393,3
14851,45,45,0
14852,259,259,0
14853,195,194,1
14854,977,976,1
14855,212,210,2
14856,129,128,1
14857,448,447,1
14858,395,389,6
14859,572,571,1
14860,43,43,0
14861,192,190,2
14862,155,155,0
14863,139,139,0
14864,287,284,3
14865,223,223,0
14866,232,232,0
14867,282,281,1
14868,212,212,0
14869,170,170,0
14870,985,977,8
14871,168,168,0
14872,133,133,0
14873,178,178,0
14874,54,53,1
14875,61,61,0
14876,479,476,3
14877,186,186,0
14878,144,143,1
14879,446,443,3
14880,163,162,1
14881,489,488,1
14882,228,228,0
14883,388,388,0
14884,169,166,3
14885,158,158,0
14886,237,236,1
14887,176,176,0
14888,288,288,0
14889,222,221,1
14890,153,153,0
14891,151,151,0
14892,350,348,2
14893,140,140,0
14894,139,139,0
14895,167,164,3
14896,588,585,3
14897,164,164,0
14898,243,243,0
14899,593,590,3
14900,407,407,0
14901,248,247,1
14902,197,197,0
14903,144,142,2
14904,234,234,0
14905,565,565,0
14906,248,247,1
14907,91,91,0
14908,150,150,0
14909,476,476,0
14910,117,116,1
14911,138,138,0
14912,315,315,0
14913,71,71,0
14914,52,52,0
14915,107,107,0
14916,289,287,2
14917,460,460,0
14918,385,382,3
14919,128,128,0
14920,142,142,0
14921,458,456,2
14922,285,283,2
14923,222,221,1
14924,139,138,1
14925,134,132,2
14926,46,46,0
14927,88,88,0
14928,262,262,0
14929,140,139,1
14930,362,362,0
14931,265,265,0
14932,448,448,0
14933,124,124,0
14934,773,772,1
14935,616,606,10
14936,812,810,2
14937,366,366,0
14938,216,215,1
14939,210,209,1
14940,138,132,6
14941,180,177,3
14942,290,289,1
14943,515,513,2
14944,115,114,1
14945,101,100,1
14946,407,405,2
14947,803,800,3
14948,138,137,1
14949,790,790,0
14950,517,517,0
14951,533,530,3
14952,114,114,0
14953,190,190,0
14954,291,290,1
14955,192,192,0
14956,161,161,0
14957,184,184,0
14958,635,631,4
14959,154,154,0
14960,153,152,1
14961,128,127,1
14962,169,169,0
14963,220,220,0
14964,361,359,2
14965,146,146,0
14966,245,245,0
14967,135,134,1
14968,159,159,0
14969,488,482,6
14970,393,393,0
14971,109,109,0
14972,85,85,0
14973,217,216,1
14974,170,170,0
14975,849,849,0
14976,132,131,1
14977,127,127,0
14978,463,461,2
14979,203,200,3
14980,57,57,0
14981,390,390,0
14982,75,75,0
14983,172,171,1
14984,169,168,1
14985,156,155,1
14986,192,187,5
14987,269,266,3
14988,211,211,0
14989,352,350,2
14990,189,189,0
14991,354,353,1
14992,122,115,7
14993,227,227,0
14994,104,103,1
14995,473,472,1
14996,120,120,0
14997,151,151,0
14998,74,74,0
14999,123,123,0
15000,285,278,7
15001,500,500,0
15002,178,175,3
15003,90,90,0
15004,87,87,0
15005,186,186,0
15006,259,258,1
15007,115,115,0
15008,764,751,13
15009,233,233,0
15010,193,192,1
15011,209,208,1
15012,264,263,1
15013,332,331,1
15014,188,186,2
15015,75,74,1
15016,158,158,0
15017,245,243,2
15018,217,217,0
15019,285,285,0
15020,140,139,1
15021,309,309,0
15022,184,184,0
15023,157,157,0
15024,77,76,1
15025,318,315,3
15026,168,168,0
15027,239,238,1
15028,117,117,0
15029,63,63,0
15030,260,259,1
15031,529,526,3
15032,233,233,0
15033,138,137,1
15034,104,103,1
15035,160,158,2
15036,223,220,3
15037,616,614,2
15038,89,89,0
15039,229,229,0
15040,354,349,5
15041,149,149,0
15042,378,376,2
15043,402,401,1
15044,55,55,0
15045,111,111,0
15046,74,73,1
15047,75,75,0
15048,158,157,1
15049,52,52,0
15050,576,575,1
15051,165,165,0
15052,292,291,1
15053,606,605,1
15054,131,131,0
15055,123,123,0
15056,638,638,0
15057,368,367,1
15058,421,420,1
15059,189,189,0
15060,159,158,1
15061,138,137,1
15062,85,85,0
15063,121,120,1
15064,103,103,0
15065,68,68,0
15066,155,155,0
15067,203,203,0
15068,168,164,4
15069,392,390,2
15070,169,168,1
15071,458,457,1
15072,169,167,2
15073,128,128,0
15074,108,107,1
15075,122,122,0
15076,165,165,0
15077,363,361,2
15078,136,136,0
15079,156,156,0
15080,327,318,9
15081,164,164,0
15082,131,128,3
15083,137,136,1
15084,256,256,0
15085,159,159,0
15086,170,170,0
15087,482,482,0
15088,804,804,0
15089,674,673,1
15090,184,184,0
15091,145,144,1
15092,71,69,2
15093,127,127,0
15094,124,124,0
15095,244,243,1
15096,27,27,0
15097,170,170,0
15098,70,70,0
15099,125,125,0
15100,276,276,0
15101,259,259,0
15102,249,249,0
15103,173,173,0
15104,109,109,0
15105,680,679,1
15106,225,225,0
15107,151,150,1
15108,116,116,0
15109,286,286,0
15110,867,864,3
15111,151,150,1
15112,179,179,0
15113,79,77,2
15114,36,36,0
15115,168,168,0
15116,197,197,0
15117,98,96,2
15118,186,185,1
15119,93,93,0
15120,119,119,0
15121,116,115,1
15122,125,124,1
15123,233,231,2
15124,91,90,1
15125,118,117,1
15126,100,100,0
15127,293,293,0
15128,112,110,2
15129,481,473,8
15130,506,504,2
15131,211,209,2
15132,284,284,0
15133,192,192,0
15134,132,131,1
15135,413,411,2
15136,277,277,0
15137,151,150,1
15138,198,197,1
15139,128,127,1
15140,198,198,0
15141,129,129,0
15142,234,233,1
15143,63,63,0
15144,121,121,0
15145,172,171,1
15146,132,132,0
15147,186,186,0
15148,27,27,0
15149,62,62,0
15150,132,131,1
15151,125,125,0
15152,201,201,0
15153,268,268,0
15154,108,108,0
15155,200,200,0
15156,363,363,0
15157,148,147,1
15158,183,183,0
15159,183,183,0
15160,183,183,0
15161,277,277,0
15162,152,152,0
15163,124,124,0
15164,62,62,0
15165,119,119,0
15166,310,304,6
15167,148,148,0
15168,128,127,1
15169,261,259,2
15170,254,251,3
15171,167,167,0
15172,135,134,1
15173,323,323,0
15174,175,172,3
15175,511,507,4
15176,96,96,0
15177,77,77,0
15178,122,122,0
15179,225,225,0
15180,595,592,3
15181,442,442,0
15182,228,226,2
15183,199,199,0
15184,447,434,13
15185,135,133,2
15186,579,577,2
15187,559,556,3
15188,70,68,2
15189,148,148,0
15190,199,195,4
15191,173,173,0
15192,222,221,1
15193,158,158,0
15194,296,296,0
15195,62,62,0
15196,147,147,0
15197,86,86,0
15198,120,120,0
15199,54,54,0
15200,373,370,3
15201,361,361,0
15202,107,107,0
15203,127,126,1
15204,147,144,3
15205,187,187,0
15206,380,380,0
15207,172,172,0
15208,155,153,2
15209,161,160,1
15210,68,67,1
15211,156,156,0
15212,136,135,1
15213,209,209,0
15214,221,221,0
15215,102,100,2
15216,442,441,1
15217,55,55,0
15218,148,148,0
15219,447,447,0
15220,148,148,0
15221,85,85,0
15222,87,87,0
15223,116,115,1
15224,142,141,1
15225,114,114,0
15226,126,126,0
15227,305,305,0
15228,434,433,1
15229,115,113,2
15230,259,251,8
15231,175,175,0
15232,376,375,1
15233,139,138,1
15234,204,204,0
15235,154,154,0
15236,228,227,1
15237,119,119,0
15238,162,162,0
15239,155,155,0
15240,200,196,4
15241,182,182,0
15242,131,131,0
15243,114,113,1
15244,652,651,1
15245,112,111,1
15246,91,91,0
15247,121,120,1
15248,160,159,1
15249,87,87,0
15250,421,420,1
15251,205,205,0
15252,289,289,0
15253,222,222,0
15254,35,35,0
15255,539,535,4
15256,209,209,0
15257,341,341,0
15258,120,119,1
15259,797,793,4
15260,80,80,0
15261,262,261,1
15262,286,286,0
15263,128,128,0
15264,443,443,0
15265,375,375,0
15266,177,176,1
15267,114,114,0
15268,119,117,2
15269,63,63,0
15270,122,122,0
15271,603,600,3
15272,183,167,16
15273,239,238,1
15274,153,153,0
15275,139,139,0
15276,271,269,2
15277,118,116,2
15278,654,641,13
15279,36,36,0
15280,45,45,0
15281,76,76,0
15282,153,153,0
15283,62,62,0
15284,682,680,2
15285,915,913,2
15286,1026,1007,19
15287,231,231,0
15288,91,91,0
15289,241,240,1
15290,107,107,0
15291,137,137,0
15292,129,129,0
15293,400,400,0
15294,176,172,4
15295,195,195,0
15296,140,140,0
15297,330,329,1
15298,225,222,3
15299,227,225,2
15300,136,132,4
15301,155,155,0
15302,118,118,0
15303,161,161,0
15304,199,199,0
15305,86,86,0
15306,256,256,0
15307,209,209,0
15308,70,70,0
15309,199,199,0
15310,289,289,0
15311,265,265,0
15312,445,444,1
15313,118,118,0
15314,210,210,0
15315,172,172,0
15316,117,117,0
15317,160,158,2
15318,645,643,2
15319,40,40,0
15320,87,87,0
15321,149,149,0
15322,176,176,0
15323,138,137,1
15324,424,424,0
15325,322,319,3
15326,307,307,0
15327,199,199,0
15328,485,484,1
15329,270,270,0
15330,149,147,2
15331,112,110,2
15332,182,181,1
15333,328,326,2
15334,197,196,1
15335,267,263,4
15336,261,258,3
15337,203,201,2
15338,235,235,0
15339,197,196,1
15340,319,318,1
15341,136,136,0
15342,211,210,1
15343,126,126,0
15344,786,786,0
15345,213,213,0
15346,109,109,0
15347,233,233,0
15348,82,82,0
15349,155,155,0
15350,211,211,0
15351,736,728,8
15352,263,263,0
15353,222,215,7
15354,169,166,3
15355,156,155,1
15356,177,176,1
15357,184,184,0
15358,298,298,0
15359,439,437,2
15360,111,111,0
15361,168,167,1
15362,608,604,4
15363,62,62,0
15364,145,144,1
15365,84,84,0
15366,121,118,3
15367,229,229,0
15368,73,72,1
15369,123,123,0
15370,108,108,0
15371,350,349,1
15372,77,74,3
15373,73,73,0
15374,56,56,0
15375,153,152,1
15376,329,326,3
15377,158,158,0
15378,405,402,3
15379,307,307,0
15380,191,191,0
15381,197,196,1
15382,161,161,0
15383,589,587,2
15384,133,133,0
15385,582,580,2
15386,141,141,0
15387,300,299,1
15388,232,232,0
15389,243,243,0
15390,562,560,2
15391,246,245,1
15392,159,159,0
15393,123,122,1
15394,466,466,0
15395,196,196,0
15396,566,563,3
15397,291,288,3
15398,309,306,3
15399,860,858,2
15400,145,145,0
15401,295,295,0
15402,153,153,0
15403,163,163,0
15404,201,187,14
15405,278,277,1
15406,371,368,3
15407,55,55,0
15408,122,121,1
15409,325,323,2
15410,309,309,0
15411,265,265,0
15412,138,138,0
15413,140,138,2
15414,212,212,0
15415,135,134,1
15416,53,53,0
15417,141,141,0
15418,142,141,1
15419,132,132,0
15420,132,132,0
15421,400,400,0
15422,156,155,1
15423,614,613,1
15424,68,68,0
15425,118,117,1
15426,332,332,0
15427,84,84,0
15428,52,52,0
15429,153,153,0
15430,75,75,0
15431,160,158,2
15432,93,93,0
15433,188,188,0
15434,351,349,2
15435,208,208,0
15436,191,188,3
15437,348,346,2
15438,110,109,1
15439,202,201,1
15440,128,127,1
15441,206,205,1
15442,363,362,1
15443,87,84,3
15444,111,111,0
15445,112,105,7
15446,155,155,0
15447,124,123,1
15448,138,138,0
15449,200,200,0
15450,986,983,3
15451,357,344,13
15452,121,121,0
15453,174,172,2
15454,337,333,4
15455,83,83,0
15456,260,259,1
15457,307,307,0
15458,368,368,0
15459,360,360,0
15460,130,130,0
15461,365,364,1
15462,122,122,0
15463,104,102,2
15464,88,88,0
15465,183,183,0
15466,57,57,0
15467,177,175,2
15468,847,846,1
15469,176,175,1
15470,672,671,1
15471,173,171,2
15472,229,228,1
15473,311,310,1
15474,254,254,0
15475,91,91,0
15476,470,468,2
15477,157,157,0
15478,182,181,1
15479,317,315,2
15480,43,43,0
15481,60,60,0
15482,393,391,2
15483,285,285,0
15484,139,139,0
15485,125,125,0
15486,293,289,4
15487,267,267,0
15488,121,120,1
15489,128,125,3
15490,127,127,0
15491,195,194,1
15492,213,209,4
15493,117,116,1
15494,176,172,4
15495,122,122,0
15496,146,146,0
15497,132,132,0
15498,286,286,0
15499,252,252,0
15500,283,282,1
15501,544,543,1
15502,171,169,2
15503,153,153,0
15504,302,301,1
15505,249,249,0
15506,222,220,2
15507,120,120,0
15508,240,239,1
15509,301,300,1
15510,552,550,2
15511,277,277,0
15512,190,189,1
15513,417,415,2
15514,177,177,0
15515,329,328,1
15516,337,337,0
15517,754,752,2
15518,322,319,3
15519,99,99,0
15520,110,110,0
15521,55,55,0
15522,231,230,1
15523,122,122,0
15524,136,136,0
15525,384,376,8
15526,595,594,1
15527,115,115,0
15528,70,69,1
15529,378,377,1
15530,132,130,2
15531,142,142,0
15532,209,208,1
15533,271,270,1
15534,110,110,0
15535,160,160,0
15536,126,124,2
15537,151,151,0
15538,587,583,4
15539,126,126,0
15540,92,91,1
15541,209,209,0
15542,173,173,0
15543,411,411,0
15544,137,137,0
15545,552,548,4
15546,402,402,0
15547,305,305,0
15548,431,431,0
15549,168,168,0
15550,222,221,1
15551,221,220,1
15552,731,729,2
15553,541,541,0
15554,154,153,1
15555,167,165,2
15556,218,217,1
15557,27,27,0
15558,76,76,0
15559,184,176,8
15560,418,414,4
15561,206,204,2
15562,381,380,1
15563,44,44,0
15564,127,126,1
15565,112,112,0
15566,131,131,0
15567,156,156,0
15568,838,833,5
15569,228,227,1
15570,187,186,1
15571,318,317,1
15572,166,166,0
15573,508,507,1
15574,338,338,0
15575,84,84,0
15576,67,67,0
15577,174,174,0
15578,67,67,0
15579,49,49,0
15580,93,93,0
15581,99,98,1
15582,89,89,0
15583,125,123,2
15584,123,122,1
15585,216,216,0
15586,36,36,0
15587,68,67,1
15588,314,313,1
15589,297,295,2
15590,121,121,0
15591,172,172,0
15592,144,142,2
15593,142,141,1
15594,313,313,0
15595,485,480,5
15596,182,182,0
15597,220,218,2
15598,246,246,0
15599,998,994,4
15600,39,39,0
15601,210,208,2
15602,275,275,0
15603,62,62,0
15604,65,65,0
15605,549,548,1
15606,78,77,1
15607,326,326,0
15608,195,195,0
15609,80,80,0
15610,124,124,0
15611,41,41,0
15612,149,149,0
15613,205,205,0
15614,64,64,0
15615,170,170,0
15616,294,293,1
15617,134,131,3
15618,113,113,0
15619,61,61,0
15620,138,138,0
15621,131,131,0
15622,106,106,0
15623,66,65,1
15624,52,52,0
15625,120,120,0
15626,252,251,1
15627,124,124,0
15628,139,138,1
15629,65,65,0
15630,72,67,5
15631,95,94,1
15632,322,322,0
15633,15,15,0
15634,94,94,0
15635,132,132,0
15636,122,122,0
15637,150,150,0
15638,68,68,0
15639,147,146,1
15640,397,395,2
15641,196,194,2
15642,57,57,0
15643,138,138,0
15644,94,90,4
15645,116,116,0
15646,158,155,3
15647,305,305,0
15648,128,128,0
15649,273,273,0
15650,162,162,0
15651,209,209,0
15652,157,157,0
15653,231,231,0
15654,118,115,3
15655,291,291,0
15656,505,502,3
15657,221,219,2
15658,739,732,7
15659,173,173,0
15660,144,143,1
15661,113,111,2
15662,327,326,1
15663,50,49,1
15664,94,94,0
15665,154,154,0
15666,501,501,0
15667,93,93,0
15668,106,105,1
15669,152,152,0
15670,139,139,0
15671,399,397,2
15672,267,265,2
15673,252,246,6
15674,405,405,0
15675,914,910,4
15676,398,398,0
15677,134,134,0
15678,311,311,0
15679,137,137,0
15680,116,116,0
15681,995,982,13
15682,338,336,2
15683,316,314,2
15684,184,182,2
15685,237,237,0
15686,382,382,0
15687,200,200,0
15688,158,158,0
15689,198,197,1
15690,249,248,1
15691,204,201,3
15692,170,167,3
15693,167,164,3
15694,237,236,1
15695,117,117,0
15696,494,490,4
15697,209,205,4
15698,60,60,0
15699,132,128,4
15700,121,121,0
15701,607,606,1
15702,165,165,0
15703,99,99,0
15704,149,148,1
15705,447,447,0
15706,67,66,1
15707,54,54,0
15708,459,457,2
15709,83,80,3
15710,68,68,0
15711,78,78,0
15712,135,135,0
15713,171,171,0
15714,94,94,0
15715,99,99,0
15716,206,205,1
15717,112,112,0
15718,241,240,1
15719,135,135,0
15720,257,256,1
15721,115,115,0
15722,129,128,1
15723,102,100,2
15724,143,141,2
15725,236,235,1
15726,891,888,3
15727,301,300,1
15728,402,401,1
15729,83,82,1
15730,142,142,0
15731,47,47,0
15732,489,489,0
15733,208,206,2
15734,108,106,2
15735,123,123,0
15736,218,217,1
15737,89,89,0
15738,128,128,0
15739,168,167,1
15740,135,134,1
15741,453,452,1
15742,378,374,4
15743,211,209,2
15744,111,111,0
15745,96,96,0
15746,173,173,0
15747,48,48,0
15748,95,94,1
15749,141,141,0
15750,144,144,0
15751,551,550,1
15752,168,168,0
15753,428,427,1
15754,162,161,1
15755,113,113,0
15756,120,119,1
15757,491,491,0
15758,114,114,0
15759,668,665,3
15760,185,185,0
15761,235,235,0
15762,130,130,0
15763,131,131,0
15764,134,134,0
15765,271,271,0
15766,127,125,2
15767,145,145,0
15768,158,158,0
15769,148,148,0
15770,134,134,0
15771,199,198,1
15772,520,519,1
15773,160,160,0
15774,109,109,0
15775,213,212,1
15776,183,183,0
15777,418,418,0
15778,160,160,0
15779,232,232,0
15780,215,214,1
15781,149,149,0
15782,150,150,0
15783,122,121,1
15784,150,150,0
15785,113,113,0
15786,180,180,0
15787,236,236,0
15788,473,472,1
15789,453,453,0
15790,207,207,0
15791,251,251,0
15792,200,197,3
15793,153,153,0
15794,231,231,0
15795,313,313,0
15796,109,108,1
15797,153,153,0
15798,289,284,5
15799,69,68,1
15800,123,123,0
15801,125,125,0
15802,172,170,2
15803,255,254,1
15804,236,236,0
15805,142,142,0
15806,519,519,0
15807,259,259,0
15808,595,590,5
15809,219,219,0
15810,122,122,0
15811,144,144,0
15812,172,172,0
15813,334,334,0
15814,156,152,4
15815,111,111,0
15816,324,323,1
15817,126,125,1
15818,122,119,3
15819,240,240,0
15820,280,280,0
15821,88,88,0
15822,129,129,0
15823,249,249,0
15824,383,377,6
15825,312,309,3
15826,176,174,2
15827,168,163,5
15828,108,108,0
15829,138,138,0
15830,343,343,0
15831,114,110,4
15832,657,657,0
15833,189,183,6
15834,133,133,0
15835,394,393,1
15836,262,262,0
15837,139,139,0
15838,158,157,1
15839,267,267,0
15840,109,107,2
15841,142,142,0
15842,188,188,0
15843,160,160,0
15844,125,125,0
15845,289,289,0
15846,144,143,1
15847,137,137,0
15848,134,134,0
15849,125,125,0
15850,375,375,0
15851,188,188,0
15852,225,224,1
15853,315,315,0
15854,191,189,2
15855,122,122,0
15856,68,68,0
15857,190,187,3
15858,68,68,0
15859,249,249,0
15860,410,410,0
15861,207,207,0
15862,147,147,0
15863,187,185,2
15864,213,213,0
15865,130,130,0
15866,153,151,2
15867,94,94,0
15868,225,225,0
15869,158,158,0
15870,208,207,1
15871,491,490,1
15872,609,609,0
15873,574,573,1
15874,163,163,0
15875,294,294,0
15876,202,201,1
15877,129,127,2
15878,123,123,0
15879,494,493,1
15880,196,196,0
15881,121,121,0
15882,165,165,0
15883,526,525,1
15884,121,121,0
15885,148,148,0
15886,185,185,0
15887,138,136,2
15888,47,47,0
15889,472,472,0
15890,236,235,1
15891,140,140,0
15892,151,149,2
15893,701,699,2
15894,612,612,0
15895,287,283,4
15896,231,229,2
15897,985,980,5
15898,162,160,2
15899,391,388,3
15900,115,115,0
15901,424,419,5
15902,99,99,0
15903,109,109,0
15904,174,173,1
15905,508,505,3
15906,158,157,1
15907,404,401,3
15908,98,98,0
15909,300,300,0
15910,139,139,0
15911,523,521,2
15912,43,43,0
15913,232,231,1
15914,113,110,3
15915,121,121,0
15916,143,143,0
15917,121,121,0
15918,307,304,3
15919,153,153,0
15920,128,127,1
15921,125,125,0
15922,131,131,0
15923,115,115,0
15924,480,480,0
15925,204,204,0
15926,169,169,0
15927,129,129,0
15928,140,140,0
15929,409,406,3
15930,286,286,0
15931,125,123,2
15932,158,155,3
15933,152,152,0
15934,328,328,0
15935,143,142,1
15936,224,223,1
15937,133,133,0
15938,264,262,2
15939,137,137,0
15940,349,347,2
15941,152,152,0
15942,139,139,0
15943,126,126,0
15944,135,132,3
15945,167,166,1
15946,74,74,0
15947,169,169,0
15948,45,44,1
15949,139,139,0
15950,125,123,2
15951,599,598,1
15952,171,171,0
15953,251,251,0
15954,506,505,1
15955,91,91,0
15956,107,106,1
15957,149,149,0
15958,52,52,0
15959,84,84,0
15960,162,161,1
15961,292,292,0
15962,187,185,2
15963,175,175,0
15964,295,293,2
15965,891,885,6
15966,323,323,0
15967,157,156,1
15968,276,276,0
15969,246,244,2
15970,364,362,2
15971,264,264,0
15972,384,384,0
15973,372,371,1
15974,524,522,2
15975,195,195,0
15976,42,42,0
15977,110,110,0
15978,139,139,0
15979,128,127,1
15980,458,456,2
15981,78,76,2
15982,133,133,0
15983,250,249,1
15984,323,323,0
15985,180,179,1
15986,139,137,2
15987,85,84,1
15988,137,137,0
15989,105,105,0
15990,143,141,2
15991,85,85,0
15992,219,219,0
15993,375,375,0
15994,83,83,0
15995,56,55,1
15996,100,100,0
15997,536,534,2
15998,85,85,0
15999,158,158,0
16000,320,316,4
16001,191,191,0
16002,615,610,5
16003,399,398,1
16004,292,291,1
16005,254,254,0
16006,134,133,1
16007,164,164,0
16008,133,131,2
16009,72,72,0
16010,162,162,0
16011,59,59,0
16012,99,97,2
16013,76,76,0
16014,226,225,1
16015,66,66,0
16016,217,217,0
16017,190,185,5
16018,92,91,1
16019,212,212,0
16020,219,217,2
16021,159,155,4
16022,162,162,0
16023,307,306,1
16024,124,124,0
16025,272,270,2
16026,658,655,3
16027,317,315,2
16028,272,272,0
16029,694,684,10
16030,352,352,0
16031,1507,1502,5
16032,221,219,2
16033,1539,1534,5
16034,96,96,0
16035,720,718,2
16036,329,327,2
16037,654,651,3
16038,156,156,0
16039,139,139,0
16040,186,185,1
16041,273,267,6
16042,120,120,0
16043,129,129,0
16044,230,229,1
16045,146,143,3
16046,507,507,0
16047,109,106,3
16048,131,131,0
16049,633,628,5
16050,191,191,0
16051,274,274,0
16052,130,130,0
16053,195,195,0
16054,58,58,0
16055,126,126,0
16056,697,697,0
16057,202,202,0
16058,173,173,0
16059,506,505,1
16060,154,154,0
16061,226,226,0
16062,153,153,0
16063,145,144,1
16064,137,137,0
16065,75,75,0
16066,132,132,0
16067,118,117,1
16068,203,202,1
16069,209,209,0
16070,458,457,1
16071,316,315,1
16072,145,144,1
16073,593,592,1
16074,614,612,2
16075,172,172,0
16076,154,154,0
16077,77,76,1
16078,132,132,0
16079,164,163,1
16080,117,117,0
16081,158,158,0
16082,161,161,0
16083,129,129,0
16084,182,180,2
16085,137,137,0
16086,140,139,1
16087,88,87,1
16088,495,494,1
16089,181,179,2
16090,61,60,1
16091,284,280,4
16092,167,166,1
16093,165,164,1
16094,139,139,0
16095,137,137,0
16096,142,142,0
16097,151,151,0
16098,237,237,0
16099,126,126,0
16100,128,127,1
16101,170,170,0
16102,371,371,0
16103,63,63,0
16104,156,156,0
16105,191,190,1
16106,166,166,0
16107,358,356,2
16108,145,144,1
16109,129,129,0
16110,187,185,2
16111,128,128,0
16112,120,120,0
16113,948,935,13
16114,129,129,0
16115,241,241,0
16116,180,180,0
16117,163,163,0
16118,213,213,0
16119,131,130,1
16120,214,212,2
16121,308,307,1
16122,149,149,0
16123,162,161,1
16124,182,182,0
16125,334,334,0
16126,112,111,1
16127,162,162,0
16128,160,160,0
16129,148,148,0
16130,219,218,1
16131,457,451,6
16132,95,95,0
16133,128,128,0
16134,195,194,1
16135,116,116,0
16136,149,149,0
16137,175,174,1
16138,324,323,1
16139,100,100,0
16140,285,284,1
16141,270,269,1
16142,579,577,2
16143,478,477,1
16144,83,83,0
16145,349,348,1
16146,123,122,1
16147,90,90,0
16148,215,214,1
16149,123,123,0
16150,187,187,0
16151,197,196,1
16152,129,126,3
16153,504,503,1
16154,235,234,1
16155,928,927,1
16156,470,470,0
16157,389,388,1
16158,312,311,1
16159,115,115,0
16160,154,154,0
16161,139,139,0
16162,128,128,0
16163,136,135,1
16164,183,183,0
16165,245,245,0
16166,226,226,0
16167,259,259,0
16168,260,260,0
16169,98,97,1
16170,79,79,0
16171,368,368,0
16172,124,124,0
16173,77,76,1
16174,63,63,0
16175,143,143,0
16176,162,161,1
16177,342,341,1
16178,156,154,2
16179,139,139,0
16180,333,333,0
16181,113,103,10
16182,126,126,0
16183,123,119,4
16184,165,164,1
16185,477,475,2
16186,168,168,0
16187,202,200,2
16188,142,142,0
16189,275,270,5
16190,136,136,0
16191,153,153,0
16192,256,256,0
16193,620,620,0
16194,459,458,1
16195,161,160,1
16196,120,120,0
16197,135,135,0
16198,161,160,1
16199,94,94,0
16200,370,369,1
16201,117,116,1
16202,236,236,0
16203,413,413,0
16204,128,128,0
16205,172,172,0
16206,193,192,1
16207,458,458,0
16208,121,121,0
16209,131,131,0
16210,113,113,0
16211,120,117,3
16212,213,213,0
16213,186,185,1
16214,187,186,1
16215,149,147,2
16216,244,244,0
16217,300,297,3
16218,192,192,0
16219,112,111,1
16220,990,987,3
16221,120,120,0
16222,136,136,0
16223,162,162,0
16224,334,330,4
16225,50,50,0
16226,145,145,0
16227,347,346,1
16228,98,97,1
16229,74,73,1
16230,102,102,0
16231,239,238,1
16232,103,103,0
16233,273,272,1
16234,780,780,0
16235,117,116,1
16236,330,330,0
16237,207,207,0
16238,152,150,2
16239,395,392,3
16240,141,140,1
16241,254,253,1
16242,139,139,0
16243,473,469,4
16244,265,265,0
16245,298,298,0
16246,274,272,2
16247,110,109,1
16248,169,169,0
16249,182,182,0
16250,244,244,0
16251,149,149,0
16252,145,145,0
16253,113,113,0
16254,151,150,1
16255,181,181,0
16256,395,395,0
16257,140,140,0
16258,143,142,1
16259,549,549,0
16260,136,136,0
16261,143,143,0
16262,92,91,1
16263,191,191,0
16264,365,365,0
16265,215,214,1
16266,124,122,2
16267,382,380,2
16268,118,118,0
16269,128,128,0
16270,283,283,0
16271,137,137,0
16272,150,150,0
16273,142,142,0
16274,346,345,1
16275,362,361,1
16276,223,223,0
16277,179,179,0
16278,234,231,3
16279,73,73,0
16280,424,419,5
16281,143,143,0
16282,137,137,0
16283,236,236,0
16284,193,192,1
16285,223,222,1
16286,138,138,0
16287,490,488,2
16288,308,306,2
16289,414,413,1
16290,208,208,0
16291,154,154,0
16292,292,292,0
16293,135,135,0
16294,360,360,0
16295,424,424,0
16296,148,147,1
16297,115,115,0
16298,150,149,1
16299,308,306,2
16300,226,225,1
16301,119,119,0
16302,157,157,0
16303,425,425,0
16304,133,133,0
16305,188,186,2
16306,128,126,2
16307,653,652,1
16308,141,141,0
16309,183,183,0
16310,160,160,0
16311,194,193,1
16312,69,69,0
16313,201,201,0
16314,153,153,0
16315,216,216,0
16316,314,311,3
16317,163,162,1
16318,93,93,0
16319,69,68,1
16320,46,46,0
16321,389,388,1
16322,219,217,2
16323,246,246,0
16324,123,121,2
16325,124,124,0
16326,148,148,0
16327,157,155,2
16328,317,316,1
16329,212,212,0
16330,282,281,1
16331,128,128,0
16332,163,161,2
16333,246,246,0
16334,339,339,0
16335,148,146,2
16336,132,132,0
16337,233,233,0
16338,375,375,0
16339,176,176,0
16340,139,138,1
16341,301,300,1
16342,646,641,5
16343,241,238,3
16344,262,262,0
16345,117,117,0
16346,158,157,1
16347,348,345,3
16348,454,454,0
16349,240,240,0
16350,204,204,0
16351,213,212,1
16352,473,468,5
16353,336,336,0
16354,147,146,1
16355,188,187,1
16356,121,121,0
16357,194,194,0
16358,125,122,3
16359,115,115,0
16360,172,172,0
16361,181,180,1
16362,106,101,5
16363,576,575,1
16364,180,180,0
16365,115,115,0
16366,158,158,0
16367,132,131,1
16368,148,148,0
16369,166,166,0
16370,189,188,1
16371,158,156,2
16372,59,59,0
16373,130,130,0
16374,115,115,0
16375,64,64,0
16376,141,141,0
16377,71,71,0
16378,439,438,1
16379,174,174,0
16380,385,384,1
16381,92,92,0
16382,360,357,3
16383,128,128,0
16384,138,138,0
16385,81,81,0
16386,103,102,1
16387,184,184,0
16388,148,148,0
16389,237,236,1
16390,126,126,0
16391,283,283,0
16392,843,840,3
16393,131,130,1
16394,188,188,0
16395,266,266,0
16396,778,773,5
16397,118,117,1
16398,128,127,1
16399,157,157,0
16400,157,156,1
16401,78,78,0
16402,496,495,1
16403,184,182,2
16404,344,339,5
16405,64,64,0
16406,171,171,0
16407,32,32,0
16408,66,66,0
16409,307,307,0
16410,172,170,2
16411,116,115,1
16412,120,119,1
16413,332,330,2
16414,128,128,0
16415,296,296,0
16416,124,124,0
16417,126,123,3
16418,256,255,1
16419,637,636,1
16420,417,416,1
16421,173,173,0
16422,397,395,2
16423,124,124,0
16424,166,164,2
16425,201,201,0
16426,145,145,0
16427,125,125,0
16428,510,510,0
16429,119,119,0
16430,294,294,0
16431,246,245,1
16432,252,250,2
16433,440,439,1
16434,658,657,1
16435,249,249,0
16436,219,219,0
16437,67,66,1
16438,119,119,0
16439,274,273,1
16440,159,159,0
16441,239,235,4
16442,272,271,1
16443,181,180,1
16444,283,281,2
16445,881,880,1
16446,135,135,0
16447,1012,1007,5
16448,304,304,0
16449,521,521,0
16450,186,185,1
16451,133,133,0
16452,118,118,0
16453,121,120,1
16454,153,153,0
16455,194,194,0
16456,153,152,1
16457,46,46,0
16458,150,150,0
16459,232,231,1
16460,154,154,0
16461,392,392,0
16462,151,149,2
16463,168,166,2
16464,146,146,0
16465,391,391,0
16466,148,147,1
16467,219,218,1
16468,234,234,0
16469,234,232,2
16470,63,63,0
16471,112,110,2
16472,153,153,0
16473,144,144,0
16474,349,345,4
16475,228,228,0
16476,550,549,1
16477,144,142,2
16478,218,217,1
16479,11,11,0
16480,113,113,0
16481,36,36,0
16482,197,195,2
16483,141,140,1
16484,192,192,0
16485,138,137,1
16486,168,166,2
16487,131,130,1
16488,168,166,2
16489,71,71,0
16490,712,708,4
16491,118,118,0
16492,497,497,0
16493,226,226,0
16494,127,126,1
16495,236,235,1
16496,221,221,0
16497,98,98,0
16498,244,244,0
16499,402,399,3
16500,150,150,0
16501,164,164,0
16502,160,160,0
16503,167,167,0
16504,195,195,0
16505,377,377,0
16506,129,129,0
16507,372,371,1
16508,148,148,0
16509,180,179,1
16510,143,143,0
16511,153,153,0
16512,228,228,0
16513,385,385,0
16514,131,131,0
16515,126,125,1
16516,150,150,0
16517,75,75,0
16518,60,60,0
16519,235,232,3
16520,231,231,0
16521,441,435,6
16522,823,822,1
16523,149,149,0
16524,323,323,0
16525,673,666,7
16526,612,612,0
16527,316,316,0
16528,112,112,0
16529,34,33,1
16530,147,147,0
16531,103,103,0
16532,107,107,0
16533,56,56,0
16534,71,71,0
16535,191,190,1
16536,106,105,1
16537,53,52,1
16538,176,176,0
16539,187,187,0
16540,170,170,0
16541,208,208,0
16542,189,188,1
16543,124,123,1
16544,177,177,0
16545,264,264,0
16546,234,234,0
16547,717,716,1
16548,125,122,3
16549,95,92,3
16550,96,96,0
16551,284,284,0
16552,387,387,0
16553,98,98,0
16554,181,180,1
16555,176,176,0
16556,248,248,0
16557,173,173,0
16558,59,59,0
16559,141,141,0
16560,133,131,2
16561,231,230,1
16562,138,136,2
16563,240,238,2
16564,131,131,0
16565,181,180,1
16566,156,150,6
16567,110,110,0
16568,292,292,0
16569,133,133,0
16570,737,736,1
16571,388,388,0
16572,300,299,1
16573,187,186,1
16574,751,746,5
16575,133,133,0
16576,130,130,0
16577,625,621,4
16578,196,196,0
16579,113,113,0
16580,124,124,0
16581,148,147,1
16582,507,506,1
16583,181,180,1
16584,211,211,0
16585,258,257,1
16586,321,321,0
16587,126,125,1
16588,219,217,2
16589,980,978,2
16590,118,114,4
16591,107,107,0
16592,27,27,0
16593,91,91,0
16594,203,203,0
16595,37,37,0
16596,336,335,1
16597,728,724,4
16598,136,134,2
16599,144,144,0
16600,135,135,0
16601,126,125,1
16602,264,263,1
16603,157,155,2
16604,140,138,2
16605,95,95,0
16606,220,220,0
16607,201,189,12
16608,391,385,6
16609,119,119,0
16610,50,50,0
16611,248,246,2
16612,68,68,0
16613,555,554,1
16614,162,162,0
16615,440,440,0
16616,263,263,0
16617,1031,1029,2
16618,160,160,0
16619,126,122,4
16620,1017,1016,1
16621,184,183,1
16622,151,150,1
16623,124,123,1
16624,120,117,3
16625,154,154,0
16626,139,139,0
16627,124,124,0
16628,442,440,2
16629,321,321,0
16630,384,384,0
16631,131,131,0
16632,234,232,2
16633,149,148,1
16634,217,216,1
16635,315,314,1
16636,140,139,1
16637,127,127,0
16638,116,115,1
16639,103,100,3
16640,132,132,0
16641,257,256,1
16642,140,139,1
16643,264,264,0
16644,458,458,0
16645,325,325,0
16646,342,339,3
16647,289,287,2
16648,84,84,0
16649,191,190,1
16650,49,47,2
16651,328,326,2
16652,185,183,2
16653,281,280,1
16654,75,75,0
16655,209,208,1
16656,110,110,0
16657,151,150,1
16658,182,182,0
16659,166,166,0
16660,671,671,0
16661,264,264,0
16662,186,185,1
16663,362,362,0
16664,176,176,0
16665,150,150,0
16666,240,237,3
16667,159,159,0
16668,214,211,3
16669,300,300,0
16670,301,300,1
16671,149,148,1
16672,179,179,0
16673,56,56,0
16674,275,274,1
16675,180,179,1
16676,511,511,0
16677,115,115,0
16678,197,195,2
16679,124,124,0
16680,136,135,1
16681,174,174,0
16682,151,150,1
16683,138,138,0
16684,132,130,2
16685,302,299,3
16686,186,186,0
16687,154,154,0
16688,220,220,0
16689,267,267,0
16690,123,123,0
16691,115,115,0
16692,123,120,3
16693,700,698,2
16694,126,126,0
16695,346,346,0
16696,79,77,2
16697,81,81,0
16698,127,127,0
16699,124,124,0
16700,161,159,2
16701,641,640,1
16702,292,290,2
16703,167,166,1
16704,974,963,11
16705,497,497,0
16706,152,152,0
16707,56,56,0
16708,339,337,2
16709,67,67,0
16710,311,310,1
16711,187,187,0
16712,240,240,0
16713,201,200,1
16714,163,163,0
16715,330,328,2
16716,129,129,0
16717,83,83,0
16718,153,153,0
16719,122,121,1
16720,128,128,0
16721,309,309,0
16722,201,201,0
16723,193,193,0
16724,169,169,0
16725,183,183,0
16726,228,226,2
16727,158,158,0
16728,181,180,1
16729,131,131,0
16730,106,106,0
16731,134,133,1
16732,870,868,2
16733,124,124,0
16734,536,535,1
16735,146,146,0
16736,155,155,0
16737,148,147,1
16738,366,365,1
16739,143,142,1
16740,48,48,0
16741,395,391,4
16742,115,114,1
16743,178,178,0
16744,113,113,0
16745,239,239,0
16746,106,106,0
16747,119,118,1
16748,148,147,1
16749,164,163,1
16750,538,538,0
16751,220,220,0
16752,142,141,1
16753,175,175,0
16754,223,223,0
16755,131,131,0
16756,807,804,3
16757,171,171,0
16758,122,122,0
16759,225,225,0
16760,107,107,0
16761,182,181,1
16762,132,129,3
16763,329,317,12
16764,529,527,2
16765,146,146,0
16766,148,148,0
16767,250,250,0
16768,797,797,0
16769,296,296,0
16770,142,141,1
16771,83,83,0
16772,171,171,0
16773,423,423,0
16774,130,130,0
16775,171,169,2
16776,36,35,1
16777,258,258,0
16778,209,209,0
16779,115,115,0
16780,130,130,0
16781,158,158,0
16782,250,248,2
16783,159,158,1
16784,300,299,1
16785,173,173,0
16786,59,59,0
16787,261,260,1
16788,76,76,0
16789,74,73,1
16790,43,43,0
16791,149,149,0
16792,123,122,1
16793,419,419,0
16794,361,360,1
16795,121,112,9
16796,152,151,1
16797,145,139,6
16798,103,102,1
16799,66,65,1
16800,223,222,1
16801,119,119,0
16802,126,126,0
16803,261,260,1
16804,303,301,2
16805,139,139,0
16806,137,137,0
16807,129,129,0
16808,99,99,0
16809,76,76,0
16810,121,120,1
16811,128,128,0
16812,126,126,0
16813,312,312,0
16814,309,309,0
16815,317,316,1
16816,152,152,0
16817,203,203,0
16818,108,107,1
16819,139,139,0
16820,323,323,0
16821,118,118,0
16822,357,356,1
16823,108,108,0
16824,159,159,0
16825,344,343,1
16826,312,310,2
16827,64,64,0
16828,231,231,0
16829,265,265,0
16830,291,291,0
16831,123,123,0
16832,584,584,0
16833,123,122,1
16834,106,106,0
16835,419,416,3
16836,141,141,0
16837,249,249,0
16838,318,316,2
16839,185,185,0
16840,224,224,0
16841,334,334,0
16842,116,115,1
16843,458,458,0
16844,135,135,0
16845,440,440,0
16846,44,44,0
16847,77,77,0
16848,68,68,0
16849,95,95,0
16850,127,125,2
16851,68,68,0
16852,93,93,0
16853,174,173,1
16854,13,13,0
16855,169,168,1
16856,201,201,0
16857,274,274,0
16858,138,133,5
16859,158,158,0
16860,51,51,0
16861,86,86,0
16862,197,197,0
16863,172,170,2
16864,377,377,0
16865,150,149,1
16866,136,136,0
16867,88,88,0
16868,157,156,1
16869,167,165,2
16870,82,81,1
16871,127,127,0
16872,433,432,1
16873,129,126,3
16874,693,688,5
16875,142,141,1
16876,291,289,2
16877,143,143,0
16878,56,56,0
16879,108,108,0
16880,245,242,3
16881,260,259,1
16882,676,674,2
16883,137,137,0
16884,540,540,0
16885,133,133,0
16886,212,212,0
16887,532,529,3
16888,167,167,0
16889,214,213,1
16890,185,185,0
16891,405,405,0
16892,248,247,1
16893,425,422,3
16894,130,130,0
16895,354,354,0
16896,493,491,2
16897,276,276,0
16898,131,131,0
16899,106,106,0
16900,135,134,1
16901,90,90,0
16902,221,221,0
16903,182,180,2
16904,117,116,1
16905,200,200,0
16906,460,460,0
16907,93,93,0
16908,90,89,1
16909,129,128,1
16910,277,277,0
16911,885,879,6
16912,142,142,0
16913,141,141,0
16914,353,349,4
16915,458,457,1
16916,144,142,2
16917,110,110,0
16918,127,126,1
16919,407,407,0
16920,229,229,0
16921,255,254,1
16922,724,724,0
16923,192,192,0
16924,191,191,0
16925,278,278,0
16926,124,124,0
16927,136,135,1
16928,128,128,0
16929,111,111,0
16930,132,129,3
16931,60,59,1
16932,231,227,4
16933,506,503,3
16934,191,191,0
16935,188,187,1
16936,140,139,1
16937,136,136,0
16938,150,149,1
16939,129,129,0
16940,303,303,0
16941,144,144,0
16942,122,122,0
16943,268,267,1
16944,184,182,2
16945,156,156,0
16946,170,170,0
16947,126,125,1
16948,323,323,0
16949,181,179,2
16950,336,333,3
16951,179,179,0
16952,309,308,1
16953,163,163,0
16954,294,294,0
16955,1007,998,9
16956,592,591,1
16957,480,480,0
16958,351,349,2
16959,249,249,0
16960,168,168,0
16961,399,399,0
16962,110,108,2
16963,113,113,0
16964,133,133,0
16965,83,83,0
16966,331,331,0
16967,361,359,2
16968,115,115,0
16969,238,235,3
16970,126,126,0
16971,224,222,2
16972,157,156,1
16973,328,328,0
16974,283,282,1
16975,126,126,0
16976,326,326,0
16977,373,364,9
16978,213,213,0
16979,134,134,0
16980,251,251,0
16981,183,179,4
16982,274,272,2
16983,546,534,12
16984,325,324,1
16985,285,284,1
16986,188,187,1
16987,124,124,0
16988,323,323,0
16989,620,620,0
16990,530,530,0
16991,326,326,0
16992,132,132,0
16993,185,183,2
16994,255,253,2
16995,132,131,1
16996,231,229,2
16997,108,108,0
16998,186,186,0
16999,154,153,1
17000,157,157,0
17001,197,194,3
17002,173,172,1
17003,298,295,3
17004,150,150,0
17005,150,149,1
17006,123,122,1
17007,129,129,0
17008,140,139,1
17009,309,307,2
17010,188,188,0
17011,104,104,0
17012,139,139,0
17013,251,250,1
17014,172,172,0
17015,185,185,0
17016,249,244,5
17017,167,166,1
17018,206,206,0
17019,197,194,3
17020,268,268,0
17021,128,124,4
17022,92,92,0
17023,99,99,0
17024,140,140,0
17025,209,208,1
17026,126,126,0
17027,389,387,2
17028,421,419,2
17029,163,162,1
17030,477,477,0
17031,112,112,0
17032,149,148,1
17033,226,226,0
17034,189,189,0
17035,366,365,1
17036,132,132,0
17037,283,283,0
17038,128,127,1
17039,222,221,1
17040,109,109,0
17041,103,103,0
17042,86,84,2
17043,164,164,0
17044,273,272,1
17045,192,192,0
17046,374,373,1
17047,201,201,0
17048,378,377,1
17049,116,116,0
17050,63,63,0
17051,52,52,0
17052,191,188,3
17053,97,97,0
17054,358,358,0
17055,101,101,0
17056,149,149,0
17057,207,207,0
17058,82,81,1
17059,234,234,0
17060,191,189,2
17061,588,588,0
17062,345,345,0
17063,182,181,1
17064,171,171,0
17065,234,232,2
17066,131,131,0
17067,126,126,0
17068,196,196,0
17069,148,148,0
17070,130,130,0
17071,265,265,0
17072,209,209,0
17073,140,140,0
17074,131,131,0
17075,310,310,0
17076,536,533,3
17077,119,119,0
17078,131,128,3
17079,121,121,0
17080,136,136,0
17081,295,295,0
17082,215,215,0
17083,107,107,0
17084,441,441,0
17085,119,118,1
17086,143,143,0
17087,122,120,2
17088,109,108,1
17089,121,121,0
17090,131,131,0
17091,157,157,0
17092,265,265,0
17093,144,144,0
17094,137,137,0
17095,238,238,0
17096,176,175,1
17097,135,135,0
17098,168,168,0
17099,178,177,1
17100,260,260,0
17101,148,148,0
17102,191,191,0
17103,647,641,6
17104,207,206,1
17105,127,125,2
17106,179,179,0
17107,228,225,3
17108,133,133,0
17109,115,115,0
17110,131,131,0
17111,234,232,2
17112,170,170,0
17113,243,242,1
17114,235,235,0
17115,126,126,0
17116,337,337,0
17117,417,416,1
17118,212,211,1
17119,110,109,1
17120,201,201,0
17121,84,84,0
17122,309,309,0
17123,94,93,1
17124,132,130,2
17125,361,357,4
17126,371,369,2
17127,124,124,0
17128,383,382,1
17129,450,450,0
17130,565,563,2
17131,162,161,1
17132,171,169,2
17133,93,93,0
17134,263,260,3
17135,118,118,0
17136,115,114,1
17137,167,167,0
17138,125,125,0
17139,231,230,1
17140,304,300,4
17141,411,411,0
17142,147,146,1
17143,117,117,0
17144,181,181,0
17145,453,451,2
17146,273,273,0
17147,131,131,0
17148,204,204,0
17149,622,616,6
17150,135,135,0
17151,329,329,0
17152,451,451,0
17153,187,187,0
17154,338,338,0
17155,289,286,3
17156,934,933,1
17157,54,54,0
17158,58,58,0
17159,87,87,0
17160,117,117,0
17161,257,256,1
17162,134,134,0
17163,46,46,0
17164,202,202,0
17165,433,432,1
17166,117,117,0
17167,218,217,1
17168,515,512,3
17169,359,359,0
17170,202,202,0
17171,127,127,0
17172,115,114,1
17173,65,65,0
17174,159,158,1
17175,226,226,0
17176,108,108,0
17177,241,241,0
17178,119,119,0
17179,228,228,0
17180,243,243,0
17181,133,133,0
17182,151,151,0
17183,148,147,1
17184,524,522,2
17185,342,341,1
17186,139,138,1
17187,47,47,0
17188,122,120,2
17189,163,162,1
17190,182,182,0
17191,130,130,0
17192,198,198,0
17193,397,397,0
17194,170,170,0
17195,929,925,4
17196,253,253,0
17197,267,267,0
17198,216,215,1
17199,657,656,1
17200,1362,1359,3
17201,805,800,5
17202,966,963,3
17203,260,258,2
17204,411,409,2
17205,455,450,5
17206,101,101,0
17207,110,109,1
17208,462,461,1
17209,197,195,2
17210,311,311,0
17211,385,383,2
17212,369,369,0
17213,128,128,0
17214,833,830,3
17215,132,132,0
17216,147,146,1
17217,152,151,1
17218,91,91,0
17219,88,88,0
17220,119,109,10
17221,522,521,1
17222,132,132,0
17223,307,307,0
17224,88,88,0
17225,544,544,0
17226,151,150,1
17227,160,160,0
17228,332,332,0
17229,487,485,2
17230,376,375,1
17231,100,100,0
17232,236,234,2
17233,197,196,1
17234,135,133,2
17235,147,145,2
17236,163,163,0
17237,239,239,0
17238,143,143,0
17239,137,137,0
17240,118,117,1
17241,242,242,0
17242,428,428,0
17243,133,133,0
17244,82,82,0
17245,1000,999,1
17246,424,422,2
17247,288,287,1
17248,255,255,0
17249,425,425,0
17250,173,172,1
17251,134,134,0
17252,155,155,0
17253,521,519,2
17254,334,333,1
17255,125,124,1
17256,187,187,0
17257,322,322,0
17258,79,79,0
17259,247,247,0
17260,132,132,0
17261,472,470,2
17262,151,151,0
17263,124,124,0
17264,138,136,2
17265,159,159,0
17266,181,181,0
17267,108,108,0
17268,230,229,1
17269,155,155,0
17270,102,101,1
17271,86,86,0
17272,296,294,2
17273,180,180,0
17274,286,284,2
17275,127,127,0
17276,218,218,0
17277,125,124,1
17278,279,279,0
17279,480,480,0
17280,656,650,6
17281,139,139,0
17282,148,146,2
17283,45,44,1
17284,331,331,0
17285,236,235,1
17286,241,240,1
17287,130,128,2
17288,83,83,0
17289,575,575,0
17290,81,81,0
17291,211,211,0
17292,148,148,0
17293,261,259,2
17294,149,149,0
17295,223,222,1
17296,193,193,0
17297,118,118,0
17298,149,149,0
17299,22,22,0
17300,301,300,1
17301,136,136,0
17302,341,339,2
17303,131,131,0
17304,84,84,0
17305,155,153,2
17306,256,256,0
17307,106,104,2
17308,67,67,0
17309,67,67,0
17310,50,50,0
17311,219,218,1
17312,103,103,0
17313,147,146,1
17314,57,57,0
17315,176,176,0
17316,174,173,1
17317,153,153,0
17318,201,201,0
17319,385,383,2
17320,123,123,0
17321,62,62,0
17322,226,224,2
17323,50,49,1
17324,98,96,2
17325,485,484,1
17326,173,172,1
17327,254,253,1
17328,290,288,2
17329,399,398,1
17330,98,98,0
17331,185,183,2
17332,139,137,2
17333,154,152,2
17334,156,156,0
17335,546,545,1
17336,255,255,0
17337,205,203,2
17338,179,179,0
17339,85,85,0
17340,375,375,0
17341,115,115,0
17342,182,182,0
17343,137,137,0
17344,70,70,0
17345,192,191,1
17346,125,125,0
17347,247,247,0
17348,130,130,0
17349,110,110,0
17350,189,189,0
17351,86,84,2
17352,173,173,0
17353,155,155,0
17354,284,282,2
17355,150,149,1
17356,191,191,0
17357,176,175,1
17358,317,317,0
17359,228,228,0
17360,459,458,1
17361,192,189,3
17362,119,119,0
17363,179,178,1
17364,133,133,0
17365,378,377,1
17366,124,124,0
17367,135,135,0
17368,602,599,3
17369,224,224,0
17370,138,138,0
17371,179,177,2
17372,131,130,1
17373,264,264,0
17374,173,173,0
17375,216,216,0
17376,193,193,0
17377,63,63,0
17378,443,443,0
17379,303,302,1
17380,499,499,0
17381,488,487,1
17382,42,42,0
17383,158,158,0
17384,162,162,0
17385,554,553,1
17386,147,146,1
17387,237,236,1
17388,146,145,1
17389,56,54,2
17390,151,151,0
17391,143,142,1
17392,74,73,1
17393,154,154,0
17394,20,20,0
17395,220,220,0
17396,144,144,0
17397,139,138,1
17398,200,200,0
17399,124,123,1
17400,156,156,0
17401,229,229,0
17402,150,150,0
17403,210,210,0
17404,123,123,0
17405,136,136,0
17406,190,190,0
17407,341,340,1
17408,149,149,0
17409,173,172,1
17410,128,126,2
17411,514,511,3
17412,167,167,0
17413,369,368,1
17414,158,158,0
17415,97,97,0
17416,340,337,3
17417,151,149,2
17418,368,368,0
17419,135,135,0
17420,225,224,1
17421,139,139,0
17422,128,127,1
17423,233,233,0
17424,102,102,0
17425,118,118,0
17426,214,213,1
17427,88,88,0
17428,65,65,0
17429,61,60,1
17430,96,93,3
17431,135,135,0
17432,132,132,0
17433,141,140,1
17434,183,183,0
17435,165,165,0
17436,58,58,0
17437,169,168,1
17438,530,530,0
17439,128,127,1
17440,433,433,0
17441,406,406,0
17442,211,211,0
17443,160,158,2
17444,173,170,3
17445,621,619,2
17446,226,225,1
17447,279,278,1
17448,508,506,2
17449,203,200,3
17450,376,374,2
17451,580,577,3
17452,139,137,2
17453,134,134,0
17454,103,102,1
17455,146,145,1
17456,201,200,1
17457,346,345,1
17458,172,172,0
17459,770,767,3
17460,352,350,2
17461,137,137,0
17462,976,975,1
17463,285,285,0
17464,137,137,0
17465,315,312,3
17466,293,292,1
17467,199,198,1
17468,124,123,1
17469,269,263,6
17470,214,212,2
17471,120,120,0
17472,91,91,0
17473,359,359,0
17474,207,206,1
17475,203,203,0
17476,105,105,0
17477,285,285,0
17478,176,175,1
17479,168,168,0
17480,278,278,0
17481,129,128,1
17482,252,251,1
17483,572,569,3
17484,484,484,0
17485,325,325,0
17486,175,175,0
17487,212,212,0
17488,134,134,0
17489,361,361,0
17490,186,186,0
17491,225,225,0
17492,169,167,2
17493,204,204,0
17494,650,650,0
17495,260,259,1
17496,558,557,1
17497,348,348,0
17498,441,440,1
17499,146,146,0
17500,584,584,0
17501,85,85,0
17502,54,54,0
17503,106,106,0
17504,149,149,0
17505,412,412,0
17506,753,745,8
17507,110,110,0
17508,209,209,0
17509,56,56,0
17510,185,185,0
17511,123,123,0
17512,963,961,2
17513,437,433,4
17514,100,95,5
17515,60,60,0
17516,140,138,2
17517,405,404,1
17518,616,613,3
17519,154,154,0
17520,318,317,1
17521,222,222,0
17522,146,146,0
17523,49,49,0
17524,145,145,0
17525,263,262,1
17526,244,240,4
17527,307,305,2
17528,161,161,0
17529,195,195,0
17530,218,216,2
17531,199,199,0
17532,410,410,0
17533,168,168,0
17534,142,141,1
17535,152,152,0
17536,142,142,0
17537,298,296,2
17538,212,212,0
17539,317,317,0
17540,156,156,0
17541,872,870,2
17542,176,174,2
17543,181,181,0
17544,140,140,0
17545,129,128,1
17546,204,204,0
17547,102,102,0
17548,490,490,0
17549,99,98,1
17550,387,385,2
17551,172,172,0
17552,369,369,0
17553,203,202,1
17554,94,94,0
17555,527,525,2
17556,71,70,1
17557,332,331,1
17558,198,196,2
17559,41,41,0
17560,158,157,1
17561,105,105,0
17562,239,239,0
17563,172,172,0
17564,137,136,1
17565,116,116,0
17566,145,145,0
17567,50,50,0
17568,293,292,1
17569,169,169,0
17570,139,136,3
17571,137,137,0
17572,305,301,4
17573,180,180,0
17574,129,128,1
17575,103,103,0
17576,151,151,0
17577,199,198,1
17578,384,384,0
17579,264,264,0
17580,161,161,0
17581,153,153,0
17582,208,208,0
17583,201,201,0
17584,819,817,2
17585,168,168,0
17586,399,398,1
17587,203,203,0
17588,212,212,0
17589,115,115,0
17590,133,133,0
17591,172,171,1
17592,146,146,0
17593,161,161,0
17594,162,162,0
17595,46,46,0
17596,213,213,0
17597,166,166,0
17598,201,199,2
17599,284,278,6
17600,231,229,2
17601,177,177,0
17602,325,324,1
17603,159,159,0
17604,127,127,0
17605,152,152,0
17606,280,280,0
17607,528,527,1
17608,582,582,0
17609,261,257,4
17610,242,240,2
17611,40,40,0
17612,201,201,0
17613,131,131,0
17614,113,112,1
17615,185,185,0
17616,162,162,0
17617,370,370,0
17618,932,929,3
17619,137,135,2
17620,192,192,0
17621,185,185,0
17622,500,497,3
17623,123,123,0
17624,370,369,1
17625,96,96,0
17626,233,231,2
17627,217,217,0
17628,136,136,0
17629,603,602,1
17630,103,103,0
17631,277,275,2
17632,255,255,0
17633,154,154,0
17634,110,110,0
17635,194,193,1
17636,76,76,0
17637,152,151,1
17638,246,246,0
17639,485,485,0
17640,505,505,0
17641,220,220,0
17642,119,119,0
17643,93,91,2
17644,162,162,0
17645,129,129,0
17646,130,130,0
17647,179,179,0
17648,141,141,0
17649,601,597,4
17650,220,220,0
17651,447,447,0
17652,173,172,1
17653,244,243,1
17654,185,184,1
17655,617,615,2
17656,178,178,0
17657,158,158,0
17658,304,303,1
17659,84,83,1
17660,55,54,1
17661,36,36,0
17662,196,196,0
17663,127,127,0
17664,93,92,1
17665,156,155,1
17666,112,111,1
17667,162,162,0
17668,243,242,1
17669,148,148,0
17670,263,263,0
17671,171,171,0
17672,119,119,0
17673,225,224,1
17674,171,169,2
17675,221,218,3
17676,123,122,1
17677,219,219,0
17678,253,253,0
17679,178,177,1
17680,131,130,1
17681,322,321,1
17682,261,261,0
17683,94,94,0
17684,47,47,0
17685,161,161,0
17686,454,454,0
17687,204,203,1
17688,427,426,1
17689,251,251,0
17690,242,242,0
17691,84,84,0
17692,194,193,1
17693,196,195,1
17694,137,135,2
17695,188,187,1
17696,79,79,0
17697,171,171,0
17698,141,140,1
17699,36,35,1
17700,153,153,0
17701,101,100,1
17702,352,352,0
17703,150,150,0
17704,148,148,0
17705,207,207,0
17706,187,186,1
17707,177,177,0
17708,179,179,0
17709,270,269,1
17710,250,248,2
17711,126,125,1
17712,140,140,0
17713,219,219,0
17714,317,316,1
17715,368,368,0
17716,255,254,1
17717,128,128,0
17718,133,133,0
17719,165,165,0
17720,153,152,1
17721,267,266,1
17722,378,377,1
17723,226,226,0
17724,152,152,0
17725,91,91,0
17726,342,342,0
17727,131,131,0
17728,469,469,0
17729,364,360,4
17730,128,128,0
17731,155,155,0
17732,325,322,3
17733,84,84,0
17734,115,115,0
17735,112,112,0
17736,284,284,0
17737,257,256,1
17738,31,31,0
17739,335,333,2
17740,211,211,0
17741,318,318,0
17742,907,907,0
17743,57,57,0
17744,173,172,1
17745,185,184,1
17746,141,141,0
17747,124,124,0
17748,130,129,1
17749,511,508,3
17750,222,220,2
17751,250,250,0
17752,155,154,1
17753,141,140,1
17754,104,104,0
17755,147,147,0
17756,134,134,0
17757,127,127,0
17758,129,129,0
17759,189,189,0
17760,197,197,0
17761,405,404,1
17762,517,514,3
17763,226,226,0
17764,282,280,2
17765,127,127,0
17766,153,152,1
17767,134,134,0
17768,81,81,0
17769,140,140,0
17770,141,141,0
17771,192,192,0
17772,182,181,1
17773,349,348,1
17774,125,124,1
17775,122,122,0
17776,246,245,1
17777,49,49,0
17778,137,136,1
17779,203,203,0
17780,375,371,4
17781,142,142,0
17782,129,129,0
17783,360,359,1
17784,213,212,1
17785,212,211,1
17786,370,369,1
17787,163,163,0
17788,132,130,2
17789,196,196,0
17790,213,213,0
17791,449,449,0
17792,292,292,0
17793,143,142,1
17794,265,264,1
17795,144,144,0
17796,129,129,0
17797,93,91,2
17798,159,159,0
17799,181,180,1
17800,525,525,0
17801,247,246,1
17802,186,186,0
17803,145,144,1
17804,151,151,0
17805,53,52,1
17806,87,86,1
17807,183,181,2
17808,128,128,0
17809,241,238,3
17810,100,100,0
17811,318,318,0
17812,206,206,0
17813,122,121,1
17814,348,347,1
17815,127,124,3
17816,744,740,4
17817,253,253,0
17818,472,467,5
17819,577,576,1
17820,228,228,0
17821,140,139,1
17822,184,184,0
17823,385,385,0
17824,222,221,1
17825,616,614,2
17826,353,351,2
17827,603,600,3
17828,147,147,0
17829,564,563,1
17830,493,493,0
17831,143,143,0
17832,75,75,0
17833,270,268,2
17834,69,69,0
17835,292,292,0
17836,63,63,0
17837,178,178,0
17838,237,236,1
17839,131,131,0
17840,376,375,1
17841,133,132,1
17842,414,411,3
17843,108,108,0
17844,112,110,2
17845,183,182,1
17846,192,192,0
17847,121,119,2
17848,121,118,3
17849,491,488,3
17850,265,263,2
17851,396,394,2
17852,148,146,2
17853,227,225,2
17854,159,158,1
17855,37,36,1
17856,170,169,1
17857,260,259,1
17858,365,364,1
17859,102,102,0
17860,61,60,1
17861,96,94,2
17862,180,180,0
17863,151,148,3
17864,183,183,0
17865,447,444,3
17866,472,469,3
17867,335,331,4
17868,232,232,0
17869,58,58,0
17870,266,265,1
17871,273,271,2
17872,70,70,0
17873,141,140,1
17874,124,122,2
17875,151,151,0
17876,816,813,3
17877,257,255,2
17878,1001,997,4
17879,312,311,1
17880,204,203,1
17881,107,107,0
17882,197,197,0
17883,182,182,0
17884,359,358,1
17885,335,335,0
17886,126,126,0
17887,217,217,0
17888,846,845,1
17889,189,188,1
17890,119,119,0
17891,276,275,1
17892,91,91,0
17893,372,371,1
17894,101,100,1
17895,134,134,0
17896,167,167,0
17897,127,127,0
17898,173,173,0
17899,188,188,0
17900,159,159,0
17901,884,882,2
17902,153,153,0
17903,84,84,0
17904,191,191,0
17905,191,190,1
17906,102,102,0
17907,273,273,0
17908,128,128,0
17909,133,133,0
17910,126,125,1
17911,317,316,1
17912,187,187,0
17913,139,138,1
17914,293,291,2
17915,760,760,0
17916,177,174,3
17917,241,241,0
17918,161,161,0
17919,113,113,0
17920,683,681,2
17921,89,89,0
17922,384,377,7
17923,120,119,1
17924,1034,1027,7
17925,158,157,1
17926,68,68,0
17927,50,50,0
17928,152,152,0
17929,216,215,1
17930,243,243,0
17931,106,105,1
17932,185,184,1
17933,263,263,0
17934,554,554,0
17935,231,230,1
17936,422,421,1
17937,182,181,1
17938,163,161,2
17939,131,131,0
17940,121,121,0
17941,180,178,2
17942,207,206,1
17943,275,273,2
17944,212,211,1
17945,154,154,0
17946,162,162,0
17947,130,130,0
17948,248,243,5
17949,338,337,1
17950,379,373,6
17951,130,129,1
17952,186,182,4
17953,408,402,6
17954,111,111,0
17955,834,830,4
17956,131,129,2
17957,667,666,1
17958,363,363,0
17959,406,403,3
17960,235,233,2
17961,164,164,0
17962,311,311,0
17963,222,221,1
17964,81,81,0
17965,421,421,0
17966,149,149,0
17967,98,98,0
17968,102,100,2
17969,125,124,1
17970,196,196,0
17971,137,137,0
17972,150,150,0
17973,56,55,1
17974,401,394,7
17975,114,114,0
17976,91,91,0
17977,578,572,6
17978,448,446,2
17979,481,480,1
17980,752,744,8
17981,171,170,1
17982,886,885,1
17983,472,472,0
17984,128,128,0
17985,134,133,1
17986,307,294,13
17987,142,142,0
17988,126,126,0
17989,118,117,1
17990,420,417,3
17991,109,107,2
17992,342,339,3
17993,115,115,0
17994,176,176,0
17995,488,487,1
17996,108,107,1
17997,71,71,0
17998,138,138,0
17999,124,124,0
18000,135,135,0
18001,46,46,0
18002,49,49,0
18003,124,124,0
18004,166,166,0
18005,166,166,0
18006,63,63,0
18007,118,118,0
18008,133,133,0
18009,189,189,0
18010,82,81,1
18011,106,106,0
18012,206,206,0
18013,327,327,0
18014,695,694,1
18015,185,185,0
18016,218,217,1
18017,148,148,0
18018,167,167,0
18019,996,988,8
18020,314,311,3
18021,53,53,0
18022,169,169,0
18023,168,168,0
18024,87,87,0
18025,151,151,0
18026,206,206,0
18027,269,269,0
18028,133,133,0
18029,106,102,4
18030,236,236,0
18031,136,135,1
18032,251,250,1
18033,257,256,1
18034,146,146,0
18035,151,151,0
18036,77,77,0
18037,76,76,0
18038,191,191,0
18039,113,113,0
18040,420,420,0
18041,172,171,1
18042,149,148,1
18043,166,166,0
18044,231,230,1
18045,47,47,0
18046,59,59,0
18047,299,298,1
18048,327,327,0
18049,177,175,2
18050,365,365,0
18051,31,31,0
18052,115,115,0
18053,131,131,0
18054,867,865,2
18055,154,154,0
18056,133,133,0
18057,131,130,1
18058,107,107,0
18059,128,127,1
18060,162,162,0
18061,261,260,1
18062,134,134,0
18063,148,146,2
18064,204,204,0
18065,381,378,3
18066,213,213,0
18067,154,152,2
18068,393,393,0
18069,137,136,1
18070,209,209,0
18071,159,159,0
18072,126,126,0
18073,133,132,1
18074,312,310,2
18075,495,493,2
18076,192,190,2
18077,183,181,2
18078,141,140,1
18079,94,94,0
18080,204,202,2
18081,74,73,1
18082,178,178,0
18083,539,536,3
18084,175,175,0
18085,66,66,0
18086,169,169,0
18087,119,118,1
18088,891,891,0
18089,384,383,1
18090,213,213,0
18091,269,266,3
18092,441,440,1
18093,128,127,1
18094,168,168,0
18095,116,116,0
18096,172,171,1
18097,843,843,0
18098,143,143,0
18099,118,118,0
18100,175,175,0
18101,173,172,1
18102,251,250,1
18103,439,439,0
18104,1002,998,4
18105,58,58,0
18106,274,274,0
18107,375,375,0
18108,59,58,1
18109,135,135,0
18110,291,290,1
18111,289,288,1
18112,139,130,9
18113,145,145,0
18114,452,451,1
18115,147,147,0
18116,143,143,0
18117,181,178,3
18118,248,247,1
18119,646,645,1
18120,167,167,0
18121,149,148,1
18122,265,262,3
18123,122,121,1
18124,292,291,1
18125,135,135,0
18126,284,283,1
18127,117,116,1
18128,133,133,0
18129,111,111,0
18130,430,428,2
18131,199,199,0
18132,149,149,0
18133,294,290,4
18134,494,490,4
18135,1000,990,10
18136,609,609,0
18137,255,254,1
18138,623,621,2
18139,85,85,0
18140,126,126,0
18141,264,264,0
18142,166,165,1
18143,364,363,1
18144,222,221,1
18145,216,216,0
18146,435,432,3
18147,60,60,0
18148,151,150,1
18149,845,843,2
18150,189,189,0
18151,183,181,2
18152,160,160,0
18153,228,228,0
18154,147,145,2
18155,140,140,0
18156,45,45,0
18157,133,133,0
18158,554,551,3
18159,152,152,0
18160,191,190,1
18161,293,292,1
18162,204,202,2
18163,194,194,0
18164,146,145,1
18165,167,165,2
18166,164,164,0
18167,201,200,1
18168,168,168,0
18169,100,100,0
18170,90,90,0
18171,88,88,0
18172,203,203,0
18173,143,143,0
18174,154,154,0
18175,161,161,0
18176,65,63,2
18177,98,98,0
18178,98,96,2
18179,136,136,0
18180,367,367,0
18181,158,158,0
18182,148,148,0
18183,189,189,0
18184,286,286,0
18185,97,97,0
18186,348,347,1
18187,439,430,9
18188,127,123,4
18189,135,133,2
18190,110,110,0
18191,98,97,1
18192,218,217,1
18193,70,70,0
18194,58,58,0
18195,206,206,0
18196,508,507,1
18197,172,172,0
18198,110,101,9
18199,304,304,0
18200,713,713,0
18201,308,308,0
18202,557,557,0
18203,242,241,1
18204,121,121,0
18205,192,192,0
18206,186,186,0
18207,259,259,0
18208,321,320,1
18209,164,164,0
18210,56,56,0
18211,656,654,2
18212,261,261,0
18213,376,375,1
18214,203,203,0
18215,281,281,0
18216,230,229,1
18217,125,125,0
18218,132,129,3
18219,209,207,2
18220,128,128,0
18221,327,324,3
18222,277,276,1
18223,129,129,0
18224,310,307,3
18225,365,365,0
18226,306,304,2
18227,99,99,0
18228,70,70,0
18229,156,155,1
18230,236,235,1
18231,175,175,0
18232,123,123,0
18233,285,284,1
18234,32,32,0
18235,38,38,0
18236,90,90,0
18237,50,50,0
18238,102,102,0
18239,264,261,3
18240,150,149,1
18241,304,304,0
18242,63,61,2
18243,362,362,0
18244,50,49,1
18245,130,130,0
18246,53,52,1
18247,675,674,1
18248,96,96,0
18249,179,177,2
18250,134,133,1
18251,93,92,1
18252,539,539,0
18253,225,221,4
18254,48,48,0
18255,128,128,0
18256,837,837,0
18257,106,106,0
18258,139,137,2
18259,194,193,1
18260,31,31,0
18261,237,236,1
18262,242,241,1
18263,195,194,1
18264,52,52,0
18265,187,186,1
18266,166,165,1
18267,123,123,0
18268,128,128,0
18269,395,394,1
18270,178,178,0
18271,235,235,0
18272,401,401,0
18273,169,167,2
18274,243,242,1
18275,249,247,2
18276,705,704,1
18277,159,159,0
18278,463,463,0
18279,121,120,1
18280,120,120,0
18281,134,133,1
18282,592,592,0
18283,135,135,0
18284,214,214,0
18285,165,165,0
18286,225,224,1
18287,442,440,2
18288,122,122,0
18289,298,296,2
18290,196,196,0
18291,268,267,1
18292,148,148,0
18293,356,356,0
18294,94,93,1
18295,666,666,0
18296,148,146,2
18297,173,173,0
18298,196,196,0
18299,135,133,2
18300,141,141,0
18301,531,527,4
18302,318,315,3
18303,256,255,1
18304,196,195,1
18305,104,104,0
18306,234,227,7
18307,303,303,0
18308,263,263,0
18309,536,535,1
18310,169,169,0
18311,108,108,0
18312,129,129,0
18313,151,151,0
18314,144,144,0
18315,176,176,0
18316,121,121,0
18317,127,127,0
18318,324,323,1
18319,228,228,0
18320,251,251,0
18321,107,107,0
18322,240,239,1
18323,254,254,0
18324,179,179,0
18325,398,396,2
18326,373,372,1
18327,261,261,0
18328,377,376,1
18329,338,336,2
18330,553,543,10
18331,95,93,2
18332,279,278,1
18333,318,317,1
18334,283,281,2
18335,157,157,0
18336,126,126,0
18337,157,157,0
18338,116,114,2
18339,733,728,5
18340,982,977,5
18341,380,380,0
18342,135,134,1
18343,463,459,4
18344,188,187,1
18345,396,396,0
18346,405,403,2
18347,855,854,1
18348,529,529,0
18349,66,66,0
18350,127,127,0
18351,104,100,4
18352,213,213,0
18353,129,129,0
18354,127,127,0
18355,234,233,1
18356,346,321,25
18357,175,175,0
18358,160,159,1
18359,185,185,0
18360,300,298,2
18361,43,43,0
18362,55,55,0
18363,114,113,1
18364,942,938,4
18365,268,268,0
18366,132,132,0
18367,193,192,1
18368,730,726,4
18369,147,147,0
18370,145,144,1
18371,146,146,0
18372,320,320,0
18373,224,223,1
18374,130,130,0
18375,143,143,0
18376,523,521,2
18377,160,160,0
18378,167,167,0
18379,381,376,5
18380,150,150,0
18381,159,159,0
18382,147,147,0
18383,745,741,4
18384,163,163,0
18385,977,973,4
18386,146,145,1
18387,349,349,0
18388,90,90,0
18389,121,121,0
18390,180,178,2
18391,498,497,1
18392,403,402,1
18393,356,354,2
18394,385,385,0
18395,495,492,3
18396,149,149,0
18397,145,145,0
18398,105,105,0
18399,145,144,1
18400,311,305,6
18401,90,90,0
18402,116,116,0
18403,377,374,3
18404,125,125,0
18405,315,314,1
18406,305,297,8
18407,169,169,0
18408,285,283,2
18409,180,180,0
18410,295,294,1
18411,145,145,0
18412,588,587,1
18413,109,109,0
18414,99,99,0
18415,147,147,0
18416,200,200,0
18417,198,198,0
18418,197,197,0
18419,341,341,0
18420,126,126,0
18421,150,150,0
18422,101,101,0
18423,61,60,1
18424,338,338,0
18425,111,111,0
18426,258,254,4
18427,149,148,1
18428,217,217,0
18429,137,135,2
18430,139,139,0
18431,140,140,0
18432,47,47,0
18433,1005,1002,3
18434,308,288,20
18435,137,136,1
18436,192,192,0
18437,452,450,2
18438,173,171,2
18439,135,134,1
18440,151,149,2
18441,228,226,2
18442,252,248,4
18443,278,273,5
18444,587,587,0
18445,321,321,0
18446,131,131,0
18447,173,173,0
18448,150,149,1
18449,563,560,3
18450,184,180,4
18451,205,205,0
18452,625,621,4
18453,117,117,0
18454,160,160,0
18455,240,240,0
18456,185,184,1
18457,300,300,0
18458,113,111,2
18459,112,112,0
18460,184,183,1
18461,132,132,0
18462,146,146,0
18463,92,92,0
18464,122,121,1
18465,93,93,0
18466,182,182,0
18467,118,112,6
18468,64,62,2
18469,54,53,1
18470,93,93,0
18471,683,673,10
18472,189,189,0
18473,132,132,0
18474,175,175,0
18475,102,102,0
18476,119,119,0
18477,1028,1025,3
18478,83,83,0
18479,125,124,1
18480,202,200,2
18481,137,137,0
18482,399,399,0
18483,162,162,0
18484,138,138,0
18485,247,247,0
18486,134,134,0
18487,95,94,1
18488,298,298,0
18489,231,229,2
18490,168,166,2
18491,125,125,0
18492,143,143,0
18493,717,713,4
18494,612,609,3
18495,170,170,0
18496,182,181,1
18497,150,150,0
18498,169,169,0
18499,308,307,1
18500,416,416,0
18501,213,213,0
18502,618,617,1
18503,386,386,0
18504,266,265,1
18505,317,317,0
18506,177,175,2
18507,440,439,1
18508,211,210,1
18509,156,155,1
18510,170,170,0
18511,136,136,0
18512,102,102,0
18513,180,178,2
18514,256,253,3
18515,298,298,0
18516,61,61,0
18517,142,140,2
18518,137,136,1
18519,143,143,0
18520,168,168,0
18521,536,535,1
18522,212,211,1
18523,323,323,0
18524,389,388,1
18525,289,289,0
18526,146,146,0
18527,159,159,0
18528,257,255,2
18529,167,166,1
18530,392,389,3
18531,132,132,0
18532,735,733,2
18533,363,361,2
18534,467,463,4
18535,335,333,2
18536,170,169,1
18537,463,459,4
18538,136,136,0
18539,183,183,0
18540,178,177,1
18541,226,226,0
18542,160,158,2
18543,331,331,0
18544,205,205,0
18545,155,153,2
18546,77,77,0
18547,591,573,18
18548,202,202,0
18549,282,282,0
18550,152,152,0
18551,158,155,3
18552,470,460,10
18553,72,72,0
18554,375,373,2
18555,270,268,2
18556,38,38,0
18557,46,46,0
18558,302,295,7
18559,251,250,1
18560,484,448,36
18561,89,89,0
18562,144,144,0
18563,661,658,3
18564,154,152,2
18565,167,167,0
18566,151,151,0
18567,106,106,0
18568,108,108,0
18569,138,138,0
18570,168,165,3
18571,130,130,0
18572,729,722,7
18573,428,428,0
18574,116,114,2
18575,207,206,1
18576,163,163,0
18577,271,271,0
18578,96,96,0
18579,129,129,0
18580,176,175,1
18581,32,32,0
18582,228,228,0
18583,166,166,0
18584,370,368,2
18585,122,121,1
18586,136,136,0
18587,173,171,2
18588,263,263,0
18589,196,196,0
18590,247,247,0
18591,160,159,1
18592,96,95,1
18593,150,147,3
18594,432,430,2
18595,314,313,1
18596,169,159,10
18597,167,167,0
18598,126,126,0
18599,142,140,2
18600,145,145,0
18601,142,141,1
18602,150,150,0
18603,204,202,2
18604,513,511,2
18605,134,132,2
18606,136,136,0
18607,402,402,0
18608,156,156,0
18609,419,419,0
18610,344,343,1
18611,82,82,0
18612,72,72,0
18613,125,125,0
18614,178,175,3
18615,114,114,0
18616,665,663,2
18617,178,178,0
18618,164,163,1
18619,322,305,17
18620,240,240,0
18621,280,278,2
18622,164,164,0
18623,205,205,0
18624,150,150,0
18625,119,116,3
18626,146,145,1
18627,115,115,0
18628,358,353,5
18629,164,163,1
18630,219,213,6
18631,214,213,1
18632,246,246,0
18633,160,156,4
18634,211,211,0
18635,340,339,1
18636,244,242,2
18637,122,122,0
18638,181,181,0
18639,608,605,3
18640,348,346,2
18641,175,174,1
18642,201,201,0
18643,68,68,0
18644,101,100,1
18645,385,375,10
18646,165,158,7
18647,244,233,11
18648,197,194,3
18649,169,168,1
18650,339,339,0
18651,135,133,2
18652,45,43,2
18653,136,133,3
18654,63,63,0
18655,367,367,0
18656,37,37,0
18657,168,168,0
18658,185,185,0
18659,538,534,4
18660,130,130,0
18661,188,187,1
18662,164,163,1
18663,89,89,0
18664,125,125,0
18665,118,117,1
18666,268,268,0
18667,65,65,0
18668,156,156,0
18669,582,580,2
18670,230,222,8
18671,293,286,7
18672,434,424,10
18673,148,146,2
18674,129,129,0
18675,46,46,0
18676,169,169,0
18677,47,46,1
18678,265,264,1
18679,249,249,0
18680,112,111,1
18681,212,211,1
18682,631,629,2
18683,450,449,1
18684,552,552,0
18685,123,123,0
18686,177,177,0
18687,210,210,0
18688,263,263,0
18689,214,213,1
18690,120,119,1
18691,169,169,0
18692,127,127,0
18693,201,199,2
18694,195,194,1
18695,489,486,3
18696,80,80,0
18697,258,253,5
18698,274,272,2
18699,225,225,0
18700,186,186,0
18701,173,173,0
18702,123,123,0
18703,141,140,1
18704,384,382,2
18705,254,253,1
18706,218,218,0
18707,257,256,1
18708,167,165,2
18709,142,142,0
18710,61,60,1
18711,256,255,1
18712,138,138,0
18713,141,140,1
18714,491,489,2
18715,132,132,0
18716,144,144,0
18717,373,373,0
18718,138,138,0
18719,183,182,1
18720,152,151,1
18721,1025,1020,5
18722,498,498,0
18723,130,130,0
18724,291,291,0
18725,156,154,2
18726,207,207,0
18727,124,124,0
18728,236,234,2
18729,259,259,0
18730,394,394,0
18731,659,659,0
18732,202,199,3
18733,102,101,1
18734,126,125,1
18735,181,178,3
18736,134,134,0
18737,115,115,0
18738,140,139,1
18739,547,545,2
18740,240,240,0
18741,117,117,0
18742,353,352,1
18743,981,971,10
18744,386,386,0
18745,132,132,0
18746,264,264,0
18747,358,357,1
18748,232,231,1
18749,146,144,2
18750,135,134,1
18751,632,630,2
18752,237,237,0
18753,152,152,0
18754,128,128,0
18755,142,140,2
18756,270,270,0
18757,272,271,1
18758,67,66,1
18759,327,327,0
18760,523,521,2
18761,168,168,0
18762,779,779,0
18763,130,129,1
18764,63,63,0
18765,563,563,0
18766,182,182,0
18767,328,323,5
18768,119,119,0
18769,310,306,4
18770,119,119,0
18771,276,275,1
18772,121,121,0
18773,136,136,0
18774,146,146,0
18775,155,154,1
18776,149,149,0
18777,242,240,2
18778,71,71,0
18779,137,137,0
18780,357,354,3
18781,144,144,0
18782,613,600,13
18783,173,172,1
18784,194,194,0
18785,774,772,2
18786,386,384,2
18787,134,134,0
18788,263,259,4
18789,60,60,0
18790,301,299,2
18791,57,57,0
18792,79,73,6
18793,176,175,1
18794,187,187,0
18795,164,164,0
18796,236,236,0
18797,628,625,3
18798,381,380,1
18799,284,281,3
18800,149,145,4
18801,257,254,3
18802,169,167,2
18803,121,120,1
18804,177,176,1
18805,193,193,0
18806,37,37,0
18807,632,631,1
18808,99,99,0
18809,104,104,0
18810,119,119,0
18811,181,180,1
18812,196,196,0
18813,172,171,1
18814,176,176,0
18815,276,275,1
18816,136,135,1
18817,77,77,0
18818,166,165,1
18819,103,103,0
18820,224,223,1
18821,194,192,2
18822,350,347,3
18823,139,136,3
18824,154,152,2
18825,663,663,0
18826,263,262,1
18827,157,157,0
18828,451,451,0
18829,234,231,3
18830,322,322,0
18831,114,114,0
18832,332,330,2
18833,149,149,0
18834,149,149,0
18835,297,295,2
18836,212,212,0
18837,378,377,1
18838,318,314,4
18839,576,575,1
18840,754,749,5
18841,129,129,0
18842,172,172,0
18843,206,205,1
18844,119,119,0
18845,161,158,3
18846,149,149,0
18847,405,404,1
18848,38,38,0
18849,96,95,1
18850,38,38,0
18851,157,157,0
18852,261,259,2
18853,573,570,3
18854,332,332,0
18855,173,173,0
18856,103,103,0
18857,578,571,7
18858,134,134,0
18859,89,89,0
18860,130,130,0
18861,289,287,2
18862,197,196,1
18863,252,251,1
18864,179,179,0
18865,112,110,2
18866,449,448,1
18867,301,301,0
18868,216,209,7
18869,164,164,0
18870,352,352,0
18871,167,166,1
18872,237,233,4
18873,446,445,1
18874,42,42,0
18875,403,402,1
18876,146,143,3
18877,404,394,10
18878,191,190,1
18879,486,485,1
18880,1030,1027,3
18881,1082,1075,7
18882,766,762,4
18883,332,332,0
18884,150,150,0
18885,553,548,5
18886,138,137,1
18887,216,216,0
18888,159,157,2
18889,180,178,2
18890,129,129,0
18891,448,445,3
18892,268,266,2
18893,179,176,3
18894,299,295,4
18895,140,139,1
18896,245,244,1
18897,225,223,2
18898,388,386,2
18899,128,128,0
18900,129,126,3
18901,120,116,4
18902,133,133,0
18903,164,164,0
18904,901,896,5
18905,315,310,5
18906,237,237,0
18907,140,140,0
18908,358,358,0
18909,267,267,0
18910,94,94,0
18911,131,131,0
18912,114,114,0
18913,172,172,0
18914,249,249,0
18915,472,469,3
18916,253,252,1
18917,302,301,1
18918,557,553,4
18919,161,160,1
18920,127,127,0
18921,172,172,0
18922,104,104,0
18923,163,163,0
18924,260,259,1
18925,469,466,3
18926,143,142,1
18927,128,128,0
18928,141,140,1
18929,151,151,0
18930,128,127,1
18931,172,171,1
18932,190,188,2
18933,111,111,0
18934,760,756,4
18935,505,505,0
18936,136,136,0
18937,159,159,0
18938,215,214,1
18939,361,359,2
18940,237,236,1
18941,143,143,0
18942,126,126,0
18943,189,189,0
18944,269,268,1
18945,369,369,0
18946,749,748,1
18947,146,145,1
18948,166,164,2
18949,231,231,0
18950,164,164,0
18951,336,336,0
18952,179,179,0
18953,162,162,0
18954,446,443,3
18955,186,185,1
18956,61,61,0
18957,211,210,1
18958,344,342,2
18959,659,659,0
18960,419,419,0
18961,798,796,2
18962,179,178,1
18963,165,164,1
18964,167,167,0
18965,107,107,0
18966,255,251,4
18967,217,216,1
18968,115,114,1
18969,997,994,3
18970,257,257,0
18971,329,326,3
18972,184,182,2
18973,402,401,1
18974,154,152,2
18975,258,256,2
18976,168,168,0
18977,201,200,1
18978,342,341,1
18979,132,132,0
18980,133,133,0
18981,588,586,2
18982,113,112,1
18983,69,66,3
18984,879,878,1
18985,154,153,1
18986,138,136,2
18987,212,212,0
18988,131,128,3
18989,601,598,3
18990,222,220,2
18991,409,409,0
18992,413,413,0
18993,50,50,0
18994,181,179,2
18995,294,292,2
18996,269,268,1
18997,252,252,0
18998,175,175,0
18999,365,363,2
19000,141,141,0
19001,796,795,1
19002,242,241,1
19003,270,268,2
19004,143,143,0
19005,327,326,1
19006,500,500,0
19007,333,332,1
19008,143,143,0
19009,536,536,0
19010,128,128,0
19011,149,149,0
19012,194,193,1
19013,84,84,0
19014,153,153,0
19015,355,354,1
19016,145,145,0
19017,179,178,1
19018,430,425,5
19019,975,969,6
19020,441,438,3
19021,135,134,1
19022,41,41,0
19023,230,229,1
19024,280,280,0
19025,261,261,0
19026,180,179,1
19027,100,100,0
19028,432,432,0
19029,27,26,1
19030,141,140,1
19031,139,139,0
19032,132,132,0
19033,276,276,0
19034,142,141,1
19035,131,131,0
19036,636,636,0
19037,188,188,0
19038,489,486,3
19039,225,221,4
19040,221,220,1
19041,731,726,5
19042,144,144,0
19043,161,161,0
19044,330,328,2
19045,346,345,1
19046,162,162,0
19047,124,124,0
19048,177,177,0
19049,132,131,1
19050,104,104,0
19051,129,129,0
19052,119,119,0
19053,153,152,1
19054,143,142,1
19055,248,247,1
19056,93,91,2
19057,155,152,3
19058,157,155,2
19059,206,206,0
19060,370,370,0
19061,55,55,0
19062,253,253,0
19063,325,324,1
19064,332,332,0
19065,330,330,0
19066,261,259,2
19067,165,165,0
19068,246,246,0
19069,163,163,0
19070,123,120,3
19071,191,191,0
19072,109,109,0
19073,130,130,0
19074,179,179,0
19075,188,186,2
19076,199,199,0
19077,373,372,1
19078,45,45,0
19079,93,93,0
19080,244,242,2
19081,152,151,1
19082,343,341,2
19083,635,635,0
19084,183,181,2
19085,63,62,1
19086,117,117,0
19087,151,150,1
19088,327,326,1
19089,238,236,2
19090,95,94,1
19091,240,239,1
19092,135,135,0
19093,185,185,0
19094,89,89,0
19095,390,390,0
19096,315,315,0
19097,150,148,2
19098,365,356,9
19099,288,288,0
19100,124,124,0
19101,107,107,0
19102,225,225,0
19103,254,253,1
19104,282,281,1
19105,129,127,2
19106,124,124,0
19107,144,143,1
19108,161,161,0
19109,203,200,3
19110,138,138,0
19111,264,263,1
19112,244,244,0
19113,371,368,3
19114,144,144,0
19115,109,108,1
19116,172,169,3
19117,161,161,0
19118,120,120,0
19119,268,267,1
19120,795,794,1
19121,169,168,1
19122,241,241,0
19123,166,166,0
19124,226,226,0
19125,430,429,1
19126,193,192,1
19127,271,271,0
19128,171,170,1
19129,152,152,0
19130,759,742,17
19131,109,108,1
19132,63,63,0
19133,192,192,0
19134,159,156,3
19135,204,204,0
19136,519,515,4
19137,128,128,0
19138,362,361,1
19139,168,168,0
19140,365,365,0
19141,623,621,2
19142,134,134,0
19143,139,138,1
19144,497,493,4
19145,132,132,0
19146,350,348,2
19147,284,284,0
19148,248,248,0
19149,457,453,4
19150,327,325,2
19151,191,188,3
19152,280,279,1
19153,544,541,3
19154,660,656,4
19155,242,242,0
19156,124,124,0
19157,260,260,0
19158,162,161,1
19159,88,88,0
19160,251,249,2
19161,876,876,0
19162,125,124,1
19163,614,612,2
19164,259,257,2
19165,797,796,1
19166,185,184,1
19167,134,133,1
19168,101,101,0
19169,121,121,0
19170,194,194,0
19171,154,152,2
19172,146,144,2
19173,282,282,0
19174,495,493,2
19175,207,206,1
19176,167,167,0
19177,317,317,0
19178,447,446,1
19179,165,164,1
19180,248,245,3
19181,231,229,2
19182,170,168,2
19183,138,137,1
19184,200,200,0
19185,171,171,0
19186,130,130,0
19187,204,204,0
19188,143,143,0
19189,177,177,0
19190,147,146,1
19191,118,117,1
19192,397,397,0
19193,132,132,0
19194,239,239,0
19195,141,141,0
19196,130,127,3
19197,126,126,0
19198,147,147,0
19199,169,169,0
19200,200,197,3
19201,227,226,1
19202,88,88,0
19203,107,105,2
19204,536,529,7
19205,99,99,0
19206,60,60,0
19207,229,228,1
19208,309,307,2
19209,190,189,1
19210,212,212,0
19211,259,258,1
19212,170,169,1
19213,485,485,0
19214,255,255,0
19215,229,229,0
19216,198,198,0
19217,263,262,1
19218,540,538,2
19219,144,144,0
19220,495,495,0
19221,649,647,2
19222,241,239,2
19223,99,99,0
19224,142,142,0
19225,155,154,1
19226,172,172,0
19227,231,231,0
19228,375,373,2
19229,114,114,0
19230,282,276,6
19231,434,434,0
19232,504,503,1
19233,434,433,1
19234,364,362,2
19235,149,149,0
19236,384,383,1
19237,420,418,2
19238,333,330,3
19239,186,186,0
19240,116,116,0
19241,153,153,0
19242,228,228,0
19243,194,194,0
19244,417,417,0
19245,127,127,0
19246,55,54,1
19247,167,167,0
19248,108,108,0
19249,116,114,2
19250,159,158,1
19251,164,164,0
19252,238,235,3
19253,203,202,1
19254,526,522,4
19255,251,250,1
19256,278,278,0
19257,248,247,1
19258,137,137,0
19259,160,160,0
19260,107,106,1
19261,253,253,0
19262,316,316,0
19263,140,140,0
19264,157,157,0
19265,277,277,0
19266,115,115,0
19267,132,132,0
19268,159,158,1
19269,264,263,1
19270,155,155,0
19271,126,126,0
19272,429,429,0
19273,295,295,0
19274,604,604,0
19275,248,247,1
19276,219,217,2
19277,159,157,2
19278,222,222,0
19279,352,352,0
19280,240,240,0
19281,691,686,5
19282,524,523,1
19283,232,230,2
19284,247,246,1
19285,219,219,0
19286,227,227,0
19287,110,110,0
19288,168,167,1
19289,216,214,2
19290,136,136,0
19291,75,75,0
19292,41,41,0
19293,74,74,0
19294,50,50,0
19295,215,214,1
19296,72,72,0
19297,110,110,0
19298,191,189,2
19299,92,92,0
19300,56,56,0
19301,107,107,0
19302,71,71,0
19303,169,169,0
19304,277,277,0
19305,178,177,1
19306,119,119,0
19307,131,129,2
19308,140,140,0
19309,127,126,1
19310,139,139,0
19311,298,297,1
19312,316,316,0
19313,187,187,0
19314,246,246,0
19315,172,172,0
19316,256,255,1
19317,135,135,0
19318,166,166,0
19319,500,499,1
19320,139,139,0
19321,208,208,0
19322,408,408,0
19323,132,132,0
19324,228,227,1
19325,140,140,0
19326,101,101,0
19327,146,146,0
19328,216,213,3
19329,369,368,1
19330,126,124,2
19331,181,180,1
19332,349,344,5
19333,335,334,1
19334,564,560,4
19335,601,591,10
19336,138,137,1
19337,211,206,5
19338,162,162,0
19339,78,77,1
19340,369,368,1
19341,173,172,1
19342,112,112,0
19343,197,194,3
19344,324,324,0
19345,315,314,1
19346,271,271,0
19347,48,48,0
19348,133,133,0
19349,203,203,0
19350,365,364,1
19351,213,213,0
19352,100,100,0
19353,236,236,0
19354,100,100,0
19355,322,321,1
19356,149,149,0
19357,395,393,2
19358,186,186,0
19359,216,215,1
19360,99,99,0
19361,127,127,0
19362,130,130,0
19363,124,124,0
19364,316,315,1
19365,148,146,2
19366,56,56,0
19367,135,135,0
19368,471,468,3
19369,159,158,1
19370,498,496,2
19371,240,239,1
19372,122,122,0
19373,161,161,0
19374,157,157,0
19375,249,247,2
19376,118,116,2
19377,127,125,2
19378,199,199,0
19379,217,217,0
19380,132,131,1
19381,401,399,2
19382,131,131,0
19383,111,109,2
19384,422,417,5
19385,195,195,0
19386,978,975,3
19387,77,77,0
19388,497,494,3
19389,307,304,3
19390,151,151,0
19391,127,127,0
19392,212,212,0
19393,167,165,2
19394,253,253,0
19395,271,268,3
19396,156,153,3
19397,599,599,0
19398,31,31,0
19399,699,698,1
19400,156,156,0
19401,125,125,0
19402,227,226,1
19403,126,126,0
19404,131,131,0
19405,142,142,0
19406,337,336,1
19407,129,129,0
19408,362,362,0
19409,77,76,1
19410,106,106,0
19411,221,221,0
19412,141,141,0
19413,106,106,0
19414,169,168,1
19415,234,231,3
19416,796,794,2
19417,156,156,0
19418,178,178,0
19419,244,243,1
19420,162,162,0
19421,242,241,1
19422,393,393,0
19423,452,452,0
19424,112,112,0
19425,83,83,0
19426,295,292,3
19427,323,322,1
19428,309,309,0
19429,346,342,4
19430,270,269,1
19431,72,72,0
19432,128,128,0
19433,107,106,1
19434,126,126,0
19435,175,174,1
19436,162,162,0
19437,120,120,0
19438,129,127,2
19439,149,149,0
19440,138,138,0
19441,129,129,0
19442,333,332,1
19443,122,122,0
19444,74,74,0
19445,119,119,0
19446,228,228,0
19447,68,68,0
19448,96,96,0
19449,151,151,0
19450,112,110,2
19451,240,239,1
19452,137,137,0
19453,137,137,0
19454,121,121,0
19455,270,270,0
19456,70,70,0
19457,126,125,1
19458,279,279,0
19459,234,234,0
19460,220,220,0
19461,170,170,0
19462,226,224,2
19463,163,163,0
19464,158,158,0
19465,82,82,0
19466,742,730,12
19467,138,138,0
19468,81,81,0
19469,140,140,0
19470,314,311,3
19471,216,216,0
19472,434,433,1
19473,370,369,1
19474,432,429,3
19475,677,675,2
19476,147,144,3
19477,157,155,2
19478,300,298,2
19479,261,261,0
19480,162,160,2
19481,73,73,0
19482,116,116,0
19483,272,270,2
19484,282,280,2
19485,251,251,0
19486,43,43,0
19487,130,129,1
19488,107,106,1
19489,137,137,0
19490,294,292,2
19491,154,154,0
19492,237,237,0
19493,177,177,0
19494,213,213,0
19495,152,152,0
19496,562,560,2
19497,389,386,3
19498,189,189,0
19499,293,291,2
19500,71,69,2
19501,248,248,0
19502,191,191,0
19503,428,428,0
19504,105,104,1
19505,283,283,0
19506,247,245,2
19507,102,102,0
19508,153,153,0
19509,170,169,1
19510,280,280,0
19511,179,177,2
19512,240,228,12
19513,189,189,0
19514,154,150,4
19515,181,180,1
19516,67,67,0
19517,156,155,1
19518,130,130,0
19519,310,310,0
19520,527,526,1
19521,128,127,1
19522,155,153,2
19523,323,319,4
19524,414,413,1
19525,319,318,1
19526,152,152,0
19527,131,131,0
19528,586,579,7
19529,152,150,2
19530,123,123,0
19531,479,475,4
19532,359,357,2
19533,282,281,1
19534,335,335,0
19535,74,74,0
19536,206,206,0
19537,157,156,1
19538,115,115,0
19539,99,97,2
19540,189,188,1
19541,116,114,2
19542,122,115,7
19543,122,122,0
19544,196,194,2
19545,167,164,3
19546,221,218,3
19547,143,141,2
19548,199,199,0
19549,165,165,0
19550,278,275,3
19551,376,375,1
19552,249,243,6
19553,500,499,1
19554,149,149,0
19555,183,183,0
19556,130,130,0
19557,164,162,2
19558,153,153,0
19559,79,79,0
19560,148,147,1
19561,151,150,1
19562,210,210,0
19563,215,214,1
19564,173,172,1
19565,224,223,1
19566,153,153,0
19567,468,468,0
19568,144,144,0
19569,236,233,3
19570,51,51,0
19571,73,73,0
19572,182,182,0
19573,158,157,1
19574,244,244,0
19575,378,378,0
19576,483,482,1
19577,155,155,0
19578,335,332,3
19579,125,124,1
19580,672,672,0
19581,612,612,0
19582,790,783,7
19583,290,290,0
19584,121,121,0
19585,276,274,2
19586,245,244,1
19587,85,85,0
19588,359,357,2
19589,355,355,0
19590,154,153,1
19591,505,504,1
19592,222,221,1
19593,125,124,1
19594,120,120,0
19595,167,167,0
19596,1005,1000,5
19597,504,504,0
19598,146,146,0
19599,141,141,0
19600,170,169,1
19601,281,281,0
19602,143,143,0
19603,177,177,0
19604,569,566,3
19605,51,51,0
19606,96,95,1
19607,300,300,0
19608,146,146,0
19609,225,223,2
19610,141,141,0
19611,168,168,0
19612,221,221,0
19613,53,53,0
19614,31,31,0
19615,66,66,0
19616,58,58,0
19617,135,135,0
19618,101,100,1
19619,84,84,0
19620,147,147,0
19621,272,272,0
19622,505,504,1
19623,116,116,0
19624,282,282,0
19625,704,701,3
19626,158,158,0
19627,84,84,0
19628,151,151,0
19629,146,145,1
19630,345,342,3
19631,208,203,5
19632,247,247,0
19633,166,166,0
19634,167,167,0
19635,184,184,0
19636,198,198,0
19637,419,419,0
19638,579,573,6
19639,158,158,0
19640,172,170,2
19641,193,193,0
19642,220,216,4
19643,235,234,1
19644,115,115,0
19645,220,220,0
19646,198,195,3
19647,197,197,0
19648,99,98,1
19649,361,355,6
19650,180,170,10
19651,218,218,0
19652,142,142,0
19653,176,175,1
19654,201,199,2
19655,470,466,4
19656,305,301,4
19657,311,311,0
19658,253,251,2
19659,181,181,0
19660,245,244,1
19661,115,115,0
19662,125,124,1
19663,109,109,0
19664,271,269,2
19665,165,165,0
19666,156,155,1
19667,150,150,0
19668,217,217,0
19669,279,279,0
19670,296,295,1
19671,116,115,1
19672,111,111,0
19673,228,226,2
19674,118,118,0
19675,180,176,4
19676,95,95,0
19677,130,130,0
19678,179,177,2
19679,451,449,2
19680,330,330,0
19681,416,414,2
19682,208,207,1
19683,141,141,0
19684,338,336,2
19685,305,303,2
19686,180,180,0
19687,388,388,0
19688,142,142,0
19689,313,311,2
19690,85,84,1
19691,67,67,0
19692,86,84,2
19693,39,39,0
19694,155,155,0
19695,121,121,0
19696,248,247,1
19697,154,154,0
19698,111,110,1
19699,151,151,0
19700,139,139,0
19701,54,54,0
19702,155,155,0
19703,425,424,1
19704,130,130,0
19705,230,227,3
19706,154,154,0
19707,124,122,2
19708,149,149,0
19709,319,319,0
19710,142,142,0
19711,133,133,0
19712,342,342,0
19713,199,199,0
19714,153,149,4
19715,497,493,4
19716,130,130,0
19717,341,341,0
19718,69,69,0
19719,248,248,0
19720,137,137,0
19721,183,183,0
19722,181,180,1
19723,187,187,0
19724,113,112,1
19725,163,163,0
19726,807,801,6
19727,130,130,0
19728,49,49,0
19729,145,144,1
19730,133,132,1
19731,117,117,0
19732,126,126,0
19733,143,142,1
19734,137,137,0
19735,192,192,0
19736,198,197,1
19737,670,667,3
19738,58,58,0
19739,64,64,0
19740,59,59,0
19741,59,59,0
19742,38,38,0
19743,120,120,0
19744,51,51,0
19745,404,404,0
19746,118,116,2
19747,146,144,2
19748,125,125,0
19749,396,395,1
19750,366,365,1
19751,128,127,1
19752,302,302,0
19753,168,168,0
19754,126,126,0
19755,191,189,2
19756,58,58,0
19757,250,250,0
19758,521,519,2
19759,475,473,2
19760,343,340,3
19761,189,189,0
19762,186,186,0
19763,150,150,0
19764,874,874,0
19765,181,181,0
19766,200,200,0
19767,400,398,2
19768,184,183,1
19769,212,212,0
19770,51,51,0
19771,185,185,0
19772,299,296,3
19773,289,289,0
19774,196,195,1
19775,119,119,0
19776,175,175,0
19777,120,119,1
19778,169,169,0
19779,230,221,9
19780,111,102,9
19781,415,411,4
19782,518,517,1
19783,1001,999,2
19784,130,129,1
19785,327,327,0
19786,165,165,0
19787,145,145,0
19788,157,157,0
19789,155,155,0
19790,130,129,1
19791,204,203,1
19792,601,598,3
19793,225,221,4
19794,127,127,0
19795,120,117,3
19796,248,247,1
19797,78,78,0
19798,82,82,0
19799,200,200,0
19800,136,136,0
19801,520,519,1
19802,137,137,0
19803,119,118,1
19804,135,135,0
19805,180,179,1
19806,90,89,1
19807,17,17,0
19808,237,235,2
19809,78,77,1
19810,190,189,1
19811,134,133,1
19812,27,27,0
19813,291,291,0
19814,194,190,4
19815,259,258,1
19816,201,199,2
19817,61,61,0
19818,259,258,1
19819,170,170,0
19820,68,67,1
19821,573,568,5
19822,156,156,0
19823,119,119,0
19824,162,161,1
19825,40,40,0
19826,168,166,2
19827,92,91,1
19828,220,219,1
19829,840,838,2
19830,162,161,1
19831,116,115,1
19832,151,151,0
19833,382,382,0
19834,139,137,2
19835,230,230,0
19836,215,215,0
19837,291,289,2
19838,127,127,0
19839,113,113,0
19840,355,355,0
19841,215,215,0
19842,437,435,2
19843,286,285,1
19844,158,156,2
19845,159,159,0
19846,103,103,0
19847,131,130,1
19848,137,137,0
19849,216,216,0
19850,402,400,2
19851,120,120,0
19852,301,299,2
19853,261,258,3
19854,550,550,0
19855,196,194,2
19856,151,151,0
19857,143,143,0
19858,173,172,1
19859,267,266,1
19860,413,413,0
19861,886,883,3
19862,741,740,1
19863,260,259,1
19864,239,239,0
19865,716,713,3
19866,296,295,1
19867,280,278,2
19868,269,269,0
19869,353,350,3
19870,130,130,0
19871,130,129,1
19872,200,200,0
19873,101,101,0
19874,354,353,1
19875,175,174,1
19876,116,116,0
19877,207,205,2
19878,185,185,0
19879,808,802,6
19880,74,74,0
19881,279,279,0
19882,200,198,2
19883,207,207,0
19884,119,118,1
19885,521,517,4
19886,400,399,1
19887,1007,1004,3
19888,371,368,3
19889,111,110,1
19890,76,76,0
19891,123,122,1
19892,207,207,0
19893,323,323,0
19894,196,196,0
19895,133,133,0
19896,157,156,1
19897,769,763,6
19898,189,188,1
19899,218,217,1
19900,46,46,0
19901,403,402,1
19902,184,180,4
19903,231,224,7
19904,141,141,0
19905,109,108,1
19906,283,283,0
19907,187,185,2
19908,321,316,5
19909,185,182,3
19910,134,134,0
19911,155,153,2
19912,319,315,4
19913,276,274,2
19914,420,418,2
19915,178,178,0
19916,143,143,0
19917,258,255,3
19918,165,165,0
19919,828,822,6
19920,258,251,7
19921,133,132,1
19922,363,360,3
19923,156,152,4
19924,255,254,1
19925,572,568,4
19926,142,141,1
19927,311,310,1
19928,319,318,1
19929,155,153,2
19930,693,691,2
19931,513,512,1
19932,169,168,1
19933,133,133,0
19934,178,178,0
19935,50,50,0
19936,84,84,0
19937,430,426,4
19938,162,160,2
19939,116,116,0
19940,170,169,1
19941,169,168,1
19942,490,488,2
19943,365,363,2
19944,218,216,2
19945,283,279,4
19946,140,140,0
19947,132,132,0
19948,221,220,1
19949,307,304,3
19950,234,234,0
19951,370,369,1
19952,200,200,0
19953,198,198,0
19954,93,93,0
19955,271,270,1
19956,156,156,0
19957,151,148,3
19958,171,170,1
19959,40,40,0
19960,225,224,1
19961,54,52,2
19962,130,130,0
19963,104,104,0
19964,87,86,1
19965,160,159,1
19966,135,135,0
19967,330,330,0
19968,882,876,6
19969,984,973,11
19970,151,150,1
19971,678,678,0
19972,343,343,0
19973,245,244,1
19974,125,122,3
19975,215,212,3
19976,151,147,4
19977,118,118,0
19978,125,124,1
19979,392,391,1
19980,300,299,1
19981,136,136,0
19982,278,277,1
19983,249,249,0
19984,417,417,0
19985,175,173,2
19986,138,136,2
19987,456,456,0
19988,142,142,0
19989,133,133,0
19990,357,355,2
19991,34,34,0
19992,96,96,0
19993,37,37,0
19994,53,53,0
19995,45,45,0
19996,59,59,0
19997,239,236,3
19998,221,221,0
19999,121,118,3
20000,378,378,0
20001,125,124,1
20002,201,201,0
20003,130,130,0
20004,278,278,0
20005,191,189,2
20006,102,102,0
20007,101,101,0
20008,261,261,0
20009,111,111,0
20010,231,223,8
20011,175,174,1
20012,216,216,0
20013,321,321,0
20014,638,635,3
20015,136,136,0
20016,200,200,0
20017,600,597,3
20018,355,355,0
20019,205,205,0
20020,175,175,0
20021,131,131,0
20022,162,162,0
20023,174,174,0
20024,134,134,0
20025,433,433,0
20026,350,349,1
20027,252,250,2
20028,206,204,2
20029,239,239,0
20030,138,137,1
20031,405,401,4
20032,93,93,0
20033,305,304,1
20034,196,195,1
20035,168,168,0
20036,202,200,2
20037,205,205,0
20038,239,239,0
20039,256,256,0
20040,118,118,0
20041,615,613,2
20042,231,230,1
20043,153,152,1
20044,272,272,0
20045,276,276,0
20046,514,514,0
20047,138,138,0
20048,316,316,0
20049,409,408,1
20050,254,254,0
20051,224,224,0
20052,472,470,2
20053,485,480,5
20054,139,139,0
20055,298,298,0
20056,122,122,0
20057,225,225,0
20058,78,78,0
20059,366,366,0
20060,153,152,1
20061,714,712,2
20062,182,182,0
20063,137,137,0
20064,121,120,1
20065,247,247,0
20066,82,82,0
20067,134,134,0
20068,94,94,0
20069,79,79,0
20070,52,52,0
20071,505,504,1
20072,71,71,0
20073,295,293,2
20074,230,230,0
20075,128,127,1
20076,287,286,1
20077,102,101,1
20078,40,40,0
20079,138,137,1
20080,419,418,1
20081,155,154,1
20082,846,838,8
20083,265,265,0
20084,135,134,1
20085,90,90,0
20086,221,221,0
20087,260,259,1
20088,182,180,2
20089,117,116,1
20090,200,200,0
20091,460,460,0
20092,93,93,0
20093,132,131,1
20094,235,235,0
20095,282,280,2
20096,119,118,1
20097,244,244,0
20098,387,387,0
20099,195,194,1
20100,615,615,0
20101,453,448,5
20102,298,298,0
20103,500,497,3
20104,89,89,0
20105,725,719,6
20106,135,135,0
20107,111,110,1
20108,390,389,1
20109,354,354,0
20110,145,145,0
20111,107,105,2
20112,117,117,0
20113,135,135,0
20114,45,45,0
20115,177,176,1
20116,148,147,1
20117,349,347,2
20118,557,556,1
20119,273,273,0
20120,530,528,2
20121,456,455,1
20122,107,107,0
20123,114,114,0
20124,202,202,0
20125,162,160,2
20126,823,818,5
20127,304,301,3
20128,123,117,6
20129,242,241,1
20130,271,271,0
20131,359,358,1
20132,325,325,0
20133,398,397,1
20134,258,256,2
20135,239,238,1
20136,121,119,2
20137,253,251,2
20138,651,648,3
20139,143,143,0
20140,134,133,1
20141,176,176,0
20142,197,197,0
20143,176,175,1
20144,126,126,0
20145,151,151,0
20146,178,178,0
20147,430,429,1
20148,266,265,1
20149,154,154,0
20150,179,179,0
20151,283,282,1
20152,257,255,2
20153,181,181,0
20154,244,243,1
20155,165,165,0
20156,178,178,0
20157,169,169,0
20158,164,164,0
20159,240,237,3
20160,121,120,1
20161,151,149,2
20162,345,345,0
20163,229,228,1
20164,392,391,1
20165,140,140,0
20166,118,118,0
20167,125,125,0
20168,130,130,0
20169,146,146,0
20170,263,262,1
20171,130,124,6
20172,175,168,7
20173,224,224,0
20174,209,205,4
20175,126,125,1
20176,272,268,4
20177,180,179,1
20178,152,149,3
20179,234,233,1
20180,193,193,0
20181,202,199,3
20182,87,87,0
20183,712,706,6
20184,202,201,1
20185,195,195,0
20186,139,136,3
20187,51,50,1
20188,513,510,3
20189,197,197,0
20190,117,117,0
20191,269,268,1
20192,668,667,1
20193,161,161,0
20194,123,123,0
20195,573,573,0
20196,132,132,0
20197,129,129,0
20198,135,135,0
20199,393,393,0
20200,273,273,0
20201,131,131,0
20202,128,128,0
20203,145,145,0
20204,704,704,0
20205,264,263,1
20206,100,100,0
20207,448,445,3
20208,442,441,1
20209,239,239,0
20210,649,648,1
20211,853,849,4
20212,110,109,1
20213,154,154,0
20214,226,226,0
20215,120,120,0
20216,70,70,0
20217,120,119,1
20218,154,153,1
20219,146,146,0
20220,343,343,0
20221,57,57,0
20222,226,226,0
20223,124,124,0
20224,114,114,0
20225,257,255,2
20226,222,221,1
20227,626,626,0
20228,162,162,0
20229,445,445,0
20230,184,183,1
20231,803,800,3
20232,512,512,0
20233,153,152,1
20234,398,397,1
20235,272,271,1
20236,471,470,1
20237,139,139,0
20238,286,285,1
20239,197,197,0
20240,371,369,2
20241,118,118,0
20242,150,150,0
20243,107,106,1
20244,341,341,0
20245,201,200,1
20246,209,209,0
20247,249,249,0
20248,123,123,0
20249,217,217,0
20250,135,135,0
20251,359,356,3
20252,685,677,8
20253,157,157,0
20254,221,221,0
20255,148,148,0
20256,192,192,0
20257,133,133,0
20258,145,145,0
20259,148,148,0
20260,222,221,1
20261,138,138,0
20262,500,499,1
20263,161,161,0
20264,213,212,1
20265,134,134,0
20266,225,223,2
20267,191,190,1
20268,138,138,0
20269,328,324,4
20270,242,241,1
20271,319,319,0
20272,229,229,0
20273,131,128,3
20274,178,178,0
20275,57,57,0
20276,53,52,1
20277,288,287,1
20278,115,114,1
20279,98,98,0
20280,825,818,7
20281,143,143,0
20282,157,156,1
20283,153,153,0
20284,137,137,0
20285,194,194,0
20286,119,119,0
20287,105,105,0
20288,210,210,0
20289,83,83,0
20290,414,414,0
20291,108,108,0
20292,169,168,1
20293,263,263,0
20294,277,275,2
20295,273,273,0
20296,126,126,0
20297,211,210,1
20298,63,62,1
20299,188,184,4
20300,590,587,3
20301,350,350,0
20302,355,354,1
20303,183,179,4
20304,133,133,0
20305,57,57,0
20306,183,183,0
20307,214,214,0
20308,114,114,0
20309,84,84,0
20310,171,171,0
20311,212,211,1
20312,133,133,0
20313,246,246,0
20314,338,337,1
20315,346,343,3
20316,177,177,0
20317,90,89,1
20318,286,283,3
20319,132,132,0
20320,82,82,0
20321,183,183,0
20322,205,205,0
20323,187,184,3
20324,210,209,1
20325,159,158,1
20326,105,103,2
20327,88,88,0
20328,1005,1001,4
20329,480,479,1
20330,260,260,0
20331,360,360,0
20332,220,219,1
20333,363,359,4
20334,166,166,0
20335,312,310,2
20336,870,854,16
20337,472,471,1
20338,155,155,0
20339,138,138,0
20340,100,100,0
20341,159,159,0
20342,125,125,0
20343,260,258,2
20344,255,252,3
20345,482,482,0
20346,266,266,0
20347,239,237,2
20348,81,81,0
20349,84,84,0
20350,146,145,1
20351,116,116,0
20352,85,83,2
20353,188,187,1
20354,307,306,1
20355,180,180,0
20356,120,120,0
20357,531,529,2
20358,322,322,0
20359,112,110,2
20360,162,162,0
20361,102,102,0
20362,206,204,2
20363,317,316,1
20364,215,215,0
20365,101,101,0
20366,827,827,0
20367,282,281,1
20368,518,518,0
20369,130,129,1
20370,169,168,1
20371,270,267,3
20372,81,81,0
20373,176,176,0
20374,123,123,0
20375,498,497,1
20376,361,360,1
20377,522,519,3
20378,514,513,1
20379,106,106,0
20380,621,615,6
20381,178,178,0
20382,179,176,3
20383,256,256,0
20384,153,153,0
20385,421,420,1
20386,121,121,0
20387,165,164,1
20388,236,235,1
20389,209,209,0
20390,271,269,2
20391,252,247,5
20392,191,191,0
20393,212,205,7
20394,193,193,0
20395,336,335,1
20396,409,399,10
20397,93,91,2
20398,167,167,0
20399,282,279,3
20400,138,138,0
20401,329,327,2
20402,110,110,0
20403,136,136,0
20404,99,99,0
20405,127,127,0
20406,52,51,1
20407,95,95,0
20408,178,178,0
20409,132,132,0
20410,245,243,2
20411,755,748,7
20412,134,134,0
20413,177,176,1
20414,106,106,0
20415,150,150,0
20416,92,92,0
20417,155,155,0
20418,126,124,2
20419,108,108,0
20420,130,129,1
20421,159,159,0
20422,158,157,1
20423,164,163,1
20424,136,136,0
20425,127,127,0
20426,425,423,2
20427,183,180,3
20428,122,122,0
20429,199,199,0
20430,303,302,1
20431,188,188,0
20432,108,108,0
20433,54,52,2
20434,124,121,3
20435,171,170,1
20436,196,194,2
20437,163,160,3
20438,151,151,0
20439,156,154,2
20440,630,629,1
20441,292,291,1
20442,356,356,0
20443,779,776,3
20444,352,352,0
20445,384,384,0
20446,162,160,2
20447,244,244,0
20448,244,243,1
20449,149,149,0
20450,160,160,0
20451,190,190,0
20452,64,64,0
20453,93,93,0
20454,183,183,0
20455,46,46,0
20456,376,371,5
20457,166,164,2
20458,57,57,0
20459,195,195,0
20460,149,149,0
20461,189,189,0
20462,340,340,0
20463,236,235,1
20464,150,150,0
20465,324,324,0
20466,120,119,1
20467,190,190,0
20468,93,93,0
20469,131,131,0
20470,188,187,1
20471,252,249,3
20472,260,260,0
20473,328,322,6
20474,137,134,3
20475,268,268,0
20476,146,145,1
20477,178,177,1
20478,298,298,0
20479,138,138,0
20480,165,163,2
20481,346,343,3
20482,323,322,1
20483,200,197,3
20484,150,150,0
20485,130,130,0
20486,129,128,1
20487,284,280,4
20488,604,604,0
20489,214,213,1
20490,327,327,0
20491,407,403,4
20492,289,287,2
20493,130,130,0
20494,144,141,3
20495,197,197,0
20496,142,139,3
20497,83,83,0
20498,125,125,0
20499,220,219,1
20500,60,60,0
20501,298,298,0
20502,122,122,0
20503,225,225,0
20504,456,456,0
20505,124,123,1
20506,357,357,0
20507,633,628,5
20508,216,216,0
20509,359,359,0
20510,271,271,0
20511,160,160,0
20512,230,228,2
20513,281,281,0
20514,415,412,3
20515,272,260,12
20516,203,202,1
20517,146,146,0
20518,57,56,1
20519,295,295,0
20520,239,238,1
20521,287,287,0
20522,68,67,1
20523,66,66,0
20524,87,87,0
20525,189,189,0
20526,311,309,2
20527,366,365,1
20528,165,163,2
20529,66,66,0
20530,147,147,0
20531,247,247,0
20532,338,334,4
20533,109,109,0
20534,217,217,0
20535,199,199,0
20536,199,199,0
20537,119,119,0
20538,807,806,1
20539,119,119,0
20540,482,481,1
20541,137,136,1
20542,248,246,2
20543,452,451,1
20544,168,167,1
20545,146,146,0
20546,149,148,1
20547,233,233,0
20548,184,183,1
20549,570,570,0
20550,496,496,0
20551,432,428,4
20552,443,442,1
20553,244,244,0
20554,79,79,0
20555,204,204,0
20556,979,974,5
20557,130,130,0
20558,160,160,0
20559,221,219,2
20560,208,206,2
20561,235,234,1
20562,327,325,2
20563,358,358,0
20564,228,226,2
20565,125,124,1
20566,125,125,0
20567,173,173,0
20568,227,227,0
20569,451,450,1
20570,186,186,0
20571,148,148,0
20572,493,493,0
20573,172,171,1
20574,100,98,2
20575,70,70,0
20576,135,134,1
20577,286,285,1
20578,147,147,0
20579,146,146,0
20580,108,108,0
20581,161,160,1
20582,193,193,0
20583,400,399,1
20584,115,114,1
20585,227,226,1
20586,439,437,2
20587,174,173,1
20588,142,140,2
20589,573,571,2
20590,729,727,2
20591,273,272,1
20592,121,120,1
20593,160,160,0
20594,145,144,1
20595,257,257,0
20596,325,325,0
20597,105,105,0
20598,936,932,4
20599,230,230,0
20600,135,135,0
20601,159,154,5
20602,684,684,0
20603,211,210,1
20604,142,142,0
20605,137,134,3
20606,179,179,0
20607,166,165,1
20608,857,850,7
20609,259,254,5
20610,294,294,0
20611,164,163,1
20612,150,149,1
20613,159,159,0
20614,138,137,1
20615,132,132,0
20616,420,420,0
20617,118,118,0
20618,106,106,0
20619,133,133,0
20620,133,133,0
20621,248,248,0
20622,179,179,0
20623,179,179,0
20624,224,223,1
20625,292,291,1
20626,221,221,0
20627,707,706,1
20628,484,483,1
20629,838,831,7
20630,127,127,0
20631,211,211,0
20632,143,143,0
20633,152,151,1
20634,47,47,0
20635,133,133,0
20636,423,422,1
20637,114,114,0
20638,132,132,0
20639,262,259,3
20640,129,129,0
20641,128,128,0
20642,115,115,0
20643,396,395,1
20644,248,246,2
20645,235,235,0
20646,354,353,1
20647,159,157,2
20648,432,432,0
20649,158,154,4
20650,371,371,0
20651,240,239,1
20652,419,414,5
20653,523,519,4
20654,482,481,1
20655,569,566,3
20656,144,144,0
20657,434,434,0
20658,340,340,0
20659,315,312,3
20660,156,156,0
20661,995,985,10
20662,192,192,0
20663,176,174,2
20664,162,162,0
20665,121,121,0
20666,139,139,0
20667,273,273,0
20668,312,309,3
20669,35,35,0
20670,183,179,4
20671,588,584,4
20672,163,163,0
20673,144,143,1
20674,55,55,0
20675,155,155,0
20676,65,65,0
20677,287,287,0
20678,172,172,0
20679,351,350,1
20680,110,110,0
20681,66,66,0
20682,378,375,3
20683,736,734,2
20684,564,564,0
20685,200,200,0
20686,134,134,0
20687,165,165,0
20688,137,136,1
20689,421,421,0
20690,491,489,2
20691,578,576,2
20692,201,201,0
20693,697,693,4
20694,125,124,1
20695,76,76,0
20696,117,115,2
20697,99,99,0
20698,244,244,0
20699,148,148,0
20700,229,229,0
20701,66,66,0
20702,251,251,0
20703,130,129,1
20704,100,100,0
20705,272,272,0
20706,98,98,0
20707,221,218,3
20708,265,263,2
20709,160,158,2
20710,148,148,0
20711,68,68,0
20712,82,82,0
20713,122,121,1
20714,194,194,0
20715,232,232,0
20716,292,289,3
20717,417,416,1
20718,131,131,0
20719,192,192,0
20720,156,155,1
20721,130,130,0
20722,140,140,0
20723,507,505,2
20724,285,285,0
20725,163,162,1
20726,100,99,1
20727,49,48,1
20728,59,59,0
20729,126,126,0
20730,421,421,0
20731,297,297,0
20732,191,190,1
20733,79,79,0
20734,128,127,1
20735,164,164,0
20736,146,144,2
20737,53,53,0
20738,160,160,0
20739,139,137,2
20740,567,567,0
20741,123,120,3
20742,323,322,1
20743,362,361,1
20744,177,177,0
20745,145,144,1
20746,357,355,2
20747,71,71,0
20748,372,370,2
20749,144,143,1
20750,193,193,0
20751,247,247,0
20752,128,128,0
20753,139,139,0
20754,162,162,0
20755,533,530,3
20756,263,262,1
20757,250,249,1
20758,311,307,4
20759,185,185,0
20760,275,274,1
20761,128,128,0
20762,206,206,0
20763,128,128,0
20764,131,130,1
20765,248,248,0
20766,990,989,1
20767,168,168,0
20768,102,102,0
20769,326,325,1
20770,272,272,0
20771,135,134,1
20772,377,376,1
20773,224,224,0
20774,229,229,0
20775,167,167,0
20776,173,173,0
20777,266,264,2
20778,210,210,0
20779,123,123,0
20780,94,94,0
20781,106,106,0
20782,403,401,2
20783,181,179,2
20784,284,284,0
20785,154,154,0
20786,373,372,1
20787,898,893,5
20788,394,393,1
20789,123,123,0
20790,631,629,2
20791,161,161,0
20792,221,220,1
20793,207,207,0
20794,137,137,0
20795,201,201,0
20796,862,859,3
20797,606,605,1
20798,144,144,0
20799,363,362,1
20800,150,150,0
20801,642,642,0
20802,487,487,0
20803,791,791,0
20804,721,716,5
20805,174,174,0
20806,222,222,0
20807,55,55,0
20808,169,166,3
20809,328,326,2
20810,95,93,2
20811,178,178,0
20812,197,197,0
20813,345,344,1
20814,58,58,0
20815,174,174,0
20816,124,122,2
20817,117,116,1
20818,267,265,2
20819,329,328,1
20820,187,186,1
20821,857,852,5
20822,206,206,0
20823,249,247,2
20824,472,468,4
20825,249,248,1
20826,160,158,2
20827,200,199,1
20828,158,158,0
20829,889,888,1
20830,256,254,2
20831,357,354,3
20832,209,209,0
20833,531,528,3
20834,186,182,4
20835,197,197,0
20836,174,174,0
20837,147,147,0
20838,49,49,0
20839,784,784,0
20840,270,268,2
20841,207,206,1
20842,1020,1020,0
20843,365,363,2
20844,111,110,1
20845,167,167,0
20846,214,213,1
20847,116,116,0
20848,314,311,3
20849,132,132,0
20850,320,320,0
20851,404,403,1
20852,68,68,0
20853,57,57,0
20854,221,221,0
20855,308,306,2
20856,204,204,0
20857,265,263,2
20858,133,133,0
20859,71,71,0
20860,114,113,1
20861,205,201,4
20862,260,260,0
20863,178,176,2
20864,279,279,0
20865,135,135,0
20866,677,677,0
20867,670,668,2
20868,465,465,0
20869,264,261,3
20870,158,158,0
20871,165,165,0
20872,440,439,1
20873,236,235,1
20874,187,187,0
20875,110,109,1
20876,244,243,1
20877,238,237,1
20878,328,328,0
20879,221,221,0
20880,143,143,0
20881,445,443,2
20882,106,105,1
20883,99,99,0
20884,150,149,1
20885,92,92,0
20886,179,179,0
20887,133,133,0
20888,359,359,0
20889,60,59,1
20890,153,151,2
20891,287,284,3
20892,125,125,0
20893,216,216,0
20894,142,142,0
20895,168,168,0
20896,150,149,1
20897,180,180,0
20898,176,175,1
20899,512,511,1
20900,197,197,0
20901,177,177,0
20902,381,379,2
20903,194,193,1
20904,213,212,1
20905,126,124,2
20906,485,485,0
20907,199,198,1
20908,43,43,0
20909,138,137,1
20910,577,574,3
20911,43,43,0
20912,233,232,1
20913,113,111,2
20914,156,156,0
20915,197,197,0
20916,416,416,0
20917,47,47,0
20918,265,264,1
20919,246,245,1
20920,166,166,0
20921,167,166,1
20922,140,140,0
20923,215,213,2
20924,140,140,0
20925,113,113,0
20926,185,185,0
20927,396,393,3
20928,199,195,4
20929,56,56,0
20930,45,45,0
20931,247,246,1
20932,118,118,0
20933,174,171,3
20934,202,201,1
20935,202,201,1
20936,114,114,0
20937,248,248,0
20938,155,154,1
20939,216,213,3
20940,137,135,2
20941,156,154,2
20942,317,316,1
20943,654,654,0
20944,337,337,0
20945,174,174,0
20946,122,122,0
20947,135,135,0
20948,189,189,0
20949,147,147,0
20950,213,212,1
20951,199,197,2
20952,201,200,1
20953,351,351,0
20954,173,173,0
20955,123,123,0
20956,71,71,0
20957,244,242,2
20958,145,145,0
20959,116,115,1
20960,265,264,1
20961,198,198,0
20962,56,56,0
20963,106,105,1
20964,159,158,1
20965,202,202,0
20966,154,153,1
20967,574,573,1
20968,136,135,1
20969,124,124,0
20970,202,200,2
20971,603,601,2
20972,123,122,1
20973,729,728,1
20974,124,124,0
20975,101,99,2
20976,153,153,0
20977,159,158,1
20978,133,133,0
20979,160,158,2
20980,166,164,2
20981,275,275,0
20982,230,229,1
20983,142,139,3
20984,226,225,1
20985,128,127,1
20986,218,218,0
20987,117,117,0
20988,75,75,0
20989,268,267,1
20990,119,117,2
20991,357,357,0
20992,318,316,2
20993,746,744,2
20994,54,54,0
20995,114,114,0
20996,142,142,0
20997,172,172,0
20998,173,172,1
20999,130,129,1
21000,241,241,0
21001,202,200,2
21002,116,116,0
21003,185,185,0
21004,110,110,0
21005,145,145,0
21006,107,107,0
21007,60,59,1
21008,292,292,0
21009,226,226,0
21010,122,122,0
21011,646,645,1
21012,163,162,1
21013,139,139,0
21014,196,196,0
21015,131,130,1
21016,126,126,0
21017,312,310,2
21018,261,261,0
21019,243,242,1
21020,106,105,1
21021,164,162,2
21022,159,158,1
21023,180,180,0
21024,442,441,1
21025,318,315,3
21026,237,236,1
21027,53,53,0
21028,116,116,0
21029,179,179,0
21030,372,369,3
21031,101,101,0
21032,194,190,4
21033,47,47,0
21034,186,185,1
21035,225,225,0
21036,439,437,2
21037,284,279,5
21038,218,218,0
21039,125,125,0
21040,271,269,2
21041,217,216,1
21042,689,684,5
21043,128,128,0
21044,317,315,2
21045,235,235,0
21046,362,360,2
21047,150,148,2
21048,181,181,0
21049,325,323,2
21050,150,149,1
21051,156,156,0
21052,203,203,0
21053,193,193,0
21054,247,247,0
21055,133,132,1
21056,271,271,0
21057,114,113,1
21058,159,159,0
21059,122,122,0
21060,219,219,0
21061,123,123,0
21062,152,151,1
21063,711,706,5
21064,124,123,1
21065,466,465,1
21066,542,540,2
21067,42,42,0
21068,115,114,1
21069,122,122,0
21070,180,177,3
21071,60,60,0
21072,193,193,0
21073,206,206,0
21074,317,317,0
21075,132,132,0
21076,142,142,0
21077,224,224,0
21078,98,98,0
21079,443,442,1
21080,188,187,1
21081,370,370,0
21082,582,580,2
21083,140,140,0
21084,470,470,0
21085,158,158,0
21086,427,422,5
21087,110,110,0
21088,71,71,0
21089,339,338,1
21090,132,132,0
21091,215,215,0
21092,1002,1000,2
21093,517,514,3
21094,256,256,0
21095,311,311,0
21096,141,141,0
21097,130,129,1
21098,417,416,1
21099,426,426,0
21100,235,235,0
21101,207,207,0
21102,215,215,0
21103,152,152,0
21104,254,254,0
21105,153,152,1
21106,176,176,0
21107,136,136,0
21108,142,142,0
21109,280,279,1
21110,334,333,1
21111,132,132,0
21112,135,133,2
21113,471,471,0
21114,342,341,1
21115,150,150,0
21116,183,183,0
21117,209,207,2
21118,197,194,3
21119,127,126,1
21120,123,123,0
21121,533,531,2
21122,207,204,3
21123,42,39,3
21124,221,221,0
21125,112,111,1
21126,69,69,0
21127,175,173,2
21128,525,525,0
21129,112,112,0
21130,97,97,0
21131,109,108,1
21132,257,257,0
21133,368,367,1
21134,240,240,0
21135,276,275,1
21136,423,421,2
21137,355,352,3
21138,161,161,0
21139,145,145,0
21140,180,177,3
21141,454,451,3
21142,106,106,0
21143,152,151,1
21144,138,138,0
21145,272,272,0
21146,255,255,0
21147,73,73,0
21148,103,102,1
21149,441,441,0
21150,69,69,0
21151,120,120,0
21152,375,375,0
21153,268,267,1
21154,157,157,0
21155,153,153,0
21156,386,383,3
21157,128,128,0
21158,190,189,1
21159,136,136,0
21160,482,478,4
21161,94,94,0
21162,418,418,0
21163,297,296,1
21164,127,127,0
21165,738,738,0
21166,480,479,1
21167,100,99,1
21168,241,238,3
21169,403,396,7
21170,224,224,0
21171,196,196,0
21172,260,259,1
21173,270,270,0
21174,76,76,0
21175,80,80,0
21176,352,352,0
21177,194,193,1
21178,126,126,0
21179,493,488,5
21180,122,122,0
21181,151,149,2
21182,97,97,0
21183,152,150,2
21184,132,132,0
21185,476,476,0
21186,309,307,2
21187,804,804,0
21188,306,300,6
21189,170,170,0
21190,240,237,3
21191,213,213,0
21192,319,317,2
21193,112,112,0
21194,139,139,0
21195,71,71,0
21196,159,157,2
21197,589,585,4
21198,550,545,5
21199,39,39,0
21200,66,66,0
21201,396,396,0
21202,125,124,1
21203,279,277,2
21204,472,472,0
21205,149,147,2
21206,567,566,1
21207,160,160,0
21208,289,288,1
21209,395,394,1
21210,312,312,0
21211,601,597,4
21212,116,116,0
21213,114,113,1
21214,134,134,0
21215,236,235,1
21216,211,211,0
21217,214,212,2
21218,146,146,0
21219,549,548,1
21220,267,267,0
21221,179,179,0
21222,303,302,1
21223,58,58,0
21224,92,92,0
21225,122,121,1
21226,125,125,0
21227,148,148,0
21228,349,337,12
21229,241,240,1
21230,132,131,1
21231,356,356,0
21232,310,308,2
21233,199,196,3
21234,523,506,17
21235,207,205,2
21236,202,202,0
21237,470,470,0
21238,226,226,0
21239,342,341,1
21240,122,120,2
21241,485,474,11
21242,121,119,2
21243,789,788,1
21244,792,788,4
21245,131,131,0
21246,151,150,1
21247,319,314,5
21248,288,284,4
21249,147,147,0
21250,115,113,2
21251,313,310,3
21252,158,158,0
21253,199,199,0
21254,384,383,1
21255,232,232,0
21256,153,152,1
21257,361,360,1
21258,223,223,0
21259,145,144,1
21260,136,136,0
21261,127,127,0
21262,126,125,1
21263,209,206,3
21264,74,74,0
21265,274,273,1
21266,206,206,0
21267,157,156,1
21268,115,115,0
21269,99,97,2
21270,189,188,1
21271,116,114,2
21272,122,115,7
21273,998,995,3
21274,126,126,0
21275,201,201,0
21276,279,278,1
21277,177,177,0
21278,80,80,0
21279,129,129,0
21280,207,204,3
21281,235,234,1
21282,305,304,1
21283,141,141,0
21284,119,118,1
21285,465,463,2
21286,209,206,3
21287,191,190,1
21288,227,227,0
21289,401,400,1
21290,376,374,2
21291,436,435,1
21292,359,359,0
21293,328,328,0
21294,129,129,0
21295,154,154,0
21296,303,303,0
21297,214,214,0
21298,273,273,0
21299,194,194,0
21300,172,171,1
21301,164,164,0
21302,131,131,0
21303,351,350,1
21304,98,97,1
21305,348,348,0
21306,213,213,0
21307,151,151,0
21308,262,254,8
21309,457,457,0
21310,84,83,1
21311,56,56,0
21312,121,121,0
21313,133,133,0
21314,109,109,0
21315,121,121,0
21316,159,159,0
21317,480,479,1
21318,162,161,1
21319,193,193,0
21320,133,133,0
21321,184,184,0
21322,232,230,2
21323,162,160,2
21324,182,180,2
21325,70,70,0
21326,167,167,0
21327,737,734,3
21328,405,404,1
21329,546,544,2
21330,109,109,0
21331,304,304,0
21332,188,184,4
21333,277,275,2
21334,146,144,2
21335,49,49,0
21336,159,158,1
21337,122,122,0
21338,285,282,3
21339,108,108,0
21340,199,199,0
21341,203,203,0
21342,92,92,0
21343,306,306,0
21344,61,61,0
21345,130,130,0
21346,97,97,0
21347,124,124,0
21348,59,59,0
21349,121,121,0
21350,129,129,0
21351,257,256,1
21352,118,118,0
21353,134,132,2
21354,453,453,0
21355,281,278,3
21356,45,45,0
21357,136,134,2
21358,125,125,0
21359,188,188,0
21360,214,214,0
21361,207,203,4
21362,561,560,1
21363,57,57,0
21364,116,115,1
21365,461,460,1
21366,89,89,0
21367,162,161,1
21368,134,134,0
21369,273,271,2
21370,187,187,0
21371,279,278,1
21372,233,231,2
21373,194,194,0
21374,293,293,0
21375,256,256,0
21376,159,159,0
21377,429,427,2
21378,330,330,0
21379,211,209,2
21380,71,71,0
21381,202,199,3
21382,111,111,0
21383,447,447,0
21384,220,219,1
21385,131,131,0
21386,117,115,2
21387,112,112,0
21388,453,453,0
21389,129,129,0
21390,189,189,0
21391,646,644,2
21392,112,112,0
21393,215,215,0
21394,474,471,3
21395,217,216,1
21396,317,314,3
21397,196,196,0
21398,163,163,0
21399,100,99,1
21400,326,325,1
21401,111,111,0
21402,122,122,0
21403,559,557,2
21404,303,303,0
21405,218,218,0
21406,140,139,1
21407,340,340,0
21408,140,139,1
21409,202,200,2
21410,143,141,2
21411,189,189,0
21412,439,439,0
21413,849,845,4
21414,261,259,2
21415,315,315,0
21416,139,138,1
21417,155,155,0
21418,273,272,1
21419,237,237,0
21420,183,182,1
21421,189,189,0
21422,189,188,1
21423,206,205,1
21424,206,206,0
21425,237,237,0
21426,139,139,0
21427,593,587,6
21428,366,363,3
21429,115,115,0
21430,160,160,0
21431,77,77,0
21432,146,145,1
21433,131,130,1
21434,138,138,0
21435,119,119,0
21436,73,73,0
21437,125,125,0
21438,115,115,0
21439,115,115,0
21440,165,164,1
21441,152,150,2
21442,39,39,0
21443,212,212,0
21444,285,285,0
21445,311,308,3
21446,206,206,0
21447,238,238,0
21448,185,185,0
21449,162,161,1
21450,212,212,0
21451,754,752,2
21452,508,507,1
21453,150,147,3
21454,92,92,0
21455,141,140,1
21456,203,203,0
21457,148,148,0
21458,137,137,0
21459,427,427,0
21460,210,208,2
21461,296,295,1
21462,50,50,0
21463,187,187,0
21464,187,187,0
21465,751,750,1
21466,129,129,0
21467,149,149,0
21468,172,168,4
21469,211,211,0
21470,120,120,0
21471,252,251,1
21472,186,186,0
21473,115,115,0
21474,155,154,1
21475,74,73,1
21476,415,414,1
21477,55,55,0
21478,123,123,0
21479,147,147,0
21480,72,72,0
21481,249,248,1
21482,309,309,0
21483,97,97,0
21484,240,239,1
21485,188,187,1
21486,107,107,0
21487,198,197,1
21488,132,131,1
21489,111,110,1
21490,116,116,0
21491,125,124,1
21492,281,280,1
21493,196,195,1
21494,69,69,0
21495,165,157,8
21496,78,77,1
21497,201,199,2
21498,115,113,2
21499,122,119,3
21500,361,358,3
21501,92,92,0
21502,100,99,1
21503,33,33,0
21504,121,120,1
21505,625,624,1
21506,126,126,0
21507,314,312,2
21508,510,508,2
21509,153,152,1
21510,472,471,1
21511,104,103,1
21512,76,76,0
21513,385,383,2
21514,787,786,1
21515,234,234,0
21516,129,129,0
21517,221,221,0
21518,334,330,4
21519,424,424,0
21520,363,362,1
21521,273,273,0
21522,141,141,0
21523,102,102,0
21524,331,330,1
21525,173,173,0
21526,143,143,0
21527,286,285,1
21528,305,301,4
21529,176,176,0
21530,357,354,3
21531,294,294,0
21532,334,333,1
21533,381,379,2
21534,285,282,3
21535,105,104,1
21536,1021,1012,9
21537,159,159,0
21538,115,115,0
21539,120,120,0
21540,91,91,0
21541,122,122,0
21542,273,273,0
21543,153,151,2
21544,158,158,0
21545,229,228,1
21546,105,105,0
21547,190,190,0
21548,207,205,2
21549,174,174,0
21550,131,131,0
21551,146,146,0
21552,128,128,0
21553,244,242,2
21554,51,50,1
21555,126,126,0
21556,158,157,1
21557,297,295,2
21558,80,75,5
21559,380,375,5
21560,143,143,0
21561,234,232,2
21562,59,59,0
21563,141,141,0
21564,57,55,2
21565,241,240,1
21566,175,173,2
21567,126,125,1
21568,201,201,0
21569,378,378,0
21570,147,147,0
21571,225,225,0
21572,445,445,0
21573,163,159,4
21574,168,168,0
21575,296,294,2
21576,134,134,0
21577,175,175,0
21578,188,187,1
21579,105,105,0
21580,368,363,5
21581,134,134,0
21582,145,145,0
21583,437,437,0
21584,158,158,0
21585,184,184,0
21586,253,252,1
21587,221,221,0
21588,165,165,0
21589,369,369,0
21590,171,171,0
21591,109,109,0
21592,200,199,1
21593,958,958,0
21594,100,99,1
21595,281,275,6
21596,206,206,0
21597,259,253,6
21598,293,291,2
21599,222,219,3
21600,68,67,1
21601,144,140,4
21602,174,174,0
21603,141,140,1
21604,177,175,2
21605,222,222,0
21606,91,91,0
21607,188,188,0
21608,388,382,6
21609,185,184,1
21610,554,553,1
21611,888,880,8
21612,157,156,1
21613,639,636,3
21614,407,406,1
21615,165,164,1
21616,153,150,3
21617,117,117,0
21618,47,46,1
21619,154,154,0
21620,297,297,0
21621,140,134,6
21622,153,150,3
21623,78,78,0
21624,111,110,1
21625,344,341,3
21626,46,46,0
21627,691,687,4
21628,90,90,0
21629,262,261,1
21630,121,120,1
21631,207,207,0
21632,206,204,2
21633,205,202,3
21634,135,135,0
21635,369,369,0
21636,102,102,0
21637,90,90,0
21638,190,190,0
21639,123,122,1
21640,628,626,2
21641,142,141,1
21642,161,161,0
21643,78,78,0
21644,640,640,0
21645,204,202,2
21646,167,166,1
21647,174,174,0
21648,570,567,3
21649,312,311,1
21650,389,387,2
21651,137,137,0
21652,69,68,1
21653,72,72,0
21654,118,112,6
21655,107,105,2
21656,160,159,1
21657,154,147,7
21658,141,141,0
21659,296,295,1
21660,595,594,1
21661,140,139,1
21662,231,231,0
21663,541,540,1
21664,182,178,4
21665,123,123,0
21666,145,145,0
21667,319,315,4
21668,50,50,0
21669,152,152,0
21670,314,313,1
21671,737,734,3
21672,646,645,1
21673,150,150,0
21674,138,137,1
21675,119,119,0
21676,461,461,0
21677,137,137,0
21678,382,382,0
21679,112,111,1
21680,130,129,1
21681,73,72,1
21682,73,73,0
21683,149,149,0
21684,373,373,0
21685,536,535,1
21686,166,166,0
21687,346,346,0
21688,462,462,0
21689,271,268,3
21690,408,405,3
21691,165,165,0
21692,110,108,2
21693,138,138,0
21694,365,364,1
21695,146,146,0
21696,409,403,6
21697,490,453,37
21698,477,477,0
21699,174,174,0
21700,160,160,0
21701,123,122,1
21702,223,223,0
21703,284,284,0
21704,904,899,5
21705,141,141,0
21706,182,182,0
21707,136,136,0
21708,153,152,1
21709,44,44,0
21710,171,171,0
21711,143,142,1
21712,152,152,0
21713,90,90,0
21714,231,231,0
21715,165,164,1
21716,122,122,0
21717,170,170,0
21718,96,96,0
21719,118,118,0
21720,257,257,0
21721,178,176,2
21722,411,411,0
21723,173,173,0
21724,135,135,0
21725,148,141,7
21726,129,124,5
21727,323,318,5
21728,167,164,3
21729,164,164,0
21730,189,188,1
21731,448,446,2
21732,279,278,1
21733,127,127,0
21734,176,175,1
21735,453,452,1
21736,117,117,0
21737,348,346,2
21738,226,225,1
21739,146,137,9
21740,154,154,0
21741,677,670,7
21742,252,242,10
21743,168,167,1
21744,148,148,0
21745,374,373,1
21746,174,172,2
21747,166,165,1
21748,193,191,2
21749,150,150,0
21750,266,263,3
21751,422,420,2
21752,219,219,0
21753,74,74,0
21754,706,704,2
21755,356,355,1
21756,73,73,0
21757,133,132,1
21758,123,123,0
21759,155,155,0
21760,242,241,1
21761,247,247,0
21762,172,172,0
21763,71,71,0
21764,152,151,1
21765,168,167,1
21766,194,192,2
21767,247,247,0
21768,167,164,3
21769,149,147,2
21770,589,587,2
21771,116,115,1
21772,152,152,0
21773,103,102,1
21774,141,136,5
21775,47,47,0
21776,259,258,1
21777,143,143,0
21778,60,60,0
21779,188,188,0
21780,291,291,0
21781,223,223,0
21782,76,76,0
21783,48,48,0
21784,258,257,1
21785,172,170,2
21786,123,123,0
21787,258,258,0
21788,118,118,0
21789,122,118,4
21790,291,291,0
21791,140,139,1
21792,242,242,0
21793,182,182,0
21794,161,161,0
21795,117,115,2
21796,294,294,0
21797,231,229,2
21798,167,167,0
21799,188,188,0
21800,78,78,0
21801,218,217,1
21802,307,306,1
21803,161,160,1
21804,248,248,0
21805,332,328,4
21806,145,145,0
21807,213,212,1
21808,101,101,0
21809,167,167,0
21810,195,195,0
21811,152,152,0
21812,343,343,0
21813,860,850,10
21814,212,212,0
21815,283,278,5
21816,260,257,3
21817,127,127,0
21818,173,173,0
21819,156,156,0
21820,153,153,0
21821,241,241,0
21822,112,112,0
21823,131,131,0
21824,122,122,0
21825,336,335,1
21826,158,158,0
21827,155,155,0
21828,193,193,0
21829,96,95,1
21830,156,156,0
21831,140,138,2
21832,112,112,0
21833,305,305,0
21834,250,250,0
21835,171,171,0
21836,436,436,0
21837,244,242,2
21838,95,95,0
21839,139,134,5
21840,177,176,1
21841,101,101,0
21842,266,265,1
21843,286,284,2
21844,592,591,1
21845,125,125,0
21846,128,128,0
21847,198,198,0
21848,151,151,0
21849,52,52,0
21850,114,114,0
21851,65,65,0
21852,101,101,0
21853,69,69,0
21854,202,200,2
21855,88,88,0
21856,173,173,0
21857,208,207,1
21858,565,563,2
21859,166,165,1
21860,355,354,1
21861,142,141,1
21862,372,366,6
21863,111,111,0
21864,130,130,0
21865,195,195,0
21866,363,363,0
21867,116,116,0
21868,212,210,2
21869,103,103,0
21870,138,137,1
21871,232,232,0
21872,143,143,0
21873,141,140,1
21874,208,208,0
21875,154,154,0
21876,592,586,6
21877,453,451,2
21878,120,120,0
21879,171,169,2
21880,117,117,0
21881,149,149,0
21882,352,350,2
21883,727,723,4
21884,180,180,0
21885,90,90,0
21886,89,89,0
21887,499,492,7
21888,268,268,0
21889,100,100,0
21890,373,372,1
21891,60,60,0
21892,53,53,0
21893,183,182,1
21894,104,103,1
21895,107,100,7
21896,55,53,2
21897,388,379,9
21898,188,188,0
21899,795,795,0
21900,356,356,0
21901,316,316,0
21902,261,260,1
21903,262,260,2
21904,703,696,7
21905,141,141,0
21906,206,206,0
21907,184,184,0
21908,144,144,0
21909,128,128,0
21910,118,118,0
21911,217,216,1
21912,124,124,0
21913,140,140,0
21914,236,234,2
21915,420,420,0
21916,159,159,0
21917,104,104,0
21918,201,201,0
21919,343,343,0
21920,279,279,0
21921,210,208,2
21922,262,262,0
21923,307,307,0
21924,214,214,0
21925,441,439,2
21926,265,261,4
21927,244,244,0
21928,241,239,2
21929,103,103,0
21930,93,93,0
21931,67,67,0
21932,96,94,2
21933,44,44,0
21934,402,402,0
21935,98,98,0
21936,15,15,0
21937,70,70,0
21938,85,85,0
21939,56,56,0
21940,283,281,2
21941,133,132,1
21942,150,149,1
21943,133,133,0
21944,127,127,0
21945,136,136,0
21946,233,233,0
21947,219,219,0
21948,185,184,1
21949,87,87,0
21950,161,161,0
21951,135,135,0
21952,162,160,2
21953,172,172,0
21954,151,151,0
21955,483,481,2
21956,355,355,0
21957,188,187,1
21958,286,286,0
21959,109,108,1
21960,135,135,0
21961,175,175,0
21962,232,232,0
21963,197,196,1
21964,105,105,0
21965,933,933,0
21966,185,184,1
21967,136,136,0
21968,216,216,0
21969,240,239,1
21970,271,270,1
21971,279,277,2
21972,753,744,9
21973,267,266,1
21974,75,75,0
21975,184,184,0
21976,257,254,3
21977,468,465,3
21978,472,467,5
21979,188,186,2
21980,835,835,0
21981,637,634,3
21982,60,60,0
21983,187,187,0
21984,187,187,0
21985,429,429,0
21986,96,96,0
21987,42,41,1
21988,97,97,0
21989,77,76,1
21990,266,265,1
21991,453,450,3
21992,46,46,0
21993,188,188,0
21994,110,110,0
21995,241,241,0
21996,145,144,1
21997,126,126,0
21998,120,119,1
21999,469,466,3
22000,271,271,0
22001,203,203,0
22002,123,122,1
22003,184,181,3
22004,589,587,2
22005,479,479,0
22006,195,195,0
22007,225,224,1
22008,363,361,2
22009,987,985,2
22010,125,125,0
22011,588,587,1
22012,282,282,0
22013,749,749,0
22014,297,297,0
22015,396,395,1
22016,326,325,1
22017,254,254,0
22018,341,339,2
22019,176,175,1
22020,386,386,0
22021,133,133,0
22022,106,105,1
22023,66,65,1
22024,241,241,0
22025,161,160,1
22026,212,211,1
22027,115,115,0
22028,92,92,0
22029,1243,1234,9
22030,796,794,2
22031,231,231,0
22032,172,172,0
22033,289,289,0
22034,208,208,0
22035,128,128,0
22036,156,156,0
22037,161,161,0
22038,285,282,3
22039,218,215,3
22040,119,118,1
22041,157,157,0
22042,131,131,0
22043,457,456,1
22044,117,117,0
22045,95,95,0
22046,223,223,0
22047,173,172,1
22048,167,167,0
22049,122,122,0
22050,165,165,0
22051,136,136,0
22052,71,71,0
22053,205,203,2
22054,268,268,0
22055,153,151,2
22056,421,421,0
22057,82,82,0
22058,163,160,3
22059,232,232,0
22060,169,169,0
22061,193,191,2
22062,41,40,1
22063,995,992,3
22064,223,223,0
22065,209,209,0
22066,271,271,0
22067,95,94,1
22068,180,179,1
22069,159,159,0
22070,128,125,3
22071,161,158,3
22072,349,346,3
22073,295,294,1
22074,246,246,0
22075,129,129,0
22076,327,325,2
22077,132,131,1
22078,128,128,0
22079,225,225,0
22080,248,248,0
22081,139,138,1
22082,154,154,0
22083,179,179,0
22084,189,189,0
22085,636,635,1
22086,191,191,0
22087,168,168,0
22088,256,255,1
22089,126,126,0
22090,193,193,0
22091,164,163,1
22092,332,329,3
22093,161,160,1
22094,148,148,0
22095,157,157,0
22096,131,129,2
22097,230,230,0
22098,276,276,0
22099,190,189,1
22100,180,180,0
22101,385,385,0
22102,225,224,1
22103,701,698,3
22104,518,515,3
22105,333,332,1
22106,86,85,1
22107,411,409,2
22108,1011,1006,5
22109,438,436,2
22110,285,284,1
22111,144,144,0
22112,109,109,0
22113,316,315,1
22114,237,233,4
22115,517,516,1
22116,128,128,0
22117,219,219,0
22118,267,264,3
22119,311,310,1
22120,332,332,0
22121,962,952,10
22122,218,218,0
22123,198,198,0
22124,116,116,0
22125,202,201,1
22126,415,415,0
22127,277,277,0
22128,549,549,0
22129,125,125,0
22130,142,142,0
22131,179,178,1
22132,443,441,2
22133,241,240,1
22134,213,213,0
22135,105,105,0
22136,239,238,1
22137,329,327,2
22138,124,124,0
22139,261,261,0
22140,727,723,4
22141,480,480,0
22142,535,535,0
22143,258,258,0
22144,118,115,3
22145,181,179,2
22146,462,459,3
22147,172,168,4
22148,62,62,0
22149,116,114,2
22150,180,180,0
22151,135,135,0
22152,153,153,0
22153,149,148,1
22154,153,153,0
22155,158,157,1
22156,120,120,0
22157,148,147,1
22158,146,146,0
22159,220,220,0
22160,112,111,1
22161,187,187,0
22162,149,149,0
22163,486,482,4
22164,127,127,0
22165,153,153,0
22166,140,140,0
22167,293,293,0
22168,80,80,0
22169,65,65,0
22170,89,89,0
22171,46,46,0
22172,129,129,0
22173,127,127,0
22174,543,541,2
22175,94,94,0
22176,345,345,0
22177,71,71,0
22178,515,515,0
22179,213,213,0
22180,74,74,0
22181,279,279,0
22182,49,49,0
22183,106,105,1
22184,434,432,2
22185,264,262,2
22186,131,131,0
22187,428,428,0
22188,285,284,1
22189,790,782,8
22190,110,110,0
22191,185,185,0
22192,153,153,0
22193,152,152,0
22194,151,151,0
22195,67,67,0
22196,119,119,0
22197,43,42,1
22198,128,128,0
22199,567,566,1
22200,116,116,0
22201,75,75,0
22202,234,234,0
22203,113,113,0
22204,179,178,1
22205,50,50,0
22206,186,185,1
22207,172,172,0
22208,155,155,0
22209,277,276,1
22210,129,129,0
22211,584,583,1
22212,212,210,2
22213,183,183,0
22214,1000,990,10
22215,352,352,0
22216,86,85,1
22217,97,97,0
22218,106,106,0
22219,141,134,7
22220,156,156,0
22221,246,244,2
22222,314,313,1
22223,106,106,0
22224,112,112,0
22225,491,484,7
22226,166,165,1
22227,190,187,3
22228,54,54,0
22229,226,226,0
22230,261,258,3
22231,372,371,1
22232,521,520,1
22233,223,222,1
22234,237,237,0
22235,211,210,1
22236,75,75,0
22237,98,98,0
22238,80,79,1
22239,168,167,1
22240,332,332,0
22241,489,487,2
22242,476,473,3
22243,376,376,0
22244,174,173,1
22245,607,606,1
22246,150,149,1
22247,135,135,0
22248,450,449,1
22249,493,493,0
22250,212,212,0
22251,531,531,0
22252,149,149,0
22253,210,210,0
22254,1015,1007,8
22255,173,173,0
22256,140,140,0
22257,115,114,1
22258,308,306,2
22259,115,115,0
22260,145,144,1
22261,541,539,2
22262,175,175,0
22263,132,132,0
22264,147,147,0
22265,336,335,1
22266,500,498,2
22267,140,140,0
22268,160,160,0
22269,366,366,0
22270,378,376,2
22271,270,270,0
22272,148,148,0
22273,835,824,11
22274,530,528,2
22275,490,487,3
22276,250,249,1
22277,220,220,0
22278,149,149,0
22279,707,705,2
22280,508,506,2
22281,151,151,0
22282,122,122,0
22283,812,811,1
22284,241,240,1
22285,142,141,1
22286,161,159,2
22287,494,489,5
22288,123,123,0
22289,138,135,3
22290,203,203,0
22291,151,151,0
22292,160,160,0
22293,331,331,0
22294,1039,1031,8
22295,208,208,0
22296,290,290,0
22297,185,182,3
22298,938,938,0
22299,413,411,2
22300,123,122,1
22301,127,127,0
22302,164,164,0
22303,204,204,0
22304,272,272,0
22305,38,38,0
22306,208,207,1
22307,307,300,7
22308,329,328,1
22309,162,161,1
22310,204,202,2
22311,347,347,0
22312,218,209,9
22313,129,129,0
22314,506,504,2
22315,185,185,0
22316,334,334,0
22317,484,483,1
22318,222,220,2
22319,170,169,1
22320,170,169,1
22321,140,138,2
22322,287,283,4
22323,540,539,1
22324,131,131,0
22325,278,277,1
22326,119,119,0
22327,150,150,0
22328,92,91,1
22329,449,447,2
22330,288,287,1
22331,39,39,0
22332,464,463,1
22333,127,127,0
22334,158,157,1
22335,268,268,0
22336,69,69,0
22337,219,219,0
22338,124,124,0
22339,358,357,1
22340,342,342,0
22341,234,234,0
22342,239,239,0
22343,144,143,1
22344,160,160,0
22345,196,196,0
22346,832,825,7
22347,130,130,0
22348,129,129,0
22349,146,145,1
22350,587,579,8
22351,155,155,0
22352,143,143,0
22353,169,167,2
22354,156,156,0
22355,356,355,1
22356,244,243,1
22357,459,458,1
22358,178,174,4
22359,105,105,0
22360,420,420,0
22361,135,135,0
22362,48,48,0
22363,119,119,0
22364,136,135,1
22365,83,83,0
22366,125,124,1
22367,322,318,4
22368,346,340,6
22369,522,522,0
22370,175,174,1
22371,212,212,0
22372,292,289,3
22373,133,133,0
22374,167,167,0
22375,140,140,0
22376,169,169,0
22377,239,238,1
22378,138,137,1
22379,110,110,0
22380,252,251,1
22381,186,186,0
22382,115,115,0
22383,155,154,1
22384,109,108,1
22385,175,175,0
22386,175,174,1
22387,204,204,0
22388,191,191,0
22389,867,864,3
22390,316,312,4
22391,220,220,0
22392,568,568,0
22393,403,403,0
22394,311,310,1
22395,776,773,3
22396,382,376,6
22397,219,219,0
22398,382,382,0
22399,151,151,0
22400,662,658,4
22401,716,714,2
22402,117,117,0
22403,165,165,0
22404,113,112,1
22405,1006,1001,5
22406,781,780,1
22407,133,133,0
22408,345,345,0
22409,85,85,0
22410,129,129,0
22411,137,137,0
22412,251,251,0
22413,118,118,0
22414,716,714,2
22415,209,209,0
22416,225,225,0
22417,117,116,1
22418,305,301,4
22419,387,386,1
22420,55,55,0
22421,177,175,2
22422,70,70,0
22423,190,188,2
22424,326,326,0
22425,366,366,0
22426,185,185,0
22427,933,930,3
22428,180,177,3
22429,128,127,1
22430,94,94,0
22431,129,129,0
22432,142,141,1
22433,262,262,0
22434,480,478,2
22435,567,567,0
22436,140,140,0
22437,141,140,1
22438,239,238,1
22439,258,256,2
22440,125,123,2
22441,197,195,2
22442,164,164,0
22443,194,192,2
22444,131,131,0
22445,112,112,0
22446,729,726,3
22447,183,181,2
22448,97,97,0
22449,88,86,2
22450,529,529,0
22451,293,293,0
22452,68,67,1
22453,81,80,1
22454,195,194,1
22455,112,112,0
22456,263,261,2
22457,229,227,2
22458,103,103,0
22459,218,216,2
22460,141,139,2
22461,211,211,0
22462,329,327,2
22463,390,387,3
22464,384,384,0
22465,56,55,1
22466,208,207,1
22467,99,99,0
22468,223,222,1
22469,520,520,0
22470,354,354,0
22471,301,298,3
22472,1406,1405,1
22473,413,411,2
22474,237,237,0
22475,257,257,0
22476,193,192,1
22477,117,115,2
22478,239,238,1
22479,100,99,1
22480,214,214,0
22481,72,71,1
22482,597,591,6
22483,451,449,2
22484,50,50,0
22485,67,67,0
22486,142,142,0
22487,239,236,3
22488,520,519,1
22489,509,509,0
22490,429,428,1
22491,155,155,0
22492,610,610,0
22493,131,131,0
22494,370,370,0
22495,140,138,2
22496,275,275,0
22497,167,166,1
22498,152,152,0
22499,179,179,0
22500,150,150,0
22501,192,192,0
22502,163,162,1
22503,307,304,3
22504,480,477,3
22505,129,128,1
22506,232,232,0
22507,149,148,1
22508,375,373,2
22509,216,216,0
22510,174,168,6
22511,233,233,0
22512,268,268,0
22513,401,399,2
22514,122,122,0
22515,102,102,0
22516,161,160,1
22517,236,235,1
22518,170,170,0
22519,330,329,1
22520,164,164,0
22521,199,197,2
22522,137,137,0
22523,191,191,0
22524,180,180,0
22525,277,277,0
22526,280,280,0
22527,271,269,2
22528,137,137,0
22529,122,122,0
22530,122,122,0
22531,159,159,0
22532,341,339,2
22533,183,183,0
22534,426,422,4
22535,123,122,1
22536,188,185,3
22537,139,138,1
22538,124,124,0
22539,198,198,0
22540,174,172,2
22541,424,424,0
22542,311,306,5
22543,151,151,0
22544,124,124,0
22545,30,30,0
22546,232,232,0
22547,129,129,0
22548,163,162,1
22549,294,290,4
22550,281,281,0
22551,199,199,0
22552,369,368,1
22553,135,133,2
22554,191,191,0
22555,110,105,5
22556,146,146,0
22557,159,159,0
22558,252,251,1
22559,167,167,0
22560,247,247,0
22561,116,116,0
22562,140,140,0
22563,210,210,0
22564,101,101,0
22565,209,209,0
22566,232,232,0
22567,591,591,0
22568,441,441,0
22569,200,199,1
22570,245,245,0
22571,186,186,0
22572,481,481,0
22573,126,126,0
22574,123,122,1
22575,283,282,1
22576,113,113,0
22577,709,700,9
22578,170,169,1
22579,173,173,0
22580,1030,1021,9
22581,751,750,1
22582,886,885,1
22583,181,181,0
22584,909,907,2
22585,73,73,0
22586,167,167,0
22587,127,127,0
22588,227,227,0
22589,687,682,5
22590,159,157,2
22591,589,589,0
22592,229,229,0
22593,304,303,1
22594,202,202,0
22595,1061,1054,7
22596,106,106,0
22597,113,110,3
22598,111,111,0
22599,324,318,6
22600,185,185,0
22601,173,172,1
22602,192,192,0
22603,467,467,0
22604,737,736,1
22605,285,284,1
22606,473,470,3
22607,142,142,0
22608,258,258,0
22609,369,369,0
22610,233,233,0
22611,351,350,1
22612,432,432,0
22613,115,115,0
22614,147,146,1
22615,130,130,0
22616,137,137,0
22617,792,792,0
22618,184,184,0
22619,309,309,0
22620,460,458,2
22621,227,226,1
22622,188,188,0
22623,876,876,0
22624,150,150,0
22625,208,208,0
22626,445,445,0
22627,842,841,1
22628,172,172,0
22629,144,143,1
22630,112,112,0
22631,472,472,0
22632,83,83,0
22633,295,292,3
22634,323,322,1
22635,309,309,0
22636,346,342,4
22637,270,269,1
22638,99,98,1
22639,85,85,0
22640,111,111,0
22641,169,169,0
22642,121,120,1
22643,144,144,0
22644,432,430,2
22645,227,227,0
22646,150,149,1
22647,151,151,0
22648,135,135,0
22649,187,187,0
22650,216,215,1
22651,128,128,0
22652,325,325,0
22653,310,308,2
22654,120,119,1
22655,277,274,3
22656,167,167,0
22657,299,299,0
22658,131,131,0
22659,124,122,2
22660,100,100,0
22661,268,268,0
22662,133,133,0
22663,448,447,1
22664,145,145,0
22665,137,137,0
22666,140,140,0
22667,975,973,2
22668,260,259,1
22669,180,179,1
22670,218,218,0
22671,590,586,4
22672,250,250,0
22673,159,159,0
22674,162,162,0
22675,111,111,0
22676,76,76,0
22677,197,196,1
22678,444,442,2
22679,770,763,7
22680,382,377,5
22681,272,271,1
22682,353,351,2
22683,966,962,4
22684,114,113,1
22685,136,136,0
22686,167,166,1
22687,189,188,1
22688,44,44,0
22689,104,104,0
22690,179,178,1
22691,311,311,0
22692,332,331,1
22693,262,261,1
22694,174,174,0
22695,171,170,1
22696,117,117,0
22697,147,147,0
22698,120,119,1
22699,134,134,0
22700,222,222,0
22701,157,157,0
22702,335,333,2
22703,106,106,0
22704,134,134,0
22705,388,388,0
22706,142,142,0
22707,296,296,0
22708,134,133,1
22709,248,248,0
22710,189,188,1
22711,267,267,0
22712,426,424,2
22713,106,105,1
22714,39,39,0
22715,305,302,3
22716,85,84,1
22717,354,353,1
22718,176,176,0
22719,720,713,7
22720,272,272,0
22721,191,188,3
22722,190,188,2
22723,503,501,2
22724,107,107,0
22725,128,128,0
22726,319,319,0
22727,169,167,2
22728,176,176,0
22729,251,249,2
22730,208,208,0
22731,287,287,0
22732,102,102,0
22733,329,329,0
22734,152,152,0
22735,277,276,1
22736,412,412,0
22737,53,53,0
22738,723,721,2
22739,781,777,4
22740,781,781,0
22741,150,148,2
22742,59,58,1
22743,159,159,0
22744,142,138,4
22745,170,170,0
22746,185,185,0
22747,142,142,0
22748,247,244,3
22749,245,245,0
22750,85,85,0
22751,609,609,0
22752,83,83,0
22753,118,118,0
22754,142,141,1
22755,173,172,1
22756,412,410,2
22757,288,287,1
22758,173,173,0
22759,455,452,3
22760,714,708,6
22761,136,135,1
22762,384,378,6
22763,307,307,0
22764,155,154,1
22765,143,143,0
22766,295,295,0
22767,323,322,1
22768,458,458,0
22769,180,180,0
22770,192,192,0
22771,165,165,0
22772,285,285,0
22773,163,161,2
22774,149,149,0
22775,281,281,0
22776,158,158,0
22777,314,312,2
22778,326,326,0
22779,382,382,0
22780,132,132,0
22781,236,235,1
22782,368,368,0
22783,620,616,4
22784,947,947,0
22785,215,214,1
22786,228,227,1
22787,64,63,1
22788,296,294,2
22789,121,121,0
22790,206,204,2
22791,109,109,0
22792,204,204,0
22793,189,188,1
22794,549,549,0
22795,547,547,0
22796,330,330,0
22797,154,152,2
22798,301,301,0
22799,164,164,0
22800,196,196,0
22801,133,133,0
22802,340,340,0
22803,264,263,1
22804,788,787,1
22805,474,472,2
22806,203,203,0
22807,96,96,0
22808,149,149,0
22809,177,177,0
22810,176,174,2
22811,132,131,1
22812,143,143,0
22813,146,145,1
22814,297,296,1
22815,320,320,0
22816,109,109,0
22817,361,360,1
22818,121,120,1
22819,573,567,6
22820,122,121,1
22821,99,97,2
22822,305,304,1
22823,64,64,0
22824,129,129,0
22825,252,252,0
22826,332,331,1
22827,189,189,0
22828,354,353,1
22829,444,444,0
22830,139,139,0
22831,88,88,0
22832,222,222,0
22833,111,111,0
22834,51,51,0
22835,119,118,1
22836,86,84,2
22837,116,116,0
22838,496,495,1
22839,161,161,0
22840,357,357,0
22841,216,216,0
22842,190,190,0
22843,98,97,1
22844,139,139,0
22845,207,207,0
22846,62,62,0
22847,107,107,0
22848,57,57,0
22849,172,172,0
22850,102,102,0
22851,145,145,0
22852,343,340,3
22853,233,232,1
22854,209,209,0
22855,356,356,0
22856,255,255,0
22857,111,111,0
22858,96,96,0
22859,346,346,0
22860,409,408,1
22861,63,63,0
22862,130,130,0
22863,682,679,3
22864,127,127,0
22865,139,139,0
22866,75,75,0
22867,364,363,1
22868,183,181,2
22869,174,174,0
22870,929,928,1
22871,522,521,1
22872,250,249,1
22873,212,212,0
22874,183,182,1
22875,166,166,0
22876,296,294,2
22877,224,224,0
22878,421,418,3
22879,138,138,0
22880,132,132,0
22881,314,314,0
22882,761,759,2
22883,94,93,1
22884,313,313,0
22885,132,132,0
22886,101,101,0
22887,176,176,0
22888,118,118,0
22889,285,285,0
22890,137,137,0
22891,160,160,0
22892,157,157,0
22893,190,190,0
22894,152,152,0
22895,176,174,2
22896,84,83,1
22897,315,313,2
22898,822,821,1
22899,153,153,0
22900,126,125,1
22901,251,250,1
22902,214,214,0
22903,222,222,0
22904,202,202,0
22905,134,133,1
22906,52,52,0
22907,98,98,0
22908,196,193,3
22909,211,211,0
22910,69,69,0
22911,141,141,0
22912,140,140,0
22913,81,80,1
22914,245,245,0
22915,127,125,2
22916,126,125,1
22917,393,393,0
22918,577,577,0
22919,84,83,1
22920,511,510,1
22921,83,83,0
22922,158,158,0
22923,72,70,2
22924,622,622,0
22925,155,155,0
22926,327,327,0
22927,61,61,0
22928,44,44,0
22929,190,190,0
22930,510,510,0
22931,257,256,1
22932,113,111,2
22933,169,167,2
22934,149,149,0
22935,136,136,0
22936,157,157,0
22937,122,122,0
22938,181,179,2
22939,165,164,1
22940,120,120,0
22941,122,118,4
22942,129,127,2
22943,120,119,1
22944,187,185,2
22945,107,107,0
22946,351,351,0
22947,111,110,1
22948,137,137,0
22949,143,142,1
22950,125,123,2
22951,858,854,4
22952,130,130,0
22953,69,69,0
22954,873,868,5
22955,125,125,0
22956,154,154,0
22957,87,85,2
22958,246,244,2
22959,163,163,0
22960,182,182,0
22961,255,255,0
22962,200,199,1
22963,852,851,1
22964,764,761,3
22965,304,302,2
22966,127,126,1
22967,995,995,0
22968,113,112,1
22969,148,148,0
22970,444,444,0
22971,117,117,0
22972,465,465,0
22973,237,235,2
22974,245,245,0
22975,150,147,3
22976,168,168,0
22977,115,115,0
22978,244,244,0
22979,46,45,1
22980,156,155,1
22981,200,200,0
22982,139,139,0
22983,127,127,0
22984,147,147,0
22985,286,283,3
22986,456,456,0
22987,221,220,1
22988,447,446,1
22989,462,459,3
22990,174,172,2
22991,288,288,0
22992,164,164,0
22993,197,197,0
22994,423,422,1
22995,372,371,1
22996,365,360,5
22997,109,109,0
22998,71,71,0
22999,129,129,0
23000,114,114,0
23001,113,113,0
23002,229,219,10
23003,39,38,1
23004,379,379,0
23005,86,82,4
23006,134,134,0
23007,418,418,0
23008,219,216,3
23009,207,207,0
23010,98,98,0
23011,381,379,2
23012,328,325,3
23013,158,145,13
23014,146,146,0
23015,481,480,1
23016,204,204,0
23017,489,487,2
23018,851,849,2
23019,131,131,0
23020,152,151,1
23021,245,245,0
23022,615,615,0
23023,189,189,0
23024,219,217,2
23025,256,255,1
23026,118,118,0
23027,143,143,0
23028,314,313,1
23029,136,136,0
23030,198,198,0
23031,465,465,0
23032,232,231,1
23033,604,600,4
23034,299,299,0
23035,173,173,0
23036,140,140,0
23037,333,332,1
23038,461,459,2
23039,120,120,0
23040,147,146,1
23041,221,217,4
23042,103,102,1
23043,158,158,0
23044,154,154,0
23045,126,126,0
23046,200,200,0
23047,176,176,0
23048,296,294,2
23049,192,192,0
23050,186,183,3
23051,117,117,0
23052,114,112,2
23053,233,230,3
23054,206,206,0
23055,172,172,0
23056,407,404,3
23057,147,146,1
23058,141,141,0
23059,123,123,0
23060,76,74,2
23061,126,125,1
23062,220,220,0
23063,178,176,2
23064,508,506,2
23065,30,30,0
23066,195,195,0
23067,120,120,0
23068,117,116,1
23069,173,173,0
23070,146,143,3
23071,184,184,0
23072,118,117,1
23073,288,288,0
23074,162,162,0
23075,361,359,2
23076,58,58,0
23077,123,122,1
23078,632,630,2
23079,433,433,0
23080,158,158,0
23081,284,282,2
23082,251,246,5
23083,132,129,3
23084,130,129,1
23085,439,439,0
23086,176,176,0
23087,150,150,0
23088,124,123,1
23089,115,115,0
23090,216,216,0
23091,278,278,0
23092,397,396,1
23093,223,223,0
23094,319,318,1
23095,179,176,3
23096,245,240,5
23097,142,141,1
23098,193,193,0
23099,224,223,1
23100,70,70,0
23101,426,426,0
23102,659,656,3
23103,125,125,0
23104,175,175,0
23105,251,251,0
23106,145,145,0
23107,72,72,0
23108,91,90,1
23109,113,112,1
23110,140,140,0
23111,125,125,0
23112,137,137,0
23113,198,196,2
23114,200,200,0
23115,250,246,4
23116,150,147,3
23117,140,138,2
23118,194,193,1
23119,163,162,1
23120,406,406,0
23121,100,100,0
23122,164,164,0
23123,97,97,0
23124,253,252,1
23125,123,122,1
23126,498,497,1
23127,266,266,0
23128,153,148,5
23129,125,124,1
23130,183,183,0
23131,117,117,0
23132,505,505,0
23133,166,166,0
23134,491,491,0
23135,293,292,1
23136,346,345,1
23137,146,145,1
23138,142,142,0
23139,441,441,0
23140,131,131,0
23141,173,173,0
23142,414,414,0
23143,425,425,0
23144,343,343,0
23145,467,462,5
23146,422,422,0
23147,186,185,1
23148,113,113,0
23149,131,129,2
23150,193,192,1
23151,256,255,1
23152,105,103,2
23153,127,127,0
23154,143,142,1
23155,115,115,0
23156,135,135,0
23157,340,337,3
23158,166,166,0
23159,369,367,2
23160,144,144,0
23161,127,127,0
23162,126,126,0
23163,161,161,0
23164,119,119,0
23165,205,205,0
23166,121,120,1
23167,133,133,0
23168,135,135,0
23169,195,193,2
23170,311,310,1
23171,162,162,0
23172,206,205,1
23173,174,173,1
23174,276,276,0
23175,127,127,0
23176,151,150,1
23177,377,377,0
23178,562,556,6
23179,155,155,0
23180,140,140,0
23181,78,77,1
23182,113,113,0
23183,181,180,1
23184,110,109,1
23185,257,257,0
23186,257,257,0
23187,86,85,1
23188,657,655,2
23189,200,199,1
23190,132,128,4
23191,190,190,0
23192,114,113,1
23193,505,503,2
23194,196,195,1
23195,211,211,0
23196,145,145,0
23197,248,247,1
23198,303,303,0
23199,128,128,0
23200,268,268,0
23201,123,122,1
23202,282,282,0
23203,270,270,0
23204,101,100,1
23205,276,276,0
23206,225,225,0
23207,300,300,0
23208,55,54,1
23209,840,833,7
23210,443,442,1
23211,202,200,2
23212,499,499,0
23213,191,191,0
23214,135,135,0
23215,361,361,0
23216,153,153,0
23217,987,982,5
23218,263,260,3
23219,186,186,0
23220,137,136,1
23221,481,479,2
23222,81,81,0
23223,182,181,1
23224,135,134,1
23225,132,132,0
23226,385,383,2
23227,319,319,0
23228,145,144,1
23229,58,58,0
23230,398,398,0
23231,84,82,2
23232,87,87,0
23233,376,376,0
23234,192,192,0
23235,369,362,7
23236,830,828,2
23237,79,77,2
23238,116,116,0
23239,134,134,0
23240,288,284,4
23241,253,253,0
23242,236,236,0
23243,259,258,1
23244,74,73,1
23245,830,828,2
23246,925,920,5
23247,411,411,0
23248,382,381,1
23249,101,101,0
23250,391,387,4
23251,339,339,0
23252,224,223,1
23253,153,153,0
23254,137,137,0
23255,674,674,0
23256,408,404,4
23257,229,227,2
23258,221,219,2
23259,92,89,3
23260,62,62,0
23261,204,204,0
23262,198,197,1
23263,195,195,0
23264,561,561,0
23265,320,319,1
23266,477,477,0
23267,125,121,4
23268,343,339,4
23269,156,155,1
23270,589,588,1
23271,232,230,2
23272,117,114,3
23273,483,481,2
23274,903,901,2
23275,136,135,1
23276,64,64,0
23277,251,250,1
23278,159,159,0
23279,286,284,2
23280,213,212,1
23281,125,125,0
23282,157,153,4
23283,105,105,0
23284,117,117,0
23285,296,295,1
23286,261,261,0
23287,257,257,0
23288,175,175,0
23289,125,125,0
23290,124,124,0
23291,115,112,3
23292,286,286,0
23293,191,190,1
23294,98,97,1
23295,161,161,0
23296,118,118,0
23297,90,89,1
23298,79,79,0
23299,195,194,1
23300,47,47,0
23301,119,119,0
23302,52,51,1
23303,155,155,0
23304,192,192,0
23305,201,197,4
23306,206,206,0
23307,157,156,1
23308,301,300,1
23309,200,199,1
23310,216,214,2
23311,204,200,4
23312,191,191,0
23313,584,584,0
23314,156,156,0
23315,131,131,0
23316,170,168,2
23317,169,169,0
23318,463,462,1
23319,122,118,4
23320,198,195,3
23321,163,163,0
23322,139,137,2
23323,112,112,0
23324,237,237,0
23325,191,187,4
23326,548,547,1
23327,285,285,0
23328,327,321,6
23329,516,516,0
23330,125,124,1
23331,463,462,1
23332,238,238,0
23333,472,457,15
23334,97,97,0
23335,110,110,0
23336,163,163,0
23337,705,693,12
23338,133,133,0
23339,155,155,0
23340,93,93,0
23341,122,122,0
23342,332,332,0
23343,246,246,0
23344,198,195,3
23345,140,140,0
23346,80,80,0
23347,67,67,0
23348,131,131,0
23349,125,125,0
23350,140,140,0
23351,233,232,1
23352,135,135,0
23353,61,61,0
23354,433,429,4
23355,129,129,0
23356,335,334,1
23357,31,31,0
23358,41,41,0
23359,970,967,3
23360,35,35,0
23361,542,541,1
23362,211,211,0
23363,299,299,0
23364,176,176,0
23365,140,139,1
23366,421,421,0
23367,99,98,1
23368,239,239,0
23369,535,534,1
23370,50,49,1
23371,162,162,0
23372,298,298,0
23373,51,51,0
23374,51,51,0
23375,308,303,5
23376,137,137,0
23377,178,174,4
23378,450,449,1
23379,142,141,1
23380,146,146,0
23381,148,148,0
23382,444,444,0
23383,330,329,1
23384,134,134,0
23385,716,711,5
23386,336,336,0
23387,202,201,1
23388,458,455,3
23389,164,162,2
23390,273,272,1
23391,186,186,0
23392,112,112,0
23393,375,375,0
23394,271,271,0
23395,308,307,1
23396,250,250,0
23397,847,841,6
23398,134,134,0
23399,333,332,1
23400,178,178,0
23401,237,229,8
23402,95,95,0
23403,116,116,0
23404,122,121,1
23405,581,577,4
23406,97,97,0
23407,86,85,1
23408,221,221,0
23409,217,217,0
23410,230,228,2
23411,88,88,0
23412,182,181,1
23413,193,192,1
23414,819,810,9
23415,108,106,2
23416,104,102,2
23417,299,298,1
23418,143,141,2
23419,378,375,3
23420,347,347,0
23421,544,542,2
23422,73,72,1
23423,369,368,1
23424,129,129,0
23425,41,41,0
23426,170,170,0
23427,130,130,0
23428,528,527,1
23429,240,239,1
23430,265,265,0
23431,164,164,0
23432,199,198,1
23433,237,235,2
23434,129,129,0
23435,998,997,1
23436,568,567,1
23437,217,217,0
23438,190,190,0
23439,43,42,1
23440,65,64,1
23441,195,195,0
23442,360,360,0
23443,857,857,0
23444,88,88,0
23445,207,207,0
23446,202,202,0
23447,387,385,2
23448,230,229,1
23449,138,137,1
23450,232,232,0
23451,443,441,2
23452,229,229,0
23453,105,104,1
23454,767,763,4
23455,60,60,0
23456,410,410,0
23457,69,69,0
23458,295,292,3
23459,132,132,0
23460,115,115,0
23461,52,52,0
23462,155,155,0
23463,126,125,1
23464,49,49,0
23465,104,103,1
23466,249,246,3
23467,146,146,0
23468,179,179,0
23469,134,134,0
23470,209,206,3
23471,159,159,0
23472,165,165,0
23473,153,153,0
23474,129,129,0
23475,166,166,0
23476,167,164,3
23477,338,338,0
23478,89,86,3
23479,140,140,0
23480,418,417,1
23481,102,102,0
23482,163,162,1
23483,63,63,0
23484,194,194,0
23485,128,128,0
23486,54,53,1
23487,232,232,0
23488,239,236,3
23489,488,486,2
23490,169,169,0
23491,150,149,1
23492,159,158,1
23493,246,246,0
23494,129,128,1
23495,130,129,1
23496,149,149,0
23497,141,141,0
23498,231,229,2
23499,129,129,0
23500,130,130,0
23501,129,127,2
23502,248,248,0
23503,115,113,2
23504,118,114,4
23505,163,163,0
23506,434,434,0
23507,371,371,0
23508,141,141,0
23509,105,105,0
23510,132,131,1
23511,154,154,0
23512,126,125,1
23513,303,299,4
23514,172,171,1
23515,164,163,1
23516,149,148,1
23517,103,103,0
23518,261,261,0
23519,404,402,2
23520,409,407,2
23521,817,816,1
23522,211,201,10
23523,151,144,7
23524,822,822,0
23525,184,184,0
23526,601,600,1
23527,75,75,0
23528,139,139,0
23529,198,198,0
23530,689,689,0
23531,184,183,1
23532,284,283,1
23533,537,535,2
23534,173,173,0
23535,334,334,0
23536,153,152,1
23537,165,165,0
23538,374,374,0
23539,128,127,1
23540,146,145,1
23541,223,223,0
23542,151,150,1
23543,126,126,0
23544,129,129,0
23545,142,142,0
23546,136,136,0
23547,120,120,0
23548,132,132,0
23549,340,340,0
23550,91,91,0
23551,127,127,0
23552,390,390,0
23553,166,165,1
23554,132,132,0
23555,70,70,0
23556,187,187,0
23557,387,387,0
23558,211,211,0
23559,91,91,0
23560,152,152,0
23561,199,196,3
23562,170,169,1
23563,171,171,0
23564,253,252,1
23565,209,208,1
23566,177,175,2
23567,270,269,1
23568,544,543,1
23569,131,131,0
23570,158,157,1
23571,247,246,1
23572,111,111,0
23573,227,225,2
23574,185,185,0
23575,109,109,0
23576,192,190,2
23577,129,128,1
23578,97,97,0
23579,173,171,2
23580,81,80,1
23581,394,391,3
23582,610,607,3
23583,318,316,2
23584,347,347,0
23585,79,79,0
23586,182,182,0
23587,169,168,1
23588,455,452,3
23589,129,129,0
23590,98,98,0
23591,646,642,4
23592,101,101,0
23593,231,229,2
23594,569,569,0
23595,668,666,2
23596,230,230,0
23597,51,51,0
23598,186,184,2
23599,157,157,0
23600,117,116,1
23601,319,319,0
23602,427,424,3
23603,166,166,0
23604,106,105,1
23605,172,172,0
23606,126,125,1
23607,122,122,0
23608,103,100,3
23609,14,14,0
23610,221,218,3
23611,135,135,0
23612,144,144,0
23613,129,126,3
23614,131,131,0
23615,141,139,2
23616,211,209,2
23617,76,76,0
23618,92,92,0
23619,56,56,0
23620,478,478,0
23621,92,92,0
23622,489,488,1
23623,126,126,0
23624,194,191,3
23625,282,280,2
23626,375,375,0
23627,276,269,7
23628,124,124,0
23629,324,319,5
23630,189,188,1
23631,150,150,0
23632,146,142,4
23633,203,203,0
23634,189,188,1
23635,202,198,4
23636,201,201,0
23637,169,169,0
23638,140,140,0
23639,201,201,0
23640,208,208,0
23641,130,130,0
23642,117,117,0
23643,313,310,3
23644,439,438,1
23645,717,717,0
23646,148,148,0
23647,141,141,0
23648,204,200,4
23649,426,423,3
23650,149,149,0
23651,318,318,0
23652,146,146,0
23653,149,149,0
23654,81,81,0
23655,330,329,1
23656,138,138,0
23657,265,265,0
23658,284,281,3
23659,190,190,0
23660,253,249,4
23661,131,131,0
23662,217,217,0
23663,266,266,0
23664,391,386,5
23665,139,139,0
23666,121,120,1
23667,383,383,0
23668,206,205,1
23669,236,236,0
23670,196,196,0
23671,52,52,0
23672,143,143,0
23673,75,75,0
23674,325,325,0
23675,306,306,0
23676,211,210,1
23677,120,120,0
23678,250,250,0
23679,151,150,1
23680,53,53,0
23681,381,375,6
23682,370,370,0
23683,125,125,0
23684,382,381,1
23685,176,174,2
23686,273,273,0
23687,312,312,0
23688,172,170,2
23689,299,298,1
23690,319,318,1
23691,515,515,0
23692,155,155,0
23693,132,132,0
23694,278,278,0
23695,174,174,0
23696,449,449,0
23697,135,134,1
23698,78,78,0
23699,143,141,2
23700,286,286,0
23701,142,141,1
23702,163,163,0
23703,127,127,0
23704,167,167,0
23705,402,399,3
23706,545,545,0
23707,216,216,0
23708,189,189,0
23709,158,158,0
23710,264,263,1
23711,141,141,0
23712,318,318,0
23713,542,539,3
23714,176,175,1
23715,136,136,0
23716,87,87,0
23717,154,152,2
23718,268,266,2
23719,260,259,1
23720,492,491,1
23721,172,171,1
23722,568,566,2
23723,346,346,0
23724,219,218,1
23725,125,124,1
23726,245,245,0
23727,340,340,0
23728,66,66,0
23729,265,264,1
23730,361,358,3
23731,150,150,0
23732,319,319,0
23733,245,242,3
23734,467,467,0
23735,241,241,0
23736,147,147,0
23737,933,924,9
23738,217,212,5
23739,178,178,0
23740,128,128,0
23741,185,181,4
23742,201,200,1
23743,187,184,3
23744,106,106,0
23745,61,61,0
23746,108,107,1
23747,105,105,0
23748,392,391,1
23749,63,63,0
23750,123,123,0
23751,151,150,1
23752,212,212,0
23753,352,352,0
23754,74,74,0
23755,292,291,1
23756,171,171,0
23757,167,167,0
23758,78,78,0
23759,410,408,2
23760,261,260,1
23761,67,67,0
23762,153,153,0
23763,410,410,0
23764,208,208,0
23765,213,211,2
23766,338,330,8
23767,149,148,1
23768,301,297,4
23769,191,187,4
23770,547,545,2
23771,130,130,0
23772,232,232,0
23773,335,334,1
23774,108,108,0
23775,135,135,0
23776,123,123,0
23777,103,103,0
23778,237,237,0
23779,469,469,0
23780,70,70,0
23781,277,275,2
23782,432,432,0
23783,51,51,0
23784,214,214,0
23785,141,141,0
23786,325,325,0
23787,453,452,1
23788,203,203,0
23789,593,587,6
23790,147,147,0
23791,307,307,0
23792,171,171,0
23793,334,333,1
23794,169,167,2
23795,108,108,0
23796,266,265,1
23797,296,296,0
23798,307,307,0
23799,116,115,1
23800,179,179,0
23801,217,211,6
23802,207,207,0
23803,173,173,0
23804,136,136,0
23805,217,217,0
23806,312,311,1
23807,513,513,0
23808,152,151,1
23809,1014,1012,2
23810,604,599,5
23811,773,773,0
23812,313,311,2
23813,585,582,3
23814,180,177,3
23815,948,948,0
23816,1118,1115,3
23817,245,245,0
23818,103,101,2
23819,231,231,0
23820,184,184,0
23821,430,428,2
23822,118,117,1
23823,421,421,0
23824,201,197,4
23825,168,168,0
23826,168,168,0
23827,137,136,1
23828,214,214,0
23829,145,144,1
23830,244,244,0
23831,195,195,0
23832,226,226,0
23833,337,333,4
23834,572,572,0
23835,619,614,5
23836,177,177,0
23837,155,155,0
23838,129,129,0
23839,347,346,1
23840,398,398,0
23841,128,128,0
23842,448,447,1
23843,185,184,1
23844,186,185,1
23845,138,138,0
23846,151,151,0
23847,241,241,0
23848,174,174,0
23849,196,196,0
23850,128,127,1
23851,338,337,1
23852,116,115,1
23853,155,155,0
23854,348,348,0
23855,390,387,3
23856,54,54,0
23857,42,42,0
23858,100,100,0
23859,90,90,0
23860,111,110,1
23861,106,106,0
23862,118,116,2
23863,294,293,1
23864,169,169,0
23865,129,127,2
23866,138,136,2
23867,148,148,0
23868,145,145,0
23869,698,698,0
23870,130,130,0
23871,215,215,0
23872,118,118,0
23873,246,245,1
23874,375,374,1
23875,99,99,0
23876,440,438,2
23877,46,46,0
23878,165,165,0
23879,110,110,0
23880,128,127,1
23881,142,141,1
23882,130,129,1
23883,283,281,2
23884,133,132,1
23885,198,196,2
23886,638,634,4
23887,225,224,1
23888,140,140,0
23889,69,69,0
23890,182,181,1
23891,130,130,0
23892,437,435,2
23893,73,73,0
23894,170,170,0
23895,285,284,1
23896,124,124,0
23897,100,100,0
23898,304,304,0
23899,517,516,1
23900,548,548,0
23901,113,113,0
23902,176,176,0
23903,127,127,0
23904,108,107,1
23905,161,159,2
23906,152,152,0
23907,140,140,0
23908,188,188,0
23909,352,350,2
23910,57,57,0
23911,122,122,0
23912,34,34,0
23913,488,482,6
23914,340,340,0
23915,264,263,1
23916,92,91,1
23917,229,228,1
23918,132,132,0
23919,288,287,1
23920,155,155,0
23921,392,392,0
23922,130,130,0
23923,183,183,0
23924,161,160,1
23925,375,371,4
23926,203,203,0
23927,172,171,1
23928,142,142,0
23929,450,448,2
23930,141,141,0
23931,90,90,0
23932,162,162,0
23933,150,150,0
23934,122,122,0
23935,162,161,1
23936,156,156,0
23937,310,309,1
23938,126,126,0
23939,133,133,0
23940,130,130,0
23941,194,194,0
23942,131,131,0
23943,199,199,0
23944,197,196,1
23945,234,232,2
23946,304,304,0
23947,246,243,3
23948,188,187,1
23949,279,279,0
23950,357,355,2
23951,55,55,0
23952,435,434,1
23953,107,105,2
23954,181,181,0
23955,302,300,2
23956,137,137,0
23957,132,132,0
23958,232,225,7
23959,209,205,4
23960,342,342,0
23961,120,118,2
23962,274,274,0
23963,69,69,0
23964,681,679,2
23965,128,128,0
23966,385,384,1
23967,183,182,1
23968,117,117,0
23969,100,100,0
23970,197,196,1
23971,212,211,1
23972,179,179,0
23973,87,87,0
23974,106,106,0
23975,150,150,0
23976,109,108,1
23977,156,155,1
23978,545,545,0
23979,137,136,1
23980,143,143,0
23981,130,128,2
23982,236,235,1
23983,379,372,7
23984,167,165,2
23985,216,216,0
23986,166,165,1
23987,100,100,0
23988,120,120,0
23989,119,119,0
23990,299,299,0
23991,107,107,0
23992,236,235,1
23993,789,786,3
23994,179,179,0
23995,145,144,1
23996,195,194,1
23997,224,224,0
23998,85,85,0
23999,301,299,2
24000,303,301,2
24001,98,98,0
24002,145,145,0
24003,464,463,1
24004,270,268,2
24005,256,253,3
24006,268,267,1
24007,144,142,2
24008,162,162,0
24009,286,285,1
24010,100,99,1
24011,208,208,0
24012,508,507,1
24013,133,133,0
24014,157,157,0
24015,211,210,1
24016,137,135,2
24017,407,407,0
24018,214,214,0
24019,127,126,1
24020,122,122,0
24021,125,125,0
24022,29,29,0
24023,85,85,0
24024,22,22,0
24025,112,112,0
24026,207,206,1
24027,276,276,0
24028,46,46,0
24029,271,269,2
24030,297,296,1
24031,148,148,0
24032,188,186,2
24033,361,361,0
24034,562,561,1
24035,276,275,1
24036,225,223,2
24037,179,178,1
24038,279,278,1
24039,481,481,0
24040,281,280,1
24041,866,866,0
24042,113,113,0
24043,143,142,1
24044,130,130,0
24045,419,419,0
24046,534,532,2
24047,162,162,0
24048,200,200,0
24049,262,259,3
24050,322,319,3
24051,559,558,1
24052,119,118,1
24053,152,152,0
24054,145,141,4
24055,667,667,0
24056,776,775,1
24057,661,660,1
24058,285,283,2
24059,159,159,0
24060,130,130,0
24061,162,162,0
24062,212,212,0
24063,162,162,0
24064,116,116,0
24065,49,49,0
24066,193,190,3
24067,281,281,0
24068,180,180,0
24069,117,117,0
24070,234,234,0
24071,148,147,1
24072,586,585,1
24073,491,488,3
24074,344,341,3
24075,91,91,0
24076,140,140,0
24077,348,348,0
24078,61,61,0
24079,152,152,0
24080,261,260,1
24081,93,92,1
24082,103,103,0
24083,91,91,0
24084,115,115,0
24085,103,103,0
24086,452,447,5
24087,340,338,2
24088,500,499,1
24089,314,314,0
24090,69,69,0
24091,642,642,0
24092,129,129,0
24093,166,166,0
24094,349,349,0
24095,182,182,0
24096,217,217,0
24097,292,291,1
24098,745,737,8
24099,146,146,0
24100,179,179,0
24101,233,233,0
24102,1344,1343,1
24103,229,229,0
24104,764,756,8
24105,221,221,0
24106,545,545,0
24107,908,907,1
24108,417,417,0
24109,179,179,0
24110,156,156,0
24111,107,107,0
24112,116,116,0
24113,148,148,0
24114,270,269,1
24115,132,132,0
24116,59,57,2
24117,144,144,0
24118,203,203,0
24119,121,120,1
24120,585,585,0
24121,272,272,0
24122,73,72,1
24123,193,192,1
24124,79,79,0
24125,245,244,1
24126,118,118,0
24127,177,177,0
24128,386,384,2
24129,267,267,0
24130,579,578,1
24131,417,413,4
24132,90,88,2
24133,111,111,0
24134,183,182,1
24135,232,232,0
24136,71,71,0
24137,395,392,3
24138,88,88,0
24139,134,134,0
24140,372,372,0
24141,158,158,0
24142,182,182,0
24143,187,187,0
24144,294,294,0
24145,203,202,1
24146,59,59,0
24147,48,48,0
24148,73,72,1
24149,66,65,1
24150,175,175,0
24151,200,200,0
24152,176,176,0
24153,164,161,3
24154,186,186,0
24155,243,240,3
24156,721,721,0
24157,250,249,1
24158,180,180,0
24159,360,360,0
24160,68,68,0
24161,207,207,0
24162,175,175,0
24163,57,57,0
24164,141,139,2
24165,94,93,1
24166,53,52,1
24167,77,77,0
24168,124,124,0
24169,235,233,2
24170,373,372,1
24171,463,456,7
24172,138,137,1
24173,68,66,2
24174,109,109,0
24175,117,117,0
24176,118,118,0
24177,144,144,0
24178,428,426,2
24179,232,230,2
24180,256,255,1
24181,261,257,4
24182,130,130,0
24183,483,483,0
24184,86,86,0
24185,748,740,8
24186,148,148,0
24187,174,174,0
24188,648,644,4
24189,186,185,1
24190,800,800,0
24191,166,164,2
24192,142,140,2
24193,206,206,0
24194,209,209,0
24195,138,138,0
24196,251,249,2
24197,128,128,0
24198,172,172,0
24199,126,126,0
24200,380,377,3
24201,68,68,0
24202,127,126,1
24203,72,72,0
24204,113,113,0
24205,124,123,1
24206,337,335,2
24207,182,182,0
24208,197,197,0
24209,89,89,0
24210,366,364,2
24211,237,237,0
24212,223,221,2
24213,655,650,5
24214,171,170,1
24215,339,338,1
24216,353,352,1
24217,64,64,0
24218,44,44,0
24219,224,224,0
24220,136,135,1
24221,128,127,1
24222,217,216,1
24223,390,387,3
24224,185,185,0
24225,245,245,0
24226,131,131,0
24227,156,156,0
24228,209,208,1
24229,262,262,0
24230,154,154,0
24231,257,257,0
24232,504,503,1
24233,141,140,1
24234,122,122,0
24235,167,167,0
24236,131,131,0
24237,347,347,0
24238,195,194,1
24239,498,498,0
24240,281,278,3
24241,221,221,0
24242,184,184,0
24243,59,59,0
24244,127,126,1
24245,124,124,0
24246,323,321,2
24247,304,303,1
24248,140,138,2
24249,128,128,0
24250,238,238,0
24251,142,142,0
24252,433,431,2
24253,111,111,0
24254,204,204,0
24255,106,106,0
24256,156,156,0
24257,142,141,1
24258,153,152,1
24259,119,119,0
24260,173,171,2
24261,137,137,0
24262,373,372,1
24263,284,284,0
24264,164,164,0
24265,134,134,0
24266,90,89,1
24267,343,342,1
24268,269,269,0
24269,438,434,4
24270,158,158,0
24271,372,372,0
24272,102,102,0
24273,128,128,0
24274,246,246,0
24275,220,219,1
24276,124,124,0
24277,264,264,0
24278,141,141,0
24279,175,175,0
24280,257,256,1
24281,165,164,1
24282,165,165,0
24283,129,127,2
24284,185,185,0
24285,130,130,0
24286,134,133,1
24287,412,412,0
24288,158,158,0
24289,153,153,0
24290,193,193,0
24291,123,123,0
24292,858,857,1
24293,717,712,5
24294,172,172,0
24295,448,447,1
24296,338,337,1
24297,125,125,0
24298,462,462,0
24299,117,117,0
24300,471,469,2
24301,286,283,3
24302,159,159,0
24303,141,140,1
24304,98,98,0
24305,188,187,1
24306,51,51,0
24307,84,82,2
24308,158,156,2
24309,564,564,0
24310,112,112,0
24311,187,186,1
24312,47,47,0
24313,160,159,1
24314,151,150,1
24315,290,289,1
24316,252,251,1
24317,265,265,0
24318,188,186,2
24319,249,249,0
24320,56,56,0
24321,455,453,2
24322,44,44,0
24323,161,160,1
24324,155,151,4
24325,376,376,0
24326,411,409,2
24327,85,85,0
24328,698,696,2
24329,379,378,1
24330,123,122,1
24331,243,240,3
24332,389,388,1
24333,83,83,0
24334,124,123,1
24335,148,148,0
24336,77,77,0
24337,139,138,1
24338,90,90,0
24339,532,529,3
24340,129,129,0
24341,628,626,2
24342,185,184,1
24343,178,177,1
24344,188,188,0
24345,401,400,1
24346,146,146,0
24347,188,187,1
24348,259,257,2
24349,160,160,0
24350,266,265,1
24351,992,991,1
24352,145,145,0
24353,207,207,0
24354,105,104,1
24355,121,121,0
24356,129,127,2
24357,119,119,0
24358,564,560,4
24359,127,127,0
24360,189,189,0
24361,118,117,1
24362,214,214,0
24363,299,299,0
24364,431,431,0
24365,226,225,1
24366,132,132,0
24367,144,144,0
24368,362,362,0
24369,437,437,0
24370,250,250,0
24371,287,287,0
24372,304,303,1
24373,144,144,0
24374,308,308,0
24375,408,408,0
24376,153,153,0
24377,471,470,1
24378,197,197,0
24379,222,222,0
24380,920,920,0
24381,129,128,1
24382,155,155,0
24383,75,75,0
24384,234,234,0
24385,110,109,1
24386,313,313,0
24387,184,184,0
24388,139,138,1
24389,122,121,1
24390,132,132,0
24391,153,152,1
24392,142,142,0
24393,219,218,1
24394,526,524,2
24395,204,202,2
24396,253,253,0
24397,129,128,1
24398,606,601,5
24399,163,160,3
24400,131,131,0
24401,278,278,0
24402,125,125,0
24403,167,167,0
24404,177,177,0
24405,134,134,0
24406,102,101,1
24407,144,144,0
24408,125,125,0
24409,174,174,0
24410,405,405,0
24411,250,249,1
24412,342,341,1
24413,56,56,0
24414,249,247,2
24415,113,113,0
24416,131,131,0
24417,123,123,0
24418,199,197,2
24419,146,144,2
24420,213,212,1
24421,62,61,1
24422,198,195,3
24423,130,129,1
24424,53,53,0
24425,308,307,1
24426,337,336,1
24427,552,550,2
24428,153,153,0
24429,326,326,0
24430,476,474,2
24431,116,116,0
24432,132,132,0
24433,140,140,0
24434,140,135,5
24435,208,208,0
24436,121,120,1
24437,197,195,2
24438,113,113,0
24439,162,161,1
24440,123,122,1
24441,136,135,1
24442,152,152,0
24443,178,177,1
24444,205,201,4
24445,356,356,0
24446,137,137,0
24447,391,360,31
24448,178,175,3
24449,201,200,1
24450,75,73,2
24451,132,131,1
24452,64,64,0
24453,55,54,1
24454,275,273,2
24455,113,113,0
24456,217,217,0
24457,73,73,0
24458,128,127,1
24459,147,145,2
24460,282,282,0
24461,169,168,1
24462,239,237,2
24463,109,109,0
24464,800,799,1
24465,278,277,1
24466,325,324,1
24467,119,117,2
24468,221,220,1
24469,150,150,0
24470,67,67,0
24471,340,340,0
24472,133,131,2
24473,140,140,0
24474,163,163,0
24475,131,131,0
24476,205,205,0
24477,127,127,0
24478,139,139,0
24479,207,207,0
24480,595,589,6
24481,81,80,1
24482,136,136,0
24483,148,148,0
24484,719,715,4
24485,121,121,0
24486,192,192,0
24487,227,227,0
24488,60,58,2
24489,348,347,1
24490,172,172,0
24491,266,264,2
24492,134,134,0
24493,249,248,1
24494,114,114,0
24495,143,143,0
24496,164,164,0
24497,138,138,0
24498,534,533,1
24499,126,126,0
24500,173,173,0
24501,111,110,1
24502,119,118,1
24503,165,165,0
24504,753,751,2
24505,116,116,0
24506,200,200,0
24507,140,140,0
24508,260,260,0
24509,244,244,0
24510,131,130,1
24511,288,288,0
24512,124,124,0
24513,955,945,10
24514,287,287,0
24515,120,119,1
24516,154,154,0
24517,142,142,0
24518,46,46,0
24519,470,466,4
24520,142,141,1
24521,349,348,1
24522,1015,1013,2
24523,55,55,0
24524,104,104,0
24525,75,75,0
24526,188,188,0
24527,47,47,0
24528,40,39,1
24529,93,93,0
24530,272,270,2
24531,106,106,0
24532,124,124,0
24533,184,184,0
24534,296,294,2
24535,47,47,0
24536,40,40,0
24537,175,175,0
24538,145,142,3
24539,164,164,0
24540,997,996,1
24541,232,232,0
24542,193,193,0
24543,114,111,3
24544,723,719,4
24545,139,139,0
24546,178,177,1
24547,265,264,1
24548,359,355,4
24549,137,137,0
24550,174,174,0
24551,485,484,1
24552,36,36,0
24553,174,172,2
24554,157,157,0
24555,195,194,1
24556,420,419,1
24557,129,129,0
24558,250,246,4
24559,284,283,1
24560,155,155,0
24561,482,480,2
24562,264,264,0
24563,329,328,1
24564,132,132,0
24565,123,123,0
24566,125,123,2
24567,258,257,1
24568,119,119,0
24569,400,400,0
24570,213,212,1
24571,135,134,1
24572,122,121,1
24573,184,182,2
24574,152,152,0
24575,126,125,1
24576,407,403,4
24577,228,228,0
24578,268,265,3
24579,180,180,0
24580,294,294,0
24581,110,110,0
24582,399,398,1
24583,271,269,2
24584,136,136,0
24585,111,111,0
24586,222,221,1
24587,109,109,0
24588,270,270,0
24589,121,121,0
24590,137,137,0
24591,148,147,1
24592,201,201,0
24593,252,250,2
24594,187,187,0
24595,135,135,0
24596,440,438,2
24597,236,234,2
24598,162,161,1
24599,245,245,0
24600,238,238,0
24601,284,284,0
24602,132,131,1
24603,135,134,1
24604,405,393,12
24605,137,135,2
24606,633,632,1
24607,353,349,4
24608,337,336,1
24609,31,31,0
24610,149,148,1
24611,215,213,2
24612,217,210,7
24613,190,190,0
24614,192,191,1
24615,237,237,0
24616,167,167,0
24617,128,127,1
24618,232,229,3
24619,226,226,0
24620,248,247,1
24621,465,465,0
24622,135,135,0
24623,231,230,1
24624,165,164,1
24625,118,114,4
24626,148,147,1
24627,104,104,0
24628,81,78,3
24629,96,95,1
24630,59,59,0
24631,403,403,0
24632,561,554,7
24633,248,245,3
24634,124,124,0
24635,190,188,2
24636,66,66,0
24637,616,615,1
24638,178,174,4
24639,118,118,0
24640,77,77,0
24641,98,98,0
24642,156,156,0
24643,58,58,0
24644,43,42,1
24645,126,126,0
24646,99,99,0
24647,50,50,0
24648,347,345,2
24649,211,209,2
24650,483,478,5
24651,209,209,0
24652,99,98,1
24653,75,74,1
24654,523,515,8
24655,260,260,0
24656,272,270,2
24657,271,270,1
24658,260,257,3
24659,138,137,1
24660,94,94,0
24661,231,227,4
24662,144,144,0
24663,361,357,4
24664,136,136,0
24665,158,158,0
24666,155,150,5
24667,116,116,0
24668,105,105,0
24669,147,147,0
24670,136,135,1
24671,82,82,0
24672,119,119,0
24673,147,146,1
24674,215,215,0
24675,171,170,1
24676,99,98,1
24677,522,519,3
24678,423,422,1
24679,160,159,1
24680,200,200,0
24681,171,170,1
24682,238,238,0
24683,104,104,0
24684,147,147,0
24685,597,594,3
24686,111,111,0
24687,260,259,1
24688,191,191,0
24689,68,67,1
24690,100,100,0
24691,167,167,0
24692,95,93,2
24693,48,48,0
24694,138,138,0
24695,167,167,0
24696,294,294,0
24697,148,147,1
24698,138,138,0
24699,127,126,1
24700,73,73,0
24701,134,134,0
24702,179,179,0
24703,128,128,0
24704,98,98,0
24705,387,387,0
24706,426,423,3
24707,242,241,1
24708,245,244,1
24709,105,105,0
24710,129,124,5
24711,191,191,0
24712,121,121,0
24713,169,168,1
24714,183,183,0
24715,108,107,1
24716,141,138,3
24717,271,269,2
24718,533,529,4
24719,410,410,0
24720,185,185,0
24721,230,229,1
24722,169,167,2
24723,287,287,0
24724,372,371,1
24725,731,731,0
24726,103,100,3
24727,176,175,1
24728,100,97,3
24729,456,443,13
24730,325,325,0
24731,129,129,0
24732,136,136,0
24733,543,534,9
24734,116,114,2
24735,114,113,1
24736,298,298,0
24737,329,327,2
24738,308,308,0
24739,147,146,1
24740,922,922,0
24741,189,189,0
24742,358,357,1
24743,103,103,0
24744,669,669,0
24745,124,124,0
24746,313,313,0
24747,292,289,3
24748,84,84,0
24749,320,319,1
24750,559,556,3
24751,233,233,0
24752,125,124,1
24753,1014,1010,4
24754,149,149,0
24755,132,132,0
24756,85,85,0
24757,306,298,8
24758,149,149,0
24759,195,195,0
24760,214,213,1
24761,214,212,2
24762,70,70,0
24763,179,179,0
24764,230,230,0
24765,153,151,2
24766,235,235,0
24767,137,137,0
24768,111,110,1
24769,114,114,0
24770,152,151,1
24771,194,194,0
24772,328,328,0
24773,276,272,4
24774,97,97,0
24775,274,273,1
24776,165,165,0
24777,176,175,1
24778,299,299,0
24779,144,144,0
24780,93,93,0
24781,88,88,0
24782,109,109,0
24783,170,170,0
24784,283,283,0
24785,285,284,1
24786,195,195,0
24787,179,179,0
24788,125,125,0
24789,127,126,1
24790,122,122,0
24791,142,142,0
24792,130,130,0
24793,197,197,0
24794,144,144,0
24795,120,120,0
24796,206,206,0
24797,146,145,1
24798,196,196,0
24799,128,128,0
24800,125,125,0
24801,94,94,0
24802,780,778,2
24803,188,188,0
24804,60,59,1
24805,163,163,0
24806,177,175,2
24807,185,185,0
24808,139,139,0
24809,148,147,1
24810,171,171,0
24811,177,177,0
24812,975,975,0
24813,130,130,0
24814,361,361,0
24815,625,624,1
24816,306,306,0
24817,392,390,2
24818,246,246,0
24819,137,137,0
24820,404,404,0
24821,140,140,0
24822,363,362,1
24823,134,133,1
24824,146,146,0
24825,182,179,3
24826,142,142,0
24827,147,147,0
24828,306,306,0
24829,248,248,0
24830,185,184,1
24831,190,188,2
24832,130,130,0
24833,104,103,1
24834,169,166,3
24835,144,144,0
24836,281,278,3
24837,170,170,0
24838,221,217,4
24839,139,139,0
24840,157,156,1
24841,145,145,0
24842,173,173,0
24843,130,130,0
24844,129,128,1
24845,127,127,0
24846,148,148,0
24847,335,335,0
24848,184,183,1
24849,144,144,0
24850,197,197,0
24851,240,239,1
24852,186,186,0
24853,150,149,1
24854,211,211,0
24855,118,118,0
24856,287,286,1
24857,118,118,0
24858,144,142,2
24859,106,106,0
24860,157,157,0
24861,242,242,0
24862,249,249,0
24863,477,475,2
24864,563,560,3
24865,118,118,0
24866,327,326,1
24867,187,186,1
24868,112,111,1
24869,111,110,1
24870,123,120,3
24871,264,263,1
24872,566,566,0
24873,653,652,1
24874,442,442,0
24875,122,122,0
24876,118,117,1
24877,65,65,0
24878,131,130,1
24879,143,143,0
24880,282,282,0
24881,140,140,0
24882,214,211,3
24883,177,176,1
24884,143,143,0
24885,121,121,0
24886,348,347,1
24887,361,359,2
24888,302,300,2
24889,184,184,0
24890,45,45,0
24891,71,71,0
24892,125,125,0
24893,382,382,0
24894,497,495,2
24895,481,481,0
24896,201,201,0
24897,99,98,1
24898,172,172,0
24899,122,122,0
24900,118,118,0
24901,141,141,0
24902,74,74,0
24903,411,411,0
24904,372,370,2
24905,232,230,2
24906,138,138,0
24907,154,154,0
24908,234,234,0
24909,113,112,1
24910,299,299,0
24911,138,138,0
24912,261,258,3
24913,170,170,0
24914,229,227,2
24915,150,150,0
24916,170,169,1
24917,114,112,2
24918,920,917,3
24919,133,132,1
24920,192,192,0
24921,124,123,1
24922,143,143,0
24923,106,105,1
24924,642,638,4
24925,170,168,2
24926,325,324,1
24927,128,128,0
24928,292,289,3
24929,163,163,0
24930,233,233,0
24931,1001,1000,1
24932,168,168,0
24933,76,76,0
24934,109,109,0
24935,222,221,1
24936,42,42,0
24937,96,95,1
24938,991,984,7
24939,197,195,2
24940,63,63,0
24941,150,150,0
24942,124,124,0
24943,212,211,1
24944,329,328,1
24945,306,305,1
24946,161,160,1
24947,101,99,2
24948,144,143,1
24949,161,160,1
24950,552,552,0
24951,122,122,0
24952,123,118,5
24953,260,260,0
24954,144,139,5
24955,211,211,0
24956,394,389,5
24957,221,220,1
24958,193,191,2
24959,232,232,0
24960,198,198,0
24961,48,47,1
24962,101,100,1
24963,122,122,0
24964,266,266,0
24965,496,495,1
24966,437,436,1
24967,81,81,0
24968,142,141,1
24969,86,86,0
24970,213,213,0
24971,151,149,2
24972,261,261,0
24973,201,200,1
24974,34,34,0
24975,505,504,1
24976,113,113,0
24977,74,74,0
24978,59,59,0
24979,81,79,2
24980,63,62,1
24981,131,131,0
24982,132,132,0
24983,51,51,0
24984,86,86,0
24985,129,129,0
24986,351,351,0
24987,219,219,0
24988,497,492,5
24989,271,267,4
24990,780,776,4
24991,555,553,2
24992,53,53,0
24993,201,201,0
24994,241,240,1
24995,285,285,0
24996,154,154,0
24997,303,303,0
24998,231,230,1
24999,143,143,0
